GDC_Aliquot	Chromosome	Start	End	Copy_Number	Major_Copy_Number	Minor_Copy_Number
51034358-c855-496f-96f4-28b8ecad1da1	chr1	13116	69897	2	2	0
51034358-c855-496f-96f4-28b8ecad1da1	chr1	76838	89946	4	2	2
51034358-c855-496f-96f4-28b8ecad1da1	chr1	91515	120393250	2	1	1
51034358-c855-496f-96f4-28b8ecad1da1	chr1	120394317	121742438	2	2	0
51034358-c855-496f-96f4-28b8ecad1da1	chr1	143417573	202196322	2	1	1
51034358-c855-496f-96f4-28b8ecad1da1	chr1	202197369	202296393	3	2	1
51034358-c855-496f-96f4-28b8ecad1da1	chr1	202297419	248945703	2	1	1
51034358-c855-496f-96f4-28b8ecad1da1	chr2	10587	242183243	2	1	1
51034358-c855-496f-96f4-28b8ecad1da1	chr3	18519	198181744	2	1	1
51034358-c855-496f-96f4-28b8ecad1da1	chr4	11961	190122722	2	1	1
51034358-c855-496f-96f4-28b8ecad1da1	chr5	11882	80673	3	2	1
51034358-c855-496f-96f4-28b8ecad1da1	chr5	81853	123763	3	3	0
51034358-c855-496f-96f4-28b8ecad1da1	chr5	125119	13916173	3	2	1
51034358-c855-496f-96f4-28b8ecad1da1	chr5	13918182	109199722	2	1	1
51034358-c855-496f-96f4-28b8ecad1da1	chr5	109200759	109211184	1	1	0
51034358-c855-496f-96f4-28b8ecad1da1	chr5	109212366	181363900	2	1	1
51034358-c855-496f-96f4-28b8ecad1da1	chr6	100116	170740469	2	1	1
51034358-c855-496f-96f4-28b8ecad1da1	chr7	20608	159334386	2	1	1
51034358-c855-496f-96f4-28b8ecad1da1	chr8	61774	31214649	2	1	1
51034358-c855-496f-96f4-28b8ecad1da1	chr8	31217168	34863810	6	5	1
51034358-c855-496f-96f4-28b8ecad1da1	chr8	34865393	34875783	10	8	2
51034358-c855-496f-96f4-28b8ecad1da1	chr8	34876937	35180120	10	9	1
51034358-c855-496f-96f4-28b8ecad1da1	chr8	35181512	36689795	5	4	1
51034358-c855-496f-96f4-28b8ecad1da1	chr8	36691500	84265847	2	1	1
51034358-c855-496f-96f4-28b8ecad1da1	chr8	84267663	86449251	6	5	1
51034358-c855-496f-96f4-28b8ecad1da1	chr8	86450329	110044451	2	1	1
51034358-c855-496f-96f4-28b8ecad1da1	chr8	110045456	111364345	3	2	1
51034358-c855-496f-96f4-28b8ecad1da1	chr8	111365676	111497314	4	3	1
51034358-c855-496f-96f4-28b8ecad1da1	chr8	111499675	112515039	5	4	1
51034358-c855-496f-96f4-28b8ecad1da1	chr8	112517004	113537403	6	5	1
51034358-c855-496f-96f4-28b8ecad1da1	chr8	113539992	119959688	2	1	1
51034358-c855-496f-96f4-28b8ecad1da1	chr8	119962789	119977565	5	3	2
51034358-c855-496f-96f4-28b8ecad1da1	chr8	119978910	120049515	6	5	1
51034358-c855-496f-96f4-28b8ecad1da1	chr8	120050737	122533135	3	2	1
51034358-c855-496f-96f4-28b8ecad1da1	chr8	122534909	125987552	2	1	1
51034358-c855-496f-96f4-28b8ecad1da1	chr8	125988920	126335634	5	4	1
51034358-c855-496f-96f4-28b8ecad1da1	chr8	126337159	129305531	6	5	1
51034358-c855-496f-96f4-28b8ecad1da1	chr8	129306660	131934331	5	4	1
51034358-c855-496f-96f4-28b8ecad1da1	chr8	131935539	132328529	2	1	1
51034358-c855-496f-96f4-28b8ecad1da1	chr8	132329717	132679843	3	2	1
51034358-c855-496f-96f4-28b8ecad1da1	chr8	132680854	132727103	4	2	2
51034358-c855-496f-96f4-28b8ecad1da1	chr8	132729450	145078402	2	1	1
51034358-c855-496f-96f4-28b8ecad1da1	chr9	10469	138256233	2	1	1
51034358-c855-496f-96f4-28b8ecad1da1	chr10	15029	133787009	2	1	1
51034358-c855-496f-96f4-28b8ecad1da1	chr11	87268	201584	2	2	0
51034358-c855-496f-96f4-28b8ecad1da1	chr11	202748	135076424	2	1	1
51034358-c855-496f-96f4-28b8ecad1da1	chr12	11065	56637526	2	1	1
51034358-c855-496f-96f4-28b8ecad1da1	chr12	56639542	57049503	5	4	1
51034358-c855-496f-96f4-28b8ecad1da1	chr12	57050790	62611808	2	1	1
51034358-c855-496f-96f4-28b8ecad1da1	chr12	62612961	63730265	9	8	1
51034358-c855-496f-96f4-28b8ecad1da1	chr12	63731412	65750953	5	4	1
51034358-c855-496f-96f4-28b8ecad1da1	chr12	65752236	65798887	2	1	1
51034358-c855-496f-96f4-28b8ecad1da1	chr12	65800463	65914050	4	2	2
51034358-c855-496f-96f4-28b8ecad1da1	chr12	65916217	66432775	2	1	1
51034358-c855-496f-96f4-28b8ecad1da1	chr12	66433846	67111451	8	7	1
51034358-c855-496f-96f4-28b8ecad1da1	chr12	67112730	67264027	7	6	1
51034358-c855-496f-96f4-28b8ecad1da1	chr12	67265042	68806705	2	1	1
51034358-c855-496f-96f4-28b8ecad1da1	chr12	68808017	68995339	8	7	1
51034358-c855-496f-96f4-28b8ecad1da1	chr12	68996859	70049033	6	5	1
51034358-c855-496f-96f4-28b8ecad1da1	chr12	70050067	70268594	5	4	1
51034358-c855-496f-96f4-28b8ecad1da1	chr12	70269870	70658140	4	3	1
51034358-c855-496f-96f4-28b8ecad1da1	chr12	70659239	74062668	2	1	1
51034358-c855-496f-96f4-28b8ecad1da1	chr12	74063732	74330935	5	4	1
51034358-c855-496f-96f4-28b8ecad1da1	chr12	74332192	133264676	2	1	1
51034358-c855-496f-96f4-28b8ecad1da1	chr13	18445955	114343123	2	1	1
51034358-c855-496f-96f4-28b8ecad1da1	chr14	18223583	106880670	2	1	1
51034358-c855-496f-96f4-28b8ecad1da1	chr15	19795285	101980591	2	1	1
51034358-c855-496f-96f4-28b8ecad1da1	chr16	10291	90226358	2	1	1
51034358-c855-496f-96f4-28b8ecad1da1	chr17	151035	83237603	2	1	1
51034358-c855-496f-96f4-28b8ecad1da1	chr18	16444	80259190	2	1	1
51034358-c855-496f-96f4-28b8ecad1da1	chr19	157892	58607412	2	1	1
51034358-c855-496f-96f4-28b8ecad1da1	chr20	80457	64331516	2	1	1
51034358-c855-496f-96f4-28b8ecad1da1	chr21	7762688	46699722	2	1	1
51034358-c855-496f-96f4-28b8ecad1da1	chr22	15284540	50802392	2	1	1
51034358-c855-496f-96f4-28b8ecad1da1	chrX	2781514	22737995	1	1	0
51034358-c855-496f-96f4-28b8ecad1da1	chrX	22739770	22751315	2	2	0
51034358-c855-496f-96f4-28b8ecad1da1	chrX	22752410	35068860	1	1	0
51034358-c855-496f-96f4-28b8ecad1da1	chrX	35070355	35088030	2	2	0
51034358-c855-496f-96f4-28b8ecad1da1	chrX	35089122	41284646	1	1	0
51034358-c855-496f-96f4-28b8ecad1da1	chrX	41285705	41319509	2	2	0
51034358-c855-496f-96f4-28b8ecad1da1	chrX	41321814	49869751	1	1	0
51034358-c855-496f-96f4-28b8ecad1da1	chrX	49872019	49895568	3	3	0
51034358-c855-496f-96f4-28b8ecad1da1	chrX	49899025	118453772	1	1	0
51034358-c855-496f-96f4-28b8ecad1da1	chrX	118454917	118464163	3	3	0
51034358-c855-496f-96f4-28b8ecad1da1	chrX	118465527	122971045	1	1	0
51034358-c855-496f-96f4-28b8ecad1da1	chrX	122972987	122987467	0	0	0
51034358-c855-496f-96f4-28b8ecad1da1	chrX	122988489	146982610	1	1	0
51034358-c855-496f-96f4-28b8ecad1da1	chrX	146984191	147001630	2	2	0
51034358-c855-496f-96f4-28b8ecad1da1	chrX	147004264	155699751	1	1	0
51034358-c855-496f-96f4-28b8ecad1da1	chrY	2789135	26622951	1	1	0
