GDC_Aliquot	Chromosome	Start	End	Num_Probes	Segment_Mean
54ad0aa9-f043-4909-84f5-d4bdcce98ce8	1	62920	462894	19	1.0077
54ad0aa9-f043-4909-84f5-d4bdcce98ce8	1	599171	841742	19	-0.1311
54ad0aa9-f043-4909-84f5-d4bdcce98ce8	1	846869	3291811	695	-0.4354
54ad0aa9-f043-4909-84f5-d4bdcce98ce8	1	3296382	16569132	7891	-0.2596
54ad0aa9-f043-4909-84f5-d4bdcce98ce8	1	16570326	16685961	32	0.112
54ad0aa9-f043-4909-84f5-d4bdcce98ce8	1	16686246	16721984	8	0.635
54ad0aa9-f043-4909-84f5-d4bdcce98ce8	1	16766762	16909775	38	0.1782
54ad0aa9-f043-4909-84f5-d4bdcce98ce8	1	16912972	72303233	33933	-0.2413
54ad0aa9-f043-4909-84f5-d4bdcce98ce8	1	72303253	72345450	44	-1.2615
54ad0aa9-f043-4909-84f5-d4bdcce98ce8	1	72345465	89009572	10885	-0.2193
54ad0aa9-f043-4909-84f5-d4bdcce98ce8	1	89012275	89012522	2	-1.9078
54ad0aa9-f043-4909-84f5-d4bdcce98ce8	1	89015841	91695400	1723	-0.2274
54ad0aa9-f043-4909-84f5-d4bdcce98ce8	1	91696434	91697227	2	-2.3437
54ad0aa9-f043-4909-84f5-d4bdcce98ce8	1	91698335	105470754	8246	-0.2244
54ad0aa9-f043-4909-84f5-d4bdcce98ce8	1	105476583	105479468	14	0.4558
54ad0aa9-f043-4909-84f5-d4bdcce98ce8	1	105479722	105692872	166	-0.1386
54ad0aa9-f043-4909-84f5-d4bdcce98ce8	1	105692900	105967238	139	-0.276
54ad0aa9-f043-4909-84f5-d4bdcce98ce8	1	105970103	106582721	422	0.1985
54ad0aa9-f043-4909-84f5-d4bdcce98ce8	1	106599056	108223733	1222	-0.2509
54ad0aa9-f043-4909-84f5-d4bdcce98ce8	1	108226680	108274557	2	-2.3927
54ad0aa9-f043-4909-84f5-d4bdcce98ce8	1	108310648	109690352	674	-0.2215
54ad0aa9-f043-4909-84f5-d4bdcce98ce8	1	109690415	109697556	12	-1.1565
54ad0aa9-f043-4909-84f5-d4bdcce98ce8	1	109702376	110783996	792	-0.2637
54ad0aa9-f043-4909-84f5-d4bdcce98ce8	1	110784923	110862444	110	-0.087
54ad0aa9-f043-4909-84f5-d4bdcce98ce8	1	110869087	112147704	1045	-0.2326
54ad0aa9-f043-4909-84f5-d4bdcce98ce8	1	112153343	112163334	26	-0.9249
54ad0aa9-f043-4909-84f5-d4bdcce98ce8	1	112163438	118305094	3892	-0.2406
54ad0aa9-f043-4909-84f5-d4bdcce98ce8	1	118306998	121705338	1242	0.1896
54ad0aa9-f043-4909-84f5-d4bdcce98ce8	1	143459641	152583051	2431	0.4666
54ad0aa9-f043-4909-84f5-d4bdcce98ce8	1	152583230	152613762	31	1.6298
54ad0aa9-f043-4909-84f5-d4bdcce98ce8	1	152613802	152618018	5	1.005
54ad0aa9-f043-4909-84f5-d4bdcce98ce8	1	152618089	152789447	166	0.453
54ad0aa9-f043-4909-84f5-d4bdcce98ce8	1	152789463	152796224	36	0.0286
54ad0aa9-f043-4909-84f5-d4bdcce98ce8	1	152801429	153028502	173	0.5149
54ad0aa9-f043-4909-84f5-d4bdcce98ce8	1	153028754	186271013	22285	0.4588
54ad0aa9-f043-4909-84f5-d4bdcce98ce8	1	186271730	196740630	6874	0.4921
54ad0aa9-f043-4909-84f5-d4bdcce98ce8	1	196741937	196843377	63	0.8899
54ad0aa9-f043-4909-84f5-d4bdcce98ce8	1	196843400	196846661	2	3.995
54ad0aa9-f043-4909-84f5-d4bdcce98ce8	1	196847600	204135676	4656	0.4658
54ad0aa9-f043-4909-84f5-d4bdcce98ce8	1	204135909	205822166	1263	0.6036
54ad0aa9-f043-4909-84f5-d4bdcce98ce8	1	205823708	248917328	29764	0.4613
54ad0aa9-f043-4909-84f5-d4bdcce98ce8	1	248918727	248930189	5	0.0211
54ad0aa9-f043-4909-84f5-d4bdcce98ce8	2	12784	37497	16	-0.5748
54ad0aa9-f043-4909-84f5-d4bdcce98ce8	2	41404	70126	13	0.1175
54ad0aa9-f043-4909-84f5-d4bdcce98ce8	2	70436	2810691	1881	0.3243
54ad0aa9-f043-4909-84f5-d4bdcce98ce8	2	2812405	2936349	120	0.035
54ad0aa9-f043-4909-84f5-d4bdcce98ce8	2	2938394	2938604	2	-0.8776
54ad0aa9-f043-4909-84f5-d4bdcce98ce8	2	2939124	3143365	144	0.0533
54ad0aa9-f043-4909-84f5-d4bdcce98ce8	2	3144090	3193576	51	-0.223
54ad0aa9-f043-4909-84f5-d4bdcce98ce8	2	3193591	4956449	1472	0.022
54ad0aa9-f043-4909-84f5-d4bdcce98ce8	2	5026757	5786787	634	0.3523
54ad0aa9-f043-4909-84f5-d4bdcce98ce8	2	5787758	12461536	5230	0.0191
54ad0aa9-f043-4909-84f5-d4bdcce98ce8	2	12470279	13162705	469	0.9403
54ad0aa9-f043-4909-84f5-d4bdcce98ce8	2	13166603	15235826	1516	0.9012
54ad0aa9-f043-4909-84f5-d4bdcce98ce8	2	15238257	16886258	1166	0.9657
54ad0aa9-f043-4909-84f5-d4bdcce98ce8	2	16890267	30031105	8413	0.1789
54ad0aa9-f043-4909-84f5-d4bdcce98ce8	2	30033471	30033485	2	-1.7801
54ad0aa9-f043-4909-84f5-d4bdcce98ce8	2	30033527	34466002	2878	0.171
54ad0aa9-f043-4909-84f5-d4bdcce98ce8	2	34474248	34511990	46	-0.2988
54ad0aa9-f043-4909-84f5-d4bdcce98ce8	2	34512096	36739206	1762	0.1967
54ad0aa9-f043-4909-84f5-d4bdcce98ce8	2	36742579	39801220	2024	0.3179
54ad0aa9-f043-4909-84f5-d4bdcce98ce8	2	39801717	45656749	4343	0.1842
54ad0aa9-f043-4909-84f5-d4bdcce98ce8	2	45657074	48323071	1877	0.4638
54ad0aa9-f043-4909-84f5-d4bdcce98ce8	2	48323551	53408326	3705	0.4005
54ad0aa9-f043-4909-84f5-d4bdcce98ce8	2	53416907	56541212	2203	1.1147
54ad0aa9-f043-4909-84f5-d4bdcce98ce8	2	56543334	56802379	179	0.4089
54ad0aa9-f043-4909-84f5-d4bdcce98ce8	2	56807164	59933956	2083	0.041
54ad0aa9-f043-4909-84f5-d4bdcce98ce8	2	59934022	66390262	3791	0.1641
54ad0aa9-f043-4909-84f5-d4bdcce98ce8	2	66391022	66925223	319	0.0128
54ad0aa9-f043-4909-84f5-d4bdcce98ce8	2	66927524	66933939	5	-0.8697
54ad0aa9-f043-4909-84f5-d4bdcce98ce8	2	66935309	69768474	2052	0.0362
54ad0aa9-f043-4909-84f5-d4bdcce98ce8	2	69770715	70429443	374	0.6187
54ad0aa9-f043-4909-84f5-d4bdcce98ce8	2	70432342	70448449	19	1.0115
54ad0aa9-f043-4909-84f5-d4bdcce98ce8	2	70450594	71125796	489	-0.0036
54ad0aa9-f043-4909-84f5-d4bdcce98ce8	2	71126785	71394923	176	0.5479
54ad0aa9-f043-4909-84f5-d4bdcce98ce8	2	71399111	71680800	176	0.8226
54ad0aa9-f043-4909-84f5-d4bdcce98ce8	2	71680850	72086673	256	1.1857
54ad0aa9-f043-4909-84f5-d4bdcce98ce8	2	72089349	73164941	452	0.0335
54ad0aa9-f043-4909-84f5-d4bdcce98ce8	2	73165828	73856031	295	0.3089
54ad0aa9-f043-4909-84f5-d4bdcce98ce8	2	73859809	75879875	1408	0.1843
54ad0aa9-f043-4909-84f5-d4bdcce98ce8	2	75880150	78430028	1693	0.0535
54ad0aa9-f043-4909-84f5-d4bdcce98ce8	2	78430254	79593147	820	-0.3856
54ad0aa9-f043-4909-84f5-d4bdcce98ce8	2	79597835	83545946	2495	-0.2216
54ad0aa9-f043-4909-84f5-d4bdcce98ce8	2	83550740	83559198	5	0.0795
54ad0aa9-f043-4909-84f5-d4bdcce98ce8	2	83561823	83562715	2	1.9932
54ad0aa9-f043-4909-84f5-d4bdcce98ce8	2	83562992	83655603	49	1.2975
54ad0aa9-f043-4909-84f5-d4bdcce98ce8	2	83656424	83690145	21	1.9095
54ad0aa9-f043-4909-84f5-d4bdcce98ce8	2	83691347	84902222	724	0.9477
54ad0aa9-f043-4909-84f5-d4bdcce98ce8	2	84908356	85306492	225	1.7149
54ad0aa9-f043-4909-84f5-d4bdcce98ce8	2	85308909	86187386	519	-0.0618
54ad0aa9-f043-4909-84f5-d4bdcce98ce8	2	86188208	86710564	299	0.8941
54ad0aa9-f043-4909-84f5-d4bdcce98ce8	2	86725947	86726731	2	-0.6367
54ad0aa9-f043-4909-84f5-d4bdcce98ce8	2	86743283	87223346	110	0.9176
54ad0aa9-f043-4909-84f5-d4bdcce98ce8	2	87225631	87489240	53	0.3533
54ad0aa9-f043-4909-84f5-d4bdcce98ce8	2	87489506	87674944	34	-0.5239
54ad0aa9-f043-4909-84f5-d4bdcce98ce8	2	87695122	90228255	785	0.8329
54ad0aa9-f043-4909-84f5-d4bdcce98ce8	2	90230139	101653891	3384	0.3532
54ad0aa9-f043-4909-84f5-d4bdcce98ce8	2	101657481	102211036	373	0.7693
54ad0aa9-f043-4909-84f5-d4bdcce98ce8	2	102214507	106258266	2750	-0.2381
54ad0aa9-f043-4909-84f5-d4bdcce98ce8	2	106263639	106268901	12	0.3047
54ad0aa9-f043-4909-84f5-d4bdcce98ce8	2	106270799	110044146	2111	-0.2372
54ad0aa9-f043-4909-84f5-d4bdcce98ce8	2	110097158	110226104	64	0.4336
54ad0aa9-f043-4909-84f5-d4bdcce98ce8	2	110342056	111275965	398	-0.2249
54ad0aa9-f043-4909-84f5-d4bdcce98ce8	2	111278566	111430941	38	0.8176
54ad0aa9-f043-4909-84f5-d4bdcce98ce8	2	111438656	115679771	2427	-0.2421
54ad0aa9-f043-4909-84f5-d4bdcce98ce8	2	115680498	116712422	616	-0.1934
54ad0aa9-f043-4909-84f5-d4bdcce98ce8	2	116713597	116718438	4	-1.0203
54ad0aa9-f043-4909-84f5-d4bdcce98ce8	2	116718877	117563392	516	-0.1325
54ad0aa9-f043-4909-84f5-d4bdcce98ce8	2	117564312	121239132	2397	-0.2622
54ad0aa9-f043-4909-84f5-d4bdcce98ce8	2	121240246	121240340	3	-1.7483
54ad0aa9-f043-4909-84f5-d4bdcce98ce8	2	121240536	125881278	2969	-0.2373
54ad0aa9-f043-4909-84f5-d4bdcce98ce8	2	125883717	125884009	3	-1.5132
54ad0aa9-f043-4909-84f5-d4bdcce98ce8	2	125896932	126638060	435	-0.2578
54ad0aa9-f043-4909-84f5-d4bdcce98ce8	2	126642337	128880904	1358	0.1551
54ad0aa9-f043-4909-84f5-d4bdcce98ce8	2	128880928	128882741	14	-0.7772
54ad0aa9-f043-4909-84f5-d4bdcce98ce8	2	128882755	129015137	104	0.1494
54ad0aa9-f043-4909-84f5-d4bdcce98ce8	2	129015191	130450544	876	-0.0098
54ad0aa9-f043-4909-84f5-d4bdcce98ce8	2	130454138	130539652	7	0.3544
54ad0aa9-f043-4909-84f5-d4bdcce98ce8	2	130560276	130560478	2	-1.6698
54ad0aa9-f043-4909-84f5-d4bdcce98ce8	2	130720375	132644173	836	0.0153
54ad0aa9-f043-4909-84f5-d4bdcce98ce8	2	132644403	132644651	2	-1.6948
54ad0aa9-f043-4909-84f5-d4bdcce98ce8	2	132647013	133175612	430	0.0044
54ad0aa9-f043-4909-84f5-d4bdcce98ce8	2	133175890	133177476	4	0.958
54ad0aa9-f043-4909-84f5-d4bdcce98ce8	2	133179336	137655583	2942	0.0092
54ad0aa9-f043-4909-84f5-d4bdcce98ce8	2	137657172	138307433	398	0.1244
54ad0aa9-f043-4909-84f5-d4bdcce98ce8	2	138307553	146104517	4776	0.0256
54ad0aa9-f043-4909-84f5-d4bdcce98ce8	2	146106836	146109366	24	-1.2012
54ad0aa9-f043-4909-84f5-d4bdcce98ce8	2	146120238	150174288	2254	0.0129
54ad0aa9-f043-4909-84f5-d4bdcce98ce8	2	150174937	150179238	4	-2.0014
54ad0aa9-f043-4909-84f5-d4bdcce98ce8	2	150181218	163780342	8292	0.0256
54ad0aa9-f043-4909-84f5-d4bdcce98ce8	2	163786978	163788025	3	-2.649
54ad0aa9-f043-4909-84f5-d4bdcce98ce8	2	163788616	192726905	17696	0.023
54ad0aa9-f043-4909-84f5-d4bdcce98ce8	2	192727999	195361356	1353	0.085
54ad0aa9-f043-4909-84f5-d4bdcce98ce8	2	195362500	207490231	7223	0.0084
54ad0aa9-f043-4909-84f5-d4bdcce98ce8	2	207490454	207494225	13	-1.3913
54ad0aa9-f043-4909-84f5-d4bdcce98ce8	2	207494301	230012150	14569	0.0174
54ad0aa9-f043-4909-84f5-d4bdcce98ce8	2	230013133	233044838	1653	-0.0362
54ad0aa9-f043-4909-84f5-d4bdcce98ce8	2	233045408	234154758	803	0.0045
54ad0aa9-f043-4909-84f5-d4bdcce98ce8	2	234155569	240670864	4383	0.1421
54ad0aa9-f043-4909-84f5-d4bdcce98ce8	2	240671904	240765045	28	-0.1749
54ad0aa9-f043-4909-84f5-d4bdcce98ce8	2	240765423	241531780	385	0.1609
54ad0aa9-f043-4909-84f5-d4bdcce98ce8	2	241531829	242040969	135	-0.0151
54ad0aa9-f043-4909-84f5-d4bdcce98ce8	2	242049113	242147305	58	0.1407
54ad0aa9-f043-4909-84f5-d4bdcce98ce8	3	20930	2468725	2129	-0.1546
54ad0aa9-f043-4909-84f5-d4bdcce98ce8	3	2471680	7352870	4287	-0.2164
54ad0aa9-f043-4909-84f5-d4bdcce98ce8	3	7353215	18545761	7798	-0.2479
54ad0aa9-f043-4909-84f5-d4bdcce98ce8	3	18546919	27656325	6379	-0.2101
54ad0aa9-f043-4909-84f5-d4bdcce98ce8	3	27656941	27657283	2	-2.0265
54ad0aa9-f043-4909-84f5-d4bdcce98ce8	3	27659802	69428124	27562	-0.2356
54ad0aa9-f043-4909-84f5-d4bdcce98ce8	3	69429596	69429678	2	-2.0746
54ad0aa9-f043-4909-84f5-d4bdcce98ce8	3	69431887	75408707	4297	-0.2342
54ad0aa9-f043-4909-84f5-d4bdcce98ce8	3	75409192	75496021	38	-0.0787
54ad0aa9-f043-4909-84f5-d4bdcce98ce8	3	75496671	75537654	16	0.214
54ad0aa9-f043-4909-84f5-d4bdcce98ce8	3	75546030	76154005	242	-0.1559
54ad0aa9-f043-4909-84f5-d4bdcce98ce8	3	76156138	76156189	2	-1.3943
54ad0aa9-f043-4909-84f5-d4bdcce98ce8	3	76156363	76600391	255	-0.1993
54ad0aa9-f043-4909-84f5-d4bdcce98ce8	3	76603763	83624097	3952	-0.4042
54ad0aa9-f043-4909-84f5-d4bdcce98ce8	3	83632317	84057015	205	-0.0827
54ad0aa9-f043-4909-84f5-d4bdcce98ce8	3	84061816	85679035	915	0.0783
54ad0aa9-f043-4909-84f5-d4bdcce98ce8	3	85679551	89364782	2128	-0.2331
54ad0aa9-f043-4909-84f5-d4bdcce98ce8	3	89364985	113109655	11629	-0.2074
54ad0aa9-f043-4909-84f5-d4bdcce98ce8	3	113110410	130067366	10276	-0.2337
54ad0aa9-f043-4909-84f5-d4bdcce98ce8	3	130067443	130087393	31	-1.4115
54ad0aa9-f043-4909-84f5-d4bdcce98ce8	3	130088081	132273893	1435	-0.197
54ad0aa9-f043-4909-84f5-d4bdcce98ce8	3	132273929	132276840	3	-1.7263
54ad0aa9-f043-4909-84f5-d4bdcce98ce8	3	132281633	141351363	5560	-0.2343
54ad0aa9-f043-4909-84f5-d4bdcce98ce8	3	141354659	141356389	3	-1.7453
54ad0aa9-f043-4909-84f5-d4bdcce98ce8	3	141359557	146570803	3264	-0.2165
54ad0aa9-f043-4909-84f5-d4bdcce98ce8	3	146571016	146571663	3	-2.5602
54ad0aa9-f043-4909-84f5-d4bdcce98ce8	3	146572004	148057243	829	-0.1613
54ad0aa9-f043-4909-84f5-d4bdcce98ce8	3	148057533	161200531	8053	-0.2257
54ad0aa9-f043-4909-84f5-d4bdcce98ce8	3	161207421	162405578	770	-0.1743
54ad0aa9-f043-4909-84f5-d4bdcce98ce8	3	162419812	162424917	14	-1.6243
54ad0aa9-f043-4909-84f5-d4bdcce98ce8	3	162426460	162790480	253	-0.1579
54ad0aa9-f043-4909-84f5-d4bdcce98ce8	3	162794869	162803835	11	0.4569
54ad0aa9-f043-4909-84f5-d4bdcce98ce8	3	162807070	162822221	9	-0.2083
54ad0aa9-f043-4909-84f5-d4bdcce98ce8	3	162822685	162822702	2	-1.6862
54ad0aa9-f043-4909-84f5-d4bdcce98ce8	3	162827928	162908207	48	0.3339
54ad0aa9-f043-4909-84f5-d4bdcce98ce8	3	162908784	162996729	72	-0.1408
54ad0aa9-f043-4909-84f5-d4bdcce98ce8	3	162999939	163001774	2	-2.9363
54ad0aa9-f043-4909-84f5-d4bdcce98ce8	3	163008371	169012392	3364	-0.1962
54ad0aa9-f043-4909-84f5-d4bdcce98ce8	3	169015614	169020840	2	-2.0745
54ad0aa9-f043-4909-84f5-d4bdcce98ce8	3	169022039	172762057	2438	-0.2367
54ad0aa9-f043-4909-84f5-d4bdcce98ce8	3	172768083	176304449	2366	-0.1774
54ad0aa9-f043-4909-84f5-d4bdcce98ce8	3	176304498	190538297	9032	-0.2291
54ad0aa9-f043-4909-84f5-d4bdcce98ce8	3	190542374	190542906	2	-1.9464
54ad0aa9-f043-4909-84f5-d4bdcce98ce8	3	190543126	190870915	246	-0.2121
54ad0aa9-f043-4909-84f5-d4bdcce98ce8	3	190870954	193160113	1579	0.0122
54ad0aa9-f043-4909-84f5-d4bdcce98ce8	3	193160173	193165114	19	-0.6066
54ad0aa9-f043-4909-84f5-d4bdcce98ce8	3	193168646	195685341	1485	-0.0068
54ad0aa9-f043-4909-84f5-d4bdcce98ce8	3	195691392	195720051	20	0.9767
54ad0aa9-f043-4909-84f5-d4bdcce98ce8	3	195728637	198169247	1181	0.0238
54ad0aa9-f043-4909-84f5-d4bdcce98ce8	4	68929	583960	218	-0.7414
54ad0aa9-f043-4909-84f5-d4bdcce98ce8	4	586300	1227021	225	-1.0045
54ad0aa9-f043-4909-84f5-d4bdcce98ce8	4	1227778	10208766	5226	-0.495
54ad0aa9-f043-4909-84f5-d4bdcce98ce8	4	10212536	10233644	36	0.4648
54ad0aa9-f043-4909-84f5-d4bdcce98ce8	4	10234518	10389091	170	-0.5251
54ad0aa9-f043-4909-84f5-d4bdcce98ce8	4	10390730	10399044	16	-2.2624
54ad0aa9-f043-4909-84f5-d4bdcce98ce8	4	10401094	14468479	3256	-0.4343
54ad0aa9-f043-4909-84f5-d4bdcce98ce8	4	14468649	14971964	389	-0.2161
54ad0aa9-f043-4909-84f5-d4bdcce98ce8	4	14973324	27692228	8721	-0.4382
54ad0aa9-f043-4909-84f5-d4bdcce98ce8	4	27692307	34777432	4361	-0.2131
54ad0aa9-f043-4909-84f5-d4bdcce98ce8	4	34784878	34823103	38	-2.2582
54ad0aa9-f043-4909-84f5-d4bdcce98ce8	4	34828250	34866074	42	-0.1837
54ad0aa9-f043-4909-84f5-d4bdcce98ce8	4	34866579	34879443	6	-1.0109
54ad0aa9-f043-4909-84f5-d4bdcce98ce8	4	34879528	44373001	6148	-0.2155
54ad0aa9-f043-4909-84f5-d4bdcce98ce8	4	44375819	47578985	1820	-0.0432
54ad0aa9-f043-4909-84f5-d4bdcce98ce8	4	47589483	49204422	925	0.2332
54ad0aa9-f043-4909-84f5-d4bdcce98ce8	4	49214614	49289338	3	-0.9025
54ad0aa9-f043-4909-84f5-d4bdcce98ce8	4	49295203	52775957	526	0.0939
54ad0aa9-f043-4909-84f5-d4bdcce98ce8	4	52777312	52855698	46	0.1932
54ad0aa9-f043-4909-84f5-d4bdcce98ce8	4	52858856	53386715	305	0.0369
54ad0aa9-f043-4909-84f5-d4bdcce98ce8	4	53390283	55054038	1415	-0.2308
54ad0aa9-f043-4909-84f5-d4bdcce98ce8	4	55054051	63821843	5251	-0.0089
54ad0aa9-f043-4909-84f5-d4bdcce98ce8	4	63821857	63852325	38	0.3438
54ad0aa9-f043-4909-84f5-d4bdcce98ce8	4	63856498	64899026	609	-0.023
54ad0aa9-f043-4909-84f5-d4bdcce98ce8	4	64899711	68354665	2228	0.1392
54ad0aa9-f043-4909-84f5-d4bdcce98ce8	4	68361130	68620261	89	0.5626
54ad0aa9-f043-4909-84f5-d4bdcce98ce8	4	68623617	114252544	27583	0.1343
54ad0aa9-f043-4909-84f5-d4bdcce98ce8	4	114254167	114261019	23	-0.8503
54ad0aa9-f043-4909-84f5-d4bdcce98ce8	4	114263073	133378883	11102	0.136
54ad0aa9-f043-4909-84f5-d4bdcce98ce8	4	133380645	137171041	2076	0.0953
54ad0aa9-f043-4909-84f5-d4bdcce98ce8	4	137171085	137173818	16	-0.7334
54ad0aa9-f043-4909-84f5-d4bdcce98ce8	4	137173967	154398705	10447	0.0857
54ad0aa9-f043-4909-84f5-d4bdcce98ce8	4	154398902	154881396	305	0.1405
54ad0aa9-f043-4909-84f5-d4bdcce98ce8	4	154881853	154881926	3	1.2864
54ad0aa9-f043-4909-84f5-d4bdcce98ce8	4	154882047	157072890	1513	0.1087
54ad0aa9-f043-4909-84f5-d4bdcce98ce8	4	157073742	171448195	9032	-0.1548
54ad0aa9-f043-4909-84f5-d4bdcce98ce8	4	171453733	171456573	11	1.668
54ad0aa9-f043-4909-84f5-d4bdcce98ce8	4	171456625	179286651	4843	-0.1546
54ad0aa9-f043-4909-84f5-d4bdcce98ce8	4	179287266	187497101	5967	-0.1889
54ad0aa9-f043-4909-84f5-d4bdcce98ce8	4	187498061	190106768	1614	-0.1539
54ad0aa9-f043-4909-84f5-d4bdcce98ce8	5	15532	667394	298	0.4079
54ad0aa9-f043-4909-84f5-d4bdcce98ce8	5	670630	773453	34	-0.0059
54ad0aa9-f043-4909-84f5-d4bdcce98ce8	5	779766	1897256	593	0.3982
54ad0aa9-f043-4909-84f5-d4bdcce98ce8	5	1897714	11906336	8751	0.5134
54ad0aa9-f043-4909-84f5-d4bdcce98ce8	5	11907068	12550899	348	0.5761
54ad0aa9-f043-4909-84f5-d4bdcce98ce8	5	12552940	12800777	128	0.6647
54ad0aa9-f043-4909-84f5-d4bdcce98ce8	5	12815668	12819964	9	1.1901
54ad0aa9-f043-4909-84f5-d4bdcce98ce8	5	12824299	13236637	136	0.6659
54ad0aa9-f043-4909-84f5-d4bdcce98ce8	5	13236897	16124136	2088	0.5602
54ad0aa9-f043-4909-84f5-d4bdcce98ce8	5	16125019	16125105	3	-0.4038
54ad0aa9-f043-4909-84f5-d4bdcce98ce8	5	16127435	16658386	416	0.5579
54ad0aa9-f043-4909-84f5-d4bdcce98ce8	5	16658415	17382507	442	0.4836
54ad0aa9-f043-4909-84f5-d4bdcce98ce8	5	17382524	20634802	2004	0.5625
54ad0aa9-f043-4909-84f5-d4bdcce98ce8	5	20634815	21449167	412	0.5127
54ad0aa9-f043-4909-84f5-d4bdcce98ce8	5	21451091	21452329	5	1.5832
54ad0aa9-f043-4909-84f5-d4bdcce98ce8	5	21452387	25014603	2043	0.5239
54ad0aa9-f043-4909-84f5-d4bdcce98ce8	5	25015113	46115738	12821	0.6335
54ad0aa9-f043-4909-84f5-d4bdcce98ce8	5	46136730	46251204	31	0.4976
54ad0aa9-f043-4909-84f5-d4bdcce98ce8	5	46270906	46273400	8	-1.866
54ad0aa9-f043-4909-84f5-d4bdcce98ce8	5	46278110	50644478	203	0.4951
54ad0aa9-f043-4909-84f5-d4bdcce98ce8	5	50649398	58547110	5260	-0.218
54ad0aa9-f043-4909-84f5-d4bdcce98ce8	5	58558705	59252405	580	0.1978
54ad0aa9-f043-4909-84f5-d4bdcce98ce8	5	59259078	65659068	3750	-0.2022
54ad0aa9-f043-4909-84f5-d4bdcce98ce8	5	65659260	82090672	9420	-0.2306
54ad0aa9-f043-4909-84f5-d4bdcce98ce8	5	82090720	90416621	4608	-0.1964
54ad0aa9-f043-4909-84f5-d4bdcce98ce8	5	90424697	99187675	4922	-0.5377
54ad0aa9-f043-4909-84f5-d4bdcce98ce8	5	99188542	104515520	3059	-0.156
54ad0aa9-f043-4909-84f5-d4bdcce98ce8	5	104524672	104524903	4	-1.6943
54ad0aa9-f043-4909-84f5-d4bdcce98ce8	5	104525348	107502706	1860	-0.1774
54ad0aa9-f043-4909-84f5-d4bdcce98ce8	5	107502758	119323103	8315	-0.2075
54ad0aa9-f043-4909-84f5-d4bdcce98ce8	5	119323610	119324594	3	-1.451
54ad0aa9-f043-4909-84f5-d4bdcce98ce8	5	119324805	152134610	20454	-0.2166
54ad0aa9-f043-4909-84f5-d4bdcce98ce8	5	152135825	152138790	14	-1.9268
54ad0aa9-f043-4909-84f5-d4bdcce98ce8	5	152140710	176600490	16909	-0.2325
54ad0aa9-f043-4909-84f5-d4bdcce98ce8	5	176602898	176886334	147	-0.4301
54ad0aa9-f043-4909-84f5-d4bdcce98ce8	5	176886981	177771448	348	-0.1913
54ad0aa9-f043-4909-84f5-d4bdcce98ce8	5	177800550	177805604	3	1.4176
54ad0aa9-f043-4909-84f5-d4bdcce98ce8	5	177827964	181363319	1979	-0.2489
54ad0aa9-f043-4909-84f5-d4bdcce98ce8	6	149661	294474	122	0.2525
54ad0aa9-f043-4909-84f5-d4bdcce98ce8	6	294725	385784	88	-0.2378
54ad0aa9-f043-4909-84f5-d4bdcce98ce8	6	387532	29869411	21380	0.2643
54ad0aa9-f043-4909-84f5-d4bdcce98ce8	6	29869537	29906932	21	-0.4656
54ad0aa9-f043-4909-84f5-d4bdcce98ce8	6	29907031	31313046	652	0.2405
54ad0aa9-f043-4909-84f5-d4bdcce98ce8	6	31318499	31328674	11	1.1846
54ad0aa9-f043-4909-84f5-d4bdcce98ce8	6	31342147	31375855	32	0.294
54ad0aa9-f043-4909-84f5-d4bdcce98ce8	6	31376050	32224783	312	0.1591
54ad0aa9-f043-4909-84f5-d4bdcce98ce8	6	32226615	32252185	20	0.2762
54ad0aa9-f043-4909-84f5-d4bdcce98ce8	6	32252707	32392044	59	0.4311
54ad0aa9-f043-4909-84f5-d4bdcce98ce8	6	32392711	32463515	70	0.2635
54ad0aa9-f043-4909-84f5-d4bdcce98ce8	6	32463775	32533522	19	-0.3857
54ad0aa9-f043-4909-84f5-d4bdcce98ce8	6	32540699	33154554	374	0.3117
54ad0aa9-f043-4909-84f5-d4bdcce98ce8	6	33156916	44423027	7066	0.2541
54ad0aa9-f043-4909-84f5-d4bdcce98ce8	6	44423971	62808629	9543	0.2882
54ad0aa9-f043-4909-84f5-d4bdcce98ce8	6	62811699	63083016	139	-0.0757
54ad0aa9-f043-4909-84f5-d4bdcce98ce8	6	63091938	64155653	535	0.2628
54ad0aa9-f043-4909-84f5-d4bdcce98ce8	6	64157360	64389378	124	0.1038
54ad0aa9-f043-4909-84f5-d4bdcce98ce8	6	64395863	65801500	933	-0.415
54ad0aa9-f043-4909-84f5-d4bdcce98ce8	6	65804358	67598227	1338	0.9021
54ad0aa9-f043-4909-84f5-d4bdcce98ce8	6	67604513	73882142	4007	-0.4164
54ad0aa9-f043-4909-84f5-d4bdcce98ce8	6	73882509	73891694	10	-1.0967
54ad0aa9-f043-4909-84f5-d4bdcce98ce8	6	73893839	78215495	2716	-0.4024
54ad0aa9-f043-4909-84f5-d4bdcce98ce8	6	78215766	78336185	157	-0.0989
54ad0aa9-f043-4909-84f5-d4bdcce98ce8	6	78336944	93592933	9754	-0.4246
54ad0aa9-f043-4909-84f5-d4bdcce98ce8	6	93593311	94920300	854	-0.3395
54ad0aa9-f043-4909-84f5-d4bdcce98ce8	6	94920886	103270731	4773	-0.4259
54ad0aa9-f043-4909-84f5-d4bdcce98ce8	6	103270741	103320903	67	-0.0279
54ad0aa9-f043-4909-84f5-d4bdcce98ce8	6	103320921	104579828	822	-0.4092
54ad0aa9-f043-4909-84f5-d4bdcce98ce8	6	104585287	114081690	5944	-0.4567
54ad0aa9-f043-4909-84f5-d4bdcce98ce8	6	114082300	123902216	5657	-0.4084
54ad0aa9-f043-4909-84f5-d4bdcce98ce8	6	123902230	140421012	10875	-0.23
54ad0aa9-f043-4909-84f5-d4bdcce98ce8	6	140421932	142502225	1080	-0.1664
54ad0aa9-f043-4909-84f5-d4bdcce98ce8	6	142511392	166533195	16964	-0.2331
54ad0aa9-f043-4909-84f5-d4bdcce98ce8	6	166533219	168731695	1365	-0.3015
54ad0aa9-f043-4909-84f5-d4bdcce98ce8	6	168732569	169767293	855	-0.246
54ad0aa9-f043-4909-84f5-d4bdcce98ce8	6	169767522	170263910	198	-0.4903
54ad0aa9-f043-4909-84f5-d4bdcce98ce8	6	170263936	170741917	220	-0.2385
54ad0aa9-f043-4909-84f5-d4bdcce98ce8	7	43355	1627744	466	0.4511
54ad0aa9-f043-4909-84f5-d4bdcce98ce8	7	1632904	2199173	243	0.5607
54ad0aa9-f043-4909-84f5-d4bdcce98ce8	7	2206468	2291875	36	0.2894
54ad0aa9-f043-4909-84f5-d4bdcce98ce8	7	2294751	4111196	1323	0.5567
54ad0aa9-f043-4909-84f5-d4bdcce98ce8	7	4111579	4117015	8	0.2554
54ad0aa9-f043-4909-84f5-d4bdcce98ce8	7	4118722	4118921	2	-0.799
54ad0aa9-f043-4909-84f5-d4bdcce98ce8	7	4121739	8138095	2424	0.5279
54ad0aa9-f043-4909-84f5-d4bdcce98ce8	7	8139207	16885894	7045	0.5825
54ad0aa9-f043-4909-84f5-d4bdcce98ce8	7	16890902	17003226	88	0.5101
54ad0aa9-f043-4909-84f5-d4bdcce98ce8	7	17005264	17073357	77	0.65
54ad0aa9-f043-4909-84f5-d4bdcce98ce8	7	17073477	17569593	370	0.7619
54ad0aa9-f043-4909-84f5-d4bdcce98ce8	7	17572203	20595686	2508	0.654
54ad0aa9-f043-4909-84f5-d4bdcce98ce8	7	20595942	21926501	1001	0.5563
54ad0aa9-f043-4909-84f5-d4bdcce98ce8	7	21933589	21939899	3	-1.5463
54ad0aa9-f043-4909-84f5-d4bdcce98ce8	7	21941155	51279652	20484	0.552
54ad0aa9-f043-4909-84f5-d4bdcce98ce8	7	51282214	53629550	1776	0.6387
54ad0aa9-f043-4909-84f5-d4bdcce98ce8	7	53632773	54305455	481	0.5548
54ad0aa9-f043-4909-84f5-d4bdcce98ce8	7	54318812	54318824	6	-1.966
54ad0aa9-f043-4909-84f5-d4bdcce98ce8	7	54325795	55416096	957	0.5239
54ad0aa9-f043-4909-84f5-d4bdcce98ce8	7	55423015	56112866	321	-0.3678
54ad0aa9-f043-4909-84f5-d4bdcce98ce8	7	56122391	56258965	90	0.5176
54ad0aa9-f043-4909-84f5-d4bdcce98ce8	7	56262859	56268946	4	-0.9248
54ad0aa9-f043-4909-84f5-d4bdcce98ce8	7	56271459	56693807	184	0.6022
54ad0aa9-f043-4909-84f5-d4bdcce98ce8	7	56694420	56701121	3	-1.05
54ad0aa9-f043-4909-84f5-d4bdcce98ce8	7	56704473	56718152	12	0.8271
54ad0aa9-f043-4909-84f5-d4bdcce98ce8	7	56718707	57468524	294	0.478
54ad0aa9-f043-4909-84f5-d4bdcce98ce8	7	57468605	57557499	61	0.7339
54ad0aa9-f043-4909-84f5-d4bdcce98ce8	7	57558377	62993089	258	-0.1747
54ad0aa9-f043-4909-84f5-d4bdcce98ce8	7	62993318	65176750	830	-0.3259
54ad0aa9-f043-4909-84f5-d4bdcce98ce8	7	65177779	65696403	209	0.1334
54ad0aa9-f043-4909-84f5-d4bdcce98ce8	7	65697209	67110702	476	-0.3333
54ad0aa9-f043-4909-84f5-d4bdcce98ce8	7	67111047	72537287	3484	-0.3852
54ad0aa9-f043-4909-84f5-d4bdcce98ce8	7	72537797	75721820	765	-0.3295
54ad0aa9-f043-4909-84f5-d4bdcce98ce8	7	75724865	75734920	8	0.459
54ad0aa9-f043-4909-84f5-d4bdcce98ce8	7	75745339	85286112	6064	-0.3304
54ad0aa9-f043-4909-84f5-d4bdcce98ce8	7	85287407	86163809	486	-0.0179
54ad0aa9-f043-4909-84f5-d4bdcce98ce8	7	86164361	86171211	2	-2.0506
54ad0aa9-f043-4909-84f5-d4bdcce98ce8	7	86171556	88478507	1279	-0.0435
54ad0aa9-f043-4909-84f5-d4bdcce98ce8	7	88479249	90209495	1158	0.0494
54ad0aa9-f043-4909-84f5-d4bdcce98ce8	7	90209572	109320668	11077	-0.0571
54ad0aa9-f043-4909-84f5-d4bdcce98ce8	7	109324138	109793728	290	-0.0158
54ad0aa9-f043-4909-84f5-d4bdcce98ce8	7	109793741	109813801	35	0.3073
54ad0aa9-f043-4909-84f5-d4bdcce98ce8	7	109813853	127265277	10620	-0.0347
54ad0aa9-f043-4909-84f5-d4bdcce98ce8	7	127265408	142059987	9282	-0.0649
54ad0aa9-f043-4909-84f5-d4bdcce98ce8	7	142060194	142099190	38	-0.4356
54ad0aa9-f043-4909-84f5-d4bdcce98ce8	7	142099360	144249785	1199	-0.0396
54ad0aa9-f043-4909-84f5-d4bdcce98ce8	7	144255220	144343967	12	-0.7562
54ad0aa9-f043-4909-84f5-d4bdcce98ce8	7	144352208	154598185	6393	-0.0735
54ad0aa9-f043-4909-84f5-d4bdcce98ce8	7	154601461	154607903	4	-1.7382
54ad0aa9-f043-4909-84f5-d4bdcce98ce8	7	154609120	159334314	3226	-0.1013
54ad0aa9-f043-4909-84f5-d4bdcce98ce8	8	81254	208062	4	0.0496
54ad0aa9-f043-4909-84f5-d4bdcce98ce8	8	212672	643041	318	0.4525
54ad0aa9-f043-4909-84f5-d4bdcce98ce8	8	644944	645892	9	-0.4354
54ad0aa9-f043-4909-84f5-d4bdcce98ce8	8	645908	6526617	6754	0.5083
54ad0aa9-f043-4909-84f5-d4bdcce98ce8	8	6526726	9152532	1553	0.1941
54ad0aa9-f043-4909-84f5-d4bdcce98ce8	8	9153031	9457823	348	0.5048
54ad0aa9-f043-4909-84f5-d4bdcce98ce8	8	9458297	9477091	16	0.1524
54ad0aa9-f043-4909-84f5-d4bdcce98ce8	8	9491342	10748528	999	0.5044
54ad0aa9-f043-4909-84f5-d4bdcce98ce8	8	10753047	12177488	990	0.1829
54ad0aa9-f043-4909-84f5-d4bdcce98ce8	8	12323772	12382326	12	-0.3178
54ad0aa9-f043-4909-84f5-d4bdcce98ce8	8	12382653	12385031	10	0.1304
54ad0aa9-f043-4909-84f5-d4bdcce98ce8	8	12387683	12389977	7	-0.8229
54ad0aa9-f043-4909-84f5-d4bdcce98ce8	8	12418301	13145857	477	0.1898
54ad0aa9-f043-4909-84f5-d4bdcce98ce8	8	13148050	13161686	10	0.8397
54ad0aa9-f043-4909-84f5-d4bdcce98ce8	8	13163377	13638036	454	0.2245
54ad0aa9-f043-4909-84f5-d4bdcce98ce8	8	13641890	13798184	193	-0.086
54ad0aa9-f043-4909-84f5-d4bdcce98ce8	8	13798200	16015980	2064	-0.2071
54ad0aa9-f043-4909-84f5-d4bdcce98ce8	8	16017012	16412497	332	-0.132
54ad0aa9-f043-4909-84f5-d4bdcce98ce8	8	16412585	18617617	1984	0.5305
54ad0aa9-f043-4909-84f5-d4bdcce98ce8	8	18617770	18621647	8	-0.0978
54ad0aa9-f043-4909-84f5-d4bdcce98ce8	8	18621677	21090395	2160	0.5189
54ad0aa9-f043-4909-84f5-d4bdcce98ce8	8	21092974	23381854	1440	-0.2333
54ad0aa9-f043-4909-84f5-d4bdcce98ce8	8	23382116	24084697	497	0.5025
54ad0aa9-f043-4909-84f5-d4bdcce98ce8	8	24086347	25114672	765	-0.222
54ad0aa9-f043-4909-84f5-d4bdcce98ce8	8	25116928	25126818	27	0.1531
54ad0aa9-f043-4909-84f5-d4bdcce98ce8	8	25133589	26677759	1166	-0.2166
54ad0aa9-f043-4909-84f5-d4bdcce98ce8	8	26678402	26684176	6	0.552
54ad0aa9-f043-4909-84f5-d4bdcce98ce8	8	26686151	27212582	443	-0.2181
54ad0aa9-f043-4909-84f5-d4bdcce98ce8	8	27217236	27239117	11	0.4782
54ad0aa9-f043-4909-84f5-d4bdcce98ce8	8	27241841	28109848	685	-0.2453
54ad0aa9-f043-4909-84f5-d4bdcce98ce8	8	28115698	28314060	170	0.5056
54ad0aa9-f043-4909-84f5-d4bdcce98ce8	8	28314981	28336288	18	0.8072
54ad0aa9-f043-4909-84f5-d4bdcce98ce8	8	28336329	28341853	10	0.4271
54ad0aa9-f043-4909-84f5-d4bdcce98ce8	8	28346747	36886565	5121	-0.2236
54ad0aa9-f043-4909-84f5-d4bdcce98ce8	8	36887197	37003849	66	0.518
54ad0aa9-f043-4909-84f5-d4bdcce98ce8	8	37005118	39373140	1274	-0.2368
54ad0aa9-f043-4909-84f5-d4bdcce98ce8	8	39378084	39529446	58	0.6114
54ad0aa9-f043-4909-84f5-d4bdcce98ce8	8	39530780	39537590	6	0.111
54ad0aa9-f043-4909-84f5-d4bdcce98ce8	8	39538338	42399086	2046	-0.2245
54ad0aa9-f043-4909-84f5-d4bdcce98ce8	8	42401679	43899595	522	-0.0288
54ad0aa9-f043-4909-84f5-d4bdcce98ce8	8	43901170	59046020	7951	0.1865
54ad0aa9-f043-4909-84f5-d4bdcce98ce8	8	59049030	59051969	2	-1.2013
54ad0aa9-f043-4909-84f5-d4bdcce98ce8	8	59052641	63936079	3083	0.1822
54ad0aa9-f043-4909-84f5-d4bdcce98ce8	8	63936340	63936561	6	1.2628
54ad0aa9-f043-4909-84f5-d4bdcce98ce8	8	63936953	71300130	4231	0.1804
54ad0aa9-f043-4909-84f5-d4bdcce98ce8	8	71303076	71304199	6	-0.7744
54ad0aa9-f043-4909-84f5-d4bdcce98ce8	8	71304266	111279265	24007	0.1939
54ad0aa9-f043-4909-84f5-d4bdcce98ce8	8	111282050	111290954	12	0.7958
54ad0aa9-f043-4909-84f5-d4bdcce98ce8	8	111291092	112923894	876	0.2061
54ad0aa9-f043-4909-84f5-d4bdcce98ce8	8	112924263	119139771	4059	0.3264
54ad0aa9-f043-4909-84f5-d4bdcce98ce8	8	119142545	119147207	4	-0.8542
54ad0aa9-f043-4909-84f5-d4bdcce98ce8	8	119150615	137810080	13664	0.3323
54ad0aa9-f043-4909-84f5-d4bdcce98ce8	8	137811491	137812781	4	-1.0523
54ad0aa9-f043-4909-84f5-d4bdcce98ce8	8	137813527	141046188	2485	0.3126
54ad0aa9-f043-4909-84f5-d4bdcce98ce8	8	141046312	142676105	887	0.1806
54ad0aa9-f043-4909-84f5-d4bdcce98ce8	8	142682540	144170750	500	0.2989
54ad0aa9-f043-4909-84f5-d4bdcce98ce8	8	144177490	144858464	231	0.1807
54ad0aa9-f043-4909-84f5-d4bdcce98ce8	8	144860715	145008761	93	0.3487
54ad0aa9-f043-4909-84f5-d4bdcce98ce8	8	145008794	145072769	32	0.1616
54ad0aa9-f043-4909-84f5-d4bdcce98ce8	9	46587	1975279	2126	-0.2202
54ad0aa9-f043-4909-84f5-d4bdcce98ce8	9	1977261	9232141	6654	-0.565
54ad0aa9-f043-4909-84f5-d4bdcce98ce8	9	9232365	12617803	2908	-0.473
54ad0aa9-f043-4909-84f5-d4bdcce98ce8	9	12619065	16864574	3500	-0.5639
54ad0aa9-f043-4909-84f5-d4bdcce98ce8	9	16868693	22492890	4557	0.0248
54ad0aa9-f043-4909-84f5-d4bdcce98ce8	9	22501914	22502700	2	-3.6385
54ad0aa9-f043-4909-84f5-d4bdcce98ce8	9	22509341	27741363	3802	0.0457
54ad0aa9-f043-4909-84f5-d4bdcce98ce8	9	27741751	29573867	1423	-0.2
54ad0aa9-f043-4909-84f5-d4bdcce98ce8	9	29575469	29976373	319	-0.7833
54ad0aa9-f043-4909-84f5-d4bdcce98ce8	9	29980371	40229601	5756	-0.2013
54ad0aa9-f043-4909-84f5-d4bdcce98ce8	9	40712794	40753470	5	-1.1951
54ad0aa9-f043-4909-84f5-d4bdcce98ce8	9	40769393	42014203	90	-0.3151
54ad0aa9-f043-4909-84f5-d4bdcce98ce8	9	42037471	42302534	30	0.3717
54ad0aa9-f043-4909-84f5-d4bdcce98ce8	9	42302678	42720266	19	-0.5871
54ad0aa9-f043-4909-84f5-d4bdcce98ce8	9	42726239	42856247	30	-1.3996
54ad0aa9-f043-4909-84f5-d4bdcce98ce8	9	60863881	62527527	60	-0.7233
54ad0aa9-f043-4909-84f5-d4bdcce98ce8	9	62862781	66996941	127	-0.2459
54ad0aa9-f043-4909-84f5-d4bdcce98ce8	9	67042427	69519854	1030	-0.8361
54ad0aa9-f043-4909-84f5-d4bdcce98ce8	9	69522620	69566648	34	0.2325
54ad0aa9-f043-4909-84f5-d4bdcce98ce8	9	69568594	70052546	345	-0.8443
54ad0aa9-f043-4909-84f5-d4bdcce98ce8	9	70058612	70069194	14	0.2032
54ad0aa9-f043-4909-84f5-d4bdcce98ce8	9	70073235	72494346	1730	-0.8158
54ad0aa9-f043-4909-84f5-d4bdcce98ce8	9	72496161	72518366	16	0.2894
54ad0aa9-f043-4909-84f5-d4bdcce98ce8	9	72520145	73649402	695	-0.7827
54ad0aa9-f043-4909-84f5-d4bdcce98ce8	9	73652127	73770606	88	0.2075
54ad0aa9-f043-4909-84f5-d4bdcce98ce8	9	73770762	73789245	9	-0.2815
54ad0aa9-f043-4909-84f5-d4bdcce98ce8	9	73789277	74095450	169	-0.7156
54ad0aa9-f043-4909-84f5-d4bdcce98ce8	9	74097158	74098692	4	0.2399
54ad0aa9-f043-4909-84f5-d4bdcce98ce8	9	74105238	74584037	300	-0.826
54ad0aa9-f043-4909-84f5-d4bdcce98ce8	9	74587208	74601424	15	-0.2254
54ad0aa9-f043-4909-84f5-d4bdcce98ce8	9	74601981	75387644	514	0.2022
54ad0aa9-f043-4909-84f5-d4bdcce98ce8	9	75390261	75393245	3	-1.5129
54ad0aa9-f043-4909-84f5-d4bdcce98ce8	9	75397543	75975753	484	0.1839
54ad0aa9-f043-4909-84f5-d4bdcce98ce8	9	75978065	78346739	1811	-0.8237
54ad0aa9-f043-4909-84f5-d4bdcce98ce8	9	78346818	81722907	2522	-0.2201
54ad0aa9-f043-4909-84f5-d4bdcce98ce8	9	81729890	81776428	40	0.5117
54ad0aa9-f043-4909-84f5-d4bdcce98ce8	9	81778516	85121579	2322	-0.2113
54ad0aa9-f043-4909-84f5-d4bdcce98ce8	9	85124618	86094535	613	0.4926
54ad0aa9-f043-4909-84f5-d4bdcce98ce8	9	86102603	93591402	5221	-0.2304
54ad0aa9-f043-4909-84f5-d4bdcce98ce8	9	93591465	93593656	2	-1.9489
54ad0aa9-f043-4909-84f5-d4bdcce98ce8	9	93594297	97395770	2408	-0.2121
54ad0aa9-f043-4909-84f5-d4bdcce98ce8	9	97396178	97399116	3	-1.4957
54ad0aa9-f043-4909-84f5-d4bdcce98ce8	9	97399475	100667736	2077	-0.2322
54ad0aa9-f043-4909-84f5-d4bdcce98ce8	9	100669527	110555119	7602	-0.1899
54ad0aa9-f043-4909-84f5-d4bdcce98ce8	9	110557862	135122081	16467	-0.2295
54ad0aa9-f043-4909-84f5-d4bdcce98ce8	9	135125009	135125294	2	-1.9678
54ad0aa9-f043-4909-84f5-d4bdcce98ce8	9	135125350	135246978	86	-0.2364
54ad0aa9-f043-4909-84f5-d4bdcce98ce8	9	135247660	135388596	107	-0.4756
54ad0aa9-f043-4909-84f5-d4bdcce98ce8	9	135390347	138200944	1048	-0.2347
54ad0aa9-f043-4909-84f5-d4bdcce98ce8	10	45792	2408043	1804	0.1591
54ad0aa9-f043-4909-84f5-d4bdcce98ce8	10	2411595	2414121	7	0.8764
54ad0aa9-f043-4909-84f5-d4bdcce98ce8	10	2417472	2456151	40	0.21
54ad0aa9-f043-4909-84f5-d4bdcce98ce8	10	2456944	4894701	2380	0.479
54ad0aa9-f043-4909-84f5-d4bdcce98ce8	10	4894926	6368170	1134	0.728
54ad0aa9-f043-4909-84f5-d4bdcce98ce8	10	6368325	6381719	34	0.4857
54ad0aa9-f043-4909-84f5-d4bdcce98ce8	10	6382528	6746614	376	0.727
54ad0aa9-f043-4909-84f5-d4bdcce98ce8	10	6746689	17907840	9022	0.4761
54ad0aa9-f043-4909-84f5-d4bdcce98ce8	10	17910884	17929793	2	1.8424
54ad0aa9-f043-4909-84f5-d4bdcce98ce8	10	17934718	19660910	1400	0.4814
54ad0aa9-f043-4909-84f5-d4bdcce98ce8	10	19665729	20710788	883	0.7024
54ad0aa9-f043-4909-84f5-d4bdcce98ce8	10	20711956	22174049	806	0.4736
54ad0aa9-f043-4909-84f5-d4bdcce98ce8	10	22176926	22214157	24	0.7979
54ad0aa9-f043-4909-84f5-d4bdcce98ce8	10	22214468	26934974	3195	0.4658
54ad0aa9-f043-4909-84f5-d4bdcce98ce8	10	26936975	26939544	13	1.1612
54ad0aa9-f043-4909-84f5-d4bdcce98ce8	10	26941064	30957581	3012	0.4813
54ad0aa9-f043-4909-84f5-d4bdcce98ce8	10	30962405	30962850	11	-1.7093
54ad0aa9-f043-4909-84f5-d4bdcce98ce8	10	30962893	38660948	4774	0.4727
54ad0aa9-f043-4909-84f5-d4bdcce98ce8	10	38663748	45577424	2352	0.3072
54ad0aa9-f043-4909-84f5-d4bdcce98ce8	10	45577437	45580787	4	-2.2672
54ad0aa9-f043-4909-84f5-d4bdcce98ce8	10	45584888	45592613	8	-0.6096
54ad0aa9-f043-4909-84f5-d4bdcce98ce8	10	45593515	46215430	128	0.3084
54ad0aa9-f043-4909-84f5-d4bdcce98ce8	10	46215762	47045228	222	0.1486
54ad0aa9-f043-4909-84f5-d4bdcce98ce8	10	47066259	48603273	637	0.2965
54ad0aa9-f043-4909-84f5-d4bdcce98ce8	10	48607248	49669875	891	0.494
54ad0aa9-f043-4909-84f5-d4bdcce98ce8	10	49671832	52555051	1923	0.3111
54ad0aa9-f043-4909-84f5-d4bdcce98ce8	10	52555107	55088576	1949	0.1265
54ad0aa9-f043-4909-84f5-d4bdcce98ce8	10	55088628	56032680	634	0.4158
54ad0aa9-f043-4909-84f5-d4bdcce98ce8	10	56035317	66297305	7230	0.3299
54ad0aa9-f043-4909-84f5-d4bdcce98ce8	10	66304836	67186355	636	0.4016
54ad0aa9-f043-4909-84f5-d4bdcce98ce8	10	67186662	70664696	2222	0.2983
54ad0aa9-f043-4909-84f5-d4bdcce98ce8	10	70665984	70783715	109	0.1405
54ad0aa9-f043-4909-84f5-d4bdcce98ce8	10	70794626	79523511	5627	0.3057
54ad0aa9-f043-4909-84f5-d4bdcce98ce8	10	79533859	79754434	23	-0.14
54ad0aa9-f043-4909-84f5-d4bdcce98ce8	10	79763550	106732474	17422	0.3099
54ad0aa9-f043-4909-84f5-d4bdcce98ce8	10	106734193	107473808	602	0.0703
54ad0aa9-f043-4909-84f5-d4bdcce98ce8	10	107473968	122584593	10957	0.1065
54ad0aa9-f043-4909-84f5-d4bdcce98ce8	10	122584707	122591497	5	-0.9844
54ad0aa9-f043-4909-84f5-d4bdcce98ce8	10	122597296	129698193	5301	0.1006
54ad0aa9-f043-4909-84f5-d4bdcce98ce8	10	129700669	131777635	1706	0.0425
54ad0aa9-f043-4909-84f5-d4bdcce98ce8	10	131787097	131796645	5	-1.295
54ad0aa9-f043-4909-84f5-d4bdcce98ce8	10	131797133	133415637	723	0.0451
54ad0aa9-f043-4909-84f5-d4bdcce98ce8	10	133416215	133416364	2	-1.5684
54ad0aa9-f043-4909-84f5-d4bdcce98ce8	10	133419150	133654968	147	0.0557
54ad0aa9-f043-4909-84f5-d4bdcce98ce8	11	198510	4946420	2408	-0.0138
54ad0aa9-f043-4909-84f5-d4bdcce98ce8	11	4947280	4955042	30	-0.6937
54ad0aa9-f043-4909-84f5-d4bdcce98ce8	11	4955781	5769733	788	0.0162
54ad0aa9-f043-4909-84f5-d4bdcce98ce8	11	5772211	5787909	24	0.515
54ad0aa9-f043-4909-84f5-d4bdcce98ce8	11	5788108	18919323	9375	0.0089
54ad0aa9-f043-4909-84f5-d4bdcce98ce8	11	18927525	18940586	47	1.0735
54ad0aa9-f043-4909-84f5-d4bdcce98ce8	11	18949158	21825348	2577	0.0228
54ad0aa9-f043-4909-84f5-d4bdcce98ce8	11	21825960	21827206	5	-1.2383
54ad0aa9-f043-4909-84f5-d4bdcce98ce8	11	21829111	27147384	3867	0.0406
54ad0aa9-f043-4909-84f5-d4bdcce98ce8	11	27148182	36908559	6775	-0.2366
54ad0aa9-f043-4909-84f5-d4bdcce98ce8	11	36910926	37635189	490	-0.137
54ad0aa9-f043-4909-84f5-d4bdcce98ce8	11	37635347	48341564	6686	-0.2468
54ad0aa9-f043-4909-84f5-d4bdcce98ce8	11	48343895	55606572	1267	-0.164
54ad0aa9-f043-4909-84f5-d4bdcce98ce8	11	55606712	55674842	46	-1.4083
54ad0aa9-f043-4909-84f5-d4bdcce98ce8	11	55676735	55677818	4	0.2822
54ad0aa9-f043-4909-84f5-d4bdcce98ce8	11	55678469	55685533	7	-1.4484
54ad0aa9-f043-4909-84f5-d4bdcce98ce8	11	55686100	56215590	384	-0.0966
54ad0aa9-f043-4909-84f5-d4bdcce98ce8	11	56216591	65916447	5139	-0.2541
54ad0aa9-f043-4909-84f5-d4bdcce98ce8	11	65916513	66309662	186	-0.0368
54ad0aa9-f043-4909-84f5-d4bdcce98ce8	11	66309732	66684491	131	-0.292
54ad0aa9-f043-4909-84f5-d4bdcce98ce8	11	66690573	70713946	1927	0.0188
54ad0aa9-f043-4909-84f5-d4bdcce98ce8	11	70714204	70839035	76	-0.3519
54ad0aa9-f043-4909-84f5-d4bdcce98ce8	11	70839074	93073804	14126	-0.2348
54ad0aa9-f043-4909-84f5-d4bdcce98ce8	11	93074200	93479609	258	-0.0923
54ad0aa9-f043-4909-84f5-d4bdcce98ce8	11	93480154	107368088	10011	-0.2195
54ad0aa9-f043-4909-84f5-d4bdcce98ce8	11	107368205	107368402	2	-1.9658
54ad0aa9-f043-4909-84f5-d4bdcce98ce8	11	107381636	107910653	383	-0.2163
54ad0aa9-f043-4909-84f5-d4bdcce98ce8	11	107913781	107916987	3	-1.7974
54ad0aa9-f043-4909-84f5-d4bdcce98ce8	11	107919044	133908207	18594	-0.241
54ad0aa9-f043-4909-84f5-d4bdcce98ce8	11	133908421	135074876	862	-0.3247
54ad0aa9-f043-4909-84f5-d4bdcce98ce8	12	51460	233990	105	0.1377
54ad0aa9-f043-4909-84f5-d4bdcce98ce8	12	238493	3316411	2037	0.2264
54ad0aa9-f043-4909-84f5-d4bdcce98ce8	12	3317523	3319262	5	-0.569
54ad0aa9-f043-4909-84f5-d4bdcce98ce8	12	3319593	9477960	4013	0.24
54ad0aa9-f043-4909-84f5-d4bdcce98ce8	12	9481274	9575696	24	0.7635
54ad0aa9-f043-4909-84f5-d4bdcce98ce8	12	9582373	30082648	14263	0.2605
54ad0aa9-f043-4909-84f5-d4bdcce98ce8	12	30086334	30090642	19	-0.4272
54ad0aa9-f043-4909-84f5-d4bdcce98ce8	12	30090657	32908052	2087	0.2574
54ad0aa9-f043-4909-84f5-d4bdcce98ce8	12	32912032	33141726	170	0.39
54ad0aa9-f043-4909-84f5-d4bdcce98ce8	12	33148472	33155453	29	-0.0592
54ad0aa9-f043-4909-84f5-d4bdcce98ce8	12	33155525	34254470	665	0.4499
54ad0aa9-f043-4909-84f5-d4bdcce98ce8	12	34261812	34423775	63	0.0962
54ad0aa9-f043-4909-84f5-d4bdcce98ce8	12	34424876	38298401	291	0.3443
54ad0aa9-f043-4909-84f5-d4bdcce98ce8	12	38301465	38834977	319	0.4966
54ad0aa9-f043-4909-84f5-d4bdcce98ce8	12	38838205	42822741	2624	0.3844
54ad0aa9-f043-4909-84f5-d4bdcce98ce8	12	42829751	43635716	516	0.4803
54ad0aa9-f043-4909-84f5-d4bdcce98ce8	12	43637419	45512057	1090	0.3755
54ad0aa9-f043-4909-84f5-d4bdcce98ce8	12	45514957	45515754	2	-2.4811
54ad0aa9-f043-4909-84f5-d4bdcce98ce8	12	45519509	48625338	1877	0.3656
54ad0aa9-f043-4909-84f5-d4bdcce98ce8	12	48626346	48628619	3	-0.7701
54ad0aa9-f043-4909-84f5-d4bdcce98ce8	12	48629193	52431120	1975	0.3411
54ad0aa9-f043-4909-84f5-d4bdcce98ce8	12	52432055	52991388	499	0.4925
54ad0aa9-f043-4909-84f5-d4bdcce98ce8	12	52992098	55012045	1053	0.3624
54ad0aa9-f043-4909-84f5-d4bdcce98ce8	12	55012179	55019228	10	0.955
54ad0aa9-f043-4909-84f5-d4bdcce98ce8	12	55021438	58592378	2022	0.3643
54ad0aa9-f043-4909-84f5-d4bdcce98ce8	12	58592896	61654697	1910	0.4946
54ad0aa9-f043-4909-84f5-d4bdcce98ce8	12	61655089	63531025	1254	0.3985
54ad0aa9-f043-4909-84f5-d4bdcce98ce8	12	63539183	63742874	63	-0.3074
54ad0aa9-f043-4909-84f5-d4bdcce98ce8	12	63749408	70753513	4669	0.3581
54ad0aa9-f043-4909-84f5-d4bdcce98ce8	12	70755364	84547650	8665	0.3969
54ad0aa9-f043-4909-84f5-d4bdcce98ce8	12	84550936	103115812	11859	0.0499
54ad0aa9-f043-4909-84f5-d4bdcce98ce8	12	103116655	103331782	123	0.2695
54ad0aa9-f043-4909-84f5-d4bdcce98ce8	12	103340437	106639536	2487	0.0496
54ad0aa9-f043-4909-84f5-d4bdcce98ce8	12	106642688	131613387	17192	0.023
54ad0aa9-f043-4909-84f5-d4bdcce98ce8	12	131613508	131648790	31	-0.3209
54ad0aa9-f043-4909-84f5-d4bdcce98ce8	12	131657925	133201603	559	-0.0083
54ad0aa9-f043-4909-84f5-d4bdcce98ce8	13	18452809	20024235	749	-0.1966
54ad0aa9-f043-4909-84f5-d4bdcce98ce8	13	20025195	27600497	5497	-0.2379
54ad0aa9-f043-4909-84f5-d4bdcce98ce8	13	27602290	27602488	3	-1.8573
54ad0aa9-f043-4909-84f5-d4bdcce98ce8	13	27603729	34369556	5091	-0.2441
54ad0aa9-f043-4909-84f5-d4bdcce98ce8	13	34369625	37497899	2079	-0.2168
54ad0aa9-f043-4909-84f5-d4bdcce98ce8	13	37498087	37514784	21	0.2497
54ad0aa9-f043-4909-84f5-d4bdcce98ce8	13	37516703	54559774	11148	-0.2085
54ad0aa9-f043-4909-84f5-d4bdcce98ce8	13	54561613	54901907	196	-0.0583
54ad0aa9-f043-4909-84f5-d4bdcce98ce8	13	54904424	57176962	1122	-0.1859
54ad0aa9-f043-4909-84f5-d4bdcce98ce8	13	57184136	57204234	33	-1.5282
54ad0aa9-f043-4909-84f5-d4bdcce98ce8	13	57204246	63552995	3723	-0.2006
54ad0aa9-f043-4909-84f5-d4bdcce98ce8	13	63553232	64326862	453	-0.0768
54ad0aa9-f043-4909-84f5-d4bdcce98ce8	13	64326883	68674201	2684	-0.1697
54ad0aa9-f043-4909-84f5-d4bdcce98ce8	13	68674425	68675349	5	-2.0002
54ad0aa9-f043-4909-84f5-d4bdcce98ce8	13	68676647	68677848	8	-0.0959
54ad0aa9-f043-4909-84f5-d4bdcce98ce8	13	68678863	68694110	23	-1.7617
54ad0aa9-f043-4909-84f5-d4bdcce98ce8	13	68694987	71902850	2047	-0.2005
54ad0aa9-f043-4909-84f5-d4bdcce98ce8	13	71903417	71906418	4	-2.1408
54ad0aa9-f043-4909-84f5-d4bdcce98ce8	13	71906467	90100901	11773	-0.2022
54ad0aa9-f043-4909-84f5-d4bdcce98ce8	13	90101075	103564814	9320	-0.2274
54ad0aa9-f043-4909-84f5-d4bdcce98ce8	13	103565163	107409276	3114	-0.1977
54ad0aa9-f043-4909-84f5-d4bdcce98ce8	13	107409433	112974526	4151	-0.243
54ad0aa9-f043-4909-84f5-d4bdcce98ce8	13	112976829	113017050	11	-0.895
54ad0aa9-f043-4909-84f5-d4bdcce98ce8	13	113017083	114342922	573	-0.2742
54ad0aa9-f043-4909-84f5-d4bdcce98ce8	14	18239283	18646056	16	0.1189
54ad0aa9-f043-4909-84f5-d4bdcce98ce8	14	18656322	19110634	17	1.3003
54ad0aa9-f043-4909-84f5-d4bdcce98ce8	14	19134873	19732222	33	0.0157
54ad0aa9-f043-4909-84f5-d4bdcce98ce8	14	19732250	19952080	98	-0.531
54ad0aa9-f043-4909-84f5-d4bdcce98ce8	14	19954424	21632901	1107	-0.235
54ad0aa9-f043-4909-84f5-d4bdcce98ce8	14	21632925	22501067	730	-0.0499
54ad0aa9-f043-4909-84f5-d4bdcce98ce8	14	22501252	35870975	8319	-0.223
54ad0aa9-f043-4909-84f5-d4bdcce98ce8	14	35876312	35883117	6	1.782
54ad0aa9-f043-4909-84f5-d4bdcce98ce8	14	35885821	35918478	19	2.5108
54ad0aa9-f043-4909-84f5-d4bdcce98ce8	14	35918522	36352340	316	1.5381
54ad0aa9-f043-4909-84f5-d4bdcce98ce8	14	36355664	36935659	499	1.3843
54ad0aa9-f043-4909-84f5-d4bdcce98ce8	14	36937579	37062697	101	1.5936
54ad0aa9-f043-4909-84f5-d4bdcce98ce8	14	37065186	37577553	272	2.018
54ad0aa9-f043-4909-84f5-d4bdcce98ce8	14	37579902	38462150	521	1.5241
54ad0aa9-f043-4909-84f5-d4bdcce98ce8	14	38462163	38462354	5	0.1064
54ad0aa9-f043-4909-84f5-d4bdcce98ce8	14	38462461	38815022	199	1.4608
54ad0aa9-f043-4909-84f5-d4bdcce98ce8	14	38823862	39591312	424	0.4616
54ad0aa9-f043-4909-84f5-d4bdcce98ce8	14	39592812	39632965	25	1.4961
54ad0aa9-f043-4909-84f5-d4bdcce98ce8	14	39639962	41899881	1493	-0.1963
54ad0aa9-f043-4909-84f5-d4bdcce98ce8	14	41902727	41903610	2	-1.7946
54ad0aa9-f043-4909-84f5-d4bdcce98ce8	14	41904636	48858676	4028	-0.1894
54ad0aa9-f043-4909-84f5-d4bdcce98ce8	14	48858828	97646204	31982	-0.043
54ad0aa9-f043-4909-84f5-d4bdcce98ce8	14	97646489	105752248	4524	-0.0988
54ad0aa9-f043-4909-84f5-d4bdcce98ce8	14	105757263	106852724	469	-0.0346
54ad0aa9-f043-4909-84f5-d4bdcce98ce8	14	106853427	106877229	15	-0.2689
54ad0aa9-f043-4909-84f5-d4bdcce98ce8	15	19811075	22227530	181	-0.2049
54ad0aa9-f043-4909-84f5-d4bdcce98ce8	15	22228782	22294951	21	-0.9586
54ad0aa9-f043-4909-84f5-d4bdcce98ce8	15	22296480	29119844	3961	-0.2396
54ad0aa9-f043-4909-84f5-d4bdcce98ce8	15	29123357	29136885	12	-0.8859
54ad0aa9-f043-4909-84f5-d4bdcce98ce8	15	29137635	30215235	652	-0.2199
54ad0aa9-f043-4909-84f5-d4bdcce98ce8	15	30230885	30269364	7	-1.0406
54ad0aa9-f043-4909-84f5-d4bdcce98ce8	15	30281107	34421922	2575	-0.2272
54ad0aa9-f043-4909-84f5-d4bdcce98ce8	15	34430601	34435886	7	-1.1914
54ad0aa9-f043-4909-84f5-d4bdcce98ce8	15	34438901	34453577	9	-0.3496
54ad0aa9-f043-4909-84f5-d4bdcce98ce8	15	34454261	34517887	45	-0.9423
54ad0aa9-f043-4909-84f5-d4bdcce98ce8	15	34520918	101928837	43899	-0.2276
54ad0aa9-f043-4909-84f5-d4bdcce98ce8	16	10777	1511767	484	-0.3038
54ad0aa9-f043-4909-84f5-d4bdcce98ce8	16	1514822	14887120	10607	-0.1823
54ad0aa9-f043-4909-84f5-d4bdcce98ce8	16	14895982	15422291	123	-0.0077
54ad0aa9-f043-4909-84f5-d4bdcce98ce8	16	15425201	23368158	4063	-0.1724
54ad0aa9-f043-4909-84f5-d4bdcce98ce8	16	23370412	23370593	2	-1.7637
54ad0aa9-f043-4909-84f5-d4bdcce98ce8	16	23373936	35877681	5119	-0.1728
54ad0aa9-f043-4909-84f5-d4bdcce98ce8	16	35878246	48230182	810	0.0951
54ad0aa9-f043-4909-84f5-d4bdcce98ce8	16	48232615	48288622	32	0.2797
54ad0aa9-f043-4909-84f5-d4bdcce98ce8	16	48290555	48307833	6	-0.0906
54ad0aa9-f043-4909-84f5-d4bdcce98ce8	16	48307852	48412847	57	0.3011
54ad0aa9-f043-4909-84f5-d4bdcce98ce8	16	48413461	55762477	5575	0.0854
54ad0aa9-f043-4909-84f5-d4bdcce98ce8	16	55762598	55788485	20	-0.4883
54ad0aa9-f043-4909-84f5-d4bdcce98ce8	16	55788532	64614673	5646	0.0908
54ad0aa9-f043-4909-84f5-d4bdcce98ce8	16	64615732	64720020	58	-0.1572
54ad0aa9-f043-4909-84f5-d4bdcce98ce8	16	64720979	78337711	8536	0.0889
54ad0aa9-f043-4909-84f5-d4bdcce98ce8	16	78338543	78343264	10	-0.4925
54ad0aa9-f043-4909-84f5-d4bdcce98ce8	16	78343361	79323215	1295	0.0658
54ad0aa9-f043-4909-84f5-d4bdcce98ce8	16	79324225	88620040	8662	-0.1753
54ad0aa9-f043-4909-84f5-d4bdcce98ce8	16	88628968	89190888	165	-0.446
54ad0aa9-f043-4909-84f5-d4bdcce98ce8	16	89204009	90096867	457	-0.2175
54ad0aa9-f043-4909-84f5-d4bdcce98ce8	17	150733	520108	172	-0.1676
54ad0aa9-f043-4909-84f5-d4bdcce98ce8	17	521859	14271031	8745	0.0038
54ad0aa9-f043-4909-84f5-d4bdcce98ce8	17	14274071	16759600	1534	0.3877
54ad0aa9-f043-4909-84f5-d4bdcce98ce8	17	16759737	16838470	12	-0.1447
54ad0aa9-f043-4909-84f5-d4bdcce98ce8	17	16853833	18452078	906	0.3504
54ad0aa9-f043-4909-84f5-d4bdcce98ce8	17	18455632	18561907	26	0.9382
54ad0aa9-f043-4909-84f5-d4bdcce98ce8	17	18565883	21277414	1127	0.3447
54ad0aa9-f043-4909-84f5-d4bdcce98ce8	17	21280472	22575335	280	-0.0315
54ad0aa9-f043-4909-84f5-d4bdcce98ce8	17	22576047	27335443	256	0.1858
54ad0aa9-f043-4909-84f5-d4bdcce98ce8	17	27336553	27431631	54	0.4818
54ad0aa9-f043-4909-84f5-d4bdcce98ce8	17	27431666	27903454	282	0.1618
54ad0aa9-f043-4909-84f5-d4bdcce98ce8	17	27904930	28452035	249	0.4833
54ad0aa9-f043-4909-84f5-d4bdcce98ce8	17	28454323	28455301	2	-1.6204
54ad0aa9-f043-4909-84f5-d4bdcce98ce8	17	28462253	29161571	306	0.1656
54ad0aa9-f043-4909-84f5-d4bdcce98ce8	17	29162438	30366294	519	0.4863
54ad0aa9-f043-4909-84f5-d4bdcce98ce8	17	30371756	37079964	4267	-0.245
54ad0aa9-f043-4909-84f5-d4bdcce98ce8	17	37085395	38254377	493	0.4971
54ad0aa9-f043-4909-84f5-d4bdcce98ce8	17	38254553	43036325	2507	-0.2297
54ad0aa9-f043-4909-84f5-d4bdcce98ce8	17	43045257	43397410	184	0.4296
54ad0aa9-f043-4909-84f5-d4bdcce98ce8	17	43404354	45497555	1018	-0.247
54ad0aa9-f043-4909-84f5-d4bdcce98ce8	17	45508731	45571174	5	-1.407
54ad0aa9-f043-4909-84f5-d4bdcce98ce8	17	45577724	46127007	372	-0.2955
54ad0aa9-f043-4909-84f5-d4bdcce98ce8	17	46130778	46284643	92	0.2098
54ad0aa9-f043-4909-84f5-d4bdcce98ce8	17	46284997	49456210	1458	-0.2251
54ad0aa9-f043-4909-84f5-d4bdcce98ce8	17	49456462	49459159	3	-2.0191
54ad0aa9-f043-4909-84f5-d4bdcce98ce8	17	49459372	49500477	30	-0.2954
54ad0aa9-f043-4909-84f5-d4bdcce98ce8	17	49501373	51422436	977	0.4881
54ad0aa9-f043-4909-84f5-d4bdcce98ce8	17	51424091	52343273	730	0.1965
54ad0aa9-f043-4909-84f5-d4bdcce98ce8	17	52349213	53501617	792	0.5218
54ad0aa9-f043-4909-84f5-d4bdcce98ce8	17	53503593	55224501	1078	-0.2214
54ad0aa9-f043-4909-84f5-d4bdcce98ce8	17	55227395	56797742	1338	0.4821
54ad0aa9-f043-4909-84f5-d4bdcce98ce8	17	56798538	57020778	121	0.9475
54ad0aa9-f043-4909-84f5-d4bdcce98ce8	17	57022986	57610128	467	0.4872
54ad0aa9-f043-4909-84f5-d4bdcce98ce8	17	57610972	57611632	2	-1.0747
54ad0aa9-f043-4909-84f5-d4bdcce98ce8	17	57614632	58134739	351	0.4896
54ad0aa9-f043-4909-84f5-d4bdcce98ce8	17	58135153	58136733	4	-0.287
54ad0aa9-f043-4909-84f5-d4bdcce98ce8	17	58140037	58931679	386	0.4758
54ad0aa9-f043-4909-84f5-d4bdcce98ce8	17	58932634	59389712	200	0.9654
54ad0aa9-f043-4909-84f5-d4bdcce98ce8	17	59390523	59539052	86	0.4437
54ad0aa9-f043-4909-84f5-d4bdcce98ce8	17	59539832	59572197	18	0.302
54ad0aa9-f043-4909-84f5-d4bdcce98ce8	17	59576855	60045127	182	-0.2305
54ad0aa9-f043-4909-84f5-d4bdcce98ce8	17	60045149	60071506	13	0.5911
54ad0aa9-f043-4909-84f5-d4bdcce98ce8	17	60074524	60133670	35	-0.1381
54ad0aa9-f043-4909-84f5-d4bdcce98ce8	17	60136602	60929466	390	0.4802
54ad0aa9-f043-4909-84f5-d4bdcce98ce8	17	60935692	63168386	1093	0.1873
54ad0aa9-f043-4909-84f5-d4bdcce98ce8	17	63174891	64258410	537	0.4634
54ad0aa9-f043-4909-84f5-d4bdcce98ce8	17	64259832	64596082	127	-0.2528
54ad0aa9-f043-4909-84f5-d4bdcce98ce8	17	64602542	64637855	15	0.3353
54ad0aa9-f043-4909-84f5-d4bdcce98ce8	17	64642520	66244651	906	0.484
54ad0aa9-f043-4909-84f5-d4bdcce98ce8	17	66245183	66402957	102	-0.2106
54ad0aa9-f043-4909-84f5-d4bdcce98ce8	17	66412525	70215653	2481	0.4884
54ad0aa9-f043-4909-84f5-d4bdcce98ce8	17	70216103	71016308	644	0.2083
54ad0aa9-f043-4909-84f5-d4bdcce98ce8	17	71020884	71915225	727	0.5102
54ad0aa9-f043-4909-84f5-d4bdcce98ce8	17	71915441	73742096	1415	0.1755
54ad0aa9-f043-4909-84f5-d4bdcce98ce8	17	73742947	75036224	791	0.1086
54ad0aa9-f043-4909-84f5-d4bdcce98ce8	17	75036245	76142478	438	0.195
54ad0aa9-f043-4909-84f5-d4bdcce98ce8	17	76143183	76175824	32	0.5383
54ad0aa9-f043-4909-84f5-d4bdcce98ce8	17	76178006	76645999	265	0.1436
54ad0aa9-f043-4909-84f5-d4bdcce98ce8	17	76648812	79365496	1667	0.4343
54ad0aa9-f043-4909-84f5-d4bdcce98ce8	17	79365779	79796310	147	0.128
54ad0aa9-f043-4909-84f5-d4bdcce98ce8	17	79807926	80798446	608	0.4621
54ad0aa9-f043-4909-84f5-d4bdcce98ce8	17	80801771	81139641	147	-0.249
54ad0aa9-f043-4909-84f5-d4bdcce98ce8	17	81154966	81161357	7	-0.962
54ad0aa9-f043-4909-84f5-d4bdcce98ce8	17	81168461	83091923	713	-0.253
54ad0aa9-f043-4909-84f5-d4bdcce98ce8	18	48133	86591	6	-0.1219
54ad0aa9-f043-4909-84f5-d4bdcce98ce8	18	90580	1341087	897	0.2565
54ad0aa9-f043-4909-84f5-d4bdcce98ce8	18	1344119	1639526	218	0.4694
54ad0aa9-f043-4909-84f5-d4bdcce98ce8	18	1639536	1646206	2	-0.9028
54ad0aa9-f043-4909-84f5-d4bdcce98ce8	18	1648747	1723387	48	0.4676
54ad0aa9-f043-4909-84f5-d4bdcce98ce8	18	1725757	1916607	148	0.5916
54ad0aa9-f043-4909-84f5-d4bdcce98ce8	18	1920118	3916561	1426	0.4242
54ad0aa9-f043-4909-84f5-d4bdcce98ce8	18	3917030	4454150	481	0.2478
54ad0aa9-f043-4909-84f5-d4bdcce98ce8	18	4458600	4494321	25	-0.817
54ad0aa9-f043-4909-84f5-d4bdcce98ce8	18	4498302	4845617	207	0.2757
54ad0aa9-f043-4909-84f5-d4bdcce98ce8	18	4846270	14661644	6694	0.0313
54ad0aa9-f043-4909-84f5-d4bdcce98ce8	18	14663972	14672480	2	1.411
54ad0aa9-f043-4909-84f5-d4bdcce98ce8	18	14691686	32383734	7265	0.0347
54ad0aa9-f043-4909-84f5-d4bdcce98ce8	18	32390213	32392761	3	-1.541
54ad0aa9-f043-4909-84f5-d4bdcce98ce8	18	32392811	40680506	5291	0.0384
54ad0aa9-f043-4909-84f5-d4bdcce98ce8	18	40680516	40685425	15	-0.7842
54ad0aa9-f043-4909-84f5-d4bdcce98ce8	18	40688060	42471713	1209	0.0262
54ad0aa9-f043-4909-84f5-d4bdcce98ce8	18	42476604	42477506	24	-0.8394
54ad0aa9-f043-4909-84f5-d4bdcce98ce8	18	42477802	46645009	2667	0.0366
54ad0aa9-f043-4909-84f5-d4bdcce98ce8	18	46649522	46650255	3	-1.2921
54ad0aa9-f043-4909-84f5-d4bdcce98ce8	18	46650765	53677765	4966	0.0006
54ad0aa9-f043-4909-84f5-d4bdcce98ce8	18	53680839	53681183	2	-3.2277
54ad0aa9-f043-4909-84f5-d4bdcce98ce8	18	53683207	64236916	7308	-0.0025
54ad0aa9-f043-4909-84f5-d4bdcce98ce8	18	64237128	66095064	1286	0.0596
54ad0aa9-f043-4909-84f5-d4bdcce98ce8	18	66099904	66100686	3	-1.989
54ad0aa9-f043-4909-84f5-d4bdcce98ce8	18	66108359	71405112	3780	0.0262
54ad0aa9-f043-4909-84f5-d4bdcce98ce8	18	71405669	73818329	1927	0.0806
54ad0aa9-f043-4909-84f5-d4bdcce98ce8	18	73828262	79362597	4203	-0.0068
54ad0aa9-f043-4909-84f5-d4bdcce98ce8	18	79362830	79835178	200	-0.1746
54ad0aa9-f043-4909-84f5-d4bdcce98ce8	18	79838946	80257174	223	-0.027
54ad0aa9-f043-4909-84f5-d4bdcce98ce8	19	90910	1307729	275	0.2615
54ad0aa9-f043-4909-84f5-d4bdcce98ce8	19	1310137	8346772	2659	-0.2492
54ad0aa9-f043-4909-84f5-d4bdcce98ce8	19	8347288	8349417	2	-2.4815
54ad0aa9-f043-4909-84f5-d4bdcce98ce8	19	8356123	17259275	4544	-0.2454
54ad0aa9-f043-4909-84f5-d4bdcce98ce8	19	17266803	19877200	1092	0.2128
54ad0aa9-f043-4909-84f5-d4bdcce98ce8	19	19879175	20305231	250	0.3247
54ad0aa9-f043-4909-84f5-d4bdcce98ce8	19	20305247	20307978	2	-1.1438
54ad0aa9-f043-4909-84f5-d4bdcce98ce8	19	20308028	21085249	452	0.3198
54ad0aa9-f043-4909-84f5-d4bdcce98ce8	19	21087644	24110035	1752	0.2277
54ad0aa9-f043-4909-84f5-d4bdcce98ce8	19	24110728	46802503	11375	0.2707
54ad0aa9-f043-4909-84f5-d4bdcce98ce8	19	46805409	50621999	1670	-0.2467
54ad0aa9-f043-4909-84f5-d4bdcce98ce8	19	50630337	55771003	3143	0.2224
54ad0aa9-f043-4909-84f5-d4bdcce98ce8	19	55771169	55771701	3	-2.3839
54ad0aa9-f043-4909-84f5-d4bdcce98ce8	19	55774927	58373598	1737	0.2304
54ad0aa9-f043-4909-84f5-d4bdcce98ce8	19	58377835	58586487	96	0.0417
54ad0aa9-f043-4909-84f5-d4bdcce98ce8	20	80664	81049	11	0.1794
54ad0aa9-f043-4909-84f5-d4bdcce98ce8	20	81154	1580353	1190	0.4641
54ad0aa9-f043-4909-84f5-d4bdcce98ce8	20	1580934	1613247	41	-0.2928
54ad0aa9-f043-4909-84f5-d4bdcce98ce8	20	1617300	14543758	9701	0.4889
54ad0aa9-f043-4909-84f5-d4bdcce98ce8	20	14543902	15174378	548	0.5869
54ad0aa9-f043-4909-84f5-d4bdcce98ce8	20	15177268	24757590	7716	0.4855
54ad0aa9-f043-4909-84f5-d4bdcce98ce8	20	24757674	25211413	298	0.1544
54ad0aa9-f043-4909-84f5-d4bdcce98ce8	20	25215192	25533631	161	0.5729
54ad0aa9-f043-4909-84f5-d4bdcce98ce8	20	25534541	30414321	330	0.2251
54ad0aa9-f043-4909-84f5-d4bdcce98ce8	20	30416535	31737910	241	0.4982
54ad0aa9-f043-4909-84f5-d4bdcce98ce8	20	31738577	36207231	2160	0.158
54ad0aa9-f043-4909-84f5-d4bdcce98ce8	20	36207450	36984415	313	0.4199
54ad0aa9-f043-4909-84f5-d4bdcce98ce8	20	36988111	37090015	140	0.1124
54ad0aa9-f043-4909-84f5-d4bdcce98ce8	20	37090162	37090176	2	-1.1461
54ad0aa9-f043-4909-84f5-d4bdcce98ce8	20	37090367	38058493	603	0.1679
54ad0aa9-f043-4909-84f5-d4bdcce98ce8	20	38059597	38354582	184	0.4897
54ad0aa9-f043-4909-84f5-d4bdcce98ce8	20	38357231	41535114	2151	0.1656
54ad0aa9-f043-4909-84f5-d4bdcce98ce8	20	41538675	56679273	11146	-0.2455
54ad0aa9-f043-4909-84f5-d4bdcce98ce8	20	56679998	63435421	4953	0.16
54ad0aa9-f043-4909-84f5-d4bdcce98ce8	20	63435440	64030846	208	0.3916
54ad0aa9-f043-4909-84f5-d4bdcce98ce8	20	64031283	64180402	61	0.1769
54ad0aa9-f043-4909-84f5-d4bdcce98ce8	20	64180714	64324800	87	0.4362
54ad0aa9-f043-4909-84f5-d4bdcce98ce8	21	10354168	13583316	268	-0.1216
54ad0aa9-f043-4909-84f5-d4bdcce98ce8	21	13612103	13677975	4	0.8988
54ad0aa9-f043-4909-84f5-d4bdcce98ce8	21	13803967	14727101	539	-0.2333
54ad0aa9-f043-4909-84f5-d4bdcce98ce8	21	14730332	14871881	95	0.0012
54ad0aa9-f043-4909-84f5-d4bdcce98ce8	21	14873191	14900750	11	0.3318
54ad0aa9-f043-4909-84f5-d4bdcce98ce8	21	14901221	15030110	81	0.0173
54ad0aa9-f043-4909-84f5-d4bdcce98ce8	21	15040068	23779195	6443	-0.2112
54ad0aa9-f043-4909-84f5-d4bdcce98ce8	21	23780074	28292948	3426	0.0205
54ad0aa9-f043-4909-84f5-d4bdcce98ce8	21	28296300	29614297	950	-0.2317
54ad0aa9-f043-4909-84f5-d4bdcce98ce8	21	29617480	29617948	3	-1.3599
54ad0aa9-f043-4909-84f5-d4bdcce98ce8	21	29618509	30764567	806	-0.2179
54ad0aa9-f043-4909-84f5-d4bdcce98ce8	21	30766849	31864142	744	0.0171
54ad0aa9-f043-4909-84f5-d4bdcce98ce8	21	31865670	31867735	3	-1.3893
54ad0aa9-f043-4909-84f5-d4bdcce98ce8	21	31879236	45289842	9625	0.009
54ad0aa9-f043-4909-84f5-d4bdcce98ce8	21	45291442	45621894	164	-0.2546
54ad0aa9-f043-4909-84f5-d4bdcce98ce8	21	45624835	46506610	465	-0.0336
54ad0aa9-f043-4909-84f5-d4bdcce98ce8	21	46509272	46677045	154	0.2005
54ad0aa9-f043-4909-84f5-d4bdcce98ce8	22	15294547	18144143	1111	0.1792
54ad0aa9-f043-4909-84f5-d4bdcce98ce8	22	18144230	20768184	1231	0.0412
54ad0aa9-f043-4909-84f5-d4bdcce98ce8	22	20772446	20975977	222	-0.2446
54ad0aa9-f043-4909-84f5-d4bdcce98ce8	22	20977360	21067207	51	-0.4832
54ad0aa9-f043-4909-84f5-d4bdcce98ce8	22	21067405	22114208	497	-0.2318
54ad0aa9-f043-4909-84f5-d4bdcce98ce8	22	22119549	22120255	6	-1.6056
54ad0aa9-f043-4909-84f5-d4bdcce98ce8	22	22127104	48814955	18845	-0.2623
54ad0aa9-f043-4909-84f5-d4bdcce98ce8	22	48817308	50796027	1255	-0.3655
54ad0aa9-f043-4909-84f5-d4bdcce98ce8	X	251810	2516146	88	0.4464
54ad0aa9-f043-4909-84f5-d4bdcce98ce8	X	2589642	8744580	4513	0.2646
54ad0aa9-f043-4909-84f5-d4bdcce98ce8	X	8744644	9988804	959	0.3433
54ad0aa9-f043-4909-84f5-d4bdcce98ce8	X	9988995	10197064	166	0.096
54ad0aa9-f043-4909-84f5-d4bdcce98ce8	X	10198158	17873593	5133	0.297
54ad0aa9-f043-4909-84f5-d4bdcce98ce8	X	17881512	34134180	10368	0.1791
54ad0aa9-f043-4909-84f5-d4bdcce98ce8	X	34135352	34137382	3	-1.7621
54ad0aa9-f043-4909-84f5-d4bdcce98ce8	X	34139734	62990674	12151	0.1721
54ad0aa9-f043-4909-84f5-d4bdcce98ce8	X	62990877	116796759	27036	-0.1403
54ad0aa9-f043-4909-84f5-d4bdcce98ce8	X	116805329	116915661	71	0.7023
54ad0aa9-f043-4909-84f5-d4bdcce98ce8	X	116915831	155734393	22828	-0.1484
54ad0aa9-f043-4909-84f5-d4bdcce98ce8	X	155734427	155952689	17	0.4214
54ad0aa9-f043-4909-84f5-d4bdcce98ce8	Y	2782397	6828337	889	-0.482
54ad0aa9-f043-4909-84f5-d4bdcce98ce8	Y	6832258	12551792	1959	-0.5623
54ad0aa9-f043-4909-84f5-d4bdcce98ce8	Y	12552189	22159306	3494	-0.4915
54ad0aa9-f043-4909-84f5-d4bdcce98ce8	Y	22169533	22215125	6	0.6574
54ad0aa9-f043-4909-84f5-d4bdcce98ce8	Y	22215723	26564875	248	-0.5175
54ad0aa9-f043-4909-84f5-d4bdcce98ce8	Y	26571941	56872112	42	-0.1439
