GDC_Aliquot	Chromosome	Start	End	Num_Probes	Segment_Mean
9c8ba2f6-9080-4e0a-9f6f-1fb10f924bc8	1	62920	86341	11	-0.5016
9c8ba2f6-9080-4e0a-9f6f-1fb10f924bc8	1	98588	25266637	14001	0.0018
9c8ba2f6-9080-4e0a-9f6f-1fb10f924bc8	1	25269390	25292440	15	0.5786
9c8ba2f6-9080-4e0a-9f6f-1fb10f924bc8	1	25292549	68366661	26397	0.0012
9c8ba2f6-9080-4e0a-9f6f-1fb10f924bc8	1	68366875	68369413	2	-1.464
9c8ba2f6-9080-4e0a-9f6f-1fb10f924bc8	1	68369783	72284670	2323	0.0006
9c8ba2f6-9080-4e0a-9f6f-1fb10f924bc8	1	72290430	72297687	9	-0.9081
9c8ba2f6-9080-4e0a-9f6f-1fb10f924bc8	1	72302735	72346221	49	0.7693
9c8ba2f6-9080-4e0a-9f6f-1fb10f924bc8	1	72346757	75585159	1931	0.0151
9c8ba2f6-9080-4e0a-9f6f-1fb10f924bc8	1	75589078	75589169	2	-2.3898
9c8ba2f6-9080-4e0a-9f6f-1fb10f924bc8	1	75593824	81422771	3841	-0.0003
9c8ba2f6-9080-4e0a-9f6f-1fb10f924bc8	1	81422917	81422920	2	2.2208
9c8ba2f6-9080-4e0a-9f6f-1fb10f924bc8	1	81422982	85801578	2995	-0.0003
9c8ba2f6-9080-4e0a-9f6f-1fb10f924bc8	1	85802247	85803078	3	-1.175
9c8ba2f6-9080-4e0a-9f6f-1fb10f924bc8	1	85804978	109690352	14822	-0.0012
9c8ba2f6-9080-4e0a-9f6f-1fb10f924bc8	1	109690415	109697556	12	-1.4279
9c8ba2f6-9080-4e0a-9f6f-1fb10f924bc8	1	109702376	112147704	1949	0.0088
9c8ba2f6-9080-4e0a-9f6f-1fb10f924bc8	1	112153343	112154591	22	-1.5334
9c8ba2f6-9080-4e0a-9f6f-1fb10f924bc8	1	112154619	152583051	7599	-0.0022
9c8ba2f6-9080-4e0a-9f6f-1fb10f924bc8	1	152583230	152614064	33	-1.6879
9c8ba2f6-9080-4e0a-9f6f-1fb10f924bc8	1	152614100	152787202	168	-0.0251
9c8ba2f6-9080-4e0a-9f6f-1fb10f924bc8	1	152789447	152796224	37	-1.358
9c8ba2f6-9080-4e0a-9f6f-1fb10f924bc8	1	152801429	196742057	29435	-0.0043
9c8ba2f6-9080-4e0a-9f6f-1fb10f924bc8	1	196745692	196832525	59	0.3901
9c8ba2f6-9080-4e0a-9f6f-1fb10f924bc8	1	196832720	248930189	35793	-0.0062
9c8ba2f6-9080-4e0a-9f6f-1fb10f924bc8	2	12784	4158097	2988	-0.0107
9c8ba2f6-9080-4e0a-9f6f-1fb10f924bc8	2	4166274	4175577	36	-0.6284
9c8ba2f6-9080-4e0a-9f6f-1fb10f924bc8	2	4175922	34492790	21083	0.0004
9c8ba2f6-9080-4e0a-9f6f-1fb10f924bc8	2	34492841	34501950	12	-0.6163
9c8ba2f6-9080-4e0a-9f6f-1fb10f924bc8	2	34502547	49305903	10727	0.0028
9c8ba2f6-9080-4e0a-9f6f-1fb10f924bc8	2	49308629	49314051	5	-1.2108
9c8ba2f6-9080-4e0a-9f6f-1fb10f924bc8	2	49317902	52516787	2270	0.0174
9c8ba2f6-9080-4e0a-9f6f-1fb10f924bc8	2	52527330	52554404	40	0.6937
9c8ba2f6-9080-4e0a-9f6f-1fb10f924bc8	2	52560811	146104517	53227	0.0009
9c8ba2f6-9080-4e0a-9f6f-1fb10f924bc8	2	146106836	146109366	24	-1.5857
9c8ba2f6-9080-4e0a-9f6f-1fb10f924bc8	2	146120238	207490231	36946	0.0012
9c8ba2f6-9080-4e0a-9f6f-1fb10f924bc8	2	207490454	207494612	16	-2.581
9c8ba2f6-9080-4e0a-9f6f-1fb10f924bc8	2	207494752	238653026	20155	0.0044
9c8ba2f6-9080-4e0a-9f6f-1fb10f924bc8	2	238655342	238662361	9	-0.8532
9c8ba2f6-9080-4e0a-9f6f-1fb10f924bc8	2	238665462	241780390	1753	-0.0015
9c8ba2f6-9080-4e0a-9f6f-1fb10f924bc8	2	241789329	241793671	4	0.919
9c8ba2f6-9080-4e0a-9f6f-1fb10f924bc8	2	241793708	242147305	137	0.0458
9c8ba2f6-9080-4e0a-9f6f-1fb10f924bc8	3	20930	6604856	5815	0.0003
9c8ba2f6-9080-4e0a-9f6f-1fb10f924bc8	3	6609441	6613391	24	-0.7105
9c8ba2f6-9080-4e0a-9f6f-1fb10f924bc8	3	6613561	37935926	21774	0.0046
9c8ba2f6-9080-4e0a-9f6f-1fb10f924bc8	3	37940617	37945437	18	-0.8005
9c8ba2f6-9080-4e0a-9f6f-1fb10f924bc8	3	37945615	47358421	5814	0.0058
9c8ba2f6-9080-4e0a-9f6f-1fb10f924bc8	3	47358841	47363961	3	-1.3365
9c8ba2f6-9080-4e0a-9f6f-1fb10f924bc8	3	47367722	68697013	14305	0.0001
9c8ba2f6-9080-4e0a-9f6f-1fb10f924bc8	3	68697108	68698262	14	-0.9414
9c8ba2f6-9080-4e0a-9f6f-1fb10f924bc8	3	68699607	75372019	4867	0.0002
9c8ba2f6-9080-4e0a-9f6f-1fb10f924bc8	3	75377956	75537654	66	-0.7135
9c8ba2f6-9080-4e0a-9f6f-1fb10f924bc8	3	75546030	82815398	4098	0.0044
9c8ba2f6-9080-4e0a-9f6f-1fb10f924bc8	3	82823628	82823892	6	-1.4113
9c8ba2f6-9080-4e0a-9f6f-1fb10f924bc8	3	82831894	133532177	27895	0.0045
9c8ba2f6-9080-4e0a-9f6f-1fb10f924bc8	3	133532512	133533377	2	-1.8638
9c8ba2f6-9080-4e0a-9f6f-1fb10f924bc8	3	133535170	137313954	2229	0.0129
9c8ba2f6-9080-4e0a-9f6f-1fb10f924bc8	3	137313971	137314590	13	-0.4778
9c8ba2f6-9080-4e0a-9f6f-1fb10f924bc8	3	137314591	142823192	3245	-0.0045
9c8ba2f6-9080-4e0a-9f6f-1fb10f924bc8	3	142823395	142827179	3	-1.2269
9c8ba2f6-9080-4e0a-9f6f-1fb10f924bc8	3	142827512	162794869	12498	0.0036
9c8ba2f6-9080-4e0a-9f6f-1fb10f924bc8	3	162794951	162908207	69	-0.2947
9c8ba2f6-9080-4e0a-9f6f-1fb10f924bc8	3	162908784	162996729	72	-0.0137
9c8ba2f6-9080-4e0a-9f6f-1fb10f924bc8	3	162999939	163001774	2	-2.446
9c8ba2f6-9080-4e0a-9f6f-1fb10f924bc8	3	163008371	163941185	510	0.0047
9c8ba2f6-9080-4e0a-9f6f-1fb10f924bc8	3	163944509	163945129	8	-1.1331
9c8ba2f6-9080-4e0a-9f6f-1fb10f924bc8	3	163952660	173511781	5756	0.0123
9c8ba2f6-9080-4e0a-9f6f-1fb10f924bc8	3	173518093	173571890	26	0.4893
9c8ba2f6-9080-4e0a-9f6f-1fb10f924bc8	3	173582403	193162937	12782	0.0049
9c8ba2f6-9080-4e0a-9f6f-1fb10f924bc8	3	193163042	193168669	12	-0.6071
9c8ba2f6-9080-4e0a-9f6f-1fb10f924bc8	3	193168714	198169247	2690	0.0029
9c8ba2f6-9080-4e0a-9f6f-1fb10f924bc8	4	68929	10208766	5698	0.0013
9c8ba2f6-9080-4e0a-9f6f-1fb10f924bc8	4	10221792	10229874	28	-1.776
9c8ba2f6-9080-4e0a-9f6f-1fb10f924bc8	4	10232590	25465131	11125	0.0002
9c8ba2f6-9080-4e0a-9f6f-1fb10f924bc8	4	25465555	25470246	3	-1.1778
9c8ba2f6-9080-4e0a-9f6f-1fb10f924bc8	4	25471145	29517570	2696	-0.0011
9c8ba2f6-9080-4e0a-9f6f-1fb10f924bc8	4	29518113	29519353	2	-1.4102
9c8ba2f6-9080-4e0a-9f6f-1fb10f924bc8	4	29519768	34764149	3143	0.0087
9c8ba2f6-9080-4e0a-9f6f-1fb10f924bc8	4	34768684	34822561	46	0.4629
9c8ba2f6-9080-4e0a-9f6f-1fb10f924bc8	4	34823103	95324597	35792	0.0024
9c8ba2f6-9080-4e0a-9f6f-1fb10f924bc8	4	95325355	95326445	15	-0.6574
9c8ba2f6-9080-4e0a-9f6f-1fb10f924bc8	4	95327465	103823578	5073	0.0063
9c8ba2f6-9080-4e0a-9f6f-1fb10f924bc8	4	103823914	103832444	11	0.8238
9c8ba2f6-9080-4e0a-9f6f-1fb10f924bc8	4	103832580	114257893	6303	0.0018
9c8ba2f6-9080-4e0a-9f6f-1fb10f924bc8	4	114258196	114263166	18	0.8057
9c8ba2f6-9080-4e0a-9f6f-1fb10f924bc8	4	114263224	137171041	13226	0.0056
9c8ba2f6-9080-4e0a-9f6f-1fb10f924bc8	4	137171085	137171772	11	-0.6853
9c8ba2f6-9080-4e0a-9f6f-1fb10f924bc8	4	137171784	144564763	4774	0.0057
9c8ba2f6-9080-4e0a-9f6f-1fb10f924bc8	4	144564835	144565241	3	-2.3124
9c8ba2f6-9080-4e0a-9f6f-1fb10f924bc8	4	144566803	155544346	6446	0.0052
9c8ba2f6-9080-4e0a-9f6f-1fb10f924bc8	4	155544482	155544897	2	1.2855
9c8ba2f6-9080-4e0a-9f6f-1fb10f924bc8	4	155549403	155964036	348	-0.0066
9c8ba2f6-9080-4e0a-9f6f-1fb10f924bc8	4	155966920	155967367	6	-2.0065
9c8ba2f6-9080-4e0a-9f6f-1fb10f924bc8	4	155969109	156035480	52	-0.0454
9c8ba2f6-9080-4e0a-9f6f-1fb10f924bc8	4	156046823	156050863	15	-2.0199
9c8ba2f6-9080-4e0a-9f6f-1fb10f924bc8	4	156052053	160958972	3063	0.0142
9c8ba2f6-9080-4e0a-9f6f-1fb10f924bc8	4	160958989	160963756	19	-0.7104
9c8ba2f6-9080-4e0a-9f6f-1fb10f924bc8	4	160963767	190106768	19140	0.0071
9c8ba2f6-9080-4e0a-9f6f-1fb10f924bc8	5	15532	896700	371	0.0081
9c8ba2f6-9080-4e0a-9f6f-1fb10f924bc8	5	905586	905757	2	-1.4976
9c8ba2f6-9080-4e0a-9f6f-1fb10f924bc8	5	908425	12819201	9808	-0.0064
9c8ba2f6-9080-4e0a-9f6f-1fb10f924bc8	5	12819263	12838421	11	-1.1926
9c8ba2f6-9080-4e0a-9f6f-1fb10f924bc8	5	12849089	34566755	13605	-0.0036
9c8ba2f6-9080-4e0a-9f6f-1fb10f924bc8	5	34567205	34567262	3	-1.3828
9c8ba2f6-9080-4e0a-9f6f-1fb10f924bc8	5	34567277	53399287	8811	-0.0047
9c8ba2f6-9080-4e0a-9f6f-1fb10f924bc8	5	53399527	53400140	2	-1.5348
9c8ba2f6-9080-4e0a-9f6f-1fb10f924bc8	5	53401297	57638199	2841	0.0035
9c8ba2f6-9080-4e0a-9f6f-1fb10f924bc8	5	57639194	57641018	2	-1.6626
9c8ba2f6-9080-4e0a-9f6f-1fb10f924bc8	5	57641454	58025819	282	-0.0149
9c8ba2f6-9080-4e0a-9f6f-1fb10f924bc8	5	58030200	58037706	32	1.5745
9c8ba2f6-9080-4e0a-9f6f-1fb10f924bc8	5	58042530	104515520	26825	0.002
9c8ba2f6-9080-4e0a-9f6f-1fb10f924bc8	5	104524672	104524903	4	2.2014
9c8ba2f6-9080-4e0a-9f6f-1fb10f924bc8	5	104525348	180951888	50023	0.0078
9c8ba2f6-9080-4e0a-9f6f-1fb10f924bc8	5	180953203	180990911	16	0.6411
9c8ba2f6-9080-4e0a-9f6f-1fb10f924bc8	5	180991103	181363319	171	-0.0152
9c8ba2f6-9080-4e0a-9f6f-1fb10f924bc8	6	149661	254283	101	-0.0178
9c8ba2f6-9080-4e0a-9f6f-1fb10f924bc8	6	257353	294837	23	-0.8092
9c8ba2f6-9080-4e0a-9f6f-1fb10f924bc8	6	302306	455132	141	0.0615
9c8ba2f6-9080-4e0a-9f6f-1fb10f924bc8	6	455419	877138	354	-0.0952
9c8ba2f6-9080-4e0a-9f6f-1fb10f924bc8	6	877485	31318528	21700	0.0041
9c8ba2f6-9080-4e0a-9f6f-1fb10f924bc8	6	31318754	31349920	12	1.0968
9c8ba2f6-9080-4e0a-9f6f-1fb10f924bc8	6	31350387	72153222	23553	0.0052
9c8ba2f6-9080-4e0a-9f6f-1fb10f924bc8	6	72156821	72157169	2	-2.1482
9c8ba2f6-9080-4e0a-9f6f-1fb10f924bc8	6	72158860	73882085	1085	0.0106
9c8ba2f6-9080-4e0a-9f6f-1fb10f924bc8	6	73882142	73891694	11	0.5393
9c8ba2f6-9080-4e0a-9f6f-1fb10f924bc8	6	73893839	78253172	2764	-0.0009
9c8ba2f6-9080-4e0a-9f6f-1fb10f924bc8	6	78259348	78325468	112	-1.9415
9c8ba2f6-9080-4e0a-9f6f-1fb10f924bc8	6	78329517	124110366	28178	0.0084
9c8ba2f6-9080-4e0a-9f6f-1fb10f924bc8	6	124110629	124149220	21	0.5246
9c8ba2f6-9080-4e0a-9f6f-1fb10f924bc8	6	124149616	164885327	27513	0.004
9c8ba2f6-9080-4e0a-9f6f-1fb10f924bc8	6	164885813	164895967	2	-1.779
9c8ba2f6-9080-4e0a-9f6f-1fb10f924bc8	6	164896039	170741917	3917	-0.0105
9c8ba2f6-9080-4e0a-9f6f-1fb10f924bc8	7	43355	16130033	10994	0.0008
9c8ba2f6-9080-4e0a-9f6f-1fb10f924bc8	7	16131935	16132634	2	-2.0066
9c8ba2f6-9080-4e0a-9f6f-1fb10f924bc8	7	16137216	22395161	5057	-0.0072
9c8ba2f6-9080-4e0a-9f6f-1fb10f924bc8	7	22395853	22396868	2	-2.6773
9c8ba2f6-9080-4e0a-9f6f-1fb10f924bc8	7	22399135	54318812	22398	-0.0018
9c8ba2f6-9080-4e0a-9f6f-1fb10f924bc8	7	54318816	54318824	5	-1.7661
9c8ba2f6-9080-4e0a-9f6f-1fb10f924bc8	7	54325795	57710334	1984	0.0145
9c8ba2f6-9080-4e0a-9f6f-1fb10f924bc8	7	57715161	62720732	150	0.1679
9c8ba2f6-9080-4e0a-9f6f-1fb10f924bc8	7	62721010	70955452	3989	0.004
9c8ba2f6-9080-4e0a-9f6f-1fb10f924bc8	7	70958264	70961155	2	1.5759
9c8ba2f6-9080-4e0a-9f6f-1fb10f924bc8	7	70963257	91728539	11935	0.0046
9c8ba2f6-9080-4e0a-9f6f-1fb10f924bc8	7	91728554	91729718	8	0.728
9c8ba2f6-9080-4e0a-9f6f-1fb10f924bc8	7	91730021	97766148	3740	-0.0026
9c8ba2f6-9080-4e0a-9f6f-1fb10f924bc8	7	97766150	97773163	15	-0.563
9c8ba2f6-9080-4e0a-9f6f-1fb10f924bc8	7	97774928	126405690	16654	-0.0011
9c8ba2f6-9080-4e0a-9f6f-1fb10f924bc8	7	126405970	126406561	7	0.8845
9c8ba2f6-9080-4e0a-9f6f-1fb10f924bc8	7	126406822	134093896	4695	0.0032
9c8ba2f6-9080-4e0a-9f6f-1fb10f924bc8	7	134093899	134105690	26	0.5012
9c8ba2f6-9080-4e0a-9f6f-1fb10f924bc8	7	134110881	156089623	14069	0.0037
9c8ba2f6-9080-4e0a-9f6f-1fb10f924bc8	7	156089785	156094352	7	-0.9916
9c8ba2f6-9080-4e0a-9f6f-1fb10f924bc8	7	156095374	159334314	2009	0.0055
9c8ba2f6-9080-4e0a-9f6f-1fb10f924bc8	8	81254	2746316	1912	-0.0084
9c8ba2f6-9080-4e0a-9f6f-1fb10f924bc8	8	2746661	2751755	2	1.8903
9c8ba2f6-9080-4e0a-9f6f-1fb10f924bc8	8	2751943	4128772	1765	0.0005
9c8ba2f6-9080-4e0a-9f6f-1fb10f924bc8	8	4130449	4145219	22	-0.412
9c8ba2f6-9080-4e0a-9f6f-1fb10f924bc8	8	4145236	4145783	7	0.1027
9c8ba2f6-9080-4e0a-9f6f-1fb10f924bc8	8	4145941	4145956	2	-1.8161
9c8ba2f6-9080-4e0a-9f6f-1fb10f924bc8	8	4146039	7312952	4012	0.0008
9c8ba2f6-9080-4e0a-9f6f-1fb10f924bc8	8	7329110	7981252	54	0.5552
9c8ba2f6-9080-4e0a-9f6f-1fb10f924bc8	8	7982198	12092042	3233	-0.0029
9c8ba2f6-9080-4e0a-9f6f-1fb10f924bc8	8	12130217	12143614	6	1.2484
9c8ba2f6-9080-4e0a-9f6f-1fb10f924bc8	8	12176798	12358500	4	0.2319
9c8ba2f6-9080-4e0a-9f6f-1fb10f924bc8	8	12359339	12385031	20	-0.7
9c8ba2f6-9080-4e0a-9f6f-1fb10f924bc8	8	12387683	12389977	7	-2.1534
9c8ba2f6-9080-4e0a-9f6f-1fb10f924bc8	8	12418301	12585546	19	0.4698
9c8ba2f6-9080-4e0a-9f6f-1fb10f924bc8	8	12616034	16402103	3516	-0.0055
9c8ba2f6-9080-4e0a-9f6f-1fb10f924bc8	8	16404726	16416900	25	-0.6335
9c8ba2f6-9080-4e0a-9f6f-1fb10f924bc8	8	16416915	18407644	1776	0.0043
9c8ba2f6-9080-4e0a-9f6f-1fb10f924bc8	8	18408647	18413675	4	-1.8952
9c8ba2f6-9080-4e0a-9f6f-1fb10f924bc8	8	18413877	18999272	540	0.0077
9c8ba2f6-9080-4e0a-9f6f-1fb10f924bc8	8	18999490	18999929	2	-1.4939
9c8ba2f6-9080-4e0a-9f6f-1fb10f924bc8	8	19000078	25114672	4536	0.0046
9c8ba2f6-9080-4e0a-9f6f-1fb10f924bc8	8	25116928	25126641	24	0.5469
9c8ba2f6-9080-4e0a-9f6f-1fb10f924bc8	8	25126708	111282237	51053	0.0021
9c8ba2f6-9080-4e0a-9f6f-1fb10f924bc8	8	111282417	111283031	7	-1.892
9c8ba2f6-9080-4e0a-9f6f-1fb10f924bc8	8	111288052	145072769	22903	0.0022
9c8ba2f6-9080-4e0a-9f6f-1fb10f924bc8	9	46587	246397	78	-0.0079
9c8ba2f6-9080-4e0a-9f6f-1fb10f924bc8	9	246702	246725	2	1.5582
9c8ba2f6-9080-4e0a-9f6f-1fb10f924bc8	9	249281	24500842	21135	-0.0009
9c8ba2f6-9080-4e0a-9f6f-1fb10f924bc8	9	24503818	24517684	20	-0.7863
9c8ba2f6-9080-4e0a-9f6f-1fb10f924bc8	9	24519686	38752071	9835	0.0095
9c8ba2f6-9080-4e0a-9f6f-1fb10f924bc8	9	38755285	68390662	493	0.1316
9c8ba2f6-9080-4e0a-9f6f-1fb10f924bc8	9	68391659	82749856	10347	0.0005
9c8ba2f6-9080-4e0a-9f6f-1fb10f924bc8	9	82761361	82769329	10	-0.6803
9c8ba2f6-9080-4e0a-9f6f-1fb10f924bc8	9	82776771	114320531	22430	0.0022
9c8ba2f6-9080-4e0a-9f6f-1fb10f924bc8	9	114325122	114326042	2	1.6693
9c8ba2f6-9080-4e0a-9f6f-1fb10f924bc8	9	114330749	138200944	15079	-0.0029
9c8ba2f6-9080-4e0a-9f6f-1fb10f924bc8	10	45792	14942090	12679	0.0029
9c8ba2f6-9080-4e0a-9f6f-1fb10f924bc8	10	14943303	15028146	39	0.4532
9c8ba2f6-9080-4e0a-9f6f-1fb10f924bc8	10	15028534	24088745	6460	0.0024
9c8ba2f6-9080-4e0a-9f6f-1fb10f924bc8	10	24088746	24089125	10	1.1874
9c8ba2f6-9080-4e0a-9f6f-1fb10f924bc8	10	24089979	87286741	39649	0.0039
9c8ba2f6-9080-4e0a-9f6f-1fb10f924bc8	10	87310039	87371433	14	0.5833
9c8ba2f6-9080-4e0a-9f6f-1fb10f924bc8	10	87374179	133415637	31596	0.0016
9c8ba2f6-9080-4e0a-9f6f-1fb10f924bc8	10	133416215	133574363	117	0.4252
9c8ba2f6-9080-4e0a-9f6f-1fb10f924bc8	10	133574371	133654968	33	0.0463
9c8ba2f6-9080-4e0a-9f6f-1fb10f924bc8	11	198510	6083601	3501	0.0015
9c8ba2f6-9080-4e0a-9f6f-1fb10f924bc8	11	6086560	6100864	9	-0.9511
9c8ba2f6-9080-4e0a-9f6f-1fb10f924bc8	11	6101273	15167863	6645	0.0005
9c8ba2f6-9080-4e0a-9f6f-1fb10f924bc8	11	15167964	15174253	4	1.0286
9c8ba2f6-9080-4e0a-9f6f-1fb10f924bc8	11	15174270	15851220	526	-0.0056
9c8ba2f6-9080-4e0a-9f6f-1fb10f924bc8	11	15853593	15858403	4	0.8251
9c8ba2f6-9080-4e0a-9f6f-1fb10f924bc8	11	15858666	18927796	1981	0.0056
9c8ba2f6-9080-4e0a-9f6f-1fb10f924bc8	11	18928100	18940050	36	-0.3058
9c8ba2f6-9080-4e0a-9f6f-1fb10f924bc8	11	18940066	25197565	4962	0.0052
9c8ba2f6-9080-4e0a-9f6f-1fb10f924bc8	11	25197599	25199466	2	1.637
9c8ba2f6-9080-4e0a-9f6f-1fb10f924bc8	11	25202707	42791601	12206	0.0035
9c8ba2f6-9080-4e0a-9f6f-1fb10f924bc8	11	42794936	42796489	2	-2.3886
9c8ba2f6-9080-4e0a-9f6f-1fb10f924bc8	11	42799053	55592042	4575	0.0042
9c8ba2f6-9080-4e0a-9f6f-1fb10f924bc8	11	55592077	55685533	65	0.3883
9c8ba2f6-9080-4e0a-9f6f-1fb10f924bc8	11	55686100	80256469	13254	0.0044
9c8ba2f6-9080-4e0a-9f6f-1fb10f924bc8	11	80256504	80256520	2	-1.9967
9c8ba2f6-9080-4e0a-9f6f-1fb10f924bc8	11	80256642	123650732	30315	0.0012
9c8ba2f6-9080-4e0a-9f6f-1fb10f924bc8	11	123652013	123652399	4	-1.8498
9c8ba2f6-9080-4e0a-9f6f-1fb10f924bc8	11	123652650	125205483	1112	0.0161
9c8ba2f6-9080-4e0a-9f6f-1fb10f924bc8	11	125205555	125218374	27	-0.893
9c8ba2f6-9080-4e0a-9f6f-1fb10f924bc8	11	125218431	135074876	7528	-0.0059
9c8ba2f6-9080-4e0a-9f6f-1fb10f924bc8	12	51460	2126723	1266	0.0121
9c8ba2f6-9080-4e0a-9f6f-1fb10f924bc8	12	2136696	2148754	41	-0.5658
9c8ba2f6-9080-4e0a-9f6f-1fb10f924bc8	12	2148857	7842191	4052	-0.0008
9c8ba2f6-9080-4e0a-9f6f-1fb10f924bc8	12	7851829	7971304	58	0.5551
9c8ba2f6-9080-4e0a-9f6f-1fb10f924bc8	12	7978362	8204911	118	-0.0018
9c8ba2f6-9080-4e0a-9f6f-1fb10f924bc8	12	8209454	8289689	23	0.3918
9c8ba2f6-9080-4e0a-9f6f-1fb10f924bc8	12	8296516	11074314	1676	0.0005
9c8ba2f6-9080-4e0a-9f6f-1fb10f924bc8	12	11078856	11088933	6	-1.4262
9c8ba2f6-9080-4e0a-9f6f-1fb10f924bc8	12	11099275	11351008	129	0.0103
9c8ba2f6-9080-4e0a-9f6f-1fb10f924bc8	12	11351041	11386321	29	0.6
9c8ba2f6-9080-4e0a-9f6f-1fb10f924bc8	12	11388012	12383727	830	0.0076
9c8ba2f6-9080-4e0a-9f6f-1fb10f924bc8	12	12383778	12389946	13	-0.7396
9c8ba2f6-9080-4e0a-9f6f-1fb10f924bc8	12	12389980	30087113	12261	0.004
9c8ba2f6-9080-4e0a-9f6f-1fb10f924bc8	12	30087207	30091017	20	0.3967
9c8ba2f6-9080-4e0a-9f6f-1fb10f924bc8	12	30091052	31112123	865	-0.0212
9c8ba2f6-9080-4e0a-9f6f-1fb10f924bc8	12	31116364	31254189	88	0.5273
9c8ba2f6-9080-4e0a-9f6f-1fb10f924bc8	12	31256945	33141726	1297	0.004
9c8ba2f6-9080-4e0a-9f6f-1fb10f924bc8	12	33148472	33154440	27	-0.4861
9c8ba2f6-9080-4e0a-9f6f-1fb10f924bc8	12	33155426	70478078	20747	0.0055
9c8ba2f6-9080-4e0a-9f6f-1fb10f924bc8	12	70478895	70483970	5	-0.9414
9c8ba2f6-9080-4e0a-9f6f-1fb10f924bc8	12	70483985	72848336	1518	-0.0002
9c8ba2f6-9080-4e0a-9f6f-1fb10f924bc8	12	72851624	72851625	2	1.8783
9c8ba2f6-9080-4e0a-9f6f-1fb10f924bc8	12	72859412	119544210	30659	0.0014
9c8ba2f6-9080-4e0a-9f6f-1fb10f924bc8	12	119545770	119552956	19	-0.8595
9c8ba2f6-9080-4e0a-9f6f-1fb10f924bc8	12	119556236	133201603	9029	-0.0046
9c8ba2f6-9080-4e0a-9f6f-1fb10f924bc8	13	18452809	37495907	13469	0.0001
9c8ba2f6-9080-4e0a-9f6f-1fb10f924bc8	13	37496233	37514193	19	0.5183
9c8ba2f6-9080-4e0a-9f6f-1fb10f924bc8	13	37514237	114342922	50607	0.0019
9c8ba2f6-9080-4e0a-9f6f-1fb10f924bc8	14	18239283	19078442	32	0.1075
9c8ba2f6-9080-4e0a-9f6f-1fb10f924bc8	14	19110634	19952080	133	-0.3551
9c8ba2f6-9080-4e0a-9f6f-1fb10f924bc8	14	19954424	106290131	54884	0.0008
9c8ba2f6-9080-4e0a-9f6f-1fb10f924bc8	14	106290365	106365807	32	0.5936
9c8ba2f6-9080-4e0a-9f6f-1fb10f924bc8	14	106369985	106877229	270	0.0673
9c8ba2f6-9080-4e0a-9f6f-1fb10f924bc8	15	19811075	22413894	208	0.1547
9c8ba2f6-9080-4e0a-9f6f-1fb10f924bc8	15	22455811	76586021	33675	-0.002
9c8ba2f6-9080-4e0a-9f6f-1fb10f924bc8	15	76598900	76602857	14	-2.0353
9c8ba2f6-9080-4e0a-9f6f-1fb10f924bc8	15	76603003	76603434	8	-0.871
9c8ba2f6-9080-4e0a-9f6f-1fb10f924bc8	15	76609838	101928837	17604	-0.0012
9c8ba2f6-9080-4e0a-9f6f-1fb10f924bc8	16	10777	19933041	13461	-0.0013
9c8ba2f6-9080-4e0a-9f6f-1fb10f924bc8	16	19934328	19956040	29	0.3858
9c8ba2f6-9080-4e0a-9f6f-1fb10f924bc8	16	19958932	29261283	5551	-0.0002
9c8ba2f6-9080-4e0a-9f6f-1fb10f924bc8	16	29265473	29269734	5	-1.0475
9c8ba2f6-9080-4e0a-9f6f-1fb10f924bc8	16	29270444	55761136	7871	-0.0012
9c8ba2f6-9080-4e0a-9f6f-1fb10f924bc8	16	55762477	55788532	22	-0.5304
9c8ba2f6-9080-4e0a-9f6f-1fb10f924bc8	16	55808442	90096867	24892	-0.0029
9c8ba2f6-9080-4e0a-9f6f-1fb10f924bc8	17	150733	18452078	11382	-0.0019
9c8ba2f6-9080-4e0a-9f6f-1fb10f924bc8	17	18455632	18561907	26	-1.2231
9c8ba2f6-9080-4e0a-9f6f-1fb10f924bc8	17	18565883	20961795	957	0.0114
9c8ba2f6-9080-4e0a-9f6f-1fb10f924bc8	17	20964631	20965599	2	1.5281
9c8ba2f6-9080-4e0a-9f6f-1fb10f924bc8	17	20966585	36109315	5872	-0.0048
9c8ba2f6-9080-4e0a-9f6f-1fb10f924bc8	17	36109735	36157718	35	0.8494
9c8ba2f6-9080-4e0a-9f6f-1fb10f924bc8	17	36200725	41265456	2522	-0.0121
9c8ba2f6-9080-4e0a-9f6f-1fb10f924bc8	17	41266762	41277272	38	0.3277
9c8ba2f6-9080-4e0a-9f6f-1fb10f924bc8	17	41277289	43083782	977	0.0133
9c8ba2f6-9080-4e0a-9f6f-1fb10f924bc8	17	43087220	43088400	10	-0.5682
9c8ba2f6-9080-4e0a-9f6f-1fb10f924bc8	17	43090942	46130778	1528	-0.0021
9c8ba2f6-9080-4e0a-9f6f-1fb10f924bc8	17	46130967	46569894	98	-0.4585
9c8ba2f6-9080-4e0a-9f6f-1fb10f924bc8	17	46571001	79246981	19815	-0.0046
9c8ba2f6-9080-4e0a-9f6f-1fb10f924bc8	17	79249578	79250308	2	-1.8192
9c8ba2f6-9080-4e0a-9f6f-1fb10f924bc8	17	79250962	83091923	1734	-0.0078
9c8ba2f6-9080-4e0a-9f6f-1fb10f924bc8	18	48133	80257174	50698	-0.0018
9c8ba2f6-9080-4e0a-9f6f-1fb10f924bc8	19	90910	20411500	8918	0.0054
9c8ba2f6-9080-4e0a-9f6f-1fb10f924bc8	19	20411869	20533543	68	-0.6232
9c8ba2f6-9080-4e0a-9f6f-1fb10f924bc8	19	20533583	58586487	20108	0.0071
9c8ba2f6-9080-4e0a-9f6f-1fb10f924bc8	20	80664	1580305	1203	0.0038
9c8ba2f6-9080-4e0a-9f6f-1fb10f924bc8	20	1580353	1613247	42	1.2993
9c8ba2f6-9080-4e0a-9f6f-1fb10f924bc8	20	1617300	16685245	11741	-0.0001
9c8ba2f6-9080-4e0a-9f6f-1fb10f924bc8	20	16685316	16685408	2	-1.853
9c8ba2f6-9080-4e0a-9f6f-1fb10f924bc8	20	16685488	23516087	5303	-0.003
9c8ba2f6-9080-4e0a-9f6f-1fb10f924bc8	20	23516237	23517570	2	2.3327
9c8ba2f6-9080-4e0a-9f6f-1fb10f924bc8	20	23517894	54065071	16644	0.0028
9c8ba2f6-9080-4e0a-9f6f-1fb10f924bc8	20	54065291	54065389	5	-1.8687
9c8ba2f6-9080-4e0a-9f6f-1fb10f924bc8	20	54065719	64324800	7405	-0.0024
9c8ba2f6-9080-4e0a-9f6f-1fb10f924bc8	21	10354168	46677045	23850	-0.0019
9c8ba2f6-9080-4e0a-9f6f-1fb10f924bc8	22	15294547	50796027	23262	-0.007
9c8ba2f6-9080-4e0a-9f6f-1fb10f924bc8	X	251810	63250575	33521	0.0016
9c8ba2f6-9080-4e0a-9f6f-1fb10f924bc8	X	63250976	63258382	8	0.9074
9c8ba2f6-9080-4e0a-9f6f-1fb10f924bc8	X	63261022	63297125	13	0.3893
9c8ba2f6-9080-4e0a-9f6f-1fb10f924bc8	X	63297592	155952689	50015	0.0008
9c8ba2f6-9080-4e0a-9f6f-1fb10f924bc8	Y	2782397	6249869	784	-2.3097
9c8ba2f6-9080-4e0a-9f6f-1fb10f924bc8	Y	6252391	13478396	2480	-2.7124
9c8ba2f6-9080-4e0a-9f6f-1fb10f924bc8	Y	13478462	13482643	3	-7.8018
9c8ba2f6-9080-4e0a-9f6f-1fb10f924bc8	Y	13483009	25971733	3199	-2.714
9c8ba2f6-9080-4e0a-9f6f-1fb10f924bc8	Y	26077669	56872112	172	-2.3765
