GDC_Aliquot	Chromosome	Start	End	Num_Probes	Segment_Mean
bf54865c-9f2b-42d7-b2ff-5495d9122c5b	1	62920	793228	26	0.415
bf54865c-9f2b-42d7-b2ff-5495d9122c5b	1	805477	1710664	187	0.0319
bf54865c-9f2b-42d7-b2ff-5495d9122c5b	1	1715891	1737717	11	-1.0351
bf54865c-9f2b-42d7-b2ff-5495d9122c5b	1	1741164	2138242	139	0.0454
bf54865c-9f2b-42d7-b2ff-5495d9122c5b	1	2140299	2151890	9	-0.6559
bf54865c-9f2b-42d7-b2ff-5495d9122c5b	1	2154350	2326424	43	0.0592
bf54865c-9f2b-42d7-b2ff-5495d9122c5b	1	2338509	2350915	6	-1.1964
bf54865c-9f2b-42d7-b2ff-5495d9122c5b	1	2351678	12778601	6035	-0.0182
bf54865c-9f2b-42d7-b2ff-5495d9122c5b	1	12779433	13118266	38	0.4305
bf54865c-9f2b-42d7-b2ff-5495d9122c5b	1	13119897	16643961	2139	-0.0145
bf54865c-9f2b-42d7-b2ff-5495d9122c5b	1	16679239	16949746	82	0.3593
bf54865c-9f2b-42d7-b2ff-5495d9122c5b	1	16951445	19353770	1699	0.0075
bf54865c-9f2b-42d7-b2ff-5495d9122c5b	1	19353930	19354038	2	-2.0427
bf54865c-9f2b-42d7-b2ff-5495d9122c5b	1	19354050	44138521	13863	-0.0197
bf54865c-9f2b-42d7-b2ff-5495d9122c5b	1	44148619	49199764	2904	0.2939
bf54865c-9f2b-42d7-b2ff-5495d9122c5b	1	49199968	49495230	125	0.1132
bf54865c-9f2b-42d7-b2ff-5495d9122c5b	1	49496959	66953406	11969	0.2862
bf54865c-9f2b-42d7-b2ff-5495d9122c5b	1	66961623	66962743	2	-1.1884
bf54865c-9f2b-42d7-b2ff-5495d9122c5b	1	66964420	67089683	66	0.1324
bf54865c-9f2b-42d7-b2ff-5495d9122c5b	1	67090495	68408395	967	0.4405
bf54865c-9f2b-42d7-b2ff-5495d9122c5b	1	68408585	68933774	302	0.1291
bf54865c-9f2b-42d7-b2ff-5495d9122c5b	1	68934749	70031494	617	0.3776
bf54865c-9f2b-42d7-b2ff-5495d9122c5b	1	70034229	72302735	1373	0.1094
bf54865c-9f2b-42d7-b2ff-5495d9122c5b	1	72302815	72346221	48	-1.0517
bf54865c-9f2b-42d7-b2ff-5495d9122c5b	1	72346757	89256983	11036	0.126
bf54865c-9f2b-42d7-b2ff-5495d9122c5b	1	89257661	89259539	3	-1.3484
bf54865c-9f2b-42d7-b2ff-5495d9122c5b	1	89260909	91686763	1573	0.1278
bf54865c-9f2b-42d7-b2ff-5495d9122c5b	1	91686913	91701384	15	-0.5567
bf54865c-9f2b-42d7-b2ff-5495d9122c5b	1	91701624	94665962	1726	0.1472
bf54865c-9f2b-42d7-b2ff-5495d9122c5b	1	94666052	94666066	2	-1.3987
bf54865c-9f2b-42d7-b2ff-5495d9122c5b	1	94666125	98140068	2172	0.1326
bf54865c-9f2b-42d7-b2ff-5495d9122c5b	1	98140176	98152768	9	0.6786
bf54865c-9f2b-42d7-b2ff-5495d9122c5b	1	98157069	102233991	2690	0.1212
bf54865c-9f2b-42d7-b2ff-5495d9122c5b	1	102238929	102240089	3	-1.1328
bf54865c-9f2b-42d7-b2ff-5495d9122c5b	1	102240920	103614695	716	0.0847
bf54865c-9f2b-42d7-b2ff-5495d9122c5b	1	103614714	103717410	9	-0.778
bf54865c-9f2b-42d7-b2ff-5495d9122c5b	1	103717617	105470754	916	0.1264
bf54865c-9f2b-42d7-b2ff-5495d9122c5b	1	105476583	105479753	17	0.8742
bf54865c-9f2b-42d7-b2ff-5495d9122c5b	1	105481433	108187137	1930	0.1254
bf54865c-9f2b-42d7-b2ff-5495d9122c5b	1	108191613	108223733	20	-0.2176
bf54865c-9f2b-42d7-b2ff-5495d9122c5b	1	108226680	108274557	2	-2.3961
bf54865c-9f2b-42d7-b2ff-5495d9122c5b	1	108310648	112147704	2618	0.1503
bf54865c-9f2b-42d7-b2ff-5495d9122c5b	1	112153343	112154390	18	0.6883
bf54865c-9f2b-42d7-b2ff-5495d9122c5b	1	112154552	121573287	5133	0.1436
bf54865c-9f2b-42d7-b2ff-5495d9122c5b	1	121573699	145716786	173	0.3034
bf54865c-9f2b-42d7-b2ff-5495d9122c5b	1	145716953	152787202	2466	0.1425
bf54865c-9f2b-42d7-b2ff-5495d9122c5b	1	152789447	152801429	38	-1.427
bf54865c-9f2b-42d7-b2ff-5495d9122c5b	1	152804279	160963978	4973	0.1297
bf54865c-9f2b-42d7-b2ff-5495d9122c5b	1	160967230	160970295	5	-0.9149
bf54865c-9f2b-42d7-b2ff-5495d9122c5b	1	160972552	161648901	257	0.1298
bf54865c-9f2b-42d7-b2ff-5495d9122c5b	1	161649069	161649222	5	1.176
bf54865c-9f2b-42d7-b2ff-5495d9122c5b	1	161649268	167795598	4865	0.1395
bf54865c-9f2b-42d7-b2ff-5495d9122c5b	1	167796946	167797682	4	-0.7368
bf54865c-9f2b-42d7-b2ff-5495d9122c5b	1	167799276	169246873	1107	0.1383
bf54865c-9f2b-42d7-b2ff-5495d9122c5b	1	169247699	169272528	8	-0.6166
bf54865c-9f2b-42d7-b2ff-5495d9122c5b	1	169273163	178691010	6024	0.1279
bf54865c-9f2b-42d7-b2ff-5495d9122c5b	1	178691099	178691175	2	-1.4127
bf54865c-9f2b-42d7-b2ff-5495d9122c5b	1	178691231	184816787	4286	0.148
bf54865c-9f2b-42d7-b2ff-5495d9122c5b	1	184817997	196162725	7448	0.1142
bf54865c-9f2b-42d7-b2ff-5495d9122c5b	1	196163723	196745743	342	0.1629
bf54865c-9f2b-42d7-b2ff-5495d9122c5b	1	196758720	196846661	61	0.694
bf54865c-9f2b-42d7-b2ff-5495d9122c5b	1	196847600	199142235	1368	0.1307
bf54865c-9f2b-42d7-b2ff-5495d9122c5b	1	199142298	199144712	8	-0.6304
bf54865c-9f2b-42d7-b2ff-5495d9122c5b	1	199145110	206611894	4834	0.1417
bf54865c-9f2b-42d7-b2ff-5495d9122c5b	1	206612720	206613947	2	-1.2651
bf54865c-9f2b-42d7-b2ff-5495d9122c5b	1	206615113	220764449	10045	0.1361
bf54865c-9f2b-42d7-b2ff-5495d9122c5b	1	220766406	220777793	13	-0.4875
bf54865c-9f2b-42d7-b2ff-5495d9122c5b	1	220779968	248429571	19182	0.1302
bf54865c-9f2b-42d7-b2ff-5495d9122c5b	1	248429940	248930189	205	0.2564
bf54865c-9f2b-42d7-b2ff-5495d9122c5b	2	12784	4158097	2976	-0.0198
bf54865c-9f2b-42d7-b2ff-5495d9122c5b	2	4166274	4189215	46	-0.4679
bf54865c-9f2b-42d7-b2ff-5495d9122c5b	2	4189322	34466002	20972	-0.023
bf54865c-9f2b-42d7-b2ff-5495d9122c5b	2	34474248	34511990	46	-2.213
bf54865c-9f2b-42d7-b2ff-5495d9122c5b	2	34512096	35750907	866	-0.0348
bf54865c-9f2b-42d7-b2ff-5495d9122c5b	2	35752724	35762850	6	-1.3632
bf54865c-9f2b-42d7-b2ff-5495d9122c5b	2	35762881	38828217	2342	-0.034
bf54865c-9f2b-42d7-b2ff-5495d9122c5b	2	38828903	39939631	662	0.1306
bf54865c-9f2b-42d7-b2ff-5495d9122c5b	2	39939942	39941327	3	-0.8558
bf54865c-9f2b-42d7-b2ff-5495d9122c5b	2	39941735	40105711	124	0.2074
bf54865c-9f2b-42d7-b2ff-5495d9122c5b	2	40108270	40109500	4	-2.5123
bf54865c-9f2b-42d7-b2ff-5495d9122c5b	2	40110927	49305903	6662	0.1339
bf54865c-9f2b-42d7-b2ff-5495d9122c5b	2	49308629	49314051	5	-1.2958
bf54865c-9f2b-42d7-b2ff-5495d9122c5b	2	49317902	50696595	1027	0.1106
bf54865c-9f2b-42d7-b2ff-5495d9122c5b	2	50696712	50698702	3	-0.9197
bf54865c-9f2b-42d7-b2ff-5495d9122c5b	2	50700120	50790192	72	0.109
bf54865c-9f2b-42d7-b2ff-5495d9122c5b	2	50795047	50886090	47	0.4019
bf54865c-9f2b-42d7-b2ff-5495d9122c5b	2	50890943	52537091	1135	0.108
bf54865c-9f2b-42d7-b2ff-5495d9122c5b	2	52537117	52554157	15	-0.43
bf54865c-9f2b-42d7-b2ff-5495d9122c5b	2	52554188	73412942	13380	0.1299
bf54865c-9f2b-42d7-b2ff-5495d9122c5b	2	73413236	79354049	3938	-0.0261
bf54865c-9f2b-42d7-b2ff-5495d9122c5b	2	79357877	79362794	5	-1.2799
bf54865c-9f2b-42d7-b2ff-5495d9122c5b	2	79364151	129484957	25873	-0.0198
bf54865c-9f2b-42d7-b2ff-5495d9122c5b	2	129488165	129488770	3	-1.6062
bf54865c-9f2b-42d7-b2ff-5495d9122c5b	2	129489260	179548644	30322	-0.0362
bf54865c-9f2b-42d7-b2ff-5495d9122c5b	2	179553484	179557179	28	-0.916
bf54865c-9f2b-42d7-b2ff-5495d9122c5b	2	179557394	207490231	16400	-0.0339
bf54865c-9f2b-42d7-b2ff-5495d9122c5b	2	207490454	207495072	20	-0.635
bf54865c-9f2b-42d7-b2ff-5495d9122c5b	2	207495422	212037614	2824	-0.0476
bf54865c-9f2b-42d7-b2ff-5495d9122c5b	2	212041966	212300067	183	-0.1964
bf54865c-9f2b-42d7-b2ff-5495d9122c5b	2	212300502	212323288	28	0.106
bf54865c-9f2b-42d7-b2ff-5495d9122c5b	2	212324573	212460982	124	-0.1685
bf54865c-9f2b-42d7-b2ff-5495d9122c5b	2	212463371	242147305	18846	-0.0243
bf54865c-9f2b-42d7-b2ff-5495d9122c5b	3	20930	141230	112	-0.136
bf54865c-9f2b-42d7-b2ff-5495d9122c5b	3	142563	142682	2	-1.9841
bf54865c-9f2b-42d7-b2ff-5495d9122c5b	3	144336	5089711	4407	-0.0413
bf54865c-9f2b-42d7-b2ff-5495d9122c5b	3	5090894	5094879	7	-1.0784
bf54865c-9f2b-42d7-b2ff-5495d9122c5b	3	5096514	21910391	11892	-0.025
bf54865c-9f2b-42d7-b2ff-5495d9122c5b	3	21910415	21925658	16	-0.614
bf54865c-9f2b-42d7-b2ff-5495d9122c5b	3	21926017	30149632	5967	-0.0349
bf54865c-9f2b-42d7-b2ff-5495d9122c5b	3	30151053	30151074	2	-1.5881
bf54865c-9f2b-42d7-b2ff-5495d9122c5b	3	30151286	37940970	5108	-0.0222
bf54865c-9f2b-42d7-b2ff-5495d9122c5b	3	37941181	37945437	16	0.477
bf54865c-9f2b-42d7-b2ff-5495d9122c5b	3	37945615	38916178	642	-0.0238
bf54865c-9f2b-42d7-b2ff-5495d9122c5b	3	38916598	44306168	3353	0.1474
bf54865c-9f2b-42d7-b2ff-5495d9122c5b	3	44314989	44733833	168	-0.2142
bf54865c-9f2b-42d7-b2ff-5495d9122c5b	3	44739802	49697440	2490	-0.008
bf54865c-9f2b-42d7-b2ff-5495d9122c5b	3	49698313	59805453	6046	-0.1914
bf54865c-9f2b-42d7-b2ff-5495d9122c5b	3	59807336	59819252	14	-0.9202
bf54865c-9f2b-42d7-b2ff-5495d9122c5b	3	59825879	60242155	534	-0.2568
bf54865c-9f2b-42d7-b2ff-5495d9122c5b	3	60249360	60917439	700	-0.519
bf54865c-9f2b-42d7-b2ff-5495d9122c5b	3	60917522	68980218	6364	-0.2057
bf54865c-9f2b-42d7-b2ff-5495d9122c5b	3	68980857	69555990	436	-0.0062
bf54865c-9f2b-42d7-b2ff-5495d9122c5b	3	69556399	71577277	1480	0.1374
bf54865c-9f2b-42d7-b2ff-5495d9122c5b	3	71585389	77189116	3641	-0.037
bf54865c-9f2b-42d7-b2ff-5495d9122c5b	3	77189730	77506477	236	0.1263
bf54865c-9f2b-42d7-b2ff-5495d9122c5b	3	77512899	77828499	193	0.2748
bf54865c-9f2b-42d7-b2ff-5495d9122c5b	3	77831847	77901124	29	0.1265
bf54865c-9f2b-42d7-b2ff-5495d9122c5b	3	77901552	87784025	5385	-0.0313
bf54865c-9f2b-42d7-b2ff-5495d9122c5b	3	87785260	87805127	9	-0.8039
bf54865c-9f2b-42d7-b2ff-5495d9122c5b	3	87805891	89334971	922	-0.036
bf54865c-9f2b-42d7-b2ff-5495d9122c5b	3	89335001	95737201	1439	0.1119
bf54865c-9f2b-42d7-b2ff-5495d9122c5b	3	95737262	95749266	3	1.2259
bf54865c-9f2b-42d7-b2ff-5495d9122c5b	3	95749836	98180575	1249	0.1293
bf54865c-9f2b-42d7-b2ff-5495d9122c5b	3	98189826	98194581	3	-1.2307
bf54865c-9f2b-42d7-b2ff-5495d9122c5b	3	98195973	99226566	603	0.1407
bf54865c-9f2b-42d7-b2ff-5495d9122c5b	3	99229557	99232120	23	-0.5001
bf54865c-9f2b-42d7-b2ff-5495d9122c5b	3	99232539	130044855	18648	0.13
bf54865c-9f2b-42d7-b2ff-5495d9122c5b	3	130047743	130087209	36	0.7603
bf54865c-9f2b-42d7-b2ff-5495d9122c5b	3	130087393	131987852	1167	0.1317
bf54865c-9f2b-42d7-b2ff-5495d9122c5b	3	131989313	131989627	2	-2.1992
bf54865c-9f2b-42d7-b2ff-5495d9122c5b	3	131996155	143566923	7170	0.1543
bf54865c-9f2b-42d7-b2ff-5495d9122c5b	3	143566958	143567132	4	1.362
bf54865c-9f2b-42d7-b2ff-5495d9122c5b	3	143567959	158632329	9266	0.1296
bf54865c-9f2b-42d7-b2ff-5495d9122c5b	3	158633095	158633756	2	-2.2804
bf54865c-9f2b-42d7-b2ff-5495d9122c5b	3	158641083	162822702	2615	0.1429
bf54865c-9f2b-42d7-b2ff-5495d9122c5b	3	162827928	162908784	49	-0.2534
bf54865c-9f2b-42d7-b2ff-5495d9122c5b	3	162908815	167936569	2797	0.1189
bf54865c-9f2b-42d7-b2ff-5495d9122c5b	3	167940485	167943348	4	-1.033
bf54865c-9f2b-42d7-b2ff-5495d9122c5b	3	167948129	173519113	3546	0.1513
bf54865c-9f2b-42d7-b2ff-5495d9122c5b	3	173522845	173571890	24	0.8071
bf54865c-9f2b-42d7-b2ff-5495d9122c5b	3	173582403	174951976	924	0.1237
bf54865c-9f2b-42d7-b2ff-5495d9122c5b	3	174958616	175147509	129	-0.0737
bf54865c-9f2b-42d7-b2ff-5495d9122c5b	3	175151349	175234470	93	-0.2911
bf54865c-9f2b-42d7-b2ff-5495d9122c5b	3	175235999	175444430	200	-0.085
bf54865c-9f2b-42d7-b2ff-5495d9122c5b	3	175451873	193160113	11396	0.1395
bf54865c-9f2b-42d7-b2ff-5495d9122c5b	3	193160173	193165099	18	0.7798
bf54865c-9f2b-42d7-b2ff-5495d9122c5b	3	193165114	198111566	2666	0.1707
bf54865c-9f2b-42d7-b2ff-5495d9122c5b	3	198118345	198169247	17	-0.2014
bf54865c-9f2b-42d7-b2ff-5495d9122c5b	4	68929	10208766	5677	0.1482
bf54865c-9f2b-42d7-b2ff-5495d9122c5b	4	10212536	10229874	29	1.3756
bf54865c-9f2b-42d7-b2ff-5495d9122c5b	4	10232590	11446558	1050	0.1556
bf54865c-9f2b-42d7-b2ff-5495d9122c5b	4	11447020	12118652	590	-0.0076
bf54865c-9f2b-42d7-b2ff-5495d9122c5b	4	12120122	34768684	15285	0.119
bf54865c-9f2b-42d7-b2ff-5495d9122c5b	4	34771893	34822561	45	0.5084
bf54865c-9f2b-42d7-b2ff-5495d9122c5b	4	34823103	35383696	365	0.0794
bf54865c-9f2b-42d7-b2ff-5495d9122c5b	4	35387064	35387150	2	-1.3342
bf54865c-9f2b-42d7-b2ff-5495d9122c5b	4	35389053	38458681	2218	0.1197
bf54865c-9f2b-42d7-b2ff-5495d9122c5b	4	38459716	38462872	3	-0.9607
bf54865c-9f2b-42d7-b2ff-5495d9122c5b	4	38463070	43143380	2918	0.1418
bf54865c-9f2b-42d7-b2ff-5495d9122c5b	4	43143414	43148055	10	-0.7012
bf54865c-9f2b-42d7-b2ff-5495d9122c5b	4	43154418	46222020	1759	0.1241
bf54865c-9f2b-42d7-b2ff-5495d9122c5b	4	46223737	46236761	5	-0.6718
bf54865c-9f2b-42d7-b2ff-5495d9122c5b	4	46239406	48092517	1024	0.1158
bf54865c-9f2b-42d7-b2ff-5495d9122c5b	4	48093110	49289338	640	0.2394
bf54865c-9f2b-42d7-b2ff-5495d9122c5b	4	49295203	61071220	6058	0.121
bf54865c-9f2b-42d7-b2ff-5495d9122c5b	4	61075217	61076234	2	1.5463
bf54865c-9f2b-42d7-b2ff-5495d9122c5b	4	61079968	62802116	931	0.1058
bf54865c-9f2b-42d7-b2ff-5495d9122c5b	4	62804218	62813912	9	-0.813
bf54865c-9f2b-42d7-b2ff-5495d9122c5b	4	62818784	63105282	156	0.1081
bf54865c-9f2b-42d7-b2ff-5495d9122c5b	4	63105303	63211206	52	0.2949
bf54865c-9f2b-42d7-b2ff-5495d9122c5b	4	63211991	63242415	20	-0.0867
bf54865c-9f2b-42d7-b2ff-5495d9122c5b	4	63242867	63285942	18	0.4006
bf54865c-9f2b-42d7-b2ff-5495d9122c5b	4	63286195	63828222	309	0.0916
bf54865c-9f2b-42d7-b2ff-5495d9122c5b	4	63831751	63842540	28	-0.311
bf54865c-9f2b-42d7-b2ff-5495d9122c5b	4	63850713	68378716	2848	0.1154
bf54865c-9f2b-42d7-b2ff-5495d9122c5b	4	68389352	68422424	10	-0.7118
bf54865c-9f2b-42d7-b2ff-5495d9122c5b	4	68429081	68506285	12	0.0459
bf54865c-9f2b-42d7-b2ff-5495d9122c5b	4	68509223	68623617	65	-1.6033
bf54865c-9f2b-42d7-b2ff-5495d9122c5b	4	68639397	80331565	7210	0.1372
bf54865c-9f2b-42d7-b2ff-5495d9122c5b	4	80334596	81261601	497	-0.0292
bf54865c-9f2b-42d7-b2ff-5495d9122c5b	4	81262504	81748408	324	0.1388
bf54865c-9f2b-42d7-b2ff-5495d9122c5b	4	81750016	81750209	4	-0.6918
bf54865c-9f2b-42d7-b2ff-5495d9122c5b	4	81750784	83959985	1360	0.1267
bf54865c-9f2b-42d7-b2ff-5495d9122c5b	4	83960676	90256775	3953	-0.024
bf54865c-9f2b-42d7-b2ff-5495d9122c5b	4	90256801	90363792	79	-0.2963
bf54865c-9f2b-42d7-b2ff-5495d9122c5b	4	90366001	90366699	3	-1.3687
bf54865c-9f2b-42d7-b2ff-5495d9122c5b	4	90367455	90426083	29	-0.2385
bf54865c-9f2b-42d7-b2ff-5495d9122c5b	4	90429274	90600646	77	-0.3863
bf54865c-9f2b-42d7-b2ff-5495d9122c5b	4	90604330	91155137	378	-0.2059
bf54865c-9f2b-42d7-b2ff-5495d9122c5b	4	91158800	93665995	1303	-0.048
bf54865c-9f2b-42d7-b2ff-5495d9122c5b	4	93669112	101931129	4971	0.12
bf54865c-9f2b-42d7-b2ff-5495d9122c5b	4	101931418	101933953	4	-0.8171
bf54865c-9f2b-42d7-b2ff-5495d9122c5b	4	101934343	103823578	1114	0.1327
bf54865c-9f2b-42d7-b2ff-5495d9122c5b	4	103823914	103830480	8	-0.4532
bf54865c-9f2b-42d7-b2ff-5495d9122c5b	4	103830487	111291050	4359	0.1178
bf54865c-9f2b-42d7-b2ff-5495d9122c5b	4	111291686	111295645	2	-1.5899
bf54865c-9f2b-42d7-b2ff-5495d9122c5b	4	111296654	114252456	1919	0.1395
bf54865c-9f2b-42d7-b2ff-5495d9122c5b	4	114252472	114261019	26	0.9565
bf54865c-9f2b-42d7-b2ff-5495d9122c5b	4	114263073	132375518	10540	0.1174
bf54865c-9f2b-42d7-b2ff-5495d9122c5b	4	132375635	132375715	2	-1.5518
bf54865c-9f2b-42d7-b2ff-5495d9122c5b	4	132380796	156047028	14261	0.1179
bf54865c-9f2b-42d7-b2ff-5495d9122c5b	4	156047131	156047146	2	-1.3972
bf54865c-9f2b-42d7-b2ff-5495d9122c5b	4	156047321	160952760	3058	0.1285
bf54865c-9f2b-42d7-b2ff-5495d9122c5b	4	160952773	160964026	33	0.4239
bf54865c-9f2b-42d7-b2ff-5495d9122c5b	4	160964110	164022742	1964	0.1018
bf54865c-9f2b-42d7-b2ff-5495d9122c5b	4	164025167	166472255	1575	-0.0368
bf54865c-9f2b-42d7-b2ff-5495d9122c5b	4	166477070	172066777	3505	0.1233
bf54865c-9f2b-42d7-b2ff-5495d9122c5b	4	172067997	172068368	11	-1.8476
bf54865c-9f2b-42d7-b2ff-5495d9122c5b	4	172068382	186699490	9860	0.1238
bf54865c-9f2b-42d7-b2ff-5495d9122c5b	4	186700127	186700996	3	-1.4228
bf54865c-9f2b-42d7-b2ff-5495d9122c5b	4	186703040	188300104	1034	0.1215
bf54865c-9f2b-42d7-b2ff-5495d9122c5b	4	188300206	188300221	2	-2.1434
bf54865c-9f2b-42d7-b2ff-5495d9122c5b	4	188300270	190106768	1142	0.1106
bf54865c-9f2b-42d7-b2ff-5495d9122c5b	5	15532	1288579	576	1.3289
bf54865c-9f2b-42d7-b2ff-5495d9122c5b	5	1299214	2191323	575	-0.1739
bf54865c-9f2b-42d7-b2ff-5495d9122c5b	5	2192970	2768388	564	0.9765
bf54865c-9f2b-42d7-b2ff-5495d9122c5b	5	2770237	3039751	233	0.3895
bf54865c-9f2b-42d7-b2ff-5495d9122c5b	5	3042506	3090936	74	0.6105
bf54865c-9f2b-42d7-b2ff-5495d9122c5b	5	3091258	3097077	10	0.0265
bf54865c-9f2b-42d7-b2ff-5495d9122c5b	5	3097297	3204220	138	0.6692
bf54865c-9f2b-42d7-b2ff-5495d9122c5b	5	3205176	5035746	1583	0.3697
bf54865c-9f2b-42d7-b2ff-5495d9122c5b	5	5040154	5092331	52	-0.2068
bf54865c-9f2b-42d7-b2ff-5495d9122c5b	5	5095880	5198209	103	1.3055
bf54865c-9f2b-42d7-b2ff-5495d9122c5b	5	5199614	5220628	23	-0.2663
bf54865c-9f2b-42d7-b2ff-5495d9122c5b	5	5221187	5263765	56	1.1836
bf54865c-9f2b-42d7-b2ff-5495d9122c5b	5	5266505	5300767	47	-0.1871
bf54865c-9f2b-42d7-b2ff-5495d9122c5b	5	5304917	5316285	14	0.8193
bf54865c-9f2b-42d7-b2ff-5495d9122c5b	5	5316947	5359285	44	0.9847
bf54865c-9f2b-42d7-b2ff-5495d9122c5b	5	5362765	5678884	276	-0.2345
bf54865c-9f2b-42d7-b2ff-5495d9122c5b	5	5679212	5680049	15	0.4398
bf54865c-9f2b-42d7-b2ff-5495d9122c5b	5	5680066	7799679	1784	-0.2122
bf54865c-9f2b-42d7-b2ff-5495d9122c5b	5	7804297	7998876	171	0.3743
bf54865c-9f2b-42d7-b2ff-5495d9122c5b	5	7999405	9897855	1640	-0.2249
bf54865c-9f2b-42d7-b2ff-5495d9122c5b	5	9898850	9901840	2	-1.9925
bf54865c-9f2b-42d7-b2ff-5495d9122c5b	5	9902261	12815753	2168	-0.2117
bf54865c-9f2b-42d7-b2ff-5495d9122c5b	5	12819201	12819964	7	-1.7495
bf54865c-9f2b-42d7-b2ff-5495d9122c5b	5	12824299	18936481	4019	-0.2024
bf54865c-9f2b-42d7-b2ff-5495d9122c5b	5	18939970	23748699	2769	0.3734
bf54865c-9f2b-42d7-b2ff-5495d9122c5b	5	23748760	24508067	411	-0.2451
bf54865c-9f2b-42d7-b2ff-5495d9122c5b	5	24508916	27617078	1874	0.3593
bf54865c-9f2b-42d7-b2ff-5495d9122c5b	5	27617728	46271006	11320	0.1157
bf54865c-9f2b-42d7-b2ff-5495d9122c5b	5	46271828	46273400	6	-2.4313
bf54865c-9f2b-42d7-b2ff-5495d9122c5b	5	46278110	56368082	3884	0.1365
bf54865c-9f2b-42d7-b2ff-5495d9122c5b	5	56369663	56370640	2	-1.4593
bf54865c-9f2b-42d7-b2ff-5495d9122c5b	5	56371449	58033288	1182	0.1379
bf54865c-9f2b-42d7-b2ff-5495d9122c5b	5	58033703	58037706	28	-0.2257
bf54865c-9f2b-42d7-b2ff-5495d9122c5b	5	58042530	69550476	7278	0.1279
bf54865c-9f2b-42d7-b2ff-5495d9122c5b	5	69571467	69822308	5	1.1164
bf54865c-9f2b-42d7-b2ff-5495d9122c5b	5	69937600	76133449	3103	0.1342
bf54865c-9f2b-42d7-b2ff-5495d9122c5b	5	76135614	76135874	2	-1.6373
bf54865c-9f2b-42d7-b2ff-5495d9122c5b	5	76136912	76143848	15	0.0076
bf54865c-9f2b-42d7-b2ff-5495d9122c5b	5	76143863	76154302	19	-0.3583
bf54865c-9f2b-42d7-b2ff-5495d9122c5b	5	76154319	94391836	10413	0.1176
bf54865c-9f2b-42d7-b2ff-5495d9122c5b	5	94392492	94818215	224	-0.0557
bf54865c-9f2b-42d7-b2ff-5495d9122c5b	5	94821646	95675485	518	0.1128
bf54865c-9f2b-42d7-b2ff-5495d9122c5b	5	95678341	95785190	73	0.4102
bf54865c-9f2b-42d7-b2ff-5495d9122c5b	5	95791325	118050922	14463	0.1222
bf54865c-9f2b-42d7-b2ff-5495d9122c5b	5	118052727	118053390	11	-0.561
bf54865c-9f2b-42d7-b2ff-5495d9122c5b	5	118068645	171849538	34945	0.1177
bf54865c-9f2b-42d7-b2ff-5495d9122c5b	5	171853692	172724078	625	0.1959
bf54865c-9f2b-42d7-b2ff-5495d9122c5b	5	172724273	173775504	749	0.1286
bf54865c-9f2b-42d7-b2ff-5495d9122c5b	5	173778055	173778497	4	-0.9426
bf54865c-9f2b-42d7-b2ff-5495d9122c5b	5	173778604	175933010	1648	0.1207
bf54865c-9f2b-42d7-b2ff-5495d9122c5b	5	175935472	176145331	37	0.4001
bf54865c-9f2b-42d7-b2ff-5495d9122c5b	5	176146632	177839225	712	0.1456
bf54865c-9f2b-42d7-b2ff-5495d9122c5b	5	177876764	177879634	2	-1.5981
bf54865c-9f2b-42d7-b2ff-5495d9122c5b	5	177883336	180951888	1778	0.1167
bf54865c-9f2b-42d7-b2ff-5495d9122c5b	5	180953203	180991103	17	-0.5048
bf54865c-9f2b-42d7-b2ff-5495d9122c5b	5	181006225	181363319	170	0.1127
bf54865c-9f2b-42d7-b2ff-5495d9122c5b	6	149661	294474	122	0.1528
bf54865c-9f2b-42d7-b2ff-5495d9122c5b	6	294725	375277	74	0.3572
bf54865c-9f2b-42d7-b2ff-5495d9122c5b	6	375759	535623	133	0.105
bf54865c-9f2b-42d7-b2ff-5495d9122c5b	6	535668	32486746	22420	-0.0249
bf54865c-9f2b-42d7-b2ff-5495d9122c5b	6	32488906	32606604	33	0.7223
bf54865c-9f2b-42d7-b2ff-5495d9122c5b	6	32610305	33970222	820	-0.0294
bf54865c-9f2b-42d7-b2ff-5495d9122c5b	6	33970966	33974928	7	-0.988
bf54865c-9f2b-42d7-b2ff-5495d9122c5b	6	33976809	48963228	9546	-0.019
bf54865c-9f2b-42d7-b2ff-5495d9122c5b	6	48964092	48967563	5	-1.0063
bf54865c-9f2b-42d7-b2ff-5495d9122c5b	6	48978926	52758722	2316	-0.0239
bf54865c-9f2b-42d7-b2ff-5495d9122c5b	6	52759229	52766141	15	0.5011
bf54865c-9f2b-42d7-b2ff-5495d9122c5b	6	52766329	55889580	2130	-0.0069
bf54865c-9f2b-42d7-b2ff-5495d9122c5b	6	55895873	55895890	3	-2.835
bf54865c-9f2b-42d7-b2ff-5495d9122c5b	6	55899887	58083408	904	-0.0063
bf54865c-9f2b-42d7-b2ff-5495d9122c5b	6	58086185	60791878	279	0.1022
bf54865c-9f2b-42d7-b2ff-5495d9122c5b	6	60797282	61195329	142	-0.0018
bf54865c-9f2b-42d7-b2ff-5495d9122c5b	6	61195461	61197186	3	-1.0807
bf54865c-9f2b-42d7-b2ff-5495d9122c5b	6	61199962	65115735	2044	-0.0251
bf54865c-9f2b-42d7-b2ff-5495d9122c5b	6	65116654	65121791	11	-0.9673
bf54865c-9f2b-42d7-b2ff-5495d9122c5b	6	65124288	71090652	3986	-0.0348
bf54865c-9f2b-42d7-b2ff-5495d9122c5b	6	71091195	71091917	2	-1.7597
bf54865c-9f2b-42d7-b2ff-5495d9122c5b	6	71092884	73882509	1822	-0.0141
bf54865c-9f2b-42d7-b2ff-5495d9122c5b	6	73882741	73891694	9	0.6663
bf54865c-9f2b-42d7-b2ff-5495d9122c5b	6	73893839	76312261	1476	-0.0328
bf54865c-9f2b-42d7-b2ff-5495d9122c5b	6	76313871	76314556	7	-0.9473
bf54865c-9f2b-42d7-b2ff-5495d9122c5b	6	76314644	76719482	278	-0.0678
bf54865c-9f2b-42d7-b2ff-5495d9122c5b	6	76719514	76742956	24	-0.462
bf54865c-9f2b-42d7-b2ff-5495d9122c5b	6	76742972	77646294	601	-0.038
bf54865c-9f2b-42d7-b2ff-5495d9122c5b	6	77646390	77646522	2	-1.211
bf54865c-9f2b-42d7-b2ff-5495d9122c5b	6	77648058	78253172	374	-0.0369
bf54865c-9f2b-42d7-b2ff-5495d9122c5b	6	78259348	78325468	113	0.435
bf54865c-9f2b-42d7-b2ff-5495d9122c5b	6	78329517	78336944	8	-0.0845
bf54865c-9f2b-42d7-b2ff-5495d9122c5b	6	78341897	78342235	3	-1.0932
bf54865c-9f2b-42d7-b2ff-5495d9122c5b	6	78342896	79417829	633	-0.0269
bf54865c-9f2b-42d7-b2ff-5495d9122c5b	6	79420216	79420601	3	-1.203
bf54865c-9f2b-42d7-b2ff-5495d9122c5b	6	79421212	80574999	778	-0.0236
bf54865c-9f2b-42d7-b2ff-5495d9122c5b	6	80575042	80579817	28	-0.7267
bf54865c-9f2b-42d7-b2ff-5495d9122c5b	6	80584624	94481005	8877	-0.038
bf54865c-9f2b-42d7-b2ff-5495d9122c5b	6	94483388	94484007	2	-1.5176
bf54865c-9f2b-42d7-b2ff-5495d9122c5b	6	94486928	104063388	5597	-0.0276
bf54865c-9f2b-42d7-b2ff-5495d9122c5b	6	104066294	104071911	2	-1.4643
bf54865c-9f2b-42d7-b2ff-5495d9122c5b	6	104072253	118285192	8678	-0.0246
bf54865c-9f2b-42d7-b2ff-5495d9122c5b	6	118288968	118546901	145	0.1185
bf54865c-9f2b-42d7-b2ff-5495d9122c5b	6	118550152	119129306	318	-0.0118
bf54865c-9f2b-42d7-b2ff-5495d9122c5b	6	119132173	119244752	72	0.2102
bf54865c-9f2b-42d7-b2ff-5495d9122c5b	6	119245507	119862878	366	-0.0245
bf54865c-9f2b-42d7-b2ff-5495d9122c5b	6	119864639	120023029	94	-0.2583
bf54865c-9f2b-42d7-b2ff-5495d9122c5b	6	120023140	120326295	177	-0.012
bf54865c-9f2b-42d7-b2ff-5495d9122c5b	6	120329413	128480254	4925	0.1315
bf54865c-9f2b-42d7-b2ff-5495d9122c5b	6	128486931	129517054	705	-0.2115
bf54865c-9f2b-42d7-b2ff-5495d9122c5b	6	129517589	129540247	20	0.1834
bf54865c-9f2b-42d7-b2ff-5495d9122c5b	6	129544534	129615263	39	-0.198
bf54865c-9f2b-42d7-b2ff-5495d9122c5b	6	129623082	129821461	187	0.1801
bf54865c-9f2b-42d7-b2ff-5495d9122c5b	6	129821540	133945130	2801	-0.213
bf54865c-9f2b-42d7-b2ff-5495d9122c5b	6	133947933	133948494	2	-1.8066
bf54865c-9f2b-42d7-b2ff-5495d9122c5b	6	133950934	134147285	130	-0.136
bf54865c-9f2b-42d7-b2ff-5495d9122c5b	6	134149765	134167341	11	-0.5589
bf54865c-9f2b-42d7-b2ff-5495d9122c5b	6	134168837	134181089	8	-0.206
bf54865c-9f2b-42d7-b2ff-5495d9122c5b	6	134181128	134488773	234	0.1428
bf54865c-9f2b-42d7-b2ff-5495d9122c5b	6	134496598	134752964	187	-0.2059
bf54865c-9f2b-42d7-b2ff-5495d9122c5b	6	134758479	135218795	358	0.1418
bf54865c-9f2b-42d7-b2ff-5495d9122c5b	6	135222669	135747396	308	-0.1781
bf54865c-9f2b-42d7-b2ff-5495d9122c5b	6	135754479	136685978	659	0.1512
bf54865c-9f2b-42d7-b2ff-5495d9122c5b	6	136688689	139146919	1702	-0.1977
bf54865c-9f2b-42d7-b2ff-5495d9122c5b	6	139148478	139161131	10	-0.0164
bf54865c-9f2b-42d7-b2ff-5495d9122c5b	6	139161980	139202487	31	0.4517
bf54865c-9f2b-42d7-b2ff-5495d9122c5b	6	139203345	140531836	723	0.1479
bf54865c-9f2b-42d7-b2ff-5495d9122c5b	6	140538125	152655777	8048	-0.2125
bf54865c-9f2b-42d7-b2ff-5495d9122c5b	6	152661224	153594794	675	0.1175
bf54865c-9f2b-42d7-b2ff-5495d9122c5b	6	153603431	170741917	11871	-0.2129
bf54865c-9f2b-42d7-b2ff-5495d9122c5b	7	43355	3406559	1478	0.1299
bf54865c-9f2b-42d7-b2ff-5495d9122c5b	7	3407187	3411619	6	-0.6587
bf54865c-9f2b-42d7-b2ff-5495d9122c5b	7	3412084	3569863	127	0.0826
bf54865c-9f2b-42d7-b2ff-5495d9122c5b	7	3570080	3578729	31	-0.8851
bf54865c-9f2b-42d7-b2ff-5495d9122c5b	7	3585172	9002040	3612	0.1065
bf54865c-9f2b-42d7-b2ff-5495d9122c5b	7	9003006	9024665	22	-0.3798
bf54865c-9f2b-42d7-b2ff-5495d9122c5b	7	9026542	11561345	1963	0.0986
bf54865c-9f2b-42d7-b2ff-5495d9122c5b	7	11565388	11565881	4	-1.01
bf54865c-9f2b-42d7-b2ff-5495d9122c5b	7	11566205	11726985	153	0.0789
bf54865c-9f2b-42d7-b2ff-5495d9122c5b	7	11733156	11733890	4	-0.6797
bf54865c-9f2b-42d7-b2ff-5495d9122c5b	7	11734614	13200229	1142	0.1302
bf54865c-9f2b-42d7-b2ff-5495d9122c5b	7	13200678	13200693	2	-2.0725
bf54865c-9f2b-42d7-b2ff-5495d9122c5b	7	13201478	16797994	2933	0.1096
bf54865c-9f2b-42d7-b2ff-5495d9122c5b	7	16798591	16808190	10	0.6665
bf54865c-9f2b-42d7-b2ff-5495d9122c5b	7	16810362	17044045	187	0.1177
bf54865c-9f2b-42d7-b2ff-5495d9122c5b	7	17044321	17445594	290	0.2581
bf54865c-9f2b-42d7-b2ff-5495d9122c5b	7	17450836	17548448	107	0.0324
bf54865c-9f2b-42d7-b2ff-5495d9122c5b	7	17551978	17805641	225	0.2782
bf54865c-9f2b-42d7-b2ff-5495d9122c5b	7	17807612	38251092	14959	0.1288
bf54865c-9f2b-42d7-b2ff-5495d9122c5b	7	38251113	38263833	8	0.9663
bf54865c-9f2b-42d7-b2ff-5495d9122c5b	7	38271122	38362895	119	0.3969
bf54865c-9f2b-42d7-b2ff-5495d9122c5b	7	38364786	65050285	13950	0.1311
bf54865c-9f2b-42d7-b2ff-5495d9122c5b	7	65052476	65818881	262	0.2504
bf54865c-9f2b-42d7-b2ff-5495d9122c5b	7	65827971	70899116	2812	0.1266
bf54865c-9f2b-42d7-b2ff-5495d9122c5b	7	70899527	70955452	33	0.4737
bf54865c-9f2b-42d7-b2ff-5495d9122c5b	7	70958264	70961155	2	1.9155
bf54865c-9f2b-42d7-b2ff-5495d9122c5b	7	70963257	75687728	1809	0.388
bf54865c-9f2b-42d7-b2ff-5495d9122c5b	7	75687900	75687963	2	2.0886
bf54865c-9f2b-42d7-b2ff-5495d9122c5b	7	75689662	97756658	13835	0.4071
bf54865c-9f2b-42d7-b2ff-5495d9122c5b	7	97766148	97773163	16	-0.6093
bf54865c-9f2b-42d7-b2ff-5495d9122c5b	7	97774928	109789993	6570	0.413
bf54865c-9f2b-42d7-b2ff-5495d9122c5b	7	109793690	109800862	23	0.876
bf54865c-9f2b-42d7-b2ff-5495d9122c5b	7	109800863	111286668	1006	0.3456
bf54865c-9f2b-42d7-b2ff-5495d9122c5b	7	111292114	112621137	859	0.4116
bf54865c-9f2b-42d7-b2ff-5495d9122c5b	7	112622756	112638970	7	1.0143
bf54865c-9f2b-42d7-b2ff-5495d9122c5b	7	112639606	118385709	3367	0.4074
bf54865c-9f2b-42d7-b2ff-5495d9122c5b	7	118389201	118391925	2	-0.8279
bf54865c-9f2b-42d7-b2ff-5495d9122c5b	7	118395239	125114498	3926	0.4027
bf54865c-9f2b-42d7-b2ff-5495d9122c5b	7	125114554	126012749	574	0.3583
bf54865c-9f2b-42d7-b2ff-5495d9122c5b	7	126015272	126016668	5	-1.6483
bf54865c-9f2b-42d7-b2ff-5495d9122c5b	7	126023599	126404920	270	0.3683
bf54865c-9f2b-42d7-b2ff-5495d9122c5b	7	126405428	126406561	12	1.4895
bf54865c-9f2b-42d7-b2ff-5495d9122c5b	7	126406822	154598185	17539	0.401
bf54865c-9f2b-42d7-b2ff-5495d9122c5b	7	154601461	154607903	4	-1.8185
bf54865c-9f2b-42d7-b2ff-5495d9122c5b	7	154609120	159334314	3221	0.4156
bf54865c-9f2b-42d7-b2ff-5495d9122c5b	8	81254	3726178	3037	-0.4012
bf54865c-9f2b-42d7-b2ff-5495d9122c5b	8	3726550	3730100	12	-1.605
bf54865c-9f2b-42d7-b2ff-5495d9122c5b	8	3730243	7153553	4620	-0.4011
bf54865c-9f2b-42d7-b2ff-5495d9122c5b	8	7155402	8214781	79	0.1387
bf54865c-9f2b-42d7-b2ff-5495d9122c5b	8	8234503	12037736	3190	-0.3833
bf54865c-9f2b-42d7-b2ff-5495d9122c5b	8	12092042	12177488	9	0.4724
bf54865c-9f2b-42d7-b2ff-5495d9122c5b	8	12323772	12376891	11	-0.4595
bf54865c-9f2b-42d7-b2ff-5495d9122c5b	8	12382326	12620185	42	0.0798
bf54865c-9f2b-42d7-b2ff-5495d9122c5b	8	12620682	41343729	20699	-0.3815
bf54865c-9f2b-42d7-b2ff-5495d9122c5b	8	41347306	49617594	2930	0.0113
bf54865c-9f2b-42d7-b2ff-5495d9122c5b	8	49617625	53088532	2241	-0.0017
bf54865c-9f2b-42d7-b2ff-5495d9122c5b	8	53090824	53116476	11	-0.5594
bf54865c-9f2b-42d7-b2ff-5495d9122c5b	8	53119366	66510980	8490	-0.0092
bf54865c-9f2b-42d7-b2ff-5495d9122c5b	8	66511762	66553353	27	0.3596
bf54865c-9f2b-42d7-b2ff-5495d9122c5b	8	66558480	93070367	15687	-0.011
bf54865c-9f2b-42d7-b2ff-5495d9122c5b	8	93070599	111282417	11160	0.0164
bf54865c-9f2b-42d7-b2ff-5495d9122c5b	8	111282441	111283016	5	-1.9175
bf54865c-9f2b-42d7-b2ff-5495d9122c5b	8	111283031	114260026	1618	-0.0058
bf54865c-9f2b-42d7-b2ff-5495d9122c5b	8	114263572	114264566	2	-1.3379
bf54865c-9f2b-42d7-b2ff-5495d9122c5b	8	114273579	128126503	9538	0.0262
bf54865c-9f2b-42d7-b2ff-5495d9122c5b	8	128129610	128245719	117	0.3372
bf54865c-9f2b-42d7-b2ff-5495d9122c5b	8	128245823	133156306	3554	0.0282
bf54865c-9f2b-42d7-b2ff-5495d9122c5b	8	133156346	133168000	47	0.3166
bf54865c-9f2b-42d7-b2ff-5495d9122c5b	8	133168229	136805041	2910	0.0285
bf54865c-9f2b-42d7-b2ff-5495d9122c5b	8	136805163	136849879	64	0.2567
bf54865c-9f2b-42d7-b2ff-5495d9122c5b	8	136849952	140646609	3011	0.0072
bf54865c-9f2b-42d7-b2ff-5495d9122c5b	8	140647034	141236451	355	0.1565
bf54865c-9f2b-42d7-b2ff-5495d9122c5b	8	141239137	145072769	1615	0.0399
bf54865c-9f2b-42d7-b2ff-5495d9122c5b	9	46587	602903	506	0.1294
bf54865c-9f2b-42d7-b2ff-5495d9122c5b	9	606699	606961	4	-1.7381
bf54865c-9f2b-42d7-b2ff-5495d9122c5b	9	607307	1302839	775	0.1085
bf54865c-9f2b-42d7-b2ff-5495d9122c5b	9	1303826	1522082	313	0.2575
bf54865c-9f2b-42d7-b2ff-5495d9122c5b	9	1522769	1528727	19	-0.2308
bf54865c-9f2b-42d7-b2ff-5495d9122c5b	9	1529051	5927499	4200	0.2937
bf54865c-9f2b-42d7-b2ff-5495d9122c5b	9	5928245	8282958	2140	0.144
bf54865c-9f2b-42d7-b2ff-5495d9122c5b	9	8283179	8530188	237	-0.185
bf54865c-9f2b-42d7-b2ff-5495d9122c5b	9	8531899	8664452	99	0.1302
bf54865c-9f2b-42d7-b2ff-5495d9122c5b	9	8669108	9943040	1169	-0.1381
bf54865c-9f2b-42d7-b2ff-5495d9122c5b	9	9943196	10477964	504	0.1017
bf54865c-9f2b-42d7-b2ff-5495d9122c5b	9	10478387	10542631	70	-0.154
bf54865c-9f2b-42d7-b2ff-5495d9122c5b	9	10542652	10581359	78	0.1219
bf54865c-9f2b-42d7-b2ff-5495d9122c5b	9	10581373	11218532	499	-0.1668
bf54865c-9f2b-42d7-b2ff-5495d9122c5b	9	11223531	11645592	320	0.1321
bf54865c-9f2b-42d7-b2ff-5495d9122c5b	9	11647401	11992604	265	-0.1665
bf54865c-9f2b-42d7-b2ff-5495d9122c5b	9	11995297	11996831	6	-1.1753
bf54865c-9f2b-42d7-b2ff-5495d9122c5b	9	11999144	16174989	3332	-0.1726
bf54865c-9f2b-42d7-b2ff-5495d9122c5b	9	16175105	16406759	267	0.1783
bf54865c-9f2b-42d7-b2ff-5495d9122c5b	9	16408124	19832329	2933	-0.1736
bf54865c-9f2b-42d7-b2ff-5495d9122c5b	9	19832435	21198034	1111	0.1555
bf54865c-9f2b-42d7-b2ff-5495d9122c5b	9	21201184	21210758	3	-0.806
bf54865c-9f2b-42d7-b2ff-5495d9122c5b	9	21214878	21455815	170	0.1476
bf54865c-9f2b-42d7-b2ff-5495d9122c5b	9	21459488	23361807	1307	-0.2045
bf54865c-9f2b-42d7-b2ff-5495d9122c5b	9	23363117	23373486	8	-2.4536
bf54865c-9f2b-42d7-b2ff-5495d9122c5b	9	23378490	24503818	792	-0.2047
bf54865c-9f2b-42d7-b2ff-5495d9122c5b	9	24504127	24517684	19	-1.3138
bf54865c-9f2b-42d7-b2ff-5495d9122c5b	9	24519686	26780791	1650	-0.2177
bf54865c-9f2b-42d7-b2ff-5495d9122c5b	9	26780890	29958669	2461	0.1463
bf54865c-9f2b-42d7-b2ff-5495d9122c5b	9	29958818	29969779	17	-0.3723
bf54865c-9f2b-42d7-b2ff-5495d9122c5b	9	29969870	32736717	1912	0.16
bf54865c-9f2b-42d7-b2ff-5495d9122c5b	9	32737094	32738074	2	-1.0245
bf54865c-9f2b-42d7-b2ff-5495d9122c5b	9	32738789	33007261	225	0.1784
bf54865c-9f2b-42d7-b2ff-5495d9122c5b	9	33007469	33007570	2	1.5177
bf54865c-9f2b-42d7-b2ff-5495d9122c5b	9	33008115	33929687	618	0.18
bf54865c-9f2b-42d7-b2ff-5495d9122c5b	9	33932031	39487653	2992	-0.1708
bf54865c-9f2b-42d7-b2ff-5495d9122c5b	9	39487690	61574022	224	0.052
bf54865c-9f2b-42d7-b2ff-5495d9122c5b	9	61580999	61668104	12	-0.725
bf54865c-9f2b-42d7-b2ff-5495d9122c5b	9	61680289	68318441	165	0.0284
bf54865c-9f2b-42d7-b2ff-5495d9122c5b	9	68325679	69180313	689	-0.1789
bf54865c-9f2b-42d7-b2ff-5495d9122c5b	9	69180597	69395754	167	0.1901
bf54865c-9f2b-42d7-b2ff-5495d9122c5b	9	69397425	69496348	110	-0.1363
bf54865c-9f2b-42d7-b2ff-5495d9122c5b	9	69496451	69499128	11	-0.7871
bf54865c-9f2b-42d7-b2ff-5495d9122c5b	9	69499507	70194046	527	-0.1544
bf54865c-9f2b-42d7-b2ff-5495d9122c5b	9	70196070	70197838	2	-1.7929
bf54865c-9f2b-42d7-b2ff-5495d9122c5b	9	70198765	82197023	8466	-0.1768
bf54865c-9f2b-42d7-b2ff-5495d9122c5b	9	82199879	82203487	3	-2.0489
bf54865c-9f2b-42d7-b2ff-5495d9122c5b	9	82205834	92518605	7365	-0.1681
bf54865c-9f2b-42d7-b2ff-5495d9122c5b	9	92522700	92529627	2	-2.2624
bf54865c-9f2b-42d7-b2ff-5495d9122c5b	9	92529944	103804216	7354	-0.1809
bf54865c-9f2b-42d7-b2ff-5495d9122c5b	9	103806415	103807009	2	-3.0931
bf54865c-9f2b-42d7-b2ff-5495d9122c5b	9	103808421	104036026	153	-0.245
bf54865c-9f2b-42d7-b2ff-5495d9122c5b	9	104036425	124977169	15573	-0.1648
bf54865c-9f2b-42d7-b2ff-5495d9122c5b	9	124977748	126741508	1115	-0.2097
bf54865c-9f2b-42d7-b2ff-5495d9122c5b	9	126743068	126760808	20	-0.6633
bf54865c-9f2b-42d7-b2ff-5495d9122c5b	9	126760871	135273657	4988	-0.1969
bf54865c-9f2b-42d7-b2ff-5495d9122c5b	9	135276268	135279515	2	-2.2282
bf54865c-9f2b-42d7-b2ff-5495d9122c5b	9	135279848	135322259	25	-0.1188
bf54865c-9f2b-42d7-b2ff-5495d9122c5b	9	135323776	135324566	2	-2.4565
bf54865c-9f2b-42d7-b2ff-5495d9122c5b	9	135325951	138200944	1105	-0.1729
bf54865c-9f2b-42d7-b2ff-5495d9122c5b	10	45792	3098269	2524	-0.1843
bf54865c-9f2b-42d7-b2ff-5495d9122c5b	10	3098348	3098894	2	-2.235
bf54865c-9f2b-42d7-b2ff-5495d9122c5b	10	3099778	5633430	2244	-0.1938
bf54865c-9f2b-42d7-b2ff-5495d9122c5b	10	5638879	5667424	14	-0.7281
bf54865c-9f2b-42d7-b2ff-5495d9122c5b	10	5669018	19738679	11431	-0.2023
bf54865c-9f2b-42d7-b2ff-5495d9122c5b	10	19738938	19918745	103	-0.4541
bf54865c-9f2b-42d7-b2ff-5495d9122c5b	10	19919597	24088746	2774	-0.2028
bf54865c-9f2b-42d7-b2ff-5495d9122c5b	10	24088747	24088753	5	-1.9947
bf54865c-9f2b-42d7-b2ff-5495d9122c5b	10	24088989	26934974	1979	-0.1967
bf54865c-9f2b-42d7-b2ff-5495d9122c5b	10	26936975	26941064	14	-0.7756
bf54865c-9f2b-42d7-b2ff-5495d9122c5b	10	26941746	27383853	242	-0.2255
bf54865c-9f2b-42d7-b2ff-5495d9122c5b	10	27385742	27426734	47	0.1
bf54865c-9f2b-42d7-b2ff-5495d9122c5b	10	27426843	46324327	10116	-0.1931
bf54865c-9f2b-42d7-b2ff-5495d9122c5b	10	46328716	47016654	80	0.103
bf54865c-9f2b-42d7-b2ff-5495d9122c5b	10	47024340	50070600	1661	-0.1804
bf54865c-9f2b-42d7-b2ff-5495d9122c5b	10	50081224	50097459	2	-2.2325
bf54865c-9f2b-42d7-b2ff-5495d9122c5b	10	50107474	50311142	64	-0.1953
bf54865c-9f2b-42d7-b2ff-5495d9122c5b	10	50312082	50328973	13	-0.8051
bf54865c-9f2b-42d7-b2ff-5495d9122c5b	10	50329591	63444139	9504	-0.2047
bf54865c-9f2b-42d7-b2ff-5495d9122c5b	10	63445566	63607972	75	-0.5883
bf54865c-9f2b-42d7-b2ff-5495d9122c5b	10	63610200	65546518	1309	-0.2086
bf54865c-9f2b-42d7-b2ff-5495d9122c5b	10	65548165	65554688	28	-0.8709
bf54865c-9f2b-42d7-b2ff-5495d9122c5b	10	65563037	132210126	45360	-0.1955
bf54865c-9f2b-42d7-b2ff-5495d9122c5b	10	132211794	132212708	2	-2.3812
bf54865c-9f2b-42d7-b2ff-5495d9122c5b	10	132212754	133545395	565	-0.1749
bf54865c-9f2b-42d7-b2ff-5495d9122c5b	10	133546639	133551641	3	-1.4996
bf54865c-9f2b-42d7-b2ff-5495d9122c5b	10	133551799	133654968	52	-0.0922
bf54865c-9f2b-42d7-b2ff-5495d9122c5b	11	198510	4946420	2405	-0.1971
bf54865c-9f2b-42d7-b2ff-5495d9122c5b	11	4947280	4955042	30	-1.4814
bf54865c-9f2b-42d7-b2ff-5495d9122c5b	11	4955781	5451592	453	-0.2346
bf54865c-9f2b-42d7-b2ff-5495d9122c5b	11	5451759	5454949	8	-0.9906
bf54865c-9f2b-42d7-b2ff-5495d9122c5b	11	5456160	5498832	69	-0.2358
bf54865c-9f2b-42d7-b2ff-5495d9122c5b	11	5499342	5503234	10	-0.7855
bf54865c-9f2b-42d7-b2ff-5495d9122c5b	11	5503922	5757293	229	-0.2028
bf54865c-9f2b-42d7-b2ff-5495d9122c5b	11	5761695	5781556	34	0.2769
bf54865c-9f2b-42d7-b2ff-5495d9122c5b	11	5781636	18919309	9351	-0.1892
bf54865c-9f2b-42d7-b2ff-5495d9122c5b	11	18919323	18930384	16	0.2851
bf54865c-9f2b-42d7-b2ff-5495d9122c5b	11	18930645	18931264	6	-0.6627
bf54865c-9f2b-42d7-b2ff-5495d9122c5b	11	18931442	18950605	38	0.1223
bf54865c-9f2b-42d7-b2ff-5495d9122c5b	11	18952747	28723251	7339	-0.2063
bf54865c-9f2b-42d7-b2ff-5495d9122c5b	11	28724771	28867608	100	-0.4928
bf54865c-9f2b-42d7-b2ff-5495d9122c5b	11	28868693	31371747	1580	-0.2052
bf54865c-9f2b-42d7-b2ff-5495d9122c5b	11	31372721	31375533	2	-2.5163
bf54865c-9f2b-42d7-b2ff-5495d9122c5b	11	31376660	54555109	12250	-0.193
bf54865c-9f2b-42d7-b2ff-5495d9122c5b	11	54555644	54891768	120	0.1694
bf54865c-9f2b-42d7-b2ff-5495d9122c5b	11	54897678	54924229	10	-0.5562
bf54865c-9f2b-42d7-b2ff-5495d9122c5b	11	54933825	55172866	34	0.0357
bf54865c-9f2b-42d7-b2ff-5495d9122c5b	11	55198132	55214735	6	-0.8147
bf54865c-9f2b-42d7-b2ff-5495d9122c5b	11	55241999	70437962	7851	0.1438
bf54865c-9f2b-42d7-b2ff-5495d9122c5b	11	70449792	72530529	1055	-0.2021
bf54865c-9f2b-42d7-b2ff-5495d9122c5b	11	72537322	74313212	849	0.135
bf54865c-9f2b-42d7-b2ff-5495d9122c5b	11	74314244	74315183	2	-1.201
bf54865c-9f2b-42d7-b2ff-5495d9122c5b	11	74318485	80256469	3707	0.1535
bf54865c-9f2b-42d7-b2ff-5495d9122c5b	11	80256504	80256520	2	-3.081
bf54865c-9f2b-42d7-b2ff-5495d9122c5b	11	80256642	84135450	2844	0.1173
bf54865c-9f2b-42d7-b2ff-5495d9122c5b	11	84136567	85074766	654	0.0182
bf54865c-9f2b-42d7-b2ff-5495d9122c5b	11	85074947	135074876	35378	0.1397
bf54865c-9f2b-42d7-b2ff-5495d9122c5b	12	51460	13125112	8715	-0.0142
bf54865c-9f2b-42d7-b2ff-5495d9122c5b	12	13125502	13127548	4	-1.4759
bf54865c-9f2b-42d7-b2ff-5495d9122c5b	12	13128490	16266471	2161	-0.0203
bf54865c-9f2b-42d7-b2ff-5495d9122c5b	12	16268053	16268391	2	-2.4062
bf54865c-9f2b-42d7-b2ff-5495d9122c5b	12	16275623	24138063	5097	-0.0272
bf54865c-9f2b-42d7-b2ff-5495d9122c5b	12	24138298	24294427	123	-0.1969
bf54865c-9f2b-42d7-b2ff-5495d9122c5b	12	24294514	27490573	2418	-0.0268
bf54865c-9f2b-42d7-b2ff-5495d9122c5b	12	27493053	27498429	30	-0.5815
bf54865c-9f2b-42d7-b2ff-5495d9122c5b	12	27504228	30080125	1861	-0.0441
bf54865c-9f2b-42d7-b2ff-5495d9122c5b	12	30080397	30090756	30	-0.7082
bf54865c-9f2b-42d7-b2ff-5495d9122c5b	12	30090789	48331037	9560	-0.0264
bf54865c-9f2b-42d7-b2ff-5495d9122c5b	12	48331236	48331632	5	-1.9924
bf54865c-9f2b-42d7-b2ff-5495d9122c5b	12	48336253	50964135	1217	-0.0431
bf54865c-9f2b-42d7-b2ff-5495d9122c5b	12	50964582	50964797	2	-2.1795
bf54865c-9f2b-42d7-b2ff-5495d9122c5b	12	50967680	99451180	30710	-0.0245
bf54865c-9f2b-42d7-b2ff-5495d9122c5b	12	99451481	99675912	134	-0.3317
bf54865c-9f2b-42d7-b2ff-5495d9122c5b	12	99676450	114617992	9726	-0.017
bf54865c-9f2b-42d7-b2ff-5495d9122c5b	12	114619446	114627163	7	-1.4758
bf54865c-9f2b-42d7-b2ff-5495d9122c5b	12	114627864	115808862	1072	-0.029
bf54865c-9f2b-42d7-b2ff-5495d9122c5b	12	115809800	115810211	2	-1.3012
bf54865c-9f2b-42d7-b2ff-5495d9122c5b	12	115810243	117611702	1267	-0.0286
bf54865c-9f2b-42d7-b2ff-5495d9122c5b	12	117613408	117613722	2	-1.616
bf54865c-9f2b-42d7-b2ff-5495d9122c5b	12	117613773	126458098	5310	-0.0172
bf54865c-9f2b-42d7-b2ff-5495d9122c5b	12	126458334	126570082	90	-0.3445
bf54865c-9f2b-42d7-b2ff-5495d9122c5b	12	126570630	130570730	3548	-0.0635
bf54865c-9f2b-42d7-b2ff-5495d9122c5b	12	130573494	133201603	1429	0.0164
bf54865c-9f2b-42d7-b2ff-5495d9122c5b	13	18452809	30662762	8506	-0.1992
bf54865c-9f2b-42d7-b2ff-5495d9122c5b	13	30663392	65523958	22262	-0.4074
bf54865c-9f2b-42d7-b2ff-5495d9122c5b	13	65526006	68668123	2009	-0.032
bf54865c-9f2b-42d7-b2ff-5495d9122c5b	13	68674167	68675349	7	-1.0802
bf54865c-9f2b-42d7-b2ff-5495d9122c5b	13	68676647	68677848	8	-0.1057
bf54865c-9f2b-42d7-b2ff-5495d9122c5b	13	68678863	68694110	23	-0.8903
bf54865c-9f2b-42d7-b2ff-5495d9122c5b	13	68694987	82988480	9553	-0.0317
bf54865c-9f2b-42d7-b2ff-5495d9122c5b	13	82988947	83213898	161	-0.2174
bf54865c-9f2b-42d7-b2ff-5495d9122c5b	13	83213928	83218058	10	-1.5615
bf54865c-9f2b-42d7-b2ff-5495d9122c5b	13	83218079	83221406	13	-0.293
bf54865c-9f2b-42d7-b2ff-5495d9122c5b	13	83221864	84447338	739	-0.2157
bf54865c-9f2b-42d7-b2ff-5495d9122c5b	13	84453777	95335104	6977	-0.0307
bf54865c-9f2b-42d7-b2ff-5495d9122c5b	13	95336936	95348495	11	-1.6138
bf54865c-9f2b-42d7-b2ff-5495d9122c5b	13	95348742	105664476	7431	-0.0216
bf54865c-9f2b-42d7-b2ff-5495d9122c5b	13	105664587	105664629	2	-3.2057
bf54865c-9f2b-42d7-b2ff-5495d9122c5b	13	105667023	110936620	4270	-0.0228
bf54865c-9f2b-42d7-b2ff-5495d9122c5b	13	110936805	110937681	2	-1.6123
bf54865c-9f2b-42d7-b2ff-5495d9122c5b	13	110940433	113487284	1521	-0.0049
bf54865c-9f2b-42d7-b2ff-5495d9122c5b	13	113487746	113492533	2	-1.4917
bf54865c-9f2b-42d7-b2ff-5495d9122c5b	13	113492578	113855448	149	0.0151
bf54865c-9f2b-42d7-b2ff-5495d9122c5b	13	113856449	113856549	2	-1.639
bf54865c-9f2b-42d7-b2ff-5495d9122c5b	13	113858134	114342922	184	-0.038
bf54865c-9f2b-42d7-b2ff-5495d9122c5b	14	18239283	18657897	18	0.0239
bf54865c-9f2b-42d7-b2ff-5495d9122c5b	14	18661510	19140829	18	0.5354
bf54865c-9f2b-42d7-b2ff-5495d9122c5b	14	19143599	19957350	131	-0.4547
bf54865c-9f2b-42d7-b2ff-5495d9122c5b	14	19957701	69551330	31272	-0.1977
bf54865c-9f2b-42d7-b2ff-5495d9122c5b	14	69551651	69561830	12	-1.026
bf54865c-9f2b-42d7-b2ff-5495d9122c5b	14	69566109	103483041	22454	-0.2029
bf54865c-9f2b-42d7-b2ff-5495d9122c5b	14	103488390	103488982	2	-2.1261
bf54865c-9f2b-42d7-b2ff-5495d9122c5b	14	103490803	106416146	978	-0.1711
bf54865c-9f2b-42d7-b2ff-5495d9122c5b	14	106418444	106462183	49	-0.9307
bf54865c-9f2b-42d7-b2ff-5495d9122c5b	14	106462724	106877229	195	-0.1527
bf54865c-9f2b-42d7-b2ff-5495d9122c5b	15	19811075	20041902	49	0.0503
bf54865c-9f2b-42d7-b2ff-5495d9122c5b	15	20056983	20373168	39	0.4704
bf54865c-9f2b-42d7-b2ff-5495d9122c5b	15	20376198	20376202	5	-0.7428
bf54865c-9f2b-42d7-b2ff-5495d9122c5b	15	20376309	20402240	26	0.2459
bf54865c-9f2b-42d7-b2ff-5495d9122c5b	15	20402305	21268107	53	0.7376
bf54865c-9f2b-42d7-b2ff-5495d9122c5b	15	21271643	22736939	76	0.1412
bf54865c-9f2b-42d7-b2ff-5495d9122c5b	15	22748221	76599170	33481	-0.1884
bf54865c-9f2b-42d7-b2ff-5495d9122c5b	15	76599286	76602857	12	-2.4543
bf54865c-9f2b-42d7-b2ff-5495d9122c5b	15	76603003	76603434	8	-1.0141
bf54865c-9f2b-42d7-b2ff-5495d9122c5b	15	76609838	83874498	4397	-0.186
bf54865c-9f2b-42d7-b2ff-5495d9122c5b	15	83874650	83874798	3	-1.5483
bf54865c-9f2b-42d7-b2ff-5495d9122c5b	15	83878525	93359371	6741	-0.1849
bf54865c-9f2b-42d7-b2ff-5495d9122c5b	15	93359724	93374044	13	-0.6132
bf54865c-9f2b-42d7-b2ff-5495d9122c5b	15	93374954	93375733	3	-1.7262
bf54865c-9f2b-42d7-b2ff-5495d9122c5b	15	93379565	93819029	375	-0.2704
bf54865c-9f2b-42d7-b2ff-5495d9122c5b	15	93819185	93819721	3	-1.7675
bf54865c-9f2b-42d7-b2ff-5495d9122c5b	15	93822345	95119666	1008	-0.219
bf54865c-9f2b-42d7-b2ff-5495d9122c5b	15	95119842	99993138	3514	-0.0158
bf54865c-9f2b-42d7-b2ff-5495d9122c5b	15	99994141	100004224	11	-0.8193
bf54865c-9f2b-42d7-b2ff-5495d9122c5b	15	100005663	101563037	1272	-0.0261
bf54865c-9f2b-42d7-b2ff-5495d9122c5b	15	101563846	101563876	2	-2.3305
bf54865c-9f2b-42d7-b2ff-5495d9122c5b	15	101564491	101928837	204	-0.0106
bf54865c-9f2b-42d7-b2ff-5495d9122c5b	16	10777	2939840	1009	0.2675
bf54865c-9f2b-42d7-b2ff-5495d9122c5b	16	2940815	6052911	2173	-0.0274
bf54865c-9f2b-42d7-b2ff-5495d9122c5b	16	6054117	6060250	12	-0.731
bf54865c-9f2b-42d7-b2ff-5495d9122c5b	16	6060690	6480382	503	-0.0485
bf54865c-9f2b-42d7-b2ff-5495d9122c5b	16	6480550	7454545	1259	-0.2872
bf54865c-9f2b-42d7-b2ff-5495d9122c5b	16	7454585	7551939	120	0.1378
bf54865c-9f2b-42d7-b2ff-5495d9122c5b	16	7553665	7563486	25	-0.2804
bf54865c-9f2b-42d7-b2ff-5495d9122c5b	16	7564080	7879675	393	0.1096
bf54865c-9f2b-42d7-b2ff-5495d9122c5b	16	7881283	7881586	3	-1.098
bf54865c-9f2b-42d7-b2ff-5495d9122c5b	16	7884728	8187241	284	0.0635
bf54865c-9f2b-42d7-b2ff-5495d9122c5b	16	8187702	10073577	1730	0.1451
bf54865c-9f2b-42d7-b2ff-5495d9122c5b	16	10076656	13704275	2915	0.303
bf54865c-9f2b-42d7-b2ff-5495d9122c5b	16	13704342	16169856	1257	0.4461
bf54865c-9f2b-42d7-b2ff-5495d9122c5b	16	16169980	18583078	1056	0.3021
bf54865c-9f2b-42d7-b2ff-5495d9122c5b	16	18595356	18688534	9	1.05
bf54865c-9f2b-42d7-b2ff-5495d9122c5b	16	18704933	20521320	1128	0.4491
bf54865c-9f2b-42d7-b2ff-5495d9122c5b	16	20522124	20786920	156	0.2364
bf54865c-9f2b-42d7-b2ff-5495d9122c5b	16	20789976	21750145	438	0.4444
bf54865c-9f2b-42d7-b2ff-5495d9122c5b	16	21763785	21776197	5	1.2518
bf54865c-9f2b-42d7-b2ff-5495d9122c5b	16	21806139	22604483	269	0.4305
bf54865c-9f2b-42d7-b2ff-5495d9122c5b	16	22614263	22693199	58	0.7239
bf54865c-9f2b-42d7-b2ff-5495d9122c5b	16	22699421	22719033	17	0.3964
bf54865c-9f2b-42d7-b2ff-5495d9122c5b	16	22719118	25465815	1792	0.2787
bf54865c-9f2b-42d7-b2ff-5495d9122c5b	16	25468535	27826451	1823	0.1244
bf54865c-9f2b-42d7-b2ff-5495d9122c5b	16	27827533	27831503	7	-0.7428
bf54865c-9f2b-42d7-b2ff-5495d9122c5b	16	27831823	29959035	730	0.1447
bf54865c-9f2b-42d7-b2ff-5495d9122c5b	16	29965211	34209701	839	0.2651
bf54865c-9f2b-42d7-b2ff-5495d9122c5b	16	35080991	35949422	397	-0.2748
bf54865c-9f2b-42d7-b2ff-5495d9122c5b	16	35981677	78580941	21056	-0.0119
bf54865c-9f2b-42d7-b2ff-5495d9122c5b	16	78584034	78892121	381	-0.2013
bf54865c-9f2b-42d7-b2ff-5495d9122c5b	16	78892468	81175217	2520	-0.0167
bf54865c-9f2b-42d7-b2ff-5495d9122c5b	16	81175773	81198985	23	-0.561
bf54865c-9f2b-42d7-b2ff-5495d9122c5b	16	81199813	82669218	1450	-0.0087
bf54865c-9f2b-42d7-b2ff-5495d9122c5b	16	82670477	82677899	14	-0.7281
bf54865c-9f2b-42d7-b2ff-5495d9122c5b	16	82678427	86753996	4067	-0.016
bf54865c-9f2b-42d7-b2ff-5495d9122c5b	16	86754729	86755202	4	-1.7185
bf54865c-9f2b-42d7-b2ff-5495d9122c5b	16	86756098	89012905	1237	-0.0005
bf54865c-9f2b-42d7-b2ff-5495d9122c5b	16	89012953	89013365	2	-2.0194
bf54865c-9f2b-42d7-b2ff-5495d9122c5b	16	89022777	90096867	521	0.0057
bf54865c-9f2b-42d7-b2ff-5495d9122c5b	17	150733	3581074	1831	-0.1805
bf54865c-9f2b-42d7-b2ff-5495d9122c5b	17	3583886	3591067	7	-2.0522
bf54865c-9f2b-42d7-b2ff-5495d9122c5b	17	3591574	26949301	10992	-0.1983
bf54865c-9f2b-42d7-b2ff-5495d9122c5b	17	26955079	33655122	3531	0.1414
bf54865c-9f2b-42d7-b2ff-5495d9122c5b	17	33657111	33826661	159	-0.0449
bf54865c-9f2b-42d7-b2ff-5495d9122c5b	17	33826980	36109315	1651	0.1399
bf54865c-9f2b-42d7-b2ff-5495d9122c5b	17	36109735	36200725	36	0.5498
bf54865c-9f2b-42d7-b2ff-5495d9122c5b	17	36208249	41266774	2516	0.1295
bf54865c-9f2b-42d7-b2ff-5495d9122c5b	17	41266805	41274198	21	-0.7116
bf54865c-9f2b-42d7-b2ff-5495d9122c5b	17	41274279	41359305	78	0.1528
bf54865c-9f2b-42d7-b2ff-5495d9122c5b	17	41360776	41366146	23	0.5394
bf54865c-9f2b-42d7-b2ff-5495d9122c5b	17	41366164	46085732	2394	0.1334
bf54865c-9f2b-42d7-b2ff-5495d9122c5b	17	46088437	46569894	129	0.5617
bf54865c-9f2b-42d7-b2ff-5495d9122c5b	17	46571001	70451045	14105	0.1322
bf54865c-9f2b-42d7-b2ff-5495d9122c5b	17	70452588	70455366	2	-1.585
bf54865c-9f2b-42d7-b2ff-5495d9122c5b	17	70455652	83091923	7375	0.1398
bf54865c-9f2b-42d7-b2ff-5495d9122c5b	18	48133	117231	12	-0.2091
bf54865c-9f2b-42d7-b2ff-5495d9122c5b	18	122470	5962015	4197	0.1467
bf54865c-9f2b-42d7-b2ff-5495d9122c5b	18	5963764	5965670	5	-1.1364
bf54865c-9f2b-42d7-b2ff-5495d9122c5b	18	5966159	6388750	296	0.1058
bf54865c-9f2b-42d7-b2ff-5495d9122c5b	18	6388874	6592718	155	-0.0057
bf54865c-9f2b-42d7-b2ff-5495d9122c5b	18	6595524	20961945	5711	0.1631
bf54865c-9f2b-42d7-b2ff-5495d9122c5b	18	20966787	36048764	9206	-0.1914
bf54865c-9f2b-42d7-b2ff-5495d9122c5b	18	36049476	36053320	2	-2.1856
bf54865c-9f2b-42d7-b2ff-5495d9122c5b	18	36055605	40678652	3129	-0.1948
bf54865c-9f2b-42d7-b2ff-5495d9122c5b	18	40678741	40685425	21	0.2514
bf54865c-9f2b-42d7-b2ff-5495d9122c5b	18	40688060	46641108	3895	-0.2025
bf54865c-9f2b-42d7-b2ff-5495d9122c5b	18	46649522	46650255	3	-2.2936
bf54865c-9f2b-42d7-b2ff-5495d9122c5b	18	46650765	57074410	7050	-0.1917
bf54865c-9f2b-42d7-b2ff-5495d9122c5b	18	57076913	57078175	3	-1.4032
bf54865c-9f2b-42d7-b2ff-5495d9122c5b	18	57078925	58752049	1226	-0.1838
bf54865c-9f2b-42d7-b2ff-5495d9122c5b	18	58754807	58761926	2	-1.8635
bf54865c-9f2b-42d7-b2ff-5495d9122c5b	18	58762812	66099904	5282	-0.1968
bf54865c-9f2b-42d7-b2ff-5495d9122c5b	18	66100052	66100686	2	-2.7876
bf54865c-9f2b-42d7-b2ff-5495d9122c5b	18	66108359	73830239	5718	-0.1995
bf54865c-9f2b-42d7-b2ff-5495d9122c5b	18	73830758	73906496	73	-0.4742
bf54865c-9f2b-42d7-b2ff-5495d9122c5b	18	73907108	76743304	2223	-0.1947
bf54865c-9f2b-42d7-b2ff-5495d9122c5b	18	76752646	76759346	11	-0.9279
bf54865c-9f2b-42d7-b2ff-5495d9122c5b	18	76762887	80257174	2307	-0.1923
bf54865c-9f2b-42d7-b2ff-5495d9122c5b	19	90910	4655534	1223	0.1074
bf54865c-9f2b-42d7-b2ff-5495d9122c5b	19	4657967	20336778	7614	-0.201
bf54865c-9f2b-42d7-b2ff-5495d9122c5b	19	20338185	20968482	366	-0.0776
bf54865c-9f2b-42d7-b2ff-5495d9122c5b	19	20969561	27636756	1975	-0.1884
bf54865c-9f2b-42d7-b2ff-5495d9122c5b	19	27650781	27948449	156	1.3441
bf54865c-9f2b-42d7-b2ff-5495d9122c5b	19	27950692	28362886	363	0.9542
bf54865c-9f2b-42d7-b2ff-5495d9122c5b	19	28366062	28478084	99	1.1417
bf54865c-9f2b-42d7-b2ff-5495d9122c5b	19	28482442	28495572	15	0.7967
bf54865c-9f2b-42d7-b2ff-5495d9122c5b	19	28499296	28674055	119	1.8859
bf54865c-9f2b-42d7-b2ff-5495d9122c5b	19	28679799	28804412	68	1.2898
bf54865c-9f2b-42d7-b2ff-5495d9122c5b	19	28804682	28808537	2	-0.5593
bf54865c-9f2b-42d7-b2ff-5495d9122c5b	19	28811794	29181295	335	1.4496
bf54865c-9f2b-42d7-b2ff-5495d9122c5b	19	29181901	29881659	562	1.7567
bf54865c-9f2b-42d7-b2ff-5495d9122c5b	19	29882681	30202546	208	1.3439
bf54865c-9f2b-42d7-b2ff-5495d9122c5b	19	30203117	30294188	53	1.8359
bf54865c-9f2b-42d7-b2ff-5495d9122c5b	19	30294921	30481146	135	1.1304
bf54865c-9f2b-42d7-b2ff-5495d9122c5b	19	30482055	30793899	228	0.8284
bf54865c-9f2b-42d7-b2ff-5495d9122c5b	19	30797211	30797633	2	-0.6718
bf54865c-9f2b-42d7-b2ff-5495d9122c5b	19	30799692	31121383	241	0.8285
bf54865c-9f2b-42d7-b2ff-5495d9122c5b	19	31123804	32025083	714	1.0782
bf54865c-9f2b-42d7-b2ff-5495d9122c5b	19	32025248	32183632	133	1.2593
bf54865c-9f2b-42d7-b2ff-5495d9122c5b	19	32184245	32759242	345	0.8321
bf54865c-9f2b-42d7-b2ff-5495d9122c5b	19	32759612	32991942	134	1.3597
bf54865c-9f2b-42d7-b2ff-5495d9122c5b	19	32997211	33060155	27	0.818
bf54865c-9f2b-42d7-b2ff-5495d9122c5b	19	33068787	33072221	4	0.0264
bf54865c-9f2b-42d7-b2ff-5495d9122c5b	19	33074734	33586050	340	0.8465
bf54865c-9f2b-42d7-b2ff-5495d9122c5b	19	33586132	34239914	465	0.3857
bf54865c-9f2b-42d7-b2ff-5495d9122c5b	19	34239994	34246318	8	0.9124
bf54865c-9f2b-42d7-b2ff-5495d9122c5b	19	34246391	34686862	250	0.3797
bf54865c-9f2b-42d7-b2ff-5495d9122c5b	19	34690110	35965841	785	0.7771
bf54865c-9f2b-42d7-b2ff-5495d9122c5b	19	35967729	36740291	388	0.1148
bf54865c-9f2b-42d7-b2ff-5495d9122c5b	19	36740496	36789022	31	0.7989
bf54865c-9f2b-42d7-b2ff-5495d9122c5b	19	36792873	37719610	426	0.11
bf54865c-9f2b-42d7-b2ff-5495d9122c5b	19	37719946	38271917	319	0.6079
bf54865c-9f2b-42d7-b2ff-5495d9122c5b	19	38272500	38672547	188	0.8615
bf54865c-9f2b-42d7-b2ff-5495d9122c5b	19	38676649	39043179	177	0.583
bf54865c-9f2b-42d7-b2ff-5495d9122c5b	19	39046063	39401630	178	0.8032
bf54865c-9f2b-42d7-b2ff-5495d9122c5b	19	39424108	39776047	206	1.4457
bf54865c-9f2b-42d7-b2ff-5495d9122c5b	19	39781534	39942231	112	1.0986
bf54865c-9f2b-42d7-b2ff-5495d9122c5b	19	39944141	40252340	143	1.4442
bf54865c-9f2b-42d7-b2ff-5495d9122c5b	19	40257455	40257739	6	2.3057
bf54865c-9f2b-42d7-b2ff-5495d9122c5b	19	40257892	40713344	226	1.4643
bf54865c-9f2b-42d7-b2ff-5495d9122c5b	19	40720510	42743373	969	0.1215
bf54865c-9f2b-42d7-b2ff-5495d9122c5b	19	42751065	42845697	39	0.6906
bf54865c-9f2b-42d7-b2ff-5495d9122c5b	19	42850300	44102387	718	0.1602
bf54865c-9f2b-42d7-b2ff-5495d9122c5b	19	44102775	44398215	200	0.3836
bf54865c-9f2b-42d7-b2ff-5495d9122c5b	19	44401739	44402382	3	-0.3546
bf54865c-9f2b-42d7-b2ff-5495d9122c5b	19	44402845	44506064	89	0.4254
bf54865c-9f2b-42d7-b2ff-5495d9122c5b	19	44510006	47579783	1291	0.1289
bf54865c-9f2b-42d7-b2ff-5495d9122c5b	19	47582599	49946698	1071	-0.2042
bf54865c-9f2b-42d7-b2ff-5495d9122c5b	19	49947343	50076162	95	0.0225
bf54865c-9f2b-42d7-b2ff-5495d9122c5b	19	50076505	50824837	290	-0.1926
bf54865c-9f2b-42d7-b2ff-5495d9122c5b	19	50829011	50847771	13	-0.7878
bf54865c-9f2b-42d7-b2ff-5495d9122c5b	19	50848678	52702676	1259	-0.1969
bf54865c-9f2b-42d7-b2ff-5495d9122c5b	19	52706243	52904544	153	-0.0271
bf54865c-9f2b-42d7-b2ff-5495d9122c5b	19	52907120	53013829	76	-0.236
bf54865c-9f2b-42d7-b2ff-5495d9122c5b	19	53015494	53048976	22	0.3296
bf54865c-9f2b-42d7-b2ff-5495d9122c5b	19	53050987	58586487	3352	-0.1973
bf54865c-9f2b-42d7-b2ff-5495d9122c5b	20	80664	14632162	10979	-0.194
bf54865c-9f2b-42d7-b2ff-5495d9122c5b	20	14632373	14835050	165	-0.5928
bf54865c-9f2b-42d7-b2ff-5495d9122c5b	20	14835669	14836688	8	-1.4079
bf54865c-9f2b-42d7-b2ff-5495d9122c5b	20	14836723	15369058	470	-0.5687
bf54865c-9f2b-42d7-b2ff-5495d9122c5b	20	15369635	30193847	8303	-0.1912
bf54865c-9f2b-42d7-b2ff-5495d9122c5b	20	30206919	30271154	14	-1.5649
bf54865c-9f2b-42d7-b2ff-5495d9122c5b	20	30293217	38376710	3696	0.1476
bf54865c-9f2b-42d7-b2ff-5495d9122c5b	20	38382143	38383652	5	-0.867
bf54865c-9f2b-42d7-b2ff-5495d9122c5b	20	38390010	50165997	8230	0.1543
bf54865c-9f2b-42d7-b2ff-5495d9122c5b	20	50175182	50176256	2	-1.8192
bf54865c-9f2b-42d7-b2ff-5495d9122c5b	20	50178380	64324800	10324	0.1489
bf54865c-9f2b-42d7-b2ff-5495d9122c5b	21	10354168	46677045	23770	0.1245
bf54865c-9f2b-42d7-b2ff-5495d9122c5b	22	15294547	16804770	164	-0.1245
bf54865c-9f2b-42d7-b2ff-5495d9122c5b	22	16805257	16819011	4	-1.9117
bf54865c-9f2b-42d7-b2ff-5495d9122c5b	22	16819430	23140531	3690	-0.1289
bf54865c-9f2b-42d7-b2ff-5495d9122c5b	22	23144275	23147175	2	-2.927
bf54865c-9f2b-42d7-b2ff-5495d9122c5b	22	23147792	25510394	1572	-0.1284
bf54865c-9f2b-42d7-b2ff-5495d9122c5b	22	25510455	25515369	32	0.3089
bf54865c-9f2b-42d7-b2ff-5495d9122c5b	22	25515430	50796027	17705	-0.1657
bf54865c-9f2b-42d7-b2ff-5495d9122c5b	X	251810	5463962	2002	-0.0205
bf54865c-9f2b-42d7-b2ff-5495d9122c5b	X	5465448	5486573	14	-1.0489
bf54865c-9f2b-42d7-b2ff-5495d9122c5b	X	5487669	7381266	1469	-0.007
bf54865c-9f2b-42d7-b2ff-5495d9122c5b	X	7381800	7765957	302	-0.1984
bf54865c-9f2b-42d7-b2ff-5495d9122c5b	X	7768903	36589019	18628	0.0008
bf54865c-9f2b-42d7-b2ff-5495d9122c5b	X	36589377	36611874	13	-3.3812
bf54865c-9f2b-42d7-b2ff-5495d9122c5b	X	36612979	155952689	59999	0.0028
bf54865c-9f2b-42d7-b2ff-5495d9122c5b	Y	2782397	56872112	6638	-1.2369
