GDC_Aliquot	Chromosome	Start	End	Num_Probes	Segment_Mean
65e93af7-f914-4fe6-bc55-1bd5fcfb5eb1	1	62920	3043846	634	-0.1262
65e93af7-f914-4fe6-bc55-1bd5fcfb5eb1	1	3043940	15828471	7664	-0.2218
65e93af7-f914-4fe6-bc55-1bd5fcfb5eb1	1	15828515	15844541	7	0.3262
65e93af7-f914-4fe6-bc55-1bd5fcfb5eb1	1	15850269	16721984	331	-0.1653
65e93af7-f914-4fe6-bc55-1bd5fcfb5eb1	1	16766762	16863509	15	0.3523
65e93af7-f914-4fe6-bc55-1bd5fcfb5eb1	1	16864367	16956580	58	-0.6559
65e93af7-f914-4fe6-bc55-1bd5fcfb5eb1	1	16958425	22175223	3417	-0.2165
65e93af7-f914-4fe6-bc55-1bd5fcfb5eb1	1	22177283	22177779	2	-2.0697
65e93af7-f914-4fe6-bc55-1bd5fcfb5eb1	1	22180930	25256800	1803	-0.2113
65e93af7-f914-4fe6-bc55-1bd5fcfb5eb1	1	25256850	25320455	25	-1.9499
65e93af7-f914-4fe6-bc55-1bd5fcfb5eb1	1	25336819	54585140	15899	-0.2066
65e93af7-f914-4fe6-bc55-1bd5fcfb5eb1	1	54588923	72302815	12695	-0.1395
65e93af7-f914-4fe6-bc55-1bd5fcfb5eb1	1	72303233	72345465	46	1.1478
65e93af7-f914-4fe6-bc55-1bd5fcfb5eb1	1	72346221	90090349	11542	-0.129
65e93af7-f914-4fe6-bc55-1bd5fcfb5eb1	1	90090592	90093659	3	-1.7075
65e93af7-f914-4fe6-bc55-1bd5fcfb5eb1	1	90094125	98273767	5061	-0.1494
65e93af7-f914-4fe6-bc55-1bd5fcfb5eb1	1	98278314	108967060	6584	-0.114
65e93af7-f914-4fe6-bc55-1bd5fcfb5eb1	1	108968731	109684893	319	-0.1732
65e93af7-f914-4fe6-bc55-1bd5fcfb5eb1	1	109690352	109707614	18	0.6161
65e93af7-f914-4fe6-bc55-1bd5fcfb5eb1	1	109707950	110827750	821	-0.1385
65e93af7-f914-4fe6-bc55-1bd5fcfb5eb1	1	110827773	110852244	55	0.1017
65e93af7-f914-4fe6-bc55-1bd5fcfb5eb1	1	110852488	112135938	1053	-0.1691
65e93af7-f914-4fe6-bc55-1bd5fcfb5eb1	1	112137393	112154619	31	-0.5395
65e93af7-f914-4fe6-bc55-1bd5fcfb5eb1	1	112154754	121528371	5103	-0.1599
65e93af7-f914-4fe6-bc55-1bd5fcfb5eb1	1	121528662	143494500	33	-0.3066
65e93af7-f914-4fe6-bc55-1bd5fcfb5eb1	1	143541857	144442098	129	-0.8924
65e93af7-f914-4fe6-bc55-1bd5fcfb5eb1	1	144442342	146150530	176	0.6362
65e93af7-f914-4fe6-bc55-1bd5fcfb5eb1	1	146161924	147004967	6	-0.5837
65e93af7-f914-4fe6-bc55-1bd5fcfb5eb1	1	147008051	147144809	81	0.5379
65e93af7-f914-4fe6-bc55-1bd5fcfb5eb1	1	147145291	149918981	655	0.6555
65e93af7-f914-4fe6-bc55-1bd5fcfb5eb1	1	149927059	152583051	1390	0.5482
65e93af7-f914-4fe6-bc55-1bd5fcfb5eb1	1	152583230	152614118	35	-0.5896
65e93af7-f914-4fe6-bc55-1bd5fcfb5eb1	1	152618018	152787202	167	0.6049
65e93af7-f914-4fe6-bc55-1bd5fcfb5eb1	1	152789447	152789532	4	-0.5753
65e93af7-f914-4fe6-bc55-1bd5fcfb5eb1	1	152789570	152795388	23	-0.0885
65e93af7-f914-4fe6-bc55-1bd5fcfb5eb1	1	152795408	152796224	10	-0.6157
65e93af7-f914-4fe6-bc55-1bd5fcfb5eb1	1	152801429	155353140	1420	0.5842
65e93af7-f914-4fe6-bc55-1bd5fcfb5eb1	1	155353390	155966867	252	0.4707
65e93af7-f914-4fe6-bc55-1bd5fcfb5eb1	1	155967566	161539001	3578	0.6025
65e93af7-f914-4fe6-bc55-1bd5fcfb5eb1	1	161539085	161648901	6	-0.3576
65e93af7-f914-4fe6-bc55-1bd5fcfb5eb1	1	161649069	167557271	4688	0.6024
65e93af7-f914-4fe6-bc55-1bd5fcfb5eb1	1	167557438	167557586	2	-1.1478
65e93af7-f914-4fe6-bc55-1bd5fcfb5eb1	1	167557735	179354603	7916	0.599
65e93af7-f914-4fe6-bc55-1bd5fcfb5eb1	1	179361393	179364180	4	-0.7381
65e93af7-f914-4fe6-bc55-1bd5fcfb5eb1	1	179370071	182726718	2316	0.607
65e93af7-f914-4fe6-bc55-1bd5fcfb5eb1	1	182726982	185443250	1793	0.5572
65e93af7-f914-4fe6-bc55-1bd5fcfb5eb1	1	185443942	196745692	7434	0.6093
65e93af7-f914-4fe6-bc55-1bd5fcfb5eb1	1	196745743	196832525	58	-0.547
65e93af7-f914-4fe6-bc55-1bd5fcfb5eb1	1	196832720	201622278	3139	0.5957
65e93af7-f914-4fe6-bc55-1bd5fcfb5eb1	1	201625422	202598144	544	0.5377
65e93af7-f914-4fe6-bc55-1bd5fcfb5eb1	1	202598425	202598658	3	-0.5647
65e93af7-f914-4fe6-bc55-1bd5fcfb5eb1	1	202599414	207646068	3227	0.5506
65e93af7-f914-4fe6-bc55-1bd5fcfb5eb1	1	207646384	223471064	11204	0.599
65e93af7-f914-4fe6-bc55-1bd5fcfb5eb1	1	223471097	223471136	2	-0.9821
65e93af7-f914-4fe6-bc55-1bd5fcfb5eb1	1	223471914	223796385	208	0.6208
65e93af7-f914-4fe6-bc55-1bd5fcfb5eb1	1	223797715	231794210	5007	0.5443
65e93af7-f914-4fe6-bc55-1bd5fcfb5eb1	1	231800457	231801734	2	-1.5242
65e93af7-f914-4fe6-bc55-1bd5fcfb5eb1	1	231802753	234264860	2073	0.5325
65e93af7-f914-4fe6-bc55-1bd5fcfb5eb1	1	234266416	248930189	10354	0.6007
65e93af7-f914-4fe6-bc55-1bd5fcfb5eb1	2	12784	4158097	2978	0.109
65e93af7-f914-4fe6-bc55-1bd5fcfb5eb1	2	4166274	4176429	42	-0.481
65e93af7-f914-4fe6-bc55-1bd5fcfb5eb1	2	4182472	17039898	9774	0.06
65e93af7-f914-4fe6-bc55-1bd5fcfb5eb1	2	17040053	17067237	48	-0.5404
65e93af7-f914-4fe6-bc55-1bd5fcfb5eb1	2	17067306	23811308	4757	0.0714
65e93af7-f914-4fe6-bc55-1bd5fcfb5eb1	2	23812210	32446581	4919	0.0207
65e93af7-f914-4fe6-bc55-1bd5fcfb5eb1	2	32455422	34466002	1489	0.0938
65e93af7-f914-4fe6-bc55-1bd5fcfb5eb1	2	34474248	34476668	6	-2.6842
65e93af7-f914-4fe6-bc55-1bd5fcfb5eb1	2	34483565	34492841	23	-1.614
65e93af7-f914-4fe6-bc55-1bd5fcfb5eb1	2	34492907	34512096	18	-2.7793
65e93af7-f914-4fe6-bc55-1bd5fcfb5eb1	2	34512489	35750907	866	0.1053
65e93af7-f914-4fe6-bc55-1bd5fcfb5eb1	2	35752724	35761842	5	-1.5879
65e93af7-f914-4fe6-bc55-1bd5fcfb5eb1	2	35762850	37027872	1080	0.1146
65e93af7-f914-4fe6-bc55-1bd5fcfb5eb1	2	37028196	38727353	1216	0.0501
65e93af7-f914-4fe6-bc55-1bd5fcfb5eb1	2	38728724	38753780	11	0.6552
65e93af7-f914-4fe6-bc55-1bd5fcfb5eb1	2	38753905	41011365	1606	0.0789
65e93af7-f914-4fe6-bc55-1bd5fcfb5eb1	2	41011449	41024125	22	-0.4272
65e93af7-f914-4fe6-bc55-1bd5fcfb5eb1	2	41024138	43698997	1910	0.0839
65e93af7-f914-4fe6-bc55-1bd5fcfb5eb1	2	43700320	46861333	2464	0.0241
65e93af7-f914-4fe6-bc55-1bd5fcfb5eb1	2	46861781	48626833	998	0.0641
65e93af7-f914-4fe6-bc55-1bd5fcfb5eb1	2	48628795	52527330	2783	0.1111
65e93af7-f914-4fe6-bc55-1bd5fcfb5eb1	2	52527342	52554404	39	0.8462
65e93af7-f914-4fe6-bc55-1bd5fcfb5eb1	2	52560811	146104517	53110	0.0718
65e93af7-f914-4fe6-bc55-1bd5fcfb5eb1	2	146106836	146109366	24	0.8504
65e93af7-f914-4fe6-bc55-1bd5fcfb5eb1	2	146120238	183929673	23209	0.0745
65e93af7-f914-4fe6-bc55-1bd5fcfb5eb1	2	183929787	183937565	13	-0.9751
65e93af7-f914-4fe6-bc55-1bd5fcfb5eb1	2	183937576	200918284	9713	0.0869
65e93af7-f914-4fe6-bc55-1bd5fcfb5eb1	2	200921114	205319606	2525	0.0215
65e93af7-f914-4fe6-bc55-1bd5fcfb5eb1	2	205319804	216723294	7350	0.0932
65e93af7-f914-4fe6-bc55-1bd5fcfb5eb1	2	216728132	229523904	8373	0.0483
65e93af7-f914-4fe6-bc55-1bd5fcfb5eb1	2	229525422	229950608	238	0.1031
65e93af7-f914-4fe6-bc55-1bd5fcfb5eb1	2	229953543	241982182	7340	0.0029
65e93af7-f914-4fe6-bc55-1bd5fcfb5eb1	2	241984884	242147305	113	0.1061
65e93af7-f914-4fe6-bc55-1bd5fcfb5eb1	3	20930	171574	139	-0.3009
65e93af7-f914-4fe6-bc55-1bd5fcfb5eb1	3	173009	8876019	7617	-0.127
65e93af7-f914-4fe6-bc55-1bd5fcfb5eb1	3	8876330	15247012	4440	-0.2096
65e93af7-f914-4fe6-bc55-1bd5fcfb5eb1	3	15249194	39293959	16197	-0.1587
65e93af7-f914-4fe6-bc55-1bd5fcfb5eb1	3	39294477	52997995	7160	-0.2035
65e93af7-f914-4fe6-bc55-1bd5fcfb5eb1	3	52998009	53005100	26	-0.9112
65e93af7-f914-4fe6-bc55-1bd5fcfb5eb1	3	53005201	59719409	4515	-0.184
65e93af7-f914-4fe6-bc55-1bd5fcfb5eb1	3	59720118	61040294	1469	0.3183
65e93af7-f914-4fe6-bc55-1bd5fcfb5eb1	3	61040679	61487212	355	-0.179
65e93af7-f914-4fe6-bc55-1bd5fcfb5eb1	3	61490094	61496662	11	-0.8706
65e93af7-f914-4fe6-bc55-1bd5fcfb5eb1	3	61499956	68697013	5617	-0.1719
65e93af7-f914-4fe6-bc55-1bd5fcfb5eb1	3	68697108	68698262	14	-1.5316
65e93af7-f914-4fe6-bc55-1bd5fcfb5eb1	3	68699607	89357937	12599	-0.1479
65e93af7-f914-4fe6-bc55-1bd5fcfb5eb1	3	89358106	89370230	32	-0.66
65e93af7-f914-4fe6-bc55-1bd5fcfb5eb1	3	89370231	99218940	3224	-0.1379
65e93af7-f914-4fe6-bc55-1bd5fcfb5eb1	3	99225614	99230577	38	-0.6283
65e93af7-f914-4fe6-bc55-1bd5fcfb5eb1	3	99232120	115616791	9808	-0.1346
65e93af7-f914-4fe6-bc55-1bd5fcfb5eb1	3	115616837	115620610	3	-1.8242
65e93af7-f914-4fe6-bc55-1bd5fcfb5eb1	3	115620833	119631498	2753	-0.1504
65e93af7-f914-4fe6-bc55-1bd5fcfb5eb1	3	119632551	119633657	3	-2.9192
65e93af7-f914-4fe6-bc55-1bd5fcfb5eb1	3	119633879	121671436	1094	-0.1414
65e93af7-f914-4fe6-bc55-1bd5fcfb5eb1	3	121676841	129604398	4754	-0.2045
65e93af7-f914-4fe6-bc55-1bd5fcfb5eb1	3	129604922	143371856	8415	-0.1512
65e93af7-f914-4fe6-bc55-1bd5fcfb5eb1	3	143372552	143375994	4	-1.5831
65e93af7-f914-4fe6-bc55-1bd5fcfb5eb1	3	143376099	162795304	11979	-0.1335
65e93af7-f914-4fe6-bc55-1bd5fcfb5eb1	3	162795361	162908192	66	-1.5626
65e93af7-f914-4fe6-bc55-1bd5fcfb5eb1	3	162908207	175499151	7748	-0.131
65e93af7-f914-4fe6-bc55-1bd5fcfb5eb1	3	175500784	175502132	2	-2.4794
65e93af7-f914-4fe6-bc55-1bd5fcfb5eb1	3	175504311	184077707	5015	-0.1368
65e93af7-f914-4fe6-bc55-1bd5fcfb5eb1	3	184078293	189123631	3428	-0.2108
65e93af7-f914-4fe6-bc55-1bd5fcfb5eb1	3	189126908	195695422	4386	-0.1432
65e93af7-f914-4fe6-bc55-1bd5fcfb5eb1	3	195702737	195730018	25	0.151
65e93af7-f914-4fe6-bc55-1bd5fcfb5eb1	3	195733825	195751823	11	0.615
65e93af7-f914-4fe6-bc55-1bd5fcfb5eb1	3	195751990	198169247	1161	-0.1714
65e93af7-f914-4fe6-bc55-1bd5fcfb5eb1	4	68929	10208766	5671	-0.1708
65e93af7-f914-4fe6-bc55-1bd5fcfb5eb1	4	10212536	10232642	31	-2.1364
65e93af7-f914-4fe6-bc55-1bd5fcfb5eb1	4	10232984	34777418	16908	-0.1271
65e93af7-f914-4fe6-bc55-1bd5fcfb5eb1	4	34777432	34830245	46	0.3779
65e93af7-f914-4fe6-bc55-1bd5fcfb5eb1	4	34833940	38074254	2275	-0.118
65e93af7-f914-4fe6-bc55-1bd5fcfb5eb1	4	38076950	41788537	2344	-0.157
65e93af7-f914-4fe6-bc55-1bd5fcfb5eb1	4	41788583	48092258	3676	-0.1073
65e93af7-f914-4fe6-bc55-1bd5fcfb5eb1	4	48092517	51823256	664	-0.0327
65e93af7-f914-4fe6-bc55-1bd5fcfb5eb1	4	51823373	57748628	4029	-0.1314
65e93af7-f914-4fe6-bc55-1bd5fcfb5eb1	4	57758188	57766666	10	-1.7528
65e93af7-f914-4fe6-bc55-1bd5fcfb5eb1	4	57767078	63841863	3523	-0.1211
65e93af7-f914-4fe6-bc55-1bd5fcfb5eb1	4	63841887	63852325	10	0.5695
65e93af7-f914-4fe6-bc55-1bd5fcfb5eb1	4	63856498	66791760	1868	-0.0952
65e93af7-f914-4fe6-bc55-1bd5fcfb5eb1	4	66791842	66792372	2	-1.9564
65e93af7-f914-4fe6-bc55-1bd5fcfb5eb1	4	66793761	68509442	998	-0.0912
65e93af7-f914-4fe6-bc55-1bd5fcfb5eb1	4	68509630	68620122	61	0.443
65e93af7-f914-4fe6-bc55-1bd5fcfb5eb1	4	68620261	86692059	11112	-0.1335
65e93af7-f914-4fe6-bc55-1bd5fcfb5eb1	4	86700320	86998868	162	0.2585
65e93af7-f914-4fe6-bc55-1bd5fcfb5eb1	4	87000089	87592817	355	0.0697
65e93af7-f914-4fe6-bc55-1bd5fcfb5eb1	4	87593353	114254167	15966	-0.1201
65e93af7-f914-4fe6-bc55-1bd5fcfb5eb1	4	114254188	114263154	26	-1.0545
65e93af7-f914-4fe6-bc55-1bd5fcfb5eb1	4	114263166	115252062	612	-0.1169
65e93af7-f914-4fe6-bc55-1bd5fcfb5eb1	4	115252079	115254969	14	-0.7486
65e93af7-f914-4fe6-bc55-1bd5fcfb5eb1	4	115259026	137017561	12439	-0.1129
65e93af7-f914-4fe6-bc55-1bd5fcfb5eb1	4	137017653	137049499	43	0.1695
65e93af7-f914-4fe6-bc55-1bd5fcfb5eb1	4	137050140	137171041	75	-0.1177
65e93af7-f914-4fe6-bc55-1bd5fcfb5eb1	4	137171085	137173818	16	-0.9818
65e93af7-f914-4fe6-bc55-1bd5fcfb5eb1	4	137173967	171448195	21301	-0.1217
65e93af7-f914-4fe6-bc55-1bd5fcfb5eb1	4	171453733	171456293	8	1.2005
65e93af7-f914-4fe6-bc55-1bd5fcfb5eb1	4	171456307	172066777	399	-0.0968
65e93af7-f914-4fe6-bc55-1bd5fcfb5eb1	4	172067997	172068382	12	-1.7135
65e93af7-f914-4fe6-bc55-1bd5fcfb5eb1	4	172074828	182829397	7234	-0.1027
65e93af7-f914-4fe6-bc55-1bd5fcfb5eb1	4	182837897	182840274	2	-2.0955
65e93af7-f914-4fe6-bc55-1bd5fcfb5eb1	4	182842782	183247091	242	-0.0226
65e93af7-f914-4fe6-bc55-1bd5fcfb5eb1	4	183250034	187834702	3140	-0.1275
65e93af7-f914-4fe6-bc55-1bd5fcfb5eb1	4	187835070	189273964	1060	-0.0505
65e93af7-f914-4fe6-bc55-1bd5fcfb5eb1	4	189274468	189278110	3	-2.6276
65e93af7-f914-4fe6-bc55-1bd5fcfb5eb1	4	189278617	190106768	348	-0.0837
65e93af7-f914-4fe6-bc55-1bd5fcfb5eb1	5	15532	53912315	32769	-0.1258
65e93af7-f914-4fe6-bc55-1bd5fcfb5eb1	5	53912558	81194468	16513	-0.1511
65e93af7-f914-4fe6-bc55-1bd5fcfb5eb1	5	81195108	131209332	30691	-0.1226
65e93af7-f914-4fe6-bc55-1bd5fcfb5eb1	5	131209449	151625599	12684	-0.1601
65e93af7-f914-4fe6-bc55-1bd5fcfb5eb1	5	151625999	159395138	5326	-0.1376
65e93af7-f914-4fe6-bc55-1bd5fcfb5eb1	5	159395457	159402519	6	-1.3037
65e93af7-f914-4fe6-bc55-1bd5fcfb5eb1	5	159403466	170698745	7966	-0.1284
65e93af7-f914-4fe6-bc55-1bd5fcfb5eb1	5	170698805	170699071	2	-1.8698
65e93af7-f914-4fe6-bc55-1bd5fcfb5eb1	5	170699180	172026148	809	-0.149
65e93af7-f914-4fe6-bc55-1bd5fcfb5eb1	5	172029451	172407860	277	-0.2051
65e93af7-f914-4fe6-bc55-1bd5fcfb5eb1	5	172409524	172409529	2	-2.2767
65e93af7-f914-4fe6-bc55-1bd5fcfb5eb1	5	172410384	173780350	1012	-0.1776
65e93af7-f914-4fe6-bc55-1bd5fcfb5eb1	5	173781605	173781883	2	-2.9399
65e93af7-f914-4fe6-bc55-1bd5fcfb5eb1	5	173781997	178680821	2830	-0.1894
65e93af7-f914-4fe6-bc55-1bd5fcfb5eb1	5	178682974	178686162	3	-2.2585
65e93af7-f914-4fe6-bc55-1bd5fcfb5eb1	5	178691854	180744716	1221	-0.2114
65e93af7-f914-4fe6-bc55-1bd5fcfb5eb1	5	180744855	181363319	306	-0.1103
65e93af7-f914-4fe6-bc55-1bd5fcfb5eb1	6	149661	204023	34	0.2897
65e93af7-f914-4fe6-bc55-1bd5fcfb5eb1	6	204689	205920	4	-1.0656
65e93af7-f914-4fe6-bc55-1bd5fcfb5eb1	6	205947	245798	49	0.2338
65e93af7-f914-4fe6-bc55-1bd5fcfb5eb1	6	246178	294725	36	-0.1442
65e93af7-f914-4fe6-bc55-1bd5fcfb5eb1	6	294837	380821	78	0.556
65e93af7-f914-4fe6-bc55-1bd5fcfb5eb1	6	381149	617748	206	0.249
65e93af7-f914-4fe6-bc55-1bd5fcfb5eb1	6	617963	19039888	14341	0.1892
65e93af7-f914-4fe6-bc55-1bd5fcfb5eb1	6	19041950	19042587	3	-3.3944
65e93af7-f914-4fe6-bc55-1bd5fcfb5eb1	6	19044471	19044667	6	-0.5482
65e93af7-f914-4fe6-bc55-1bd5fcfb5eb1	6	19050511	23742789	3424	0.1889
65e93af7-f914-4fe6-bc55-1bd5fcfb5eb1	6	23744444	23745202	2	-2.1119
65e93af7-f914-4fe6-bc55-1bd5fcfb5eb1	6	23747504	29869295	3439	0.2033
65e93af7-f914-4fe6-bc55-1bd5fcfb5eb1	6	29869410	29882603	20	-0.9171
65e93af7-f914-4fe6-bc55-1bd5fcfb5eb1	6	29903859	31313046	658	0.152
65e93af7-f914-4fe6-bc55-1bd5fcfb5eb1	6	31318499	31349920	14	-1.1194
65e93af7-f914-4fe6-bc55-1bd5fcfb5eb1	6	31350387	32486746	499	0.1082
65e93af7-f914-4fe6-bc55-1bd5fcfb5eb1	6	32488906	32641650	54	-0.5107
65e93af7-f914-4fe6-bc55-1bd5fcfb5eb1	6	32656527	32718419	42	0.2142
65e93af7-f914-4fe6-bc55-1bd5fcfb5eb1	6	32720838	32723053	11	0.8676
65e93af7-f914-4fe6-bc55-1bd5fcfb5eb1	6	32732907	33970029	753	0.1523
65e93af7-f914-4fe6-bc55-1bd5fcfb5eb1	6	33970222	33974928	8	-0.8263
65e93af7-f914-4fe6-bc55-1bd5fcfb5eb1	6	33976809	45544125	7256	0.1574
65e93af7-f914-4fe6-bc55-1bd5fcfb5eb1	6	45544457	76726815	17751	0.2329
65e93af7-f914-4fe6-bc55-1bd5fcfb5eb1	6	76730151	76743040	21	0.8913
65e93af7-f914-4fe6-bc55-1bd5fcfb5eb1	6	76751356	77643049	594	0.2258
65e93af7-f914-4fe6-bc55-1bd5fcfb5eb1	6	77645883	77646522	6	-0.6944
65e93af7-f914-4fe6-bc55-1bd5fcfb5eb1	6	77648058	78262371	383	0.2486
65e93af7-f914-4fe6-bc55-1bd5fcfb5eb1	6	78262427	78329517	105	0.6923
65e93af7-f914-4fe6-bc55-1bd5fcfb5eb1	6	78331916	93826906	9909	0.2327
65e93af7-f914-4fe6-bc55-1bd5fcfb5eb1	6	93827056	95389491	754	0.3235
65e93af7-f914-4fe6-bc55-1bd5fcfb5eb1	6	95390273	106554763	6891	0.235
65e93af7-f914-4fe6-bc55-1bd5fcfb5eb1	6	106555458	111848409	3180	0.1853
65e93af7-f914-4fe6-bc55-1bd5fcfb5eb1	6	111850799	133945130	13773	0.2343
65e93af7-f914-4fe6-bc55-1bd5fcfb5eb1	6	133947933	133948494	2	-1.7858
65e93af7-f914-4fe6-bc55-1bd5fcfb5eb1	6	133950934	135177063	824	0.2425
65e93af7-f914-4fe6-bc55-1bd5fcfb5eb1	6	135177114	160427711	16872	0.2055
65e93af7-f914-4fe6-bc55-1bd5fcfb5eb1	6	160428875	169047477	6343	0.2464
65e93af7-f914-4fe6-bc55-1bd5fcfb5eb1	6	169047713	169683461	548	0.1587
65e93af7-f914-4fe6-bc55-1bd5fcfb5eb1	6	169686946	170741917	466	0.2114
65e93af7-f914-4fe6-bc55-1bd5fcfb5eb1	7	43355	8200899	4545	-0.2055
65e93af7-f914-4fe6-bc55-1bd5fcfb5eb1	7	8200973	19749316	9424	-0.1082
65e93af7-f914-4fe6-bc55-1bd5fcfb5eb1	7	19749731	38229134	13255	-0.162
65e93af7-f914-4fe6-bc55-1bd5fcfb5eb1	7	38229691	38317722	116	0.0259
65e93af7-f914-4fe6-bc55-1bd5fcfb5eb1	7	38318626	38319127	3	-1.6863
65e93af7-f914-4fe6-bc55-1bd5fcfb5eb1	7	38319355	43580695	3553	-0.1454
65e93af7-f914-4fe6-bc55-1bd5fcfb5eb1	7	43588569	43591769	4	-2.3409
65e93af7-f914-4fe6-bc55-1bd5fcfb5eb1	7	43596587	48545080	3175	-0.1785
65e93af7-f914-4fe6-bc55-1bd5fcfb5eb1	7	48547089	48552064	4	-4.8928
65e93af7-f914-4fe6-bc55-1bd5fcfb5eb1	7	48552289	54305455	4230	-0.1432
65e93af7-f914-4fe6-bc55-1bd5fcfb5eb1	7	54318812	54318824	6	-1.6737
65e93af7-f914-4fe6-bc55-1bd5fcfb5eb1	7	54325795	66093235	3357	-0.124
65e93af7-f914-4fe6-bc55-1bd5fcfb5eb1	7	66102096	76659716	4925	-0.1895
65e93af7-f914-4fe6-bc55-1bd5fcfb5eb1	7	76661559	88569380	7565	-0.1202
65e93af7-f914-4fe6-bc55-1bd5fcfb5eb1	7	88569943	90617885	1359	-0.0607
65e93af7-f914-4fe6-bc55-1bd5fcfb5eb1	7	90620140	97756621	4549	-0.1394
65e93af7-f914-4fe6-bc55-1bd5fcfb5eb1	7	97756658	97773163	17	-1.1218
65e93af7-f914-4fe6-bc55-1bd5fcfb5eb1	7	97774928	107810600	5226	-0.1675
65e93af7-f914-4fe6-bc55-1bd5fcfb5eb1	7	107810766	109789993	1341	-0.1189
65e93af7-f914-4fe6-bc55-1bd5fcfb5eb1	7	109793690	109797043	11	0.5821
65e93af7-f914-4fe6-bc55-1bd5fcfb5eb1	7	109797044	111869118	1353	-0.098
65e93af7-f914-4fe6-bc55-1bd5fcfb5eb1	7	111869168	111884903	18	-0.1725
65e93af7-f914-4fe6-bc55-1bd5fcfb5eb1	7	111885132	111889754	4	-0.8203
65e93af7-f914-4fe6-bc55-1bd5fcfb5eb1	7	111891431	112300407	306	-0.1665
65e93af7-f914-4fe6-bc55-1bd5fcfb5eb1	7	112304327	112320045	11	-2.0644
65e93af7-f914-4fe6-bc55-1bd5fcfb5eb1	7	112323774	128867243	9885	-0.129
65e93af7-f914-4fe6-bc55-1bd5fcfb5eb1	7	128871677	131489402	1333	-0.2149
65e93af7-f914-4fe6-bc55-1bd5fcfb5eb1	7	131489429	159154602	17743	-0.1473
65e93af7-f914-4fe6-bc55-1bd5fcfb5eb1	7	159155209	159209715	24	-0.6307
65e93af7-f914-4fe6-bc55-1bd5fcfb5eb1	7	159214650	159334314	90	-0.0434
65e93af7-f914-4fe6-bc55-1bd5fcfb5eb1	8	81254	162796	2	0.7104
65e93af7-f914-4fe6-bc55-1bd5fcfb5eb1	8	163380	644973	322	-0.1634
65e93af7-f914-4fe6-bc55-1bd5fcfb5eb1	8	645220	645875	6	1.1397
65e93af7-f914-4fe6-bc55-1bd5fcfb5eb1	8	645892	645908	2	4.4695
65e93af7-f914-4fe6-bc55-1bd5fcfb5eb1	8	656117	67129555	45294	-0.1602
65e93af7-f914-4fe6-bc55-1bd5fcfb5eb1	8	67129934	71303903	2615	0.2566
65e93af7-f914-4fe6-bc55-1bd5fcfb5eb1	8	71303987	71304364	4	-1.4639
65e93af7-f914-4fe6-bc55-1bd5fcfb5eb1	8	71307628	98485278	16481	0.2855
65e93af7-f914-4fe6-bc55-1bd5fcfb5eb1	8	98485975	102578134	2356	0.2317
65e93af7-f914-4fe6-bc55-1bd5fcfb5eb1	8	102581894	105721641	1872	0.3024
65e93af7-f914-4fe6-bc55-1bd5fcfb5eb1	8	105728750	106465436	462	0.3866
65e93af7-f914-4fe6-bc55-1bd5fcfb5eb1	8	106465581	108741846	1499	0.2799
65e93af7-f914-4fe6-bc55-1bd5fcfb5eb1	8	108742239	108747104	2	-1.6389
65e93af7-f914-4fe6-bc55-1bd5fcfb5eb1	8	108750075	108831900	47	0.2804
65e93af7-f914-4fe6-bc55-1bd5fcfb5eb1	8	108832061	108941271	53	0.518
65e93af7-f914-4fe6-bc55-1bd5fcfb5eb1	8	108944839	111282441	1283	0.275
65e93af7-f914-4fe6-bc55-1bd5fcfb5eb1	8	111282809	111283031	5	-1.9164
65e93af7-f914-4fe6-bc55-1bd5fcfb5eb1	8	111288052	114539586	1774	0.2898
65e93af7-f914-4fe6-bc55-1bd5fcfb5eb1	8	114543507	114841027	214	0.4058
65e93af7-f914-4fe6-bc55-1bd5fcfb5eb1	8	114842166	117718105	1838	0.2896
65e93af7-f914-4fe6-bc55-1bd5fcfb5eb1	8	117718482	131314167	9581	0.2586
65e93af7-f914-4fe6-bc55-1bd5fcfb5eb1	8	131315931	143222462	8820	0.2819
65e93af7-f914-4fe6-bc55-1bd5fcfb5eb1	8	143227585	143228432	9	-0.6159
65e93af7-f914-4fe6-bc55-1bd5fcfb5eb1	8	143228447	144674595	436	0.2874
65e93af7-f914-4fe6-bc55-1bd5fcfb5eb1	8	144675159	144678705	2	-0.9921
65e93af7-f914-4fe6-bc55-1bd5fcfb5eb1	8	144693741	145072769	192	0.3366
65e93af7-f914-4fe6-bc55-1bd5fcfb5eb1	9	46587	672786	648	-0.1093
65e93af7-f914-4fe6-bc55-1bd5fcfb5eb1	9	672895	673512	5	-1.2303
65e93af7-f914-4fe6-bc55-1bd5fcfb5eb1	9	676055	5191128	4650	-0.1294
65e93af7-f914-4fe6-bc55-1bd5fcfb5eb1	9	5191430	5192082	2	-2.4622
65e93af7-f914-4fe6-bc55-1bd5fcfb5eb1	9	5192329	6655056	990	-0.1403
65e93af7-f914-4fe6-bc55-1bd5fcfb5eb1	9	6657192	6661406	2	-2.781
65e93af7-f914-4fe6-bc55-1bd5fcfb5eb1	9	6661613	9916788	3147	-0.1474
65e93af7-f914-4fe6-bc55-1bd5fcfb5eb1	9	9917390	12619065	2237	-0.07
65e93af7-f914-4fe6-bc55-1bd5fcfb5eb1	9	12619365	32591531	15399	-0.1244
65e93af7-f914-4fe6-bc55-1bd5fcfb5eb1	9	32592007	37763827	3108	-0.1884
65e93af7-f914-4fe6-bc55-1bd5fcfb5eb1	9	37765493	86084144	13956	-0.138
65e93af7-f914-4fe6-bc55-1bd5fcfb5eb1	9	86084361	98425599	8282	-0.1913
65e93af7-f914-4fe6-bc55-1bd5fcfb5eb1	9	98426372	104035454	3850	-0.1291
65e93af7-f914-4fe6-bc55-1bd5fcfb5eb1	9	104036026	104072159	50	0.1482
65e93af7-f914-4fe6-bc55-1bd5fcfb5eb1	9	104074409	110262162	4882	-0.146
65e93af7-f914-4fe6-bc55-1bd5fcfb5eb1	9	110262509	110265889	2	-2.1979
65e93af7-f914-4fe6-bc55-1bd5fcfb5eb1	9	110270151	115351567	3709	-0.1829
65e93af7-f914-4fe6-bc55-1bd5fcfb5eb1	9	115352313	121273102	4729	-0.1385
65e93af7-f914-4fe6-bc55-1bd5fcfb5eb1	9	121277155	135322259	8385	-0.2082
65e93af7-f914-4fe6-bc55-1bd5fcfb5eb1	9	135323776	135324566	2	-2.9503
65e93af7-f914-4fe6-bc55-1bd5fcfb5eb1	9	135325951	137358495	696	-0.2237
65e93af7-f914-4fe6-bc55-1bd5fcfb5eb1	9	137361190	137361381	3	-1.7834
65e93af7-f914-4fe6-bc55-1bd5fcfb5eb1	9	137378551	138177075	399	-0.1606
65e93af7-f914-4fe6-bc55-1bd5fcfb5eb1	9	138177488	138200944	6	0.5553
65e93af7-f914-4fe6-bc55-1bd5fcfb5eb1	10	45792	6351521	5361	0.0794
65e93af7-f914-4fe6-bc55-1bd5fcfb5eb1	10	6351578	6369519	20	-0.487
65e93af7-f914-4fe6-bc55-1bd5fcfb5eb1	10	6376792	17885034	9417	0.076
65e93af7-f914-4fe6-bc55-1bd5fcfb5eb1	10	17896194	17929793	4	-1.4335
65e93af7-f914-4fe6-bc55-1bd5fcfb5eb1	10	17934718	24086334	4328	0.0897
65e93af7-f914-4fe6-bc55-1bd5fcfb5eb1	10	24088745	24089125	11	-1.6129
65e93af7-f914-4fe6-bc55-1bd5fcfb5eb1	10	24089979	27951296	2635	0.1151
65e93af7-f914-4fe6-bc55-1bd5fcfb5eb1	10	27952763	43619168	8086	0.0671
65e93af7-f914-4fe6-bc55-1bd5fcfb5eb1	10	43619588	46836986	1765	0.1033
65e93af7-f914-4fe6-bc55-1bd5fcfb5eb1	10	46898735	46901552	2	2.6866
65e93af7-f914-4fe6-bc55-1bd5fcfb5eb1	10	46967412	65548178	12649	0.096
65e93af7-f914-4fe6-bc55-1bd5fcfb5eb1	10	65548193	65563037	27	-0.4646
65e93af7-f914-4fe6-bc55-1bd5fcfb5eb1	10	65563168	68345867	1854	0.0811
65e93af7-f914-4fe6-bc55-1bd5fcfb5eb1	10	68348078	69141467	424	-0.0035
65e93af7-f914-4fe6-bc55-1bd5fcfb5eb1	10	69141503	70049022	744	0.0858
65e93af7-f914-4fe6-bc55-1bd5fcfb5eb1	10	70051381	76493093	3746	0.0239
65e93af7-f914-4fe6-bc55-1bd5fcfb5eb1	10	76497303	76497852	2	-1.9314
65e93af7-f914-4fe6-bc55-1bd5fcfb5eb1	10	76501509	79533859	2429	0.0332
65e93af7-f914-4fe6-bc55-1bd5fcfb5eb1	10	79576939	133654968	36864	0.0755
65e93af7-f914-4fe6-bc55-1bd5fcfb5eb1	11	198510	4949013	2416	0.0514
65e93af7-f914-4fe6-bc55-1bd5fcfb5eb1	11	4949047	4955042	28	0.79
65e93af7-f914-4fe6-bc55-1bd5fcfb5eb1	11	4955781	5499745	534	0.0694
65e93af7-f914-4fe6-bc55-1bd5fcfb5eb1	11	5500921	5501334	6	-0.7848
65e93af7-f914-4fe6-bc55-1bd5fcfb5eb1	11	5502363	5766850	240	0.0919
65e93af7-f914-4fe6-bc55-1bd5fcfb5eb1	11	5766862	5787909	31	-0.5123
65e93af7-f914-4fe6-bc55-1bd5fcfb5eb1	11	5788108	9398865	2544	0.0958
65e93af7-f914-4fe6-bc55-1bd5fcfb5eb1	11	9399001	13107866	3053	0.025
65e93af7-f914-4fe6-bc55-1bd5fcfb5eb1	11	13109012	31371747	12890	0.079
65e93af7-f914-4fe6-bc55-1bd5fcfb5eb1	11	31372721	31375533	2	-2.7664
65e93af7-f914-4fe6-bc55-1bd5fcfb5eb1	11	31376660	37105885	4318	0.0766
65e93af7-f914-4fe6-bc55-1bd5fcfb5eb1	11	37105899	37106099	3	-1.5053
65e93af7-f914-4fe6-bc55-1bd5fcfb5eb1	11	37106251	50136924	7756	0.0705
65e93af7-f914-4fe6-bc55-1bd5fcfb5eb1	11	50137254	50137966	2	-2.0097
65e93af7-f914-4fe6-bc55-1bd5fcfb5eb1	11	50138314	61310035	4049	0.0802
65e93af7-f914-4fe6-bc55-1bd5fcfb5eb1	11	61310230	67673883	2761	0.0148
65e93af7-f914-4fe6-bc55-1bd5fcfb5eb1	11	67675190	68001326	90	0.4486
65e93af7-f914-4fe6-bc55-1bd5fcfb5eb1	11	68002597	76621166	4516	0.0065
65e93af7-f914-4fe6-bc55-1bd5fcfb5eb1	11	76621248	108099793	21960	0.0813
65e93af7-f914-4fe6-bc55-1bd5fcfb5eb1	11	108100703	116377042	5577	0.0525
65e93af7-f914-4fe6-bc55-1bd5fcfb5eb1	11	116378400	119276464	1960	0.0119
65e93af7-f914-4fe6-bc55-1bd5fcfb5eb1	11	119282878	122679665	2373	0.0518
65e93af7-f914-4fe6-bc55-1bd5fcfb5eb1	11	122680417	135074876	9461	0.0891
65e93af7-f914-4fe6-bc55-1bd5fcfb5eb1	12	51460	760097	407	-0.5539
65e93af7-f914-4fe6-bc55-1bd5fcfb5eb1	12	760112	764863	15	-1.7098
65e93af7-f914-4fe6-bc55-1bd5fcfb5eb1	12	766188	9477960	5673	-0.488
65e93af7-f914-4fe6-bc55-1bd5fcfb5eb1	12	9481274	9575696	24	0.3343
65e93af7-f914-4fe6-bc55-1bd5fcfb5eb1	12	9582373	11060192	1025	-0.4463
65e93af7-f914-4fe6-bc55-1bd5fcfb5eb1	12	11061546	11088933	14	-1.2314
65e93af7-f914-4fe6-bc55-1bd5fcfb5eb1	12	11099275	11882348	672	-0.4538
65e93af7-f914-4fe6-bc55-1bd5fcfb5eb1	12	11882715	11887447	6	-3.2142
65e93af7-f914-4fe6-bc55-1bd5fcfb5eb1	12	11889168	24420282	8299	-0.4533
65e93af7-f914-4fe6-bc55-1bd5fcfb5eb1	12	24422338	26699327	1817	0.0531
65e93af7-f914-4fe6-bc55-1bd5fcfb5eb1	12	26704293	29015245	1604	-0.4597
65e93af7-f914-4fe6-bc55-1bd5fcfb5eb1	12	29024670	33129292	3039	0.0711
65e93af7-f914-4fe6-bc55-1bd5fcfb5eb1	12	33129371	38644864	1235	0.15
65e93af7-f914-4fe6-bc55-1bd5fcfb5eb1	12	38645032	45510655	4374	0.0826
65e93af7-f914-4fe6-bc55-1bd5fcfb5eb1	12	45512057	45515754	3	-2.1396
65e93af7-f914-4fe6-bc55-1bd5fcfb5eb1	12	45519509	48331037	1710	0.0356
65e93af7-f914-4fe6-bc55-1bd5fcfb5eb1	12	48331236	48331632	5	-1.2628
65e93af7-f914-4fe6-bc55-1bd5fcfb5eb1	12	48336253	49582295	554	0.0223
65e93af7-f914-4fe6-bc55-1bd5fcfb5eb1	12	49584095	49584641	2	-1.3535
65e93af7-f914-4fe6-bc55-1bd5fcfb5eb1	12	49586358	51288375	828	0.0201
65e93af7-f914-4fe6-bc55-1bd5fcfb5eb1	12	51289206	52724874	1026	-0.5329
65e93af7-f914-4fe6-bc55-1bd5fcfb5eb1	12	52726107	101696302	30930	0.0674
65e93af7-f914-4fe6-bc55-1bd5fcfb5eb1	12	101696585	108396800	4702	0.0402
65e93af7-f914-4fe6-bc55-1bd5fcfb5eb1	12	108397212	108399541	4	-1.4234
65e93af7-f914-4fe6-bc55-1bd5fcfb5eb1	12	108402408	124391652	9836	0.0265
65e93af7-f914-4fe6-bc55-1bd5fcfb5eb1	12	124392008	129023745	3854	0.0644
65e93af7-f914-4fe6-bc55-1bd5fcfb5eb1	12	129024117	129024249	2	-2.1544
65e93af7-f914-4fe6-bc55-1bd5fcfb5eb1	12	129025642	129516041	472	0.0321
65e93af7-f914-4fe6-bc55-1bd5fcfb5eb1	12	129518945	129519049	2	-2.0949
65e93af7-f914-4fe6-bc55-1bd5fcfb5eb1	12	129519225	133201603	2345	0.0539
65e93af7-f914-4fe6-bc55-1bd5fcfb5eb1	13	18452809	82590399	42203	0.1023
65e93af7-f914-4fe6-bc55-1bd5fcfb5eb1	13	82594832	82596543	2	-2.8194
65e93af7-f914-4fe6-bc55-1bd5fcfb5eb1	13	82598520	87741622	3122	0.1025
65e93af7-f914-4fe6-bc55-1bd5fcfb5eb1	13	87742504	87743015	2	-2.0904
65e93af7-f914-4fe6-bc55-1bd5fcfb5eb1	13	87744401	97383129	6199	0.1054
65e93af7-f914-4fe6-bc55-1bd5fcfb5eb1	13	97383438	100499539	2047	0.0478
65e93af7-f914-4fe6-bc55-1bd5fcfb5eb1	13	100499895	105664476	4229	0.1128
65e93af7-f914-4fe6-bc55-1bd5fcfb5eb1	13	105664543	105664629	3	-2.5055
65e93af7-f914-4fe6-bc55-1bd5fcfb5eb1	13	105667023	105759032	76	0.0193
65e93af7-f914-4fe6-bc55-1bd5fcfb5eb1	13	105759475	109255163	2842	0.1138
65e93af7-f914-4fe6-bc55-1bd5fcfb5eb1	13	109257242	109257900	3	-1.3802
65e93af7-f914-4fe6-bc55-1bd5fcfb5eb1	13	109261202	111107963	1498	0.1077
65e93af7-f914-4fe6-bc55-1bd5fcfb5eb1	13	111108406	112879562	1067	0.0163
65e93af7-f914-4fe6-bc55-1bd5fcfb5eb1	13	112879747	112879894	3	1.7816
65e93af7-f914-4fe6-bc55-1bd5fcfb5eb1	13	112880521	114342922	648	0.0314
65e93af7-f914-4fe6-bc55-1bd5fcfb5eb1	14	18239283	19185165	38	0.1228
65e93af7-f914-4fe6-bc55-1bd5fcfb5eb1	14	19185951	19957350	130	-0.3036
65e93af7-f914-4fe6-bc55-1bd5fcfb5eb1	14	19957701	60589222	25775	0.0842
65e93af7-f914-4fe6-bc55-1bd5fcfb5eb1	14	60591424	60592418	2	-2.5535
65e93af7-f914-4fe6-bc55-1bd5fcfb5eb1	14	60599500	73529070	8169	0.0554
65e93af7-f914-4fe6-bc55-1bd5fcfb5eb1	14	73534419	73554275	9	-1.4814
65e93af7-f914-4fe6-bc55-1bd5fcfb5eb1	14	73563196	76253277	1602	0.0127
65e93af7-f914-4fe6-bc55-1bd5fcfb5eb1	14	76255218	81928982	3893	0.0678
65e93af7-f914-4fe6-bc55-1bd5fcfb5eb1	14	81929221	81929683	2	-1.6957
65e93af7-f914-4fe6-bc55-1bd5fcfb5eb1	14	81930397	100906881	13050	0.0713
65e93af7-f914-4fe6-bc55-1bd5fcfb5eb1	14	100909088	106297265	2263	0.028
65e93af7-f914-4fe6-bc55-1bd5fcfb5eb1	14	106297268	106297273	2	-1.7948
65e93af7-f914-4fe6-bc55-1bd5fcfb5eb1	14	106297409	106877229	295	0.1464
65e93af7-f914-4fe6-bc55-1bd5fcfb5eb1	15	19811075	20210984	61	-0.0406
65e93af7-f914-4fe6-bc55-1bd5fcfb5eb1	15	20217125	22385639	145	-0.5224
65e93af7-f914-4fe6-bc55-1bd5fcfb5eb1	15	22395047	37623977	9421	-0.1646
65e93af7-f914-4fe6-bc55-1bd5fcfb5eb1	15	37625149	44849731	4006	-0.2332
65e93af7-f914-4fe6-bc55-1bd5fcfb5eb1	15	44850179	57420228	7918	-0.1898
65e93af7-f914-4fe6-bc55-1bd5fcfb5eb1	15	57420286	70160606	8738	-0.2334
65e93af7-f914-4fe6-bc55-1bd5fcfb5eb1	15	70164564	70178924	6	-1.4274
65e93af7-f914-4fe6-bc55-1bd5fcfb5eb1	15	70178938	70192801	12	-0.2477
65e93af7-f914-4fe6-bc55-1bd5fcfb5eb1	15	70194233	70196215	4	-1.3684
65e93af7-f914-4fe6-bc55-1bd5fcfb5eb1	15	70197461	72844282	1575	-0.2304
65e93af7-f914-4fe6-bc55-1bd5fcfb5eb1	15	72844375	72845202	2	-2.2811
65e93af7-f914-4fe6-bc55-1bd5fcfb5eb1	15	72846275	80402580	4238	-0.2159
65e93af7-f914-4fe6-bc55-1bd5fcfb5eb1	15	80402773	93412383	8826	-0.1854
65e93af7-f914-4fe6-bc55-1bd5fcfb5eb1	15	93412532	93412553	2	-2.9834
65e93af7-f914-4fe6-bc55-1bd5fcfb5eb1	15	93412650	96370207	2326	-0.1862
65e93af7-f914-4fe6-bc55-1bd5fcfb5eb1	15	96370544	96373364	5	-1.8237
65e93af7-f914-4fe6-bc55-1bd5fcfb5eb1	15	96374570	99006687	1882	-0.1799
65e93af7-f914-4fe6-bc55-1bd5fcfb5eb1	15	99007008	99028987	10	-0.9958
65e93af7-f914-4fe6-bc55-1bd5fcfb5eb1	15	99029171	101928837	2119	-0.163
65e93af7-f914-4fe6-bc55-1bd5fcfb5eb1	16	10777	11295771	8496	0.2683
65e93af7-f914-4fe6-bc55-1bd5fcfb5eb1	16	11296871	11297333	2	-1.6735
65e93af7-f914-4fe6-bc55-1bd5fcfb5eb1	16	11299245	14895982	2590	0.2774
65e93af7-f914-4fe6-bc55-1bd5fcfb5eb1	16	14954911	14958292	14	-0.9356
65e93af7-f914-4fe6-bc55-1bd5fcfb5eb1	16	14959868	15022400	38	-0.311
65e93af7-f914-4fe6-bc55-1bd5fcfb5eb1	16	15031584	78338949	30027	0.2657
65e93af7-f914-4fe6-bc55-1bd5fcfb5eb1	16	78339440	78342480	4	-1.2229
65e93af7-f914-4fe6-bc55-1bd5fcfb5eb1	16	78342814	78999095	871	0.2877
65e93af7-f914-4fe6-bc55-1bd5fcfb5eb1	16	79001847	79220845	333	0.0875
65e93af7-f914-4fe6-bc55-1bd5fcfb5eb1	16	79220984	90096867	9387	0.2663
65e93af7-f914-4fe6-bc55-1bd5fcfb5eb1	17	150733	18413867	11332	-0.2031
65e93af7-f914-4fe6-bc55-1bd5fcfb5eb1	17	18413879	18606845	37	0.3051
65e93af7-f914-4fe6-bc55-1bd5fcfb5eb1	17	18626375	26971285	1475	-0.1706
65e93af7-f914-4fe6-bc55-1bd5fcfb5eb1	17	26973990	41266825	7898	0.2122
65e93af7-f914-4fe6-bc55-1bd5fcfb5eb1	17	41266838	41274279	20	-0.3186
65e93af7-f914-4fe6-bc55-1bd5fcfb5eb1	17	41276472	50448336	4592	0.2094
65e93af7-f914-4fe6-bc55-1bd5fcfb5eb1	17	50448764	57258907	4747	0.2643
65e93af7-f914-4fe6-bc55-1bd5fcfb5eb1	17	57259897	80655063	13854	0.2144
65e93af7-f914-4fe6-bc55-1bd5fcfb5eb1	17	80655993	80667490	5	-0.9365
65e93af7-f914-4fe6-bc55-1bd5fcfb5eb1	17	80668820	81158113	233	0.2189
65e93af7-f914-4fe6-bc55-1bd5fcfb5eb1	17	81161357	81168461	2	-1.2808
65e93af7-f914-4fe6-bc55-1bd5fcfb5eb1	17	81168719	83091923	711	0.2382
65e93af7-f914-4fe6-bc55-1bd5fcfb5eb1	18	48133	42471713	23901	-0.1268
65e93af7-f914-4fe6-bc55-1bd5fcfb5eb1	18	42476604	42477802	25	-2.2031
65e93af7-f914-4fe6-bc55-1bd5fcfb5eb1	18	42478430	45223744	1705	-0.1328
65e93af7-f914-4fe6-bc55-1bd5fcfb5eb1	18	45223864	45237470	5	-1.8989
65e93af7-f914-4fe6-bc55-1bd5fcfb5eb1	18	45239315	46260101	692	-0.1144
65e93af7-f914-4fe6-bc55-1bd5fcfb5eb1	18	46261119	53997831	5456	-0.1608
65e93af7-f914-4fe6-bc55-1bd5fcfb5eb1	18	53998472	53998782	3	-1.7617
65e93af7-f914-4fe6-bc55-1bd5fcfb5eb1	18	54001998	60255339	4288	-0.1431
65e93af7-f914-4fe6-bc55-1bd5fcfb5eb1	18	60256247	71757808	8177	-0.1096
65e93af7-f914-4fe6-bc55-1bd5fcfb5eb1	18	71761703	71774108	15	-1.4223
65e93af7-f914-4fe6-bc55-1bd5fcfb5eb1	18	71774377	71875529	74	-0.1957
65e93af7-f914-4fe6-bc55-1bd5fcfb5eb1	18	71876279	73133570	965	-0.0181
65e93af7-f914-4fe6-bc55-1bd5fcfb5eb1	18	73135485	78528435	4253	-0.1337
65e93af7-f914-4fe6-bc55-1bd5fcfb5eb1	18	78532679	78538627	22	-0.6473
65e93af7-f914-4fe6-bc55-1bd5fcfb5eb1	18	78538718	80119835	849	-0.0998
65e93af7-f914-4fe6-bc55-1bd5fcfb5eb1	18	80124685	80127954	4	-1.3644
65e93af7-f914-4fe6-bc55-1bd5fcfb5eb1	18	80132754	80257174	75	-0.1121
65e93af7-f914-4fe6-bc55-1bd5fcfb5eb1	19	90910	1732601	385	0.0169
65e93af7-f914-4fe6-bc55-1bd5fcfb5eb1	19	1741837	1770751	2	-2.1
65e93af7-f914-4fe6-bc55-1bd5fcfb5eb1	19	1773354	20411869	8513	0.0018
65e93af7-f914-4fe6-bc55-1bd5fcfb5eb1	19	20413400	20538428	70	-0.5407
65e93af7-f914-4fe6-bc55-1bd5fcfb5eb1	19	20538656	23927100	1942	0.0278
65e93af7-f914-4fe6-bc55-1bd5fcfb5eb1	19	23929975	35392381	5793	0.0547
65e93af7-f914-4fe6-bc55-1bd5fcfb5eb1	19	35392720	36334346	418	0.0115
65e93af7-f914-4fe6-bc55-1bd5fcfb5eb1	19	36334556	36355779	9	-0.8415
65e93af7-f914-4fe6-bc55-1bd5fcfb5eb1	19	36355827	58586487	11906	0.0122
65e93af7-f914-4fe6-bc55-1bd5fcfb5eb1	20	80664	98825	28	0.0219
65e93af7-f914-4fe6-bc55-1bd5fcfb5eb1	20	101775	1580353	1175	0.2654
65e93af7-f914-4fe6-bc55-1bd5fcfb5eb1	20	1580934	1613247	41	1.3336
65e93af7-f914-4fe6-bc55-1bd5fcfb5eb1	20	1617300	15126332	10214	0.27
65e93af7-f914-4fe6-bc55-1bd5fcfb5eb1	20	15126392	15130492	2	-1.3718
65e93af7-f914-4fe6-bc55-1bd5fcfb5eb1	20	15137867	31959662	8890	0.2543
65e93af7-f914-4fe6-bc55-1bd5fcfb5eb1	20	31961121	38164843	3176	0.1974
65e93af7-f914-4fe6-bc55-1bd5fcfb5eb1	20	38166690	41448419	2224	0.258
65e93af7-f914-4fe6-bc55-1bd5fcfb5eb1	20	41449445	41726601	154	-0.1792
65e93af7-f914-4fe6-bc55-1bd5fcfb5eb1	20	41728262	53597003	8573	0.2394
65e93af7-f914-4fe6-bc55-1bd5fcfb5eb1	20	53609499	53852153	175	-0.1592
65e93af7-f914-4fe6-bc55-1bd5fcfb5eb1	20	53861371	54002395	128	0.2684
65e93af7-f914-4fe6-bc55-1bd5fcfb5eb1	20	54003257	54035821	31	-0.1281
65e93af7-f914-4fe6-bc55-1bd5fcfb5eb1	20	54035939	54036399	9	0.5023
65e93af7-f914-4fe6-bc55-1bd5fcfb5eb1	20	54036481	55835879	1500	-0.1855
65e93af7-f914-4fe6-bc55-1bd5fcfb5eb1	20	55843792	55848001	13	0.3023
65e93af7-f914-4fe6-bc55-1bd5fcfb5eb1	20	55853449	56080250	163	-0.1865
65e93af7-f914-4fe6-bc55-1bd5fcfb5eb1	20	56081876	56191263	79	0.1952
65e93af7-f914-4fe6-bc55-1bd5fcfb5eb1	20	56194179	57437029	1026	-0.2109
65e93af7-f914-4fe6-bc55-1bd5fcfb5eb1	20	57437618	58214787	634	0.2338
65e93af7-f914-4fe6-bc55-1bd5fcfb5eb1	20	58220333	64324800	4009	-0.2263
65e93af7-f914-4fe6-bc55-1bd5fcfb5eb1	21	10354168	22980936	6770	-0.1404
65e93af7-f914-4fe6-bc55-1bd5fcfb5eb1	21	22980993	22993236	3	-1.5376
65e93af7-f914-4fe6-bc55-1bd5fcfb5eb1	21	22993260	25254259	1802	-0.1325
65e93af7-f914-4fe6-bc55-1bd5fcfb5eb1	21	25254582	25254934	2	-1.8799
65e93af7-f914-4fe6-bc55-1bd5fcfb5eb1	21	25255614	31902202	4807	-0.1473
65e93af7-f914-4fe6-bc55-1bd5fcfb5eb1	21	31903548	46677045	10373	-0.2161
65e93af7-f914-4fe6-bc55-1bd5fcfb5eb1	22	15294547	16792973	154	-0.13
65e93af7-f914-4fe6-bc55-1bd5fcfb5eb1	22	16793318	16873057	61	-0.846
65e93af7-f914-4fe6-bc55-1bd5fcfb5eb1	22	16873430	18144143	889	-0.1885
65e93af7-f914-4fe6-bc55-1bd5fcfb5eb1	22	18144230	18149580	8	0.3252
65e93af7-f914-4fe6-bc55-1bd5fcfb5eb1	22	18149609	18649244	13	-0.2392
65e93af7-f914-4fe6-bc55-1bd5fcfb5eb1	22	18760927	18783014	3	1.1082
65e93af7-f914-4fe6-bc55-1bd5fcfb5eb1	22	18818348	19049226	65	-0.1213
65e93af7-f914-4fe6-bc55-1bd5fcfb5eb1	22	19050022	19050221	2	-3.2396
65e93af7-f914-4fe6-bc55-1bd5fcfb5eb1	22	19050481	23350551	2792	-0.1517
65e93af7-f914-4fe6-bc55-1bd5fcfb5eb1	22	23351071	36132847	9533	0.0228
65e93af7-f914-4fe6-bc55-1bd5fcfb5eb1	22	36137737	38368302	1318	-0.5332
65e93af7-f914-4fe6-bc55-1bd5fcfb5eb1	22	38371651	38894915	279	-0.0259
65e93af7-f914-4fe6-bc55-1bd5fcfb5eb1	22	38899250	38900899	3	-2.2907
65e93af7-f914-4fe6-bc55-1bd5fcfb5eb1	22	38903109	42554485	1972	0.0085
65e93af7-f914-4fe6-bc55-1bd5fcfb5eb1	22	42559425	48136419	4179	-0.2178
65e93af7-f914-4fe6-bc55-1bd5fcfb5eb1	22	48136629	49214518	994	-0.012
65e93af7-f914-4fe6-bc55-1bd5fcfb5eb1	22	49215177	49225136	11	-0.8979
65e93af7-f914-4fe6-bc55-1bd5fcfb5eb1	22	49227255	50796027	879	0.0427
65e93af7-f914-4fe6-bc55-1bd5fcfb5eb1	X	251810	154698560	82175	-0.0125
65e93af7-f914-4fe6-bc55-1bd5fcfb5eb1	X	154701121	155804033	434	0.8955
65e93af7-f914-4fe6-bc55-1bd5fcfb5eb1	X	155804692	155952689	6	0.2635
65e93af7-f914-4fe6-bc55-1bd5fcfb5eb1	Y	2782397	56872112	6627	-1.1889
