GDC_Aliquot	Chromosome	Start	End	Num_Probes	Segment_Mean
464301d7-c581-4af0-8072-f27845d94362	1	62920	98602	13	0.6524
464301d7-c581-4af0-8072-f27845d94362	1	259407	2176432	368	-0.0915
464301d7-c581-4af0-8072-f27845d94362	1	2178821	8116566	3650	0.2657
464301d7-c581-4af0-8072-f27845d94362	1	8122528	8129225	9	-0.5689
464301d7-c581-4af0-8072-f27845d94362	1	8131732	10307286	1123	0.2399
464301d7-c581-4af0-8072-f27845d94362	1	10310344	10311167	10	-0.4786
464301d7-c581-4af0-8072-f27845d94362	1	10311780	19260473	5254	0.2555
464301d7-c581-4af0-8072-f27845d94362	1	19277607	19277880	3	-1.1448
464301d7-c581-4af0-8072-f27845d94362	1	19282275	21974983	1666	0.2439
464301d7-c581-4af0-8072-f27845d94362	1	21975076	22015896	12	-0.7753
464301d7-c581-4af0-8072-f27845d94362	1	22017709	22872909	577	0.2555
464301d7-c581-4af0-8072-f27845d94362	1	22873233	22873666	4	-0.8822
464301d7-c581-4af0-8072-f27845d94362	1	22873706	25266637	1331	0.2614
464301d7-c581-4af0-8072-f27845d94362	1	25269390	25336853	25	0.7719
464301d7-c581-4af0-8072-f27845d94362	1	25346663	31948666	3402	0.229
464301d7-c581-4af0-8072-f27845d94362	1	31949159	31952494	2	-1.5203
464301d7-c581-4af0-8072-f27845d94362	1	31954383	60059763	16897	0.2465
464301d7-c581-4af0-8072-f27845d94362	1	60067939	67321590	5326	0.1937
464301d7-c581-4af0-8072-f27845d94362	1	67321603	68516652	884	0.239
464301d7-c581-4af0-8072-f27845d94362	1	68517991	68517995	2	1.8596
464301d7-c581-4af0-8072-f27845d94362	1	68519327	72318265	2238	0.2231
464301d7-c581-4af0-8072-f27845d94362	1	72318471	72343085	25	0.7221
464301d7-c581-4af0-8072-f27845d94362	1	72343689	75350996	1813	0.2155
464301d7-c581-4af0-8072-f27845d94362	1	75355108	105470754	19138	-0.4151
464301d7-c581-4af0-8072-f27845d94362	1	105476583	105479738	16	0.3219
464301d7-c581-4af0-8072-f27845d94362	1	105479753	109684893	2636	-0.4199
464301d7-c581-4af0-8072-f27845d94362	1	109690352	109702376	14	-1.4331
464301d7-c581-4af0-8072-f27845d94362	1	109703504	110811880	813	-0.4291
464301d7-c581-4af0-8072-f27845d94362	1	110817113	110817313	5	-1.8587
464301d7-c581-4af0-8072-f27845d94362	1	110817923	110823480	5	-0.6439
464301d7-c581-4af0-8072-f27845d94362	1	110827750	110831471	7	-0.1165
464301d7-c581-4af0-8072-f27845d94362	1	110832944	110833598	3	-0.9895
464301d7-c581-4af0-8072-f27845d94362	1	110834746	110834953	5	-1.5951
464301d7-c581-4af0-8072-f27845d94362	1	110836273	110836709	8	-2.8404
464301d7-c581-4af0-8072-f27845d94362	1	110836717	110845604	26	-1.7212
464301d7-c581-4af0-8072-f27845d94362	1	110849445	121573287	6245	-0.4452
464301d7-c581-4af0-8072-f27845d94362	1	121573699	152583051	2454	0.2092
464301d7-c581-4af0-8072-f27845d94362	1	152583230	152614118	35	-1.9637
464301d7-c581-4af0-8072-f27845d94362	1	152618018	153018584	372	0.1497
464301d7-c581-4af0-8072-f27845d94362	1	153023248	153023646	2	-1.4948
464301d7-c581-4af0-8072-f27845d94362	1	153023685	155926088	1492	0.2142
464301d7-c581-4af0-8072-f27845d94362	1	155927505	161648901	3607	0.2328
464301d7-c581-4af0-8072-f27845d94362	1	161649069	161678447	7	1.1043
464301d7-c581-4af0-8072-f27845d94362	1	161678831	166579136	3952	0.2515
464301d7-c581-4af0-8072-f27845d94362	1	166582964	166592397	16	-0.2951
464301d7-c581-4af0-8072-f27845d94362	1	166595003	167702205	862	0.2568
464301d7-c581-4af0-8072-f27845d94362	1	167708907	194479104	17911	0.2074
464301d7-c581-4af0-8072-f27845d94362	1	194482281	194485888	2	1.9093
464301d7-c581-4af0-8072-f27845d94362	1	194487886	196745743	1451	0.222
464301d7-c581-4af0-8072-f27845d94362	1	196758720	196762956	4	-2.4139
464301d7-c581-4af0-8072-f27845d94362	1	196769493	196843377	55	0.4226
464301d7-c581-4af0-8072-f27845d94362	1	196843400	196846661	2	5.1519
464301d7-c581-4af0-8072-f27845d94362	1	196847600	199142235	1375	0.2088
464301d7-c581-4af0-8072-f27845d94362	1	199142298	199144712	8	-2.0803
464301d7-c581-4af0-8072-f27845d94362	1	199145110	206134718	4682	0.2068
464301d7-c581-4af0-8072-f27845d94362	1	206138271	206139105	2	-1.4631
464301d7-c581-4af0-8072-f27845d94362	1	206142743	210301123	2967	0.1835
464301d7-c581-4af0-8072-f27845d94362	1	210301909	210306313	3	-1.6992
464301d7-c581-4af0-8072-f27845d94362	1	210307314	215164841	3373	0.2013
464301d7-c581-4af0-8072-f27845d94362	1	215165144	215165794	5	-1.2195
464301d7-c581-4af0-8072-f27845d94362	1	215165946	219571851	3164	0.2066
464301d7-c581-4af0-8072-f27845d94362	1	219574708	219575476	4	-1.2145
464301d7-c581-4af0-8072-f27845d94362	1	219577879	229675422	6257	0.2038
464301d7-c581-4af0-8072-f27845d94362	1	229681109	229684449	3	-3.3679
464301d7-c581-4af0-8072-f27845d94362	1	229684709	240228440	8115	0.2089
464301d7-c581-4af0-8072-f27845d94362	1	240230715	240230839	6	-1.6228
464301d7-c581-4af0-8072-f27845d94362	1	240232805	248546369	5685	0.2291
464301d7-c581-4af0-8072-f27845d94362	1	248550567	248645563	36	-0.3428
464301d7-c581-4af0-8072-f27845d94362	1	248645808	248930189	140	0.2173
464301d7-c581-4af0-8072-f27845d94362	2	12784	33890604	23614	-0.2684
464301d7-c581-4af0-8072-f27845d94362	2	33891914	34476558	466	0.2889
464301d7-c581-4af0-8072-f27845d94362	2	34476604	34511990	42	0.7614
464301d7-c581-4af0-8072-f27845d94362	2	34512096	52527423	13007	0.2993
464301d7-c581-4af0-8072-f27845d94362	2	52527590	52554404	36	1.0141
464301d7-c581-4af0-8072-f27845d94362	2	52560811	60615888	5696	0.2984
464301d7-c581-4af0-8072-f27845d94362	2	60618168	70613114	6223	0.2688
464301d7-c581-4af0-8072-f27845d94362	2	70613283	87134049	10091	0.3068
464301d7-c581-4af0-8072-f27845d94362	2	87146770	87286164	44	0.8388
464301d7-c581-4af0-8072-f27845d94362	2	87287256	87295819	3	-1.17
464301d7-c581-4af0-8072-f27845d94362	2	87299357	87696853	67	0.8187
464301d7-c581-4af0-8072-f27845d94362	2	87725148	97819465	1860	0.3136
464301d7-c581-4af0-8072-f27845d94362	2	97822371	100035523	1240	0.2064
464301d7-c581-4af0-8072-f27845d94362	2	100042208	100653882	433	-0.0625
464301d7-c581-4af0-8072-f27845d94362	2	100657433	100660122	5	-1.2639
464301d7-c581-4af0-8072-f27845d94362	2	100663975	103125839	1611	-0.0512
464301d7-c581-4af0-8072-f27845d94362	2	103128747	106258193	2159	0.2362
464301d7-c581-4af0-8072-f27845d94362	2	106258266	106270799	14	-0.2929
464301d7-c581-4af0-8072-f27845d94362	2	106270952	107972896	1051	0.2353
464301d7-c581-4af0-8072-f27845d94362	2	107973171	107973183	2	-2.6322
464301d7-c581-4af0-8072-f27845d94362	2	107973397	116831010	4681	0.2201
464301d7-c581-4af0-8072-f27845d94362	2	116832191	116832277	2	-1.6919
464301d7-c581-4af0-8072-f27845d94362	2	116833669	124390174	4945	0.2334
464301d7-c581-4af0-8072-f27845d94362	2	124393146	124395253	2	-2.7305
464301d7-c581-4af0-8072-f27845d94362	2	124395963	125684646	766	0.2744
464301d7-c581-4af0-8072-f27845d94362	2	125694074	125694336	2	1.9729
464301d7-c581-4af0-8072-f27845d94362	2	125694355	142459499	10267	0.2324
464301d7-c581-4af0-8072-f27845d94362	2	142459944	146103878	2105	0.1924
464301d7-c581-4af0-8072-f27845d94362	2	146104517	146109366	25	1.0043
464301d7-c581-4af0-8072-f27845d94362	2	146120238	179555026	20510	0.1967
464301d7-c581-4af0-8072-f27845d94362	2	179555716	179556770	10	-0.7761
464301d7-c581-4af0-8072-f27845d94362	2	179556785	193823021	8350	0.2098
464301d7-c581-4af0-8072-f27845d94362	2	193825580	193829074	2	2.21
464301d7-c581-4af0-8072-f27845d94362	2	193837590	200921114	4177	0.2148
464301d7-c581-4af0-8072-f27845d94362	2	200922326	205471731	2629	0.1597
464301d7-c581-4af0-8072-f27845d94362	2	205473423	216881422	7377	0.2026
464301d7-c581-4af0-8072-f27845d94362	2	216881555	226092047	6015	0.1703
464301d7-c581-4af0-8072-f27845d94362	2	226092135	226096702	8	-0.8256
464301d7-c581-4af0-8072-f27845d94362	2	226098982	242147305	9996	0.1684
464301d7-c581-4af0-8072-f27845d94362	3	20930	1214696	995	0.2145
464301d7-c581-4af0-8072-f27845d94362	3	1215076	1215082	2	-1.464
464301d7-c581-4af0-8072-f27845d94362	3	1215168	3198672	1822	0.241
464301d7-c581-4af0-8072-f27845d94362	3	3198927	14586836	9039	0.2011
464301d7-c581-4af0-8072-f27845d94362	3	14586897	14590703	2	-1.6902
464301d7-c581-4af0-8072-f27845d94362	3	14591059	21593107	4304	0.1716
464301d7-c581-4af0-8072-f27845d94362	3	21594069	23472394	1430	0.283
464301d7-c581-4af0-8072-f27845d94362	3	23475864	23477681	4	-0.9612
464301d7-c581-4af0-8072-f27845d94362	3	23478360	24101119	361	0.2607
464301d7-c581-4af0-8072-f27845d94362	3	24101727	26559609	2050	0.1729
464301d7-c581-4af0-8072-f27845d94362	3	26560269	26574479	22	-0.5183
464301d7-c581-4af0-8072-f27845d94362	3	26574579	37945437	7619	0.1692
464301d7-c581-4af0-8072-f27845d94362	3	37945615	37946283	3	1.8202
464301d7-c581-4af0-8072-f27845d94362	3	37946308	46738600	5533	0.1396
464301d7-c581-4af0-8072-f27845d94362	3	46741757	46760515	10	-0.5267
464301d7-c581-4af0-8072-f27845d94362	3	46760755	46808099	36	-1.1804
464301d7-c581-4af0-8072-f27845d94362	3	46817989	59138442	6589	0.1493
464301d7-c581-4af0-8072-f27845d94362	3	59141226	59141588	2	-3.305
464301d7-c581-4af0-8072-f27845d94362	3	59142824	86380125	18918	0.186
464301d7-c581-4af0-8072-f27845d94362	3	86386326	86387406	3	-2.1607
464301d7-c581-4af0-8072-f27845d94362	3	86388588	94196459	2282	0.2471
464301d7-c581-4af0-8072-f27845d94362	3	94198388	96360329	1164	-0.0376
464301d7-c581-4af0-8072-f27845d94362	3	96361596	97296681	456	0.2494
464301d7-c581-4af0-8072-f27845d94362	3	97298324	99218119	1075	-0.0429
464301d7-c581-4af0-8072-f27845d94362	3	99218940	99230264	31	0.3203
464301d7-c581-4af0-8072-f27845d94362	3	99230312	100947516	975	-0.0348
464301d7-c581-4af0-8072-f27845d94362	3	100950673	100951695	3	-2.3572
464301d7-c581-4af0-8072-f27845d94362	3	100953918	105267891	2610	-0.0493
464301d7-c581-4af0-8072-f27845d94362	3	105268590	105269549	2	-2.718
464301d7-c581-4af0-8072-f27845d94362	3	105271040	108963044	2292	-0.0557
464301d7-c581-4af0-8072-f27845d94362	3	108963371	109418858	278	0.0867
464301d7-c581-4af0-8072-f27845d94362	3	109419085	110336344	481	-0.0651
464301d7-c581-4af0-8072-f27845d94362	3	110336720	110342548	2	-1.8776
464301d7-c581-4af0-8072-f27845d94362	3	110345967	114936935	2829	-0.0439
464301d7-c581-4af0-8072-f27845d94362	3	114941745	114950103	7	-2.0443
464301d7-c581-4af0-8072-f27845d94362	3	114950171	123208027	5149	-0.0484
464301d7-c581-4af0-8072-f27845d94362	3	123209947	123222108	14	-0.6318
464301d7-c581-4af0-8072-f27845d94362	3	123225512	130068178	4074	-0.0742
464301d7-c581-4af0-8072-f27845d94362	3	130068356	130079892	20	0.6549
464301d7-c581-4af0-8072-f27845d94362	3	130079938	131987852	1173	-0.0882
464301d7-c581-4af0-8072-f27845d94362	3	131989313	131989627	2	1.2633
464301d7-c581-4af0-8072-f27845d94362	3	131996155	132273893	269	-0.0779
464301d7-c581-4af0-8072-f27845d94362	3	132273929	132276840	3	-1.644
464301d7-c581-4af0-8072-f27845d94362	3	132281633	133066107	479	-0.0936
464301d7-c581-4af0-8072-f27845d94362	3	133066536	133066579	2	-3.5437
464301d7-c581-4af0-8072-f27845d94362	3	133069160	133305594	190	-0.122
464301d7-c581-4af0-8072-f27845d94362	3	133305606	133305620	2	1.1842
464301d7-c581-4af0-8072-f27845d94362	3	133305636	134421515	712	-0.0618
464301d7-c581-4af0-8072-f27845d94362	3	134424899	134424981	2	-2.0788
464301d7-c581-4af0-8072-f27845d94362	3	134427060	135137998	507	-0.0405
464301d7-c581-4af0-8072-f27845d94362	3	135138234	135139275	2	-1.5
464301d7-c581-4af0-8072-f27845d94362	3	135140992	135977444	552	-0.0498
464301d7-c581-4af0-8072-f27845d94362	3	135979780	135981035	3	-2.6376
464301d7-c581-4af0-8072-f27845d94362	3	135983695	141488898	3212	-0.0467
464301d7-c581-4af0-8072-f27845d94362	3	141490131	141503130	4	-1.2911
464301d7-c581-4af0-8072-f27845d94362	3	141504463	149245189	4798	-0.047
464301d7-c581-4af0-8072-f27845d94362	3	149245608	149250334	25	-2.2031
464301d7-c581-4af0-8072-f27845d94362	3	149253293	159016321	5969	-0.068
464301d7-c581-4af0-8072-f27845d94362	3	159018925	159019063	2	-2.4682
464301d7-c581-4af0-8072-f27845d94362	3	159020487	162374395	2077	-0.0563
464301d7-c581-4af0-8072-f27845d94362	3	162385286	162388527	2	-2.1073
464301d7-c581-4af0-8072-f27845d94362	3	162390852	162790480	284	-0.0048
464301d7-c581-4af0-8072-f27845d94362	3	162794869	162908192	69	-1.7314
464301d7-c581-4af0-8072-f27845d94362	3	162908207	166054839	1794	-0.0317
464301d7-c581-4af0-8072-f27845d94362	3	166054899	166055293	2	-2.6958
464301d7-c581-4af0-8072-f27845d94362	3	166057044	198169247	20083	-0.0613
464301d7-c581-4af0-8072-f27845d94362	4	68929	10208766	5705	-0.0554
464301d7-c581-4af0-8072-f27845d94362	4	10212536	10232984	32	-1.0506
464301d7-c581-4af0-8072-f27845d94362	4	10233383	24140708	10180	-0.0416
464301d7-c581-4af0-8072-f27845d94362	4	24140989	24141072	2	-2.4419
464301d7-c581-4af0-8072-f27845d94362	4	24141111	26287196	1551	-0.0284
464301d7-c581-4af0-8072-f27845d94362	4	26290363	26293154	3	-1.4293
464301d7-c581-4af0-8072-f27845d94362	4	26293552	48406804	13961	-0.0555
464301d7-c581-4af0-8072-f27845d94362	4	48406915	48766191	153	0.439
464301d7-c581-4af0-8072-f27845d94362	4	48771413	49087357	128	0.2551
464301d7-c581-4af0-8072-f27845d94362	4	49091769	49654578	31	-0.3403
464301d7-c581-4af0-8072-f27845d94362	4	49656206	63839936	7588	0.1924
464301d7-c581-4af0-8072-f27845d94362	4	63840033	63842411	6	-0.9733
464301d7-c581-4af0-8072-f27845d94362	4	63842490	68352434	2851	0.1801
464301d7-c581-4af0-8072-f27845d94362	4	68354665	68620261	90	0.6537
464301d7-c581-4af0-8072-f27845d94362	4	68623617	72475575	2187	0.1948
464301d7-c581-4af0-8072-f27845d94362	4	72480992	76872625	2806	0.1326
464301d7-c581-4af0-8072-f27845d94362	4	76872676	92754240	9813	0.1728
464301d7-c581-4af0-8072-f27845d94362	4	92755472	150947789	34524	0.1332
464301d7-c581-4af0-8072-f27845d94362	4	150955157	150963158	27	-0.4471
464301d7-c581-4af0-8072-f27845d94362	4	150964975	154881396	2415	0.1233
464301d7-c581-4af0-8072-f27845d94362	4	154881853	154881926	3	-2.2255
464301d7-c581-4af0-8072-f27845d94362	4	154882047	160959660	3928	0.1274
464301d7-c581-4af0-8072-f27845d94362	4	160959754	160966393	25	0.5572
464301d7-c581-4af0-8072-f27845d94362	4	160966965	171448195	6654	0.1415
464301d7-c581-4af0-8072-f27845d94362	4	171453733	171456559	10	2.4521
464301d7-c581-4af0-8072-f27845d94362	4	171456573	172066777	397	0.1326
464301d7-c581-4af0-8072-f27845d94362	4	172067997	172068382	12	-1.7639
464301d7-c581-4af0-8072-f27845d94362	4	172074828	175283386	1825	0.1317
464301d7-c581-4af0-8072-f27845d94362	4	175283624	175288681	3	-1.6885
464301d7-c581-4af0-8072-f27845d94362	4	175292038	188300104	9110	0.1562
464301d7-c581-4af0-8072-f27845d94362	4	188300206	188300270	3	2.0374
464301d7-c581-4af0-8072-f27845d94362	4	188300285	189939613	1109	0.195
464301d7-c581-4af0-8072-f27845d94362	4	189941027	190106768	33	-0.0517
464301d7-c581-4af0-8072-f27845d94362	5	15532	46699	16	0.0813
464301d7-c581-4af0-8072-f27845d94362	5	48691	808932	322	0.2291
464301d7-c581-4af0-8072-f27845d94362	5	817735	825192	13	1.0829
464301d7-c581-4af0-8072-f27845d94362	5	825538	11161513	8748	0.3136
464301d7-c581-4af0-8072-f27845d94362	5	11162524	11162659	3	-3.4426
464301d7-c581-4af0-8072-f27845d94362	5	11167165	12815668	1090	0.3034
464301d7-c581-4af0-8072-f27845d94362	5	12815753	12826538	10	1.1431
464301d7-c581-4af0-8072-f27845d94362	5	12833745	17462220	3147	0.3161
464301d7-c581-4af0-8072-f27845d94362	5	17462856	17470007	5	-0.8006
464301d7-c581-4af0-8072-f27845d94362	5	17472794	21376735	2315	0.3
464301d7-c581-4af0-8072-f27845d94362	5	21377730	21385957	3	-1.2186
464301d7-c581-4af0-8072-f27845d94362	5	21391431	21451091	44	0.392
464301d7-c581-4af0-8072-f27845d94362	5	21451168	21451889	3	1.4067
464301d7-c581-4af0-8072-f27845d94362	5	21452329	24777997	1896	0.2923
464301d7-c581-4af0-8072-f27845d94362	5	24778267	24781719	15	-0.6378
464301d7-c581-4af0-8072-f27845d94362	5	24786817	26789387	1225	0.2949
464301d7-c581-4af0-8072-f27845d94362	5	26797651	26797735	2	-1.7481
464301d7-c581-4af0-8072-f27845d94362	5	26803775	46196012	11800	0.2965
464301d7-c581-4af0-8072-f27845d94362	5	46199332	46199333	2	-2.7515
464301d7-c581-4af0-8072-f27845d94362	5	46209197	46246558	12	0.1786
464301d7-c581-4af0-8072-f27845d94362	5	46251204	46278110	10	1.5233
464301d7-c581-4af0-8072-f27845d94362	5	46313245	46389171	18	0.2134
464301d7-c581-4af0-8072-f27845d94362	5	50146124	50163220	4	1.2227
464301d7-c581-4af0-8072-f27845d94362	5	50163701	50576375	149	0.2074
464301d7-c581-4af0-8072-f27845d94362	5	50578496	54769204	2728	0.1152
464301d7-c581-4af0-8072-f27845d94362	5	54774398	58033756	2180	0.0396
464301d7-c581-4af0-8072-f27845d94362	5	58033802	58037466	24	-0.6085
464301d7-c581-4af0-8072-f27845d94362	5	58037688	85567064	16272	0.0432
464301d7-c581-4af0-8072-f27845d94362	5	85569382	135814518	31051	0.0864
464301d7-c581-4af0-8072-f27845d94362	5	135814825	149697393	8593	0.0509
464301d7-c581-4af0-8072-f27845d94362	5	149697425	177800550	19192	0.0891
464301d7-c581-4af0-8072-f27845d94362	5	177801578	177805604	2	2.3574
464301d7-c581-4af0-8072-f27845d94362	5	177827964	178856409	570	0.0907
464301d7-c581-4af0-8072-f27845d94362	5	178862335	178864493	4	-1.9951
464301d7-c581-4af0-8072-f27845d94362	5	178872649	180947523	1221	0.0715
464301d7-c581-4af0-8072-f27845d94362	5	180951710	180991103	19	0.626
464301d7-c581-4af0-8072-f27845d94362	5	181006225	181363319	170	0.0621
464301d7-c581-4af0-8072-f27845d94362	6	149661	264756	105	0.1163
464301d7-c581-4af0-8072-f27845d94362	6	265113	381149	92	-0.6938
464301d7-c581-4af0-8072-f27845d94362	6	382559	3430205	2482	0.1923
464301d7-c581-4af0-8072-f27845d94362	6	3430253	3432961	4	-1.3218
464301d7-c581-4af0-8072-f27845d94362	6	3433084	10956456	5954	0.2052
464301d7-c581-4af0-8072-f27845d94362	6	10959331	29426650	12726	0.173
464301d7-c581-4af0-8072-f27845d94362	6	29427327	29869295	289	0.23
464301d7-c581-4af0-8072-f27845d94362	6	29869410	29882419	17	-0.8647
464301d7-c581-4af0-8072-f27845d94362	6	29882497	32572834	1200	0.1865
464301d7-c581-4af0-8072-f27845d94362	6	32576532	32605994	5	1.5003
464301d7-c581-4af0-8072-f27845d94362	6	32606237	34409574	1053	0.2267
464301d7-c581-4af0-8072-f27845d94362	6	34409679	41283223	4638	0.1557
464301d7-c581-4af0-8072-f27845d94362	6	41283346	54066353	8040	0.2143
464301d7-c581-4af0-8072-f27845d94362	6	54066432	54067057	6	1.9464
464301d7-c581-4af0-8072-f27845d94362	6	54070550	61055604	2431	0.2351
464301d7-c581-4af0-8072-f27845d94362	6	61058997	66339513	2958	0.1027
464301d7-c581-4af0-8072-f27845d94362	6	66339706	66945732	473	-0.0119
464301d7-c581-4af0-8072-f27845d94362	6	66945760	67661697	546	0.0709
464301d7-c581-4af0-8072-f27845d94362	6	67662081	73882142	3979	-0.2449
464301d7-c581-4af0-8072-f27845d94362	6	73882509	73887573	8	0.6996
464301d7-c581-4af0-8072-f27845d94362	6	73887625	76730377	1775	-0.251
464301d7-c581-4af0-8072-f27845d94362	6	76731101	76758214	20	0.5685
464301d7-c581-4af0-8072-f27845d94362	6	76758749	78252909	973	-0.2344
464301d7-c581-4af0-8072-f27845d94362	6	78253157	78336944	123	0.2636
464301d7-c581-4af0-8072-f27845d94362	6	78341897	103304044	15491	-0.2418
464301d7-c581-4af0-8072-f27845d94362	6	103304060	103314157	22	0.6051
464301d7-c581-4af0-8072-f27845d94362	6	103314174	148700098	28673	-0.2575
464301d7-c581-4af0-8072-f27845d94362	6	148700824	170741917	15489	-0.2963
464301d7-c581-4af0-8072-f27845d94362	7	43355	65765	29	0.8244
464301d7-c581-4af0-8072-f27845d94362	7	68316	8105383	4444	0.255
464301d7-c581-4af0-8072-f27845d94362	7	8105571	19991285	9738	0.3035
464301d7-c581-4af0-8072-f27845d94362	7	19991500	26523404	4869	0.2691
464301d7-c581-4af0-8072-f27845d94362	7	26525874	26526454	5	-2.8231
464301d7-c581-4af0-8072-f27845d94362	7	26530523	38251113	8281	0.2615
464301d7-c581-4af0-8072-f27845d94362	7	38254500	38351764	122	0.5311
464301d7-c581-4af0-8072-f27845d94362	7	38352435	63677725	13356	0.2857
464301d7-c581-4af0-8072-f27845d94362	7	63690237	65133963	665	0.4864
464301d7-c581-4af0-8072-f27845d94362	7	65176750	65696403	210	0.0779
464301d7-c581-4af0-8072-f27845d94362	7	65697209	68425724	1312	0.4815
464301d7-c581-4af0-8072-f27845d94362	7	68426713	69389918	674	0.0151
464301d7-c581-4af0-8072-f27845d94362	7	69390775	69871953	236	0.2288
464301d7-c581-4af0-8072-f27845d94362	7	69872628	91578827	12520	0.0229
464301d7-c581-4af0-8072-f27845d94362	7	91589569	91589817	3	-1.8285
464301d7-c581-4af0-8072-f27845d94362	7	91595717	93199680	1027	0.0165
464301d7-c581-4af0-8072-f27845d94362	7	93203704	93205716	2	-1.8466
464301d7-c581-4af0-8072-f27845d94362	7	93206979	97766148	2821	-0.0057
464301d7-c581-4af0-8072-f27845d94362	7	97766150	97766159	5	1.362
464301d7-c581-4af0-8072-f27845d94362	7	97766194	109793720	6609	0.0129
464301d7-c581-4af0-8072-f27845d94362	7	109793728	109814172	39	0.5292
464301d7-c581-4af0-8072-f27845d94362	7	109814214	126404920	10029	0.0239
464301d7-c581-4af0-8072-f27845d94362	7	126405428	126406822	13	0.6543
464301d7-c581-4af0-8072-f27845d94362	7	126406823	134100458	4701	0.0134
464301d7-c581-4af0-8072-f27845d94362	7	134100556	134110881	22	-2.2923
464301d7-c581-4af0-8072-f27845d94362	7	134110912	134114444	11	-0.9279
464301d7-c581-4af0-8072-f27845d94362	7	134121491	159334314	16094	0.0421
464301d7-c581-4af0-8072-f27845d94362	8	81254	2132302	1475	-0.4314
464301d7-c581-4af0-8072-f27845d94362	8	2132407	2132508	2	-3.3143
464301d7-c581-4af0-8072-f27845d94362	8	2132541	2134199	12	-0.7551
464301d7-c581-4af0-8072-f27845d94362	8	2134242	2134890	4	-1.8412
464301d7-c581-4af0-8072-f27845d94362	8	2137191	3819474	1714	-0.4179
464301d7-c581-4af0-8072-f27845d94362	8	3819957	3820512	7	-2.2423
464301d7-c581-4af0-8072-f27845d94362	8	3821982	3874345	62	-0.4446
464301d7-c581-4af0-8072-f27845d94362	8	3874445	3877205	5	-3.3914
464301d7-c581-4af0-8072-f27845d94362	8	3877376	3880583	14	-0.4802
464301d7-c581-4af0-8072-f27845d94362	8	3881218	3882349	3	-2.6509
464301d7-c581-4af0-8072-f27845d94362	8	3882543	4137245	388	-0.4459
464301d7-c581-4af0-8072-f27845d94362	8	4140085	4146769	29	-3.4697
464301d7-c581-4af0-8072-f27845d94362	8	4146976	5218071	1575	-0.4137
464301d7-c581-4af0-8072-f27845d94362	8	5218126	5218330	7	1.7418
464301d7-c581-4af0-8072-f27845d94362	8	5218430	7182331	2414	-0.4205
464301d7-c581-4af0-8072-f27845d94362	8	7185818	7380497	25	-1.8753
464301d7-c581-4af0-8072-f27845d94362	8	7396819	7397588	2	-1.026
464301d7-c581-4af0-8072-f27845d94362	8	7414835	8214781	46	0.4551
464301d7-c581-4af0-8072-f27845d94362	8	8234503	9455371	1205	-0.4278
464301d7-c581-4af0-8072-f27845d94362	8	9455971	9458297	8	-1.6012
464301d7-c581-4af0-8072-f27845d94362	8	9460805	12024350	1993	-0.4514
464301d7-c581-4af0-8072-f27845d94362	8	12024888	12376789	23	0.2647
464301d7-c581-4af0-8072-f27845d94362	8	12376891	18480814	5407	-0.442
464301d7-c581-4af0-8072-f27845d94362	8	18481170	25114672	5018	-0.4952
464301d7-c581-4af0-8072-f27845d94362	8	25116928	25133720	30	0.1351
464301d7-c581-4af0-8072-f27845d94362	8	25133759	26063451	738	-0.4987
464301d7-c581-4af0-8072-f27845d94362	8	26064444	26064562	2	-3.042
464301d7-c581-4af0-8072-f27845d94362	8	26065125	39378084	8264	-0.4555
464301d7-c581-4af0-8072-f27845d94362	8	39389156	39512955	50	-1.254
464301d7-c581-4af0-8072-f27845d94362	8	39517213	41391430	1363	-0.4677
464301d7-c581-4af0-8072-f27845d94362	8	41393694	41739724	219	0.5505
464301d7-c581-4af0-8072-f27845d94362	8	41742846	41743037	2	-0.8107
464301d7-c581-4af0-8072-f27845d94362	8	41743130	49613866	2693	0.5611
464301d7-c581-4af0-8072-f27845d94362	8	49617594	49621097	5	-0.9329
464301d7-c581-4af0-8072-f27845d94362	8	49626778	49959871	190	0.6036
464301d7-c581-4af0-8072-f27845d94362	8	49960733	50051669	66	-0.7397
464301d7-c581-4af0-8072-f27845d94362	8	50052878	67631798	10991	0.5788
464301d7-c581-4af0-8072-f27845d94362	8	67635224	67635434	6	-0.4953
464301d7-c581-4af0-8072-f27845d94362	8	67635897	67636165	6	-1.2389
464301d7-c581-4af0-8072-f27845d94362	8	67636256	67637971	18	-0.6635
464301d7-c581-4af0-8072-f27845d94362	8	67644593	69295362	1132	0.5716
464301d7-c581-4af0-8072-f27845d94362	8	69295681	69296017	3	-0.7263
464301d7-c581-4af0-8072-f27845d94362	8	69296031	76359248	4530	0.5704
464301d7-c581-4af0-8072-f27845d94362	8	76365438	80224051	2296	0.8153
464301d7-c581-4af0-8072-f27845d94362	8	80224795	88448528	4561	0.7221
464301d7-c581-4af0-8072-f27845d94362	8	88450092	145072769	36867	0.5793
464301d7-c581-4af0-8072-f27845d94362	9	46587	363758	215	-0.3875
464301d7-c581-4af0-8072-f27845d94362	9	364015	364179	2	-2.9413
464301d7-c581-4af0-8072-f27845d94362	9	366911	755034	523	-0.4776
464301d7-c581-4af0-8072-f27845d94362	9	755991	765271	6	-1.8918
464301d7-c581-4af0-8072-f27845d94362	9	771905	39459244	30381	-0.4017
464301d7-c581-4af0-8072-f27845d94362	9	39464004	41741113	125	0.0841
464301d7-c581-4af0-8072-f27845d94362	9	42014203	42179276	21	-2.1496
464301d7-c581-4af0-8072-f27845d94362	9	42202227	63580418	140	0.2094
464301d7-c581-4af0-8072-f27845d94362	9	63590317	63592813	7	2.2328
464301d7-c581-4af0-8072-f27845d94362	9	63614182	64965589	84	0.1213
464301d7-c581-4af0-8072-f27845d94362	9	65947360	71641083	2596	-0.2367
464301d7-c581-4af0-8072-f27845d94362	9	71641820	71643908	19	-1.0357
464301d7-c581-4af0-8072-f27845d94362	9	71647284	88979528	12291	-0.2389
464301d7-c581-4af0-8072-f27845d94362	9	88984188	89025411	31	0.3373
464301d7-c581-4af0-8072-f27845d94362	9	89025803	110061538	14829	-0.2384
464301d7-c581-4af0-8072-f27845d94362	9	110062021	110068289	3	-2.5745
464301d7-c581-4af0-8072-f27845d94362	9	110068334	118721895	6676	-0.2462
464301d7-c581-4af0-8072-f27845d94362	9	118722882	118722882	2	-2.2772
464301d7-c581-4af0-8072-f27845d94362	9	118735124	127227714	5647	-0.2569
464301d7-c581-4af0-8072-f27845d94362	9	127228152	127240351	8	-1.7187
464301d7-c581-4af0-8072-f27845d94362	9	127241456	138041265	5716	-0.2513
464301d7-c581-4af0-8072-f27845d94362	9	138042440	138200944	120	-0.3957
464301d7-c581-4af0-8072-f27845d94362	10	45792	4244705	3576	-0.0607
464301d7-c581-4af0-8072-f27845d94362	10	4244878	4248824	5	1.0168
464301d7-c581-4af0-8072-f27845d94362	10	4251879	12836938	7190	-0.0883
464301d7-c581-4af0-8072-f27845d94362	10	12851545	12852773	4	-1.4188
464301d7-c581-4af0-8072-f27845d94362	10	12856992	22591858	7420	-0.062
464301d7-c581-4af0-8072-f27845d94362	10	22593103	24086334	1001	0.4391
464301d7-c581-4af0-8072-f27845d94362	10	24088745	24088753	7	1.6133
464301d7-c581-4af0-8072-f27845d94362	10	24088989	25443242	926	0.4372
464301d7-c581-4af0-8072-f27845d94362	10	25443730	27195908	1212	0.6027
464301d7-c581-4af0-8072-f27845d94362	10	27196312	31443273	3234	0.4333
464301d7-c581-4af0-8072-f27845d94362	10	31450757	36891905	3610	0.7726
464301d7-c581-4af0-8072-f27845d94362	10	36893311	37088166	112	0.544
464301d7-c581-4af0-8072-f27845d94362	10	37091546	37130858	17	0.0789
464301d7-c581-4af0-8072-f27845d94362	10	37136346	38050063	523	0.2714
464301d7-c581-4af0-8072-f27845d94362	10	38050393	42288046	279	-0.0268
464301d7-c581-4af0-8072-f27845d94362	10	42292394	46526280	2577	0.1205
464301d7-c581-4af0-8072-f27845d94362	10	46526920	46967412	43	-0.2979
464301d7-c581-4af0-8072-f27845d94362	10	47002596	72107696	17305	0.104
464301d7-c581-4af0-8072-f27845d94362	10	72109905	76493093	2198	0.0479
464301d7-c581-4af0-8072-f27845d94362	10	76497303	76497852	2	2.1372
464301d7-c581-4af0-8072-f27845d94362	10	76501509	77301112	634	0.0331
464301d7-c581-4af0-8072-f27845d94362	10	77301552	79491575	1800	0.1137
464301d7-c581-4af0-8072-f27845d94362	10	79523511	79763550	25	-0.4376
464301d7-c581-4af0-8072-f27845d94362	10	79764135	84873840	3685	0.132
464301d7-c581-4af0-8072-f27845d94362	10	84874108	88337482	2281	0.0816
464301d7-c581-4af0-8072-f27845d94362	10	88338470	90075533	1279	0.1423
464301d7-c581-4af0-8072-f27845d94362	10	90078291	96259611	3757	0.0486
464301d7-c581-4af0-8072-f27845d94362	10	96259827	102786426	3790	0.1137
464301d7-c581-4af0-8072-f27845d94362	10	102786868	118519432	11062	0.0413
464301d7-c581-4af0-8072-f27845d94362	10	118527499	118527906	2	-2.2282
464301d7-c581-4af0-8072-f27845d94362	10	118528644	127917354	7099	0.0094
464301d7-c581-4af0-8072-f27845d94362	10	127925448	133415486	3872	0.0785
464301d7-c581-4af0-8072-f27845d94362	10	133415502	133416364	4	-1.3943
464301d7-c581-4af0-8072-f27845d94362	10	133419150	133654968	148	-0.0085
464301d7-c581-4af0-8072-f27845d94362	11	198510	4575235	2016	-0.4017
464301d7-c581-4af0-8072-f27845d94362	11	4575292	4576419	2	-3.2847
464301d7-c581-4af0-8072-f27845d94362	11	4578544	4946166	398	-0.4498
464301d7-c581-4af0-8072-f27845d94362	11	4946420	4955042	31	0.3212
464301d7-c581-4af0-8072-f27845d94362	11	4955781	5762693	781	-0.4129
464301d7-c581-4af0-8072-f27845d94362	11	5766175	5787909	33	0.1824
464301d7-c581-4af0-8072-f27845d94362	11	5788108	7788131	1494	-0.4083
464301d7-c581-4af0-8072-f27845d94362	11	7791493	7810711	7	-2.5871
464301d7-c581-4af0-8072-f27845d94362	11	7815462	47484022	27991	-0.3979
464301d7-c581-4af0-8072-f27845d94362	11	47485878	55172866	1497	-0.3523
464301d7-c581-4af0-8072-f27845d94362	11	55198132	55214735	6	-1.7004
464301d7-c581-4af0-8072-f27845d94362	11	55241999	55595864	201	-0.3997
464301d7-c581-4af0-8072-f27845d94362	11	55606556	55685058	57	0.1012
464301d7-c581-4af0-8072-f27845d94362	11	55685501	65174016	5235	-0.3704
464301d7-c581-4af0-8072-f27845d94362	11	65183956	65736910	202	-0.1949
464301d7-c581-4af0-8072-f27845d94362	11	65739351	67253960	611	-0.3693
464301d7-c581-4af0-8072-f27845d94362	11	67257903	70013452	1340	-0.2306
464301d7-c581-4af0-8072-f27845d94362	11	70013719	71422790	793	-0.3095
464301d7-c581-4af0-8072-f27845d94362	11	71423021	71423920	2	-1.7588
464301d7-c581-4af0-8072-f27845d94362	11	71429110	71645745	123	-0.2662
464301d7-c581-4af0-8072-f27845d94362	11	71649144	74313120	1229	-0.421
464301d7-c581-4af0-8072-f27845d94362	11	74313212	74315183	3	-2.2266
464301d7-c581-4af0-8072-f27845d94362	11	74318485	79481943	3129	-0.4306
464301d7-c581-4af0-8072-f27845d94362	11	79484055	80256460	579	-0.3526
464301d7-c581-4af0-8072-f27845d94362	11	80256469	80256520	3	-2.0244
464301d7-c581-4af0-8072-f27845d94362	11	80256642	81052100	618	-0.3775
464301d7-c581-4af0-8072-f27845d94362	11	81052207	81056758	5	-1.3278
464301d7-c581-4af0-8072-f27845d94362	11	81056787	83957139	2106	-0.2995
464301d7-c581-4af0-8072-f27845d94362	11	83957142	83959277	2	-2.6016
464301d7-c581-4af0-8072-f27845d94362	11	83959282	84858362	584	-0.3259
464301d7-c581-4af0-8072-f27845d94362	11	84858382	84858615	3	-2.5968
464301d7-c581-4af0-8072-f27845d94362	11	84858699	89741663	3266	-0.3077
464301d7-c581-4af0-8072-f27845d94362	11	89754781	89796439	5	-1.7866
464301d7-c581-4af0-8072-f27845d94362	11	89802300	89847184	9	0.5466
464301d7-c581-4af0-8072-f27845d94362	11	89878176	91445347	978	-0.2963
464301d7-c581-4af0-8072-f27845d94362	11	91445826	95947713	3237	-0.3867
464301d7-c581-4af0-8072-f27845d94362	11	95953622	108632237	9036	-0.328
464301d7-c581-4af0-8072-f27845d94362	11	108632840	108632945	3	-2.3263
464301d7-c581-4af0-8072-f27845d94362	11	108638050	113708876	3350	-0.3522
464301d7-c581-4af0-8072-f27845d94362	11	113709115	113709814	2	-2.5239
464301d7-c581-4af0-8072-f27845d94362	11	113710320	127336375	9876	-0.3546
464301d7-c581-4af0-8072-f27845d94362	11	127336700	135074876	5913	-0.473
464301d7-c581-4af0-8072-f27845d94362	12	51460	92076	16	-0.0711
464301d7-c581-4af0-8072-f27845d94362	12	94437	8404097	5584	0.2936
464301d7-c581-4af0-8072-f27845d94362	12	8405892	8406040	2	4.9112
464301d7-c581-4af0-8072-f27845d94362	12	8406196	8406526	4	1.7943
464301d7-c581-4af0-8072-f27845d94362	12	8406920	9481274	571	0.3315
464301d7-c581-4af0-8072-f27845d94362	12	9485313	9575696	23	1.4086
464301d7-c581-4af0-8072-f27845d94362	12	9582373	10775580	856	0.292
464301d7-c581-4af0-8072-f27845d94362	12	10777663	10777665	2	-2.6666
464301d7-c581-4af0-8072-f27845d94362	12	10777796	11083616	186	0.2189
464301d7-c581-4af0-8072-f27845d94362	12	11084237	11088933	3	1.6008
464301d7-c581-4af0-8072-f27845d94362	12	11099275	11650140	333	0.2572
464301d7-c581-4af0-8072-f27845d94362	12	11650189	11650244	2	1.7419
464301d7-c581-4af0-8072-f27845d94362	12	11650264	17654752	4226	0.2983
464301d7-c581-4af0-8072-f27845d94362	12	17655433	17913304	148	0.5038
464301d7-c581-4af0-8072-f27845d94362	12	17927452	18674290	469	0.3172
464301d7-c581-4af0-8072-f27845d94362	12	18677645	18678284	2	-2.8458
464301d7-c581-4af0-8072-f27845d94362	12	18680482	31283933	9081	0.3236
464301d7-c581-4af0-8072-f27845d94362	12	31287517	33148627	1283	0.5251
464301d7-c581-4af0-8072-f27845d94362	12	33148706	33150720	14	1.1614
464301d7-c581-4af0-8072-f27845d94362	12	33150932	33233822	53	0.469
464301d7-c581-4af0-8072-f27845d94362	12	33235894	33242207	4	-4.3057
464301d7-c581-4af0-8072-f27845d94362	12	33242483	34701563	739	0.6253
464301d7-c581-4af0-8072-f27845d94362	12	37463949	38847438	561	-0.362
464301d7-c581-4af0-8072-f27845d94362	12	38849391	45506042	4242	0.6595
464301d7-c581-4af0-8072-f27845d94362	12	45510655	45515754	4	1.9237
464301d7-c581-4af0-8072-f27845d94362	12	45519509	66905393	12635	0.6372
464301d7-c581-4af0-8072-f27845d94362	12	66914521	70635994	2676	2.3563
464301d7-c581-4af0-8072-f27845d94362	12	70642610	72914808	1429	-0.4109
464301d7-c581-4af0-8072-f27845d94362	12	72914818	72915666	2	-2.9858
464301d7-c581-4af0-8072-f27845d94362	12	72917588	104585328	20308	-0.4099
464301d7-c581-4af0-8072-f27845d94362	12	104585462	119392756	10215	-0.4606
464301d7-c581-4af0-8072-f27845d94362	12	119392835	133201603	9138	-0.4085
464301d7-c581-4af0-8072-f27845d94362	13	18452809	25717314	4849	-0.3992
464301d7-c581-4af0-8072-f27845d94362	13	25717793	25718167	3	-3.1863
464301d7-c581-4af0-8072-f27845d94362	13	25718816	25739192	21	-0.564
464301d7-c581-4af0-8072-f27845d94362	13	25743752	25745473	4	-1.3895
464301d7-c581-4af0-8072-f27845d94362	13	25745753	26331068	401	-0.4535
464301d7-c581-4af0-8072-f27845d94362	13	26332862	26333894	2	-3.0192
464301d7-c581-4af0-8072-f27845d94362	13	26336975	31957984	4269	-0.4319
464301d7-c581-4af0-8072-f27845d94362	13	31958485	31964286	18	-2.4157
464301d7-c581-4af0-8072-f27845d94362	13	31965910	32357546	366	-0.3857
464301d7-c581-4af0-8072-f27845d94362	13	32360289	32360737	6	-2.1502
464301d7-c581-4af0-8072-f27845d94362	13	32364356	50431759	12272	-0.4188
464301d7-c581-4af0-8072-f27845d94362	13	50432110	57176819	3787	-0.3703
464301d7-c581-4af0-8072-f27845d94362	13	57176962	57204246	35	-1.8356
464301d7-c581-4af0-8072-f27845d94362	13	57215580	58045257	442	-0.3628
464301d7-c581-4af0-8072-f27845d94362	13	58047895	58048474	3	-2.6425
464301d7-c581-4af0-8072-f27845d94362	13	58049649	94171892	23098	-0.3874
464301d7-c581-4af0-8072-f27845d94362	13	94172353	94445455	226	0.2577
464301d7-c581-4af0-8072-f27845d94362	13	94446254	109140025	10951	-0.3978
464301d7-c581-4af0-8072-f27845d94362	13	109142586	114342922	3334	-0.4523
464301d7-c581-4af0-8072-f27845d94362	14	18239283	19049265	31	-0.0853
464301d7-c581-4af0-8072-f27845d94362	14	19078442	19955213	134	-0.4493
464301d7-c581-4af0-8072-f27845d94362	14	19956767	22133868	1526	-0.0966
464301d7-c581-4af0-8072-f27845d94362	14	22133966	22490949	300	0.1756
464301d7-c581-4af0-8072-f27845d94362	14	22490986	22534369	61	0.0129
464301d7-c581-4af0-8072-f27845d94362	14	22535762	28492204	3702	-0.1085
464301d7-c581-4af0-8072-f27845d94362	14	28495556	32322448	2137	0.0099
464301d7-c581-4af0-8072-f27845d94362	14	32323105	35719453	2399	0.2069
464301d7-c581-4af0-8072-f27845d94362	14	35719809	37152179	1087	0.3583
464301d7-c581-4af0-8072-f27845d94362	14	37152350	37417505	121	0.0877
464301d7-c581-4af0-8072-f27845d94362	14	37420213	38648077	706	0.1793
464301d7-c581-4af0-8072-f27845d94362	14	38649852	39001212	229	0.0395
464301d7-c581-4af0-8072-f27845d94362	14	39002733	41251887	1389	0.2386
464301d7-c581-4af0-8072-f27845d94362	14	41254382	45260261	2329	0.1479
464301d7-c581-4af0-8072-f27845d94362	14	45262083	62425298	11033	-0.0447
464301d7-c581-4af0-8072-f27845d94362	14	62425526	106321086	27921	-0.0843
464301d7-c581-4af0-8072-f27845d94362	14	106340102	106346129	7	-2.8392
464301d7-c581-4af0-8072-f27845d94362	14	106360014	106877229	274	-0.0676
464301d7-c581-4af0-8072-f27845d94362	15	19811075	21997003	177	0.0687
464301d7-c581-4af0-8072-f27845d94362	15	21999319	22003073	2	2.9684
464301d7-c581-4af0-8072-f27845d94362	15	22005276	22736858	68	0.1735
464301d7-c581-4af0-8072-f27845d94362	15	22736939	27673477	3322	-0.0948
464301d7-c581-4af0-8072-f27845d94362	15	27674351	27682660	13	-4.3852
464301d7-c581-4af0-8072-f27845d94362	15	27683648	31585035	1899	-0.0979
464301d7-c581-4af0-8072-f27845d94362	15	31585599	31585717	3	-2.6118
464301d7-c581-4af0-8072-f27845d94362	15	31587057	60467423	18463	-0.1104
464301d7-c581-4af0-8072-f27845d94362	15	60468469	60468937	2	-2.2909
464301d7-c581-4af0-8072-f27845d94362	15	60474489	69843222	6258	-0.1468
464301d7-c581-4af0-8072-f27845d94362	15	69846911	70068980	176	0.4298
464301d7-c581-4af0-8072-f27845d94362	15	70070221	76586021	3533	-0.1386
464301d7-c581-4af0-8072-f27845d94362	15	76598900	76603434	22	0.5693
464301d7-c581-4af0-8072-f27845d94362	15	76609838	85877201	5459	-0.0969
464301d7-c581-4af0-8072-f27845d94362	15	85878528	92222525	4722	0.4324
464301d7-c581-4af0-8072-f27845d94362	15	92222644	92223064	3	2.8122
464301d7-c581-4af0-8072-f27845d94362	15	92223528	99226866	5451	0.4412
464301d7-c581-4af0-8072-f27845d94362	15	99227875	101928837	1976	-0.0925
464301d7-c581-4af0-8072-f27845d94362	16	10777	2452794	858	0.1819
464301d7-c581-4af0-8072-f27845d94362	16	2453099	32169655	19106	-0.0541
464301d7-c581-4af0-8072-f27845d94362	16	32197425	46444015	499	-0.3298
464301d7-c581-4af0-8072-f27845d94362	16	46463450	48832876	1109	-0.0374
464301d7-c581-4af0-8072-f27845d94362	16	48834801	51524579	1940	0.2227
464301d7-c581-4af0-8072-f27845d94362	16	51524806	55774509	3424	0.3692
464301d7-c581-4af0-8072-f27845d94362	16	55774768	55775312	2	-1.3928
464301d7-c581-4af0-8072-f27845d94362	16	55775554	57988466	1345	0.3903
464301d7-c581-4af0-8072-f27845d94362	16	57992461	67593166	6269	-0.3539
464301d7-c581-4af0-8072-f27845d94362	16	67593732	68249153	232	0.2089
464301d7-c581-4af0-8072-f27845d94362	16	68250593	68254071	2	1.9501
464301d7-c581-4af0-8072-f27845d94362	16	68258394	68695111	239	0.1799
464301d7-c581-4af0-8072-f27845d94362	16	68697462	68811064	67	-0.0978
464301d7-c581-4af0-8072-f27845d94362	16	68812832	70105639	605	0.1594
464301d7-c581-4af0-8072-f27845d94362	16	70117657	70212022	19	-0.4153
464301d7-c581-4af0-8072-f27845d94362	16	70212430	70588712	146	0.2819
464301d7-c581-4af0-8072-f27845d94362	16	70590010	77589577	4579	-0.3655
464301d7-c581-4af0-8072-f27845d94362	16	77589787	77709661	165	-0.1271
464301d7-c581-4af0-8072-f27845d94362	16	77709740	77852351	139	-0.3845
464301d7-c581-4af0-8072-f27845d94362	16	77852845	77991181	162	-0.0893
464301d7-c581-4af0-8072-f27845d94362	16	77991303	78339920	314	-0.3869
464301d7-c581-4af0-8072-f27845d94362	16	78342480	78349243	9	-1.9899
464301d7-c581-4af0-8072-f27845d94362	16	78350841	84795861	7061	-0.416
464301d7-c581-4af0-8072-f27845d94362	16	84799614	84800743	6	-4.3915
464301d7-c581-4af0-8072-f27845d94362	16	84802423	90096867	3531	-0.4448
464301d7-c581-4af0-8072-f27845d94362	17	150733	8339592	4532	-0.0841
464301d7-c581-4af0-8072-f27845d94362	17	8344229	8344415	2	-3.1454
464301d7-c581-4af0-8072-f27845d94362	17	8346140	18385896	6848	-0.0618
464301d7-c581-4af0-8072-f27845d94362	17	18386222	18565883	37	0.3197
464301d7-c581-4af0-8072-f27845d94362	17	18571332	19019206	164	-0.1412
464301d7-c581-4af0-8072-f27845d94362	17	19019420	19268684	18	0.0883
464301d7-c581-4af0-8072-f27845d94362	17	19270737	20784411	698	0.3284
464301d7-c581-4af0-8072-f27845d94362	17	20794163	22456493	472	0.0337
464301d7-c581-4af0-8072-f27845d94362	17	22459489	29408699	1324	0.1174
464301d7-c581-4af0-8072-f27845d94362	17	29409886	34408543	3041	0.0523
464301d7-c581-4af0-8072-f27845d94362	17	34409246	34410027	2	-2.5085
464301d7-c581-4af0-8072-f27845d94362	17	34411338	36109315	1119	0.0485
464301d7-c581-4af0-8072-f27845d94362	17	36109735	36460442	38	0.4708
464301d7-c581-4af0-8072-f27845d94362	17	36463349	41224178	2507	0.0639
464301d7-c581-4af0-8072-f27845d94362	17	41231308	41234024	4	-1.2856
464301d7-c581-4af0-8072-f27845d94362	17	41237517	41265456	13	0.1188
464301d7-c581-4af0-8072-f27845d94362	17	41266762	41274279	24	0.9318
464301d7-c581-4af0-8072-f27845d94362	17	41276472	43354897	1105	0.0733
464301d7-c581-4af0-8072-f27845d94362	17	43361222	43362553	3	1.348
464301d7-c581-4af0-8072-f27845d94362	17	43366336	45577724	1048	0.0784
464301d7-c581-4af0-8072-f27845d94362	17	45579014	45582060	6	-1.0169
464301d7-c581-4af0-8072-f27845d94362	17	45587327	47557019	894	0.0116
464301d7-c581-4af0-8072-f27845d94362	17	47566788	54076604	3929	0.1039
464301d7-c581-4af0-8072-f27845d94362	17	54077116	54081714	4	-1.1952
464301d7-c581-4af0-8072-f27845d94362	17	54087251	58360571	3130	0.103
464301d7-c581-4af0-8072-f27845d94362	17	58363181	72022770	7916	0.0635
464301d7-c581-4af0-8072-f27845d94362	17	72024267	78676336	4095	0.105
464301d7-c581-4af0-8072-f27845d94362	17	78677915	78678151	2	-3.341
464301d7-c581-4af0-8072-f27845d94362	17	78680303	82691356	1856	0.0908
464301d7-c581-4af0-8072-f27845d94362	17	82695004	82695857	7	-0.9941
464301d7-c581-4af0-8072-f27845d94362	17	82696229	82959140	140	0.1042
464301d7-c581-4af0-8072-f27845d94362	17	82959812	83091923	62	-0.0774
464301d7-c581-4af0-8072-f27845d94362	18	48133	15402409	10402	-0.0438
464301d7-c581-4af0-8072-f27845d94362	18	20949392	21248400	113	0.3219
464301d7-c581-4af0-8072-f27845d94362	18	21252418	36390899	9375	0.2185
464301d7-c581-4af0-8072-f27845d94362	18	36391764	36396859	4	-1.3058
464301d7-c581-4af0-8072-f27845d94362	18	36397196	53740491	11892	0.2502
464301d7-c581-4af0-8072-f27845d94362	18	53740727	53741022	6	1.306
464301d7-c581-4af0-8072-f27845d94362	18	53741814	57106497	2065	0.2403
464301d7-c581-4af0-8072-f27845d94362	18	57109027	67292135	7287	0.277
464301d7-c581-4af0-8072-f27845d94362	18	67292264	67300028	17	-0.4662
464301d7-c581-4af0-8072-f27845d94362	18	67300481	71421456	3019	0.2905
464301d7-c581-4af0-8072-f27845d94362	18	71424091	71425059	2	-2.6652
464301d7-c581-4af0-8072-f27845d94362	18	71425397	80257174	6569	0.2994
464301d7-c581-4af0-8072-f27845d94362	19	90910	17135141	7426	-0.4179
464301d7-c581-4af0-8072-f27845d94362	19	17135147	18686126	622	-0.3414
464301d7-c581-4af0-8072-f27845d94362	19	18686969	18688167	2	-2.2126
464301d7-c581-4af0-8072-f27845d94362	19	18690365	20998149	1184	-0.3279
464301d7-c581-4af0-8072-f27845d94362	19	20998235	24400510	1909	-0.3884
464301d7-c581-4af0-8072-f27845d94362	19	24413948	27466131	20	0.2813
464301d7-c581-4af0-8072-f27845d94362	19	27469081	27469098	2	-1.2722
464301d7-c581-4af0-8072-f27845d94362	19	27474607	29967701	1813	0.2457
464301d7-c581-4af0-8072-f27845d94362	19	29969636	30097459	81	-0.3712
464301d7-c581-4af0-8072-f27845d94362	19	30098751	36362212	4121	0.2569
464301d7-c581-4af0-8072-f27845d94362	19	36362435	52605953	8228	0.194
464301d7-c581-4af0-8072-f27845d94362	19	52606759	52616560	11	-0.7757
464301d7-c581-4af0-8072-f27845d94362	19	52617306	56010015	2074	0.1688
464301d7-c581-4af0-8072-f27845d94362	19	56010241	56013676	2	-3.2964
464301d7-c581-4af0-8072-f27845d94362	19	56015979	58586487	1604	0.1591
464301d7-c581-4af0-8072-f27845d94362	20	80664	1599742	1236	0.151
464301d7-c581-4af0-8072-f27845d94362	20	1599891	1613247	9	-1.2021
464301d7-c581-4af0-8072-f27845d94362	20	1617300	16635749	11696	0.1704
464301d7-c581-4af0-8072-f27845d94362	20	16636172	24280106	5969	0.2117
464301d7-c581-4af0-8072-f27845d94362	20	24282014	24303665	15	-0.3637
464301d7-c581-4af0-8072-f27845d94362	20	24304209	32979039	1990	0.2313
464301d7-c581-4af0-8072-f27845d94362	20	32983165	32983216	2	-1.3105
464301d7-c581-4af0-8072-f27845d94362	20	32984094	45472044	7875	0.2128
464301d7-c581-4af0-8072-f27845d94362	20	45472495	45479029	2	-1.8932
464301d7-c581-4af0-8072-f27845d94362	20	45479295	63920635	13409	0.241
464301d7-c581-4af0-8072-f27845d94362	20	63920993	64324800	187	0.1531
464301d7-c581-4af0-8072-f27845d94362	21	10354168	13028693	96	-0.4316
464301d7-c581-4af0-8072-f27845d94362	21	13080541	13189617	17	-1.9175
464301d7-c581-4af0-8072-f27845d94362	21	13197963	15601142	1343	-0.0417
464301d7-c581-4af0-8072-f27845d94362	21	15601274	32012926	12082	-0.0027
464301d7-c581-4af0-8072-f27845d94362	21	32013455	46677045	10319	-0.0617
464301d7-c581-4af0-8072-f27845d94362	22	15294547	50796027	23249	-0.3362
464301d7-c581-4af0-8072-f27845d94362	X	251810	91712745	47221	0.0228
464301d7-c581-4af0-8072-f27845d94362	X	91715507	91725401	12	-1.7432
464301d7-c581-4af0-8072-f27845d94362	X	91725415	93690823	854	0.0598
464301d7-c581-4af0-8072-f27845d94362	X	93692149	94164611	298	0.3418
464301d7-c581-4af0-8072-f27845d94362	X	94168196	94174154	6	-1.4246
464301d7-c581-4af0-8072-f27845d94362	X	94174579	94560847	280	0.2684
464301d7-c581-4af0-8072-f27845d94362	X	94565730	119195067	13427	0.0175
464301d7-c581-4af0-8072-f27845d94362	X	119195773	119200508	7	-1.3735
464301d7-c581-4af0-8072-f27845d94362	X	119204902	140411160	11990	0.026
464301d7-c581-4af0-8072-f27845d94362	X	140414245	140419029	5	-1.7503
464301d7-c581-4af0-8072-f27845d94362	X	140422569	155952689	9476	0.0246
464301d7-c581-4af0-8072-f27845d94362	Y	2782397	6076562	720	-2.8825
464301d7-c581-4af0-8072-f27845d94362	Y	6080059	23014812	5721	-3.2787
464301d7-c581-4af0-8072-f27845d94362	Y	23029591	56872112	199	-2.8787
