GDC_Aliquot	Chromosome	Start	End	Num_Probes	Segment_Mean
12d2f969-2231-4bbc-81c1-34b3ae8f80eb	1	62920	2536961	489	0.0751
12d2f969-2231-4bbc-81c1-34b3ae8f80eb	1	2541819	14328929	6761	-0.104
12d2f969-2231-4bbc-81c1-34b3ae8f80eb	1	14329842	14330371	2	-1.8806
12d2f969-2231-4bbc-81c1-34b3ae8f80eb	1	14330704	16719082	1433	-0.1121
12d2f969-2231-4bbc-81c1-34b3ae8f80eb	1	16719266	16934716	66	-0.6322
12d2f969-2231-4bbc-81c1-34b3ae8f80eb	1	16934753	45160503	16167	-0.0966
12d2f969-2231-4bbc-81c1-34b3ae8f80eb	1	45169109	45186569	8	-1.5284
12d2f969-2231-4bbc-81c1-34b3ae8f80eb	1	45199908	68556488	15584	-0.0904
12d2f969-2231-4bbc-81c1-34b3ae8f80eb	1	68556886	72303233	2192	0.0627
12d2f969-2231-4bbc-81c1-34b3ae8f80eb	1	72303253	72345465	45	-1.2071
12d2f969-2231-4bbc-81c1-34b3ae8f80eb	1	72346221	72492226	82	-0.0256
12d2f969-2231-4bbc-81c1-34b3ae8f80eb	1	72494684	74755466	1373	0.0771
12d2f969-2231-4bbc-81c1-34b3ae8f80eb	1	74755631	95277924	13391	-0.0165
12d2f969-2231-4bbc-81c1-34b3ae8f80eb	1	95278039	103616762	5109	0.1184
12d2f969-2231-4bbc-81c1-34b3ae8f80eb	1	103620877	103717617	6	1.0941
12d2f969-2231-4bbc-81c1-34b3ae8f80eb	1	103760781	105476583	915	0.1216
12d2f969-2231-4bbc-81c1-34b3ae8f80eb	1	105476614	105479753	16	0.9401
12d2f969-2231-4bbc-81c1-34b3ae8f80eb	1	105481433	108712919	2135	0.1382
12d2f969-2231-4bbc-81c1-34b3ae8f80eb	1	108713513	109684893	494	0.2368
12d2f969-2231-4bbc-81c1-34b3ae8f80eb	1	109690352	109697556	13	1.5339
12d2f969-2231-4bbc-81c1-34b3ae8f80eb	1	109702376	111750410	1576	0.3121
12d2f969-2231-4bbc-81c1-34b3ae8f80eb	1	111750508	112147704	372	0.1805
12d2f969-2231-4bbc-81c1-34b3ae8f80eb	1	112153343	112154768	25	-1.2623
12d2f969-2231-4bbc-81c1-34b3ae8f80eb	1	112163334	114374517	1383	0.198
12d2f969-2231-4bbc-81c1-34b3ae8f80eb	1	114380480	114712194	153	-0.1149
12d2f969-2231-4bbc-81c1-34b3ae8f80eb	1	114712242	147671762	4388	-0.0309
12d2f969-2231-4bbc-81c1-34b3ae8f80eb	1	147672474	152583051	1663	-0.1036
12d2f969-2231-4bbc-81c1-34b3ae8f80eb	1	152583230	152613802	32	2.2609
12d2f969-2231-4bbc-81c1-34b3ae8f80eb	1	152614064	152778761	161	-0.0445
12d2f969-2231-4bbc-81c1-34b3ae8f80eb	1	152782154	152801429	46	0.3096
12d2f969-2231-4bbc-81c1-34b3ae8f80eb	1	152804279	154509497	961	-0.1247
12d2f969-2231-4bbc-81c1-34b3ae8f80eb	1	154512312	155529466	527	0.1485
12d2f969-2231-4bbc-81c1-34b3ae8f80eb	1	155536158	159553838	2528	-0.0848
12d2f969-2231-4bbc-81c1-34b3ae8f80eb	1	159555958	161649268	1243	0.1325
12d2f969-2231-4bbc-81c1-34b3ae8f80eb	1	161678447	165164044	2755	-0.0966
12d2f969-2231-4bbc-81c1-34b3ae8f80eb	1	165166700	165492675	373	0.1371
12d2f969-2231-4bbc-81c1-34b3ae8f80eb	1	165492716	169246873	2852	-0.092
12d2f969-2231-4bbc-81c1-34b3ae8f80eb	1	169247699	169272528	8	-1.7723
12d2f969-2231-4bbc-81c1-34b3ae8f80eb	1	169273163	169550656	178	-0.0859
12d2f969-2231-4bbc-81c1-34b3ae8f80eb	1	169559342	174827128	3323	0.288
12d2f969-2231-4bbc-81c1-34b3ae8f80eb	1	174827267	174832599	16	-0.5485
12d2f969-2231-4bbc-81c1-34b3ae8f80eb	1	174832702	196709206	14565	0.2893
12d2f969-2231-4bbc-81c1-34b3ae8f80eb	1	196710325	196846661	94	0.6081
12d2f969-2231-4bbc-81c1-34b3ae8f80eb	1	196847600	202598144	3674	0.2756
12d2f969-2231-4bbc-81c1-34b3ae8f80eb	1	202598425	202598658	3	1.7551
12d2f969-2231-4bbc-81c1-34b3ae8f80eb	1	202599414	204877644	1601	0.248
12d2f969-2231-4bbc-81c1-34b3ae8f80eb	1	204883715	209897717	3481	0.0323
12d2f969-2231-4bbc-81c1-34b3ae8f80eb	1	209908268	209910639	3	-2.0868
12d2f969-2231-4bbc-81c1-34b3ae8f80eb	1	209913207	248930189	26945	0.0475
12d2f969-2231-4bbc-81c1-34b3ae8f80eb	2	12784	52511902	37042	0.152
12d2f969-2231-4bbc-81c1-34b3ae8f80eb	2	52511964	52554404	45	0.8094
12d2f969-2231-4bbc-81c1-34b3ae8f80eb	2	52560811	59395347	4768	0.1619
12d2f969-2231-4bbc-81c1-34b3ae8f80eb	2	59399522	59416363	6	1.177
12d2f969-2231-4bbc-81c1-34b3ae8f80eb	2	59417321	86710564	17096	0.1546
12d2f969-2231-4bbc-81c1-34b3ae8f80eb	2	86725947	86726731	2	-2.2646
12d2f969-2231-4bbc-81c1-34b3ae8f80eb	2	86743283	87070167	73	0.0636
12d2f969-2231-4bbc-81c1-34b3ae8f80eb	2	87070602	87103855	9	0.4588
12d2f969-2231-4bbc-81c1-34b3ae8f80eb	2	87110846	87674944	115	-0.6468
12d2f969-2231-4bbc-81c1-34b3ae8f80eb	2	87695122	146104517	31066	0.1545
12d2f969-2231-4bbc-81c1-34b3ae8f80eb	2	146106836	146109366	24	1.1085
12d2f969-2231-4bbc-81c1-34b3ae8f80eb	2	146120238	154033296	4871	0.1695
12d2f969-2231-4bbc-81c1-34b3ae8f80eb	2	154039462	154039969	2	-2.1298
12d2f969-2231-4bbc-81c1-34b3ae8f80eb	2	154043710	178066361	14700	0.1665
12d2f969-2231-4bbc-81c1-34b3ae8f80eb	2	178068550	232377024	33130	-0.0939
12d2f969-2231-4bbc-81c1-34b3ae8f80eb	2	232377193	232377633	5	1.2404
12d2f969-2231-4bbc-81c1-34b3ae8f80eb	2	232377647	241841244	6067	-0.1135
12d2f969-2231-4bbc-81c1-34b3ae8f80eb	2	241973315	242001132	32	-0.8652
12d2f969-2231-4bbc-81c1-34b3ae8f80eb	2	242011715	242016144	5	0.6307
12d2f969-2231-4bbc-81c1-34b3ae8f80eb	2	242016173	242092368	66	-0.9443
12d2f969-2231-4bbc-81c1-34b3ae8f80eb	2	242095460	242147305	24	-0.1724
12d2f969-2231-4bbc-81c1-34b3ae8f80eb	3	20930	60992990	41613	-0.2457
12d2f969-2231-4bbc-81c1-34b3ae8f80eb	3	60993838	61015627	16	-0.9215
12d2f969-2231-4bbc-81c1-34b3ae8f80eb	3	61016190	84053071	15605	-0.2406
12d2f969-2231-4bbc-81c1-34b3ae8f80eb	3	84056282	84057015	2	-3.0177
12d2f969-2231-4bbc-81c1-34b3ae8f80eb	3	84061816	86080000	1140	-0.2435
12d2f969-2231-4bbc-81c1-34b3ae8f80eb	3	86086222	93824162	2307	0.0415
12d2f969-2231-4bbc-81c1-34b3ae8f80eb	3	93824358	162524023	41614	0.2741
12d2f969-2231-4bbc-81c1-34b3ae8f80eb	3	162524271	162795304	161	0.1137
12d2f969-2231-4bbc-81c1-34b3ae8f80eb	3	162795361	162898127	61	-1.1445
12d2f969-2231-4bbc-81c1-34b3ae8f80eb	3	162906054	175171165	7433	0.2813
12d2f969-2231-4bbc-81c1-34b3ae8f80eb	3	175171893	175666218	447	0.1324
12d2f969-2231-4bbc-81c1-34b3ae8f80eb	3	175676285	178920193	1957	0.2888
12d2f969-2231-4bbc-81c1-34b3ae8f80eb	3	178920642	178933173	5	-0.8631
12d2f969-2231-4bbc-81c1-34b3ae8f80eb	3	178936828	193160173	9268	0.2728
12d2f969-2231-4bbc-81c1-34b3ae8f80eb	3	193160256	193165114	18	2.0944
12d2f969-2231-4bbc-81c1-34b3ae8f80eb	3	193168646	198169247	2691	0.2596
12d2f969-2231-4bbc-81c1-34b3ae8f80eb	4	68929	10208766	5690	-0.2623
12d2f969-2231-4bbc-81c1-34b3ae8f80eb	4	10221792	10232984	31	0.576
12d2f969-2231-4bbc-81c1-34b3ae8f80eb	4	10233383	34777353	16925	-0.2461
12d2f969-2231-4bbc-81c1-34b3ae8f80eb	4	34777382	34817488	38	0.2342
12d2f969-2231-4bbc-81c1-34b3ae8f80eb	4	34817589	63831799	16510	-0.2421
12d2f969-2231-4bbc-81c1-34b3ae8f80eb	4	63831812	63841887	20	0.4576
12d2f969-2231-4bbc-81c1-34b3ae8f80eb	4	63842036	78131924	8803	-0.247
12d2f969-2231-4bbc-81c1-34b3ae8f80eb	4	78134422	78424496	222	-0.4738
12d2f969-2231-4bbc-81c1-34b3ae8f80eb	4	78426471	131137969	31491	-0.2401
12d2f969-2231-4bbc-81c1-34b3ae8f80eb	4	131138623	131151414	5	-1.5571
12d2f969-2231-4bbc-81c1-34b3ae8f80eb	4	131153615	160120152	17260	-0.2411
12d2f969-2231-4bbc-81c1-34b3ae8f80eb	4	160131622	160149352	35	-0.9385
12d2f969-2231-4bbc-81c1-34b3ae8f80eb	4	160149426	171448195	7261	-0.2232
12d2f969-2231-4bbc-81c1-34b3ae8f80eb	4	171453733	171456307	9	1.2238
12d2f969-2231-4bbc-81c1-34b3ae8f80eb	4	171456559	190106768	12455	-0.254
12d2f969-2231-4bbc-81c1-34b3ae8f80eb	5	15532	761010	329	0.6678
12d2f969-2231-4bbc-81c1-34b3ae8f80eb	5	772967	825538	23	-0.4356
12d2f969-2231-4bbc-81c1-34b3ae8f80eb	5	833513	8702410	6571	0.5842
12d2f969-2231-4bbc-81c1-34b3ae8f80eb	5	8702945	8746934	45	0.0077
12d2f969-2231-4bbc-81c1-34b3ae8f80eb	5	8747030	21636477	8782	0.5765
12d2f969-2231-4bbc-81c1-34b3ae8f80eb	5	21640442	32128022	6480	0.1759
12d2f969-2231-4bbc-81c1-34b3ae8f80eb	5	32128073	46099451	8318	0.2869
12d2f969-2231-4bbc-81c1-34b3ae8f80eb	5	46099678	46272419	40	0.1378
12d2f969-2231-4bbc-81c1-34b3ae8f80eb	5	46273226	46389171	23	0.528
12d2f969-2231-4bbc-81c1-34b3ae8f80eb	5	50146124	58030200	5041	-0.2588
12d2f969-2231-4bbc-81c1-34b3ae8f80eb	5	58030336	58037466	29	0.6248
12d2f969-2231-4bbc-81c1-34b3ae8f80eb	5	58037688	74947027	9665	-0.2499
12d2f969-2231-4bbc-81c1-34b3ae8f80eb	5	74948291	74972289	16	-1.0553
12d2f969-2231-4bbc-81c1-34b3ae8f80eb	5	74983908	106891826	18484	-0.2431
12d2f969-2231-4bbc-81c1-34b3ae8f80eb	5	106893972	106897399	19	-2.1869
12d2f969-2231-4bbc-81c1-34b3ae8f80eb	5	106897416	140839137	21718	-0.2491
12d2f969-2231-4bbc-81c1-34b3ae8f80eb	5	140844251	140864171	12	-1.1502
12d2f969-2231-4bbc-81c1-34b3ae8f80eb	5	140872578	147306400	4170	-0.2383
12d2f969-2231-4bbc-81c1-34b3ae8f80eb	5	147306796	147400958	97	0.053
12d2f969-2231-4bbc-81c1-34b3ae8f80eb	5	147403025	147409419	9	-0.5517
12d2f969-2231-4bbc-81c1-34b3ae8f80eb	5	147411656	147522484	62	0.0277
12d2f969-2231-4bbc-81c1-34b3ae8f80eb	5	147527203	149688376	1483	-0.2543
12d2f969-2231-4bbc-81c1-34b3ae8f80eb	5	149693982	149739278	29	0.0156
12d2f969-2231-4bbc-81c1-34b3ae8f80eb	5	149744542	149753639	8	-0.485
12d2f969-2231-4bbc-81c1-34b3ae8f80eb	5	149754171	149819281	58	0.0263
12d2f969-2231-4bbc-81c1-34b3ae8f80eb	5	149820480	153754442	2716	0.2853
12d2f969-2231-4bbc-81c1-34b3ae8f80eb	5	153755521	153773080	17	-0.0394
12d2f969-2231-4bbc-81c1-34b3ae8f80eb	5	153773122	153782613	13	-0.3748
12d2f969-2231-4bbc-81c1-34b3ae8f80eb	5	153790814	153829112	25	0.0972
12d2f969-2231-4bbc-81c1-34b3ae8f80eb	5	153832659	154130036	192	-0.2225
12d2f969-2231-4bbc-81c1-34b3ae8f80eb	5	154134244	154394611	197	0.0104
12d2f969-2231-4bbc-81c1-34b3ae8f80eb	5	154394936	154395233	3	-0.9345
12d2f969-2231-4bbc-81c1-34b3ae8f80eb	5	154397658	154512202	81	-0.0214
12d2f969-2231-4bbc-81c1-34b3ae8f80eb	5	154514444	155943145	926	0.2831
12d2f969-2231-4bbc-81c1-34b3ae8f80eb	5	155943457	156131294	156	-0.0292
12d2f969-2231-4bbc-81c1-34b3ae8f80eb	5	156134455	156837021	486	-0.2468
12d2f969-2231-4bbc-81c1-34b3ae8f80eb	5	156838166	157666635	552	0.009
12d2f969-2231-4bbc-81c1-34b3ae8f80eb	5	157672097	157736806	45	0.2709
12d2f969-2231-4bbc-81c1-34b3ae8f80eb	5	157736901	157994612	179	0.1146
12d2f969-2231-4bbc-81c1-34b3ae8f80eb	5	157998131	158605438	459	0.2991
12d2f969-2231-4bbc-81c1-34b3ae8f80eb	5	158606062	171218435	8795	0.4942
12d2f969-2231-4bbc-81c1-34b3ae8f80eb	5	171220514	171555090	170	0.2728
12d2f969-2231-4bbc-81c1-34b3ae8f80eb	5	171555327	171709519	134	0.4617
12d2f969-2231-4bbc-81c1-34b3ae8f80eb	5	171709957	173497120	1235	0.2821
12d2f969-2231-4bbc-81c1-34b3ae8f80eb	5	173497488	173633079	141	-0.2597
12d2f969-2231-4bbc-81c1-34b3ae8f80eb	5	173637305	174990150	1081	0.2794
12d2f969-2231-4bbc-81c1-34b3ae8f80eb	5	174990641	175527460	457	0.6426
12d2f969-2231-4bbc-81c1-34b3ae8f80eb	5	175528569	176033084	272	0.2404
12d2f969-2231-4bbc-81c1-34b3ae8f80eb	5	176038686	176042504	2	-2.7759
12d2f969-2231-4bbc-81c1-34b3ae8f80eb	5	176043321	176697969	285	0.2603
12d2f969-2231-4bbc-81c1-34b3ae8f80eb	5	176702801	179639005	1486	0.0127
12d2f969-2231-4bbc-81c1-34b3ae8f80eb	5	179639934	181363319	936	0.2728
12d2f969-2231-4bbc-81c1-34b3ae8f80eb	6	149661	381149	202	0.0284
12d2f969-2231-4bbc-81c1-34b3ae8f80eb	6	382559	29881260	21414	0.1573
12d2f969-2231-4bbc-81c1-34b3ae8f80eb	6	29881324	29933799	23	-0.6224
12d2f969-2231-4bbc-81c1-34b3ae8f80eb	6	29940692	32515192	1160	0.1733
12d2f969-2231-4bbc-81c1-34b3ae8f80eb	6	32523527	32605994	22	0.8283
12d2f969-2231-4bbc-81c1-34b3ae8f80eb	6	32606237	32627306	16	0.0475
12d2f969-2231-4bbc-81c1-34b3ae8f80eb	6	32627455	32634492	4	-1.0764
12d2f969-2231-4bbc-81c1-34b3ae8f80eb	6	32636595	48261119	9978	0.1559
12d2f969-2231-4bbc-81c1-34b3ae8f80eb	6	48261806	55960697	4919	0.0538
12d2f969-2231-4bbc-81c1-34b3ae8f80eb	6	55961357	55978862	10	-1.0892
12d2f969-2231-4bbc-81c1-34b3ae8f80eb	6	55986080	66298393	4097	0.0633
12d2f969-2231-4bbc-81c1-34b3ae8f80eb	6	66299130	66338736	55	-0.4749
12d2f969-2231-4bbc-81c1-34b3ae8f80eb	6	66339513	72939688	4414	0.0635
12d2f969-2231-4bbc-81c1-34b3ae8f80eb	6	72939727	73882509	573	0.1741
12d2f969-2231-4bbc-81c1-34b3ae8f80eb	6	73882741	73891694	9	-2.5396
12d2f969-2231-4bbc-81c1-34b3ae8f80eb	6	73893839	80392608	4171	0.1803
12d2f969-2231-4bbc-81c1-34b3ae8f80eb	6	80392767	82696390	1524	0.0336
12d2f969-2231-4bbc-81c1-34b3ae8f80eb	6	82701889	91326196	5378	0.1635
12d2f969-2231-4bbc-81c1-34b3ae8f80eb	6	91327653	123292869	19327	-0.08
12d2f969-2231-4bbc-81c1-34b3ae8f80eb	6	123294328	123696093	257	0.0707
12d2f969-2231-4bbc-81c1-34b3ae8f80eb	6	123696368	124416585	528	-0.0964
12d2f969-2231-4bbc-81c1-34b3ae8f80eb	6	124416811	133074510	5561	0.1752
12d2f969-2231-4bbc-81c1-34b3ae8f80eb	6	133078008	140759777	5088	0.0484
12d2f969-2231-4bbc-81c1-34b3ae8f80eb	6	140760284	140982342	121	-0.2628
12d2f969-2231-4bbc-81c1-34b3ae8f80eb	6	140982583	161303550	13696	0.0437
12d2f969-2231-4bbc-81c1-34b3ae8f80eb	6	161306599	162317537	878	-0.0963
12d2f969-2231-4bbc-81c1-34b3ae8f80eb	6	162317566	163856323	1159	0.0345
12d2f969-2231-4bbc-81c1-34b3ae8f80eb	6	163856449	166574296	2116	-0.1031
12d2f969-2231-4bbc-81c1-34b3ae8f80eb	6	166574947	166932686	307	-0.4155
12d2f969-2231-4bbc-81c1-34b3ae8f80eb	6	166933806	168251327	635	-0.0854
12d2f969-2231-4bbc-81c1-34b3ae8f80eb	6	168253606	168744905	371	0.1886
12d2f969-2231-4bbc-81c1-34b3ae8f80eb	6	168746446	169117005	363	-0.1151
12d2f969-2231-4bbc-81c1-34b3ae8f80eb	6	169118009	170741917	905	-0.4333
12d2f969-2231-4bbc-81c1-34b3ae8f80eb	7	43355	65765	29	0.6927
12d2f969-2231-4bbc-81c1-34b3ae8f80eb	7	68316	21269486	15065	0.042
12d2f969-2231-4bbc-81c1-34b3ae8f80eb	7	21269669	21313180	46	0.123
12d2f969-2231-4bbc-81c1-34b3ae8f80eb	7	21315654	22395161	867	0.4653
12d2f969-2231-4bbc-81c1-34b3ae8f80eb	7	22395853	22396868	2	-1.6906
12d2f969-2231-4bbc-81c1-34b3ae8f80eb	7	22399135	27721150	3795	0.3684
12d2f969-2231-4bbc-81c1-34b3ae8f80eb	7	27722957	28091797	266	0.1588
12d2f969-2231-4bbc-81c1-34b3ae8f80eb	7	28091879	32006962	2924	0.371
12d2f969-2231-4bbc-81c1-34b3ae8f80eb	7	32008369	38271497	4308	0.2622
12d2f969-2231-4bbc-81c1-34b3ae8f80eb	7	38271765	38322471	99	0.5206
12d2f969-2231-4bbc-81c1-34b3ae8f80eb	7	38326911	38347842	13	0.2113
12d2f969-2231-4bbc-81c1-34b3ae8f80eb	7	38351764	38356875	4	-1.998
12d2f969-2231-4bbc-81c1-34b3ae8f80eb	7	38361356	54318812	10962	0.2728
12d2f969-2231-4bbc-81c1-34b3ae8f80eb	7	54318816	54318824	5	-2.5986
12d2f969-2231-4bbc-81c1-34b3ae8f80eb	7	54325795	56908389	1614	0.2654
12d2f969-2231-4bbc-81c1-34b3ae8f80eb	7	56997653	57016425	4	1.7162
12d2f969-2231-4bbc-81c1-34b3ae8f80eb	7	57048761	57477067	262	0.2948
12d2f969-2231-4bbc-81c1-34b3ae8f80eb	7	57477253	57596315	61	-0.0801
12d2f969-2231-4bbc-81c1-34b3ae8f80eb	7	57599561	62619744	156	0.1231
12d2f969-2231-4bbc-81c1-34b3ae8f80eb	7	62620363	75956466	5946	-0.1035
12d2f969-2231-4bbc-81c1-34b3ae8f80eb	7	75959048	82405847	4074	0.0614
12d2f969-2231-4bbc-81c1-34b3ae8f80eb	7	82409726	109797037	16251	-0.0958
12d2f969-2231-4bbc-81c1-34b3ae8f80eb	7	109797040	109797715	12	0.8837
12d2f969-2231-4bbc-81c1-34b3ae8f80eb	7	109797717	126405502	10025	-0.0836
12d2f969-2231-4bbc-81c1-34b3ae8f80eb	7	126405597	126406435	7	1.0764
12d2f969-2231-4bbc-81c1-34b3ae8f80eb	7	126406489	142070732	9918	-0.0976
12d2f969-2231-4bbc-81c1-34b3ae8f80eb	7	142070827	142087828	17	-1.1876
12d2f969-2231-4bbc-81c1-34b3ae8f80eb	7	142087846	144199159	1210	-0.0884
12d2f969-2231-4bbc-81c1-34b3ae8f80eb	7	144207186	144312471	11	-1.0929
12d2f969-2231-4bbc-81c1-34b3ae8f80eb	7	144326306	154601461	6394	-0.1038
12d2f969-2231-4bbc-81c1-34b3ae8f80eb	7	154604397	154607903	3	1.3967
12d2f969-2231-4bbc-81c1-34b3ae8f80eb	7	154609120	159334314	3232	-0.0945
12d2f969-2231-4bbc-81c1-34b3ae8f80eb	8	81254	208062	4	0.7363
12d2f969-2231-4bbc-81c1-34b3ae8f80eb	8	212672	643041	317	-0.4633
12d2f969-2231-4bbc-81c1-34b3ae8f80eb	8	644944	645908	10	1.2796
12d2f969-2231-4bbc-81c1-34b3ae8f80eb	8	656117	4645825	4226	-0.4314
12d2f969-2231-4bbc-81c1-34b3ae8f80eb	8	4647069	4647195	2	-4.5777
12d2f969-2231-4bbc-81c1-34b3ae8f80eb	8	4648392	25114672	16855	-0.4363
12d2f969-2231-4bbc-81c1-34b3ae8f80eb	8	25116928	25126818	27	0.2611
12d2f969-2231-4bbc-81c1-34b3ae8f80eb	8	25133589	32826507	5410	-0.44
12d2f969-2231-4bbc-81c1-34b3ae8f80eb	8	32828250	32830685	4	1.4197
12d2f969-2231-4bbc-81c1-34b3ae8f80eb	8	32830895	36209855	1862	-0.4254
12d2f969-2231-4bbc-81c1-34b3ae8f80eb	8	36211336	36219621	6	-1.7642
12d2f969-2231-4bbc-81c1-34b3ae8f80eb	8	36220823	37031043	444	-0.471
12d2f969-2231-4bbc-81c1-34b3ae8f80eb	8	37031270	37033507	2	-2.3807
12d2f969-2231-4bbc-81c1-34b3ae8f80eb	8	37034255	38441901	761	-0.4283
12d2f969-2231-4bbc-81c1-34b3ae8f80eb	8	38455274	38459420	12	0.313
12d2f969-2231-4bbc-81c1-34b3ae8f80eb	8	38459531	39389156	478	0.037
12d2f969-2231-4bbc-81c1-34b3ae8f80eb	8	39389592	39529446	57	-0.357
12d2f969-2231-4bbc-81c1-34b3ae8f80eb	8	39530780	43552731	2515	0.0334
12d2f969-2231-4bbc-81c1-34b3ae8f80eb	8	43554008	43565689	8	0.2206
12d2f969-2231-4bbc-81c1-34b3ae8f80eb	8	43566387	43851654	47	0.8017
12d2f969-2231-4bbc-81c1-34b3ae8f80eb	8	43862525	69295362	14076	0.2916
12d2f969-2231-4bbc-81c1-34b3ae8f80eb	8	69295681	69295711	2	-1.5815
12d2f969-2231-4bbc-81c1-34b3ae8f80eb	8	69296017	76987813	4874	0.2957
12d2f969-2231-4bbc-81c1-34b3ae8f80eb	8	76987840	77038833	28	-0.471
12d2f969-2231-4bbc-81c1-34b3ae8f80eb	8	77041555	100161958	13489	0.2962
12d2f969-2231-4bbc-81c1-34b3ae8f80eb	8	100162582	100166630	2	-1.649
12d2f969-2231-4bbc-81c1-34b3ae8f80eb	8	100168020	102980362	1864	0.2703
12d2f969-2231-4bbc-81c1-34b3ae8f80eb	8	102982683	102985207	3	-2.3426
12d2f969-2231-4bbc-81c1-34b3ae8f80eb	8	102986318	115722405	7528	0.3063
12d2f969-2231-4bbc-81c1-34b3ae8f80eb	8	115724598	141006974	18554	0.2748
12d2f969-2231-4bbc-81c1-34b3ae8f80eb	8	141009999	145072769	1774	0.321
12d2f969-2231-4bbc-81c1-34b3ae8f80eb	9	46587	602903	508	0.1407
12d2f969-2231-4bbc-81c1-34b3ae8f80eb	9	606699	606893	3	-1.598
12d2f969-2231-4bbc-81c1-34b3ae8f80eb	9	606961	8683163	7820	0.1692
12d2f969-2231-4bbc-81c1-34b3ae8f80eb	9	8685047	8902033	187	-0.4027
12d2f969-2231-4bbc-81c1-34b3ae8f80eb	9	8903357	9649179	659	0.159
12d2f969-2231-4bbc-81c1-34b3ae8f80eb	9	9649668	9740839	62	0.6908
12d2f969-2231-4bbc-81c1-34b3ae8f80eb	9	9740949	10639459	962	0.1662
12d2f969-2231-4bbc-81c1-34b3ae8f80eb	9	10639516	39342578	20864	0.0502
12d2f969-2231-4bbc-81c1-34b3ae8f80eb	9	39342828	41644288	122	-0.2126
12d2f969-2231-4bbc-81c1-34b3ae8f80eb	9	41644336	42752837	68	0.2336
12d2f969-2231-4bbc-81c1-34b3ae8f80eb	9	42756374	60889708	25	-0.5249
12d2f969-2231-4bbc-81c1-34b3ae8f80eb	9	60893611	61633080	39	0.5589
12d2f969-2231-4bbc-81c1-34b3ae8f80eb	9	61647899	67149991	155	-0.0489
12d2f969-2231-4bbc-81c1-34b3ae8f80eb	9	67168711	67720642	6	0.5435
12d2f969-2231-4bbc-81c1-34b3ae8f80eb	9	67759000	73690280	3881	-0.2452
12d2f969-2231-4bbc-81c1-34b3ae8f80eb	9	73692613	73693446	2	-2.6603
12d2f969-2231-4bbc-81c1-34b3ae8f80eb	9	73695335	137356366	43503	-0.2414
12d2f969-2231-4bbc-81c1-34b3ae8f80eb	9	137358233	137361381	7	1.1274
12d2f969-2231-4bbc-81c1-34b3ae8f80eb	9	137378551	138109553	351	-0.2576
12d2f969-2231-4bbc-81c1-34b3ae8f80eb	9	138110039	138200944	55	0.1137
12d2f969-2231-4bbc-81c1-34b3ae8f80eb	10	45792	24088747	19154	0.2763
12d2f969-2231-4bbc-81c1-34b3ae8f80eb	10	24088749	24090078	11	1.0356
12d2f969-2231-4bbc-81c1-34b3ae8f80eb	10	24090110	30957581	5006	0.2755
12d2f969-2231-4bbc-81c1-34b3ae8f80eb	10	30962405	30962850	11	-1.5686
12d2f969-2231-4bbc-81c1-34b3ae8f80eb	10	30962893	50062639	9157	0.2671
12d2f969-2231-4bbc-81c1-34b3ae8f80eb	10	50070600	50144008	6	-0.9166
12d2f969-2231-4bbc-81c1-34b3ae8f80eb	10	50150838	51335359	803	0.3118
12d2f969-2231-4bbc-81c1-34b3ae8f80eb	10	51338310	113444969	41651	0.0415
12d2f969-2231-4bbc-81c1-34b3ae8f80eb	10	113448998	113457106	8	-1.5546
12d2f969-2231-4bbc-81c1-34b3ae8f80eb	10	113459555	115422676	1320	0.0423
12d2f969-2231-4bbc-81c1-34b3ae8f80eb	10	115422768	116200248	589	-0.6324
12d2f969-2231-4bbc-81c1-34b3ae8f80eb	10	116201761	133654968	12756	0.033
12d2f969-2231-4bbc-81c1-34b3ae8f80eb	11	198510	4949137	2420	0.014
12d2f969-2231-4bbc-81c1-34b3ae8f80eb	11	4950775	4952633	15	-0.5898
12d2f969-2231-4bbc-81c1-34b3ae8f80eb	11	4952648	5768495	790	0.027
12d2f969-2231-4bbc-81c1-34b3ae8f80eb	11	5768511	5788108	29	-0.4592
12d2f969-2231-4bbc-81c1-34b3ae8f80eb	11	5788231	10009324	2930	0.0197
12d2f969-2231-4bbc-81c1-34b3ae8f80eb	11	10013847	10561349	362	0.6114
12d2f969-2231-4bbc-81c1-34b3ae8f80eb	11	10561619	12306666	1646	0.4565
12d2f969-2231-4bbc-81c1-34b3ae8f80eb	11	12306871	12315765	5	0.9238
12d2f969-2231-4bbc-81c1-34b3ae8f80eb	11	12315776	13870628	1196	1.448
12d2f969-2231-4bbc-81c1-34b3ae8f80eb	11	13870801	14535312	445	1.2311
12d2f969-2231-4bbc-81c1-34b3ae8f80eb	11	14540746	14658968	61	0.0493
12d2f969-2231-4bbc-81c1-34b3ae8f80eb	11	14659788	14960102	113	0.6662
12d2f969-2231-4bbc-81c1-34b3ae8f80eb	11	14960353	18919323	2629	0.2565
12d2f969-2231-4bbc-81c1-34b3ae8f80eb	11	18927525	18940469	46	1.1048
12d2f969-2231-4bbc-81c1-34b3ae8f80eb	11	18940586	19851943	825	0.2579
12d2f969-2231-4bbc-81c1-34b3ae8f80eb	11	19852873	26105292	4864	0.051
12d2f969-2231-4bbc-81c1-34b3ae8f80eb	11	26106673	27667069	1118	0.2782
12d2f969-2231-4bbc-81c1-34b3ae8f80eb	11	27673510	28041670	223	0.7049
12d2f969-2231-4bbc-81c1-34b3ae8f80eb	11	28044682	28115812	28	0.11
12d2f969-2231-4bbc-81c1-34b3ae8f80eb	11	28116406	29779331	985	0.3056
12d2f969-2231-4bbc-81c1-34b3ae8f80eb	11	29779346	38965185	6479	0.1628
12d2f969-2231-4bbc-81c1-34b3ae8f80eb	11	38965232	44169405	3558	0.0355
12d2f969-2231-4bbc-81c1-34b3ae8f80eb	11	44170665	50703640	3227	0.1449
12d2f969-2231-4bbc-81c1-34b3ae8f80eb	11	50710522	79840342	13364	0.0217
12d2f969-2231-4bbc-81c1-34b3ae8f80eb	11	79842444	108079857	19825	0.0585
12d2f969-2231-4bbc-81c1-34b3ae8f80eb	11	108081855	133194887	18006	0.0336
12d2f969-2231-4bbc-81c1-34b3ae8f80eb	11	133194948	133278993	78	0.2849
12d2f969-2231-4bbc-81c1-34b3ae8f80eb	11	133279005	135074876	1326	0.0602
12d2f969-2231-4bbc-81c1-34b3ae8f80eb	12	51460	248153	116	-0.0608
12d2f969-2231-4bbc-81c1-34b3ae8f80eb	12	248849	9282918	5963	-0.2555
12d2f969-2231-4bbc-81c1-34b3ae8f80eb	12	9282978	9582374	111	0.0345
12d2f969-2231-4bbc-81c1-34b3ae8f80eb	12	9583090	15631284	4329	-0.248
12d2f969-2231-4bbc-81c1-34b3ae8f80eb	12	15634959	27941988	8383	-0.0903
12d2f969-2231-4bbc-81c1-34b3ae8f80eb	12	27942560	27950527	12	-0.8472
12d2f969-2231-4bbc-81c1-34b3ae8f80eb	12	27950842	33148472	3809	-0.0902
12d2f969-2231-4bbc-81c1-34b3ae8f80eb	12	33148492	33150359	11	-3.404
12d2f969-2231-4bbc-81c1-34b3ae8f80eb	12	33150444	33154440	15	-1.2878
12d2f969-2231-4bbc-81c1-34b3ae8f80eb	12	33155426	55644809	11408	0.0417
12d2f969-2231-4bbc-81c1-34b3ae8f80eb	12	55645241	58952038	1878	0.1402
12d2f969-2231-4bbc-81c1-34b3ae8f80eb	12	58952835	59184815	179	0.3885
12d2f969-2231-4bbc-81c1-34b3ae8f80eb	12	59185087	63679447	2759	0.178
12d2f969-2231-4bbc-81c1-34b3ae8f80eb	12	63680161	73819709	6580	0.3638
12d2f969-2231-4bbc-81c1-34b3ae8f80eb	12	73819739	90097892	9936	0.2857
12d2f969-2231-4bbc-81c1-34b3ae8f80eb	12	90097910	90099920	11	-0.4262
12d2f969-2231-4bbc-81c1-34b3ae8f80eb	12	90099933	92861886	1889	0.2779
12d2f969-2231-4bbc-81c1-34b3ae8f80eb	12	92864439	93209905	181	0.4405
12d2f969-2231-4bbc-81c1-34b3ae8f80eb	12	93210608	107119148	9552	0.2727
12d2f969-2231-4bbc-81c1-34b3ae8f80eb	12	107119168	114199651	4405	0.2403
12d2f969-2231-4bbc-81c1-34b3ae8f80eb	12	114200043	114200104	2	-1.7947
12d2f969-2231-4bbc-81c1-34b3ae8f80eb	12	114201059	126314595	7856	0.2524
12d2f969-2231-4bbc-81c1-34b3ae8f80eb	12	126314613	131648066	4677	0.2757
12d2f969-2231-4bbc-81c1-34b3ae8f80eb	12	131648123	131648790	11	1.0394
12d2f969-2231-4bbc-81c1-34b3ae8f80eb	12	131657925	133201603	559	0.2754
12d2f969-2231-4bbc-81c1-34b3ae8f80eb	13	18452809	18652488	30	-0.0532
12d2f969-2231-4bbc-81c1-34b3ae8f80eb	13	18652580	19764461	599	-0.246
12d2f969-2231-4bbc-81c1-34b3ae8f80eb	13	19764952	19888485	50	0.146
12d2f969-2231-4bbc-81c1-34b3ae8f80eb	13	19891257	48957415	20790	-0.2418
12d2f969-2231-4bbc-81c1-34b3ae8f80eb	13	48959579	48962368	2	-2.3995
12d2f969-2231-4bbc-81c1-34b3ae8f80eb	13	48963569	52520664	1869	-0.2254
12d2f969-2231-4bbc-81c1-34b3ae8f80eb	13	52523849	52543744	4	-1.6648
12d2f969-2231-4bbc-81c1-34b3ae8f80eb	13	52556338	57175139	2605	-0.2318
12d2f969-2231-4bbc-81c1-34b3ae8f80eb	13	57175549	57200966	35	0.2805
12d2f969-2231-4bbc-81c1-34b3ae8f80eb	13	57201082	76932360	12685	-0.2302
12d2f969-2231-4bbc-81c1-34b3ae8f80eb	13	76932479	114342922	25262	-0.0793
12d2f969-2231-4bbc-81c1-34b3ae8f80eb	14	18239283	19280948	44	0.0447
12d2f969-2231-4bbc-81c1-34b3ae8f80eb	14	19289821	19298389	4	-1.4516
12d2f969-2231-4bbc-81c1-34b3ae8f80eb	14	19326853	19955213	119	0.3789
12d2f969-2231-4bbc-81c1-34b3ae8f80eb	14	19956767	21154785	849	-0.2467
12d2f969-2231-4bbc-81c1-34b3ae8f80eb	14	21155489	21155957	5	-2.1993
12d2f969-2231-4bbc-81c1-34b3ae8f80eb	14	21156038	21942429	517	-0.2483
12d2f969-2231-4bbc-81c1-34b3ae8f80eb	14	21942460	22700503	631	-0.0964
12d2f969-2231-4bbc-81c1-34b3ae8f80eb	14	22700963	26314697	2325	-0.2437
12d2f969-2231-4bbc-81c1-34b3ae8f80eb	14	26314707	26315707	7	1.5257
12d2f969-2231-4bbc-81c1-34b3ae8f80eb	14	26325898	43354625	10573	-0.2183
12d2f969-2231-4bbc-81c1-34b3ae8f80eb	14	43357439	43772115	196	0.4773
12d2f969-2231-4bbc-81c1-34b3ae8f80eb	14	43779976	47238133	1976	-0.2447
12d2f969-2231-4bbc-81c1-34b3ae8f80eb	14	47239083	47247080	6	-1.9042
12d2f969-2231-4bbc-81c1-34b3ae8f80eb	14	47247780	50985194	2194	-0.2161
12d2f969-2231-4bbc-81c1-34b3ae8f80eb	14	50985323	55371512	2978	-0.0895
12d2f969-2231-4bbc-81c1-34b3ae8f80eb	14	55374534	73529070	11707	-0.2306
12d2f969-2231-4bbc-81c1-34b3ae8f80eb	14	73534419	73563196	10	0.7259
12d2f969-2231-4bbc-81c1-34b3ae8f80eb	14	73563211	85828028	8146	-0.2479
12d2f969-2231-4bbc-81c1-34b3ae8f80eb	14	85828379	85845829	10	-1.0193
12d2f969-2231-4bbc-81c1-34b3ae8f80eb	14	85849791	90791530	3178	-0.236
12d2f969-2231-4bbc-81c1-34b3ae8f80eb	14	90792689	90793069	2	1.635
12d2f969-2231-4bbc-81c1-34b3ae8f80eb	14	90796815	105824880	9339	-0.2518
12d2f969-2231-4bbc-81c1-34b3ae8f80eb	14	105825418	105837115	7	0.698
12d2f969-2231-4bbc-81c1-34b3ae8f80eb	14	105847734	106416146	191	-0.2633
12d2f969-2231-4bbc-81c1-34b3ae8f80eb	14	106418444	106462183	49	-1.8938
12d2f969-2231-4bbc-81c1-34b3ae8f80eb	14	106462724	106877229	195	-0.2744
12d2f969-2231-4bbc-81c1-34b3ae8f80eb	15	19811075	22413894	209	-0.3047
12d2f969-2231-4bbc-81c1-34b3ae8f80eb	15	22455811	24795181	1206	-0.0848
12d2f969-2231-4bbc-81c1-34b3ae8f80eb	15	24798536	30231102	3407	-0.2349
12d2f969-2231-4bbc-81c1-34b3ae8f80eb	15	30252720	30608675	26	0.2381
12d2f969-2231-4bbc-81c1-34b3ae8f80eb	15	30621384	76599481	28954	-0.2463
12d2f969-2231-4bbc-81c1-34b3ae8f80eb	15	76599536	76603433	16	-0.8713
12d2f969-2231-4bbc-81c1-34b3ae8f80eb	15	76603434	101928837	17556	-0.2447
12d2f969-2231-4bbc-81c1-34b3ae8f80eb	16	10777	94536	47	-0.0216
12d2f969-2231-4bbc-81c1-34b3ae8f80eb	16	94596	6955333	4278	-0.2417
12d2f969-2231-4bbc-81c1-34b3ae8f80eb	16	6956009	11828862	4524	0.043
12d2f969-2231-4bbc-81c1-34b3ae8f80eb	16	11834061	13836818	1724	-0.2495
12d2f969-2231-4bbc-81c1-34b3ae8f80eb	16	13839884	15031584	566	0.0472
12d2f969-2231-4bbc-81c1-34b3ae8f80eb	16	15033033	16498856	594	-0.1998
12d2f969-2231-4bbc-81c1-34b3ae8f80eb	16	16534205	16606206	18	0.4304
12d2f969-2231-4bbc-81c1-34b3ae8f80eb	16	16614737	18149179	983	-0.2492
12d2f969-2231-4bbc-81c1-34b3ae8f80eb	16	18153433	18781388	39	0.2086
12d2f969-2231-4bbc-81c1-34b3ae8f80eb	16	18785267	22623729	1994	-0.2429
12d2f969-2231-4bbc-81c1-34b3ae8f80eb	16	22625929	22693199	41	-0.7428
12d2f969-2231-4bbc-81c1-34b3ae8f80eb	16	22699421	32896119	5151	-0.2388
12d2f969-2231-4bbc-81c1-34b3ae8f80eb	16	32904192	55762663	6924	-0.0908
12d2f969-2231-4bbc-81c1-34b3ae8f80eb	16	55762682	55764867	4	1.4501
12d2f969-2231-4bbc-81c1-34b3ae8f80eb	16	55770436	88337138	24123	-0.0931
12d2f969-2231-4bbc-81c1-34b3ae8f80eb	16	88341547	89136076	255	0.0801
12d2f969-2231-4bbc-81c1-34b3ae8f80eb	16	89148000	90096867	474	-0.0374
12d2f969-2231-4bbc-81c1-34b3ae8f80eb	17	150733	261100	60	0.1081
12d2f969-2231-4bbc-81c1-34b3ae8f80eb	17	261117	18452078	11306	-0.1054
12d2f969-2231-4bbc-81c1-34b3ae8f80eb	17	18455632	18565883	27	0.3852
12d2f969-2231-4bbc-81c1-34b3ae8f80eb	17	18571332	22337924	1318	-0.1084
12d2f969-2231-4bbc-81c1-34b3ae8f80eb	17	22339160	27139975	240	0.1994
12d2f969-2231-4bbc-81c1-34b3ae8f80eb	17	27141574	27659607	282	1.4611
12d2f969-2231-4bbc-81c1-34b3ae8f80eb	17	27661075	27797673	96	1.8475
12d2f969-2231-4bbc-81c1-34b3ae8f80eb	17	27801963	27867697	36	2.3574
12d2f969-2231-4bbc-81c1-34b3ae8f80eb	17	27867827	27987200	79	1.9248
12d2f969-2231-4bbc-81c1-34b3ae8f80eb	17	27990702	33795434	3081	-0.1108
12d2f969-2231-4bbc-81c1-34b3ae8f80eb	17	33796295	35015543	1042	0.3044
12d2f969-2231-4bbc-81c1-34b3ae8f80eb	17	35018771	37087425	1168	0.0398
12d2f969-2231-4bbc-81c1-34b3ae8f80eb	17	37087829	74300495	21790	0.2784
12d2f969-2231-4bbc-81c1-34b3ae8f80eb	17	74303078	74695492	239	0.4484
12d2f969-2231-4bbc-81c1-34b3ae8f80eb	17	74695789	80467712	3099	0.2686
12d2f969-2231-4bbc-81c1-34b3ae8f80eb	17	80469049	83091923	1086	0.0558
12d2f969-2231-4bbc-81c1-34b3ae8f80eb	18	48133	92133	8	-0.7525
12d2f969-2231-4bbc-81c1-34b3ae8f80eb	18	97829	2073352	1465	-0.0783
12d2f969-2231-4bbc-81c1-34b3ae8f80eb	18	2074156	2079539	2	-2.3975
12d2f969-2231-4bbc-81c1-34b3ae8f80eb	18	2079800	15354968	8896	-0.0838
12d2f969-2231-4bbc-81c1-34b3ae8f80eb	18	15358849	63975305	28391	-0.2429
12d2f969-2231-4bbc-81c1-34b3ae8f80eb	18	63977930	66060309	1421	-0.402
12d2f969-2231-4bbc-81c1-34b3ae8f80eb	18	66060363	66061104	10	-1.4731
12d2f969-2231-4bbc-81c1-34b3ae8f80eb	18	66065502	75788532	7318	-0.41
12d2f969-2231-4bbc-81c1-34b3ae8f80eb	18	75789251	77357090	1234	-0.2519
12d2f969-2231-4bbc-81c1-34b3ae8f80eb	18	77360922	77361319	3	-1.6736
12d2f969-2231-4bbc-81c1-34b3ae8f80eb	18	77364740	80257174	1844	-0.233
12d2f969-2231-4bbc-81c1-34b3ae8f80eb	19	90910	11669509	4532	0.0184
12d2f969-2231-4bbc-81c1-34b3ae8f80eb	19	11671699	22300620	5463	-0.1082
12d2f969-2231-4bbc-81c1-34b3ae8f80eb	19	22300704	27469081	1173	0.2594
12d2f969-2231-4bbc-81c1-34b3ae8f80eb	19	27469098	28936633	988	0.3893
12d2f969-2231-4bbc-81c1-34b3ae8f80eb	19	28941692	28994155	41	0.5261
12d2f969-2231-4bbc-81c1-34b3ae8f80eb	19	28994524	29266961	227	1.0203
12d2f969-2231-4bbc-81c1-34b3ae8f80eb	19	29267017	29267558	4	-0.1344
12d2f969-2231-4bbc-81c1-34b3ae8f80eb	19	29267694	29928923	529	0.9662
12d2f969-2231-4bbc-81c1-34b3ae8f80eb	19	29930499	31739376	1315	0.7191
12d2f969-2231-4bbc-81c1-34b3ae8f80eb	19	31739810	32043221	255	0.9577
12d2f969-2231-4bbc-81c1-34b3ae8f80eb	19	32047217	33674460	1016	1.1132
12d2f969-2231-4bbc-81c1-34b3ae8f80eb	19	33674570	33726701	51	0.9645
12d2f969-2231-4bbc-81c1-34b3ae8f80eb	19	33727260	35043604	842	1.2147
12d2f969-2231-4bbc-81c1-34b3ae8f80eb	19	35045460	35167825	77	1.0545
12d2f969-2231-4bbc-81c1-34b3ae8f80eb	19	35172871	35173140	6	-0.2892
12d2f969-2231-4bbc-81c1-34b3ae8f80eb	19	35175144	35358420	168	1.1573
12d2f969-2231-4bbc-81c1-34b3ae8f80eb	19	35364451	35370946	21	-1.1025
12d2f969-2231-4bbc-81c1-34b3ae8f80eb	19	35375842	40748786	2711	1.1587
12d2f969-2231-4bbc-81c1-34b3ae8f80eb	19	40751491	42184857	730	-0.2627
12d2f969-2231-4bbc-81c1-34b3ae8f80eb	19	42191863	42192546	2	-2.1775
12d2f969-2231-4bbc-81c1-34b3ae8f80eb	19	42196376	58586487	8927	-0.2476
12d2f969-2231-4bbc-81c1-34b3ae8f80eb	20	80664	80671	7	0.9983
12d2f969-2231-4bbc-81c1-34b3ae8f80eb	20	80907	96321	20	0.0402
12d2f969-2231-4bbc-81c1-34b3ae8f80eb	20	98825	697540	426	-0.2392
12d2f969-2231-4bbc-81c1-34b3ae8f80eb	20	706484	706609	2	1.3827
12d2f969-2231-4bbc-81c1-34b3ae8f80eb	20	706724	1576544	727	-0.2646
12d2f969-2231-4bbc-81c1-34b3ae8f80eb	20	1576573	1601561	56	0.2599
12d2f969-2231-4bbc-81c1-34b3ae8f80eb	20	1609611	6310668	3403	-0.2527
12d2f969-2231-4bbc-81c1-34b3ae8f80eb	20	6315710	7412092	919	0.1747
12d2f969-2231-4bbc-81c1-34b3ae8f80eb	20	7420339	7426090	2	-2.4521
12d2f969-2231-4bbc-81c1-34b3ae8f80eb	20	7426261	12649334	4094	0.1704
12d2f969-2231-4bbc-81c1-34b3ae8f80eb	20	12650073	12652207	6	-0.9258
12d2f969-2231-4bbc-81c1-34b3ae8f80eb	20	12652921	13729328	873	0.1686
12d2f969-2231-4bbc-81c1-34b3ae8f80eb	20	13738117	13807526	35	-0.3017
12d2f969-2231-4bbc-81c1-34b3ae8f80eb	20	13807980	17177240	2842	0.1681
12d2f969-2231-4bbc-81c1-34b3ae8f80eb	20	17178356	21987312	3606	0.3764
12d2f969-2231-4bbc-81c1-34b3ae8f80eb	20	21989127	23744891	1420	0.4691
12d2f969-2231-4bbc-81c1-34b3ae8f80eb	20	23746067	26217263	1495	0.3811
12d2f969-2231-4bbc-81c1-34b3ae8f80eb	20	26217295	38825235	4039	0.1419
12d2f969-2231-4bbc-81c1-34b3ae8f80eb	20	38825652	39359811	335	0.0087
12d2f969-2231-4bbc-81c1-34b3ae8f80eb	20	39360028	45708247	4611	0.1475
12d2f969-2231-4bbc-81c1-34b3ae8f80eb	20	45713700	50966565	3629	0.0122
12d2f969-2231-4bbc-81c1-34b3ae8f80eb	20	50968895	54916088	3082	0.1588
12d2f969-2231-4bbc-81c1-34b3ae8f80eb	20	54921672	55488105	442	0.2975
12d2f969-2231-4bbc-81c1-34b3ae8f80eb	20	55489802	57141291	1384	0.161
12d2f969-2231-4bbc-81c1-34b3ae8f80eb	20	57141327	58359390	922	0.1127
12d2f969-2231-4bbc-81c1-34b3ae8f80eb	20	58361691	58903752	411	0.0051
12d2f969-2231-4bbc-81c1-34b3ae8f80eb	20	58904078	60543786	1339	0.1233
12d2f969-2231-4bbc-81c1-34b3ae8f80eb	20	60547635	62572896	1469	0.1553
12d2f969-2231-4bbc-81c1-34b3ae8f80eb	20	62573201	64324800	717	0.2792
12d2f969-2231-4bbc-81c1-34b3ae8f80eb	21	10354168	10775586	86	-0.815
12d2f969-2231-4bbc-81c1-34b3ae8f80eb	21	12973348	22278814	6195	-0.082
12d2f969-2231-4bbc-81c1-34b3ae8f80eb	21	22283580	22301563	12	-1.3483
12d2f969-2231-4bbc-81c1-34b3ae8f80eb	21	22301584	23952620	1294	-0.0962
12d2f969-2231-4bbc-81c1-34b3ae8f80eb	21	23955906	24710034	599	-0.4131
12d2f969-2231-4bbc-81c1-34b3ae8f80eb	21	24713146	24775459	73	-0.1021
12d2f969-2231-4bbc-81c1-34b3ae8f80eb	21	24775605	24860254	83	0.1045
12d2f969-2231-4bbc-81c1-34b3ae8f80eb	21	24864713	25425777	345	-0.1132
12d2f969-2231-4bbc-81c1-34b3ae8f80eb	21	25430869	26945816	1187	-0.445
12d2f969-2231-4bbc-81c1-34b3ae8f80eb	21	26948973	27511483	500	0.195
12d2f969-2231-4bbc-81c1-34b3ae8f80eb	21	27513596	28888913	976	-0.4023
12d2f969-2231-4bbc-81c1-34b3ae8f80eb	21	28889370	28905829	29	0.2224
12d2f969-2231-4bbc-81c1-34b3ae8f80eb	21	28906565	31867735	2004	-0.4345
12d2f969-2231-4bbc-81c1-34b3ae8f80eb	21	31879236	44603796	9193	0.0228
12d2f969-2231-4bbc-81c1-34b3ae8f80eb	21	44603809	44730401	90	-0.4471
12d2f969-2231-4bbc-81c1-34b3ae8f80eb	21	44730480	46677045	1127	0.0306
12d2f969-2231-4bbc-81c1-34b3ae8f80eb	22	15294547	16917910	228	0.204
12d2f969-2231-4bbc-81c1-34b3ae8f80eb	22	16917922	17014661	73	0.2981
12d2f969-2231-4bbc-81c1-34b3ae8f80eb	22	17018144	17018618	2	2.6238
12d2f969-2231-4bbc-81c1-34b3ae8f80eb	22	17019000	23467878	3778	0.3035
12d2f969-2231-4bbc-81c1-34b3ae8f80eb	22	23472602	50796027	19160	0.1593
12d2f969-2231-4bbc-81c1-34b3ae8f80eb	X	251810	8589983	4489	0.2242
12d2f969-2231-4bbc-81c1-34b3ae8f80eb	X	8590058	36546782	18200	0.2633
12d2f969-2231-4bbc-81c1-34b3ae8f80eb	X	36547295	36589377	34	0.7752
12d2f969-2231-4bbc-81c1-34b3ae8f80eb	X	36591713	62786523	10595	0.2557
12d2f969-2231-4bbc-81c1-34b3ae8f80eb	X	62786877	66385013	1424	0.1364
12d2f969-2231-4bbc-81c1-34b3ae8f80eb	X	66385184	145468224	42438	-0.2175
12d2f969-2231-4bbc-81c1-34b3ae8f80eb	X	145469626	147277033	1328	0.1208
12d2f969-2231-4bbc-81c1-34b3ae8f80eb	X	147279480	147280837	4	-1.487
12d2f969-2231-4bbc-81c1-34b3ae8f80eb	X	147282109	148154939	626	0.1322
12d2f969-2231-4bbc-81c1-34b3ae8f80eb	X	148156415	148947765	543	0.2397
12d2f969-2231-4bbc-81c1-34b3ae8f80eb	X	148948239	155952689	3663	0.0926
12d2f969-2231-4bbc-81c1-34b3ae8f80eb	Y	2782397	56872112	6639	-2.5068
