GDC_Aliquot	Chromosome	Start	End	Num_Probes	Segment_Mean
f1399f53-f077-491c-8691-f70f1d8f294a	1	62920	98588	12	-0.6635
f1399f53-f077-491c-8691-f70f1d8f294a	1	98602	108187137	65494	-0.0012
f1399f53-f077-491c-8691-f70f1d8f294a	1	108191613	108194874	3	-2.7279
f1399f53-f077-491c-8691-f70f1d8f294a	1	108196482	110833598	1542	0.0009
f1399f53-f077-491c-8691-f70f1d8f294a	1	110834746	110849445	40	-0.5652
f1399f53-f077-491c-8691-f70f1d8f294a	1	110850675	152787202	8860	0.0034
f1399f53-f077-491c-8691-f70f1d8f294a	1	152789447	152796224	37	0.4463
f1399f53-f077-491c-8691-f70f1d8f294a	1	152801429	169247699	11227	-0.0011
f1399f53-f077-491c-8691-f70f1d8f294a	1	169264736	169272528	7	-2.0435
f1399f53-f077-491c-8691-f70f1d8f294a	1	169273163	174827267	3505	0.008
f1399f53-f077-491c-8691-f70f1d8f294a	1	174827418	174832716	17	-0.6376
f1399f53-f077-491c-8691-f70f1d8f294a	1	174832734	196745743	14569	0.0025
f1399f53-f077-491c-8691-f70f1d8f294a	1	196758720	196832525	57	0.3057
f1399f53-f077-491c-8691-f70f1d8f294a	1	196832720	248429940	35471	-0.0009
f1399f53-f077-491c-8691-f70f1d8f294a	1	248436996	248473963	14	0.6129
f1399f53-f077-491c-8691-f70f1d8f294a	1	248475325	248546369	14	0.061
f1399f53-f077-491c-8691-f70f1d8f294a	1	248550567	248633912	35	-1.8553
f1399f53-f077-491c-8691-f70f1d8f294a	1	248645563	248930189	141	0.0305
f1399f53-f077-491c-8691-f70f1d8f294a	2	12784	34295406	23904	-0.0006
f1399f53-f077-491c-8691-f70f1d8f294a	2	34298911	34300513	2	-1.8358
f1399f53-f077-491c-8691-f70f1d8f294a	2	34300900	34466002	95	0.0317
f1399f53-f077-491c-8691-f70f1d8f294a	2	34474248	34511990	46	0.5877
f1399f53-f077-491c-8691-f70f1d8f294a	2	34512096	52527330	12955	-0.0005
f1399f53-f077-491c-8691-f70f1d8f294a	2	52527342	52554404	39	0.4998
f1399f53-f077-491c-8691-f70f1d8f294a	2	52560811	97359885	23769	0.0014
f1399f53-f077-491c-8691-f70f1d8f294a	2	97524284	97545726	9	-0.8969
f1399f53-f077-491c-8691-f70f1d8f294a	2	97550415	188254196	54936	0.0027
f1399f53-f077-491c-8691-f70f1d8f294a	2	188255201	188262203	4	-1.7057
f1399f53-f077-491c-8691-f70f1d8f294a	2	188264331	206121201	10362	0.0023
f1399f53-f077-491c-8691-f70f1d8f294a	2	206123593	206125868	4	1.2544
f1399f53-f077-491c-8691-f70f1d8f294a	2	206126260	207490994	834	0.0105
f1399f53-f077-491c-8691-f70f1d8f294a	2	207491028	207494425	11	-0.6878
f1399f53-f077-491c-8691-f70f1d8f294a	2	207494612	209881131	1476	0.0061
f1399f53-f077-491c-8691-f70f1d8f294a	2	209881194	209884306	2	-1.6081
f1399f53-f077-491c-8691-f70f1d8f294a	2	209886980	242147305	20533	0.0061
f1399f53-f077-491c-8691-f70f1d8f294a	3	20930	563185	500	-0.0164
f1399f53-f077-491c-8691-f70f1d8f294a	3	563690	564371	2	-1.4996
f1399f53-f077-491c-8691-f70f1d8f294a	3	567883	7557539	6121	0.0073
f1399f53-f077-491c-8691-f70f1d8f294a	3	7557940	7559005	2	-1.6663
f1399f53-f077-491c-8691-f70f1d8f294a	3	7559352	28768295	14724	0.0019
f1399f53-f077-491c-8691-f70f1d8f294a	3	28768950	28774591	6	-0.9208
f1399f53-f077-491c-8691-f70f1d8f294a	3	28774617	75445277	31142	0.0009
f1399f53-f077-491c-8691-f70f1d8f294a	3	75447882	75559488	38	0.2901
f1399f53-f077-491c-8691-f70f1d8f294a	3	75564023	99218940	10924	-0.0027
f1399f53-f077-491c-8691-f70f1d8f294a	3	99225614	99230464	36	-1.9895
f1399f53-f077-491c-8691-f70f1d8f294a	3	99230470	130044016	18639	-0.0015
f1399f53-f077-491c-8691-f70f1d8f294a	3	130044855	130088081	39	0.5238
f1399f53-f077-491c-8691-f70f1d8f294a	3	130088155	143566923	8337	-0.0009
f1399f53-f077-491c-8691-f70f1d8f294a	3	143566958	143567132	4	1.3482
f1399f53-f077-491c-8691-f70f1d8f294a	3	143567959	162794951	11850	0.0009
f1399f53-f077-491c-8691-f70f1d8f294a	3	162795304	162908192	67	-1.3292
f1399f53-f077-491c-8691-f70f1d8f294a	3	162908207	189315776	16353	0
f1399f53-f077-491c-8691-f70f1d8f294a	3	189317669	189332056	18	-1.004
f1399f53-f077-491c-8691-f70f1d8f294a	3	189332806	189642965	246	0.023
f1399f53-f077-491c-8691-f70f1d8f294a	3	189645889	189653225	12	-0.6939
f1399f53-f077-491c-8691-f70f1d8f294a	3	189654562	198169247	5185	0.0048
f1399f53-f077-491c-8691-f70f1d8f294a	4	68929	10208766	5682	-0.0047
f1399f53-f077-491c-8691-f70f1d8f294a	4	10221792	10233644	35	-1.4934
f1399f53-f077-491c-8691-f70f1d8f294a	4	10234518	68472846	36338	0.0015
f1399f53-f077-491c-8691-f70f1d8f294a	4	68478894	68620261	69	0.4334
f1399f53-f077-491c-8691-f70f1d8f294a	4	68623617	87745309	11711	0.0069
f1399f53-f077-491c-8691-f70f1d8f294a	4	87746645	87751588	29	-0.798
f1399f53-f077-491c-8691-f70f1d8f294a	4	87753637	114252500	15840	0.0034
f1399f53-f077-491c-8691-f70f1d8f294a	4	114252544	114263073	25	0.5485
f1399f53-f077-491c-8691-f70f1d8f294a	4	114263096	124538250	6066	0.0075
f1399f53-f077-491c-8691-f70f1d8f294a	4	124539196	124541780	3	-1.2181
f1399f53-f077-491c-8691-f70f1d8f294a	4	124541870	126459182	1223	0.0087
f1399f53-f077-491c-8691-f70f1d8f294a	4	126462231	126467900	2	-2.1459
f1399f53-f077-491c-8691-f70f1d8f294a	4	126468395	137171085	5881	0.0048
f1399f53-f077-491c-8691-f70f1d8f294a	4	137171266	137187209	17	-0.6512
f1399f53-f077-491c-8691-f70f1d8f294a	4	137187333	171448195	21302	0.0022
f1399f53-f077-491c-8691-f70f1d8f294a	4	171453733	171456573	11	1.1831
f1399f53-f077-491c-8691-f70f1d8f294a	4	171456625	172066777	396	0.0034
f1399f53-f077-491c-8691-f70f1d8f294a	4	172067997	172074828	13	-1.1784
f1399f53-f077-491c-8691-f70f1d8f294a	4	172075742	190106768	12016	0.0046
f1399f53-f077-491c-8691-f70f1d8f294a	5	15532	722090	313	-0.0206
f1399f53-f077-491c-8691-f70f1d8f294a	5	722281	773453	19	-0.4076
f1399f53-f077-491c-8691-f70f1d8f294a	5	779766	7169363	5375	0.0034
f1399f53-f077-491c-8691-f70f1d8f294a	5	7177225	7189812	26	-0.9489
f1399f53-f077-491c-8691-f70f1d8f294a	5	7202522	181363319	106673	0.0023
f1399f53-f077-491c-8691-f70f1d8f294a	6	149661	29869410	21581	0.0042
f1399f53-f077-491c-8691-f70f1d8f294a	6	29869411	29906865	21	-0.643
f1399f53-f077-491c-8691-f70f1d8f294a	6	29906932	32507164	1168	-0.0179
f1399f53-f077-491c-8691-f70f1d8f294a	6	32510338	32686863	57	-0.4438
f1399f53-f077-491c-8691-f70f1d8f294a	6	32689659	39099091	3981	-0.0057
f1399f53-f077-491c-8691-f70f1d8f294a	6	39101136	39104258	7	-0.9903
f1399f53-f077-491c-8691-f70f1d8f294a	6	39115512	46296010	4650	-0.0002
f1399f53-f077-491c-8691-f70f1d8f294a	6	46298440	46299309	2	-2.9885
f1399f53-f077-491c-8691-f70f1d8f294a	6	46300865	56416523	6527	0.0079
f1399f53-f077-491c-8691-f70f1d8f294a	6	56416990	56417804	2	-1.57
f1399f53-f077-491c-8691-f70f1d8f294a	6	56418473	76726815	10612	0.0081
f1399f53-f077-491c-8691-f70f1d8f294a	6	76730151	76742665	15	-3.1346
f1399f53-f077-491c-8691-f70f1d8f294a	6	76742675	76743040	6	-1.1146
f1399f53-f077-491c-8691-f70f1d8f294a	6	76751356	78253172	973	0.0289
f1399f53-f077-491c-8691-f70f1d8f294a	6	78259348	78322600	107	-0.5207
f1399f53-f077-491c-8691-f70f1d8f294a	6	78322875	80574999	1430	0.0001
f1399f53-f077-491c-8691-f70f1d8f294a	6	80575042	80584624	29	-0.7024
f1399f53-f077-491c-8691-f70f1d8f294a	6	80584682	133945130	32984	0.0072
f1399f53-f077-491c-8691-f70f1d8f294a	6	133947933	133948494	2	-1.7337
f1399f53-f077-491c-8691-f70f1d8f294a	6	133950934	170741917	25001	0.0037
f1399f53-f077-491c-8691-f70f1d8f294a	7	43355	13547787	8815	-0.0015
f1399f53-f077-491c-8691-f70f1d8f294a	7	13550519	13551572	7	-1.1109
f1399f53-f077-491c-8691-f70f1d8f294a	7	13551859	97766148	51249	0.0028
f1399f53-f077-491c-8691-f70f1d8f294a	7	97766150	97775016	18	-0.5025
f1399f53-f077-491c-8691-f70f1d8f294a	7	97775030	126405502	16588	-0.0025
f1399f53-f077-491c-8691-f70f1d8f294a	7	126405597	126406561	10	-0.9834
f1399f53-f077-491c-8691-f70f1d8f294a	7	126406822	134093899	4689	0.0049
f1399f53-f077-491c-8691-f70f1d8f294a	7	134100424	134110881	26	0.5353
f1399f53-f077-491c-8691-f70f1d8f294a	7	134110912	144295437	6424	-0.0014
f1399f53-f077-491c-8691-f70f1d8f294a	7	144306653	144336758	4	-1.2195
f1399f53-f077-491c-8691-f70f1d8f294a	7	144343967	154601461	6396	0.0071
f1399f53-f077-491c-8691-f70f1d8f294a	7	154604397	154607903	3	-1.9361
f1399f53-f077-491c-8691-f70f1d8f294a	7	154609120	159334314	3226	0.0112
f1399f53-f077-491c-8691-f70f1d8f294a	8	81254	1418902	893	-0.0119
f1399f53-f077-491c-8691-f70f1d8f294a	8	1419196	1419436	2	-2.1862
f1399f53-f077-491c-8691-f70f1d8f294a	8	1419522	7357323	6808	0.0049
f1399f53-f077-491c-8691-f70f1d8f294a	8	7357997	7514723	30	0.4524
f1399f53-f077-491c-8691-f70f1d8f294a	8	7534105	16402103	6798	-0.0038
f1399f53-f077-491c-8691-f70f1d8f294a	8	16404726	16417152	28	-0.5752
f1399f53-f077-491c-8691-f70f1d8f294a	8	16421186	25117062	6841	0.0002
f1399f53-f077-491c-8691-f70f1d8f294a	8	25117985	25126818	23	0.6675
f1399f53-f077-491c-8691-f70f1d8f294a	8	25133589	39389156	8974	0.0036
f1399f53-f077-491c-8691-f70f1d8f294a	8	39389592	39530780	57	0.8962
f1399f53-f077-491c-8691-f70f1d8f294a	8	39531260	111282237	41855	0.0049
f1399f53-f077-491c-8691-f70f1d8f294a	8	111282441	111283031	6	-1.5638
f1399f53-f077-491c-8691-f70f1d8f294a	8	111288052	120027326	5517	0.0052
f1399f53-f077-491c-8691-f70f1d8f294a	8	120029835	120032988	7	-1.0165
f1399f53-f077-491c-8691-f70f1d8f294a	8	120034374	145072769	17308	0.0011
f1399f53-f077-491c-8691-f70f1d8f294a	9	46587	1446459	1456	-0.0282
f1399f53-f077-491c-8691-f70f1d8f294a	9	1446987	1450320	12	-1.0634
f1399f53-f077-491c-8691-f70f1d8f294a	9	1453039	6695502	4881	0.001
f1399f53-f077-491c-8691-f70f1d8f294a	9	6695986	6707519	7	-0.8171
f1399f53-f077-491c-8691-f70f1d8f294a	9	6708357	6770534	34	0.0331
f1399f53-f077-491c-8691-f70f1d8f294a	9	6770741	6770744	2	-1.6324
f1399f53-f077-491c-8691-f70f1d8f294a	9	6771267	29091099	18263	0.0026
f1399f53-f077-491c-8691-f70f1d8f294a	9	29094551	29097682	3	-2.91
f1399f53-f077-491c-8691-f70f1d8f294a	9	29101434	41741113	6493	0.0038
f1399f53-f077-491c-8691-f70f1d8f294a	9	42014203	42230926	24	-0.6471
f1399f53-f077-491c-8691-f70f1d8f294a	9	42259927	42302678	8	0.0903
f1399f53-f077-491c-8691-f70f1d8f294a	9	42308537	42546668	4	-1.0702
f1399f53-f077-491c-8691-f70f1d8f294a	9	42566207	61405110	57	0.0816
f1399f53-f077-491c-8691-f70f1d8f294a	9	61520021	61629689	28	0.6848
f1399f53-f077-491c-8691-f70f1d8f294a	9	61633080	138200944	47949	-0.0007
f1399f53-f077-491c-8691-f70f1d8f294a	10	45792	51443026	34180	0.0014
f1399f53-f077-491c-8691-f70f1d8f294a	10	51445316	51451689	7	-0.9003
f1399f53-f077-491c-8691-f70f1d8f294a	10	51457463	55312545	2959	-0.0007
f1399f53-f077-491c-8691-f70f1d8f294a	10	55313771	55316065	2	-1.7007
f1399f53-f077-491c-8691-f70f1d8f294a	10	55316080	55420393	68	0.0203
f1399f53-f077-491c-8691-f70f1d8f294a	10	55420481	55420557	3	-1.4529
f1399f53-f077-491c-8691-f70f1d8f294a	10	55420561	65546518	7042	0.0021
f1399f53-f077-491c-8691-f70f1d8f294a	10	65548165	65554688	28	-1.6522
f1399f53-f077-491c-8691-f70f1d8f294a	10	65563037	122584593	38190	0.0025
f1399f53-f077-491c-8691-f70f1d8f294a	10	122584707	122591497	5	-1.0557
f1399f53-f077-491c-8691-f70f1d8f294a	10	122597296	133654968	7882	0.0018
f1399f53-f077-491c-8691-f70f1d8f294a	11	198510	4949013	2410	-0.0051
f1399f53-f077-491c-8691-f70f1d8f294a	11	4949047	4955042	28	-1.5758
f1399f53-f077-491c-8691-f70f1d8f294a	11	4955781	5403631	383	0.0046
f1399f53-f077-491c-8691-f70f1d8f294a	11	5407620	5407718	2	-1.1245
f1399f53-f077-491c-8691-f70f1d8f294a	11	5407845	5766175	395	-0.0098
f1399f53-f077-491c-8691-f70f1d8f294a	11	5766850	5787909	32	-0.5477
f1399f53-f077-491c-8691-f70f1d8f294a	11	5788108	18919323	9375	-0.0054
f1399f53-f077-491c-8691-f70f1d8f294a	11	18927525	18940586	47	0.5201
f1399f53-f077-491c-8691-f70f1d8f294a	11	18949158	55167778	21458	0.0019
f1399f53-f077-491c-8691-f70f1d8f294a	11	55168113	55214735	9	-0.8074
f1399f53-f077-491c-8691-f70f1d8f294a	11	55241999	55608804	208	0.0038
f1399f53-f077-491c-8691-f70f1d8f294a	11	55609022	55670243	37	0.4049
f1399f53-f077-491c-8691-f70f1d8f294a	11	55671856	80256469	13241	0.0035
f1399f53-f077-491c-8691-f70f1d8f294a	11	80256504	80256520	2	-2.7819
f1399f53-f077-491c-8691-f70f1d8f294a	11	80256642	101723653	15222	0.0017
f1399f53-f077-491c-8691-f70f1d8f294a	11	101727129	101727233	4	1.2807
f1399f53-f077-491c-8691-f70f1d8f294a	11	101727481	135074876	23635	0.0009
f1399f53-f077-491c-8691-f70f1d8f294a	12	51460	9481274	6161	0.0012
f1399f53-f077-491c-8691-f70f1d8f294a	12	9485313	9575696	23	-1.1231
f1399f53-f077-491c-8691-f70f1d8f294a	12	9582373	11359558	1178	-0.0037
f1399f53-f077-491c-8691-f70f1d8f294a	12	11359597	11388095	26	0.5208
f1399f53-f077-491c-8691-f70f1d8f294a	12	11390452	30086978	13064	0.0013
f1399f53-f077-491c-8691-f70f1d8f294a	12	30087113	30091052	22	-0.6149
f1399f53-f077-491c-8691-f70f1d8f294a	12	30091101	31108764	863	-0.0007
f1399f53-f077-491c-8691-f70f1d8f294a	12	31112123	31254189	89	0.5108
f1399f53-f077-491c-8691-f70f1d8f294a	12	31256945	33141726	1295	0.0038
f1399f53-f077-491c-8691-f70f1d8f294a	12	33148472	33154440	27	-2.29
f1399f53-f077-491c-8691-f70f1d8f294a	12	33155426	33618314	322	-0.0251
f1399f53-f077-491c-8691-f70f1d8f294a	12	33620018	33621292	6	-1.2189
f1399f53-f077-491c-8691-f70f1d8f294a	12	33627156	45510655	5241	-0.0013
f1399f53-f077-491c-8691-f70f1d8f294a	12	45512057	45515754	3	-2.5001
f1399f53-f077-491c-8691-f70f1d8f294a	12	45519509	99398036	33552	-0.0008
f1399f53-f077-491c-8691-f70f1d8f294a	12	99401515	99404956	31	-0.4773
f1399f53-f077-491c-8691-f70f1d8f294a	12	99409315	133201603	22651	0.0037
f1399f53-f077-491c-8691-f70f1d8f294a	13	18452809	52520664	23303	0.0009
f1399f53-f077-491c-8691-f70f1d8f294a	13	52523849	52531650	3	-1.3965
f1399f53-f077-491c-8691-f70f1d8f294a	13	52543744	114342922	40535	-0.0004
f1399f53-f077-491c-8691-f70f1d8f294a	14	18239283	18646056	16	0.0036
f1399f53-f077-491c-8691-f70f1d8f294a	14	18656322	19110634	17	0.5329
f1399f53-f077-491c-8691-f70f1d8f294a	14	19134873	19754411	44	-0.1213
f1399f53-f077-491c-8691-f70f1d8f294a	14	19755844	19955213	90	-0.4555
f1399f53-f077-491c-8691-f70f1d8f294a	14	19956767	106877229	55045	0.0013
f1399f53-f077-491c-8691-f70f1d8f294a	15	19811075	23809640	815	0.0142
f1399f53-f077-491c-8691-f70f1d8f294a	15	23810290	23814160	20	-0.8884
f1399f53-f077-491c-8691-f70f1d8f294a	15	23820546	30269364	4000	0.0001
f1399f53-f077-491c-8691-f70f1d8f294a	15	30281107	30515739	19	-0.5274
f1399f53-f077-491c-8691-f70f1d8f294a	15	30595753	76599170	28951	-0.0036
f1399f53-f077-491c-8691-f70f1d8f294a	15	76599286	76603434	20	-1.7093
f1399f53-f077-491c-8691-f70f1d8f294a	15	76609838	101928837	17551	-0.0011
f1399f53-f077-491c-8691-f70f1d8f294a	16	10777	18335528	12749	-0.005
f1399f53-f077-491c-8691-f70f1d8f294a	16	18540265	18545889	3	1.6085
f1399f53-f077-491c-8691-f70f1d8f294a	16	18583078	78337711	28382	0.0016
f1399f53-f077-491c-8691-f70f1d8f294a	16	78338543	78350841	16	-1.6332
f1399f53-f077-491c-8691-f70f1d8f294a	16	78350868	85707102	7635	-0.0071
f1399f53-f077-491c-8691-f70f1d8f294a	16	85707144	85709458	3	-1.5327
f1399f53-f077-491c-8691-f70f1d8f294a	16	85712696	90096867	2936	-0.0029
f1399f53-f077-491c-8691-f70f1d8f294a	17	150733	18455632	11367	0.0031
f1399f53-f077-491c-8691-f70f1d8f294a	17	18455635	18550123	23	-1.2606
f1399f53-f077-491c-8691-f70f1d8f294a	17	18561272	36109315	6824	0.0012
f1399f53-f077-491c-8691-f70f1d8f294a	17	36109735	36208249	37	0.7565
f1399f53-f077-491c-8691-f70f1d8f294a	17	36460442	46074420	5027	-0.0026
f1399f53-f077-491c-8691-f70f1d8f294a	17	46076156	46286804	133	-0.2694
f1399f53-f077-491c-8691-f70f1d8f294a	17	46323701	83091923	21515	-0.0007
f1399f53-f077-491c-8691-f70f1d8f294a	18	48133	35734388	19410	0.0004
f1399f53-f077-491c-8691-f70f1d8f294a	18	35734460	35734989	2	-1.9433
f1399f53-f077-491c-8691-f70f1d8f294a	18	35738525	59544227	16109	0.0013
f1399f53-f077-491c-8691-f70f1d8f294a	18	59547410	59549167	3	-1.2313
f1399f53-f077-491c-8691-f70f1d8f294a	18	59551608	66054343	4600	-0.0049
f1399f53-f077-491c-8691-f70f1d8f294a	18	66060256	66061104	12	-1.0788
f1399f53-f077-491c-8691-f70f1d8f294a	18	66065502	66239629	147	-0.0141
f1399f53-f077-491c-8691-f70f1d8f294a	18	66240197	66244352	10	-0.7858
f1399f53-f077-491c-8691-f70f1d8f294a	18	66244639	80257174	10227	0.0003
f1399f53-f077-491c-8691-f70f1d8f294a	19	90910	43193181	20556	0.001
f1399f53-f077-491c-8691-f70f1d8f294a	19	43198881	43252085	22	-0.6941
f1399f53-f077-491c-8691-f70f1d8f294a	19	43262507	55771003	6642	0.0032
f1399f53-f077-491c-8691-f70f1d8f294a	19	55771169	55771701	3	-1.3371
f1399f53-f077-491c-8691-f70f1d8f294a	19	55774927	58586487	1833	0.0034
f1399f53-f077-491c-8691-f70f1d8f294a	20	80664	1571811	1180	0.0029
f1399f53-f077-491c-8691-f70f1d8f294a	20	1576544	1581021	23	-0.7303
f1399f53-f077-491c-8691-f70f1d8f294a	20	1586808	1601561	34	-0.2177
f1399f53-f077-491c-8691-f70f1d8f294a	20	1609611	1617690	8	1.02
f1399f53-f077-491c-8691-f70f1d8f294a	20	1618356	24574894	17816	0.005
f1399f53-f077-491c-8691-f70f1d8f294a	20	24577228	24577338	3	-1.6003
f1399f53-f077-491c-8691-f70f1d8f294a	20	24577496	51454587	13808	0.0006
f1399f53-f077-491c-8691-f70f1d8f294a	20	51458429	51460049	2	1.9733
f1399f53-f077-491c-8691-f70f1d8f294a	20	51460204	64324800	9372	-0.0002
f1399f53-f077-491c-8691-f70f1d8f294a	21	10354168	10459828	18	-0.1306
f1399f53-f077-491c-8691-f70f1d8f294a	21	10494350	10775586	69	0.4696
f1399f53-f077-491c-8691-f70f1d8f294a	21	12973348	46677045	23691	0.0003
f1399f53-f077-491c-8691-f70f1d8f294a	22	15294547	17014661	301	0.0457
f1399f53-f077-491c-8691-f70f1d8f294a	22	17018144	17018618	2	1.4835
f1399f53-f077-491c-8691-f70f1d8f294a	22	17019000	33778960	11321	0.0077
f1399f53-f077-491c-8691-f70f1d8f294a	22	33778975	33778986	2	-2.0098
f1399f53-f077-491c-8691-f70f1d8f294a	22	33778998	50796027	11600	0.0005
f1399f53-f077-491c-8691-f70f1d8f294a	X	251810	5003874	1656	0.0074
f1399f53-f077-491c-8691-f70f1d8f294a	X	5004155	5004902	2	-2.4011
f1399f53-f077-491c-8691-f70f1d8f294a	X	5008487	103999203	51947	0.0017
f1399f53-f077-491c-8691-f70f1d8f294a	X	104003417	104084615	63	0.5167
f1399f53-f077-491c-8691-f70f1d8f294a	X	104084628	155952689	29717	0.0019
f1399f53-f077-491c-8691-f70f1d8f294a	Y	2782397	6075631	718	-2.4227
f1399f53-f077-491c-8691-f70f1d8f294a	Y	6076562	23586854	5728	-2.7459
f1399f53-f077-491c-8691-f70f1d8f294a	Y	23784615	56872112	191	-2.4838
