GDC_Aliquot	Chromosome	Start	End	Copy_Number	Major_Copy_Number	Minor_Copy_Number
f76ff67d-b0b1-46c2-a6c3-687fad7136b1	chr1	13116	1945799	2	1	1
f76ff67d-b0b1-46c2-a6c3-687fad7136b1	chr1	1947189	5973913	1	1	0
f76ff67d-b0b1-46c2-a6c3-687fad7136b1	chr1	5975453	6963833	2	1	1
f76ff67d-b0b1-46c2-a6c3-687fad7136b1	chr1	6966698	7660075	1	1	0
f76ff67d-b0b1-46c2-a6c3-687fad7136b1	chr1	7661287	10685066	2	1	1
f76ff67d-b0b1-46c2-a6c3-687fad7136b1	chr1	10686398	11647532	1	1	0
f76ff67d-b0b1-46c2-a6c3-687fad7136b1	chr1	11648679	12647963	2	1	1
f76ff67d-b0b1-46c2-a6c3-687fad7136b1	chr1	12649535	15088416	1	1	0
f76ff67d-b0b1-46c2-a6c3-687fad7136b1	chr1	15089830	16725904	2	1	1
f76ff67d-b0b1-46c2-a6c3-687fad7136b1	chr1	16726912	16940121	2	2	0
f76ff67d-b0b1-46c2-a6c3-687fad7136b1	chr1	16941432	17644261	2	1	1
f76ff67d-b0b1-46c2-a6c3-687fad7136b1	chr1	17645826	18869562	1	1	0
f76ff67d-b0b1-46c2-a6c3-687fad7136b1	chr1	18871070	29257694	2	1	1
f76ff67d-b0b1-46c2-a6c3-687fad7136b1	chr1	29260191	30673567	1	1	0
f76ff67d-b0b1-46c2-a6c3-687fad7136b1	chr1	30674945	33478799	2	1	1
f76ff67d-b0b1-46c2-a6c3-687fad7136b1	chr1	33479990	35000060	1	1	0
f76ff67d-b0b1-46c2-a6c3-687fad7136b1	chr1	35001432	36535284	2	1	1
f76ff67d-b0b1-46c2-a6c3-687fad7136b1	chr1	36536322	37429571	1	1	0
f76ff67d-b0b1-46c2-a6c3-687fad7136b1	chr1	37430708	38048781	2	1	1
f76ff67d-b0b1-46c2-a6c3-687fad7136b1	chr1	38050257	38784900	1	1	0
f76ff67d-b0b1-46c2-a6c3-687fad7136b1	chr1	38786987	56924700	2	1	1
f76ff67d-b0b1-46c2-a6c3-687fad7136b1	chr1	56925756	58462368	1	1	0
f76ff67d-b0b1-46c2-a6c3-687fad7136b1	chr1	58463495	59969849	3	2	1
f76ff67d-b0b1-46c2-a6c3-687fad7136b1	chr1	59971252	84530189	2	1	1
f76ff67d-b0b1-46c2-a6c3-687fad7136b1	chr1	84531203	116580265	1	1	0
f76ff67d-b0b1-46c2-a6c3-687fad7136b1	chr1	116584057	116947639	4	3	1
f76ff67d-b0b1-46c2-a6c3-687fad7136b1	chr1	116948967	117140754	6	5	1
f76ff67d-b0b1-46c2-a6c3-687fad7136b1	chr1	117141989	120838522	3	2	1
f76ff67d-b0b1-46c2-a6c3-687fad7136b1	chr1	120840214	121742438	1	1	0
f76ff67d-b0b1-46c2-a6c3-687fad7136b1	chr1	143417573	152198628	4	3	1
f76ff67d-b0b1-46c2-a6c3-687fad7136b1	chr1	152199709	153313558	3	2	1
f76ff67d-b0b1-46c2-a6c3-687fad7136b1	chr1	153314890	154608419	4	3	1
f76ff67d-b0b1-46c2-a6c3-687fad7136b1	chr1	154609653	154920277	3	2	1
f76ff67d-b0b1-46c2-a6c3-687fad7136b1	chr1	154922441	156258269	5	4	1
f76ff67d-b0b1-46c2-a6c3-687fad7136b1	chr1	156259789	163366530	4	3	1
f76ff67d-b0b1-46c2-a6c3-687fad7136b1	chr1	163368628	166824447	3	2	1
f76ff67d-b0b1-46c2-a6c3-687fad7136b1	chr1	166825740	175203803	4	3	1
f76ff67d-b0b1-46c2-a6c3-687fad7136b1	chr1	175205123	177774889	3	2	1
f76ff67d-b0b1-46c2-a6c3-687fad7136b1	chr1	177776319	181189880	4	3	1
f76ff67d-b0b1-46c2-a6c3-687fad7136b1	chr1	181190926	181994688	3	2	1
f76ff67d-b0b1-46c2-a6c3-687fad7136b1	chr1	181996319	192446963	4	3	1
f76ff67d-b0b1-46c2-a6c3-687fad7136b1	chr1	192448028	192599424	6	4	2
f76ff67d-b0b1-46c2-a6c3-687fad7136b1	chr1	192600674	200908434	4	3	1
f76ff67d-b0b1-46c2-a6c3-687fad7136b1	chr1	200909599	201277993	3	2	1
f76ff67d-b0b1-46c2-a6c3-687fad7136b1	chr1	201279072	209877684	4	3	1
f76ff67d-b0b1-46c2-a6c3-687fad7136b1	chr1	209878788	211208548	3	2	1
f76ff67d-b0b1-46c2-a6c3-687fad7136b1	chr1	211209787	227444424	4	3	1
f76ff67d-b0b1-46c2-a6c3-687fad7136b1	chr1	227446880	228391912	3	2	1
f76ff67d-b0b1-46c2-a6c3-687fad7136b1	chr1	228393115	233386200	4	3	1
f76ff67d-b0b1-46c2-a6c3-687fad7136b1	chr1	233387429	234460456	3	2	1
f76ff67d-b0b1-46c2-a6c3-687fad7136b1	chr1	234461925	235159345	6	4	2
f76ff67d-b0b1-46c2-a6c3-687fad7136b1	chr1	235160732	236353810	4	3	1
f76ff67d-b0b1-46c2-a6c3-687fad7136b1	chr1	236354926	241481260	3	2	1
f76ff67d-b0b1-46c2-a6c3-687fad7136b1	chr1	241483266	241882674	4	3	1
f76ff67d-b0b1-46c2-a6c3-687fad7136b1	chr1	241883732	243144956	3	2	1
f76ff67d-b0b1-46c2-a6c3-687fad7136b1	chr1	243146656	247187685	4	3	1
f76ff67d-b0b1-46c2-a6c3-687fad7136b1	chr1	247188987	248809352	3	2	1
f76ff67d-b0b1-46c2-a6c3-687fad7136b1	chr1	248810964	248945703	6	6	0
f76ff67d-b0b1-46c2-a6c3-687fad7136b1	chr2	10587	6071344	1	1	0
f76ff67d-b0b1-46c2-a6c3-687fad7136b1	chr2	6072868	14732675	2	1	1
f76ff67d-b0b1-46c2-a6c3-687fad7136b1	chr2	14733947	16431258	1	1	0
f76ff67d-b0b1-46c2-a6c3-687fad7136b1	chr2	16432290	22894309	2	1	1
f76ff67d-b0b1-46c2-a6c3-687fad7136b1	chr2	22895603	23627166	1	1	0
f76ff67d-b0b1-46c2-a6c3-687fad7136b1	chr2	23628381	27017081	2	1	1
f76ff67d-b0b1-46c2-a6c3-687fad7136b1	chr2	27018927	29075506	3	2	1
f76ff67d-b0b1-46c2-a6c3-687fad7136b1	chr2	29076516	44798154	2	1	1
f76ff67d-b0b1-46c2-a6c3-687fad7136b1	chr2	44800344	45304633	1	1	0
f76ff67d-b0b1-46c2-a6c3-687fad7136b1	chr2	45305648	47315765	2	1	1
f76ff67d-b0b1-46c2-a6c3-687fad7136b1	chr2	47317015	47728703	1	1	0
f76ff67d-b0b1-46c2-a6c3-687fad7136b1	chr2	47729705	59511529	2	1	1
f76ff67d-b0b1-46c2-a6c3-687fad7136b1	chr2	59512640	60474200	1	1	0
f76ff67d-b0b1-46c2-a6c3-687fad7136b1	chr2	60477349	63689939	2	1	1
f76ff67d-b0b1-46c2-a6c3-687fad7136b1	chr2	63691854	65456353	3	2	1
f76ff67d-b0b1-46c2-a6c3-687fad7136b1	chr2	65457953	68172966	2	1	1
f76ff67d-b0b1-46c2-a6c3-687fad7136b1	chr2	68174425	70343615	3	2	1
f76ff67d-b0b1-46c2-a6c3-687fad7136b1	chr2	70344807	85306104	2	1	1
f76ff67d-b0b1-46c2-a6c3-687fad7136b1	chr2	85307269	86073185	3	2	1
f76ff67d-b0b1-46c2-a6c3-687fad7136b1	chr2	86074855	101993813	2	1	1
f76ff67d-b0b1-46c2-a6c3-687fad7136b1	chr2	101996388	102300289	3	2	1
f76ff67d-b0b1-46c2-a6c3-687fad7136b1	chr2	102301328	108872539	2	1	1
f76ff67d-b0b1-46c2-a6c3-687fad7136b1	chr2	108873690	109082913	1	1	0
f76ff67d-b0b1-46c2-a6c3-687fad7136b1	chr2	109084114	113986511	2	1	1
f76ff67d-b0b1-46c2-a6c3-687fad7136b1	chr2	113987533	134093706	1	1	0
f76ff67d-b0b1-46c2-a6c3-687fad7136b1	chr2	134094848	152443598	2	1	1
f76ff67d-b0b1-46c2-a6c3-687fad7136b1	chr2	152445027	152771393	3	2	1
f76ff67d-b0b1-46c2-a6c3-687fad7136b1	chr2	152773365	160184884	2	1	1
f76ff67d-b0b1-46c2-a6c3-687fad7136b1	chr2	160186606	161372550	3	2	1
f76ff67d-b0b1-46c2-a6c3-687fad7136b1	chr2	161374009	177758396	2	1	1
f76ff67d-b0b1-46c2-a6c3-687fad7136b1	chr2	177759576	178068232	1	1	0
f76ff67d-b0b1-46c2-a6c3-687fad7136b1	chr2	178069776	215371809	2	1	1
f76ff67d-b0b1-46c2-a6c3-687fad7136b1	chr2	215373206	215940059	3	2	1
f76ff67d-b0b1-46c2-a6c3-687fad7136b1	chr2	215941146	219659826	2	1	1
f76ff67d-b0b1-46c2-a6c3-687fad7136b1	chr2	219662201	220032689	1	1	0
f76ff67d-b0b1-46c2-a6c3-687fad7136b1	chr2	220033839	234153754	2	1	1
f76ff67d-b0b1-46c2-a6c3-687fad7136b1	chr2	234154758	234527240	3	2	1
f76ff67d-b0b1-46c2-a6c3-687fad7136b1	chr2	234529164	238395686	2	1	1
f76ff67d-b0b1-46c2-a6c3-687fad7136b1	chr2	238396983	240950811	1	1	0
f76ff67d-b0b1-46c2-a6c3-687fad7136b1	chr2	240952382	242183243	2	1	1
f76ff67d-b0b1-46c2-a6c3-687fad7136b1	chr3	18519	4318187	2	1	1
f76ff67d-b0b1-46c2-a6c3-687fad7136b1	chr3	4319799	5214484	3	2	1
f76ff67d-b0b1-46c2-a6c3-687fad7136b1	chr3	5216286	10384467	2	1	1
f76ff67d-b0b1-46c2-a6c3-687fad7136b1	chr3	10385506	11075057	1	1	0
f76ff67d-b0b1-46c2-a6c3-687fad7136b1	chr3	11077010	13084265	2	1	1
f76ff67d-b0b1-46c2-a6c3-687fad7136b1	chr3	13085275	14104204	1	1	0
f76ff67d-b0b1-46c2-a6c3-687fad7136b1	chr3	14105311	17034276	2	1	1
f76ff67d-b0b1-46c2-a6c3-687fad7136b1	chr3	17035479	53777279	1	1	0
f76ff67d-b0b1-46c2-a6c3-687fad7136b1	chr3	53778961	54813128	0	0	0
f76ff67d-b0b1-46c2-a6c3-687fad7136b1	chr3	54814614	71388679	1	1	0
f76ff67d-b0b1-46c2-a6c3-687fad7136b1	chr3	71389688	71592693	2	2	0
f76ff67d-b0b1-46c2-a6c3-687fad7136b1	chr3	71594145	82881580	1	1	0
f76ff67d-b0b1-46c2-a6c3-687fad7136b1	chr3	82883144	134549777	2	1	1
f76ff67d-b0b1-46c2-a6c3-687fad7136b1	chr3	134551314	141193075	1	1	0
f76ff67d-b0b1-46c2-a6c3-687fad7136b1	chr3	141194132	151737358	2	1	1
f76ff67d-b0b1-46c2-a6c3-687fad7136b1	chr3	151738406	153376851	3	2	1
f76ff67d-b0b1-46c2-a6c3-687fad7136b1	chr3	153378152	171751188	2	1	1
f76ff67d-b0b1-46c2-a6c3-687fad7136b1	chr3	171753574	172739036	3	2	1
f76ff67d-b0b1-46c2-a6c3-687fad7136b1	chr3	172740385	177031504	2	1	1
f76ff67d-b0b1-46c2-a6c3-687fad7136b1	chr3	177032521	178156833	3	2	1
f76ff67d-b0b1-46c2-a6c3-687fad7136b1	chr3	178157977	188095774	2	1	1
f76ff67d-b0b1-46c2-a6c3-687fad7136b1	chr3	188098691	189181870	3	2	1
f76ff67d-b0b1-46c2-a6c3-687fad7136b1	chr3	189183085	198181744	2	1	1
f76ff67d-b0b1-46c2-a6c3-687fad7136b1	chr4	11961	3526935	2	1	1
f76ff67d-b0b1-46c2-a6c3-687fad7136b1	chr4	3527944	6661891	1	1	0
f76ff67d-b0b1-46c2-a6c3-687fad7136b1	chr4	6663186	7098672	2	1	1
f76ff67d-b0b1-46c2-a6c3-687fad7136b1	chr4	7100035	10005039	1	1	0
f76ff67d-b0b1-46c2-a6c3-687fad7136b1	chr4	10006280	49072085	2	1	1
f76ff67d-b0b1-46c2-a6c3-687fad7136b1	chr4	49073462	49239655	1	1	0
f76ff67d-b0b1-46c2-a6c3-687fad7136b1	chr4	49241206	94387595	2	1	1
f76ff67d-b0b1-46c2-a6c3-687fad7136b1	chr4	94388722	94652352	3	2	1
f76ff67d-b0b1-46c2-a6c3-687fad7136b1	chr4	94653864	118902651	2	1	1
f76ff67d-b0b1-46c2-a6c3-687fad7136b1	chr4	118903814	119318676	3	2	1
f76ff67d-b0b1-46c2-a6c3-687fad7136b1	chr4	119319779	180219446	2	1	1
f76ff67d-b0b1-46c2-a6c3-687fad7136b1	chr4	180220512	190122722	1	1	0
f76ff67d-b0b1-46c2-a6c3-687fad7136b1	chr5	11882	311141	2	1	1
f76ff67d-b0b1-46c2-a6c3-687fad7136b1	chr5	312510	13988376	1	1	0
f76ff67d-b0b1-46c2-a6c3-687fad7136b1	chr5	13989396	37698003	2	1	1
f76ff67d-b0b1-46c2-a6c3-687fad7136b1	chr5	37699400	38365274	1	1	0
f76ff67d-b0b1-46c2-a6c3-687fad7136b1	chr5	38366560	52663159	2	1	1
f76ff67d-b0b1-46c2-a6c3-687fad7136b1	chr5	52664513	52944117	3	2	1
f76ff67d-b0b1-46c2-a6c3-687fad7136b1	chr5	52945502	95587179	2	1	1
f76ff67d-b0b1-46c2-a6c3-687fad7136b1	chr5	95588594	96967444	3	2	1
f76ff67d-b0b1-46c2-a6c3-687fad7136b1	chr5	96971454	102693925	2	1	1
f76ff67d-b0b1-46c2-a6c3-687fad7136b1	chr5	102695042	103294801	3	2	1
f76ff67d-b0b1-46c2-a6c3-687fad7136b1	chr5	103296261	115164831	2	1	1
f76ff67d-b0b1-46c2-a6c3-687fad7136b1	chr5	115166371	115640509	3	2	1
f76ff67d-b0b1-46c2-a6c3-687fad7136b1	chr5	115641519	132382847	2	1	1
f76ff67d-b0b1-46c2-a6c3-687fad7136b1	chr5	132383997	132525954	3	2	1
f76ff67d-b0b1-46c2-a6c3-687fad7136b1	chr5	132527285	167788193	2	1	1
f76ff67d-b0b1-46c2-a6c3-687fad7136b1	chr5	167789569	170279975	1	1	0
f76ff67d-b0b1-46c2-a6c3-687fad7136b1	chr5	170281468	170372365	3	2	1
f76ff67d-b0b1-46c2-a6c3-687fad7136b1	chr5	170373445	172653965	2	1	1
f76ff67d-b0b1-46c2-a6c3-687fad7136b1	chr5	172655824	173051590	3	2	1
f76ff67d-b0b1-46c2-a6c3-687fad7136b1	chr5	173053333	173734267	1	1	0
f76ff67d-b0b1-46c2-a6c3-687fad7136b1	chr5	173735382	173983432	3	2	1
f76ff67d-b0b1-46c2-a6c3-687fad7136b1	chr5	173984579	179493811	1	1	0
f76ff67d-b0b1-46c2-a6c3-687fad7136b1	chr5	179494860	180127522	2	1	1
f76ff67d-b0b1-46c2-a6c3-687fad7136b1	chr5	180128654	181159413	1	1	0
f76ff67d-b0b1-46c2-a6c3-687fad7136b1	chr5	181160494	181363900	3	2	1
f76ff67d-b0b1-46c2-a6c3-687fad7136b1	chr6	100116	2730685	4	3	1
f76ff67d-b0b1-46c2-a6c3-687fad7136b1	chr6	2731737	3314424	5	4	1
f76ff67d-b0b1-46c2-a6c3-687fad7136b1	chr6	3315459	5300857	4	3	1
f76ff67d-b0b1-46c2-a6c3-687fad7136b1	chr6	5302611	6475347	3	2	1
f76ff67d-b0b1-46c2-a6c3-687fad7136b1	chr6	6477208	11134628	4	3	1
f76ff67d-b0b1-46c2-a6c3-687fad7136b1	chr6	11136024	11660281	6	4	2
f76ff67d-b0b1-46c2-a6c3-687fad7136b1	chr6	11661807	16616616	4	3	1
f76ff67d-b0b1-46c2-a6c3-687fad7136b1	chr6	16617953	16795333	6	4	2
f76ff67d-b0b1-46c2-a6c3-687fad7136b1	chr6	16796383	25934999	4	3	1
f76ff67d-b0b1-46c2-a6c3-687fad7136b1	chr6	25936174	26597105	6	4	2
f76ff67d-b0b1-46c2-a6c3-687fad7136b1	chr6	26598190	27757207	4	3	1
f76ff67d-b0b1-46c2-a6c3-687fad7136b1	chr6	27758688	27904215	5	4	1
f76ff67d-b0b1-46c2-a6c3-687fad7136b1	chr6	27905676	33804558	4	3	1
f76ff67d-b0b1-46c2-a6c3-687fad7136b1	chr6	33805894	34560091	3	2	1
f76ff67d-b0b1-46c2-a6c3-687fad7136b1	chr6	34561178	39927671	4	3	1
f76ff67d-b0b1-46c2-a6c3-687fad7136b1	chr6	39929273	40809857	3	2	1
f76ff67d-b0b1-46c2-a6c3-687fad7136b1	chr6	40811086	40866006	3	3	0
f76ff67d-b0b1-46c2-a6c3-687fad7136b1	chr6	40867425	54389132	4	3	1
f76ff67d-b0b1-46c2-a6c3-687fad7136b1	chr6	54391230	64589163	3	2	1
f76ff67d-b0b1-46c2-a6c3-687fad7136b1	chr6	64590250	65486406	2	1	1
f76ff67d-b0b1-46c2-a6c3-687fad7136b1	chr6	65487446	73381368	1	1	0
f76ff67d-b0b1-46c2-a6c3-687fad7136b1	chr6	73383200	74838235	3	2	1
f76ff67d-b0b1-46c2-a6c3-687fad7136b1	chr6	74839272	75745672	1	1	0
f76ff67d-b0b1-46c2-a6c3-687fad7136b1	chr6	75746915	75929603	3	2	1
f76ff67d-b0b1-46c2-a6c3-687fad7136b1	chr6	75930679	112075068	1	1	0
f76ff67d-b0b1-46c2-a6c3-687fad7136b1	chr6	112076242	112573152	2	1	1
f76ff67d-b0b1-46c2-a6c3-687fad7136b1	chr6	112574931	113087366	5	4	1
f76ff67d-b0b1-46c2-a6c3-687fad7136b1	chr6	113088795	113934483	4	3	1
f76ff67d-b0b1-46c2-a6c3-687fad7136b1	chr6	113935780	114587971	2	1	1
f76ff67d-b0b1-46c2-a6c3-687fad7136b1	chr6	114589078	115961929	1	1	0
f76ff67d-b0b1-46c2-a6c3-687fad7136b1	chr6	115965808	116658328	3	2	1
f76ff67d-b0b1-46c2-a6c3-687fad7136b1	chr6	116659508	116943550	2	1	1
f76ff67d-b0b1-46c2-a6c3-687fad7136b1	chr6	116944658	117325126	3	2	1
f76ff67d-b0b1-46c2-a6c3-687fad7136b1	chr6	117326901	117762625	2	1	1
f76ff67d-b0b1-46c2-a6c3-687fad7136b1	chr6	117764365	118464617	1	1	0
f76ff67d-b0b1-46c2-a6c3-687fad7136b1	chr6	118466114	157249221	2	1	1
f76ff67d-b0b1-46c2-a6c3-687fad7136b1	chr6	157250925	157709760	1	1	0
f76ff67d-b0b1-46c2-a6c3-687fad7136b1	chr6	157710774	160003082	2	1	1
f76ff67d-b0b1-46c2-a6c3-687fad7136b1	chr6	160004215	163336322	1	1	0
f76ff67d-b0b1-46c2-a6c3-687fad7136b1	chr6	163337820	166779642	2	1	1
f76ff67d-b0b1-46c2-a6c3-687fad7136b1	chr6	166781017	167653669	1	1	0
f76ff67d-b0b1-46c2-a6c3-687fad7136b1	chr6	167654686	168001378	2	1	1
f76ff67d-b0b1-46c2-a6c3-687fad7136b1	chr6	168002439	168871410	1	1	0
f76ff67d-b0b1-46c2-a6c3-687fad7136b1	chr6	168872439	170514291	2	1	1
f76ff67d-b0b1-46c2-a6c3-687fad7136b1	chr6	170515778	170740469	3	2	1
f76ff67d-b0b1-46c2-a6c3-687fad7136b1	chr7	20608	1177534	2	1	1
f76ff67d-b0b1-46c2-a6c3-687fad7136b1	chr7	1178900	1459100	1	1	0
f76ff67d-b0b1-46c2-a6c3-687fad7136b1	chr7	1461472	1569892	2	1	1
f76ff67d-b0b1-46c2-a6c3-687fad7136b1	chr7	1571212	2216771	1	1	0
f76ff67d-b0b1-46c2-a6c3-687fad7136b1	chr7	2217832	2871864	2	1	1
f76ff67d-b0b1-46c2-a6c3-687fad7136b1	chr7	2873294	5377790	1	1	0
f76ff67d-b0b1-46c2-a6c3-687fad7136b1	chr7	5379277	23654887	2	1	1
f76ff67d-b0b1-46c2-a6c3-687fad7136b1	chr7	23655954	24394184	1	1	0
f76ff67d-b0b1-46c2-a6c3-687fad7136b1	chr7	24395816	44135258	2	1	1
f76ff67d-b0b1-46c2-a6c3-687fad7136b1	chr7	44136614	44417291	1	1	0
f76ff67d-b0b1-46c2-a6c3-687fad7136b1	chr7	44418485	56142285	2	1	1
f76ff67d-b0b1-46c2-a6c3-687fad7136b1	chr7	56143403	64297537	1	1	0
f76ff67d-b0b1-46c2-a6c3-687fad7136b1	chr7	64298645	67374192	2	1	1
f76ff67d-b0b1-46c2-a6c3-687fad7136b1	chr7	67376153	68402546	1	1	0
f76ff67d-b0b1-46c2-a6c3-687fad7136b1	chr7	68403725	70848625	2	1	1
f76ff67d-b0b1-46c2-a6c3-687fad7136b1	chr7	70849922	72766017	1	1	0
f76ff67d-b0b1-46c2-a6c3-687fad7136b1	chr7	72767033	76801413	2	1	1
f76ff67d-b0b1-46c2-a6c3-687fad7136b1	chr7	76802978	77095281	2	2	0
f76ff67d-b0b1-46c2-a6c3-687fad7136b1	chr7	77096736	77858999	3	2	1
f76ff67d-b0b1-46c2-a6c3-687fad7136b1	chr7	77860466	97219348	2	1	1
f76ff67d-b0b1-46c2-a6c3-687fad7136b1	chr7	97220925	98981310	1	1	0
f76ff67d-b0b1-46c2-a6c3-687fad7136b1	chr7	98982529	114778218	2	1	1
f76ff67d-b0b1-46c2-a6c3-687fad7136b1	chr7	114781164	116874350	3	2	1
f76ff67d-b0b1-46c2-a6c3-687fad7136b1	chr7	116875727	130855188	2	1	1
f76ff67d-b0b1-46c2-a6c3-687fad7136b1	chr7	130857124	131518665	3	2	1
f76ff67d-b0b1-46c2-a6c3-687fad7136b1	chr7	131519949	132786008	1	1	0
f76ff67d-b0b1-46c2-a6c3-687fad7136b1	chr7	132787543	152906145	2	1	1
f76ff67d-b0b1-46c2-a6c3-687fad7136b1	chr7	152907193	156593857	1	1	0
f76ff67d-b0b1-46c2-a6c3-687fad7136b1	chr7	156595169	157420241	2	1	1
f76ff67d-b0b1-46c2-a6c3-687fad7136b1	chr7	157421478	159334386	1	1	0
f76ff67d-b0b1-46c2-a6c3-687fad7136b1	chr8	61774	215405	4	3	1
f76ff67d-b0b1-46c2-a6c3-687fad7136b1	chr8	216429	701398	2	1	1
f76ff67d-b0b1-46c2-a6c3-687fad7136b1	chr8	702847	1750026	1	1	0
f76ff67d-b0b1-46c2-a6c3-687fad7136b1	chr8	1751442	1783689	3	2	1
f76ff67d-b0b1-46c2-a6c3-687fad7136b1	chr8	1786286	8230708	1	1	0
f76ff67d-b0b1-46c2-a6c3-687fad7136b1	chr8	8231755	9176638	2	1	1
f76ff67d-b0b1-46c2-a6c3-687fad7136b1	chr8	9178319	12610431	1	1	0
f76ff67d-b0b1-46c2-a6c3-687fad7136b1	chr8	12611600	20273357	2	1	1
f76ff67d-b0b1-46c2-a6c3-687fad7136b1	chr8	20274530	22013017	1	1	0
f76ff67d-b0b1-46c2-a6c3-687fad7136b1	chr8	22014817	38704113	2	1	1
f76ff67d-b0b1-46c2-a6c3-687fad7136b1	chr8	38705150	39075078	3	2	1
f76ff67d-b0b1-46c2-a6c3-687fad7136b1	chr8	39076814	47263470	2	1	1
f76ff67d-b0b1-46c2-a6c3-687fad7136b1	chr8	47267883	47757621	3	2	1
f76ff67d-b0b1-46c2-a6c3-687fad7136b1	chr8	47761272	48393638	1	1	0
f76ff67d-b0b1-46c2-a6c3-687fad7136b1	chr8	48394821	132979966	2	1	1
f76ff67d-b0b1-46c2-a6c3-687fad7136b1	chr8	132981201	133537218	3	2	1
f76ff67d-b0b1-46c2-a6c3-687fad7136b1	chr8	133538289	140275233	1	1	0
f76ff67d-b0b1-46c2-a6c3-687fad7136b1	chr8	140276706	141430021	2	1	1
f76ff67d-b0b1-46c2-a6c3-687fad7136b1	chr8	141431542	143212426	1	1	0
f76ff67d-b0b1-46c2-a6c3-687fad7136b1	chr8	143213446	145078402	2	1	1
f76ff67d-b0b1-46c2-a6c3-687fad7136b1	chr9	10469	35596110	1	1	0
f76ff67d-b0b1-46c2-a6c3-687fad7136b1	chr9	35599069	35726824	2	1	1
f76ff67d-b0b1-46c2-a6c3-687fad7136b1	chr9	35728022	69942913	1	1	0
f76ff67d-b0b1-46c2-a6c3-687fad7136b1	chr9	69944651	70644397	2	1	1
f76ff67d-b0b1-46c2-a6c3-687fad7136b1	chr9	70645709	119412084	1	1	0
f76ff67d-b0b1-46c2-a6c3-687fad7136b1	chr9	119413308	120370164	0	0	0
f76ff67d-b0b1-46c2-a6c3-687fad7136b1	chr9	120371530	121393265	2	1	1
f76ff67d-b0b1-46c2-a6c3-687fad7136b1	chr9	121394770	134714251	1	1	0
f76ff67d-b0b1-46c2-a6c3-687fad7136b1	chr9	134715369	135882311	0	0	0
f76ff67d-b0b1-46c2-a6c3-687fad7136b1	chr9	135883573	137715590	1	1	0
f76ff67d-b0b1-46c2-a6c3-687fad7136b1	chr9	137716984	138256233	0	0	0
f76ff67d-b0b1-46c2-a6c3-687fad7136b1	chr10	15029	1126331	2	1	1
f76ff67d-b0b1-46c2-a6c3-687fad7136b1	chr10	1127701	3032494	1	1	0
f76ff67d-b0b1-46c2-a6c3-687fad7136b1	chr10	3033580	3745769	2	1	1
f76ff67d-b0b1-46c2-a6c3-687fad7136b1	chr10	3747031	3876809	4	2	2
f76ff67d-b0b1-46c2-a6c3-687fad7136b1	chr10	3878410	5103414	3	2	1
f76ff67d-b0b1-46c2-a6c3-687fad7136b1	chr10	5104475	14134224	2	1	1
f76ff67d-b0b1-46c2-a6c3-687fad7136b1	chr10	14135879	14511316	1	1	0
f76ff67d-b0b1-46c2-a6c3-687fad7136b1	chr10	14513087	14981158	3	2	1
f76ff67d-b0b1-46c2-a6c3-687fad7136b1	chr10	14982535	16789018	2	1	1
f76ff67d-b0b1-46c2-a6c3-687fad7136b1	chr10	16790373	17283282	3	2	1
f76ff67d-b0b1-46c2-a6c3-687fad7136b1	chr10	17284757	28701196	2	1	1
f76ff67d-b0b1-46c2-a6c3-687fad7136b1	chr10	28702289	29464240	1	1	0
f76ff67d-b0b1-46c2-a6c3-687fad7136b1	chr10	29465680	37532663	2	1	1
f76ff67d-b0b1-46c2-a6c3-687fad7136b1	chr10	37533703	37662090	1	1	0
f76ff67d-b0b1-46c2-a6c3-687fad7136b1	chr10	37663910	68913674	2	1	1
f76ff67d-b0b1-46c2-a6c3-687fad7136b1	chr10	68914743	69468364	3	2	1
f76ff67d-b0b1-46c2-a6c3-687fad7136b1	chr10	69469426	70944387	2	1	1
f76ff67d-b0b1-46c2-a6c3-687fad7136b1	chr10	70945463	71712936	1	1	0
f76ff67d-b0b1-46c2-a6c3-687fad7136b1	chr10	71716742	87221816	2	1	1
f76ff67d-b0b1-46c2-a6c3-687fad7136b1	chr10	87222993	87401972	2	2	0
f76ff67d-b0b1-46c2-a6c3-687fad7136b1	chr10	87403102	89566630	3	2	1
f76ff67d-b0b1-46c2-a6c3-687fad7136b1	chr10	89567962	93310769	2	1	1
f76ff67d-b0b1-46c2-a6c3-687fad7136b1	chr10	93311798	93500552	3	2	1
f76ff67d-b0b1-46c2-a6c3-687fad7136b1	chr10	93501735	102354571	2	1	1
f76ff67d-b0b1-46c2-a6c3-687fad7136b1	chr10	102355638	102835962	3	2	1
f76ff67d-b0b1-46c2-a6c3-687fad7136b1	chr10	102837167	104398957	2	1	1
f76ff67d-b0b1-46c2-a6c3-687fad7136b1	chr10	104400067	105590409	1	1	0
f76ff67d-b0b1-46c2-a6c3-687fad7136b1	chr10	105591504	111004836	2	1	1
f76ff67d-b0b1-46c2-a6c3-687fad7136b1	chr10	111005922	112239423	1	1	0
f76ff67d-b0b1-46c2-a6c3-687fad7136b1	chr10	112240433	115719286	2	1	1
f76ff67d-b0b1-46c2-a6c3-687fad7136b1	chr10	115720800	117926613	1	1	0
f76ff67d-b0b1-46c2-a6c3-687fad7136b1	chr10	117928369	123358367	2	1	1
f76ff67d-b0b1-46c2-a6c3-687fad7136b1	chr10	123359519	123971035	1	1	0
f76ff67d-b0b1-46c2-a6c3-687fad7136b1	chr10	123972707	128230920	2	1	1
f76ff67d-b0b1-46c2-a6c3-687fad7136b1	chr10	128231921	133215961	1	1	0
f76ff67d-b0b1-46c2-a6c3-687fad7136b1	chr10	133217604	133787009	2	1	1
f76ff67d-b0b1-46c2-a6c3-687fad7136b1	chr11	87268	876624	3	2	1
f76ff67d-b0b1-46c2-a6c3-687fad7136b1	chr11	877869	8584124	2	1	1
f76ff67d-b0b1-46c2-a6c3-687fad7136b1	chr11	8585215	9796458	3	2	1
f76ff67d-b0b1-46c2-a6c3-687fad7136b1	chr11	9797520	10256884	2	1	1
f76ff67d-b0b1-46c2-a6c3-687fad7136b1	chr11	10258165	10925754	3	2	1
f76ff67d-b0b1-46c2-a6c3-687fad7136b1	chr11	10927498	11833827	2	1	1
f76ff67d-b0b1-46c2-a6c3-687fad7136b1	chr11	11834945	12270258	3	2	1
f76ff67d-b0b1-46c2-a6c3-687fad7136b1	chr11	12271331	48181761	2	1	1
f76ff67d-b0b1-46c2-a6c3-687fad7136b1	chr11	48183370	48983460	1	1	0
f76ff67d-b0b1-46c2-a6c3-687fad7136b1	chr11	48984504	50640806	2	1	1
f76ff67d-b0b1-46c2-a6c3-687fad7136b1	chr11	50642272	54588829	3	2	1
f76ff67d-b0b1-46c2-a6c3-687fad7136b1	chr11	54591999	62857299	2	1	1
f76ff67d-b0b1-46c2-a6c3-687fad7136b1	chr11	62858314	62909330	3	2	1
f76ff67d-b0b1-46c2-a6c3-687fad7136b1	chr11	62910834	65327112	2	1	1
f76ff67d-b0b1-46c2-a6c3-687fad7136b1	chr11	65328330	65790433	3	2	1
f76ff67d-b0b1-46c2-a6c3-687fad7136b1	chr11	65791526	85626126	2	1	1
f76ff67d-b0b1-46c2-a6c3-687fad7136b1	chr11	85627237	86306560	3	2	1
f76ff67d-b0b1-46c2-a6c3-687fad7136b1	chr11	86307611	95664457	2	1	1
f76ff67d-b0b1-46c2-a6c3-687fad7136b1	chr11	95666178	96400405	3	2	1
f76ff67d-b0b1-46c2-a6c3-687fad7136b1	chr11	96402571	112340276	2	1	1
f76ff67d-b0b1-46c2-a6c3-687fad7136b1	chr11	112341298	113988536	1	1	0
f76ff67d-b0b1-46c2-a6c3-687fad7136b1	chr11	113989703	114443325	3	2	1
f76ff67d-b0b1-46c2-a6c3-687fad7136b1	chr11	114444466	119362203	2	1	1
f76ff67d-b0b1-46c2-a6c3-687fad7136b1	chr11	119364694	121257834	1	1	0
f76ff67d-b0b1-46c2-a6c3-687fad7136b1	chr11	121258843	123135765	2	1	1
f76ff67d-b0b1-46c2-a6c3-687fad7136b1	chr11	123136874	127977298	1	1	0
f76ff67d-b0b1-46c2-a6c3-687fad7136b1	chr11	127978441	130938588	2	1	1
f76ff67d-b0b1-46c2-a6c3-687fad7136b1	chr11	130940387	135076424	1	1	0
f76ff67d-b0b1-46c2-a6c3-687fad7136b1	chr12	11065	62284	2	2	0
f76ff67d-b0b1-46c2-a6c3-687fad7136b1	chr12	64763	4687787	2	1	1
f76ff67d-b0b1-46c2-a6c3-687fad7136b1	chr12	4689344	6030526	1	1	0
f76ff67d-b0b1-46c2-a6c3-687fad7136b1	chr12	6031785	13225138	2	1	1
f76ff67d-b0b1-46c2-a6c3-687fad7136b1	chr12	13226482	14207029	1	1	0
f76ff67d-b0b1-46c2-a6c3-687fad7136b1	chr12	14208098	32849949	2	1	1
f76ff67d-b0b1-46c2-a6c3-687fad7136b1	chr12	32851331	38312194	1	1	0
f76ff67d-b0b1-46c2-a6c3-687fad7136b1	chr12	38313840	53009864	2	1	1
f76ff67d-b0b1-46c2-a6c3-687fad7136b1	chr12	53010872	53710190	3	2	1
f76ff67d-b0b1-46c2-a6c3-687fad7136b1	chr12	53711213	113430485	2	1	1
f76ff67d-b0b1-46c2-a6c3-687fad7136b1	chr12	113431838	115980568	1	1	0
f76ff67d-b0b1-46c2-a6c3-687fad7136b1	chr12	115982643	117182272	2	1	1
f76ff67d-b0b1-46c2-a6c3-687fad7136b1	chr12	117184574	118035249	1	1	0
f76ff67d-b0b1-46c2-a6c3-687fad7136b1	chr12	118036682	118435876	2	1	1
f76ff67d-b0b1-46c2-a6c3-687fad7136b1	chr12	118437671	119625494	1	1	0
f76ff67d-b0b1-46c2-a6c3-687fad7136b1	chr12	119626986	125025881	2	1	1
f76ff67d-b0b1-46c2-a6c3-687fad7136b1	chr12	125026997	133264676	1	1	0
f76ff67d-b0b1-46c2-a6c3-687fad7136b1	chr13	18445955	19591073	1	1	0
f76ff67d-b0b1-46c2-a6c3-687fad7136b1	chr13	19593818	31071194	2	1	1
f76ff67d-b0b1-46c2-a6c3-687fad7136b1	chr13	31072568	31755106	1	1	0
f76ff67d-b0b1-46c2-a6c3-687fad7136b1	chr13	31756134	44110448	2	1	1
f76ff67d-b0b1-46c2-a6c3-687fad7136b1	chr13	44111708	44574121	3	2	1
f76ff67d-b0b1-46c2-a6c3-687fad7136b1	chr13	44575526	48170477	2	1	1
f76ff67d-b0b1-46c2-a6c3-687fad7136b1	chr13	48171572	48590324	3	2	1
f76ff67d-b0b1-46c2-a6c3-687fad7136b1	chr13	48591739	111329360	2	1	1
f76ff67d-b0b1-46c2-a6c3-687fad7136b1	chr13	111330525	112456333	1	1	0
f76ff67d-b0b1-46c2-a6c3-687fad7136b1	chr13	112457333	114343123	2	1	1
f76ff67d-b0b1-46c2-a6c3-687fad7136b1	chr14	18223583	18303695	7	5	2
f76ff67d-b0b1-46c2-a6c3-687fad7136b1	chr14	18311395	18408264	5	4	1
f76ff67d-b0b1-46c2-a6c3-687fad7136b1	chr14	18409692	35307351	2	1	1
f76ff67d-b0b1-46c2-a6c3-687fad7136b1	chr14	35309865	35424110	4	2	2
f76ff67d-b0b1-46c2-a6c3-687fad7136b1	chr14	35425588	49576802	2	1	1
f76ff67d-b0b1-46c2-a6c3-687fad7136b1	chr14	49581077	50999541	3	2	1
f76ff67d-b0b1-46c2-a6c3-687fad7136b1	chr14	51001347	61436438	2	1	1
f76ff67d-b0b1-46c2-a6c3-687fad7136b1	chr14	61437732	61779988	3	2	1
f76ff67d-b0b1-46c2-a6c3-687fad7136b1	chr14	61781093	67802718	2	1	1
f76ff67d-b0b1-46c2-a6c3-687fad7136b1	chr14	67806713	69733746	3	2	1
f76ff67d-b0b1-46c2-a6c3-687fad7136b1	chr14	69735336	70598349	1	1	0
f76ff67d-b0b1-46c2-a6c3-687fad7136b1	chr14	70599578	74491833	2	1	1
f76ff67d-b0b1-46c2-a6c3-687fad7136b1	chr14	74494649	76045955	3	2	1
f76ff67d-b0b1-46c2-a6c3-687fad7136b1	chr14	76047334	76685353	1	1	0
f76ff67d-b0b1-46c2-a6c3-687fad7136b1	chr14	76687103	77762842	2	1	1
f76ff67d-b0b1-46c2-a6c3-687fad7136b1	chr14	77764342	78662996	1	1	0
f76ff67d-b0b1-46c2-a6c3-687fad7136b1	chr14	78665466	92833728	2	1	1
f76ff67d-b0b1-46c2-a6c3-687fad7136b1	chr14	92834995	101617825	1	1	0
f76ff67d-b0b1-46c2-a6c3-687fad7136b1	chr14	101619473	104121496	2	1	1
f76ff67d-b0b1-46c2-a6c3-687fad7136b1	chr14	104122644	104628755	1	1	0
f76ff67d-b0b1-46c2-a6c3-687fad7136b1	chr14	104630816	105514141	2	1	1
f76ff67d-b0b1-46c2-a6c3-687fad7136b1	chr14	105515265	106594678	1	1	0
f76ff67d-b0b1-46c2-a6c3-687fad7136b1	chr14	106595682	106880670	4	2	2
f76ff67d-b0b1-46c2-a6c3-687fad7136b1	chr15	19795285	28723703	1	1	0
f76ff67d-b0b1-46c2-a6c3-687fad7136b1	chr15	28725398	33238658	2	1	1
f76ff67d-b0b1-46c2-a6c3-687fad7136b1	chr15	33240024	33811071	1	1	0
f76ff67d-b0b1-46c2-a6c3-687fad7136b1	chr15	33812538	58227465	2	1	1
f76ff67d-b0b1-46c2-a6c3-687fad7136b1	chr15	58228519	59741032	3	2	1
f76ff67d-b0b1-46c2-a6c3-687fad7136b1	chr15	59743340	60336687	2	1	1
f76ff67d-b0b1-46c2-a6c3-687fad7136b1	chr15	60337696	60619263	3	2	1
f76ff67d-b0b1-46c2-a6c3-687fad7136b1	chr15	60621141	65923582	2	1	1
f76ff67d-b0b1-46c2-a6c3-687fad7136b1	chr15	65924902	66271776	1	1	0
f76ff67d-b0b1-46c2-a6c3-687fad7136b1	chr15	66273224	77562336	2	1	1
f76ff67d-b0b1-46c2-a6c3-687fad7136b1	chr15	77564229	77971732	1	1	0
f76ff67d-b0b1-46c2-a6c3-687fad7136b1	chr15	77974011	78189380	3	2	1
f76ff67d-b0b1-46c2-a6c3-687fad7136b1	chr15	78190875	85379430	2	1	1
f76ff67d-b0b1-46c2-a6c3-687fad7136b1	chr15	85381596	85805158	3	2	1
f76ff67d-b0b1-46c2-a6c3-687fad7136b1	chr15	85806174	88999709	1	1	0
f76ff67d-b0b1-46c2-a6c3-687fad7136b1	chr15	89000755	89885916	2	1	1
f76ff67d-b0b1-46c2-a6c3-687fad7136b1	chr15	89887164	91045952	3	2	1
f76ff67d-b0b1-46c2-a6c3-687fad7136b1	chr15	91046975	92785401	2	1	1
f76ff67d-b0b1-46c2-a6c3-687fad7136b1	chr15	92786690	93028286	4	2	2
f76ff67d-b0b1-46c2-a6c3-687fad7136b1	chr15	93029613	93851723	1	1	0
f76ff67d-b0b1-46c2-a6c3-687fad7136b1	chr15	93852765	101980591	2	1	1
f76ff67d-b0b1-46c2-a6c3-687fad7136b1	chr16	10291	5151928	2	1	1
f76ff67d-b0b1-46c2-a6c3-687fad7136b1	chr16	5153019	8728122	1	1	0
f76ff67d-b0b1-46c2-a6c3-687fad7136b1	chr16	8729127	9151947	2	1	1
f76ff67d-b0b1-46c2-a6c3-687fad7136b1	chr16	9152952	10516016	1	1	0
f76ff67d-b0b1-46c2-a6c3-687fad7136b1	chr16	10517135	12216629	2	1	1
f76ff67d-b0b1-46c2-a6c3-687fad7136b1	chr16	12217661	13917037	1	1	0
f76ff67d-b0b1-46c2-a6c3-687fad7136b1	chr16	13919522	16267360	2	1	1
f76ff67d-b0b1-46c2-a6c3-687fad7136b1	chr16	16269869	18948709	1	1	0
f76ff67d-b0b1-46c2-a6c3-687fad7136b1	chr16	18949732	25497251	2	1	1
f76ff67d-b0b1-46c2-a6c3-687fad7136b1	chr16	25498284	27143730	1	1	0
f76ff67d-b0b1-46c2-a6c3-687fad7136b1	chr16	27144758	27450749	2	1	1
f76ff67d-b0b1-46c2-a6c3-687fad7136b1	chr16	27452127	28108236	1	1	0
f76ff67d-b0b1-46c2-a6c3-687fad7136b1	chr16	28109333	48653821	2	1	1
f76ff67d-b0b1-46c2-a6c3-687fad7136b1	chr16	48655262	51630319	1	1	0
f76ff67d-b0b1-46c2-a6c3-687fad7136b1	chr16	51631370	54148208	2	1	1
f76ff67d-b0b1-46c2-a6c3-687fad7136b1	chr16	54149334	56313530	1	1	0
f76ff67d-b0b1-46c2-a6c3-687fad7136b1	chr16	56317795	82376813	2	1	1
f76ff67d-b0b1-46c2-a6c3-687fad7136b1	chr16	82377878	83723469	1	1	0
f76ff67d-b0b1-46c2-a6c3-687fad7136b1	chr16	83724534	85938631	2	1	1
f76ff67d-b0b1-46c2-a6c3-687fad7136b1	chr16	85939795	87279278	1	1	0
f76ff67d-b0b1-46c2-a6c3-687fad7136b1	chr16	87280279	87552208	2	1	1
f76ff67d-b0b1-46c2-a6c3-687fad7136b1	chr16	87553583	87677702	1	1	0
f76ff67d-b0b1-46c2-a6c3-687fad7136b1	chr16	87678760	90226358	2	1	1
f76ff67d-b0b1-46c2-a6c3-687fad7136b1	chr17	151035	5635067	2	1	1
f76ff67d-b0b1-46c2-a6c3-687fad7136b1	chr17	5636386	6391508	1	1	0
f76ff67d-b0b1-46c2-a6c3-687fad7136b1	chr17	6392639	6999424	2	1	1
f76ff67d-b0b1-46c2-a6c3-687fad7136b1	chr17	7000625	8282230	3	2	1
f76ff67d-b0b1-46c2-a6c3-687fad7136b1	chr17	8286314	27250320	2	1	1
f76ff67d-b0b1-46c2-a6c3-687fad7136b1	chr17	27252442	27356651	4	2	2
f76ff67d-b0b1-46c2-a6c3-687fad7136b1	chr17	27358026	33021873	2	1	1
f76ff67d-b0b1-46c2-a6c3-687fad7136b1	chr17	33023115	34147083	1	1	0
f76ff67d-b0b1-46c2-a6c3-687fad7136b1	chr17	34148378	34404416	2	1	1
f76ff67d-b0b1-46c2-a6c3-687fad7136b1	chr17	34405810	34958393	1	1	0
f76ff67d-b0b1-46c2-a6c3-687fad7136b1	chr17	34959645	36149014	2	1	1
f76ff67d-b0b1-46c2-a6c3-687fad7136b1	chr17	36150098	36925506	1	1	0
f76ff67d-b0b1-46c2-a6c3-687fad7136b1	chr17	36927313	45721667	2	1	1
f76ff67d-b0b1-46c2-a6c3-687fad7136b1	chr17	45722985	45761887	1	1	0
f76ff67d-b0b1-46c2-a6c3-687fad7136b1	chr17	45763315	50025570	2	1	1
f76ff67d-b0b1-46c2-a6c3-687fad7136b1	chr17	50026571	51300690	3	2	1
f76ff67d-b0b1-46c2-a6c3-687fad7136b1	chr17	51301852	58954381	2	1	1
f76ff67d-b0b1-46c2-a6c3-687fad7136b1	chr17	58956734	59722997	3	2	1
f76ff67d-b0b1-46c2-a6c3-687fad7136b1	chr17	59724061	59879748	5	3	2
f76ff67d-b0b1-46c2-a6c3-687fad7136b1	chr17	59880763	78119936	2	1	1
f76ff67d-b0b1-46c2-a6c3-687fad7136b1	chr17	78121280	79070896	3	2	1
f76ff67d-b0b1-46c2-a6c3-687fad7136b1	chr17	79073539	79094391	2	1	1
f76ff67d-b0b1-46c2-a6c3-687fad7136b1	chr17	79095929	79662751	1	1	0
f76ff67d-b0b1-46c2-a6c3-687fad7136b1	chr17	79663797	81294434	2	1	1
f76ff67d-b0b1-46c2-a6c3-687fad7136b1	chr17	81295806	83237603	3	2	1
f76ff67d-b0b1-46c2-a6c3-687fad7136b1	chr18	16444	2498449	2	1	1
f76ff67d-b0b1-46c2-a6c3-687fad7136b1	chr18	2499580	3816053	3	2	1
f76ff67d-b0b1-46c2-a6c3-687fad7136b1	chr18	3817134	8995264	2	1	1
f76ff67d-b0b1-46c2-a6c3-687fad7136b1	chr18	8996403	10078074	3	2	1
f76ff67d-b0b1-46c2-a6c3-687fad7136b1	chr18	10079677	13655147	2	1	1
f76ff67d-b0b1-46c2-a6c3-687fad7136b1	chr18	13656502	15410360	1	1	0
f76ff67d-b0b1-46c2-a6c3-687fad7136b1	chr18	20931967	36188986	2	1	1
f76ff67d-b0b1-46c2-a6c3-687fad7136b1	chr18	36190124	38174178	1	1	0
f76ff67d-b0b1-46c2-a6c3-687fad7136b1	chr18	38175723	46285335	2	1	1
f76ff67d-b0b1-46c2-a6c3-687fad7136b1	chr18	46286772	48747941	1	1	0
f76ff67d-b0b1-46c2-a6c3-687fad7136b1	chr18	48750135	49511029	2	1	1
f76ff67d-b0b1-46c2-a6c3-687fad7136b1	chr18	49512195	50722749	1	1	0
f76ff67d-b0b1-46c2-a6c3-687fad7136b1	chr18	50723918	57015155	2	1	1
f76ff67d-b0b1-46c2-a6c3-687fad7136b1	chr18	57016349	57556128	1	1	0
f76ff67d-b0b1-46c2-a6c3-687fad7136b1	chr18	57558545	77425777	2	1	1
f76ff67d-b0b1-46c2-a6c3-687fad7136b1	chr18	77427056	79036981	1	1	0
f76ff67d-b0b1-46c2-a6c3-687fad7136b1	chr18	79038090	80225019	2	1	1
f76ff67d-b0b1-46c2-a6c3-687fad7136b1	chr18	80226054	80259190	5	3	2
f76ff67d-b0b1-46c2-a6c3-687fad7136b1	chr19	157892	465302	0	0	0
f76ff67d-b0b1-46c2-a6c3-687fad7136b1	chr19	466793	13258996	1	1	0
f76ff67d-b0b1-46c2-a6c3-687fad7136b1	chr19	13260172	13687659	0	0	0
f76ff67d-b0b1-46c2-a6c3-687fad7136b1	chr19	13688669	19166191	1	1	0
f76ff67d-b0b1-46c2-a6c3-687fad7136b1	chr19	19167299	24009123	2	1	1
f76ff67d-b0b1-46c2-a6c3-687fad7136b1	chr19	24010670	24388931	3	2	1
f76ff67d-b0b1-46c2-a6c3-687fad7136b1	chr19	24390560	27307887	6	3	3
f76ff67d-b0b1-46c2-a6c3-687fad7136b1	chr19	27309575	27504326	3	2	1
f76ff67d-b0b1-46c2-a6c3-687fad7136b1	chr19	27505664	27834203	2	1	1
f76ff67d-b0b1-46c2-a6c3-687fad7136b1	chr19	27835211	34063020	1	1	0
f76ff67d-b0b1-46c2-a6c3-687fad7136b1	chr19	34064257	42506691	2	1	1
f76ff67d-b0b1-46c2-a6c3-687fad7136b1	chr19	42509211	43438617	1	1	0
f76ff67d-b0b1-46c2-a6c3-687fad7136b1	chr19	43439645	43843802	3	2	1
f76ff67d-b0b1-46c2-a6c3-687fad7136b1	chr19	43845589	44594737	2	1	1
f76ff67d-b0b1-46c2-a6c3-687fad7136b1	chr19	44595998	47759312	3	2	1
f76ff67d-b0b1-46c2-a6c3-687fad7136b1	chr19	47760378	48190136	1	1	0
f76ff67d-b0b1-46c2-a6c3-687fad7136b1	chr19	48191740	49935567	3	2	1
f76ff67d-b0b1-46c2-a6c3-687fad7136b1	chr19	49936816	58354491	2	1	1
f76ff67d-b0b1-46c2-a6c3-687fad7136b1	chr19	58357114	58607412	3	2	1
f76ff67d-b0b1-46c2-a6c3-687fad7136b1	chr20	80457	21407186	2	1	1
f76ff67d-b0b1-46c2-a6c3-687fad7136b1	chr20	21412330	22212554	1	1	0
f76ff67d-b0b1-46c2-a6c3-687fad7136b1	chr20	22213837	23443976	2	1	1
f76ff67d-b0b1-46c2-a6c3-687fad7136b1	chr20	23445174	24897753	1	1	0
f76ff67d-b0b1-46c2-a6c3-687fad7136b1	chr20	24898781	31639836	2	1	1
f76ff67d-b0b1-46c2-a6c3-687fad7136b1	chr20	31641237	31747886	4	2	2
f76ff67d-b0b1-46c2-a6c3-687fad7136b1	chr20	31749189	41761356	2	1	1
f76ff67d-b0b1-46c2-a6c3-687fad7136b1	chr20	41762520	43440806	1	1	0
f76ff67d-b0b1-46c2-a6c3-687fad7136b1	chr20	43442079	47250739	2	1	1
f76ff67d-b0b1-46c2-a6c3-687fad7136b1	chr20	47251834	47695522	3	2	1
f76ff67d-b0b1-46c2-a6c3-687fad7136b1	chr20	47696906	48611387	1	1	0
f76ff67d-b0b1-46c2-a6c3-687fad7136b1	chr20	48612393	49618979	2	1	1
f76ff67d-b0b1-46c2-a6c3-687fad7136b1	chr20	49621093	51006224	3	2	1
f76ff67d-b0b1-46c2-a6c3-687fad7136b1	chr20	51007465	53550409	2	1	1
f76ff67d-b0b1-46c2-a6c3-687fad7136b1	chr20	53551620	54251904	3	2	1
f76ff67d-b0b1-46c2-a6c3-687fad7136b1	chr20	54253569	56753702	2	1	1
f76ff67d-b0b1-46c2-a6c3-687fad7136b1	chr20	56755547	57248706	1	1	0
f76ff67d-b0b1-46c2-a6c3-687fad7136b1	chr20	57250279	60800912	2	1	1
f76ff67d-b0b1-46c2-a6c3-687fad7136b1	chr20	60803471	62042852	1	1	0
f76ff67d-b0b1-46c2-a6c3-687fad7136b1	chr20	62043917	64331516	2	1	1
f76ff67d-b0b1-46c2-a6c3-687fad7136b1	chr21	7762688	8705553	2	2	0
f76ff67d-b0b1-46c2-a6c3-687fad7136b1	chr21	8756942	10715261	3	2	1
f76ff67d-b0b1-46c2-a6c3-687fad7136b1	chr21	10718901	13174345	5	3	2
f76ff67d-b0b1-46c2-a6c3-687fad7136b1	chr21	13175815	13207577	3	3	0
f76ff67d-b0b1-46c2-a6c3-687fad7136b1	chr21	13209549	13231128	3	2	1
f76ff67d-b0b1-46c2-a6c3-687fad7136b1	chr21	13232267	33201752	2	1	1
f76ff67d-b0b1-46c2-a6c3-687fad7136b1	chr21	33202970	36192571	3	2	1
f76ff67d-b0b1-46c2-a6c3-687fad7136b1	chr21	36193855	38190526	2	1	1
f76ff67d-b0b1-46c2-a6c3-687fad7136b1	chr21	38191767	39412314	3	2	1
f76ff67d-b0b1-46c2-a6c3-687fad7136b1	chr21	39413921	40978576	1	1	0
f76ff67d-b0b1-46c2-a6c3-687fad7136b1	chr21	40979636	44357867	2	1	1
f76ff67d-b0b1-46c2-a6c3-687fad7136b1	chr21	44358964	44752653	1	1	0
f76ff67d-b0b1-46c2-a6c3-687fad7136b1	chr21	44754070	46699722	2	1	1
f76ff67d-b0b1-46c2-a6c3-687fad7136b1	chr22	15284540	39540215	1	1	0
f76ff67d-b0b1-46c2-a6c3-687fad7136b1	chr22	39541218	39922194	0	0	0
f76ff67d-b0b1-46c2-a6c3-687fad7136b1	chr22	39924357	47154180	1	1	0
f76ff67d-b0b1-46c2-a6c3-687fad7136b1	chr22	47155361	49772444	0	0	0
f76ff67d-b0b1-46c2-a6c3-687fad7136b1	chr22	49774004	50802392	1	1	0
f76ff67d-b0b1-46c2-a6c3-687fad7136b1	chrX	2781514	155699751	1	1	0
f76ff67d-b0b1-46c2-a6c3-687fad7136b1	chrY	2789135	3019783	2	2	0
f76ff67d-b0b1-46c2-a6c3-687fad7136b1	chrY	3029392	26622951	1	1	0
