GDC_Aliquot	Chromosome	Start	End	Num_Probes	Segment_Mean
7c8b293a-518d-4727-9ee3-01e30d093341	1	62920	3065277	643	0.1454
7c8b293a-518d-4727-9ee3-01e30d093341	1	3066057	15823420	7688	0.0089
7c8b293a-518d-4727-9ee3-01e30d093341	1	15827002	15828515	10	0.5511
7c8b293a-518d-4727-9ee3-01e30d093341	1	15839166	16617327	308	-0.0014
7c8b293a-518d-4727-9ee3-01e30d093341	1	16627347	16643961	19	-0.3749
7c8b293a-518d-4727-9ee3-01e30d093341	1	16679239	16863509	27	-0.0111
7c8b293a-518d-4727-9ee3-01e30d093341	1	16864367	16935752	54	0.458
7c8b293a-518d-4727-9ee3-01e30d093341	1	16949746	21342380	2969	0.0029
7c8b293a-518d-4727-9ee3-01e30d093341	1	21342974	21416967	48	0.3304
7c8b293a-518d-4727-9ee3-01e30d093341	1	21420852	25266637	2246	0.0093
7c8b293a-518d-4727-9ee3-01e30d093341	1	25269390	25320198	21	0.6427
7c8b293a-518d-4727-9ee3-01e30d093341	1	25320253	103560608	48727	0.003
7c8b293a-518d-4727-9ee3-01e30d093341	1	103566616	103697364	30	0.4447
7c8b293a-518d-4727-9ee3-01e30d093341	1	103717410	105476583	921	0.0133
7c8b293a-518d-4727-9ee3-01e30d093341	1	105476614	105479753	16	-1.9535
7c8b293a-518d-4727-9ee3-01e30d093341	1	105481433	109679105	2628	0.0166
7c8b293a-518d-4727-9ee3-01e30d093341	1	109684695	109697556	15	-0.5141
7c8b293a-518d-4727-9ee3-01e30d093341	1	109702376	112147704	1950	0.0088
7c8b293a-518d-4727-9ee3-01e30d093341	1	112153343	112154619	23	-1.6132
7c8b293a-518d-4727-9ee3-01e30d093341	1	112154754	143619868	5197	0.007
7c8b293a-518d-4727-9ee3-01e30d093341	1	143619968	147216219	397	0.1289
7c8b293a-518d-4727-9ee3-01e30d093341	1	147216267	152787202	2197	0.0267
7c8b293a-518d-4727-9ee3-01e30d093341	1	152789447	152796224	37	0.4563
7c8b293a-518d-4727-9ee3-01e30d093341	1	152801429	153699771	624	-0.0084
7c8b293a-518d-4727-9ee3-01e30d093341	1	153701198	153715580	6	0.6992
7c8b293a-518d-4727-9ee3-01e30d093341	1	153719014	179192616	17097	-0.0007
7c8b293a-518d-4727-9ee3-01e30d093341	1	179197422	179203821	10	0.5852
7c8b293a-518d-4727-9ee3-01e30d093341	1	179203837	196745692	11675	-0.0008
7c8b293a-518d-4727-9ee3-01e30d093341	1	196745743	196854187	64	-0.5249
7c8b293a-518d-4727-9ee3-01e30d093341	1	196854483	248930189	35770	0.0062
7c8b293a-518d-4727-9ee3-01e30d093341	2	12784	51268	22	0.3678
7c8b293a-518d-4727-9ee3-01e30d093341	2	53652	196973	87	0.0917
7c8b293a-518d-4727-9ee3-01e30d093341	2	202993	206704	8	0.375
7c8b293a-518d-4727-9ee3-01e30d093341	2	206851	4169594	2875	0.0084
7c8b293a-518d-4727-9ee3-01e30d093341	2	4169706	4175577	28	0.3147
7c8b293a-518d-4727-9ee3-01e30d093341	2	4175922	24376380	14889	0.0029
7c8b293a-518d-4727-9ee3-01e30d093341	2	24378642	24388858	20	-0.4625
7c8b293a-518d-4727-9ee3-01e30d093341	2	24390690	32844008	4863	-0.0001
7c8b293a-518d-4727-9ee3-01e30d093341	2	32844126	32895091	33	0.3903
7c8b293a-518d-4727-9ee3-01e30d093341	2	32895343	34466002	1236	0.0135
7c8b293a-518d-4727-9ee3-01e30d093341	2	34474248	34511990	46	0.5978
7c8b293a-518d-4727-9ee3-01e30d093341	2	34512096	38727277	3176	0.009
7c8b293a-518d-4727-9ee3-01e30d093341	2	38727353	38745139	9	0.6886
7c8b293a-518d-4727-9ee3-01e30d093341	2	38745684	52537091	9827	0.003
7c8b293a-518d-4727-9ee3-01e30d093341	2	52537117	52554404	23	-0.4375
7c8b293a-518d-4727-9ee3-01e30d093341	2	52560811	133250240	45095	0.0062
7c8b293a-518d-4727-9ee3-01e30d093341	2	133254421	133383338	74	0.5947
7c8b293a-518d-4727-9ee3-01e30d093341	2	133391350	163446457	18367	0.0005
7c8b293a-518d-4727-9ee3-01e30d093341	2	163448520	163448833	2	-1.4572
7c8b293a-518d-4727-9ee3-01e30d093341	2	163448848	165542976	1195	0.0126
7c8b293a-518d-4727-9ee3-01e30d093341	2	165544986	165545429	2	-1.5548
7c8b293a-518d-4727-9ee3-01e30d093341	2	165550056	183263793	11296	0.0036
7c8b293a-518d-4727-9ee3-01e30d093341	2	183264148	183301817	23	0.3354
7c8b293a-518d-4727-9ee3-01e30d093341	2	183303002	202690620	11005	0.0054
7c8b293a-518d-4727-9ee3-01e30d093341	2	202691105	202772591	41	0.2544
7c8b293a-518d-4727-9ee3-01e30d093341	2	202772999	207490231	2992	0.0028
7c8b293a-518d-4727-9ee3-01e30d093341	2	207490454	207494612	16	-0.9468
7c8b293a-518d-4727-9ee3-01e30d093341	2	207494752	226477322	12307	0.0073
7c8b293a-518d-4727-9ee3-01e30d093341	2	226478072	226481352	5	-1.0277
7c8b293a-518d-4727-9ee3-01e30d093341	2	226483083	242147305	9742	0.0057
7c8b293a-518d-4727-9ee3-01e30d093341	3	20930	58773	30	0.3544
7c8b293a-518d-4727-9ee3-01e30d093341	3	59509	4039178	3579	0.0206
7c8b293a-518d-4727-9ee3-01e30d093341	3	4046103	4058193	30	-0.82
7c8b293a-518d-4727-9ee3-01e30d093341	3	4061917	10173482	4964	0.0127
7c8b293a-518d-4727-9ee3-01e30d093341	3	10176281	10261276	82	0.1966
7c8b293a-518d-4727-9ee3-01e30d093341	3	10262839	21184140	7145	-0.0056
7c8b293a-518d-4727-9ee3-01e30d093341	3	21184723	21266071	57	0.2175
7c8b293a-518d-4727-9ee3-01e30d093341	3	21266109	35756418	10178	0.0047
7c8b293a-518d-4727-9ee3-01e30d093341	3	35759275	35900278	83	0.6546
7c8b293a-518d-4727-9ee3-01e30d093341	3	35905339	52989195	9528	0.0019
7c8b293a-518d-4727-9ee3-01e30d093341	3	52994359	53005247	39	-0.5179
7c8b293a-518d-4727-9ee3-01e30d093341	3	53005263	59300896	4132	-0.0032
7c8b293a-518d-4727-9ee3-01e30d093341	3	59303414	59304511	2	-1.1877
7c8b293a-518d-4727-9ee3-01e30d093341	3	59304512	59769804	453	-0.0074
7c8b293a-518d-4727-9ee3-01e30d093341	3	59769844	60855893	1244	0.0546
7c8b293a-518d-4727-9ee3-01e30d093341	3	60856145	68697013	6192	0.0056
7c8b293a-518d-4727-9ee3-01e30d093341	3	68697108	68698213	13	-1.1992
7c8b293a-518d-4727-9ee3-01e30d093341	3	68698262	99226455	15892	0.005
7c8b293a-518d-4727-9ee3-01e30d093341	3	99226551	99230212	13	0.5285
7c8b293a-518d-4727-9ee3-01e30d093341	3	99230225	119631498	12613	0.0005
7c8b293a-518d-4727-9ee3-01e30d093341	3	119632551	119636564	6	-0.8511
7c8b293a-518d-4727-9ee3-01e30d093341	3	119636899	131987852	7280	0.0046
7c8b293a-518d-4727-9ee3-01e30d093341	3	131989313	131989627	2	-1.6241
7c8b293a-518d-4727-9ee3-01e30d093341	3	131996155	162822702	19083	0.005
7c8b293a-518d-4727-9ee3-01e30d093341	3	162827928	162908784	49	-0.4235
7c8b293a-518d-4727-9ee3-01e30d093341	3	162908815	162996729	71	0.0065
7c8b293a-518d-4727-9ee3-01e30d093341	3	162999939	163001774	2	-2.8841
7c8b293a-518d-4727-9ee3-01e30d093341	3	163008371	193160113	19071	0.0103
7c8b293a-518d-4727-9ee3-01e30d093341	3	193160173	193165099	18	0.7177
7c8b293a-518d-4727-9ee3-01e30d093341	3	193165114	195557541	1481	0.0142
7c8b293a-518d-4727-9ee3-01e30d093341	3	195558822	195720051	27	0.5163
7c8b293a-518d-4727-9ee3-01e30d093341	3	195728637	195730018	9	-0.0803
7c8b293a-518d-4727-9ee3-01e30d093341	3	195733825	195752877	13	0.554
7c8b293a-518d-4727-9ee3-01e30d093341	3	195754940	198169247	1161	0.0534
7c8b293a-518d-4727-9ee3-01e30d093341	4	68929	10212536	5695	0.0209
7c8b293a-518d-4727-9ee3-01e30d093341	4	10221792	10229874	28	0.3866
7c8b293a-518d-4727-9ee3-01e30d093341	4	10232590	10389091	178	0.0351
7c8b293a-518d-4727-9ee3-01e30d093341	4	10390730	10397731	13	-0.7009
7c8b293a-518d-4727-9ee3-01e30d093341	4	10398532	32392452	15418	0.0024
7c8b293a-518d-4727-9ee3-01e30d093341	4	32398929	32398977	4	-1.2448
7c8b293a-518d-4727-9ee3-01e30d093341	4	32399891	32949920	305	0.0127
7c8b293a-518d-4727-9ee3-01e30d093341	4	32950595	33028348	48	0.191
7c8b293a-518d-4727-9ee3-01e30d093341	4	33028432	34763561	977	-0.0068
7c8b293a-518d-4727-9ee3-01e30d093341	4	34763973	34823103	50	0.2961
7c8b293a-518d-4727-9ee3-01e30d093341	4	34828250	43422435	5702	0.0136
7c8b293a-518d-4727-9ee3-01e30d093341	4	43422913	43423145	3	-1.0181
7c8b293a-518d-4727-9ee3-01e30d093341	4	43426409	56632503	6422	0.0098
7c8b293a-518d-4727-9ee3-01e30d093341	4	56633100	56637762	2	-2.0283
7c8b293a-518d-4727-9ee3-01e30d093341	4	56640405	59107300	1651	0.0043
7c8b293a-518d-4727-9ee3-01e30d093341	4	59108353	59122391	9	0.9072
7c8b293a-518d-4727-9ee3-01e30d093341	4	59123359	68506285	5637	0.0082
7c8b293a-518d-4727-9ee3-01e30d093341	4	68509223	68530748	12	0.5169
7c8b293a-518d-4727-9ee3-01e30d093341	4	68544506	68554305	9	-0.022
7c8b293a-518d-4727-9ee3-01e30d093341	4	68554321	68686026	51	0.4112
7c8b293a-518d-4727-9ee3-01e30d093341	4	68726064	69252275	300	0.0308
7c8b293a-518d-4727-9ee3-01e30d093341	4	69254604	69374263	64	-0.5596
7c8b293a-518d-4727-9ee3-01e30d093341	4	69374271	114586468	27531	0.0006
7c8b293a-518d-4727-9ee3-01e30d093341	4	114587010	114589298	3	-2.9073
7c8b293a-518d-4727-9ee3-01e30d093341	4	114593270	156046823	24636	0.002
7c8b293a-518d-4727-9ee3-01e30d093341	4	156046936	156052053	15	-0.6861
7c8b293a-518d-4727-9ee3-01e30d093341	4	156053545	189267889	21867	0.0116
7c8b293a-518d-4727-9ee3-01e30d093341	4	189273964	189278110	4	-2.1076
7c8b293a-518d-4727-9ee3-01e30d093341	4	189278617	190106768	350	0.0462
7c8b293a-518d-4727-9ee3-01e30d093341	5	15532	685633	306	0.1089
7c8b293a-518d-4727-9ee3-01e30d093341	5	698256	825192	45	0.7683
7c8b293a-518d-4727-9ee3-01e30d093341	5	825538	1934376	597	0.0705
7c8b293a-518d-4727-9ee3-01e30d093341	5	1934664	12819263	9233	0.0039
7c8b293a-518d-4727-9ee3-01e30d093341	5	12819554	12826538	7	0.7058
7c8b293a-518d-4727-9ee3-01e30d093341	5	12833745	21451168	5508	0.0068
7c8b293a-518d-4727-9ee3-01e30d093341	5	21451855	21451889	2	-2.6895
7c8b293a-518d-4727-9ee3-01e30d093341	5	21452329	24778267	1897	-0.0056
7c8b293a-518d-4727-9ee3-01e30d093341	5	24778282	24781719	14	-0.7447
7c8b293a-518d-4727-9ee3-01e30d093341	5	24786817	46271828	13029	0.0033
7c8b293a-518d-4727-9ee3-01e30d093341	5	46272419	46273400	5	-2.4632
7c8b293a-518d-4727-9ee3-01e30d093341	5	46278110	58025819	5069	-0.0013
7c8b293a-518d-4727-9ee3-01e30d093341	5	58030200	58045317	36	-0.3077
7c8b293a-518d-4727-9ee3-01e30d093341	5	58046293	79149648	12467	0.0001
7c8b293a-518d-4727-9ee3-01e30d093341	5	79155117	79196134	20	0.3757
7c8b293a-518d-4727-9ee3-01e30d093341	5	79196213	97716232	10407	-0.0048
7c8b293a-518d-4727-9ee3-01e30d093341	5	97718790	97884176	92	0.1728
7c8b293a-518d-4727-9ee3-01e30d093341	5	97887362	104515520	3814	0.0029
7c8b293a-518d-4727-9ee3-01e30d093341	5	104524672	104524903	4	1.2567
7c8b293a-518d-4727-9ee3-01e30d093341	5	104525348	152134610	30711	-0.0009
7c8b293a-518d-4727-9ee3-01e30d093341	5	152135825	152138790	14	-0.6652
7c8b293a-518d-4727-9ee3-01e30d093341	5	152140710	177771448	17459	-0.0014
7c8b293a-518d-4727-9ee3-01e30d093341	5	177800550	177805604	3	2.0126
7c8b293a-518d-4727-9ee3-01e30d093341	5	177827964	177879634	7	-0.2885
7c8b293a-518d-4727-9ee3-01e30d093341	5	177883336	180748501	1676	0.0131
7c8b293a-518d-4727-9ee3-01e30d093341	5	180750342	180768522	12	0.7418
7c8b293a-518d-4727-9ee3-01e30d093341	5	180769816	180782406	10	-0.0099
7c8b293a-518d-4727-9ee3-01e30d093341	5	180782454	180788623	14	0.2841
7c8b293a-518d-4727-9ee3-01e30d093341	5	180789249	180947523	74	0.0051
7c8b293a-518d-4727-9ee3-01e30d093341	5	180951710	181015441	23	-0.2997
7c8b293a-518d-4727-9ee3-01e30d093341	5	181015920	181363319	166	0.0773
7c8b293a-518d-4727-9ee3-01e30d093341	6	149661	349386	158	0.0803
7c8b293a-518d-4727-9ee3-01e30d093341	6	350202	384521	45	-0.2566
7c8b293a-518d-4727-9ee3-01e30d093341	6	384546	724957	272	0.0382
7c8b293a-518d-4727-9ee3-01e30d093341	6	726515	918974	185	0.1837
7c8b293a-518d-4727-9ee3-01e30d093341	6	919131	24918591	18342	0.0044
7c8b293a-518d-4727-9ee3-01e30d093341	6	24918887	26328875	975	0.0281
7c8b293a-518d-4727-9ee3-01e30d093341	6	26328933	26451325	102	0.166
7c8b293a-518d-4727-9ee3-01e30d093341	6	26453514	26747492	128	0.0437
7c8b293a-518d-4727-9ee3-01e30d093341	6	26747504	26759781	4	-0.7495
7c8b293a-518d-4727-9ee3-01e30d093341	6	26831719	27813274	467	0.063
7c8b293a-518d-4727-9ee3-01e30d093341	6	27816532	29849329	912	-0.0097
7c8b293a-518d-4727-9ee3-01e30d093341	6	29849467	32502190	1230	0.06
7c8b293a-518d-4727-9ee3-01e30d093341	6	32507164	32611226	32	-0.2738
7c8b293a-518d-4727-9ee3-01e30d093341	6	32612840	32718419	60	0.1495
7c8b293a-518d-4727-9ee3-01e30d093341	6	32720838	32723053	11	-0.7063
7c8b293a-518d-4727-9ee3-01e30d093341	6	32732907	54066353	13641	0.002
7c8b293a-518d-4727-9ee3-01e30d093341	6	54066432	54067057	6	-1.634
7c8b293a-518d-4727-9ee3-01e30d093341	6	54070550	66973928	5898	0.01
7c8b293a-518d-4727-9ee3-01e30d093341	6	66973989	66974638	5	-0.9685
7c8b293a-518d-4727-9ee3-01e30d093341	6	66978190	68976737	1327	0.0074
7c8b293a-518d-4727-9ee3-01e30d093341	6	68977806	68977891	2	-1.5882
7c8b293a-518d-4727-9ee3-01e30d093341	6	68981078	78259348	5915	0.0019
7c8b293a-518d-4727-9ee3-01e30d093341	6	78259388	78325457	111	0.2445
7c8b293a-518d-4727-9ee3-01e30d093341	6	78325468	100713352	13935	0.0031
7c8b293a-518d-4727-9ee3-01e30d093341	6	100713936	100758471	25	0.3312
7c8b293a-518d-4727-9ee3-01e30d093341	6	100761221	103286954	1495	-0.0104
7c8b293a-518d-4727-9ee3-01e30d093341	6	103290101	103314186	46	-1.1388
7c8b293a-518d-4727-9ee3-01e30d093341	6	103317795	133945130	19040	0.0021
7c8b293a-518d-4727-9ee3-01e30d093341	6	133947933	133948494	2	1.4859
7c8b293a-518d-4727-9ee3-01e30d093341	6	133950934	135014291	721	0.0081
7c8b293a-518d-4727-9ee3-01e30d093341	6	135021116	135022100	2	-1.3834
7c8b293a-518d-4727-9ee3-01e30d093341	6	135028432	165310563	20754	0.0054
7c8b293a-518d-4727-9ee3-01e30d093341	6	165318037	165318439	2	1.4506
7c8b293a-518d-4727-9ee3-01e30d093341	6	165321163	170741917	3591	0.0246
7c8b293a-518d-4727-9ee3-01e30d093341	7	43355	48541346	34188	0.0071
7c8b293a-518d-4727-9ee3-01e30d093341	7	48542256	48552429	8	-2.0942
7c8b293a-518d-4727-9ee3-01e30d093341	7	48560583	50474784	1307	0.0128
7c8b293a-518d-4727-9ee3-01e30d093341	7	50475181	50477873	4	-0.7916
7c8b293a-518d-4727-9ee3-01e30d093341	7	50478563	54318812	2928	0.0149
7c8b293a-518d-4727-9ee3-01e30d093341	7	54318816	54318824	5	-1.5455
7c8b293a-518d-4727-9ee3-01e30d093341	7	54325795	70955452	6122	0.0145
7c8b293a-518d-4727-9ee3-01e30d093341	7	70958264	70961155	2	-2.6548
7c8b293a-518d-4727-9ee3-01e30d093341	7	70963257	72071483	761	0.0088
7c8b293a-518d-4727-9ee3-01e30d093341	7	72071678	72138042	39	0.2868
7c8b293a-518d-4727-9ee3-01e30d093341	7	72138605	91728999	11123	0.0102
7c8b293a-518d-4727-9ee3-01e30d093341	7	91729225	91730276	9	-0.871
7c8b293a-518d-4727-9ee3-01e30d093341	7	91731675	97766148	3735	0.0004
7c8b293a-518d-4727-9ee3-01e30d093341	7	97766150	97773163	15	-0.6767
7c8b293a-518d-4727-9ee3-01e30d093341	7	97774928	158278579	36781	0.0125
7c8b293a-518d-4727-9ee3-01e30d093341	7	158282464	159286643	619	0.0896
7c8b293a-518d-4727-9ee3-01e30d093341	7	159290811	159334314	47	0.4215
7c8b293a-518d-4727-9ee3-01e30d093341	8	81254	4136791	3688	0.0278
7c8b293a-518d-4727-9ee3-01e30d093341	8	4137209	4209391	161	0.1779
7c8b293a-518d-4727-9ee3-01e30d093341	8	4210151	5736745	2149	0.0239
7c8b293a-518d-4727-9ee3-01e30d093341	8	5741204	5749692	30	-0.6363
7c8b293a-518d-4727-9ee3-01e30d093341	8	5749718	9254465	2742	0.0279
7c8b293a-518d-4727-9ee3-01e30d093341	8	9259147	9322251	75	0.3461
7c8b293a-518d-4727-9ee3-01e30d093341	8	9322624	12374772	2173	0.0147
7c8b293a-518d-4727-9ee3-01e30d093341	8	12374907	12418301	26	-0.4629
7c8b293a-518d-4727-9ee3-01e30d093341	8	12419769	13628412	928	0.0076
7c8b293a-518d-4727-9ee3-01e30d093341	8	13629397	13752836	147	0.1668
7c8b293a-518d-4727-9ee3-01e30d093341	8	13752897	16402103	2455	0.0059
7c8b293a-518d-4727-9ee3-01e30d093341	8	16404726	16416742	24	-0.6416
7c8b293a-518d-4727-9ee3-01e30d093341	8	16416900	25114672	6850	0.0089
7c8b293a-518d-4727-9ee3-01e30d093341	8	25116928	25126708	25	0.7448
7c8b293a-518d-4727-9ee3-01e30d093341	8	25126735	36528936	7474	0.0063
7c8b293a-518d-4727-9ee3-01e30d093341	8	36533712	36535649	2	-1.1014
7c8b293a-518d-4727-9ee3-01e30d093341	8	36537594	39391223	1530	0.01
7c8b293a-518d-4727-9ee3-01e30d093341	8	39393453	39517213	48	-0.362
7c8b293a-518d-4727-9ee3-01e30d093341	8	39517639	75065862	20460	0.0076
7c8b293a-518d-4727-9ee3-01e30d093341	8	75066247	75129160	43	0.3001
7c8b293a-518d-4727-9ee3-01e30d093341	8	75130509	84345754	5349	0.0063
7c8b293a-518d-4727-9ee3-01e30d093341	8	84350648	84356431	19	-0.7378
7c8b293a-518d-4727-9ee3-01e30d093341	8	84358447	111282237	16093	0.007
7c8b293a-518d-4727-9ee3-01e30d093341	8	111282441	111283031	6	1.36
7c8b293a-518d-4727-9ee3-01e30d093341	8	111288052	114619814	1818	0.0144
7c8b293a-518d-4727-9ee3-01e30d093341	8	114622258	114638558	37	-0.5516
7c8b293a-518d-4727-9ee3-01e30d093341	8	114642539	114653157	4	0.3429
7c8b293a-518d-4727-9ee3-01e30d093341	8	114660731	144177507	20670	0.0041
7c8b293a-518d-4727-9ee3-01e30d093341	8	144177593	145021986	332	0.1343
7c8b293a-518d-4727-9ee3-01e30d093341	8	145028555	145072769	25	0.5427
7c8b293a-518d-4727-9ee3-01e30d093341	9	46587	1446459	1456	0.0364
7c8b293a-518d-4727-9ee3-01e30d093341	9	1446987	1450320	12	-1.0214
7c8b293a-518d-4727-9ee3-01e30d093341	9	1453039	5538263	4140	-0.0022
7c8b293a-518d-4727-9ee3-01e30d093341	9	5541877	5544405	2	-1.8975
7c8b293a-518d-4727-9ee3-01e30d093341	9	5545198	23361807	14774	0.0056
7c8b293a-518d-4727-9ee3-01e30d093341	9	23363117	23372401	7	-1.8396
7c8b293a-518d-4727-9ee3-01e30d093341	9	23373486	39588611	10729	0.0057
7c8b293a-518d-4727-9ee3-01e30d093341	9	39747848	40099921	8	1.1092
7c8b293a-518d-4727-9ee3-01e30d093341	9	40189830	41741096	96	0.1314
7c8b293a-518d-4727-9ee3-01e30d093341	9	41741113	42704265	43	-0.292
7c8b293a-518d-4727-9ee3-01e30d093341	9	42705707	61405110	51	0.0361
7c8b293a-518d-4727-9ee3-01e30d093341	9	61520021	61647899	30	0.4769
7c8b293a-518d-4727-9ee3-01e30d093341	9	61665362	126857596	41945	0.0027
7c8b293a-518d-4727-9ee3-01e30d093341	9	126857930	126876638	11	0.532
7c8b293a-518d-4727-9ee3-01e30d093341	9	126882360	138200944	6077	0.0098
7c8b293a-518d-4727-9ee3-01e30d093341	10	45792	133654968	90561	0.0059
7c8b293a-518d-4727-9ee3-01e30d093341	11	198510	4274526	1749	0.0133
7c8b293a-518d-4727-9ee3-01e30d093341	11	4280126	4286769	6	-0.6693
7c8b293a-518d-4727-9ee3-01e30d093341	11	4298482	4946420	659	0.0137
7c8b293a-518d-4727-9ee3-01e30d093341	11	4947280	4949137	7	0.5173
7c8b293a-518d-4727-9ee3-01e30d093341	11	4950775	4952351	9	1.1042
7c8b293a-518d-4727-9ee3-01e30d093341	11	4952380	4955042	14	0.6406
7c8b293a-518d-4727-9ee3-01e30d093341	11	4955781	5766850	783	-0.0062
7c8b293a-518d-4727-9ee3-01e30d093341	11	5766862	5794956	35	0.304
7c8b293a-518d-4727-9ee3-01e30d093341	11	5795002	26888378	15728	0.0007
7c8b293a-518d-4727-9ee3-01e30d093341	11	26889854	26909059	10	-0.7297
7c8b293a-518d-4727-9ee3-01e30d093341	11	26910304	44630604	12154	0.0064
7c8b293a-518d-4727-9ee3-01e30d093341	11	44630664	44682725	41	0.3761
7c8b293a-518d-4727-9ee3-01e30d093341	11	44683448	64964714	8444	0.0019
7c8b293a-518d-4727-9ee3-01e30d093341	11	64965378	65894490	368	0.1257
7c8b293a-518d-4727-9ee3-01e30d093341	11	65894607	135026254	46683	0.0049
7c8b293a-518d-4727-9ee3-01e30d093341	11	135027301	135074876	32	0.4213
7c8b293a-518d-4727-9ee3-01e30d093341	12	51460	9477960	6167	0.0199
7c8b293a-518d-4727-9ee3-01e30d093341	12	9481274	9575696	24	-1.4183
7c8b293a-518d-4727-9ee3-01e30d093341	12	9582373	34097761	17157	0.0062
7c8b293a-518d-4727-9ee3-01e30d093341	12	34103774	34111154	9	-0.9419
7c8b293a-518d-4727-9ee3-01e30d093341	12	34122447	70478078	20137	0.0037
7c8b293a-518d-4727-9ee3-01e30d093341	12	70478895	70483970	5	-0.9106
7c8b293a-518d-4727-9ee3-01e30d093341	12	70483985	133201603	41209	0.0033
7c8b293a-518d-4727-9ee3-01e30d093341	13	18452809	71902850	34994	0.0038
7c8b293a-518d-4727-9ee3-01e30d093341	13	71903417	71906418	4	1.0363
7c8b293a-518d-4727-9ee3-01e30d093341	13	71906467	114279784	28999	0.004
7c8b293a-518d-4727-9ee3-01e30d093341	13	114279887	114342922	29	0.3045
7c8b293a-518d-4727-9ee3-01e30d093341	14	18239283	18950560	26	0.117
7c8b293a-518d-4727-9ee3-01e30d093341	14	18976793	19955213	141	-0.3301
7c8b293a-518d-4727-9ee3-01e30d093341	14	19956767	20082188	91	0.0724
7c8b293a-518d-4727-9ee3-01e30d093341	14	20082381	20087037	3	1.2595
7c8b293a-518d-4727-9ee3-01e30d093341	14	20089108	20263706	116	0.0266
7c8b293a-518d-4727-9ee3-01e30d093341	14	20264387	20279036	3	-0.8945
7c8b293a-518d-4727-9ee3-01e30d093341	14	20286644	20470982	155	-0.0201
7c8b293a-518d-4727-9ee3-01e30d093341	14	20472356	20530437	57	0.3099
7c8b293a-518d-4727-9ee3-01e30d093341	14	20531526	20697064	137	0.0311
7c8b293a-518d-4727-9ee3-01e30d093341	14	20697320	20720526	13	0.4464
7c8b293a-518d-4727-9ee3-01e30d093341	14	20721513	22168888	995	0.0331
7c8b293a-518d-4727-9ee3-01e30d093341	14	22168978	22626099	390	0.136
7c8b293a-518d-4727-9ee3-01e30d093341	14	22626643	22630485	6	-0.6211
7c8b293a-518d-4727-9ee3-01e30d093341	14	22630714	22755737	75	0.139
7c8b293a-518d-4727-9ee3-01e30d093341	14	22756758	28584973	3609	0.011
7c8b293a-518d-4727-9ee3-01e30d093341	14	28587704	28589839	2	-1.5442
7c8b293a-518d-4727-9ee3-01e30d093341	14	28592054	37659826	5775	0.0041
7c8b293a-518d-4727-9ee3-01e30d093341	14	37665374	37668971	4	-1.2074
7c8b293a-518d-4727-9ee3-01e30d093341	14	37669965	73534419	22581	0.0015
7c8b293a-518d-4727-9ee3-01e30d093341	14	73540003	73554275	8	-1.6447
7c8b293a-518d-4727-9ee3-01e30d093341	14	73563196	87932027	9491	0.0034
7c8b293a-518d-4727-9ee3-01e30d093341	14	87932074	87953014	40	-0.7933
7c8b293a-518d-4727-9ee3-01e30d093341	14	87960293	106861237	11589	0.0018
7c8b293a-518d-4727-9ee3-01e30d093341	14	106865694	106877229	12	0.5883
7c8b293a-518d-4727-9ee3-01e30d093341	15	19811075	20376200	91	0.04
7c8b293a-518d-4727-9ee3-01e30d093341	15	20376201	20614765	44	-0.3021
7c8b293a-518d-4727-9ee3-01e30d093341	15	20625071	24424598	1061	0.0486
7c8b293a-518d-4727-9ee3-01e30d093341	15	24429604	24473026	33	-0.5046
7c8b293a-518d-4727-9ee3-01e30d093341	15	24473449	34447720	6206	0.014
7c8b293a-518d-4727-9ee3-01e30d093341	15	34453518	34454261	3	-1.9891
7c8b293a-518d-4727-9ee3-01e30d093341	15	34455142	92222525	36624	0.0032
7c8b293a-518d-4727-9ee3-01e30d093341	15	92222644	92223064	3	1.5625
7c8b293a-518d-4727-9ee3-01e30d093341	15	92223528	101928837	7417	0.013
7c8b293a-518d-4727-9ee3-01e30d093341	16	10777	51263	17	0.5078
7c8b293a-518d-4727-9ee3-01e30d093341	16	57000	597297	243	0.1141
7c8b293a-518d-4727-9ee3-01e30d093341	16	597334	601407	12	0.3493
7c8b293a-518d-4727-9ee3-01e30d093341	16	601525	14660341	10812	0.0141
7c8b293a-518d-4727-9ee3-01e30d093341	16	14662430	18104860	1671	0.0727
7c8b293a-518d-4727-9ee3-01e30d093341	16	18134261	18615979	19	0.3935
7c8b293a-518d-4727-9ee3-01e30d093341	16	18618085	18714714	11	-0.3324
7c8b293a-518d-4727-9ee3-01e30d093341	16	18730788	21646959	1653	0.0086
7c8b293a-518d-4727-9ee3-01e30d093341	16	21647068	22693199	397	0.1299
7c8b293a-518d-4727-9ee3-01e30d093341	16	22699421	29581056	4258	0.0051
7c8b293a-518d-4727-9ee3-01e30d093341	16	29586515	30359915	216	0.1376
7c8b293a-518d-4727-9ee3-01e30d093341	16	30362581	55762598	7611	0.0027
7c8b293a-518d-4727-9ee3-01e30d093341	16	55762663	55808442	21	-0.5652
7c8b293a-518d-4727-9ee3-01e30d093341	16	55808470	88599287	24247	0.0098
7c8b293a-518d-4727-9ee3-01e30d093341	16	88601643	90096867	642	0.111
7c8b293a-518d-4727-9ee3-01e30d093341	17	150733	5697594	2957	0.0296
7c8b293a-518d-4727-9ee3-01e30d093341	17	5697974	5737408	32	0.4942
7c8b293a-518d-4727-9ee3-01e30d093341	17	5745056	18455632	8394	0.0164
7c8b293a-518d-4727-9ee3-01e30d093341	17	18455635	18561272	24	-1.2283
7c8b293a-518d-4727-9ee3-01e30d093341	17	18561907	41266805	9394	0.0149
7c8b293a-518d-4727-9ee3-01e30d093341	17	41266825	41274279	21	0.8544
7c8b293a-518d-4727-9ee3-01e30d093341	17	41276472	45497555	2144	0.03
7c8b293a-518d-4727-9ee3-01e30d093341	17	45508731	45598106	15	-0.3847
7c8b293a-518d-4727-9ee3-01e30d093341	17	45610956	46142189	375	0.0726
7c8b293a-518d-4727-9ee3-01e30d093341	17	46144772	46234520	68	-0.1895
7c8b293a-518d-4727-9ee3-01e30d093341	17	46234609	46687628	22	0.4217
7c8b293a-518d-4727-9ee3-01e30d093341	17	46707286	56081683	5798	0.0031
7c8b293a-518d-4727-9ee3-01e30d093341	17	56083553	56095230	25	-0.9463
7c8b293a-518d-4727-9ee3-01e30d093341	17	56095462	63868089	4238	0.0012
7c8b293a-518d-4727-9ee3-01e30d093341	17	63876752	63892837	7	-0.7591
7c8b293a-518d-4727-9ee3-01e30d093341	17	63899865	65328115	715	-0.0114
7c8b293a-518d-4727-9ee3-01e30d093341	17	65328308	65329396	3	-1.3952
7c8b293a-518d-4727-9ee3-01e30d093341	17	65330079	73691604	5862	0.0027
7c8b293a-518d-4727-9ee3-01e30d093341	17	73691854	74725599	717	0.0841
7c8b293a-518d-4727-9ee3-01e30d093341	17	74727303	83091923	4177	0.0269
7c8b293a-518d-4727-9ee3-01e30d093341	18	48133	49548938	28636	-0.0009
7c8b293a-518d-4727-9ee3-01e30d093341	18	49550702	49594113	39	0.3392
7c8b293a-518d-4727-9ee3-01e30d093341	18	49594946	53740491	3057	0.0039
7c8b293a-518d-4727-9ee3-01e30d093341	18	53740727	53741022	6	-0.98
7c8b293a-518d-4727-9ee3-01e30d093341	18	53741814	53997831	159	-0.0298
7c8b293a-518d-4727-9ee3-01e30d093341	18	53998472	53998782	3	-1.4922
7c8b293a-518d-4727-9ee3-01e30d093341	18	54001998	64363732	7207	0.0005
7c8b293a-518d-4727-9ee3-01e30d093341	18	64364328	64418565	38	0.3645
7c8b293a-518d-4727-9ee3-01e30d093341	18	64419007	65535759	728	-0.0078
7c8b293a-518d-4727-9ee3-01e30d093341	18	65535772	65537481	15	0.714
7c8b293a-518d-4727-9ee3-01e30d093341	18	65540037	80199949	10755	0.0053
7c8b293a-518d-4727-9ee3-01e30d093341	18	80205528	80257174	28	0.4244
7c8b293a-518d-4727-9ee3-01e30d093341	19	90910	24274155	11127	0.0217
7c8b293a-518d-4727-9ee3-01e30d093341	19	24278016	24282155	10	-0.7736
7c8b293a-518d-4727-9ee3-01e30d093341	19	24304880	35358269	5558	0.0027
7c8b293a-518d-4727-9ee3-01e30d093341	19	35358285	35375842	26	0.4058
7c8b293a-518d-4727-9ee3-01e30d093341	19	35375884	39216505	1913	0.0045
7c8b293a-518d-4727-9ee3-01e30d093341	19	39217933	39252525	18	0.3521
7c8b293a-518d-4727-9ee3-01e30d093341	19	39254056	40555976	692	0.0149
7c8b293a-518d-4727-9ee3-01e30d093341	19	40556633	40585586	15	0.5303
7c8b293a-518d-4727-9ee3-01e30d093341	19	40592807	40854267	130	0.0308
7c8b293a-518d-4727-9ee3-01e30d093341	19	40854465	40869877	18	0.638
7c8b293a-518d-4727-9ee3-01e30d093341	19	40870114	54215083	6982	0.0281
7c8b293a-518d-4727-9ee3-01e30d093341	19	54215099	54237443	18	0.7288
7c8b293a-518d-4727-9ee3-01e30d093341	19	54249482	57472822	1954	0.0182
7c8b293a-518d-4727-9ee3-01e30d093341	19	57473550	57526742	46	0.2896
7c8b293a-518d-4727-9ee3-01e30d093341	19	57532706	58385017	493	0.0101
7c8b293a-518d-4727-9ee3-01e30d093341	19	58386285	58586487	94	0.2013
7c8b293a-518d-4727-9ee3-01e30d093341	20	80664	1571784	1178	0.0281
7c8b293a-518d-4727-9ee3-01e30d093341	20	1571811	1601561	58	0.4415
7c8b293a-518d-4727-9ee3-01e30d093341	20	1609611	63774281	40870	0.0075
7c8b293a-518d-4727-9ee3-01e30d093341	20	63777706	64284715	214	0.1501
7c8b293a-518d-4727-9ee3-01e30d093341	20	64323342	64324800	5	-0.8265
7c8b293a-518d-4727-9ee3-01e30d093341	21	10354168	10756733	86	0.1922
7c8b293a-518d-4727-9ee3-01e30d093341	21	10775586	39556590	19013	0.0068
7c8b293a-518d-4727-9ee3-01e30d093341	21	39556609	39625432	63	0.2119
7c8b293a-518d-4727-9ee3-01e30d093341	21	39625738	46632926	4641	0.01
7c8b293a-518d-4727-9ee3-01e30d093341	21	46634864	46677045	34	0.2613
7c8b293a-518d-4727-9ee3-01e30d093341	22	15294547	16829674	182	0.04
7c8b293a-518d-4727-9ee3-01e30d093341	22	16832908	16858113	29	0.3421
7c8b293a-518d-4727-9ee3-01e30d093341	22	16858165	18190590	918	0.0135
7c8b293a-518d-4727-9ee3-01e30d093341	22	18392404	18822597	10	1.1991
7c8b293a-518d-4727-9ee3-01e30d093341	22	18917479	23915592	3213	0.0783
7c8b293a-518d-4727-9ee3-01e30d093341	22	23916165	38894915	10836	0.0109
7c8b293a-518d-4727-9ee3-01e30d093341	22	38899250	38900899	3	-2.8223
7c8b293a-518d-4727-9ee3-01e30d093341	22	38903109	38975897	59	0.1344
7c8b293a-518d-4727-9ee3-01e30d093341	22	38978372	49595167	7465	0.01
7c8b293a-518d-4727-9ee3-01e30d093341	22	49596226	50796027	540	0.1087
7c8b293a-518d-4727-9ee3-01e30d093341	X	251810	34491088	21456	0.016
7c8b293a-518d-4727-9ee3-01e30d093341	X	34491331	34494528	3	-3.8267
7c8b293a-518d-4727-9ee3-01e30d093341	X	34494606	105335137	32773	0.0085
7c8b293a-518d-4727-9ee3-01e30d093341	X	105335719	105337239	4	-2.4941
7c8b293a-518d-4727-9ee3-01e30d093341	X	105339871	114672325	4996	0.0119
7c8b293a-518d-4727-9ee3-01e30d093341	X	114672402	114678531	3	-3.0535
7c8b293a-518d-4727-9ee3-01e30d093341	X	114685675	154853478	23659	0.0101
7c8b293a-518d-4727-9ee3-01e30d093341	X	154857657	154860563	2	-4.3833
7c8b293a-518d-4727-9ee3-01e30d093341	X	154862363	155952689	359	0.0484
7c8b293a-518d-4727-9ee3-01e30d093341	Y	2782397	56872112	6638	-0.9567
