GDC_Aliquot	Chromosome	Start	End	Num_Probes	Segment_Mean
ab56e4ea-20c9-41bd-8da2-001646d85fd7	1	62920	2524764	478	0.0934
ab56e4ea-20c9-41bd-8da2-001646d85fd7	1	2527180	14853971	7188	0.0051
ab56e4ea-20c9-41bd-8da2-001646d85fd7	1	14861507	15163142	248	0.0625
ab56e4ea-20c9-41bd-8da2-001646d85fd7	1	15163161	15163366	4	0.9897
ab56e4ea-20c9-41bd-8da2-001646d85fd7	1	15163435	15823420	423	-0.0075
ab56e4ea-20c9-41bd-8da2-001646d85fd7	1	15827002	15827430	6	-1.8023
ab56e4ea-20c9-41bd-8da2-001646d85fd7	1	15827706	21424751	3434	0.0104
ab56e4ea-20c9-41bd-8da2-001646d85fd7	1	21433302	21433632	2	-1.341
ab56e4ea-20c9-41bd-8da2-001646d85fd7	1	21443394	25256850	2240	0.0042
ab56e4ea-20c9-41bd-8da2-001646d85fd7	1	25266637	25320253	23	0.7272
ab56e4ea-20c9-41bd-8da2-001646d85fd7	1	25320455	86674961	38145	0.001
ab56e4ea-20c9-41bd-8da2-001646d85fd7	1	86675539	86699910	8	-1.1284
ab56e4ea-20c9-41bd-8da2-001646d85fd7	1	86706044	111385772	15589	0.0052
ab56e4ea-20c9-41bd-8da2-001646d85fd7	1	111386515	111390609	5	-1.2776
ab56e4ea-20c9-41bd-8da2-001646d85fd7	1	111393046	112145689	619	0.023
ab56e4ea-20c9-41bd-8da2-001646d85fd7	1	112147589	112154768	28	-0.6084
ab56e4ea-20c9-41bd-8da2-001646d85fd7	1	112163334	152583051	7607	0.0051
ab56e4ea-20c9-41bd-8da2-001646d85fd7	1	152583230	152618018	36	1.1173
ab56e4ea-20c9-41bd-8da2-001646d85fd7	1	152618089	152789447	167	0.0162
ab56e4ea-20c9-41bd-8da2-001646d85fd7	1	152789463	152795471	29	-0.3235
ab56e4ea-20c9-41bd-8da2-001646d85fd7	1	152795487	187746723	23512	0.0051
ab56e4ea-20c9-41bd-8da2-001646d85fd7	1	187748429	187752238	2	-1.4673
ab56e4ea-20c9-41bd-8da2-001646d85fd7	1	187755479	189679027	1231	0.0066
ab56e4ea-20c9-41bd-8da2-001646d85fd7	1	189679353	189679397	2	-1.9886
ab56e4ea-20c9-41bd-8da2-001646d85fd7	1	189682917	196745743	4737	0.0045
ab56e4ea-20c9-41bd-8da2-001646d85fd7	1	196758720	196832720	58	-0.8047
ab56e4ea-20c9-41bd-8da2-001646d85fd7	1	196843377	198335406	823	-0.0024
ab56e4ea-20c9-41bd-8da2-001646d85fd7	1	198337730	198338649	3	-0.939
ab56e4ea-20c9-41bd-8da2-001646d85fd7	1	198342229	199881824	1049	0.0031
ab56e4ea-20c9-41bd-8da2-001646d85fd7	1	199885049	199976502	50	-0.9653
ab56e4ea-20c9-41bd-8da2-001646d85fd7	1	199980575	248525299	33728	0.004
ab56e4ea-20c9-41bd-8da2-001646d85fd7	1	248525314	248631988	35	0.3866
ab56e4ea-20c9-41bd-8da2-001646d85fd7	1	248633821	248930189	143	0.0171
ab56e4ea-20c9-41bd-8da2-001646d85fd7	2	12784	9151872	7121	0.0208
ab56e4ea-20c9-41bd-8da2-001646d85fd7	2	9152422	9158917	4	2.1491
ab56e4ea-20c9-41bd-8da2-001646d85fd7	2	9160936	17090728	5794	0.0076
ab56e4ea-20c9-41bd-8da2-001646d85fd7	2	17095740	17096058	2	1.3825
ab56e4ea-20c9-41bd-8da2-001646d85fd7	2	17098889	34466002	11178	0.013
ab56e4ea-20c9-41bd-8da2-001646d85fd7	2	34474248	34502800	44	-0.3732
ab56e4ea-20c9-41bd-8da2-001646d85fd7	2	34511446	38727353	3179	0.0242
ab56e4ea-20c9-41bd-8da2-001646d85fd7	2	38728724	38745139	8	0.6967
ab56e4ea-20c9-41bd-8da2-001646d85fd7	2	38745684	50749033	8611	0.0104
ab56e4ea-20c9-41bd-8da2-001646d85fd7	2	50749321	50749714	5	-1.0065
ab56e4ea-20c9-41bd-8da2-001646d85fd7	2	50750841	52369839	1082	0.0041
ab56e4ea-20c9-41bd-8da2-001646d85fd7	2	52372222	52433225	42	0.2246
ab56e4ea-20c9-41bd-8da2-001646d85fd7	2	52438440	52527727	84	0.0204
ab56e4ea-20c9-41bd-8da2-001646d85fd7	2	52527743	52554236	28	0.7562
ab56e4ea-20c9-41bd-8da2-001646d85fd7	2	52554259	97359885	23862	0.0148
ab56e4ea-20c9-41bd-8da2-001646d85fd7	2	97524284	97545726	9	-1.351
ab56e4ea-20c9-41bd-8da2-001646d85fd7	2	97550415	146103878	29405	0.0111
ab56e4ea-20c9-41bd-8da2-001646d85fd7	2	146104517	146108639	16	0.5636
ab56e4ea-20c9-41bd-8da2-001646d85fd7	2	146108653	146120238	10	1.1288
ab56e4ea-20c9-41bd-8da2-001646d85fd7	2	146120827	183929673	23289	0.0065
ab56e4ea-20c9-41bd-8da2-001646d85fd7	2	183929787	183937714	16	-0.8771
ab56e4ea-20c9-41bd-8da2-001646d85fd7	2	183943862	193823021	5570	0.0088
ab56e4ea-20c9-41bd-8da2-001646d85fd7	2	193825580	193829074	2	2.2617
ab56e4ea-20c9-41bd-8da2-001646d85fd7	2	193837590	242147305	30203	0.01
ab56e4ea-20c9-41bd-8da2-001646d85fd7	3	20930	1020703	831	0.0264
ab56e4ea-20c9-41bd-8da2-001646d85fd7	3	1021983	2782874	1583	0.0655
ab56e4ea-20c9-41bd-8da2-001646d85fd7	3	2782989	21880665	14070	0.0076
ab56e4ea-20c9-41bd-8da2-001646d85fd7	3	21883630	21899861	11	0.5282
ab56e4ea-20c9-41bd-8da2-001646d85fd7	3	21901699	26384700	3400	0.0054
ab56e4ea-20c9-41bd-8da2-001646d85fd7	3	26392633	26397852	5	-0.9565
ab56e4ea-20c9-41bd-8da2-001646d85fd7	3	26404482	26559609	114	0.0336
ab56e4ea-20c9-41bd-8da2-001646d85fd7	3	26560269	26570407	10	-0.5798
ab56e4ea-20c9-41bd-8da2-001646d85fd7	3	26570470	37935926	7613	0.004
ab56e4ea-20c9-41bd-8da2-001646d85fd7	3	37940617	37945392	17	-0.9241
ab56e4ea-20c9-41bd-8da2-001646d85fd7	3	37945437	46660272	5499	0.0012
ab56e4ea-20c9-41bd-8da2-001646d85fd7	3	46665706	46665832	2	-1.4326
ab56e4ea-20c9-41bd-8da2-001646d85fd7	3	46668608	53067624	2666	-0.0009
ab56e4ea-20c9-41bd-8da2-001646d85fd7	3	53067764	53069245	3	-1.2406
ab56e4ea-20c9-41bd-8da2-001646d85fd7	3	53072197	97658366	27002	0.0033
ab56e4ea-20c9-41bd-8da2-001646d85fd7	3	97658602	97658695	2	-1.5518
ab56e4ea-20c9-41bd-8da2-001646d85fd7	3	97659122	99218940	905	-0.0026
ab56e4ea-20c9-41bd-8da2-001646d85fd7	3	99225614	99230577	38	-0.5021
ab56e4ea-20c9-41bd-8da2-001646d85fd7	3	99232120	130068178	18723	0.0025
ab56e4ea-20c9-41bd-8da2-001646d85fd7	3	130068356	130089433	29	0.6552
ab56e4ea-20c9-41bd-8da2-001646d85fd7	3	130089968	130412340	198	-0.001
ab56e4ea-20c9-41bd-8da2-001646d85fd7	3	130413358	130413787	3	-1.2109
ab56e4ea-20c9-41bd-8da2-001646d85fd7	3	130415719	162810842	20085	0.0043
ab56e4ea-20c9-41bd-8da2-001646d85fd7	3	162812527	162822702	9	0.6104
ab56e4ea-20c9-41bd-8da2-001646d85fd7	3	162827928	162879345	28	-0.1413
ab56e4ea-20c9-41bd-8da2-001646d85fd7	3	162879443	162908815	22	-0.5582
ab56e4ea-20c9-41bd-8da2-001646d85fd7	3	162910826	174998901	7330	0.0084
ab56e4ea-20c9-41bd-8da2-001646d85fd7	3	174998975	174998995	2	-1.242
ab56e4ea-20c9-41bd-8da2-001646d85fd7	3	174999166	189372662	9120	0.0086
ab56e4ea-20c9-41bd-8da2-001646d85fd7	3	189376519	189380938	5	-0.948
ab56e4ea-20c9-41bd-8da2-001646d85fd7	3	189384112	189642965	211	0.0052
ab56e4ea-20c9-41bd-8da2-001646d85fd7	3	189645889	189646849	11	-0.8815
ab56e4ea-20c9-41bd-8da2-001646d85fd7	3	189653199	193155915	2489	0.0142
ab56e4ea-20c9-41bd-8da2-001646d85fd7	3	193156018	193168669	24	0.3683
ab56e4ea-20c9-41bd-8da2-001646d85fd7	3	193168714	194920587	1158	0.006
ab56e4ea-20c9-41bd-8da2-001646d85fd7	3	194920617	194921116	4	-1.0324
ab56e4ea-20c9-41bd-8da2-001646d85fd7	3	194921751	195557541	317	0.0048
ab56e4ea-20c9-41bd-8da2-001646d85fd7	3	195558822	195752877	49	0.3449
ab56e4ea-20c9-41bd-8da2-001646d85fd7	3	195754940	198169247	1163	0.0295
ab56e4ea-20c9-41bd-8da2-001646d85fd7	4	68929	4108503	1625	0.0258
ab56e4ea-20c9-41bd-8da2-001646d85fd7	4	4112194	4121101	4	-0.8227
ab56e4ea-20c9-41bd-8da2-001646d85fd7	4	4133219	9455251	3532	-0.0034
ab56e4ea-20c9-41bd-8da2-001646d85fd7	4	9459504	9477560	5	-1.8012
ab56e4ea-20c9-41bd-8da2-001646d85fd7	4	9477699	10208766	541	-0.0086
ab56e4ea-20c9-41bd-8da2-001646d85fd7	4	10212536	10232642	31	-1.0545
ab56e4ea-20c9-41bd-8da2-001646d85fd7	4	10232984	33297413	16150	0.0014
ab56e4ea-20c9-41bd-8da2-001646d85fd7	4	33298341	33302391	3	-1.0113
ab56e4ea-20c9-41bd-8da2-001646d85fd7	4	33302519	34777340	819	-0.0041
ab56e4ea-20c9-41bd-8da2-001646d85fd7	4	34777353	34819718	41	-0.5044
ab56e4ea-20c9-41bd-8da2-001646d85fd7	4	34822561	58373148	13410	0.0051
ab56e4ea-20c9-41bd-8da2-001646d85fd7	4	58377267	58388112	9	0.6217
ab56e4ea-20c9-41bd-8da2-001646d85fd7	4	58393271	68494770	6047	0.0099
ab56e4ea-20c9-41bd-8da2-001646d85fd7	4	68501424	68671434	73	0.4523
ab56e4ea-20c9-41bd-8da2-001646d85fd7	4	68674307	106565102	22925	-0.0022
ab56e4ea-20c9-41bd-8da2-001646d85fd7	4	106579107	106579682	3	-1.2539
ab56e4ea-20c9-41bd-8da2-001646d85fd7	4	106582052	137017324	17910	0.0034
ab56e4ea-20c9-41bd-8da2-001646d85fd7	4	137017547	137025215	24	-0.3578
ab56e4ea-20c9-41bd-8da2-001646d85fd7	4	137027745	151868634	8942	0.0025
ab56e4ea-20c9-41bd-8da2-001646d85fd7	4	151870381	151871739	13	-0.9699
ab56e4ea-20c9-41bd-8da2-001646d85fd7	4	151873644	152069134	187	-0.0068
ab56e4ea-20c9-41bd-8da2-001646d85fd7	4	152069741	152071589	4	-1.0727
ab56e4ea-20c9-41bd-8da2-001646d85fd7	4	152072978	171448195	12371	0.0045
ab56e4ea-20c9-41bd-8da2-001646d85fd7	4	171453733	171456573	11	0.9016
ab56e4ea-20c9-41bd-8da2-001646d85fd7	4	171456625	190106768	12492	0.013
ab56e4ea-20c9-41bd-8da2-001646d85fd7	5	15532	15719241	12178	0.0011
ab56e4ea-20c9-41bd-8da2-001646d85fd7	5	15719966	15720488	9	-0.7438
ab56e4ea-20c9-41bd-8da2-001646d85fd7	5	15723237	26789387	6670	0.0056
ab56e4ea-20c9-41bd-8da2-001646d85fd7	5	26797651	26797735	2	-2.2675
ab56e4ea-20c9-41bd-8da2-001646d85fd7	5	26803775	39427122	8237	0.003
ab56e4ea-20c9-41bd-8da2-001646d85fd7	5	39428444	39430709	2	-1.3094
ab56e4ea-20c9-41bd-8da2-001646d85fd7	5	39430876	58025819	8662	0.0008
ab56e4ea-20c9-41bd-8da2-001646d85fd7	5	58030200	58037706	32	2.1736
ab56e4ea-20c9-41bd-8da2-001646d85fd7	5	58042530	69550476	7296	-0.0009
ab56e4ea-20c9-41bd-8da2-001646d85fd7	5	69571467	69779164	3	1.2514
ab56e4ea-20c9-41bd-8da2-001646d85fd7	5	69822096	70959078	13	0.0147
ab56e4ea-20c9-41bd-8da2-001646d85fd7	5	70959079	71011717	6	-0.8763
ab56e4ea-20c9-41bd-8da2-001646d85fd7	5	71053366	84965653	8612	-0.0018
ab56e4ea-20c9-41bd-8da2-001646d85fd7	5	84965850	84966085	3	-4.4003
ab56e4ea-20c9-41bd-8da2-001646d85fd7	5	84968631	104515520	10905	0.0056
ab56e4ea-20c9-41bd-8da2-001646d85fd7	5	104524672	104524903	4	-1.4977
ab56e4ea-20c9-41bd-8da2-001646d85fd7	5	104525348	111936677	4742	-0.0088
ab56e4ea-20c9-41bd-8da2-001646d85fd7	5	111941111	111950069	9	-1.0001
ab56e4ea-20c9-41bd-8da2-001646d85fd7	5	111953533	152135909	26023	-0.001
ab56e4ea-20c9-41bd-8da2-001646d85fd7	5	152135923	152138790	12	-0.7878
ab56e4ea-20c9-41bd-8da2-001646d85fd7	5	152140710	156049762	2661	0.0005
ab56e4ea-20c9-41bd-8da2-001646d85fd7	5	156049910	156055719	13	-0.8095
ab56e4ea-20c9-41bd-8da2-001646d85fd7	5	156068240	177771448	14809	0.001
ab56e4ea-20c9-41bd-8da2-001646d85fd7	5	177800550	177805604	3	2.3718
ab56e4ea-20c9-41bd-8da2-001646d85fd7	5	177827964	177959312	21	0.0518
ab56e4ea-20c9-41bd-8da2-001646d85fd7	5	177963074	177974394	10	-0.6924
ab56e4ea-20c9-41bd-8da2-001646d85fd7	5	177982825	178680821	414	0.0225
ab56e4ea-20c9-41bd-8da2-001646d85fd7	5	178682974	178686162	3	-1.1029
ab56e4ea-20c9-41bd-8da2-001646d85fd7	5	178691854	181363319	1535	0.0166
ab56e4ea-20c9-41bd-8da2-001646d85fd7	6	149661	254283	101	0.0026
ab56e4ea-20c9-41bd-8da2-001646d85fd7	6	257353	315197	27	-0.6338
ab56e4ea-20c9-41bd-8da2-001646d85fd7	6	318804	365720	64	-0.275
ab56e4ea-20c9-41bd-8da2-001646d85fd7	6	373453	29869295	21465	0.0074
ab56e4ea-20c9-41bd-8da2-001646d85fd7	6	29869410	29906865	22	-1.0596
ab56e4ea-20c9-41bd-8da2-001646d85fd7	6	29906932	29933787	11	0.0345
ab56e4ea-20c9-41bd-8da2-001646d85fd7	6	29933793	29933799	3	1.0096
ab56e4ea-20c9-41bd-8da2-001646d85fd7	6	29940692	32486746	1157	0.0667
ab56e4ea-20c9-41bd-8da2-001646d85fd7	6	32488906	32658841	60	-0.5813
ab56e4ea-20c9-41bd-8da2-001646d85fd7	6	32682835	32722250	44	0.0086
ab56e4ea-20c9-41bd-8da2-001646d85fd7	6	32723020	32723053	3	-1.0024
ab56e4ea-20c9-41bd-8da2-001646d85fd7	6	32732907	32898134	124	0.1396
ab56e4ea-20c9-41bd-8da2-001646d85fd7	6	32898220	33970966	631	-0.0077
ab56e4ea-20c9-41bd-8da2-001646d85fd7	6	33974234	33974928	6	0.7268
ab56e4ea-20c9-41bd-8da2-001646d85fd7	6	33976809	50925015	10692	0.0029
ab56e4ea-20c9-41bd-8da2-001646d85fd7	6	50925538	50925578	2	-1.2649
ab56e4ea-20c9-41bd-8da2-001646d85fd7	6	50931560	54066286	2201	0.0029
ab56e4ea-20c9-41bd-8da2-001646d85fd7	6	54066353	54067057	7	-1.6033
ab56e4ea-20c9-41bd-8da2-001646d85fd7	6	54070550	73882085	10389	0.0031
ab56e4ea-20c9-41bd-8da2-001646d85fd7	6	73882142	73891694	11	0.7686
ab56e4ea-20c9-41bd-8da2-001646d85fd7	6	73893839	76305231	1472	0.0099
ab56e4ea-20c9-41bd-8da2-001646d85fd7	6	76307183	76307209	3	0.9931
ab56e4ea-20c9-41bd-8da2-001646d85fd7	6	76307276	78253172	1294	-0.0008
ab56e4ea-20c9-41bd-8da2-001646d85fd7	6	78259348	78325468	113	-2.751
ab56e4ea-20c9-41bd-8da2-001646d85fd7	6	78329517	82240418	2576	0.0083
ab56e4ea-20c9-41bd-8da2-001646d85fd7	6	82256502	82262379	7	0.6667
ab56e4ea-20c9-41bd-8da2-001646d85fd7	6	82263167	90492802	5060	0.0031
ab56e4ea-20c9-41bd-8da2-001646d85fd7	6	90494401	90494622	4	-0.8966
ab56e4ea-20c9-41bd-8da2-001646d85fd7	6	90496007	103286954	7834	0.0093
ab56e4ea-20c9-41bd-8da2-001646d85fd7	6	103290101	103290531	9	0.8881
ab56e4ea-20c9-41bd-8da2-001646d85fd7	6	103299546	103299721	5	0.0902
ab56e4ea-20c9-41bd-8da2-001646d85fd7	6	103299735	103314186	32	0.886
ab56e4ea-20c9-41bd-8da2-001646d85fd7	6	103317795	170741917	44186	0.0034
ab56e4ea-20c9-41bd-8da2-001646d85fd7	7	43355	26092670	18831	0.0124
ab56e4ea-20c9-41bd-8da2-001646d85fd7	7	26102772	26105793	4	-3.5938
ab56e4ea-20c9-41bd-8da2-001646d85fd7	7	26107599	28840104	1907	0.0216
ab56e4ea-20c9-41bd-8da2-001646d85fd7	7	28842980	28843866	2	-1.4494
ab56e4ea-20c9-41bd-8da2-001646d85fd7	7	28846954	29631102	696	0.0183
ab56e4ea-20c9-41bd-8da2-001646d85fd7	7	29634124	29646732	6	-1.0649
ab56e4ea-20c9-41bd-8da2-001646d85fd7	7	29648549	34643269	3358	0.0004
ab56e4ea-20c9-41bd-8da2-001646d85fd7	7	34644518	34647638	3	-1.6983
ab56e4ea-20c9-41bd-8da2-001646d85fd7	7	34648005	38283317	2582	0.0027
ab56e4ea-20c9-41bd-8da2-001646d85fd7	7	38283884	38375102	120	0.1861
ab56e4ea-20c9-41bd-8da2-001646d85fd7	7	38375461	54305455	10978	0.0016
ab56e4ea-20c9-41bd-8da2-001646d85fd7	7	54318812	54318824	6	-2.1453
ab56e4ea-20c9-41bd-8da2-001646d85fd7	7	54325795	65108474	3019	0.002
ab56e4ea-20c9-41bd-8da2-001646d85fd7	7	65133963	65190971	5	-1.4118
ab56e4ea-20c9-41bd-8da2-001646d85fd7	7	65191262	65800367	240	0.0287
ab56e4ea-20c9-41bd-8da2-001646d85fd7	7	65805317	65811213	3	1.1133
ab56e4ea-20c9-41bd-8da2-001646d85fd7	7	65811405	67734842	806	0.0278
ab56e4ea-20c9-41bd-8da2-001646d85fd7	7	67736557	67739409	3	-0.9425
ab56e4ea-20c9-41bd-8da2-001646d85fd7	7	67742850	68180799	287	-0.0162
ab56e4ea-20c9-41bd-8da2-001646d85fd7	7	68182287	68186333	6	-0.6396
ab56e4ea-20c9-41bd-8da2-001646d85fd7	7	68189093	70955452	1757	0.0058
ab56e4ea-20c9-41bd-8da2-001646d85fd7	7	70958264	70961155	2	-2.7488
ab56e4ea-20c9-41bd-8da2-001646d85fd7	7	70963257	144207186	43561	0.0086
ab56e4ea-20c9-41bd-8da2-001646d85fd7	7	144249785	144352208	14	0.7278
ab56e4ea-20c9-41bd-8da2-001646d85fd7	7	144377836	153450553	5556	0.0081
ab56e4ea-20c9-41bd-8da2-001646d85fd7	7	153450560	153450627	2	-2.7409
ab56e4ea-20c9-41bd-8da2-001646d85fd7	7	153450630	159334314	4089	0.0209
ab56e4ea-20c9-41bd-8da2-001646d85fd7	8	81254	1418902	897	0.0053
ab56e4ea-20c9-41bd-8da2-001646d85fd7	8	1419196	1419436	2	-1.7255
ab56e4ea-20c9-41bd-8da2-001646d85fd7	8	1419522	4048687	2661	0.0252
ab56e4ea-20c9-41bd-8da2-001646d85fd7	8	4050319	4050928	4	-1.1001
ab56e4ea-20c9-41bd-8da2-001646d85fd7	8	4052574	4310980	530	0.0314
ab56e4ea-20c9-41bd-8da2-001646d85fd7	8	4311094	4311141	2	-1.7958
ab56e4ea-20c9-41bd-8da2-001646d85fd7	8	4311442	7473830	3667	0.0303
ab56e4ea-20c9-41bd-8da2-001646d85fd7	8	7477487	7838739	9	-1.2547
ab56e4ea-20c9-41bd-8da2-001646d85fd7	8	7873171	12143614	3252	0.0159
ab56e4ea-20c9-41bd-8da2-001646d85fd7	8	12176798	12496221	36	-0.4975
ab56e4ea-20c9-41bd-8da2-001646d85fd7	8	12496252	25116961	10419	0.0033
ab56e4ea-20c9-41bd-8da2-001646d85fd7	8	25117007	25126818	25	-2.7245
ab56e4ea-20c9-41bd-8da2-001646d85fd7	8	25133589	60656877	20603	0.002
ab56e4ea-20c9-41bd-8da2-001646d85fd7	8	60662433	60663969	2	-1.5905
ab56e4ea-20c9-41bd-8da2-001646d85fd7	8	60664239	120134686	36125	0.002
ab56e4ea-20c9-41bd-8da2-001646d85fd7	8	120136538	120139661	2	-1.3891
ab56e4ea-20c9-41bd-8da2-001646d85fd7	8	120142300	145072769	17296	0.0053
ab56e4ea-20c9-41bd-8da2-001646d85fd7	9	46587	606699	509	0.0553
ab56e4ea-20c9-41bd-8da2-001646d85fd7	9	606844	606961	3	-2.012
ab56e4ea-20c9-41bd-8da2-001646d85fd7	9	607307	7222895	6393	0.0136
ab56e4ea-20c9-41bd-8da2-001646d85fd7	9	7226519	7232797	12	-1.6406
ab56e4ea-20c9-41bd-8da2-001646d85fd7	9	7237331	7379571	163	0.081
ab56e4ea-20c9-41bd-8da2-001646d85fd7	9	7379847	9830675	2314	-0.0055
ab56e4ea-20c9-41bd-8da2-001646d85fd7	9	9831068	11837866	1757	0.0472
ab56e4ea-20c9-41bd-8da2-001646d85fd7	9	11839399	11839805	2	-2.1157
ab56e4ea-20c9-41bd-8da2-001646d85fd7	9	11839832	23361807	9279	0.0035
ab56e4ea-20c9-41bd-8da2-001646d85fd7	9	23363117	23373486	8	1.0086
ab56e4ea-20c9-41bd-8da2-001646d85fd7	9	23378490	26393858	2171	0.0106
ab56e4ea-20c9-41bd-8da2-001646d85fd7	9	26395106	26395640	2	1.2579
ab56e4ea-20c9-41bd-8da2-001646d85fd7	9	26395678	29090448	2162	0.0173
ab56e4ea-20c9-41bd-8da2-001646d85fd7	9	29091099	29097682	4	-0.804
ab56e4ea-20c9-41bd-8da2-001646d85fd7	9	29101434	32113080	2116	0.003
ab56e4ea-20c9-41bd-8da2-001646d85fd7	9	32113140	32113152	2	-1.4748
ab56e4ea-20c9-41bd-8da2-001646d85fd7	9	32113321	39464004	4273	-0.0008
ab56e4ea-20c9-41bd-8da2-001646d85fd7	9	39464177	39481863	6	0.9612
ab56e4ea-20c9-41bd-8da2-001646d85fd7	9	39481878	39547492	12	-0.2868
ab56e4ea-20c9-41bd-8da2-001646d85fd7	9	39588611	39840169	6	1.0034
ab56e4ea-20c9-41bd-8da2-001646d85fd7	9	40018947	40990979	29	-0.2207
ab56e4ea-20c9-41bd-8da2-001646d85fd7	9	40990994	41571860	56	-0.5632
ab56e4ea-20c9-41bd-8da2-001646d85fd7	9	41635766	63580418	176	0.0119
ab56e4ea-20c9-41bd-8da2-001646d85fd7	9	63590317	63590325	5	2.0881
ab56e4ea-20c9-41bd-8da2-001646d85fd7	9	63592670	64603210	67	0.0602
ab56e4ea-20c9-41bd-8da2-001646d85fd7	9	64617921	66189025	28	-0.5035
ab56e4ea-20c9-41bd-8da2-001646d85fd7	9	66880844	135319522	46853	0.0041
ab56e4ea-20c9-41bd-8da2-001646d85fd7	9	135322259	135323776	2	-1.5904
ab56e4ea-20c9-41bd-8da2-001646d85fd7	9	135324566	138200944	1109	0.0318
ab56e4ea-20c9-41bd-8da2-001646d85fd7	10	45792	1878846	1324	0.003
ab56e4ea-20c9-41bd-8da2-001646d85fd7	10	1879212	1879226	2	-1.3621
ab56e4ea-20c9-41bd-8da2-001646d85fd7	10	1880102	2455443	532	0.0015
ab56e4ea-20c9-41bd-8da2-001646d85fd7	10	2455580	2456151	2	-1.7387
ab56e4ea-20c9-41bd-8da2-001646d85fd7	10	2456944	6369109	3542	0.0106
ab56e4ea-20c9-41bd-8da2-001646d85fd7	10	6369253	6369519	6	1.284
ab56e4ea-20c9-41bd-8da2-001646d85fd7	10	6376792	30957581	18823	0.0045
ab56e4ea-20c9-41bd-8da2-001646d85fd7	10	30962405	30962850	11	-0.81
ab56e4ea-20c9-41bd-8da2-001646d85fd7	10	30962893	46836986	7497	0.0035
ab56e4ea-20c9-41bd-8da2-001646d85fd7	10	46898735	46967412	3	-1.2385
ab56e4ea-20c9-41bd-8da2-001646d85fd7	10	47002596	57335807	7038	0.0088
ab56e4ea-20c9-41bd-8da2-001646d85fd7	10	57335928	57336505	9	-0.7127
ab56e4ea-20c9-41bd-8da2-001646d85fd7	10	57337873	57478852	90	-0.0249
ab56e4ea-20c9-41bd-8da2-001646d85fd7	10	57479376	57484863	6	-1.2827
ab56e4ea-20c9-41bd-8da2-001646d85fd7	10	57490663	65549252	5565	0.0043
ab56e4ea-20c9-41bd-8da2-001646d85fd7	10	65551197	65563037	14	0.5219
ab56e4ea-20c9-41bd-8da2-001646d85fd7	10	65563168	76493093	6784	0.0072
ab56e4ea-20c9-41bd-8da2-001646d85fd7	10	76497303	76497852	2	1.6455
ab56e4ea-20c9-41bd-8da2-001646d85fd7	10	76501509	122574497	31536	0.0027
ab56e4ea-20c9-41bd-8da2-001646d85fd7	10	122584593	122591497	6	-0.9013
ab56e4ea-20c9-41bd-8da2-001646d85fd7	10	122597296	133654968	7902	0.0111
ab56e4ea-20c9-41bd-8da2-001646d85fd7	11	198510	2288502	713	0.0447
ab56e4ea-20c9-41bd-8da2-001646d85fd7	11	2289375	2289640	2	-1.4756
ab56e4ea-20c9-41bd-8da2-001646d85fd7	11	2289922	4286769	1044	0.0079
ab56e4ea-20c9-41bd-8da2-001646d85fd7	11	4298482	4306942	4	-0.8407
ab56e4ea-20c9-41bd-8da2-001646d85fd7	11	4314648	4954445	684	0.0086
ab56e4ea-20c9-41bd-8da2-001646d85fd7	11	4954475	4955042	3	1.047
ab56e4ea-20c9-41bd-8da2-001646d85fd7	11	4955781	5761882	781	0.0029
ab56e4ea-20c9-41bd-8da2-001646d85fd7	11	5762165	5788108	37	-0.4116
ab56e4ea-20c9-41bd-8da2-001646d85fd7	11	5788231	18919323	9411	-0.001
ab56e4ea-20c9-41bd-8da2-001646d85fd7	11	18927525	18939631	35	0.7818
ab56e4ea-20c9-41bd-8da2-001646d85fd7	11	18939734	20170387	1164	-0.0038
ab56e4ea-20c9-41bd-8da2-001646d85fd7	11	20172498	20172537	2	1.0785
ab56e4ea-20c9-41bd-8da2-001646d85fd7	11	20173272	20822345	517	0.0163
ab56e4ea-20c9-41bd-8da2-001646d85fd7	11	20823306	20828212	3	-1.0039
ab56e4ea-20c9-41bd-8da2-001646d85fd7	11	20828684	24224513	2573	0.004
ab56e4ea-20c9-41bd-8da2-001646d85fd7	11	24225985	24229649	5	-0.8703
ab56e4ea-20c9-41bd-8da2-001646d85fd7	11	24229716	48576870	16335	0.0038
ab56e4ea-20c9-41bd-8da2-001646d85fd7	11	48579882	48581124	2	2.0316
ab56e4ea-20c9-41bd-8da2-001646d85fd7	11	48584766	55608785	1185	0.0079
ab56e4ea-20c9-41bd-8da2-001646d85fd7	11	55608804	55685058	50	0.414
ab56e4ea-20c9-41bd-8da2-001646d85fd7	11	55685501	75314603	10134	0.0078
ab56e4ea-20c9-41bd-8da2-001646d85fd7	11	75317653	75318123	5	-1.4007
ab56e4ea-20c9-41bd-8da2-001646d85fd7	11	75319903	76253330	502	0.0055
ab56e4ea-20c9-41bd-8da2-001646d85fd7	11	76256927	76257183	2	-1.7413
ab56e4ea-20c9-41bd-8da2-001646d85fd7	11	76258476	86594619	7124	0.0069
ab56e4ea-20c9-41bd-8da2-001646d85fd7	11	86594771	86595012	5	-0.9397
ab56e4ea-20c9-41bd-8da2-001646d85fd7	11	86604132	96245055	6618	0.0044
ab56e4ea-20c9-41bd-8da2-001646d85fd7	11	96246528	96246636	3	-1.2506
ab56e4ea-20c9-41bd-8da2-001646d85fd7	11	96249404	101723653	4178	0.0051
ab56e4ea-20c9-41bd-8da2-001646d85fd7	11	101727129	101727233	4	1.377
ab56e4ea-20c9-41bd-8da2-001646d85fd7	11	101727481	111562047	6535	0.0127
ab56e4ea-20c9-41bd-8da2-001646d85fd7	11	111563901	111567204	3	-1.1979
ab56e4ea-20c9-41bd-8da2-001646d85fd7	11	111569700	133939066	16349	-0.0041
ab56e4ea-20c9-41bd-8da2-001646d85fd7	11	133939583	135074876	846	0.0559
ab56e4ea-20c9-41bd-8da2-001646d85fd7	12	51460	9477960	6176	0.0114
ab56e4ea-20c9-41bd-8da2-001646d85fd7	12	9481274	9575696	24	-2.1125
ab56e4ea-20c9-41bd-8da2-001646d85fd7	12	9582373	11068125	1038	0.0124
ab56e4ea-20c9-41bd-8da2-001646d85fd7	12	11070111	11088933	9	-1.5381
ab56e4ea-20c9-41bd-8da2-001646d85fd7	12	11099275	33141726	15541	0.0039
ab56e4ea-20c9-41bd-8da2-001646d85fd7	12	33148472	33154440	27	-0.6158
ab56e4ea-20c9-41bd-8da2-001646d85fd7	12	33155426	41156419	2817	0.0198
ab56e4ea-20c9-41bd-8da2-001646d85fd7	12	41163123	41176273	9	-1.0773
ab56e4ea-20c9-41bd-8da2-001646d85fd7	12	41186375	45510655	2764	0.0107
ab56e4ea-20c9-41bd-8da2-001646d85fd7	12	45512057	45515754	3	-2.3965
ab56e4ea-20c9-41bd-8da2-001646d85fd7	12	45519509	46025042	276	-0.0437
ab56e4ea-20c9-41bd-8da2-001646d85fd7	12	46025131	46025303	2	-1.619
ab56e4ea-20c9-41bd-8da2-001646d85fd7	12	46027193	127686756	52160	0.0013
ab56e4ea-20c9-41bd-8da2-001646d85fd7	12	127686803	128178086	408	0.1006
ab56e4ea-20c9-41bd-8da2-001646d85fd7	12	128178570	129311849	1067	0.0136
ab56e4ea-20c9-41bd-8da2-001646d85fd7	12	129311939	130842024	1322	0.0663
ab56e4ea-20c9-41bd-8da2-001646d85fd7	12	130843215	131289421	328	-0.0191
ab56e4ea-20c9-41bd-8da2-001646d85fd7	12	131290753	131290763	2	-2.077
ab56e4ea-20c9-41bd-8da2-001646d85fd7	12	131291086	131636170	322	0.0024
ab56e4ea-20c9-41bd-8da2-001646d85fd7	12	131648039	131648790	13	0.6283
ab56e4ea-20c9-41bd-8da2-001646d85fd7	12	131657925	133201603	559	0.0217
ab56e4ea-20c9-41bd-8da2-001646d85fd7	13	18452809	23055048	2856	0.0155
ab56e4ea-20c9-41bd-8da2-001646d85fd7	13	23055071	23059376	13	-0.9123
ab56e4ea-20c9-41bd-8da2-001646d85fd7	13	23064056	23911723	643	0.0138
ab56e4ea-20c9-41bd-8da2-001646d85fd7	13	23911776	23921773	10	0.4972
ab56e4ea-20c9-41bd-8da2-001646d85fd7	13	23922979	24056776	110	0.0413
ab56e4ea-20c9-41bd-8da2-001646d85fd7	13	24058001	24058911	4	-0.8751
ab56e4ea-20c9-41bd-8da2-001646d85fd7	13	24061115	37496998	9850	0.0032
ab56e4ea-20c9-41bd-8da2-001646d85fd7	13	37497899	37510620	16	0.8341
ab56e4ea-20c9-41bd-8da2-001646d85fd7	13	37514193	38478674	700	0.0045
ab56e4ea-20c9-41bd-8da2-001646d85fd7	13	38483435	38483919	2	1.7286
ab56e4ea-20c9-41bd-8da2-001646d85fd7	13	38490920	57176962	11829	0.004
ab56e4ea-20c9-41bd-8da2-001646d85fd7	13	57184136	57204246	34	-0.8834
ab56e4ea-20c9-41bd-8da2-001646d85fd7	13	57215580	73143008	9874	0.0127
ab56e4ea-20c9-41bd-8da2-001646d85fd7	13	73149376	73149893	2	-1.4309
ab56e4ea-20c9-41bd-8da2-001646d85fd7	13	73150435	114342922	28230	0.0075
ab56e4ea-20c9-41bd-8da2-001646d85fd7	14	18239283	19732222	66	0.1701
ab56e4ea-20c9-41bd-8da2-001646d85fd7	14	19732250	19951992	98	0.6375
ab56e4ea-20c9-41bd-8da2-001646d85fd7	14	19952080	22028174	1440	0.0245
ab56e4ea-20c9-41bd-8da2-001646d85fd7	14	22028343	22496095	394	0.2023
ab56e4ea-20c9-41bd-8da2-001646d85fd7	14	22496189	26294421	2471	0.0172
ab56e4ea-20c9-41bd-8da2-001646d85fd7	14	26300516	26300517	2	-1.2959
ab56e4ea-20c9-41bd-8da2-001646d85fd7	14	26300519	40139724	8575	0.0008
ab56e4ea-20c9-41bd-8da2-001646d85fd7	14	40144718	40147715	2	1.2859
ab56e4ea-20c9-41bd-8da2-001646d85fd7	14	40148961	41139155	721	0.0135
ab56e4ea-20c9-41bd-8da2-001646d85fd7	14	41141293	41168612	12	-0.5814
ab56e4ea-20c9-41bd-8da2-001646d85fd7	14	41184774	106321086	41363	0.0026
ab56e4ea-20c9-41bd-8da2-001646d85fd7	14	106340102	106346115	6	-2.8159
ab56e4ea-20c9-41bd-8da2-001646d85fd7	14	106346129	106423925	33	-0.1103
ab56e4ea-20c9-41bd-8da2-001646d85fd7	14	106425447	106487515	50	-0.5937
ab56e4ea-20c9-41bd-8da2-001646d85fd7	14	106487827	106877229	192	0.0005
ab56e4ea-20c9-41bd-8da2-001646d85fd7	15	19811075	20206773	59	-0.1665
ab56e4ea-20c9-41bd-8da2-001646d85fd7	15	20207225	20986779	95	0.7082
ab56e4ea-20c9-41bd-8da2-001646d85fd7	15	20986997	21096887	13	1.2442
ab56e4ea-20c9-41bd-8da2-001646d85fd7	15	21262847	22294951	36	0.4642
ab56e4ea-20c9-41bd-8da2-001646d85fd7	15	22296480	43553305	12970	0.0069
ab56e4ea-20c9-41bd-8da2-001646d85fd7	15	43592920	43646185	21	-0.8615
ab56e4ea-20c9-41bd-8da2-001646d85fd7	15	43646608	62974005	12868	0.003
ab56e4ea-20c9-41bd-8da2-001646d85fd7	15	62975737	62976901	2	-1.3418
ab56e4ea-20c9-41bd-8da2-001646d85fd7	15	62978503	63630553	427	-0.002
ab56e4ea-20c9-41bd-8da2-001646d85fd7	15	63632869	63639415	4	-1.5166
ab56e4ea-20c9-41bd-8da2-001646d85fd7	15	63642657	101928837	25071	0.0039
ab56e4ea-20c9-41bd-8da2-001646d85fd7	16	10777	6696744	3992	0.0202
ab56e4ea-20c9-41bd-8da2-001646d85fd7	16	6697138	6975027	354	0.1111
ab56e4ea-20c9-41bd-8da2-001646d85fd7	16	6976211	19933041	9116	0.0097
ab56e4ea-20c9-41bd-8da2-001646d85fd7	16	19934328	19956040	29	-0.9009
ab56e4ea-20c9-41bd-8da2-001646d85fd7	16	19958932	78337711	27737	0.0001
ab56e4ea-20c9-41bd-8da2-001646d85fd7	16	78338543	78350868	17	0.9755
ab56e4ea-20c9-41bd-8da2-001646d85fd7	16	78351104	83995534	6332	0.0118
ab56e4ea-20c9-41bd-8da2-001646d85fd7	16	83995951	84792227	738	0.0941
ab56e4ea-20c9-41bd-8da2-001646d85fd7	16	84794079	88714632	2957	0.0099
ab56e4ea-20c9-41bd-8da2-001646d85fd7	16	88715442	88767066	10	0.5467
ab56e4ea-20c9-41bd-8da2-001646d85fd7	16	88769171	90096867	583	0.0566
ab56e4ea-20c9-41bd-8da2-001646d85fd7	17	150733	21414459	12590	0.0097
ab56e4ea-20c9-41bd-8da2-001646d85fd7	17	21425367	21661661	84	-0.9166
ab56e4ea-20c9-41bd-8da2-001646d85fd7	17	21774057	41265433	8149	0.0019
ab56e4ea-20c9-41bd-8da2-001646d85fd7	17	41265456	41274198	24	0.7286
ab56e4ea-20c9-41bd-8da2-001646d85fd7	17	41274279	41425524	146	-0.0277
ab56e4ea-20c9-41bd-8da2-001646d85fd7	17	41426779	41430789	2	-1.0801
ab56e4ea-20c9-41bd-8da2-001646d85fd7	17	41430899	46085732	2353	0.0237
ab56e4ea-20c9-41bd-8da2-001646d85fd7	17	46088437	46351954	126	0.4255
ab56e4ea-20c9-41bd-8da2-001646d85fd7	17	46446345	55544982	5342	-0.0001
ab56e4ea-20c9-41bd-8da2-001646d85fd7	17	55545649	55545755	2	-1.1953
ab56e4ea-20c9-41bd-8da2-001646d85fd7	17	55548781	73802973	11463	0.0045
ab56e4ea-20c9-41bd-8da2-001646d85fd7	17	73803224	74689025	574	0.0854
ab56e4ea-20c9-41bd-8da2-001646d85fd7	17	74694557	83091923	4197	0.0118
ab56e4ea-20c9-41bd-8da2-001646d85fd7	18	48133	5959259	4217	0.009
ab56e4ea-20c9-41bd-8da2-001646d85fd7	18	5960166	6116763	147	0.1694
ab56e4ea-20c9-41bd-8da2-001646d85fd7	18	6118373	42471713	19665	-0.0024
ab56e4ea-20c9-41bd-8da2-001646d85fd7	18	42476604	42477802	25	-0.7424
ab56e4ea-20c9-41bd-8da2-001646d85fd7	18	42478430	60594566	12458	-0.003
ab56e4ea-20c9-41bd-8da2-001646d85fd7	18	60597221	60646262	28	0.5601
ab56e4ea-20c9-41bd-8da2-001646d85fd7	18	60646397	65533243	3400	0.0073
ab56e4ea-20c9-41bd-8da2-001646d85fd7	18	65535759	65537481	16	0.6497
ab56e4ea-20c9-41bd-8da2-001646d85fd7	18	65540037	66099904	418	0.0302
ab56e4ea-20c9-41bd-8da2-001646d85fd7	18	66100052	66100686	2	-2.9057
ab56e4ea-20c9-41bd-8da2-001646d85fd7	18	66108359	69540616	2566	0.018
ab56e4ea-20c9-41bd-8da2-001646d85fd7	18	69541156	69550035	7	-0.8761
ab56e4ea-20c9-41bd-8da2-001646d85fd7	18	69550306	80257174	7808	0.0142
ab56e4ea-20c9-41bd-8da2-001646d85fd7	19	90910	43037267	20532	0.0052
ab56e4ea-20c9-41bd-8da2-001646d85fd7	19	43038679	43099219	19	-1.0976
ab56e4ea-20c9-41bd-8da2-001646d85fd7	19	43103053	43156587	30	0.0958
ab56e4ea-20c9-41bd-8da2-001646d85fd7	19	43156655	43342242	82	-0.8344
ab56e4ea-20c9-41bd-8da2-001646d85fd7	19	43348449	58586487	8455	0.0194
ab56e4ea-20c9-41bd-8da2-001646d85fd7	20	80664	1569688	1178	0.0323
ab56e4ea-20c9-41bd-8da2-001646d85fd7	20	1571470	1580353	25	-0.5464
ab56e4ea-20c9-41bd-8da2-001646d85fd7	20	1580934	1613247	41	1.8901
ab56e4ea-20c9-41bd-8da2-001646d85fd7	20	1617300	64324800	41145	0.0048
ab56e4ea-20c9-41bd-8da2-001646d85fd7	21	10354168	10682775	83	0.3534
ab56e4ea-20c9-41bd-8da2-001646d85fd7	21	10753316	25273614	8550	0.0097
ab56e4ea-20c9-41bd-8da2-001646d85fd7	21	25274223	25275012	2	1.3765
ab56e4ea-20c9-41bd-8da2-001646d85fd7	21	25276905	36153531	7832	-0.001
ab56e4ea-20c9-41bd-8da2-001646d85fd7	21	36153629	36153647	2	-1.228
ab56e4ea-20c9-41bd-8da2-001646d85fd7	21	36160821	42134417	4967	0.0047
ab56e4ea-20c9-41bd-8da2-001646d85fd7	21	42137549	42139672	2	-1.2184
ab56e4ea-20c9-41bd-8da2-001646d85fd7	21	42139792	43313400	707	-0.0088
ab56e4ea-20c9-41bd-8da2-001646d85fd7	21	43319168	43374861	44	0.2362
ab56e4ea-20c9-41bd-8da2-001646d85fd7	21	43572694	45419655	950	0.0117
ab56e4ea-20c9-41bd-8da2-001646d85fd7	21	45419710	45559732	58	0.2341
ab56e4ea-20c9-41bd-8da2-001646d85fd7	21	45559862	46677045	668	0.0376
ab56e4ea-20c9-41bd-8da2-001646d85fd7	22	15294547	23987520	4395	0.027
ab56e4ea-20c9-41bd-8da2-001646d85fd7	22	23988078	23990739	4	-2.295
ab56e4ea-20c9-41bd-8da2-001646d85fd7	22	23995113	25248950	805	0.0105
ab56e4ea-20c9-41bd-8da2-001646d85fd7	22	25253254	25256216	5	-0.9223
ab56e4ea-20c9-41bd-8da2-001646d85fd7	22	25260266	33777419	6440	0.0031
ab56e4ea-20c9-41bd-8da2-001646d85fd7	22	33778960	33778986	3	-0.9634
ab56e4ea-20c9-41bd-8da2-001646d85fd7	22	33778998	38891905	3548	0.0085
ab56e4ea-20c9-41bd-8da2-001646d85fd7	22	38894915	38900535	3	0.9319
ab56e4ea-20c9-41bd-8da2-001646d85fd7	22	38900899	42501276	1955	0.0145
ab56e4ea-20c9-41bd-8da2-001646d85fd7	22	42503434	42559425	25	0.5808
ab56e4ea-20c9-41bd-8da2-001646d85fd7	22	42559782	42768404	110	0.0789
ab56e4ea-20c9-41bd-8da2-001646d85fd7	22	42775258	48956708	4814	0.0077
ab56e4ea-20c9-41bd-8da2-001646d85fd7	22	48957301	50796027	1178	0.0684
ab56e4ea-20c9-41bd-8da2-001646d85fd7	X	251810	73522282	38116	0.0062
ab56e4ea-20c9-41bd-8da2-001646d85fd7	X	73523565	73532861	3	-2.9419
ab56e4ea-20c9-41bd-8da2-001646d85fd7	X	73534390	124461796	27103	0.0009
ab56e4ea-20c9-41bd-8da2-001646d85fd7	X	124462156	124462169	2	-2.9155
ab56e4ea-20c9-41bd-8da2-001646d85fd7	X	124463687	125666937	722	0.0022
ab56e4ea-20c9-41bd-8da2-001646d85fd7	X	125669632	125676616	4	-1.5206
ab56e4ea-20c9-41bd-8da2-001646d85fd7	X	125679581	138490273	6976	0.0079
ab56e4ea-20c9-41bd-8da2-001646d85fd7	X	138490511	138490686	3	-4.0183
ab56e4ea-20c9-41bd-8da2-001646d85fd7	X	138490846	145503607	4537	0.0052
ab56e4ea-20c9-41bd-8da2-001646d85fd7	X	145504021	145504118	2	1.8138
ab56e4ea-20c9-41bd-8da2-001646d85fd7	X	145504156	150277008	3192	0.0031
ab56e4ea-20c9-41bd-8da2-001646d85fd7	X	150277818	150289257	10	-0.8422
ab56e4ea-20c9-41bd-8da2-001646d85fd7	X	150289352	155952689	2940	0.0187
ab56e4ea-20c9-41bd-8da2-001646d85fd7	Y	2782397	56872112	6640	-0.9683
