GDC_Aliquot	Chromosome	Start	End	Num_Probes	Segment_Mean
6851af0a-01ea-40e2-bcee-f0d9f3005d32	1	62920	98602	13	-0.1862
6851af0a-01ea-40e2-bcee-f0d9f3005d32	1	259407	3285881	720	0.0874
6851af0a-01ea-40e2-bcee-f0d9f3005d32	1	3286332	9255788	3924	0.0083
6851af0a-01ea-40e2-bcee-f0d9f3005d32	1	9266599	9342344	57	0.6499
6851af0a-01ea-40e2-bcee-f0d9f3005d32	1	9344634	12807830	1793	0.0071
6851af0a-01ea-40e2-bcee-f0d9f3005d32	1	12813243	13114062	16	0.4983
6851af0a-01ea-40e2-bcee-f0d9f3005d32	1	13118266	15822848	1812	0.013
6851af0a-01ea-40e2-bcee-f0d9f3005d32	1	15823420	15827430	7	0.6954
6851af0a-01ea-40e2-bcee-f0d9f3005d32	1	15827706	16863509	359	0.0079
6851af0a-01ea-40e2-bcee-f0d9f3005d32	1	16864367	16935752	54	-0.4702
6851af0a-01ea-40e2-bcee-f0d9f3005d32	1	16949746	20556929	2540	0.0079
6851af0a-01ea-40e2-bcee-f0d9f3005d32	1	20557010	20557323	3	-0.9047
6851af0a-01ea-40e2-bcee-f0d9f3005d32	1	20558448	30006923	4912	0.0142
6851af0a-01ea-40e2-bcee-f0d9f3005d32	1	30012663	30015714	5	-1.0226
6851af0a-01ea-40e2-bcee-f0d9f3005d32	1	30017747	63003832	20209	0.0059
6851af0a-01ea-40e2-bcee-f0d9f3005d32	1	63005821	63006432	3	-1.2079
6851af0a-01ea-40e2-bcee-f0d9f3005d32	1	63007197	72284670	6344	0.0052
6851af0a-01ea-40e2-bcee-f0d9f3005d32	1	72290430	72297687	9	-0.7948
6851af0a-01ea-40e2-bcee-f0d9f3005d32	1	72302735	72345465	48	1.164
6851af0a-01ea-40e2-bcee-f0d9f3005d32	1	72346221	103621165	20036	0.0031
6851af0a-01ea-40e2-bcee-f0d9f3005d32	1	103697067	103760781	5	-0.904
6851af0a-01ea-40e2-bcee-f0d9f3005d32	1	103760879	105476583	918	0.0158
6851af0a-01ea-40e2-bcee-f0d9f3005d32	1	105476614	105479753	16	-0.4553
6851af0a-01ea-40e2-bcee-f0d9f3005d32	1	105481433	109690352	2638	0.0096
6851af0a-01ea-40e2-bcee-f0d9f3005d32	1	109690415	109690705	4	-1.6832
6851af0a-01ea-40e2-bcee-f0d9f3005d32	1	109690949	112147626	1957	0.013
6851af0a-01ea-40e2-bcee-f0d9f3005d32	1	112147704	112163438	28	0.4088
6851af0a-01ea-40e2-bcee-f0d9f3005d32	1	112163440	152583051	7602	0.0141
6851af0a-01ea-40e2-bcee-f0d9f3005d32	1	152583230	152613762	31	-1.7758
6851af0a-01ea-40e2-bcee-f0d9f3005d32	1	152613802	152787202	169	-0.0095
6851af0a-01ea-40e2-bcee-f0d9f3005d32	1	152789447	152801429	38	0.4535
6851af0a-01ea-40e2-bcee-f0d9f3005d32	1	152804279	161648901	5262	0.0014
6851af0a-01ea-40e2-bcee-f0d9f3005d32	1	161649069	161649268	6	-0.9927
6851af0a-01ea-40e2-bcee-f0d9f3005d32	1	161678447	169247699	6009	0.0015
6851af0a-01ea-40e2-bcee-f0d9f3005d32	1	169264736	169272528	7	-2.775
6851af0a-01ea-40e2-bcee-f0d9f3005d32	1	169273163	172577280	2293	0.0125
6851af0a-01ea-40e2-bcee-f0d9f3005d32	1	172590183	172590390	2	-1.4951
6851af0a-01ea-40e2-bcee-f0d9f3005d32	1	172591373	238486457	44507	0.0021
6851af0a-01ea-40e2-bcee-f0d9f3005d32	1	238489372	238612525	132	0.5468
6851af0a-01ea-40e2-bcee-f0d9f3005d32	1	238612987	248930189	7121	0.0049
6851af0a-01ea-40e2-bcee-f0d9f3005d32	2	12784	34437911	24074	0.0038
6851af0a-01ea-40e2-bcee-f0d9f3005d32	2	34438291	34511990	55	0.5918
6851af0a-01ea-40e2-bcee-f0d9f3005d32	2	34512096	35750907	871	0.0155
6851af0a-01ea-40e2-bcee-f0d9f3005d32	2	35752724	35762850	6	-1.786
6851af0a-01ea-40e2-bcee-f0d9f3005d32	2	35762881	52527423	12128	0.0028
6851af0a-01ea-40e2-bcee-f0d9f3005d32	2	52527590	52527743	3	-1.568
6851af0a-01ea-40e2-bcee-f0d9f3005d32	2	52531615	52554404	33	0.5891
6851af0a-01ea-40e2-bcee-f0d9f3005d32	2	52560811	89920951	22774	0.0029
6851af0a-01ea-40e2-bcee-f0d9f3005d32	2	89928014	90224032	122	-0.8067
6851af0a-01ea-40e2-bcee-f0d9f3005d32	2	90228220	125684646	17985	0.0038
6851af0a-01ea-40e2-bcee-f0d9f3005d32	2	125694074	125694336	2	-2.583
6851af0a-01ea-40e2-bcee-f0d9f3005d32	2	125694355	146104517	12367	-0.0012
6851af0a-01ea-40e2-bcee-f0d9f3005d32	2	146106836	146109366	24	0.7403
6851af0a-01ea-40e2-bcee-f0d9f3005d32	2	146120238	147177222	530	-0.0009
6851af0a-01ea-40e2-bcee-f0d9f3005d32	2	147183774	147188778	3	-0.995
6851af0a-01ea-40e2-bcee-f0d9f3005d32	2	147189314	152930971	3669	-0.0069
6851af0a-01ea-40e2-bcee-f0d9f3005d32	2	152939554	152940270	3	-1.2639
6851af0a-01ea-40e2-bcee-f0d9f3005d32	2	152944055	155095579	1291	0.0053
6851af0a-01ea-40e2-bcee-f0d9f3005d32	2	155096158	155096417	2	-1.8734
6851af0a-01ea-40e2-bcee-f0d9f3005d32	2	155099897	212316597	34523	0.0023
6851af0a-01ea-40e2-bcee-f0d9f3005d32	2	212321824	212327101	25	-0.8798
6851af0a-01ea-40e2-bcee-f0d9f3005d32	2	212327402	219702258	4636	-0.0031
6851af0a-01ea-40e2-bcee-f0d9f3005d32	2	219702670	219702688	2	-1.3589
6851af0a-01ea-40e2-bcee-f0d9f3005d32	2	219703372	222484866	1950	-0.013
6851af0a-01ea-40e2-bcee-f0d9f3005d32	2	222486624	222486753	2	-1.3351
6851af0a-01ea-40e2-bcee-f0d9f3005d32	2	222487540	241841244	12297	0.004
6851af0a-01ea-40e2-bcee-f0d9f3005d32	2	241973315	242092368	103	-0.8324
6851af0a-01ea-40e2-bcee-f0d9f3005d32	2	242095460	242147305	24	0.1105
6851af0a-01ea-40e2-bcee-f0d9f3005d32	3	20930	52989195	35714	0.0079
6851af0a-01ea-40e2-bcee-f0d9f3005d32	3	52994359	53005247	39	-0.4289
6851af0a-01ea-40e2-bcee-f0d9f3005d32	3	53005263	68682877	12030	0.0071
6851af0a-01ea-40e2-bcee-f0d9f3005d32	3	68697013	68698262	15	1.2773
6851af0a-01ea-40e2-bcee-f0d9f3005d32	3	68699607	84650607	9913	-0.0001
6851af0a-01ea-40e2-bcee-f0d9f3005d32	3	84650642	84652985	12	-0.4841
6851af0a-01ea-40e2-bcee-f0d9f3005d32	3	84653010	99218940	5981	0.0013
6851af0a-01ea-40e2-bcee-f0d9f3005d32	3	99225614	99230448	34	-0.4115
6851af0a-01ea-40e2-bcee-f0d9f3005d32	3	99230457	162813082	39029	0.005
6851af0a-01ea-40e2-bcee-f0d9f3005d32	3	162815162	162822702	7	1.4351
6851af0a-01ea-40e2-bcee-f0d9f3005d32	3	162827928	162996729	120	-0.0319
6851af0a-01ea-40e2-bcee-f0d9f3005d32	3	162999939	163001774	2	1.4005
6851af0a-01ea-40e2-bcee-f0d9f3005d32	3	163008371	193156958	19094	0.0117
6851af0a-01ea-40e2-bcee-f0d9f3005d32	3	193160113	193162937	10	0.5579
6851af0a-01ea-40e2-bcee-f0d9f3005d32	3	193163042	198169247	2703	0.0189
6851af0a-01ea-40e2-bcee-f0d9f3005d32	4	68929	513886	189	0.0529
6851af0a-01ea-40e2-bcee-f0d9f3005d32	4	515389	780078	76	0.1297
6851af0a-01ea-40e2-bcee-f0d9f3005d32	4	780829	788513	4	0.7294
6851af0a-01ea-40e2-bcee-f0d9f3005d32	4	800143	882206	39	0.1711
6851af0a-01ea-40e2-bcee-f0d9f3005d32	4	886545	10208766	5393	0.0101
6851af0a-01ea-40e2-bcee-f0d9f3005d32	4	10221792	10234518	36	0.4768
6851af0a-01ea-40e2-bcee-f0d9f3005d32	4	10236812	20561077	7611	0.0004
6851af0a-01ea-40e2-bcee-f0d9f3005d32	4	20561292	20561343	2	1.313
6851af0a-01ea-40e2-bcee-f0d9f3005d32	4	20561426	34777432	9357	0.0028
6851af0a-01ea-40e2-bcee-f0d9f3005d32	4	34784878	34823103	38	0.669
6851af0a-01ea-40e2-bcee-f0d9f3005d32	4	34828250	40698556	3882	0.0035
6851af0a-01ea-40e2-bcee-f0d9f3005d32	4	40701994	40702175	3	-1.6685
6851af0a-01ea-40e2-bcee-f0d9f3005d32	4	40702670	63831799	12677	0.0044
6851af0a-01ea-40e2-bcee-f0d9f3005d32	4	63831812	63842505	25	0.4172
6851af0a-01ea-40e2-bcee-f0d9f3005d32	4	63842540	64958440	669	0.0033
6851af0a-01ea-40e2-bcee-f0d9f3005d32	4	64958534	64958552	2	-1.8301
6851af0a-01ea-40e2-bcee-f0d9f3005d32	4	64958595	68394833	2185	0.0136
6851af0a-01ea-40e2-bcee-f0d9f3005d32	4	68395346	68429081	7	-0.7718
6851af0a-01ea-40e2-bcee-f0d9f3005d32	4	68439221	68494770	9	0.0363
6851af0a-01ea-40e2-bcee-f0d9f3005d32	4	68501424	68581854	41	0.4085
6851af0a-01ea-40e2-bcee-f0d9f3005d32	4	68581970	68589571	6	-0.2876
6851af0a-01ea-40e2-bcee-f0d9f3005d32	4	68590904	68639397	22	0.3747
6851af0a-01ea-40e2-bcee-f0d9f3005d32	4	68640616	69265191	318	0.0573
6851af0a-01ea-40e2-bcee-f0d9f3005d32	4	69265628	69366406	51	0.2811
6851af0a-01ea-40e2-bcee-f0d9f3005d32	4	69370433	107130343	22882	0.0041
6851af0a-01ea-40e2-bcee-f0d9f3005d32	4	107144594	107154401	33	-0.6505
6851af0a-01ea-40e2-bcee-f0d9f3005d32	4	107154866	114252544	4412	0.0127
6851af0a-01ea-40e2-bcee-f0d9f3005d32	4	114254167	114261019	23	-1.5018
6851af0a-01ea-40e2-bcee-f0d9f3005d32	4	114263073	137258291	13335	0.0078
6851af0a-01ea-40e2-bcee-f0d9f3005d32	4	137261279	137269730	50	-0.7266
6851af0a-01ea-40e2-bcee-f0d9f3005d32	4	137270816	156047028	11502	0.0033
6851af0a-01ea-40e2-bcee-f0d9f3005d32	4	156047131	156047146	2	-1.505
6851af0a-01ea-40e2-bcee-f0d9f3005d32	4	156047321	169656097	8651	0.0058
6851af0a-01ea-40e2-bcee-f0d9f3005d32	4	169656265	169656756	2	-2.6954
6851af0a-01ea-40e2-bcee-f0d9f3005d32	4	169657377	172066777	1514	0.0145
6851af0a-01ea-40e2-bcee-f0d9f3005d32	4	172067997	172068382	12	0.8468
6851af0a-01ea-40e2-bcee-f0d9f3005d32	4	172074828	190106768	12074	0.0079
6851af0a-01ea-40e2-bcee-f0d9f3005d32	5	15532	1838037	894	0.0726
6851af0a-01ea-40e2-bcee-f0d9f3005d32	5	1838269	21376735	14776	0.0058
6851af0a-01ea-40e2-bcee-f0d9f3005d32	5	21377730	21377744	2	-1.9553
6851af0a-01ea-40e2-bcee-f0d9f3005d32	5	21385957	46271828	15006	0.0069
6851af0a-01ea-40e2-bcee-f0d9f3005d32	5	46272419	46273400	5	-2.6683
6851af0a-01ea-40e2-bcee-f0d9f3005d32	5	46278110	58025819	5072	0.0015
6851af0a-01ea-40e2-bcee-f0d9f3005d32	5	58030200	58037706	32	1.6569
6851af0a-01ea-40e2-bcee-f0d9f3005d32	5	58042530	180953203	76899	0.0041
6851af0a-01ea-40e2-bcee-f0d9f3005d32	5	180960138	180991103	16	0.7058
6851af0a-01ea-40e2-bcee-f0d9f3005d32	5	181006225	181363319	170	0.0159
6851af0a-01ea-40e2-bcee-f0d9f3005d32	6	149661	302306	125	0.0253
6851af0a-01ea-40e2-bcee-f0d9f3005d32	6	303017	381149	77	-0.2709
6851af0a-01ea-40e2-bcee-f0d9f3005d32	6	382559	6025978	4643	0.0103
6851af0a-01ea-40e2-bcee-f0d9f3005d32	6	6033698	6034203	3	-3.4142
6851af0a-01ea-40e2-bcee-f0d9f3005d32	6	6036812	29869295	16803	0.0058
6851af0a-01ea-40e2-bcee-f0d9f3005d32	6	29869410	29933799	36	0.4987
6851af0a-01ea-40e2-bcee-f0d9f3005d32	6	29940692	31313046	642	-0.0004
6851af0a-01ea-40e2-bcee-f0d9f3005d32	6	31318499	31328674	11	0.8772
6851af0a-01ea-40e2-bcee-f0d9f3005d32	6	31342147	31380423	47	-0.1469
6851af0a-01ea-40e2-bcee-f0d9f3005d32	6	31380693	31380871	3	1.6815
6851af0a-01ea-40e2-bcee-f0d9f3005d32	6	31383258	32463515	447	0.0315
6851af0a-01ea-40e2-bcee-f0d9f3005d32	6	32463775	32602588	34	1.5686
6851af0a-01ea-40e2-bcee-f0d9f3005d32	6	32605994	32722250	76	0.2549
6851af0a-01ea-40e2-bcee-f0d9f3005d32	6	32723020	32723053	3	1.8373
6851af0a-01ea-40e2-bcee-f0d9f3005d32	6	32732907	40396586	4907	0.0079
6851af0a-01ea-40e2-bcee-f0d9f3005d32	6	40397862	40400783	5	-1.025
6851af0a-01ea-40e2-bcee-f0d9f3005d32	6	40401554	48963228	5430	0.0079
6851af0a-01ea-40e2-bcee-f0d9f3005d32	6	48964092	48967563	5	-0.8182
6851af0a-01ea-40e2-bcee-f0d9f3005d32	6	48978926	54066353	3302	0.0093
6851af0a-01ea-40e2-bcee-f0d9f3005d32	6	54066432	54067057	6	-1.5659
6851af0a-01ea-40e2-bcee-f0d9f3005d32	6	54070550	66298369	5329	0.0125
6851af0a-01ea-40e2-bcee-f0d9f3005d32	6	66298393	66327661	33	-0.7532
6851af0a-01ea-40e2-bcee-f0d9f3005d32	6	66328128	66333004	8	-2.1533
6851af0a-01ea-40e2-bcee-f0d9f3005d32	6	66333299	66338736	15	-0.8763
6851af0a-01ea-40e2-bcee-f0d9f3005d32	6	66339513	73882142	5000	0.007
6851af0a-01ea-40e2-bcee-f0d9f3005d32	6	73882509	73891694	10	0.5913
6851af0a-01ea-40e2-bcee-f0d9f3005d32	6	73893839	78253157	2764	0.0033
6851af0a-01ea-40e2-bcee-f0d9f3005d32	6	78253172	78325468	114	0.3205
6851af0a-01ea-40e2-bcee-f0d9f3005d32	6	78329517	133945130	34584	0.0049
6851af0a-01ea-40e2-bcee-f0d9f3005d32	6	133947933	133948494	2	-2.1754
6851af0a-01ea-40e2-bcee-f0d9f3005d32	6	133950934	157366396	15705	0.0037
6851af0a-01ea-40e2-bcee-f0d9f3005d32	6	157375044	157408585	6	0.9768
6851af0a-01ea-40e2-bcee-f0d9f3005d32	6	157414539	170741917	9386	0.0121
6851af0a-01ea-40e2-bcee-f0d9f3005d32	7	43355	5086591	2723	0.02
6851af0a-01ea-40e2-bcee-f0d9f3005d32	7	5092978	5176634	33	-0.8089
6851af0a-01ea-40e2-bcee-f0d9f3005d32	7	5178817	54305455	35723	0.0067
6851af0a-01ea-40e2-bcee-f0d9f3005d32	7	54318812	54318824	6	-2.1168
6851af0a-01ea-40e2-bcee-f0d9f3005d32	7	54325795	57696065	1979	-0.0041
6851af0a-01ea-40e2-bcee-f0d9f3005d32	7	57699214	62997097	212	0.1266
6851af0a-01ea-40e2-bcee-f0d9f3005d32	7	63000407	70955452	3938	0.0075
6851af0a-01ea-40e2-bcee-f0d9f3005d32	7	70958264	70961155	2	-2.618
6851af0a-01ea-40e2-bcee-f0d9f3005d32	7	70963257	76524031	2144	0.0061
6851af0a-01ea-40e2-bcee-f0d9f3005d32	7	76524046	76527224	2	-1.4333
6851af0a-01ea-40e2-bcee-f0d9f3005d32	7	76531980	76801533	76	0.0497
6851af0a-01ea-40e2-bcee-f0d9f3005d32	7	76803005	77105116	93	0.4029
6851af0a-01ea-40e2-bcee-f0d9f3005d32	7	77106361	91729225	9629	0.0112
6851af0a-01ea-40e2-bcee-f0d9f3005d32	7	91729456	91730276	8	-0.9686
6851af0a-01ea-40e2-bcee-f0d9f3005d32	7	91731675	101409205	5302	0.0076
6851af0a-01ea-40e2-bcee-f0d9f3005d32	7	101416451	101416668	2	-2.1067
6851af0a-01ea-40e2-bcee-f0d9f3005d32	7	101419630	128288208	16403	0.0092
6851af0a-01ea-40e2-bcee-f0d9f3005d32	7	128288400	128306848	20	0.5259
6851af0a-01ea-40e2-bcee-f0d9f3005d32	7	128308081	134100424	3407	0.0051
6851af0a-01ea-40e2-bcee-f0d9f3005d32	7	134100442	134105690	23	-1.8318
6851af0a-01ea-40e2-bcee-f0d9f3005d32	7	134110881	134114444	12	-0.4364
6851af0a-01ea-40e2-bcee-f0d9f3005d32	7	134121491	142063324	5191	0.0142
6851af0a-01ea-40e2-bcee-f0d9f3005d32	7	142069843	142092307	34	-2.6394
6851af0a-01ea-40e2-bcee-f0d9f3005d32	7	142099190	150148899	4810	0.0127
6851af0a-01ea-40e2-bcee-f0d9f3005d32	7	150150198	150150651	2	-2.1653
6851af0a-01ea-40e2-bcee-f0d9f3005d32	7	150154479	156592980	4422	0.0151
6851af0a-01ea-40e2-bcee-f0d9f3005d32	7	156599096	156601485	4	-3.4349
6851af0a-01ea-40e2-bcee-f0d9f3005d32	7	156602214	159334314	1625	0.0197
6851af0a-01ea-40e2-bcee-f0d9f3005d32	8	81254	5736745	6001	0.0228
6851af0a-01ea-40e2-bcee-f0d9f3005d32	8	5741204	5746973	27	-0.6142
6851af0a-01ea-40e2-bcee-f0d9f3005d32	8	5749566	7433619	1727	0.0166
6851af0a-01ea-40e2-bcee-f0d9f3005d32	8	7440674	8214781	42	-0.6714
6851af0a-01ea-40e2-bcee-f0d9f3005d32	8	8234503	8589236	345	0.0644
6851af0a-01ea-40e2-bcee-f0d9f3005d32	8	8589264	11433832	2442	-0.0123
6851af0a-01ea-40e2-bcee-f0d9f3005d32	8	11434088	12092042	431	0.0477
6851af0a-01ea-40e2-bcee-f0d9f3005d32	8	12130217	12143614	6	-2.149
6851af0a-01ea-40e2-bcee-f0d9f3005d32	8	12176798	12389977	31	0.4295
6851af0a-01ea-40e2-bcee-f0d9f3005d32	8	12418301	13289956	575	-0.0132
6851af0a-01ea-40e2-bcee-f0d9f3005d32	8	13290148	13290193	2	-2.1709
6851af0a-01ea-40e2-bcee-f0d9f3005d32	8	13290343	25113973	9841	0.0102
6851af0a-01ea-40e2-bcee-f0d9f3005d32	8	25114126	25133589	31	0.5975
6851af0a-01ea-40e2-bcee-f0d9f3005d32	8	25133612	40913994	10148	0.006
6851af0a-01ea-40e2-bcee-f0d9f3005d32	8	40914477	40920952	3	-1.3229
6851af0a-01ea-40e2-bcee-f0d9f3005d32	8	40926161	69051429	15447	0.0097
6851af0a-01ea-40e2-bcee-f0d9f3005d32	8	69051599	69058724	3	-1.0891
6851af0a-01ea-40e2-bcee-f0d9f3005d32	8	69060413	111282852	25490	0.0035
6851af0a-01ea-40e2-bcee-f0d9f3005d32	8	111282973	111283016	2	-1.9941
6851af0a-01ea-40e2-bcee-f0d9f3005d32	8	111283031	133158243	14900	0.0009
6851af0a-01ea-40e2-bcee-f0d9f3005d32	8	133160540	133161445	13	-0.4977
6851af0a-01ea-40e2-bcee-f0d9f3005d32	8	133161562	136665653	2832	-0.0029
6851af0a-01ea-40e2-bcee-f0d9f3005d32	8	136669376	136849952	174	-0.8863
6851af0a-01ea-40e2-bcee-f0d9f3005d32	8	136850173	141689783	3637	0.0054
6851af0a-01ea-40e2-bcee-f0d9f3005d32	8	141690343	142384289	396	0.0992
6851af0a-01ea-40e2-bcee-f0d9f3005d32	8	142384303	145072769	963	0.0197
6851af0a-01ea-40e2-bcee-f0d9f3005d32	9	46587	606699	509	0.0292
6851af0a-01ea-40e2-bcee-f0d9f3005d32	9	606844	606961	3	0.9796
6851af0a-01ea-40e2-bcee-f0d9f3005d32	9	607307	8001166	7211	0.0199
6851af0a-01ea-40e2-bcee-f0d9f3005d32	9	8009205	8017065	11	-0.9823
6851af0a-01ea-40e2-bcee-f0d9f3005d32	9	8020572	24497686	13491	0.0064
6851af0a-01ea-40e2-bcee-f0d9f3005d32	9	24498606	24517684	23	-0.6885
6851af0a-01ea-40e2-bcee-f0d9f3005d32	9	24519686	39588611	9931	0.0114
6851af0a-01ea-40e2-bcee-f0d9f3005d32	9	39747848	40229601	11	-0.5386
6851af0a-01ea-40e2-bcee-f0d9f3005d32	9	40712794	42295397	124	0.0837
6851af0a-01ea-40e2-bcee-f0d9f3005d32	9	42302534	42727685	22	0.4167
6851af0a-01ea-40e2-bcee-f0d9f3005d32	9	42729302	64480573	164	0.0054
6851af0a-01ea-40e2-bcee-f0d9f3005d32	9	64480578	68381085	84	0.1916
6851af0a-01ea-40e2-bcee-f0d9f3005d32	9	68384471	75387644	4956	0.005
6851af0a-01ea-40e2-bcee-f0d9f3005d32	9	75390261	75393245	3	-1.1775
6851af0a-01ea-40e2-bcee-f0d9f3005d32	9	75397543	83819543	6201	-0.0039
6851af0a-01ea-40e2-bcee-f0d9f3005d32	9	83828391	83838224	7	-0.7933
6851af0a-01ea-40e2-bcee-f0d9f3005d32	9	83841064	100670859	11359	0.0017
6851af0a-01ea-40e2-bcee-f0d9f3005d32	9	100671586	100671815	2	-1.1757
6851af0a-01ea-40e2-bcee-f0d9f3005d32	9	100675493	106913073	4558	0.013
6851af0a-01ea-40e2-bcee-f0d9f3005d32	9	106913992	106914149	2	-1.2907
6851af0a-01ea-40e2-bcee-f0d9f3005d32	9	106914612	136532614	20229	0.0084
6851af0a-01ea-40e2-bcee-f0d9f3005d32	9	136536903	136537300	3	-2.2914
6851af0a-01ea-40e2-bcee-f0d9f3005d32	9	136539349	138064329	489	0.0067
6851af0a-01ea-40e2-bcee-f0d9f3005d32	9	138064586	138111204	57	0.1521
6851af0a-01ea-40e2-bcee-f0d9f3005d32	9	138111301	138116005	8	-0.2022
6851af0a-01ea-40e2-bcee-f0d9f3005d32	9	138116189	138138491	29	0.2559
6851af0a-01ea-40e2-bcee-f0d9f3005d32	9	138138696	138200944	11	-0.0582
6851af0a-01ea-40e2-bcee-f0d9f3005d32	10	45792	24086334	19193	0.0053
6851af0a-01ea-40e2-bcee-f0d9f3005d32	10	24088745	24089125	11	-1.6578
6851af0a-01ea-40e2-bcee-f0d9f3005d32	10	24089979	46560525	12510	0.005
6851af0a-01ea-40e2-bcee-f0d9f3005d32	10	46606240	46804606	14	-0.6803
6851af0a-01ea-40e2-bcee-f0d9f3005d32	10	46810571	48079548	302	0.058
6851af0a-01ea-40e2-bcee-f0d9f3005d32	10	48079560	48114825	4	-0.973
6851af0a-01ea-40e2-bcee-f0d9f3005d32	10	48114838	65548272	12384	0.0059
6851af0a-01ea-40e2-bcee-f0d9f3005d32	10	65548833	65565695	26	0.3622
6851af0a-01ea-40e2-bcee-f0d9f3005d32	10	65566308	122564250	38321	0.0051
6851af0a-01ea-40e2-bcee-f0d9f3005d32	10	122574497	122591497	7	-0.9146
6851af0a-01ea-40e2-bcee-f0d9f3005d32	10	122597296	130381157	5833	0.0005
6851af0a-01ea-40e2-bcee-f0d9f3005d32	10	130383003	133654968	2065	0.043
6851af0a-01ea-40e2-bcee-f0d9f3005d32	11	198510	4949013	2421	0.0161
6851af0a-01ea-40e2-bcee-f0d9f3005d32	11	4949047	4955042	28	-1.5298
6851af0a-01ea-40e2-bcee-f0d9f3005d32	11	4955781	5762693	784	-0.0011
6851af0a-01ea-40e2-bcee-f0d9f3005d32	11	5766175	5788108	34	-0.6746
6851af0a-01ea-40e2-bcee-f0d9f3005d32	11	5788231	28851421	16941	0.0051
6851af0a-01ea-40e2-bcee-f0d9f3005d32	11	28851497	28861338	3	-1.2739
6851af0a-01ea-40e2-bcee-f0d9f3005d32	11	28863112	30154159	809	-0.0027
6851af0a-01ea-40e2-bcee-f0d9f3005d32	11	30154241	30154745	4	0.7346
6851af0a-01ea-40e2-bcee-f0d9f3005d32	11	30154763	34937967	3346	0.0093
6851af0a-01ea-40e2-bcee-f0d9f3005d32	11	34939757	34939810	2	-1.3628
6851af0a-01ea-40e2-bcee-f0d9f3005d32	11	34939863	55606572	10116	0.0121
6851af0a-01ea-40e2-bcee-f0d9f3005d32	11	55606712	55672514	45	0.2951
6851af0a-01ea-40e2-bcee-f0d9f3005d32	11	55674842	98393935	25907	0.0065
6851af0a-01ea-40e2-bcee-f0d9f3005d32	11	98395346	98395566	2	-2.8655
6851af0a-01ea-40e2-bcee-f0d9f3005d32	11	98398630	135074876	26388	0.0071
6851af0a-01ea-40e2-bcee-f0d9f3005d32	12	51460	8289689	5560	0.0148
6851af0a-01ea-40e2-bcee-f0d9f3005d32	12	8296516	8296621	2	2.1351
6851af0a-01ea-40e2-bcee-f0d9f3005d32	12	8300870	9477960	612	0.04
6851af0a-01ea-40e2-bcee-f0d9f3005d32	12	9481274	9554726	21	-1.7917
6851af0a-01ea-40e2-bcee-f0d9f3005d32	12	9561078	34097761	17194	0.0035
6851af0a-01ea-40e2-bcee-f0d9f3005d32	12	34103774	34111154	9	-1.0782
6851af0a-01ea-40e2-bcee-f0d9f3005d32	12	34122447	38188310	379	0.1005
6851af0a-01ea-40e2-bcee-f0d9f3005d32	12	38190189	45506042	4618	0.0094
6851af0a-01ea-40e2-bcee-f0d9f3005d32	12	45510655	45515754	4	-2.2051
6851af0a-01ea-40e2-bcee-f0d9f3005d32	12	45519509	128744341	53375	0.0036
6851af0a-01ea-40e2-bcee-f0d9f3005d32	12	128745968	128748000	7	-1.0679
6851af0a-01ea-40e2-bcee-f0d9f3005d32	12	128749443	129854498	1032	0.0072
6851af0a-01ea-40e2-bcee-f0d9f3005d32	12	129862095	130597548	614	0.0919
6851af0a-01ea-40e2-bcee-f0d9f3005d32	12	130599941	133201603	1418	0.0121
6851af0a-01ea-40e2-bcee-f0d9f3005d32	13	18452809	21320808	1572	0.0271
6851af0a-01ea-40e2-bcee-f0d9f3005d32	13	21321896	21322360	3	1.0128
6851af0a-01ea-40e2-bcee-f0d9f3005d32	13	21322617	24546791	2512	0.0199
6851af0a-01ea-40e2-bcee-f0d9f3005d32	13	24556367	24559220	5	-0.8133
6851af0a-01ea-40e2-bcee-f0d9f3005d32	13	24561767	37497899	9392	0.0064
6851af0a-01ea-40e2-bcee-f0d9f3005d32	13	37498087	37510620	15	0.7049
6851af0a-01ea-40e2-bcee-f0d9f3005d32	13	37514193	52485081	9895	0.0063
6851af0a-01ea-40e2-bcee-f0d9f3005d32	13	52497017	52571523	14	-0.5182
6851af0a-01ea-40e2-bcee-f0d9f3005d32	13	52578000	68668123	9541	0.0089
6851af0a-01ea-40e2-bcee-f0d9f3005d32	13	68674167	68694110	38	-0.6621
6851af0a-01ea-40e2-bcee-f0d9f3005d32	13	68694987	74140206	3725	0.0046
6851af0a-01ea-40e2-bcee-f0d9f3005d32	13	74143982	74146894	5	-1.0842
6851af0a-01ea-40e2-bcee-f0d9f3005d32	13	74148249	83527056	6246	0.0085
6851af0a-01ea-40e2-bcee-f0d9f3005d32	13	83531714	83581877	45	-1.0464
6851af0a-01ea-40e2-bcee-f0d9f3005d32	13	83586994	90810482	4282	0.004
6851af0a-01ea-40e2-bcee-f0d9f3005d32	13	90811046	90811693	2	-1.2906
6851af0a-01ea-40e2-bcee-f0d9f3005d32	13	90811963	113544488	16553	0.0028
6851af0a-01ea-40e2-bcee-f0d9f3005d32	13	113547012	113547055	2	-1.2475
6851af0a-01ea-40e2-bcee-f0d9f3005d32	13	113548179	114342922	296	0.0433
6851af0a-01ea-40e2-bcee-f0d9f3005d32	14	18239283	19667065	61	0.024
6851af0a-01ea-40e2-bcee-f0d9f3005d32	14	19669187	19955213	105	0.4956
6851af0a-01ea-40e2-bcee-f0d9f3005d32	14	19956767	41141293	13597	0.0057
6851af0a-01ea-40e2-bcee-f0d9f3005d32	14	41141487	41188046	13	-0.582
6851af0a-01ea-40e2-bcee-f0d9f3005d32	14	41188146	106043019	41237	0.0051
6851af0a-01ea-40e2-bcee-f0d9f3005d32	14	106047470	106877229	385	0.0938
6851af0a-01ea-40e2-bcee-f0d9f3005d32	15	19811075	20059033	51	0.0163
6851af0a-01ea-40e2-bcee-f0d9f3005d32	15	20060725	22395047	157	-0.4764
6851af0a-01ea-40e2-bcee-f0d9f3005d32	15	22413894	24887741	1296	0.0521
6851af0a-01ea-40e2-bcee-f0d9f3005d32	15	24892816	28828991	2520	0.0095
6851af0a-01ea-40e2-bcee-f0d9f3005d32	15	28845550	30231102	815	0.0677
6851af0a-01ea-40e2-bcee-f0d9f3005d32	15	30252720	30259942	4	0.8603
6851af0a-01ea-40e2-bcee-f0d9f3005d32	15	30269364	32257550	1079	0.0501
6851af0a-01ea-40e2-bcee-f0d9f3005d32	15	32283641	32285940	2	-1.2047
6851af0a-01ea-40e2-bcee-f0d9f3005d32	15	32307601	32657703	43	0.1344
6851af0a-01ea-40e2-bcee-f0d9f3005d32	15	32658863	34431375	1463	0.0005
6851af0a-01ea-40e2-bcee-f0d9f3005d32	15	34434971	34434988	2	1.2132
6851af0a-01ea-40e2-bcee-f0d9f3005d32	15	34435421	76598900	26478	0.003
6851af0a-01ea-40e2-bcee-f0d9f3005d32	15	76599170	76603434	21	-1.9333
6851af0a-01ea-40e2-bcee-f0d9f3005d32	15	76609838	101928837	17616	0.0116
6851af0a-01ea-40e2-bcee-f0d9f3005d32	16	10777	14803944	11094	0.0171
6851af0a-01ea-40e2-bcee-f0d9f3005d32	16	14803959	15022400	66	0.3831
6851af0a-01ea-40e2-bcee-f0d9f3005d32	16	15031584	19933041	2301	0.0293
6851af0a-01ea-40e2-bcee-f0d9f3005d32	16	19934328	19954553	28	-0.851
6851af0a-01ea-40e2-bcee-f0d9f3005d32	16	19956040	21582134	917	0.0124
6851af0a-01ea-40e2-bcee-f0d9f3005d32	16	21582313	21731811	97	-0.8516
6851af0a-01ea-40e2-bcee-f0d9f3005d32	16	21735181	21775420	7	-0.0956
6851af0a-01ea-40e2-bcee-f0d9f3005d32	16	21776197	21810781	5	-0.7375
6851af0a-01ea-40e2-bcee-f0d9f3005d32	16	21816477	35225338	5646	0.0108
6851af0a-01ea-40e2-bcee-f0d9f3005d32	16	35232200	35522700	168	0.4282
6851af0a-01ea-40e2-bcee-f0d9f3005d32	16	35526596	70105639	15373	0.0059
6851af0a-01ea-40e2-bcee-f0d9f3005d32	16	70117657	70163864	12	0.4471
6851af0a-01ea-40e2-bcee-f0d9f3005d32	16	70164427	74321782	2291	-0.0019
6851af0a-01ea-40e2-bcee-f0d9f3005d32	16	74322348	74373481	16	0.4806
6851af0a-01ea-40e2-bcee-f0d9f3005d32	16	74418138	90096867	13836	0.0161
6851af0a-01ea-40e2-bcee-f0d9f3005d32	17	150733	18414080	11392	0.0087
6851af0a-01ea-40e2-bcee-f0d9f3005d32	17	18452078	18561907	27	0.5563
6851af0a-01ea-40e2-bcee-f0d9f3005d32	17	18565883	46124022	11945	0.0157
6851af0a-01ea-40e2-bcee-f0d9f3005d32	17	46124072	46284643	95	-0.375
6851af0a-01ea-40e2-bcee-f0d9f3005d32	17	46284997	46351954	4	0.3143
6851af0a-01ea-40e2-bcee-f0d9f3005d32	17	46446345	46446360	2	2.8384
6851af0a-01ea-40e2-bcee-f0d9f3005d32	17	46569894	57610128	7001	0.0101
6851af0a-01ea-40e2-bcee-f0d9f3005d32	17	57610972	57611632	2	1.3995
6851af0a-01ea-40e2-bcee-f0d9f3005d32	17	57614632	61040231	1722	0.0004
6851af0a-01ea-40e2-bcee-f0d9f3005d32	17	61042450	61051379	4	-0.9731
6851af0a-01ea-40e2-bcee-f0d9f3005d32	17	61052465	73841419	8087	0.0043
6851af0a-01ea-40e2-bcee-f0d9f3005d32	17	73842080	74670881	547	0.0821
6851af0a-01ea-40e2-bcee-f0d9f3005d32	17	74675481	83091923	4200	0.0126
6851af0a-01ea-40e2-bcee-f0d9f3005d32	18	48133	42471713	24025	0.009
6851af0a-01ea-40e2-bcee-f0d9f3005d32	18	42476604	42477802	25	-0.5299
6851af0a-01ea-40e2-bcee-f0d9f3005d32	18	42478430	64543663	15222	-0.0005
6851af0a-01ea-40e2-bcee-f0d9f3005d32	18	64544391	64544711	2	-1.4481
6851af0a-01ea-40e2-bcee-f0d9f3005d32	18	64550181	66095064	1091	0.0014
6851af0a-01ea-40e2-bcee-f0d9f3005d32	18	66099904	66100686	3	-2.2807
6851af0a-01ea-40e2-bcee-f0d9f3005d32	18	66108359	80257174	10375	0.0163
6851af0a-01ea-40e2-bcee-f0d9f3005d32	19	90910	5506648	1591	0.0144
6851af0a-01ea-40e2-bcee-f0d9f3005d32	19	5510228	5510569	2	-2.464
6851af0a-01ea-40e2-bcee-f0d9f3005d32	19	5510642	7549791	983	0.0095
6851af0a-01ea-40e2-bcee-f0d9f3005d32	19	7550979	7554353	2	-3.7123
6851af0a-01ea-40e2-bcee-f0d9f3005d32	19	7557818	8870659	618	0.0052
6851af0a-01ea-40e2-bcee-f0d9f3005d32	19	8871595	8872342	2	-1.4299
6851af0a-01ea-40e2-bcee-f0d9f3005d32	19	8872553	12581187	1841	-0.005
6851af0a-01ea-40e2-bcee-f0d9f3005d32	19	12586552	12587288	2	-1.6877
6851af0a-01ea-40e2-bcee-f0d9f3005d32	19	12589709	20411869	3881	0.008
6851af0a-01ea-40e2-bcee-f0d9f3005d32	19	20413400	20449594	19	-0.6351
6851af0a-01ea-40e2-bcee-f0d9f3005d32	19	20449708	20450416	4	-2.3681
6851af0a-01ea-40e2-bcee-f0d9f3005d32	19	20450862	20533583	45	-0.5882
6851af0a-01ea-40e2-bcee-f0d9f3005d32	19	20538075	24274155	2142	0.0232
6851af0a-01ea-40e2-bcee-f0d9f3005d32	19	24278016	24282155	10	-0.5769
6851af0a-01ea-40e2-bcee-f0d9f3005d32	19	24304880	28289158	530	0.0245
6851af0a-01ea-40e2-bcee-f0d9f3005d32	19	28291955	28293064	2	-1.3895
6851af0a-01ea-40e2-bcee-f0d9f3005d32	19	28293242	30793899	1892	0.0059
6851af0a-01ea-40e2-bcee-f0d9f3005d32	19	30797211	30797633	2	-1.3497
6851af0a-01ea-40e2-bcee-f0d9f3005d32	19	30799692	35364547	3143	0.0054
6851af0a-01ea-40e2-bcee-f0d9f3005d32	19	35365141	35370946	19	-0.6208
6851af0a-01ea-40e2-bcee-f0d9f3005d32	19	35375842	58586487	12381	0.0133
6851af0a-01ea-40e2-bcee-f0d9f3005d32	20	80664	1580353	1204	0.031
6851af0a-01ea-40e2-bcee-f0d9f3005d32	20	1580934	1601561	36	1.3898
6851af0a-01ea-40e2-bcee-f0d9f3005d32	20	1609611	8588775	5214	0.0171
6851af0a-01ea-40e2-bcee-f0d9f3005d32	20	8588808	8588845	2	-1.3299
6851af0a-01ea-40e2-bcee-f0d9f3005d32	20	8588959	64324800	35914	0.0072
6851af0a-01ea-40e2-bcee-f0d9f3005d32	21	10354168	13583316	268	0.038
6851af0a-01ea-40e2-bcee-f0d9f3005d32	21	13612103	13803967	5	-0.8663
6851af0a-01ea-40e2-bcee-f0d9f3005d32	21	13812646	45376916	22838	0.0075
6851af0a-01ea-40e2-bcee-f0d9f3005d32	21	45377091	45661084	149	0.1488
6851af0a-01ea-40e2-bcee-f0d9f3005d32	21	45664980	46677045	603	0.0163
6851af0a-01ea-40e2-bcee-f0d9f3005d32	22	15294547	15729272	21	0.2525
6851af0a-01ea-40e2-bcee-f0d9f3005d32	22	15735286	15772197	11	-0.6036
6851af0a-01ea-40e2-bcee-f0d9f3005d32	22	15825678	18620743	1102	0.0257
6851af0a-01ea-40e2-bcee-f0d9f3005d32	22	18649244	18818348	5	-0.961
6851af0a-01ea-40e2-bcee-f0d9f3005d32	22	18822581	20595982	1028	0.0738
6851af0a-01ea-40e2-bcee-f0d9f3005d32	22	20596041	20605404	7	-0.9061
6851af0a-01ea-40e2-bcee-f0d9f3005d32	22	20606366	22114208	945	0.0461
6851af0a-01ea-40e2-bcee-f0d9f3005d32	22	22119549	22120255	6	-2.3414
6851af0a-01ea-40e2-bcee-f0d9f3005d32	22	22127104	23987520	1269	0.0404
6851af0a-01ea-40e2-bcee-f0d9f3005d32	22	23988078	23989773	2	-2.7628
6851af0a-01ea-40e2-bcee-f0d9f3005d32	22	23990431	25340373	866	0.0262
6851af0a-01ea-40e2-bcee-f0d9f3005d32	22	25340378	25340710	6	0.6464
6851af0a-01ea-40e2-bcee-f0d9f3005d32	22	25340711	25742050	365	0.0385
6851af0a-01ea-40e2-bcee-f0d9f3005d32	22	25742085	25742863	5	0.8662
6851af0a-01ea-40e2-bcee-f0d9f3005d32	22	25743126	38967614	9598	0.0102
6851af0a-01ea-40e2-bcee-f0d9f3005d32	22	38967679	38979302	23	-0.5625
6851af0a-01ea-40e2-bcee-f0d9f3005d32	22	38993700	50796027	8013	0.0168
6851af0a-01ea-40e2-bcee-f0d9f3005d32	X	251810	155952689	83505	0.0091
6851af0a-01ea-40e2-bcee-f0d9f3005d32	Y	2782397	23013519	6439	-0.9307
6851af0a-01ea-40e2-bcee-f0d9f3005d32	Y	23014812	23029591	2	-3.3646
6851af0a-01ea-40e2-bcee-f0d9f3005d32	Y	23045484	56872112	198	-0.9773
