GDC_Aliquot	Chromosome	Start	End	Num_Probes	Segment_Mean
df879c9e-4dff-4acf-a3ca-c9c508ce70e6	1	62920	259422	15	0.3522
df879c9e-4dff-4acf-a3ca-c9c508ce70e6	1	259926	1710664	198	-0.0053
df879c9e-4dff-4acf-a3ca-c9c508ce70e6	1	1715891	1741164	13	-0.9772
df879c9e-4dff-4acf-a3ca-c9c508ce70e6	1	1756148	15822848	8110	0.0029
df879c9e-4dff-4acf-a3ca-c9c508ce70e6	1	15823420	15827002	2	-1.5305
df879c9e-4dff-4acf-a3ca-c9c508ce70e6	1	15827041	25256800	5675	0.0043
df879c9e-4dff-4acf-a3ca-c9c508ce70e6	1	25256850	25336819	26	0.6766
df879c9e-4dff-4acf-a3ca-c9c508ce70e6	1	25336853	72284670	28722	0.001
df879c9e-4dff-4acf-a3ca-c9c508ce70e6	1	72290430	72297687	9	-1.0996
df879c9e-4dff-4acf-a3ca-c9c508ce70e6	1	72302735	72345450	46	1.5403
df879c9e-4dff-4acf-a3ca-c9c508ce70e6	1	72345465	90078859	11577	0.0059
df879c9e-4dff-4acf-a3ca-c9c508ce70e6	1	90085141	90093659	7	-1.357
df879c9e-4dff-4acf-a3ca-c9c508ce70e6	1	90094125	103613021	8424	0.0028
df879c9e-4dff-4acf-a3ca-c9c508ce70e6	1	103613109	103717617	14	-0.6693
df879c9e-4dff-4acf-a3ca-c9c508ce70e6	1	103760781	105470754	918	0.0154
df879c9e-4dff-4acf-a3ca-c9c508ce70e6	1	105476583	105481448	19	0.5278
df879c9e-4dff-4acf-a3ca-c9c508ce70e6	1	105481468	112147704	4591	-0.0009
df879c9e-4dff-4acf-a3ca-c9c508ce70e6	1	112153343	112154754	24	0.446
df879c9e-4dff-4acf-a3ca-c9c508ce70e6	1	112154768	143734438	5255	0.0054
df879c9e-4dff-4acf-a3ca-c9c508ce70e6	1	143748012	143760271	21	0.8055
df879c9e-4dff-4acf-a3ca-c9c508ce70e6	1	143762042	152583051	2321	0.0138
df879c9e-4dff-4acf-a3ca-c9c508ce70e6	1	152583230	152613762	31	-1.8466
df879c9e-4dff-4acf-a3ca-c9c508ce70e6	1	152613802	152787202	170	0.0246
df879c9e-4dff-4acf-a3ca-c9c508ce70e6	1	152789447	152801429	38	-0.4333
df879c9e-4dff-4acf-a3ca-c9c508ce70e6	1	152804279	168602593	10680	-0.002
df879c9e-4dff-4acf-a3ca-c9c508ce70e6	1	168603936	168605460	4	-1.5401
df879c9e-4dff-4acf-a3ca-c9c508ce70e6	1	168610854	169247699	589	0.0001
df879c9e-4dff-4acf-a3ca-c9c508ce70e6	1	169264736	169272528	7	0.7785
df879c9e-4dff-4acf-a3ca-c9c508ce70e6	1	169273163	176251121	4499	-0.0002
df879c9e-4dff-4acf-a3ca-c9c508ce70e6	1	176263861	176307251	23	0.5767
df879c9e-4dff-4acf-a3ca-c9c508ce70e6	1	176316411	189679027	8911	0
df879c9e-4dff-4acf-a3ca-c9c508ce70e6	1	189679353	189679397	2	-1.3651
df879c9e-4dff-4acf-a3ca-c9c508ce70e6	1	189682917	193186662	2335	0.0006
df879c9e-4dff-4acf-a3ca-c9c508ce70e6	1	193187149	193187202	3	-1.2327
df879c9e-4dff-4acf-a3ca-c9c508ce70e6	1	193187218	194479104	941	0.0232
df879c9e-4dff-4acf-a3ca-c9c508ce70e6	1	194482281	194485888	2	1.4132
df879c9e-4dff-4acf-a3ca-c9c508ce70e6	1	194487886	196745743	1451	0.0068
df879c9e-4dff-4acf-a3ca-c9c508ce70e6	1	196758720	196832525	57	-0.694
df879c9e-4dff-4acf-a3ca-c9c508ce70e6	1	196832720	248930189	35806	0.0007
df879c9e-4dff-4acf-a3ca-c9c508ce70e6	2	12784	70436	30	0.5183
df879c9e-4dff-4acf-a3ca-c9c508ce70e6	2	71609	4155990	2956	0.0092
df879c9e-4dff-4acf-a3ca-c9c508ce70e6	2	4158097	4176105	40	-0.438
df879c9e-4dff-4acf-a3ca-c9c508ce70e6	2	4176135	34466002	21062	0.0013
df879c9e-4dff-4acf-a3ca-c9c508ce70e6	2	34474248	34476668	6	-2.853
df879c9e-4dff-4acf-a3ca-c9c508ce70e6	2	34483565	34492841	23	-1.1939
df879c9e-4dff-4acf-a3ca-c9c508ce70e6	2	34492907	34511990	17	-2.5058
df879c9e-4dff-4acf-a3ca-c9c508ce70e6	2	34512096	40387528	4304	0.0061
df879c9e-4dff-4acf-a3ca-c9c508ce70e6	2	40390680	40393920	2	-1.2679
df879c9e-4dff-4acf-a3ca-c9c508ce70e6	2	40393970	52527330	8694	0.0065
df879c9e-4dff-4acf-a3ca-c9c508ce70e6	2	52527342	52554404	39	0.5775
df879c9e-4dff-4acf-a3ca-c9c508ce70e6	2	52560811	57223101	3420	0.0133
df879c9e-4dff-4acf-a3ca-c9c508ce70e6	2	57223479	57228337	2	-2.0308
df879c9e-4dff-4acf-a3ca-c9c508ce70e6	2	57233909	97359885	20422	0.0027
df879c9e-4dff-4acf-a3ca-c9c508ce70e6	2	97524284	97545726	9	-0.935
df879c9e-4dff-4acf-a3ca-c9c508ce70e6	2	97550415	106258041	5567	0.0008
df879c9e-4dff-4acf-a3ca-c9c508ce70e6	2	106258193	106268901	14	0.5287
df879c9e-4dff-4acf-a3ca-c9c508ce70e6	2	106270799	128880504	13380	0.0085
df879c9e-4dff-4acf-a3ca-c9c508ce70e6	2	128880904	128882723	14	-0.7681
df879c9e-4dff-4acf-a3ca-c9c508ce70e6	2	128882741	137224578	4944	0.0055
df879c9e-4dff-4acf-a3ca-c9c508ce70e6	2	137226077	137226691	5	-1.2838
df879c9e-4dff-4acf-a3ca-c9c508ce70e6	2	137227715	158787663	13089	0.0061
df879c9e-4dff-4acf-a3ca-c9c508ce70e6	2	158790561	159093853	174	0.5889
df879c9e-4dff-4acf-a3ca-c9c508ce70e6	2	159097908	242147305	51265	0.0085
df879c9e-4dff-4acf-a3ca-c9c508ce70e6	3	20930	182919	154	0.0392
df879c9e-4dff-4acf-a3ca-c9c508ce70e6	3	188339	191117	4	0.8181
df879c9e-4dff-4acf-a3ca-c9c508ce70e6	3	193194	6604856	5657	0.0272
df879c9e-4dff-4acf-a3ca-c9c508ce70e6	3	6609441	6611645	23	-0.6954
df879c9e-4dff-4acf-a3ca-c9c508ce70e6	3	6613391	16197556	7054	0.0086
df879c9e-4dff-4acf-a3ca-c9c508ce70e6	3	16199049	16199672	6	-2.4137
df879c9e-4dff-4acf-a3ca-c9c508ce70e6	3	16199818	65202778	32403	0.0099
df879c9e-4dff-4acf-a3ca-c9c508ce70e6	3	65203560	65214027	31	-0.685
df879c9e-4dff-4acf-a3ca-c9c508ce70e6	3	65214192	65217857	5	0.2357
df879c9e-4dff-4acf-a3ca-c9c508ce70e6	3	65217863	65224777	16	-0.6993
df879c9e-4dff-4acf-a3ca-c9c508ce70e6	3	65230674	68697013	2419	-0.0046
df879c9e-4dff-4acf-a3ca-c9c508ce70e6	3	68697108	68698262	14	-0.6858
df879c9e-4dff-4acf-a3ca-c9c508ce70e6	3	68699607	75489778	4915	0.0002
df879c9e-4dff-4acf-a3ca-c9c508ce70e6	3	75493695	75571744	24	0.3984
df879c9e-4dff-4acf-a3ca-c9c508ce70e6	3	75589590	89337951	7682	0.0087
df879c9e-4dff-4acf-a3ca-c9c508ce70e6	3	89345442	89368137	48	-0.7317
df879c9e-4dff-4acf-a3ca-c9c508ce70e6	3	89370214	130047743	21978	0.0021
df879c9e-4dff-4acf-a3ca-c9c508ce70e6	3	130057015	130087393	36	0.5145
df879c9e-4dff-4acf-a3ca-c9c508ce70e6	3	130088081	162790404	20252	0.0036
df879c9e-4dff-4acf-a3ca-c9c508ce70e6	3	162790480	162813082	16	0.6177
df879c9e-4dff-4acf-a3ca-c9c508ce70e6	3	162815162	162822702	6	-0.571
df879c9e-4dff-4acf-a3ca-c9c508ce70e6	3	162827928	162906065	44	0.5666
df879c9e-4dff-4acf-a3ca-c9c508ce70e6	3	162906093	162908815	6	-0.9902
df879c9e-4dff-4acf-a3ca-c9c508ce70e6	3	162910826	162996729	70	0.0816
df879c9e-4dff-4acf-a3ca-c9c508ce70e6	3	162999939	163001774	2	-2.8865
df879c9e-4dff-4acf-a3ca-c9c508ce70e6	3	163008371	198169247	21795	0.0081
df879c9e-4dff-4acf-a3ca-c9c508ce70e6	4	68929	10208766	5699	0.0082
df879c9e-4dff-4acf-a3ca-c9c508ce70e6	4	10212536	10233644	36	0.867
df879c9e-4dff-4acf-a3ca-c9c508ce70e6	4	10234518	10389091	171	0.0452
df879c9e-4dff-4acf-a3ca-c9c508ce70e6	4	10390730	10398532	14	-0.4751
df879c9e-4dff-4acf-a3ca-c9c508ce70e6	4	10398887	19637312	6901	0.0036
df879c9e-4dff-4acf-a3ca-c9c508ce70e6	4	19637957	19651070	5	0.7605
df879c9e-4dff-4acf-a3ca-c9c508ce70e6	4	19651564	25554958	4101	-0.0002
df879c9e-4dff-4acf-a3ca-c9c508ce70e6	4	25555425	25576647	18	0.6735
df879c9e-4dff-4acf-a3ca-c9c508ce70e6	4	25583761	34777382	5750	0.0058
df879c9e-4dff-4acf-a3ca-c9c508ce70e6	4	34777403	34823103	41	0.5482
df879c9e-4dff-4acf-a3ca-c9c508ce70e6	4	34828250	63827261	16550	0.0096
df879c9e-4dff-4acf-a3ca-c9c508ce70e6	4	63828222	63851308	31	-0.4262
df879c9e-4dff-4acf-a3ca-c9c508ce70e6	4	63852325	154881396	54675	0.0089
df879c9e-4dff-4acf-a3ca-c9c508ce70e6	4	154881853	154881926	3	-3.4254
df879c9e-4dff-4acf-a3ca-c9c508ce70e6	4	154882047	171448195	10599	0.0132
df879c9e-4dff-4acf-a3ca-c9c508ce70e6	4	171453733	171456559	10	-1.2149
df879c9e-4dff-4acf-a3ca-c9c508ce70e6	4	171456573	172066567	395	0.0241
df879c9e-4dff-4acf-a3ca-c9c508ce70e6	4	172066585	172068073	7	0.5126
df879c9e-4dff-4acf-a3ca-c9c508ce70e6	4	172068149	172068382	9	1.0516
df879c9e-4dff-4acf-a3ca-c9c508ce70e6	4	172074828	177665772	3321	0.0067
df879c9e-4dff-4acf-a3ca-c9c508ce70e6	4	177666684	177675406	4	0.9109
df879c9e-4dff-4acf-a3ca-c9c508ce70e6	4	177675469	187883032	7352	0.0223
df879c9e-4dff-4acf-a3ca-c9c508ce70e6	4	187884785	190106768	1393	0.0696
df879c9e-4dff-4acf-a3ca-c9c508ce70e6	5	15532	21449167	15705	0.0081
df879c9e-4dff-4acf-a3ca-c9c508ce70e6	5	21451091	21452387	6	0.9723
df879c9e-4dff-4acf-a3ca-c9c508ce70e6	5	21454830	45796415	14837	0
df879c9e-4dff-4acf-a3ca-c9c508ce70e6	5	45800286	50483315	258	0.0973
df879c9e-4dff-4acf-a3ca-c9c508ce70e6	5	50483628	58025819	4939	-0.0023
df879c9e-4dff-4acf-a3ca-c9c508ce70e6	5	58030200	58037706	32	-0.5003
df879c9e-4dff-4acf-a3ca-c9c508ce70e6	5	58042530	118050922	36211	0.006
df879c9e-4dff-4acf-a3ca-c9c508ce70e6	5	118052727	118053390	11	-0.7062
df879c9e-4dff-4acf-a3ca-c9c508ce70e6	5	118068645	138457251	12740	0.0003
df879c9e-4dff-4acf-a3ca-c9c508ce70e6	5	138466715	138480022	20	-0.7757
df879c9e-4dff-4acf-a3ca-c9c508ce70e6	5	138480779	156048095	11272	-0.0006
df879c9e-4dff-4acf-a3ca-c9c508ce70e6	5	156049762	156055719	14	-0.4835
df879c9e-4dff-4acf-a3ca-c9c508ce70e6	5	156068240	158102219	1395	0.0149
df879c9e-4dff-4acf-a3ca-c9c508ce70e6	5	158102356	158106946	4	-0.9316
df879c9e-4dff-4acf-a3ca-c9c508ce70e6	5	158111986	177771448	13399	0.006
df879c9e-4dff-4acf-a3ca-c9c508ce70e6	5	177800550	177827964	4	1.8694
df879c9e-4dff-4acf-a3ca-c9c508ce70e6	5	177832414	180951710	1795	-0.0012
df879c9e-4dff-4acf-a3ca-c9c508ce70e6	5	180951888	180990911	17	0.722
df879c9e-4dff-4acf-a3ca-c9c508ce70e6	5	180991103	181363319	171	0.0332
df879c9e-4dff-4acf-a3ca-c9c508ce70e6	6	149661	302306	125	0.057
df879c9e-4dff-4acf-a3ca-c9c508ce70e6	6	303017	385056	83	-0.3028
df879c9e-4dff-4acf-a3ca-c9c508ce70e6	6	385687	24444903	18492	0.0032
df879c9e-4dff-4acf-a3ca-c9c508ce70e6	6	24445490	24445601	2	1.4277
df879c9e-4dff-4acf-a3ca-c9c508ce70e6	6	24447621	29869295	2938	0.0177
df879c9e-4dff-4acf-a3ca-c9c508ce70e6	6	29869410	29881490	16	-0.7734
df879c9e-4dff-4acf-a3ca-c9c508ce70e6	6	29882419	32463515	1170	0.0334
df879c9e-4dff-4acf-a3ca-c9c508ce70e6	6	32463775	32533522	19	1.3129
df879c9e-4dff-4acf-a3ca-c9c508ce70e6	6	32540699	32593518	13	0.4186
df879c9e-4dff-4acf-a3ca-c9c508ce70e6	6	32602269	32722250	78	0.1267
df879c9e-4dff-4acf-a3ca-c9c508ce70e6	6	32723020	32723035	2	1.5992
df879c9e-4dff-4acf-a3ca-c9c508ce70e6	6	32723053	55960697	14871	0.001
df879c9e-4dff-4acf-a3ca-c9c508ce70e6	6	55961357	55978862	10	-1.026
df879c9e-4dff-4acf-a3ca-c9c508ce70e6	6	55986080	73882509	9166	0.0144
df879c9e-4dff-4acf-a3ca-c9c508ce70e6	6	73882741	73891694	9	0.866
df879c9e-4dff-4acf-a3ca-c9c508ce70e6	6	73893839	76702482	1744	0.0057
df879c9e-4dff-4acf-a3ca-c9c508ce70e6	6	76704419	76758906	48	0.2102
df879c9e-4dff-4acf-a3ca-c9c508ce70e6	6	76758921	78253172	972	0.0061
df879c9e-4dff-4acf-a3ca-c9c508ce70e6	6	78259348	78325223	109	0.4749
df879c9e-4dff-4acf-a3ca-c9c508ce70e6	6	78325310	93730886	9880	0.0065
df879c9e-4dff-4acf-a3ca-c9c508ce70e6	6	93731345	93942689	132	0.0928
df879c9e-4dff-4acf-a3ca-c9c508ce70e6	6	93942822	93947846	2	1.1185
df879c9e-4dff-4acf-a3ca-c9c508ce70e6	6	93949814	94496222	373	0.0562
df879c9e-4dff-4acf-a3ca-c9c508ce70e6	6	94500125	94500140	2	-1.163
df879c9e-4dff-4acf-a3ca-c9c508ce70e6	6	94500484	94962618	299	0.0782
df879c9e-4dff-4acf-a3ca-c9c508ce70e6	6	94963447	103286954	4788	0.0019
df879c9e-4dff-4acf-a3ca-c9c508ce70e6	6	103290101	103314186	46	0.6242
df879c9e-4dff-4acf-a3ca-c9c508ce70e6	6	103317795	170741917	44152	0.0031
df879c9e-4dff-4acf-a3ca-c9c508ce70e6	7	43355	20228961	14389	0.0128
df879c9e-4dff-4acf-a3ca-c9c508ce70e6	7	20232365	20234881	5	-0.9921
df879c9e-4dff-4acf-a3ca-c9c508ce70e6	7	20237371	45344142	17550	0.0026
df879c9e-4dff-4acf-a3ca-c9c508ce70e6	7	45344914	45344929	2	-1.5822
df879c9e-4dff-4acf-a3ca-c9c508ce70e6	7	45344980	54318812	6532	0.0051
df879c9e-4dff-4acf-a3ca-c9c508ce70e6	7	54318816	54318824	5	2.8925
df879c9e-4dff-4acf-a3ca-c9c508ce70e6	7	54325795	62526866	2070	0.0128
df879c9e-4dff-4acf-a3ca-c9c508ce70e6	7	62526879	62696111	48	0.6235
df879c9e-4dff-4acf-a3ca-c9c508ce70e6	7	62696120	66143569	1263	0.0316
df879c9e-4dff-4acf-a3ca-c9c508ce70e6	7	66143851	66144178	2	-1.3918
df879c9e-4dff-4acf-a3ca-c9c508ce70e6	7	66144214	70955452	2744	0.0007
df879c9e-4dff-4acf-a3ca-c9c508ce70e6	7	70958264	70961155	2	-2.0805
df879c9e-4dff-4acf-a3ca-c9c508ce70e6	7	70963257	72139251	802	0.0028
df879c9e-4dff-4acf-a3ca-c9c508ce70e6	7	72146680	72147480	2	-1.6635
df879c9e-4dff-4acf-a3ca-c9c508ce70e6	7	72150451	84646293	6769	0.0133
df879c9e-4dff-4acf-a3ca-c9c508ce70e6	7	84649568	84649707	2	-1.4679
df879c9e-4dff-4acf-a3ca-c9c508ce70e6	7	84651533	88663941	2264	0.004
df879c9e-4dff-4acf-a3ca-c9c508ce70e6	7	88666198	90227330	1043	0.0627
df879c9e-4dff-4acf-a3ca-c9c508ce70e6	7	90227447	97766150	4805	0.0073
df879c9e-4dff-4acf-a3ca-c9c508ce70e6	7	97766153	97772620	7	-1.0405
df879c9e-4dff-4acf-a3ca-c9c508ce70e6	7	97772647	97772915	5	-3.2197
df879c9e-4dff-4acf-a3ca-c9c508ce70e6	7	97772976	109793720	6598	0.0041
df879c9e-4dff-4acf-a3ca-c9c508ce70e6	7	109793728	109813853	37	0.5168
df879c9e-4dff-4acf-a3ca-c9c508ce70e6	7	109813925	123181038	8048	0.0063
df879c9e-4dff-4acf-a3ca-c9c508ce70e6	7	123184197	123186757	8	-0.9345
df879c9e-4dff-4acf-a3ca-c9c508ce70e6	7	123199391	126604276	2128	0.0143
df879c9e-4dff-4acf-a3ca-c9c508ce70e6	7	126607677	126638754	11	0.5893
df879c9e-4dff-4acf-a3ca-c9c508ce70e6	7	126639004	134100424	4548	0.011
df879c9e-4dff-4acf-a3ca-c9c508ce70e6	7	134100442	134100556	3	-0.924
df879c9e-4dff-4acf-a3ca-c9c508ce70e6	7	134100587	134105690	21	-2.1637
df879c9e-4dff-4acf-a3ca-c9c508ce70e6	7	134110881	134114444	12	-0.4602
df879c9e-4dff-4acf-a3ca-c9c508ce70e6	7	134121491	142049550	5174	0.0052
df879c9e-4dff-4acf-a3ca-c9c508ce70e6	7	142049835	142063324	15	0.1225
df879c9e-4dff-4acf-a3ca-c9c508ce70e6	7	142069843	142092108	33	0.3333
df879c9e-4dff-4acf-a3ca-c9c508ce70e6	7	142092307	142831282	476	0.0738
df879c9e-4dff-4acf-a3ca-c9c508ce70e6	7	142837056	145495224	1455	0.0097
df879c9e-4dff-4acf-a3ca-c9c508ce70e6	7	145495625	145495800	2	-1.3275
df879c9e-4dff-4acf-a3ca-c9c508ce70e6	7	145495852	150097966	2865	0.0065
df879c9e-4dff-4acf-a3ca-c9c508ce70e6	7	150102772	150107564	3	-0.9068
df879c9e-4dff-4acf-a3ca-c9c508ce70e6	7	150107595	153261872	1814	-0.0034
df879c9e-4dff-4acf-a3ca-c9c508ce70e6	7	153262015	154048813	582	0.0836
df879c9e-4dff-4acf-a3ca-c9c508ce70e6	7	154049926	154598185	430	0.0063
df879c9e-4dff-4acf-a3ca-c9c508ce70e6	7	154601461	154607903	4	1.225
df879c9e-4dff-4acf-a3ca-c9c508ce70e6	7	154609120	155091090	422	0.0008
df879c9e-4dff-4acf-a3ca-c9c508ce70e6	7	155093143	155100242	46	-0.7272
df879c9e-4dff-4acf-a3ca-c9c508ce70e6	7	155100782	159334314	2766	0.0169
df879c9e-4dff-4acf-a3ca-c9c508ce70e6	8	81254	2844412	2040	0.0325
df879c9e-4dff-4acf-a3ca-c9c508ce70e6	8	2846011	2846377	7	-1.2833
df879c9e-4dff-4acf-a3ca-c9c508ce70e6	8	2849649	4137245	1646	0.0211
df879c9e-4dff-4acf-a3ca-c9c508ce70e6	8	4140085	4144794	9	0.6277
df879c9e-4dff-4acf-a3ca-c9c508ce70e6	8	4145131	7357288	4030	0.0343
df879c9e-4dff-4acf-a3ca-c9c508ce70e6	8	7357323	8234503	66	0.4908
df879c9e-4dff-4acf-a3ca-c9c508ce70e6	8	8235660	11809987	3059	0.019
df879c9e-4dff-4acf-a3ca-c9c508ce70e6	8	11810298	12620682	219	0.1185
df879c9e-4dff-4acf-a3ca-c9c508ce70e6	8	12623169	25114437	10394	0.002
df879c9e-4dff-4acf-a3ca-c9c508ce70e6	8	25114672	25122457	21	-0.3574
df879c9e-4dff-4acf-a3ca-c9c508ce70e6	8	25122472	39373140	9012	0.0015
df879c9e-4dff-4acf-a3ca-c9c508ce70e6	8	39378084	39529446	59	0.9792
df879c9e-4dff-4acf-a3ca-c9c508ce70e6	8	39530780	71300130	17893	0.0056
df879c9e-4dff-4acf-a3ca-c9c508ce70e6	8	71303076	71304364	8	-2.3744
df879c9e-4dff-4acf-a3ca-c9c508ce70e6	8	71307628	81801588	6536	0.0116
df879c9e-4dff-4acf-a3ca-c9c508ce70e6	8	81813966	81817439	2	-1.531
df879c9e-4dff-4acf-a3ca-c9c508ce70e6	8	81824691	85127671	1844	0.0076
df879c9e-4dff-4acf-a3ca-c9c508ce70e6	8	85128081	85128353	2	1.4383
df879c9e-4dff-4acf-a3ca-c9c508ce70e6	8	85133155	111282237	15719	0.0048
df879c9e-4dff-4acf-a3ca-c9c508ce70e6	8	111282441	111283016	5	-2.1294
df879c9e-4dff-4acf-a3ca-c9c508ce70e6	8	111283031	143217232	22267	0.0021
df879c9e-4dff-4acf-a3ca-c9c508ce70e6	8	143217284	143227655	7	-0.7863
df879c9e-4dff-4acf-a3ca-c9c508ce70e6	8	143227769	145072769	639	0.0325
df879c9e-4dff-4acf-a3ca-c9c508ce70e6	9	46587	602903	508	0.0371
df879c9e-4dff-4acf-a3ca-c9c508ce70e6	9	606699	606961	4	-2.4136
df879c9e-4dff-4acf-a3ca-c9c508ce70e6	9	607307	14546382	12818	0.0166
df879c9e-4dff-4acf-a3ca-c9c508ce70e6	9	14547495	14547558	2	-1.7254
df879c9e-4dff-4acf-a3ca-c9c508ce70e6	9	14547635	24503818	7894	0.0002
df879c9e-4dff-4acf-a3ca-c9c508ce70e6	9	24504127	24517684	19	-0.9093
df879c9e-4dff-4acf-a3ca-c9c508ce70e6	9	24519686	38439975	9570	0.0084
df879c9e-4dff-4acf-a3ca-c9c508ce70e6	9	38440757	38440949	3	-1.1117
df879c9e-4dff-4acf-a3ca-c9c508ce70e6	9	38441589	39487653	353	-0.0082
df879c9e-4dff-4acf-a3ca-c9c508ce70e6	9	39487690	39547492	5	-0.8
df879c9e-4dff-4acf-a3ca-c9c508ce70e6	9	39588611	40228981	11	0.5945
df879c9e-4dff-4acf-a3ca-c9c508ce70e6	9	40229601	40996803	27	-0.1249
df879c9e-4dff-4acf-a3ca-c9c508ce70e6	9	40999325	41473518	38	-0.3601
df879c9e-4dff-4acf-a3ca-c9c508ce70e6	9	41473533	61405110	123	-0.0628
df879c9e-4dff-4acf-a3ca-c9c508ce70e6	9	61520021	61647899	30	-1.3919
df879c9e-4dff-4acf-a3ca-c9c508ce70e6	9	61665362	64493528	95	-0.0081
df879c9e-4dff-4acf-a3ca-c9c508ce70e6	9	64495298	64507211	7	-1.0343
df879c9e-4dff-4acf-a3ca-c9c508ce70e6	9	64510407	138200944	47978	0.0059
df879c9e-4dff-4acf-a3ca-c9c508ce70e6	10	45792	26934974	21185	0.0029
df879c9e-4dff-4acf-a3ca-c9c508ce70e6	10	26936975	26939544	13	0.741
df879c9e-4dff-4acf-a3ca-c9c508ce70e6	10	26941064	30957563	3016	0.0016
df879c9e-4dff-4acf-a3ca-c9c508ce70e6	10	30957581	30964071	16	0.406
df879c9e-4dff-4acf-a3ca-c9c508ce70e6	10	30964177	46657149	7480	0.0005
df879c9e-4dff-4acf-a3ca-c9c508ce70e6	10	46693480	46792344	7	-0.517
df879c9e-4dff-4acf-a3ca-c9c508ce70e6	10	46804606	46810571	2	-1.8146
df879c9e-4dff-4acf-a3ca-c9c508ce70e6	10	46836986	53430565	4198	0.0117
df879c9e-4dff-4acf-a3ca-c9c508ce70e6	10	53430994	53433641	2	-1.3684
df879c9e-4dff-4acf-a3ca-c9c508ce70e6	10	53437111	55185272	1274	0.0198
df879c9e-4dff-4acf-a3ca-c9c508ce70e6	10	55187976	55617034	276	0.1053
df879c9e-4dff-4acf-a3ca-c9c508ce70e6	10	55618497	65546518	6938	0.0054
df879c9e-4dff-4acf-a3ca-c9c508ce70e6	10	65548165	65554672	27	0.3204
df879c9e-4dff-4acf-a3ca-c9c508ce70e6	10	65554688	76493093	6782	0.008
df879c9e-4dff-4acf-a3ca-c9c508ce70e6	10	76497303	76497852	2	-1.5293
df879c9e-4dff-4acf-a3ca-c9c508ce70e6	10	76501509	79624118	2438	-0.0034
df879c9e-4dff-4acf-a3ca-c9c508ce70e6	10	79624128	79625643	3	-1.7204
df879c9e-4dff-4acf-a3ca-c9c508ce70e6	10	79625693	79736999	8	0.0174
df879c9e-4dff-4acf-a3ca-c9c508ce70e6	10	79737715	79754434	5	-0.8018
df879c9e-4dff-4acf-a3ca-c9c508ce70e6	10	79763550	80234421	232	0.0587
df879c9e-4dff-4acf-a3ca-c9c508ce70e6	10	80234562	80237322	2	-2.312
df879c9e-4dff-4acf-a3ca-c9c508ce70e6	10	80237692	87286741	4964	0.0033
df879c9e-4dff-4acf-a3ca-c9c508ce70e6	10	87310039	87353136	12	-0.6429
df879c9e-4dff-4acf-a3ca-c9c508ce70e6	10	87357543	133654968	31756	0.002
df879c9e-4dff-4acf-a3ca-c9c508ce70e6	11	198510	4274526	1751	-0.0018
df879c9e-4dff-4acf-a3ca-c9c508ce70e6	11	4280126	4337579	15	0.9553
df879c9e-4dff-4acf-a3ca-c9c508ce70e6	11	4337826	4953934	678	0.0033
df879c9e-4dff-4acf-a3ca-c9c508ce70e6	11	4954445	4954475	2	-1.0423
df879c9e-4dff-4acf-a3ca-c9c508ce70e6	11	4955027	5180667	189	0.0396
df879c9e-4dff-4acf-a3ca-c9c508ce70e6	11	5186788	5187269	5	0.6735
df879c9e-4dff-4acf-a3ca-c9c508ce70e6	11	5188140	5762693	589	0.0093
df879c9e-4dff-4acf-a3ca-c9c508ce70e6	11	5766175	5787909	33	-0.4984
df879c9e-4dff-4acf-a3ca-c9c508ce70e6	11	5788108	6086560	240	0.0271
df879c9e-4dff-4acf-a3ca-c9c508ce70e6	11	6087039	6100864	8	0.6769
df879c9e-4dff-4acf-a3ca-c9c508ce70e6	11	6101273	48576870	29776	0.0008
df879c9e-4dff-4acf-a3ca-c9c508ce70e6	11	48579882	48581124	2	-2.1303
df879c9e-4dff-4acf-a3ca-c9c508ce70e6	11	48584766	55606572	1177	0.0203
df879c9e-4dff-4acf-a3ca-c9c508ce70e6	11	55606712	55685533	57	-0.3193
df879c9e-4dff-4acf-a3ca-c9c508ce70e6	11	55686100	80256469	13257	0.0024
df879c9e-4dff-4acf-a3ca-c9c508ce70e6	11	80256504	80256520	2	-2.351
df879c9e-4dff-4acf-a3ca-c9c508ce70e6	11	80256642	86594771	4496	-0.0029
df879c9e-4dff-4acf-a3ca-c9c508ce70e6	11	86594775	86605034	6	-0.8044
df879c9e-4dff-4acf-a3ca-c9c508ce70e6	11	86606477	127065382	28345	0.0009
df879c9e-4dff-4acf-a3ca-c9c508ce70e6	11	127066539	127066661	3	-1.2503
df879c9e-4dff-4acf-a3ca-c9c508ce70e6	11	127068441	135074876	6167	0.0082
df879c9e-4dff-4acf-a3ca-c9c508ce70e6	12	51460	8289689	5556	0.0077
df879c9e-4dff-4acf-a3ca-c9c508ce70e6	12	8296516	8296621	2	1.6558
df879c9e-4dff-4acf-a3ca-c9c508ce70e6	12	8300870	10430768	1268	0.0076
df879c9e-4dff-4acf-a3ca-c9c508ce70e6	12	10434196	10443207	4	-1.4704
df879c9e-4dff-4acf-a3ca-c9c508ce70e6	12	10446203	11066824	400	0.0044
df879c9e-4dff-4acf-a3ca-c9c508ce70e6	12	11068125	11088933	10	0.7886
df879c9e-4dff-4acf-a3ca-c9c508ce70e6	12	11099275	33534375	15800	0.002
df879c9e-4dff-4acf-a3ca-c9c508ce70e6	12	33536744	34078005	327	0.0671
df879c9e-4dff-4acf-a3ca-c9c508ce70e6	12	34078180	34087056	4	-0.8823
df879c9e-4dff-4acf-a3ca-c9c508ce70e6	12	34089073	38778613	746	0.0634
df879c9e-4dff-4acf-a3ca-c9c508ce70e6	12	38779583	74785641	22095	-0.0007
df879c9e-4dff-4acf-a3ca-c9c508ce70e6	12	74792132	74792534	3	-1.4443
df879c9e-4dff-4acf-a3ca-c9c508ce70e6	12	74793920	83783571	5807	-0.0089
df879c9e-4dff-4acf-a3ca-c9c508ce70e6	12	83786960	83786976	2	-1.3684
df879c9e-4dff-4acf-a3ca-c9c508ce70e6	12	83787230	86575147	1585	0.0039
df879c9e-4dff-4acf-a3ca-c9c508ce70e6	12	86575293	86628979	16	0.6964
df879c9e-4dff-4acf-a3ca-c9c508ce70e6	12	86634576	86969721	168	0.0137
df879c9e-4dff-4acf-a3ca-c9c508ce70e6	12	86969820	87038575	36	0.5999
df879c9e-4dff-4acf-a3ca-c9c508ce70e6	12	87041622	90089573	1790	-0.0041
df879c9e-4dff-4acf-a3ca-c9c508ce70e6	12	90097892	90098297	7	0.5903
df879c9e-4dff-4acf-a3ca-c9c508ce70e6	12	90099780	99398036	6450	0.0006
df879c9e-4dff-4acf-a3ca-c9c508ce70e6	12	99401515	99404956	31	-0.4782
df879c9e-4dff-4acf-a3ca-c9c508ce70e6	12	99409315	104673752	3431	-0.0005
df879c9e-4dff-4acf-a3ca-c9c508ce70e6	12	104675990	104872336	138	0.5384
df879c9e-4dff-4acf-a3ca-c9c508ce70e6	12	104882415	124074655	12214	-0.0008
df879c9e-4dff-4acf-a3ca-c9c508ce70e6	12	124077256	124079311	2	-1.2409
df879c9e-4dff-4acf-a3ca-c9c508ce70e6	12	124079992	129516041	4557	0.0071
df879c9e-4dff-4acf-a3ca-c9c508ce70e6	12	129518945	129519049	2	-2.2354
df879c9e-4dff-4acf-a3ca-c9c508ce70e6	12	129519225	133201603	2354	0.0113
df879c9e-4dff-4acf-a3ca-c9c508ce70e6	13	18452809	23055048	2854	0.0224
df879c9e-4dff-4acf-a3ca-c9c508ce70e6	13	23055071	23059376	13	-0.4365
df879c9e-4dff-4acf-a3ca-c9c508ce70e6	13	23064056	29455681	4818	0.0133
df879c9e-4dff-4acf-a3ca-c9c508ce70e6	13	29457425	29459091	2	-1.2817
df879c9e-4dff-4acf-a3ca-c9c508ce70e6	13	29462056	37496998	5790	0.0111
df879c9e-4dff-4acf-a3ca-c9c508ce70e6	13	37497899	37509968	12	0.8234
df879c9e-4dff-4acf-a3ca-c9c508ce70e6	13	37510184	71902850	21542	0.0124
df879c9e-4dff-4acf-a3ca-c9c508ce70e6	13	71903417	71906418	4	-1.7549
df879c9e-4dff-4acf-a3ca-c9c508ce70e6	13	71906467	114342922	29082	0.0012
df879c9e-4dff-4acf-a3ca-c9c508ce70e6	14	18239283	19886846	131	-0.2496
df879c9e-4dff-4acf-a3ca-c9c508ce70e6	14	19894661	22625942	1998	0.0239
df879c9e-4dff-4acf-a3ca-c9c508ce70e6	14	22626099	22630304	6	-0.8162
df879c9e-4dff-4acf-a3ca-c9c508ce70e6	14	22630485	40139724	10900	0.0045
df879c9e-4dff-4acf-a3ca-c9c508ce70e6	14	40144718	40147715	2	1.3414
df879c9e-4dff-4acf-a3ca-c9c508ce70e6	14	40148961	69547262	18557	0.0039
df879c9e-4dff-4acf-a3ca-c9c508ce70e6	14	69551330	69555750	9	-0.7021
df879c9e-4dff-4acf-a3ca-c9c508ce70e6	14	69555996	73529070	2624	-0.0094
df879c9e-4dff-4acf-a3ca-c9c508ce70e6	14	73534419	73563196	10	0.8392
df879c9e-4dff-4acf-a3ca-c9c508ce70e6	14	73563211	83575497	6626	0.0069
df879c9e-4dff-4acf-a3ca-c9c508ce70e6	14	83578381	83599445	10	-0.5885
df879c9e-4dff-4acf-a3ca-c9c508ce70e6	14	83610037	94948776	7530	-0.0052
df879c9e-4dff-4acf-a3ca-c9c508ce70e6	14	94950261	94951226	3	-1.1504
df879c9e-4dff-4acf-a3ca-c9c508ce70e6	14	94953718	105612353	6475	-0.0014
df879c9e-4dff-4acf-a3ca-c9c508ce70e6	14	105612687	105701150	15	-0.4769
df879c9e-4dff-4acf-a3ca-c9c508ce70e6	14	105728140	106258891	176	-0.008
df879c9e-4dff-4acf-a3ca-c9c508ce70e6	14	106260759	106266923	7	0.7622
df879c9e-4dff-4acf-a3ca-c9c508ce70e6	14	106271566	106877229	308	0.0626
df879c9e-4dff-4acf-a3ca-c9c508ce70e6	15	19811075	21997003	177	-0.086
df879c9e-4dff-4acf-a3ca-c9c508ce70e6	15	21999319	22296480	27	-0.9763
df879c9e-4dff-4acf-a3ca-c9c508ce70e6	15	22299009	84159599	38309	0.0007
df879c9e-4dff-4acf-a3ca-c9c508ce70e6	15	84192594	84246373	2	-2.0255
df879c9e-4dff-4acf-a3ca-c9c508ce70e6	15	84388504	85965728	921	0.0118
df879c9e-4dff-4acf-a3ca-c9c508ce70e6	15	85968663	85977902	7	-1.2321
df879c9e-4dff-4acf-a3ca-c9c508ce70e6	15	85978606	101859834	12068	0.0008
df879c9e-4dff-4acf-a3ca-c9c508ce70e6	15	101864933	101928837	13	0.4563
df879c9e-4dff-4acf-a3ca-c9c508ce70e6	16	10777	41192	12	-0.4233
df879c9e-4dff-4acf-a3ca-c9c508ce70e6	16	44808	14686797	11082	0.0066
df879c9e-4dff-4acf-a3ca-c9c508ce70e6	16	14794738	15022400	69	0.5099
df879c9e-4dff-4acf-a3ca-c9c508ce70e6	16	15031584	22430699	3607	0.0217
df879c9e-4dff-4acf-a3ca-c9c508ce70e6	16	22546611	22692541	71	-0.3828
df879c9e-4dff-4acf-a3ca-c9c508ce70e6	16	22693199	32169655	5128	0.0059
df879c9e-4dff-4acf-a3ca-c9c508ce70e6	16	32197425	33045427	40	-0.5933
df879c9e-4dff-4acf-a3ca-c9c508ce70e6	16	33340712	35210009	144	0.0802
df879c9e-4dff-4acf-a3ca-c9c508ce70e6	16	35210069	89317634	31323	0.004
df879c9e-4dff-4acf-a3ca-c9c508ce70e6	16	89319153	90096867	381	0.0867
df879c9e-4dff-4acf-a3ca-c9c508ce70e6	17	150733	18414080	11389	0.0137
df879c9e-4dff-4acf-a3ca-c9c508ce70e6	17	18452078	18565883	28	0.6167
df879c9e-4dff-4acf-a3ca-c9c508ce70e6	17	18571332	36109315	6832	0.0093
df879c9e-4dff-4acf-a3ca-c9c508ce70e6	17	36109735	36157718	35	0.5599
df879c9e-4dff-4acf-a3ca-c9c508ce70e6	17	36200725	41265456	2525	0.0118
df879c9e-4dff-4acf-a3ca-c9c508ce70e6	17	41266762	41274279	24	-0.6358
df879c9e-4dff-4acf-a3ca-c9c508ce70e6	17	41276472	45436394	2139	0.0125
df879c9e-4dff-4acf-a3ca-c9c508ce70e6	17	45442744	45598106	27	0.3354
df879c9e-4dff-4acf-a3ca-c9c508ce70e6	17	45610956	46085231	333	0.0582
df879c9e-4dff-4acf-a3ca-c9c508ce70e6	17	46085732	46351954	127	0.3366
df879c9e-4dff-4acf-a3ca-c9c508ce70e6	17	46446345	46664059	5	1.0924
df879c9e-4dff-4acf-a3ca-c9c508ce70e6	17	46687628	55544982	5337	-0.0005
df879c9e-4dff-4acf-a3ca-c9c508ce70e6	17	55545649	55545755	2	-1.5232
df879c9e-4dff-4acf-a3ca-c9c508ce70e6	17	55548781	70040594	8466	0.0078
df879c9e-4dff-4acf-a3ca-c9c508ce70e6	17	70040628	70043228	6	1.6134
df879c9e-4dff-4acf-a3ca-c9c508ce70e6	17	70043293	78398266	5488	0.0083
df879c9e-4dff-4acf-a3ca-c9c508ce70e6	17	78398459	78399775	4	-1.1519
df879c9e-4dff-4acf-a3ca-c9c508ce70e6	17	78402323	83091923	2265	0.0085
df879c9e-4dff-4acf-a3ca-c9c508ce70e6	18	48133	80257174	50724	0.0129
df879c9e-4dff-4acf-a3ca-c9c508ce70e6	19	90910	19696452	8486	0.0021
df879c9e-4dff-4acf-a3ca-c9c508ce70e6	19	19698338	21092878	816	0.066
df879c9e-4dff-4acf-a3ca-c9c508ce70e6	19	21095275	21632117	306	-0.0052
df879c9e-4dff-4acf-a3ca-c9c508ce70e6	19	21632838	21637067	2	-1.4528
df879c9e-4dff-4acf-a3ca-c9c508ce70e6	19	21637309	23950883	1335	0.0068
df879c9e-4dff-4acf-a3ca-c9c508ce70e6	19	23951889	27830762	341	0.0929
df879c9e-4dff-4acf-a3ca-c9c508ce70e6	19	27830919	43338766	9368	-0.0047
df879c9e-4dff-4acf-a3ca-c9c508ce70e6	19	43342086	43342242	2	-1.4418
df879c9e-4dff-4acf-a3ca-c9c508ce70e6	19	43348449	58586487	8451	0.0131
df879c9e-4dff-4acf-a3ca-c9c508ce70e6	20	80664	1580353	1204	0.0164
df879c9e-4dff-4acf-a3ca-c9c508ce70e6	20	1580934	1601446	35	1.1665
df879c9e-4dff-4acf-a3ca-c9c508ce70e6	20	1601561	54191351	33853	0.0052
df879c9e-4dff-4acf-a3ca-c9c508ce70e6	20	54191421	54191523	2	-1.4049
df879c9e-4dff-4acf-a3ca-c9c508ce70e6	20	54192240	64324800	7277	-0.0007
df879c9e-4dff-4acf-a3ca-c9c508ce70e6	21	10354168	10600744	67	0.1582
df879c9e-4dff-4acf-a3ca-c9c508ce70e6	21	10601218	10613440	8	-0.4498
df879c9e-4dff-4acf-a3ca-c9c508ce70e6	21	10614263	10646516	8	0.0794
df879c9e-4dff-4acf-a3ca-c9c508ce70e6	21	10682775	10756733	3	-1.0983
df879c9e-4dff-4acf-a3ca-c9c508ce70e6	21	10775586	27072333	9929	0.0017
df879c9e-4dff-4acf-a3ca-c9c508ce70e6	21	27079051	27085616	10	-0.9538
df879c9e-4dff-4acf-a3ca-c9c508ce70e6	21	27087592	46677045	13833	-0.0044
df879c9e-4dff-4acf-a3ca-c9c508ce70e6	22	15294547	23929558	4379	0.0362
df879c9e-4dff-4acf-a3ca-c9c508ce70e6	22	23940911	23946247	5	-1.0142
df879c9e-4dff-4acf-a3ca-c9c508ce70e6	22	23950883	23987520	9	-0.016
df879c9e-4dff-4acf-a3ca-c9c508ce70e6	22	23988078	23990739	4	-2.1477
df879c9e-4dff-4acf-a3ca-c9c508ce70e6	22	23995113	50796027	18877	0.0017
df879c9e-4dff-4acf-a3ca-c9c508ce70e6	X	251810	57301753	32926	0.0165
df879c9e-4dff-4acf-a3ca-c9c508ce70e6	X	57303772	57304448	2	-3.4767
df879c9e-4dff-4acf-a3ca-c9c508ce70e6	X	57309855	105336174	21489	0.0073
df879c9e-4dff-4acf-a3ca-c9c508ce70e6	X	105337239	105339871	2	-5.5056
df879c9e-4dff-4acf-a3ca-c9c508ce70e6	X	105342655	128955628	13317	-0.0028
df879c9e-4dff-4acf-a3ca-c9c508ce70e6	X	128956066	128957676	2	-2.5133
df879c9e-4dff-4acf-a3ca-c9c508ce70e6	X	128958216	145490831	9646	-0.002
df879c9e-4dff-4acf-a3ca-c9c508ce70e6	X	145491295	145491615	2	-2.9615
df879c9e-4dff-4acf-a3ca-c9c508ce70e6	X	145492435	155952689	6154	-0.0021
df879c9e-4dff-4acf-a3ca-c9c508ce70e6	Y	2782397	23127770	6442	-0.91
df879c9e-4dff-4acf-a3ca-c9c508ce70e6	Y	23257720	24472988	12	-2.2907
df879c9e-4dff-4acf-a3ca-c9c508ce70e6	Y	24856206	56872112	184	-0.862
