GDC_Aliquot	Chromosome	Start	End	Num_Probes	Segment_Mean
9f6d6182-a77b-4c77-98aa-f754a8412b63	1	62920	86341	11	0.6894
9f6d6182-a77b-4c77-98aa-f754a8412b63	1	98588	15823420	8319	0.0028
9f6d6182-a77b-4c77-98aa-f754a8412b63	1	15827002	15827430	6	-1.8035
9f6d6182-a77b-4c77-98aa-f754a8412b63	1	15827706	16643505	326	-0.0192
9f6d6182-a77b-4c77-98aa-f754a8412b63	1	16643683	16855942	31	0.4292
9f6d6182-a77b-4c77-98aa-f754a8412b63	1	16863509	25256850	5313	0.0083
9f6d6182-a77b-4c77-98aa-f754a8412b63	1	25266637	25320455	24	-1.4487
9f6d6182-a77b-4c77-98aa-f754a8412b63	1	25336819	36008597	5589	0.0187
9f6d6182-a77b-4c77-98aa-f754a8412b63	1	36009805	36012395	2	-1.5709
9f6d6182-a77b-4c77-98aa-f754a8412b63	1	36012683	72297687	23129	0.004
9f6d6182-a77b-4c77-98aa-f754a8412b63	1	72302735	72345465	48	-1.0785
9f6d6182-a77b-4c77-98aa-f754a8412b63	1	72346221	103556030	19983	0.0037
9f6d6182-a77b-4c77-98aa-f754a8412b63	1	103557298	103760781	38	0.3407
9f6d6182-a77b-4c77-98aa-f754a8412b63	1	103760879	105476688	919	0.0151
9f6d6182-a77b-4c77-98aa-f754a8412b63	1	105476748	105486052	20	-0.5963
9f6d6182-a77b-4c77-98aa-f754a8412b63	1	105486456	108223733	1950	-0.0077
9f6d6182-a77b-4c77-98aa-f754a8412b63	1	108226680	108274557	2	-2.2315
9f6d6182-a77b-4c77-98aa-f754a8412b63	1	108310648	109684893	675	-0.0011
9f6d6182-a77b-4c77-98aa-f754a8412b63	1	109690352	109697556	13	-1.1761
9f6d6182-a77b-4c77-98aa-f754a8412b63	1	109702376	112153465	1952	-0.012
9f6d6182-a77b-4c77-98aa-f754a8412b63	1	112153571	112154566	18	0.6006
9f6d6182-a77b-4c77-98aa-f754a8412b63	1	112154576	143603040	5205	0.0077
9f6d6182-a77b-4c77-98aa-f754a8412b63	1	143616013	143762042	80	0.2303
9f6d6182-a77b-4c77-98aa-f754a8412b63	1	143796140	152787202	2522	0.007
9f6d6182-a77b-4c77-98aa-f754a8412b63	1	152789447	152804279	39	0.4073
9f6d6182-a77b-4c77-98aa-f754a8412b63	1	152805967	169247699	11269	0.0028
9f6d6182-a77b-4c77-98aa-f754a8412b63	1	169264736	169272528	7	-1.893
9f6d6182-a77b-4c77-98aa-f754a8412b63	1	169273163	194479104	16718	0.0038
9f6d6182-a77b-4c77-98aa-f754a8412b63	1	194482281	194485888	2	1.8816
9f6d6182-a77b-4c77-98aa-f754a8412b63	1	194487886	212831113	12248	0
9f6d6182-a77b-4c77-98aa-f754a8412b63	1	212831670	212837094	7	-0.9768
9f6d6182-a77b-4c77-98aa-f754a8412b63	1	212841111	229675422	11083	0.002
9f6d6182-a77b-4c77-98aa-f754a8412b63	1	229681109	229684449	3	-2.4334
9f6d6182-a77b-4c77-98aa-f754a8412b63	1	229684709	248930189	13971	0.0022
9f6d6182-a77b-4c77-98aa-f754a8412b63	2	12784	3197646	2249	0.0042
9f6d6182-a77b-4c77-98aa-f754a8412b63	2	3199226	3199974	2	-1.3244
9f6d6182-a77b-4c77-98aa-f754a8412b63	2	3200081	4153079	733	0.0109
9f6d6182-a77b-4c77-98aa-f754a8412b63	2	4155597	4175922	40	-0.6446
9f6d6182-a77b-4c77-98aa-f754a8412b63	2	4175977	14563570	8010	-0.0028
9f6d6182-a77b-4c77-98aa-f754a8412b63	2	14564825	14569897	11	-0.8849
9f6d6182-a77b-4c77-98aa-f754a8412b63	2	14569968	34466002	13029	-0.0019
9f6d6182-a77b-4c77-98aa-f754a8412b63	2	34474248	34511990	46	0.4789
9f6d6182-a77b-4c77-98aa-f754a8412b63	2	34512096	106257550	42450	0.0009
9f6d6182-a77b-4c77-98aa-f754a8412b63	2	106258041	106268557	14	-0.6513
9f6d6182-a77b-4c77-98aa-f754a8412b63	2	106268901	128880904	13381	-0.0005
9f6d6182-a77b-4c77-98aa-f754a8412b63	2	128880928	128882755	15	-0.7233
9f6d6182-a77b-4c77-98aa-f754a8412b63	2	128888874	194112024	39427	-0.0013
9f6d6182-a77b-4c77-98aa-f754a8412b63	2	194122969	194124834	3	-1.687
9f6d6182-a77b-4c77-98aa-f754a8412b63	2	194124876	242147305	30026	0.0002
9f6d6182-a77b-4c77-98aa-f754a8412b63	3	20930	6275672	5553	0.0056
9f6d6182-a77b-4c77-98aa-f754a8412b63	3	6277576	6293785	19	0.6694
9f6d6182-a77b-4c77-98aa-f754a8412b63	3	6296749	6604856	242	0.0055
9f6d6182-a77b-4c77-98aa-f754a8412b63	3	6609441	6611645	23	-2.6967
9f6d6182-a77b-4c77-98aa-f754a8412b63	3	6613391	86734375	53052	0.0013
9f6d6182-a77b-4c77-98aa-f754a8412b63	3	86737636	86746311	7	-0.9086
9f6d6182-a77b-4c77-98aa-f754a8412b63	3	86750894	89337951	1494	0.0036
9f6d6182-a77b-4c77-98aa-f754a8412b63	3	89345442	89371081	53	-0.5722
9f6d6182-a77b-4c77-98aa-f754a8412b63	3	89371323	111524663	10601	0.0043
9f6d6182-a77b-4c77-98aa-f754a8412b63	3	111527558	111527735	2	-2.4046
9f6d6182-a77b-4c77-98aa-f754a8412b63	3	111530468	162790404	31643	-0.0006
9f6d6182-a77b-4c77-98aa-f754a8412b63	3	162790480	162898127	65	-1.5569
9f6d6182-a77b-4c77-98aa-f754a8412b63	3	162906054	193160173	19154	0.0012
9f6d6182-a77b-4c77-98aa-f754a8412b63	3	193160256	193165080	16	1.3166
9f6d6182-a77b-4c77-98aa-f754a8412b63	3	193165099	195474595	1465	-0.0029
9f6d6182-a77b-4c77-98aa-f754a8412b63	3	195514028	195751823	65	-0.3203
9f6d6182-a77b-4c77-98aa-f754a8412b63	3	195751990	198169247	1164	-0.0104
9f6d6182-a77b-4c77-98aa-f754a8412b63	4	68929	7032301	3898	0.0085
9f6d6182-a77b-4c77-98aa-f754a8412b63	4	7036622	7049616	15	-1.0504
9f6d6182-a77b-4c77-98aa-f754a8412b63	4	7049905	34764075	18783	0.0022
9f6d6182-a77b-4c77-98aa-f754a8412b63	4	34764149	34828250	49	-0.4687
9f6d6182-a77b-4c77-98aa-f754a8412b63	4	34828291	43361574	5675	0.0056
9f6d6182-a77b-4c77-98aa-f754a8412b63	4	43361856	43366272	5	-0.9732
9f6d6182-a77b-4c77-98aa-f754a8412b63	4	43372617	68506285	13766	-0.0017
9f6d6182-a77b-4c77-98aa-f754a8412b63	4	68509223	68615175	57	-0.3062
9f6d6182-a77b-4c77-98aa-f754a8412b63	4	68615205	115251455	28307	0.0004
9f6d6182-a77b-4c77-98aa-f754a8412b63	4	115251792	115254969	21	-0.7872
9f6d6182-a77b-4c77-98aa-f754a8412b63	4	115259026	121360818	3706	0.0015
9f6d6182-a77b-4c77-98aa-f754a8412b63	4	121361313	121363827	27	-1.9161
9f6d6182-a77b-4c77-98aa-f754a8412b63	4	121369976	134139102	7184	-0.0003
9f6d6182-a77b-4c77-98aa-f754a8412b63	4	134139427	134236501	47	-0.2851
9f6d6182-a77b-4c77-98aa-f754a8412b63	4	134237048	137171085	1636	0.003
9f6d6182-a77b-4c77-98aa-f754a8412b63	4	137171266	137173818	15	-0.7255
9f6d6182-a77b-4c77-98aa-f754a8412b63	4	137173967	171447380	21384	0.0042
9f6d6182-a77b-4c77-98aa-f754a8412b63	4	171448195	171456559	11	-0.9773
9f6d6182-a77b-4c77-98aa-f754a8412b63	4	171456573	190106768	12478	0.003
9f6d6182-a77b-4c77-98aa-f754a8412b63	5	15532	12800777	10181	-0.0009
9f6d6182-a77b-4c77-98aa-f754a8412b63	5	12815668	12838421	14	-1.4271
9f6d6182-a77b-4c77-98aa-f754a8412b63	5	12849089	58035904	25558	-0.0031
9f6d6182-a77b-4c77-98aa-f754a8412b63	5	58036204	58037688	14	-0.548
9f6d6182-a77b-4c77-98aa-f754a8412b63	5	58037706	69550476	7292	0.0039
9f6d6182-a77b-4c77-98aa-f754a8412b63	5	69571467	69779164	3	-1.4017
9f6d6182-a77b-4c77-98aa-f754a8412b63	5	69822096	96465845	14820	0.0019
9f6d6182-a77b-4c77-98aa-f754a8412b63	5	96466400	96468503	2	-2.3099
9f6d6182-a77b-4c77-98aa-f754a8412b63	5	96468710	150819676	34485	0.0008
9f6d6182-a77b-4c77-98aa-f754a8412b63	5	150822643	150839042	9	-0.9637
9f6d6182-a77b-4c77-98aa-f754a8412b63	5	150843825	178680821	18894	0.0032
9f6d6182-a77b-4c77-98aa-f754a8412b63	5	178682974	178685260	2	-2.2075
9f6d6182-a77b-4c77-98aa-f754a8412b63	5	178686162	179498842	507	0.0061
9f6d6182-a77b-4c77-98aa-f754a8412b63	5	179501760	179509670	4	-1.2303
9f6d6182-a77b-4c77-98aa-f754a8412b63	5	179509694	180951888	837	0.0213
9f6d6182-a77b-4c77-98aa-f754a8412b63	5	180953203	180991103	17	-0.3941
9f6d6182-a77b-4c77-98aa-f754a8412b63	5	181006225	181363319	170	0.0212
9f6d6182-a77b-4c77-98aa-f754a8412b63	6	149661	294443	121	0.0163
9f6d6182-a77b-4c77-98aa-f754a8412b63	6	294474	365138	71	-0.2353
9f6d6182-a77b-4c77-98aa-f754a8412b63	6	365720	29869295	21455	0.0016
9f6d6182-a77b-4c77-98aa-f754a8412b63	6	29869410	29881348	15	0.6626
9f6d6182-a77b-4c77-98aa-f754a8412b63	6	29881490	29882603	5	0.192
9f6d6182-a77b-4c77-98aa-f754a8412b63	6	29903859	29931900	11	-0.6975
9f6d6182-a77b-4c77-98aa-f754a8412b63	6	29933787	31305253	645	0.041
9f6d6182-a77b-4c77-98aa-f754a8412b63	6	31305926	31383638	67	0.3728
9f6d6182-a77b-4c77-98aa-f754a8412b63	6	31383665	32463515	444	0.0237
9f6d6182-a77b-4c77-98aa-f754a8412b63	6	32463775	32605994	35	0.6422
9f6d6182-a77b-4c77-98aa-f754a8412b63	6	32606237	32722250	75	0.1511
9f6d6182-a77b-4c77-98aa-f754a8412b63	6	32723020	32723053	3	1.6841
9f6d6182-a77b-4c77-98aa-f754a8412b63	6	32732907	64627049	17870	0.0044
9f6d6182-a77b-4c77-98aa-f754a8412b63	6	64637651	64639099	2	-2.2649
9f6d6182-a77b-4c77-98aa-f754a8412b63	6	64640883	73882509	6156	0.006
9f6d6182-a77b-4c77-98aa-f754a8412b63	6	73882741	73887625	8	-2.4926
9f6d6182-a77b-4c77-98aa-f754a8412b63	6	73891694	78253157	2767	-0.0031
9f6d6182-a77b-4c77-98aa-f754a8412b63	6	78253172	78329517	115	0.4946
9f6d6182-a77b-4c77-98aa-f754a8412b63	6	78331916	125856298	29377	0.0096
9f6d6182-a77b-4c77-98aa-f754a8412b63	6	125856987	125868540	10	-0.7171
9f6d6182-a77b-4c77-98aa-f754a8412b63	6	125870587	133945130	5177	0.0007
9f6d6182-a77b-4c77-98aa-f754a8412b63	6	133947933	133948494	2	-1.7869
9f6d6182-a77b-4c77-98aa-f754a8412b63	6	133950934	153513990	13079	0.0028
9f6d6182-a77b-4c77-98aa-f754a8412b63	6	153514919	153519835	4	-1.223
9f6d6182-a77b-4c77-98aa-f754a8412b63	6	153524187	170741917	11999	0.0046
9f6d6182-a77b-4c77-98aa-f754a8412b63	7	43355	3355488	1422	-0.0012
9f6d6182-a77b-4c77-98aa-f754a8412b63	7	3355528	3355694	3	-1.6688
9f6d6182-a77b-4c77-98aa-f754a8412b63	7	3359128	6797437	1992	0.0029
9f6d6182-a77b-4c77-98aa-f754a8412b63	7	6799093	6827447	7	-0.9336
9f6d6182-a77b-4c77-98aa-f754a8412b63	7	6828011	9138746	1974	-0.0001
9f6d6182-a77b-4c77-98aa-f754a8412b63	7	9138832	9138993	3	-1.9354
9f6d6182-a77b-4c77-98aa-f754a8412b63	7	9139659	70955452	39184	-0.0004
9f6d6182-a77b-4c77-98aa-f754a8412b63	7	70958264	70961155	2	-2.0361
9f6d6182-a77b-4c77-98aa-f754a8412b63	7	70963257	97766148	15688	0.0027
9f6d6182-a77b-4c77-98aa-f754a8412b63	7	97766150	97774928	16	-0.7093
9f6d6182-a77b-4c77-98aa-f754a8412b63	7	97774965	109801187	6617	-0.0058
9f6d6182-a77b-4c77-98aa-f754a8412b63	7	109801572	109813925	11	0.734
9f6d6182-a77b-4c77-98aa-f754a8412b63	7	109814172	126405502	10021	0.0036
9f6d6182-a77b-4c77-98aa-f754a8412b63	7	126405597	126406822	11	1.1682
9f6d6182-a77b-4c77-98aa-f754a8412b63	7	126406823	126620696	143	-0.0037
9f6d6182-a77b-4c77-98aa-f754a8412b63	7	126621795	126622802	2	-2.29
9f6d6182-a77b-4c77-98aa-f754a8412b63	7	126622941	159334314	20666	0.0025
9f6d6182-a77b-4c77-98aa-f754a8412b63	8	81254	308508	96	0.0281
9f6d6182-a77b-4c77-98aa-f754a8412b63	8	308690	316801	10	-0.6989
9f6d6182-a77b-4c77-98aa-f754a8412b63	8	318482	2742543	1805	0.0113
9f6d6182-a77b-4c77-98aa-f754a8412b63	8	2746316	2751755	3	-1.5124
9f6d6182-a77b-4c77-98aa-f754a8412b63	8	2751943	7473830	5841	0.0011
9f6d6182-a77b-4c77-98aa-f754a8412b63	8	7477487	7941868	19	0.5409
9f6d6182-a77b-4c77-98aa-f754a8412b63	8	7974123	18407644	8607	0.0044
9f6d6182-a77b-4c77-98aa-f754a8412b63	8	18408647	18413675	4	-1.74
9f6d6182-a77b-4c77-98aa-f754a8412b63	8	18413877	25117062	5084	0.0075
9f6d6182-a77b-4c77-98aa-f754a8412b63	8	25117985	25133879	29	-0.5405
9f6d6182-a77b-4c77-98aa-f754a8412b63	8	25133893	50119451	13640	-0.005
9f6d6182-a77b-4c77-98aa-f754a8412b63	8	50119464	50119827	7	-1.7585
9f6d6182-a77b-4c77-98aa-f754a8412b63	8	50120863	94545374	27133	0.0024
9f6d6182-a77b-4c77-98aa-f754a8412b63	8	94545481	94545764	5	1.2224
9f6d6182-a77b-4c77-98aa-f754a8412b63	8	94545887	114619814	12087	0.0011
9f6d6182-a77b-4c77-98aa-f754a8412b63	8	114622258	114642539	38	-0.7124
9f6d6182-a77b-4c77-98aa-f754a8412b63	8	114650365	141403849	19497	0.0041
9f6d6182-a77b-4c77-98aa-f754a8412b63	8	141404226	141610086	128	0.1968
9f6d6182-a77b-4c77-98aa-f754a8412b63	8	141610301	143109516	737	0.0229
9f6d6182-a77b-4c77-98aa-f754a8412b63	8	143110346	143117134	3	-1.5557
9f6d6182-a77b-4c77-98aa-f754a8412b63	8	143117240	145072769	679	0.017
9f6d6182-a77b-4c77-98aa-f754a8412b63	9	46587	9776138	9281	0
9f6d6182-a77b-4c77-98aa-f754a8412b63	9	9776856	9796577	29	-0.9306
9f6d6182-a77b-4c77-98aa-f754a8412b63	9	9796608	19555474	8279	0.0077
9f6d6182-a77b-4c77-98aa-f754a8412b63	9	19555585	19555621	2	-2.6539
9f6d6182-a77b-4c77-98aa-f754a8412b63	9	19555986	39588611	13568	0.0065
9f6d6182-a77b-4c77-98aa-f754a8412b63	9	39747848	40099921	8	1.153
9f6d6182-a77b-4c77-98aa-f754a8412b63	9	40189830	41659472	91	0.0306
9f6d6182-a77b-4c77-98aa-f754a8412b63	9	41666811	42202227	28	-0.5937
9f6d6182-a77b-4c77-98aa-f754a8412b63	9	42211663	82764006	10633	0.0028
9f6d6182-a77b-4c77-98aa-f754a8412b63	9	82764791	82785759	10	-1.0204
9f6d6182-a77b-4c77-98aa-f754a8412b63	9	82788374	87907679	3829	0.005
9f6d6182-a77b-4c77-98aa-f754a8412b63	9	87939236	87939304	2	-1.7277
9f6d6182-a77b-4c77-98aa-f754a8412b63	9	87943042	93707815	3901	-0.0031
9f6d6182-a77b-4c77-98aa-f754a8412b63	9	93708429	93708675	2	-1.5393
9f6d6182-a77b-4c77-98aa-f754a8412b63	9	93710664	103804216	6683	0.0003
9f6d6182-a77b-4c77-98aa-f754a8412b63	9	103806415	103807009	2	-2.9155
9f6d6182-a77b-4c77-98aa-f754a8412b63	9	103808421	135248156	21938	0.0056
9f6d6182-a77b-4c77-98aa-f754a8412b63	9	135259826	135417501	114	0.5318
9f6d6182-a77b-4c77-98aa-f754a8412b63	9	135418577	138200944	1037	-0.0038
9f6d6182-a77b-4c77-98aa-f754a8412b63	10	45792	751569	414	0.0015
9f6d6182-a77b-4c77-98aa-f754a8412b63	10	752021	754237	3	-2.3673
9f6d6182-a77b-4c77-98aa-f754a8412b63	10	754273	133654968	90185	0.0035
9f6d6182-a77b-4c77-98aa-f754a8412b63	11	198510	4949047	2421	0.0123
9f6d6182-a77b-4c77-98aa-f754a8412b63	11	4949064	4955781	28	-0.364
9f6d6182-a77b-4c77-98aa-f754a8412b63	11	4957152	25197565	15216	0.0015
9f6d6182-a77b-4c77-98aa-f754a8412b63	11	25197599	25199466	2	-2.9777
9f6d6182-a77b-4c77-98aa-f754a8412b63	11	25202707	86176915	34283	0.0044
9f6d6182-a77b-4c77-98aa-f754a8412b63	11	86178616	86187779	17	-0.9062
9f6d6182-a77b-4c77-98aa-f754a8412b63	11	86188770	135074876	34804	0.006
9f6d6182-a77b-4c77-98aa-f754a8412b63	12	51460	756804	417	0.0122
9f6d6182-a77b-4c77-98aa-f754a8412b63	12	759943	764863	18	-0.6906
9f6d6182-a77b-4c77-98aa-f754a8412b63	12	766188	9481274	5736	-0.005
9f6d6182-a77b-4c77-98aa-f754a8412b63	12	9485313	9575696	23	0.8728
9f6d6182-a77b-4c77-98aa-f754a8412b63	12	9582373	27941811	12748	0.0021
9f6d6182-a77b-4c77-98aa-f754a8412b63	12	27941830	27944711	13	-0.7063
9f6d6182-a77b-4c77-98aa-f754a8412b63	12	27950527	45510655	9427	0.0016
9f6d6182-a77b-4c77-98aa-f754a8412b63	12	45512057	45515754	3	-1.3427
9f6d6182-a77b-4c77-98aa-f754a8412b63	12	45519509	58327448	7189	0.0063
9f6d6182-a77b-4c77-98aa-f754a8412b63	12	58336368	58336379	2	2.0875
9f6d6182-a77b-4c77-98aa-f754a8412b63	12	58337065	126823105	44408	0.004
9f6d6182-a77b-4c77-98aa-f754a8412b63	12	126823969	126830339	8	-1.1355
9f6d6182-a77b-4c77-98aa-f754a8412b63	12	126830459	131613371	4191	0.0165
9f6d6182-a77b-4c77-98aa-f754a8412b63	12	131613387	131657925	33	0.4505
9f6d6182-a77b-4c77-98aa-f754a8412b63	12	131658450	133201603	558	0.0185
9f6d6182-a77b-4c77-98aa-f754a8412b63	13	18452809	31958485	9562	0.0093
9f6d6182-a77b-4c77-98aa-f754a8412b63	13	31958590	31964286	17	-0.9539
9f6d6182-a77b-4c77-98aa-f754a8412b63	13	31965910	37496998	3898	0.0034
9f6d6182-a77b-4c77-98aa-f754a8412b63	13	37497899	37510620	16	-2.0206
9f6d6182-a77b-4c77-98aa-f754a8412b63	13	37514193	38580592	769	0.0111
9f6d6182-a77b-4c77-98aa-f754a8412b63	13	38580768	38582582	2	-1.738
9f6d6182-a77b-4c77-98aa-f754a8412b63	13	38582627	57176962	11747	0.0041
9f6d6182-a77b-4c77-98aa-f754a8412b63	13	57184136	57204246	34	-2.1098
9f6d6182-a77b-4c77-98aa-f754a8412b63	13	57215580	114342922	38059	0.0028
9f6d6182-a77b-4c77-98aa-f754a8412b63	14	18239283	18625765	13	-0.0021
9f6d6182-a77b-4c77-98aa-f754a8412b63	14	18639714	19298389	35	-0.4814
9f6d6182-a77b-4c77-98aa-f754a8412b63	14	19326853	21991211	1524	-0.0046
9f6d6182-a77b-4c77-98aa-f754a8412b63	14	21991283	22463492	383	-0.2704
9f6d6182-a77b-4c77-98aa-f754a8412b63	14	22464970	66651252	27886	0.0014
9f6d6182-a77b-4c77-98aa-f754a8412b63	14	66653029	66653174	2	-1.7204
9f6d6182-a77b-4c77-98aa-f754a8412b63	14	66653714	71606705	2990	-0.0011
9f6d6182-a77b-4c77-98aa-f754a8412b63	14	71607704	71610355	2	-1.7361
9f6d6182-a77b-4c77-98aa-f754a8412b63	14	71612617	98711806	18523	0.0033
9f6d6182-a77b-4c77-98aa-f754a8412b63	14	98714967	98726565	13	-0.8034
9f6d6182-a77b-4c77-98aa-f754a8412b63	14	98727670	99687895	775	0.0144
9f6d6182-a77b-4c77-98aa-f754a8412b63	14	99690434	99691454	2	-2.3586
9f6d6182-a77b-4c77-98aa-f754a8412b63	14	99694043	106416146	2983	0.0035
9f6d6182-a77b-4c77-98aa-f754a8412b63	14	106418444	106462169	48	-1.9759
9f6d6182-a77b-4c77-98aa-f754a8412b63	14	106462183	106877229	196	-0.0784
9f6d6182-a77b-4c77-98aa-f754a8412b63	15	19811075	25172311	1688	0.0042
9f6d6182-a77b-4c77-98aa-f754a8412b63	15	25174845	25188158	9	-0.9423
9f6d6182-a77b-4c77-98aa-f754a8412b63	15	25188765	28187035	2235	0.0116
9f6d6182-a77b-4c77-98aa-f754a8412b63	15	28189148	28189631	2	-1.4593
9f6d6182-a77b-4c77-98aa-f754a8412b63	15	28191450	30215235	900	0.0299
9f6d6182-a77b-4c77-98aa-f754a8412b63	15	30230885	30300815	13	-0.9235
9f6d6182-a77b-4c77-98aa-f754a8412b63	15	30304026	30822727	84	0.0353
9f6d6182-a77b-4c77-98aa-f754a8412b63	15	30823679	30834732	4	-1.1085
9f6d6182-a77b-4c77-98aa-f754a8412b63	15	30834779	76599170	28964	0.0046
9f6d6182-a77b-4c77-98aa-f754a8412b63	15	76599286	76603434	20	-1.991
9f6d6182-a77b-4c77-98aa-f754a8412b63	15	76609838	93310656	11142	0.0018
9f6d6182-a77b-4c77-98aa-f754a8412b63	15	93312082	93314323	2	-3.2111
9f6d6182-a77b-4c77-98aa-f754a8412b63	15	93319185	101928837	6463	0.0024
9f6d6182-a77b-4c77-98aa-f754a8412b63	16	10777	6082763	3233	0.0137
9f6d6182-a77b-4c77-98aa-f754a8412b63	16	6082786	6083413	4	-1.0622
9f6d6182-a77b-4c77-98aa-f754a8412b63	16	6085184	9010069	3278	0.0109
9f6d6182-a77b-4c77-98aa-f754a8412b63	16	9010273	9039805	14	-0.8372
9f6d6182-a77b-4c77-98aa-f754a8412b63	16	9047194	22546611	8235	0.0019
9f6d6182-a77b-4c77-98aa-f754a8412b63	16	22546990	22714309	84	-0.3334
9f6d6182-a77b-4c77-98aa-f754a8412b63	16	22714893	55762682	12073	0.0024
9f6d6182-a77b-4c77-98aa-f754a8412b63	16	55764310	55764867	3	2.1692
9f6d6182-a77b-4c77-98aa-f754a8412b63	16	55770436	78337711	14282	0.0019
9f6d6182-a77b-4c77-98aa-f754a8412b63	16	78338543	78350841	16	-1.7073
9f6d6182-a77b-4c77-98aa-f754a8412b63	16	78350868	90096867	10610	0.0123
9f6d6182-a77b-4c77-98aa-f754a8412b63	17	150733	36109139	18244	0.0079
9f6d6182-a77b-4c77-98aa-f754a8412b63	17	36109315	36157718	36	0.8455
9f6d6182-a77b-4c77-98aa-f754a8412b63	17	36200725	45571138	4700	0.0116
9f6d6182-a77b-4c77-98aa-f754a8412b63	17	45571174	45582060	8	-0.7894
9f6d6182-a77b-4c77-98aa-f754a8412b63	17	45587327	45626448	7	0.0937
9f6d6182-a77b-4c77-98aa-f754a8412b63	17	45632798	45640626	6	-0.7677
9f6d6182-a77b-4c77-98aa-f754a8412b63	17	45641599	46089089	327	-0.0041
9f6d6182-a77b-4c77-98aa-f754a8412b63	17	46089134	46286804	121	-0.325
9f6d6182-a77b-4c77-98aa-f754a8412b63	17	46323701	46446360	4	1.5722
9f6d6182-a77b-4c77-98aa-f754a8412b63	17	46569894	55544982	5337	0.0027
9f6d6182-a77b-4c77-98aa-f754a8412b63	17	55545649	55545755	2	-1.7155
9f6d6182-a77b-4c77-98aa-f754a8412b63	17	55548781	78285287	13901	0.0067
9f6d6182-a77b-4c77-98aa-f754a8412b63	17	78286051	78286887	2	-2.4681
9f6d6182-a77b-4c77-98aa-f754a8412b63	17	78290662	83091923	2318	0.0111
9f6d6182-a77b-4c77-98aa-f754a8412b63	18	48133	42471713	24003	-0.0011
9f6d6182-a77b-4c77-98aa-f754a8412b63	18	42476604	42477506	24	-0.6142
9f6d6182-a77b-4c77-98aa-f754a8412b63	18	42477802	66095064	16303	0.0018
9f6d6182-a77b-4c77-98aa-f754a8412b63	18	66099904	66100686	3	-2.4435
9f6d6182-a77b-4c77-98aa-f754a8412b63	18	66108359	80257174	10368	-0.0005
9f6d6182-a77b-4c77-98aa-f754a8412b63	19	90910	12581187	5043	0.0127
9f6d6182-a77b-4c77-98aa-f754a8412b63	19	12586552	12587288	2	1.619
9f6d6182-a77b-4c77-98aa-f754a8412b63	19	12589709	20411500	3880	0.0052
9f6d6182-a77b-4c77-98aa-f754a8412b63	19	20411869	20538428	71	-0.6681
9f6d6182-a77b-4c77-98aa-f754a8412b63	19	20538656	24274155	2135	0.0001
9f6d6182-a77b-4c77-98aa-f754a8412b63	19	24278016	24304880	11	-0.7132
9f6d6182-a77b-4c77-98aa-f754a8412b63	19	24320970	40854267	8352	0.0084
9f6d6182-a77b-4c77-98aa-f754a8412b63	19	40854465	40870114	19	-0.799
9f6d6182-a77b-4c77-98aa-f754a8412b63	19	40886250	55771003	7741	0.0061
9f6d6182-a77b-4c77-98aa-f754a8412b63	19	55771169	55771701	3	-2.5005
9f6d6182-a77b-4c77-98aa-f754a8412b63	19	55774927	58586487	1838	0.0056
9f6d6182-a77b-4c77-98aa-f754a8412b63	20	80664	30224631	20010	0.0049
9f6d6182-a77b-4c77-98aa-f754a8412b63	20	30230416	30271154	8	-0.885
9f6d6182-a77b-4c77-98aa-f754a8412b63	20	30293217	40584843	5241	0.0071
9f6d6182-a77b-4c77-98aa-f754a8412b63	20	40589634	52982813	8786	-0.1571
9f6d6182-a77b-4c77-98aa-f754a8412b63	20	52983339	64324800	8308	0.0069
9f6d6182-a77b-4c77-98aa-f754a8412b63	21	10354168	10753316	85	0.2689
9f6d6182-a77b-4c77-98aa-f754a8412b63	21	10756733	46677045	23763	0.0011
9f6d6182-a77b-4c77-98aa-f754a8412b63	22	15294547	18620743	1134	-0.0041
9f6d6182-a77b-4c77-98aa-f754a8412b63	22	18649244	18822581	6	-1.0255
9f6d6182-a77b-4c77-98aa-f754a8412b63	22	18822597	23981995	3253	0.0157
9f6d6182-a77b-4c77-98aa-f754a8412b63	22	23988078	23989773	2	-3.0449
9f6d6182-a77b-4c77-98aa-f754a8412b63	22	23990431	41616411	12251	0.0079
9f6d6182-a77b-4c77-98aa-f754a8412b63	22	41616453	41622252	2	-2.1713
9f6d6182-a77b-4c77-98aa-f754a8412b63	22	41625284	50796027	6614	0.0181
9f6d6182-a77b-4c77-98aa-f754a8412b63	X	251810	34026256	21200	0.0038
9f6d6182-a77b-4c77-98aa-f754a8412b63	X	34028436	34047281	19	-0.9579
9f6d6182-a77b-4c77-98aa-f754a8412b63	X	34050465	116941831	39438	0.0031
9f6d6182-a77b-4c77-98aa-f754a8412b63	X	116949473	116964349	12	0.6258
9f6d6182-a77b-4c77-98aa-f754a8412b63	X	116970899	155952689	22888	0.0021
9f6d6182-a77b-4c77-98aa-f754a8412b63	Y	2782397	7531801	1223	-2.5745
9f6d6182-a77b-4c77-98aa-f754a8412b63	Y	7532705	9985764	1117	-2.9186
9f6d6182-a77b-4c77-98aa-f754a8412b63	Y	9988431	13478396	925	-2.6851
9f6d6182-a77b-4c77-98aa-f754a8412b63	Y	13478462	13482643	3	-7.8018
9f6d6182-a77b-4c77-98aa-f754a8412b63	Y	13483009	56872112	3371	-2.7967
