GDC_Aliquot	Chromosome	Start	End	Copy_Number	Major_Copy_Number	Minor_Copy_Number
42d4673a-9890-4752-8cb4-fb60d04e0626	chr1	13116	248945703	2	1	1
42d4673a-9890-4752-8cb4-fb60d04e0626	chr2	10587	170907887	2	1	1
42d4673a-9890-4752-8cb4-fb60d04e0626	chr2	170909417	174088534	3	2	1
42d4673a-9890-4752-8cb4-fb60d04e0626	chr2	174089573	242183243	2	1	1
42d4673a-9890-4752-8cb4-fb60d04e0626	chr3	18519	198181744	2	1	1
42d4673a-9890-4752-8cb4-fb60d04e0626	chr4	11961	48952049	2	1	1
42d4673a-9890-4752-8cb4-fb60d04e0626	chr4	48954250	48995333	3	2	1
42d4673a-9890-4752-8cb4-fb60d04e0626	chr4	48996757	59087290	2	1	1
42d4673a-9890-4752-8cb4-fb60d04e0626	chr4	59088411	60719658	1	1	0
42d4673a-9890-4752-8cb4-fb60d04e0626	chr4	60720829	60725370	2	2	0
42d4673a-9890-4752-8cb4-fb60d04e0626	chr4	60726614	60807251	9	9	0
42d4673a-9890-4752-8cb4-fb60d04e0626	chr4	60808696	61752978	6	5	1
42d4673a-9890-4752-8cb4-fb60d04e0626	chr4	61754693	62341879	5	4	1
42d4673a-9890-4752-8cb4-fb60d04e0626	chr4	62343189	62750744	3	2	1
42d4673a-9890-4752-8cb4-fb60d04e0626	chr4	62752176	63016167	4	3	1
42d4673a-9890-4752-8cb4-fb60d04e0626	chr4	63017181	65039301	5	4	1
42d4673a-9890-4752-8cb4-fb60d04e0626	chr4	65040494	65613089	7	6	1
42d4673a-9890-4752-8cb4-fb60d04e0626	chr4	65614491	65624679	6	6	0
42d4673a-9890-4752-8cb4-fb60d04e0626	chr4	65625844	66768969	4	3	1
42d4673a-9890-4752-8cb4-fb60d04e0626	chr4	66770555	66779596	8	7	1
42d4673a-9890-4752-8cb4-fb60d04e0626	chr4	66781201	70073031	1	1	0
42d4673a-9890-4752-8cb4-fb60d04e0626	chr4	70074855	70583562	2	1	1
42d4673a-9890-4752-8cb4-fb60d04e0626	chr4	70584597	71911360	1	1	0
42d4673a-9890-4752-8cb4-fb60d04e0626	chr4	71913073	72894493	5	4	1
42d4673a-9890-4752-8cb4-fb60d04e0626	chr4	72895921	75483867	2	1	1
42d4673a-9890-4752-8cb4-fb60d04e0626	chr4	75485210	76226816	5	4	1
42d4673a-9890-4752-8cb4-fb60d04e0626	chr4	76227946	76331043	7	6	1
42d4673a-9890-4752-8cb4-fb60d04e0626	chr4	76333651	77175035	5	4	1
42d4673a-9890-4752-8cb4-fb60d04e0626	chr4	77176449	77787638	8	7	1
42d4673a-9890-4752-8cb4-fb60d04e0626	chr4	77789384	78693723	5	4	1
42d4673a-9890-4752-8cb4-fb60d04e0626	chr4	78694797	79085967	7	6	1
42d4673a-9890-4752-8cb4-fb60d04e0626	chr4	79087222	79096128	8	6	2
42d4673a-9890-4752-8cb4-fb60d04e0626	chr4	79097619	79540680	4	3	1
42d4673a-9890-4752-8cb4-fb60d04e0626	chr4	79542000	80066969	8	7	1
42d4673a-9890-4752-8cb4-fb60d04e0626	chr4	80068168	82172483	3	2	1
42d4673a-9890-4752-8cb4-fb60d04e0626	chr4	82173852	84169315	2	1	1
42d4673a-9890-4752-8cb4-fb60d04e0626	chr4	84170560	85770442	3	2	1
42d4673a-9890-4752-8cb4-fb60d04e0626	chr4	85771512	85964682	2	1	1
42d4673a-9890-4752-8cb4-fb60d04e0626	chr4	85966014	98738900	1	1	0
42d4673a-9890-4752-8cb4-fb60d04e0626	chr4	98740135	190122722	2	1	1
42d4673a-9890-4752-8cb4-fb60d04e0626	chr5	11882	50158506	3	2	1
42d4673a-9890-4752-8cb4-fb60d04e0626	chr5	50159521	89252765	2	1	1
42d4673a-9890-4752-8cb4-fb60d04e0626	chr5	89254213	99120302	3	2	1
42d4673a-9890-4752-8cb4-fb60d04e0626	chr5	99121427	108655632	2	1	1
42d4673a-9890-4752-8cb4-fb60d04e0626	chr5	108656975	111747999	3	2	1
42d4673a-9890-4752-8cb4-fb60d04e0626	chr5	111749855	178436082	2	1	1
42d4673a-9890-4752-8cb4-fb60d04e0626	chr5	178438593	181363900	3	2	1
42d4673a-9890-4752-8cb4-fb60d04e0626	chr6	100116	170740469	2	1	1
42d4673a-9890-4752-8cb4-fb60d04e0626	chr7	20608	159334386	2	1	1
42d4673a-9890-4752-8cb4-fb60d04e0626	chr8	61774	58854664	2	1	1
42d4673a-9890-4752-8cb4-fb60d04e0626	chr8	58855995	59925824	3	2	1
42d4673a-9890-4752-8cb4-fb60d04e0626	chr8	59926998	63511115	2	1	1
42d4673a-9890-4752-8cb4-fb60d04e0626	chr8	63512777	65384029	3	2	1
42d4673a-9890-4752-8cb4-fb60d04e0626	chr8	65385154	85651103	2	1	1
42d4673a-9890-4752-8cb4-fb60d04e0626	chr8	85659748	86303691	5	4	1
42d4673a-9890-4752-8cb4-fb60d04e0626	chr8	86305451	86416649	7	5	2
42d4673a-9890-4752-8cb4-fb60d04e0626	chr8	86417813	86432337	3	3	0
42d4673a-9890-4752-8cb4-fb60d04e0626	chr8	86433511	86603225	2	2	0
42d4673a-9890-4752-8cb4-fb60d04e0626	chr8	86604602	93989314	2	1	1
42d4673a-9890-4752-8cb4-fb60d04e0626	chr8	93992637	99524756	3	2	1
42d4673a-9890-4752-8cb4-fb60d04e0626	chr8	99525842	107064434	2	1	1
42d4673a-9890-4752-8cb4-fb60d04e0626	chr8	107067372	107179785	7	6	1
42d4673a-9890-4752-8cb4-fb60d04e0626	chr8	107181102	108763673	5	4	1
42d4673a-9890-4752-8cb4-fb60d04e0626	chr8	108765555	111867451	4	3	1
42d4673a-9890-4752-8cb4-fb60d04e0626	chr8	111868849	115297413	3	2	1
42d4673a-9890-4752-8cb4-fb60d04e0626	chr8	115298911	115731575	5	4	1
42d4673a-9890-4752-8cb4-fb60d04e0626	chr8	115733711	117409077	4	2	2
42d4673a-9890-4752-8cb4-fb60d04e0626	chr8	117410421	118115711	7	6	1
42d4673a-9890-4752-8cb4-fb60d04e0626	chr8	118117422	120087404	3	2	1
42d4673a-9890-4752-8cb4-fb60d04e0626	chr8	120088506	122886719	4	3	1
42d4673a-9890-4752-8cb4-fb60d04e0626	chr8	122887758	123975238	7	6	1
42d4673a-9890-4752-8cb4-fb60d04e0626	chr8	123977120	124241183	4	2	2
42d4673a-9890-4752-8cb4-fb60d04e0626	chr8	124243507	124474526	7	6	1
42d4673a-9890-4752-8cb4-fb60d04e0626	chr8	124476086	126256062	10	9	1
42d4673a-9890-4752-8cb4-fb60d04e0626	chr8	126257175	127112950	4	3	1
42d4673a-9890-4752-8cb4-fb60d04e0626	chr8	127114553	128992690	4	2	2
42d4673a-9890-4752-8cb4-fb60d04e0626	chr8	128993912	130152393	3	2	1
42d4673a-9890-4752-8cb4-fb60d04e0626	chr8	130154173	130318474	4	3	1
42d4673a-9890-4752-8cb4-fb60d04e0626	chr8	130319850	130615881	5	4	1
42d4673a-9890-4752-8cb4-fb60d04e0626	chr8	130617973	134428918	4	3	1
42d4673a-9890-4752-8cb4-fb60d04e0626	chr8	134430131	134849334	6	5	1
42d4673a-9890-4752-8cb4-fb60d04e0626	chr8	134851942	135677546	4	3	1
42d4673a-9890-4752-8cb4-fb60d04e0626	chr8	135678570	135786857	5	4	1
42d4673a-9890-4752-8cb4-fb60d04e0626	chr8	135788482	138676807	3	2	1
42d4673a-9890-4752-8cb4-fb60d04e0626	chr8	138678747	138858345	2	1	1
42d4673a-9890-4752-8cb4-fb60d04e0626	chr8	138859349	138955456	1	1	0
42d4673a-9890-4752-8cb4-fb60d04e0626	chr8	138958024	139037633	9	8	1
42d4673a-9890-4752-8cb4-fb60d04e0626	chr8	139038785	139705079	1	1	0
42d4673a-9890-4752-8cb4-fb60d04e0626	chr8	139707219	142493282	2	1	1
42d4673a-9890-4752-8cb4-fb60d04e0626	chr8	142494701	143059398	3	2	1
42d4673a-9890-4752-8cb4-fb60d04e0626	chr8	143060410	145078402	2	1	1
42d4673a-9890-4752-8cb4-fb60d04e0626	chr9	10469	43070419	1	1	0
42d4673a-9890-4752-8cb4-fb60d04e0626	chr9	60839871	138256233	2	1	1
42d4673a-9890-4752-8cb4-fb60d04e0626	chr10	15029	133787009	2	1	1
42d4673a-9890-4752-8cb4-fb60d04e0626	chr11	87268	219379	2	2	0
42d4673a-9890-4752-8cb4-fb60d04e0626	chr11	220401	650713	2	1	1
42d4673a-9890-4752-8cb4-fb60d04e0626	chr11	651768	1069598	3	2	1
42d4673a-9890-4752-8cb4-fb60d04e0626	chr11	1070605	135076424	2	1	1
42d4673a-9890-4752-8cb4-fb60d04e0626	chr12	11065	881746	2	1	1
42d4673a-9890-4752-8cb4-fb60d04e0626	chr12	883063	9883414	1	1	0
42d4673a-9890-4752-8cb4-fb60d04e0626	chr12	9884805	10154481	8	7	1
42d4673a-9890-4752-8cb4-fb60d04e0626	chr12	10155610	11874167	5	4	1
42d4673a-9890-4752-8cb4-fb60d04e0626	chr12	11875223	12559760	2	1	1
42d4673a-9890-4752-8cb4-fb60d04e0626	chr12	12561168	15038063	1	1	0
42d4673a-9890-4752-8cb4-fb60d04e0626	chr12	15039307	15092230	6	3	3
42d4673a-9890-4752-8cb4-fb60d04e0626	chr12	15093357	15922756	1	1	0
42d4673a-9890-4752-8cb4-fb60d04e0626	chr12	15924176	17251463	2	1	1
42d4673a-9890-4752-8cb4-fb60d04e0626	chr12	17252788	17688530	6	5	1
42d4673a-9890-4752-8cb4-fb60d04e0626	chr12	17689629	18032010	2	1	1
42d4673a-9890-4752-8cb4-fb60d04e0626	chr12	18033328	21428196	1	1	0
42d4673a-9890-4752-8cb4-fb60d04e0626	chr12	21429683	21627917	2	1	1
42d4673a-9890-4752-8cb4-fb60d04e0626	chr12	21631107	21667644	1	1	0
42d4673a-9890-4752-8cb4-fb60d04e0626	chr12	21670102	22032324	3	2	1
42d4673a-9890-4752-8cb4-fb60d04e0626	chr12	22033982	22228826	5	4	1
42d4673a-9890-4752-8cb4-fb60d04e0626	chr12	22230107	23228554	3	2	1
42d4673a-9890-4752-8cb4-fb60d04e0626	chr12	23231736	23547359	4	3	1
42d4673a-9890-4752-8cb4-fb60d04e0626	chr12	23548651	25224758	3	2	1
42d4673a-9890-4752-8cb4-fb60d04e0626	chr12	25226703	25479088	11	10	1
42d4673a-9890-4752-8cb4-fb60d04e0626	chr12	25481204	26845184	3	2	1
42d4673a-9890-4752-8cb4-fb60d04e0626	chr12	26846271	26852141	2	1	1
42d4673a-9890-4752-8cb4-fb60d04e0626	chr12	26854273	30312549	1	1	0
42d4673a-9890-4752-8cb4-fb60d04e0626	chr12	30314220	30668505	2	1	1
42d4673a-9890-4752-8cb4-fb60d04e0626	chr12	30669605	31158632	5	4	1
42d4673a-9890-4752-8cb4-fb60d04e0626	chr12	31160493	33572258	6	5	1
42d4673a-9890-4752-8cb4-fb60d04e0626	chr12	33573405	34013829	7	6	1
42d4673a-9890-4752-8cb4-fb60d04e0626	chr12	34015420	57714269	1	1	0
42d4673a-9890-4752-8cb4-fb60d04e0626	chr12	57718406	59120698	8	7	1
42d4673a-9890-4752-8cb4-fb60d04e0626	chr12	59122353	59251110	11	10	1
42d4673a-9890-4752-8cb4-fb60d04e0626	chr12	59253760	59362988	17	16	1
42d4673a-9890-4752-8cb4-fb60d04e0626	chr12	59364574	60207365	4	3	1
42d4673a-9890-4752-8cb4-fb60d04e0626	chr12	60208750	61098423	8	7	1
42d4673a-9890-4752-8cb4-fb60d04e0626	chr12	61099428	62934777	5	4	1
42d4673a-9890-4752-8cb4-fb60d04e0626	chr12	62936153	63420715	7	6	1
42d4673a-9890-4752-8cb4-fb60d04e0626	chr12	63421811	64192441	6	5	1
42d4673a-9890-4752-8cb4-fb60d04e0626	chr12	64194785	65320877	7	6	1
42d4673a-9890-4752-8cb4-fb60d04e0626	chr12	65323281	65934198	6	5	1
42d4673a-9890-4752-8cb4-fb60d04e0626	chr12	65937585	66785327	10	9	1
42d4673a-9890-4752-8cb4-fb60d04e0626	chr12	66786399	67275247	13	12	1
42d4673a-9890-4752-8cb4-fb60d04e0626	chr12	67276261	68020930	9	8	1
42d4673a-9890-4752-8cb4-fb60d04e0626	chr12	68021996	68166035	6	5	1
42d4673a-9890-4752-8cb4-fb60d04e0626	chr12	68167099	68398893	10	9	1
42d4673a-9890-4752-8cb4-fb60d04e0626	chr12	68399904	69667236	17	16	1
42d4673a-9890-4752-8cb4-fb60d04e0626	chr12	69669861	70282250	4	3	1
42d4673a-9890-4752-8cb4-fb60d04e0626	chr12	70283333	70608916	5	4	1
42d4673a-9890-4752-8cb4-fb60d04e0626	chr12	70610093	70754895	3	2	1
42d4673a-9890-4752-8cb4-fb60d04e0626	chr12	70756397	70959997	5	4	1
42d4673a-9890-4752-8cb4-fb60d04e0626	chr12	70961051	71163872	4	3	1
42d4673a-9890-4752-8cb4-fb60d04e0626	chr12	71165190	71573056	5	4	1
42d4673a-9890-4752-8cb4-fb60d04e0626	chr12	71574091	71968688	6	5	1
42d4673a-9890-4752-8cb4-fb60d04e0626	chr12	71970389	71999349	7	5	2
42d4673a-9890-4752-8cb4-fb60d04e0626	chr12	72000396	72195849	10	9	1
42d4673a-9890-4752-8cb4-fb60d04e0626	chr12	72197982	72481839	15	14	1
42d4673a-9890-4752-8cb4-fb60d04e0626	chr12	72483248	73046827	12	11	1
42d4673a-9890-4752-8cb4-fb60d04e0626	chr12	73047965	73072309	10	10	0
42d4673a-9890-4752-8cb4-fb60d04e0626	chr12	73074958	73934920	16	15	1
42d4673a-9890-4752-8cb4-fb60d04e0626	chr12	73936010	75193067	20	19	1
42d4673a-9890-4752-8cb4-fb60d04e0626	chr12	75194113	76097827	11	10	1
42d4673a-9890-4752-8cb4-fb60d04e0626	chr12	76099275	76735650	3	2	1
42d4673a-9890-4752-8cb4-fb60d04e0626	chr12	76736844	77706450	1	1	0
42d4673a-9890-4752-8cb4-fb60d04e0626	chr12	77707759	78211848	2	1	1
42d4673a-9890-4752-8cb4-fb60d04e0626	chr12	78212953	133264676	1	1	0
42d4673a-9890-4752-8cb4-fb60d04e0626	chr13	18445955	18584819	2	2	0
42d4673a-9890-4752-8cb4-fb60d04e0626	chr13	18586027	114343123	2	1	1
42d4673a-9890-4752-8cb4-fb60d04e0626	chr14	18223583	106880670	2	1	1
42d4673a-9890-4752-8cb4-fb60d04e0626	chr15	19795285	20024711	2	1	1
42d4673a-9890-4752-8cb4-fb60d04e0626	chr15	20025903	22679757	2	2	0
42d4673a-9890-4752-8cb4-fb60d04e0626	chr15	22681337	101980591	2	1	1
42d4673a-9890-4752-8cb4-fb60d04e0626	chr16	10291	90226358	2	1	1
42d4673a-9890-4752-8cb4-fb60d04e0626	chr17	151035	10681403	2	1	1
42d4673a-9890-4752-8cb4-fb60d04e0626	chr17	10682636	10730629	1	1	0
42d4673a-9890-4752-8cb4-fb60d04e0626	chr17	10732407	78826731	2	1	1
42d4673a-9890-4752-8cb4-fb60d04e0626	chr17	78827802	78838430	5	3	2
42d4673a-9890-4752-8cb4-fb60d04e0626	chr17	78840332	83237603	2	1	1
42d4673a-9890-4752-8cb4-fb60d04e0626	chr18	16444	80259190	2	1	1
42d4673a-9890-4752-8cb4-fb60d04e0626	chr19	157892	15374539	2	1	1
42d4673a-9890-4752-8cb4-fb60d04e0626	chr19	15375593	15971245	1	1	0
42d4673a-9890-4752-8cb4-fb60d04e0626	chr19	15972547	58607412	2	1	1
42d4673a-9890-4752-8cb4-fb60d04e0626	chr20	80457	64331516	2	1	1
42d4673a-9890-4752-8cb4-fb60d04e0626	chr21	7762688	13348832	2	1	1
42d4673a-9890-4752-8cb4-fb60d04e0626	chr21	13349974	20904018	1	1	0
42d4673a-9890-4752-8cb4-fb60d04e0626	chr21	20905184	46699722	2	1	1
42d4673a-9890-4752-8cb4-fb60d04e0626	chr22	15284540	16391733	2	2	0
42d4673a-9890-4752-8cb4-fb60d04e0626	chr22	16392735	50802392	2	1	1
42d4673a-9890-4752-8cb4-fb60d04e0626	chrX	2781514	3643870	1	1	0
42d4673a-9890-4752-8cb4-fb60d04e0626	chrX	3647555	3662261	3	3	0
42d4673a-9890-4752-8cb4-fb60d04e0626	chrX	3663315	70970144	1	1	0
42d4673a-9890-4752-8cb4-fb60d04e0626	chrX	70971413	71644300	3	3	0
42d4673a-9890-4752-8cb4-fb60d04e0626	chrX	71645357	80858820	1	1	0
42d4673a-9890-4752-8cb4-fb60d04e0626	chrX	80860118	81440575	2	2	0
42d4673a-9890-4752-8cb4-fb60d04e0626	chrX	81441756	85813490	1	1	0
42d4673a-9890-4752-8cb4-fb60d04e0626	chrX	85814913	97356259	0	0	0
42d4673a-9890-4752-8cb4-fb60d04e0626	chrX	97357669	99454742	1	1	0
42d4673a-9890-4752-8cb4-fb60d04e0626	chrX	99457332	100374565	2	2	0
42d4673a-9890-4752-8cb4-fb60d04e0626	chrX	100375955	101389579	1	1	0
42d4673a-9890-4752-8cb4-fb60d04e0626	chrX	101393692	102455166	0	0	0
42d4673a-9890-4752-8cb4-fb60d04e0626	chrX	102489278	103966571	1	1	0
42d4673a-9890-4752-8cb4-fb60d04e0626	chrX	103974301	103977248	2	2	0
42d4673a-9890-4752-8cb4-fb60d04e0626	chrX	103987697	104895744	1	1	0
42d4673a-9890-4752-8cb4-fb60d04e0626	chrX	104896846	105304417	3	3	0
42d4673a-9890-4752-8cb4-fb60d04e0626	chrX	105307275	105311643	8	8	0
42d4673a-9890-4752-8cb4-fb60d04e0626	chrX	105312675	105398436	4	4	0
42d4673a-9890-4752-8cb4-fb60d04e0626	chrX	105399924	105492580	9	9	0
42d4673a-9890-4752-8cb4-fb60d04e0626	chrX	105496850	107095323	4	4	0
42d4673a-9890-4752-8cb4-fb60d04e0626	chrX	107098678	108771297	2	2	0
42d4673a-9890-4752-8cb4-fb60d04e0626	chrX	108772440	110626707	3	3	0
42d4673a-9890-4752-8cb4-fb60d04e0626	chrX	110629064	111838090	1	1	0
42d4673a-9890-4752-8cb4-fb60d04e0626	chrX	111839161	112154832	2	2	0
42d4673a-9890-4752-8cb4-fb60d04e0626	chrX	112155950	112589605	3	3	0
42d4673a-9890-4752-8cb4-fb60d04e0626	chrX	112590984	112832333	4	4	0
42d4673a-9890-4752-8cb4-fb60d04e0626	chrX	112833699	113442922	3	3	0
42d4673a-9890-4752-8cb4-fb60d04e0626	chrX	113444169	113613743	11	11	0
42d4673a-9890-4752-8cb4-fb60d04e0626	chrX	113614925	113728019	5	5	0
42d4673a-9890-4752-8cb4-fb60d04e0626	chrX	113730060	113932520	3	3	0
42d4673a-9890-4752-8cb4-fb60d04e0626	chrX	113936166	114079084	4	4	0
42d4673a-9890-4752-8cb4-fb60d04e0626	chrX	114080092	114095560	5	5	0
42d4673a-9890-4752-8cb4-fb60d04e0626	chrX	114097948	114555348	3	3	0
42d4673a-9890-4752-8cb4-fb60d04e0626	chrX	114556657	115385498	2	2	0
42d4673a-9890-4752-8cb4-fb60d04e0626	chrX	115388922	115715687	4	4	0
42d4673a-9890-4752-8cb4-fb60d04e0626	chrX	115716938	115839680	5	5	0
42d4673a-9890-4752-8cb4-fb60d04e0626	chrX	115840919	115888606	3	3	0
42d4673a-9890-4752-8cb4-fb60d04e0626	chrX	115889699	116098079	4	4	0
42d4673a-9890-4752-8cb4-fb60d04e0626	chrX	116099353	117778592	3	3	0
42d4673a-9890-4752-8cb4-fb60d04e0626	chrX	117779609	117877231	4	4	0
42d4673a-9890-4752-8cb4-fb60d04e0626	chrX	117880144	119781281	3	3	0
42d4673a-9890-4752-8cb4-fb60d04e0626	chrX	119782565	120053357	4	4	0
42d4673a-9890-4752-8cb4-fb60d04e0626	chrX	120056852	120065828	11	11	0
42d4673a-9890-4752-8cb4-fb60d04e0626	chrX	120075272	120085649	2	2	0
42d4673a-9890-4752-8cb4-fb60d04e0626	chrX	120086834	120172225	4	4	0
42d4673a-9890-4752-8cb4-fb60d04e0626	chrX	120175215	120192967	2	2	0
42d4673a-9890-4752-8cb4-fb60d04e0626	chrX	120197811	120324944	3	3	0
42d4673a-9890-4752-8cb4-fb60d04e0626	chrX	120326467	126779971	2	2	0
42d4673a-9890-4752-8cb4-fb60d04e0626	chrX	126781502	129042586	1	1	0
42d4673a-9890-4752-8cb4-fb60d04e0626	chrX	129043640	129050731	2	2	0
42d4673a-9890-4752-8cb4-fb60d04e0626	chrX	129052779	131649610	1	1	0
42d4673a-9890-4752-8cb4-fb60d04e0626	chrX	131652468	132605545	0	0	0
42d4673a-9890-4752-8cb4-fb60d04e0626	chrX	132607733	133170506	1	1	0
42d4673a-9890-4752-8cb4-fb60d04e0626	chrX	133171943	139133457	2	2	0
42d4673a-9890-4752-8cb4-fb60d04e0626	chrX	139135572	139448552	6	6	0
42d4673a-9890-4752-8cb4-fb60d04e0626	chrX	139449609	140514503	3	3	0
42d4673a-9890-4752-8cb4-fb60d04e0626	chrX	140515723	140772651	4	4	0
42d4673a-9890-4752-8cb4-fb60d04e0626	chrX	140773810	141357985	2	2	0
42d4673a-9890-4752-8cb4-fb60d04e0626	chrX	141359123	141383446	4	4	0
42d4673a-9890-4752-8cb4-fb60d04e0626	chrX	141385229	142390258	3	3	0
42d4673a-9890-4752-8cb4-fb60d04e0626	chrX	142391339	142479175	4	4	0
42d4673a-9890-4752-8cb4-fb60d04e0626	chrX	142483460	142631548	3	3	0
42d4673a-9890-4752-8cb4-fb60d04e0626	chrX	142632777	144696458	2	2	0
42d4673a-9890-4752-8cb4-fb60d04e0626	chrX	144697535	145462691	1	1	0
42d4673a-9890-4752-8cb4-fb60d04e0626	chrX	145464277	145990481	2	2	0
42d4673a-9890-4752-8cb4-fb60d04e0626	chrX	145991499	146336556	1	1	0
42d4673a-9890-4752-8cb4-fb60d04e0626	chrX	146338249	146399810	2	2	0
42d4673a-9890-4752-8cb4-fb60d04e0626	chrX	146400920	146669581	1	1	0
42d4673a-9890-4752-8cb4-fb60d04e0626	chrX	146671025	146770644	5	5	0
42d4673a-9890-4752-8cb4-fb60d04e0626	chrX	146772157	146826193	6	6	0
42d4673a-9890-4752-8cb4-fb60d04e0626	chrX	146827296	146911305	8	8	0
42d4673a-9890-4752-8cb4-fb60d04e0626	chrX	146912776	147241105	3	3	0
42d4673a-9890-4752-8cb4-fb60d04e0626	chrX	147242717	147709751	2	2	0
42d4673a-9890-4752-8cb4-fb60d04e0626	chrX	147711891	147794665	16	16	0
42d4673a-9890-4752-8cb4-fb60d04e0626	chrX	147795768	148601446	9	9	0
42d4673a-9890-4752-8cb4-fb60d04e0626	chrX	148602460	149079401	5	5	0
42d4673a-9890-4752-8cb4-fb60d04e0626	chrX	149080703	149501362	6	6	0
42d4673a-9890-4752-8cb4-fb60d04e0626	chrX	149502870	149557818	4	4	0
42d4673a-9890-4752-8cb4-fb60d04e0626	chrX	149562177	151133271	3	3	0
42d4673a-9890-4752-8cb4-fb60d04e0626	chrX	151134357	153058185	2	2	0
42d4673a-9890-4752-8cb4-fb60d04e0626	chrX	153059569	153105844	5	5	0
42d4673a-9890-4752-8cb4-fb60d04e0626	chrX	153108837	153411676	2	2	0
42d4673a-9890-4752-8cb4-fb60d04e0626	chrX	153414120	154783846	1	1	0
42d4673a-9890-4752-8cb4-fb60d04e0626	chrX	154785832	155522318	2	2	0
42d4673a-9890-4752-8cb4-fb60d04e0626	chrX	155523319	155699751	1	1	0
42d4673a-9890-4752-8cb4-fb60d04e0626	chrY	2789135	26622951	1	1	0
