GDC_Aliquot	Chromosome	Start	End	Copy_Number	Major_Copy_Number	Minor_Copy_Number
1abf55ca-df9a-4ac4-8c33-510b39936273	chr1	13116	158006	1	1	0
1abf55ca-df9a-4ac4-8c33-510b39936273	chr1	262698	727034	5	4	1
1abf55ca-df9a-4ac4-8c33-510b39936273	chr1	730021	812761	2	2	0
1abf55ca-df9a-4ac4-8c33-510b39936273	chr1	814137	54928426	2	1	1
1abf55ca-df9a-4ac4-8c33-510b39936273	chr1	54929516	60481452	1	1	0
1abf55ca-df9a-4ac4-8c33-510b39936273	chr1	60483682	69867722	2	1	1
1abf55ca-df9a-4ac4-8c33-510b39936273	chr1	69869140	121742438	1	1	0
1abf55ca-df9a-4ac4-8c33-510b39936273	chr1	143417573	177438329	2	1	1
1abf55ca-df9a-4ac4-8c33-510b39936273	chr1	177439346	207313053	3	2	1
1abf55ca-df9a-4ac4-8c33-510b39936273	chr1	207314659	207330376	1	1	0
1abf55ca-df9a-4ac4-8c33-510b39936273	chr1	207331403	248945703	3	2	1
1abf55ca-df9a-4ac4-8c33-510b39936273	chr2	10587	86943050	2	1	1
1abf55ca-df9a-4ac4-8c33-510b39936273	chr2	86945884	87224256	2	2	0
1abf55ca-df9a-4ac4-8c33-510b39936273	chr2	87226103	116345050	2	1	1
1abf55ca-df9a-4ac4-8c33-510b39936273	chr2	116346082	117082916	2	2	0
1abf55ca-df9a-4ac4-8c33-510b39936273	chr2	117085738	124646326	2	1	1
1abf55ca-df9a-4ac4-8c33-510b39936273	chr2	124647725	131879910	3	2	1
1abf55ca-df9a-4ac4-8c33-510b39936273	chr2	131881755	133068628	2	1	1
1abf55ca-df9a-4ac4-8c33-510b39936273	chr2	133069884	157307924	1	1	0
1abf55ca-df9a-4ac4-8c33-510b39936273	chr2	157309306	159445637	3	2	1
1abf55ca-df9a-4ac4-8c33-510b39936273	chr2	159447700	159653496	2	1	1
1abf55ca-df9a-4ac4-8c33-510b39936273	chr2	159655386	160422637	1	1	0
1abf55ca-df9a-4ac4-8c33-510b39936273	chr2	160423779	161786376	2	1	1
1abf55ca-df9a-4ac4-8c33-510b39936273	chr2	161787585	162012348	1	1	0
1abf55ca-df9a-4ac4-8c33-510b39936273	chr2	162014001	162036770	2	1	1
1abf55ca-df9a-4ac4-8c33-510b39936273	chr2	162038256	163801924	1	1	0
1abf55ca-df9a-4ac4-8c33-510b39936273	chr2	163803428	164640915	2	1	1
1abf55ca-df9a-4ac4-8c33-510b39936273	chr2	164643038	165017570	1	1	0
1abf55ca-df9a-4ac4-8c33-510b39936273	chr2	165018846	165956368	2	1	1
1abf55ca-df9a-4ac4-8c33-510b39936273	chr2	165957420	166557256	1	1	0
1abf55ca-df9a-4ac4-8c33-510b39936273	chr2	166558568	167776323	3	2	1
1abf55ca-df9a-4ac4-8c33-510b39936273	chr2	167777800	168500629	2	1	1
1abf55ca-df9a-4ac4-8c33-510b39936273	chr2	168502572	168548822	1	1	0
1abf55ca-df9a-4ac4-8c33-510b39936273	chr2	168550581	171271410	2	1	1
1abf55ca-df9a-4ac4-8c33-510b39936273	chr2	171272505	182328193	1	1	0
1abf55ca-df9a-4ac4-8c33-510b39936273	chr2	182329597	185588122	2	1	1
1abf55ca-df9a-4ac4-8c33-510b39936273	chr2	185589957	185969610	3	2	1
1abf55ca-df9a-4ac4-8c33-510b39936273	chr2	185971789	208054193	2	1	1
1abf55ca-df9a-4ac4-8c33-510b39936273	chr2	208055439	209625965	1	1	0
1abf55ca-df9a-4ac4-8c33-510b39936273	chr2	209627115	242183243	2	1	1
1abf55ca-df9a-4ac4-8c33-510b39936273	chr3	18519	64850186	2	1	1
1abf55ca-df9a-4ac4-8c33-510b39936273	chr3	64852267	73248594	1	1	0
1abf55ca-df9a-4ac4-8c33-510b39936273	chr3	73249852	74028771	3	2	1
1abf55ca-df9a-4ac4-8c33-510b39936273	chr3	74029802	76674368	1	1	0
1abf55ca-df9a-4ac4-8c33-510b39936273	chr3	76675428	76786522	3	2	1
1abf55ca-df9a-4ac4-8c33-510b39936273	chr3	76787703	198181744	1	1	0
1abf55ca-df9a-4ac4-8c33-510b39936273	chr4	11961	27948287	2	1	1
1abf55ca-df9a-4ac4-8c33-510b39936273	chr4	27950327	42773316	3	2	1
1abf55ca-df9a-4ac4-8c33-510b39936273	chr4	42774318	66448675	1	1	0
1abf55ca-df9a-4ac4-8c33-510b39936273	chr4	66449973	86648421	2	1	1
1abf55ca-df9a-4ac4-8c33-510b39936273	chr4	86649609	125276703	1	1	0
1abf55ca-df9a-4ac4-8c33-510b39936273	chr4	125277745	125289308	2	2	0
1abf55ca-df9a-4ac4-8c33-510b39936273	chr4	125290812	139910840	1	1	0
1abf55ca-df9a-4ac4-8c33-510b39936273	chr4	139911857	160937458	2	1	1
1abf55ca-df9a-4ac4-8c33-510b39936273	chr4	160938559	161030838	2	2	0
1abf55ca-df9a-4ac4-8c33-510b39936273	chr4	161032054	161936912	3	2	1
1abf55ca-df9a-4ac4-8c33-510b39936273	chr4	161938930	185375299	2	1	1
1abf55ca-df9a-4ac4-8c33-510b39936273	chr4	185377270	190122722	1	1	0
1abf55ca-df9a-4ac4-8c33-510b39936273	chr5	11882	173535432	3	2	1
1abf55ca-df9a-4ac4-8c33-510b39936273	chr5	173536652	181363900	2	1	1
1abf55ca-df9a-4ac4-8c33-510b39936273	chr6	100116	170740469	2	1	1
1abf55ca-df9a-4ac4-8c33-510b39936273	chr7	20608	15755694	2	1	1
1abf55ca-df9a-4ac4-8c33-510b39936273	chr7	15757535	16110992	1	1	0
1abf55ca-df9a-4ac4-8c33-510b39936273	chr7	16112081	77296420	2	1	1
1abf55ca-df9a-4ac4-8c33-510b39936273	chr7	77297499	77304763	1	1	0
1abf55ca-df9a-4ac4-8c33-510b39936273	chr7	77306175	159334386	2	1	1
1abf55ca-df9a-4ac4-8c33-510b39936273	chr8	61774	43973802	1	1	0
1abf55ca-df9a-4ac4-8c33-510b39936273	chr8	43974896	144962152	2	1	1
1abf55ca-df9a-4ac4-8c33-510b39936273	chr8	144963266	145078402	3	2	1
1abf55ca-df9a-4ac4-8c33-510b39936273	chr9	10469	77051	2	2	0
1abf55ca-df9a-4ac4-8c33-510b39936273	chr9	78378	25943529	1	1	0
1abf55ca-df9a-4ac4-8c33-510b39936273	chr9	25944865	43070419	2	1	1
1abf55ca-df9a-4ac4-8c33-510b39936273	chr9	60839871	63913674	1	1	0
1abf55ca-df9a-4ac4-8c33-510b39936273	chr9	63915299	64320908	2	2	0
1abf55ca-df9a-4ac4-8c33-510b39936273	chr9	64322240	64348545	1	1	0
1abf55ca-df9a-4ac4-8c33-510b39936273	chr9	64360450	64484782	3	2	1
1abf55ca-df9a-4ac4-8c33-510b39936273	chr9	64487300	64526574	2	1	1
1abf55ca-df9a-4ac4-8c33-510b39936273	chr9	64527629	64564022	4	4	0
1abf55ca-df9a-4ac4-8c33-510b39936273	chr9	64586575	64597432	2	2	0
1abf55ca-df9a-4ac4-8c33-510b39936273	chr9	64603776	64606094	5	5	0
1abf55ca-df9a-4ac4-8c33-510b39936273	chr9	64622246	64631061	4	4	0
1abf55ca-df9a-4ac4-8c33-510b39936273	chr9	64636768	64709692	8	8	0
1abf55ca-df9a-4ac4-8c33-510b39936273	chr9	64755110	64772167	2	2	0
1abf55ca-df9a-4ac4-8c33-510b39936273	chr9	64773587	64775974	0	0	0
1abf55ca-df9a-4ac4-8c33-510b39936273	chr9	64777095	64784424	11	11	0
1abf55ca-df9a-4ac4-8c33-510b39936273	chr9	64785996	64789158	2	2	0
1abf55ca-df9a-4ac4-8c33-510b39936273	chr9	64791987	64816825	1	1	0
1abf55ca-df9a-4ac4-8c33-510b39936273	chr9	64819404	64843681	2	2	0
1abf55ca-df9a-4ac4-8c33-510b39936273	chr9	64847204	64857044	4	4	0
1abf55ca-df9a-4ac4-8c33-510b39936273	chr9	64858532	64861792	2	2	0
1abf55ca-df9a-4ac4-8c33-510b39936273	chr9	64862934	64872810	3	3	0
1abf55ca-df9a-4ac4-8c33-510b39936273	chr9	64877451	64887688	4	4	0
1abf55ca-df9a-4ac4-8c33-510b39936273	chr9	64889318	64897188	3	3	0
1abf55ca-df9a-4ac4-8c33-510b39936273	chr9	64899782	64900890	2	2	0
1abf55ca-df9a-4ac4-8c33-510b39936273	chr9	64902120	64912973	1	1	0
1abf55ca-df9a-4ac4-8c33-510b39936273	chr9	64915757	64920411	2	2	0
1abf55ca-df9a-4ac4-8c33-510b39936273	chr9	64921539	64922931	5	5	0
1abf55ca-df9a-4ac4-8c33-510b39936273	chr9	64925435	64954623	4	4	0
1abf55ca-df9a-4ac4-8c33-510b39936273	chr9	64956741	64968795	1	1	0
1abf55ca-df9a-4ac4-8c33-510b39936273	chr9	64970798	64974785	2	2	0
1abf55ca-df9a-4ac4-8c33-510b39936273	chr9	64976957	64982119	3	3	0
1abf55ca-df9a-4ac4-8c33-510b39936273	chr9	64984094	64995132	4	4	0
1abf55ca-df9a-4ac4-8c33-510b39936273	chr9	64996134	65219814	1	1	0
1abf55ca-df9a-4ac4-8c33-510b39936273	chr9	65225360	65273414	7	7	0
1abf55ca-df9a-4ac4-8c33-510b39936273	chr9	65275035	65284216	5	5	0
1abf55ca-df9a-4ac4-8c33-510b39936273	chr9	65285634	65306409	1	1	0
1abf55ca-df9a-4ac4-8c33-510b39936273	chr9	65562718	65562718	2	1	1
1abf55ca-df9a-4ac4-8c33-510b39936273	chr9	65577270	69376883	1	1	0
1abf55ca-df9a-4ac4-8c33-510b39936273	chr9	69378123	100106193	2	1	1
1abf55ca-df9a-4ac4-8c33-510b39936273	chr9	100107564	134884208	1	1	0
1abf55ca-df9a-4ac4-8c33-510b39936273	chr9	134885525	136646658	3	2	1
1abf55ca-df9a-4ac4-8c33-510b39936273	chr9	136647703	137341243	2	1	1
1abf55ca-df9a-4ac4-8c33-510b39936273	chr9	137344789	138256233	3	2	1
1abf55ca-df9a-4ac4-8c33-510b39936273	chr10	15029	654683	4	2	2
1abf55ca-df9a-4ac4-8c33-510b39936273	chr10	656208	5304721	2	1	1
1abf55ca-df9a-4ac4-8c33-510b39936273	chr10	5305761	5844186	3	2	1
1abf55ca-df9a-4ac4-8c33-510b39936273	chr10	5845207	133787009	2	1	1
1abf55ca-df9a-4ac4-8c33-510b39936273	chr11	87268	62012516	2	1	1
1abf55ca-df9a-4ac4-8c33-510b39936273	chr11	62013645	64476026	1	1	0
1abf55ca-df9a-4ac4-8c33-510b39936273	chr11	64477604	89574268	2	1	1
1abf55ca-df9a-4ac4-8c33-510b39936273	chr11	89575912	91261892	3	2	1
1abf55ca-df9a-4ac4-8c33-510b39936273	chr11	91263301	95009665	2	1	1
1abf55ca-df9a-4ac4-8c33-510b39936273	chr11	95010767	106653846	3	2	1
1abf55ca-df9a-4ac4-8c33-510b39936273	chr11	106655385	123824482	1	1	0
1abf55ca-df9a-4ac4-8c33-510b39936273	chr11	123825553	127634181	2	1	1
1abf55ca-df9a-4ac4-8c33-510b39936273	chr11	127635287	129585269	3	2	1
1abf55ca-df9a-4ac4-8c33-510b39936273	chr11	129586270	131006455	2	1	1
1abf55ca-df9a-4ac4-8c33-510b39936273	chr11	131007583	132164647	3	2	1
1abf55ca-df9a-4ac4-8c33-510b39936273	chr11	132165792	132190751	4	2	2
1abf55ca-df9a-4ac4-8c33-510b39936273	chr11	132193411	135076424	2	1	1
1abf55ca-df9a-4ac4-8c33-510b39936273	chr12	11065	2542122	3	2	1
1abf55ca-df9a-4ac4-8c33-510b39936273	chr12	2545136	3774974	2	1	1
1abf55ca-df9a-4ac4-8c33-510b39936273	chr12	3776181	3789613	2	2	0
1abf55ca-df9a-4ac4-8c33-510b39936273	chr12	3790634	14703515	1	1	0
1abf55ca-df9a-4ac4-8c33-510b39936273	chr12	14704524	14779322	3	2	1
1abf55ca-df9a-4ac4-8c33-510b39936273	chr12	14780588	27295563	1	1	0
1abf55ca-df9a-4ac4-8c33-510b39936273	chr12	27296881	33579934	2	1	1
1abf55ca-df9a-4ac4-8c33-510b39936273	chr12	33581003	133264676	1	1	0
1abf55ca-df9a-4ac4-8c33-510b39936273	chr13	18445955	19900459	1	1	0
1abf55ca-df9a-4ac4-8c33-510b39936273	chr13	19901863	19918318	2	1	1
1abf55ca-df9a-4ac4-8c33-510b39936273	chr13	19919678	23256857	1	1	0
1abf55ca-df9a-4ac4-8c33-510b39936273	chr13	23258096	23620278	2	1	1
1abf55ca-df9a-4ac4-8c33-510b39936273	chr13	23621538	24873782	1	1	0
1abf55ca-df9a-4ac4-8c33-510b39936273	chr13	24874914	25014203	2	1	1
1abf55ca-df9a-4ac4-8c33-510b39936273	chr13	25015687	56835764	1	1	0
1abf55ca-df9a-4ac4-8c33-510b39936273	chr13	56837016	58263193	2	1	1
1abf55ca-df9a-4ac4-8c33-510b39936273	chr13	58264522	69214548	1	1	0
1abf55ca-df9a-4ac4-8c33-510b39936273	chr13	69215586	69810584	4	2	2
1abf55ca-df9a-4ac4-8c33-510b39936273	chr13	69811838	70755734	3	2	1
1abf55ca-df9a-4ac4-8c33-510b39936273	chr13	70756995	77825560	1	1	0
1abf55ca-df9a-4ac4-8c33-510b39936273	chr13	77827370	79519353	2	1	1
1abf55ca-df9a-4ac4-8c33-510b39936273	chr13	79520858	84646995	1	1	0
1abf55ca-df9a-4ac4-8c33-510b39936273	chr13	84648400	84906939	2	1	1
1abf55ca-df9a-4ac4-8c33-510b39936273	chr13	84908146	85034786	1	1	0
1abf55ca-df9a-4ac4-8c33-510b39936273	chr13	85036101	85042887	4	2	2
1abf55ca-df9a-4ac4-8c33-510b39936273	chr13	85043981	85057181	3	2	1
1abf55ca-df9a-4ac4-8c33-510b39936273	chr13	85058276	88686903	1	1	0
1abf55ca-df9a-4ac4-8c33-510b39936273	chr13	88688040	89315563	3	2	1
1abf55ca-df9a-4ac4-8c33-510b39936273	chr13	89316755	114343123	1	1	0
1abf55ca-df9a-4ac4-8c33-510b39936273	chr14	18223583	21132950	2	1	1
1abf55ca-df9a-4ac4-8c33-510b39936273	chr14	21135398	24765052	1	1	0
1abf55ca-df9a-4ac4-8c33-510b39936273	chr14	24766559	25821222	3	2	1
1abf55ca-df9a-4ac4-8c33-510b39936273	chr14	25827837	26662918	1	1	0
1abf55ca-df9a-4ac4-8c33-510b39936273	chr14	26664156	29168956	3	2	1
1abf55ca-df9a-4ac4-8c33-510b39936273	chr14	29170096	29436554	1	1	0
1abf55ca-df9a-4ac4-8c33-510b39936273	chr14	29438263	33351687	4	3	1
1abf55ca-df9a-4ac4-8c33-510b39936273	chr14	33353188	34950386	5	4	1
1abf55ca-df9a-4ac4-8c33-510b39936273	chr14	34951870	41033781	4	3	1
1abf55ca-df9a-4ac4-8c33-510b39936273	chr14	41034909	44892540	1	1	0
1abf55ca-df9a-4ac4-8c33-510b39936273	chr14	44894411	106880670	2	1	1
1abf55ca-df9a-4ac4-8c33-510b39936273	chr15	19795285	101980591	1	1	0
1abf55ca-df9a-4ac4-8c33-510b39936273	chr16	10291	34220673	2	1	1
1abf55ca-df9a-4ac4-8c33-510b39936273	chr16	34688476	90226358	1	1	0
1abf55ca-df9a-4ac4-8c33-510b39936273	chr17	151035	19111518	1	1	0
1abf55ca-df9a-4ac4-8c33-510b39936273	chr17	19117670	83237603	2	1	1
1abf55ca-df9a-4ac4-8c33-510b39936273	chr18	16444	5948061	2	1	1
1abf55ca-df9a-4ac4-8c33-510b39936273	chr18	5949466	80259190	1	1	0
1abf55ca-df9a-4ac4-8c33-510b39936273	chr19	157892	9408170	1	1	0
1abf55ca-df9a-4ac4-8c33-510b39936273	chr19	9409218	9428993	3	2	1
1abf55ca-df9a-4ac4-8c33-510b39936273	chr19	9430336	15554717	1	1	0
1abf55ca-df9a-4ac4-8c33-510b39936273	chr19	15555722	19101489	2	1	1
1abf55ca-df9a-4ac4-8c33-510b39936273	chr19	19105919	19144116	1	1	0
1abf55ca-df9a-4ac4-8c33-510b39936273	chr19	19146061	58607412	2	1	1
1abf55ca-df9a-4ac4-8c33-510b39936273	chr20	80457	64331516	2	1	1
1abf55ca-df9a-4ac4-8c33-510b39936273	chr21	7762688	30738777	1	1	0
1abf55ca-df9a-4ac4-8c33-510b39936273	chr21	30739816	33644959	2	1	1
1abf55ca-df9a-4ac4-8c33-510b39936273	chr21	33646164	46699722	1	1	0
1abf55ca-df9a-4ac4-8c33-510b39936273	chr22	15284540	17198045	1	1	0
1abf55ca-df9a-4ac4-8c33-510b39936273	chr22	17199107	17902254	2	1	1
1abf55ca-df9a-4ac4-8c33-510b39936273	chr22	17903640	50802392	1	1	0
1abf55ca-df9a-4ac4-8c33-510b39936273	chrX	2781514	27171246	1	1	0
1abf55ca-df9a-4ac4-8c33-510b39936273	chrX	27172596	27216161	3	3	0
1abf55ca-df9a-4ac4-8c33-510b39936273	chrX	27218109	44043505	1	1	0
1abf55ca-df9a-4ac4-8c33-510b39936273	chrX	44044726	51316541	2	2	0
1abf55ca-df9a-4ac4-8c33-510b39936273	chrX	51318767	53875433	1	1	0
1abf55ca-df9a-4ac4-8c33-510b39936273	chrX	53876497	62474165	2	2	0
1abf55ca-df9a-4ac4-8c33-510b39936273	chrX	62475181	62507071	0	0	0
1abf55ca-df9a-4ac4-8c33-510b39936273	chrX	62508655	62550021	2	2	0
1abf55ca-df9a-4ac4-8c33-510b39936273	chrX	62551706	91765188	1	1	0
1abf55ca-df9a-4ac4-8c33-510b39936273	chrX	91767546	91785631	3	3	0
1abf55ca-df9a-4ac4-8c33-510b39936273	chrX	91788352	91818221	0	0	0
1abf55ca-df9a-4ac4-8c33-510b39936273	chrX	91819503	96708621	1	1	0
1abf55ca-df9a-4ac4-8c33-510b39936273	chrX	96714507	96751584	3	3	0
1abf55ca-df9a-4ac4-8c33-510b39936273	chrX	96754493	155699751	1	1	0
1abf55ca-df9a-4ac4-8c33-510b39936273	chrY	2789135	15483086	1	1	0
1abf55ca-df9a-4ac4-8c33-510b39936273	chrY	15494068	26622951	0	0	0
