GDC_Aliquot	Chromosome	Start	End	Num_Probes	Segment_Mean
640c682c-2f19-4307-853f-1ea70c3f55a1	1	62920	850545	40	-0.1869
640c682c-2f19-4307-853f-1ea70c3f55a1	1	850609	3306087	703	-0.5665
640c682c-2f19-4307-853f-1ea70c3f55a1	1	3308094	30264526	15639	-0.3253
640c682c-2f19-4307-853f-1ea70c3f55a1	1	30265508	30269103	10	-1.2176
640c682c-2f19-4307-853f-1ea70c3f55a1	1	30274729	34626037	2542	-0.3139
640c682c-2f19-4307-853f-1ea70c3f55a1	1	34626073	34650960	24	-1.0465
640c682c-2f19-4307-853f-1ea70c3f55a1	1	34652324	105470754	44700	-0.3068
640c682c-2f19-4307-853f-1ea70c3f55a1	1	105476583	105479753	17	-2.0909
640c682c-2f19-4307-853f-1ea70c3f55a1	1	105481433	109231404	2417	-0.2994
640c682c-2f19-4307-853f-1ea70c3f55a1	1	109235615	109239381	2	-1.6835
640c682c-2f19-4307-853f-1ea70c3f55a1	1	109239415	109690352	216	-0.3131
640c682c-2f19-4307-853f-1ea70c3f55a1	1	109690415	109697556	12	0.4825
640c682c-2f19-4307-853f-1ea70c3f55a1	1	109702376	112147626	1946	-0.3207
640c682c-2f19-4307-853f-1ea70c3f55a1	1	112147704	112154619	24	-0.8318
640c682c-2f19-4307-853f-1ea70c3f55a1	1	112154754	121705338	5153	-0.3183
640c682c-2f19-4307-853f-1ea70c3f55a1	1	143459641	143708096	76	0.8893
640c682c-2f19-4307-853f-1ea70c3f55a1	1	143708149	143713930	17	0.4521
640c682c-2f19-4307-853f-1ea70c3f55a1	1	143714499	143890323	29	1.0102
640c682c-2f19-4307-853f-1ea70c3f55a1	1	143893019	144442342	11	0.0697
640c682c-2f19-4307-853f-1ea70c3f55a1	1	144445555	146044884	173	0.8842
640c682c-2f19-4307-853f-1ea70c3f55a1	1	146062439	146788785	7	-0.0748
640c682c-2f19-4307-853f-1ea70c3f55a1	1	147004967	150136668	834	0.8592
640c682c-2f19-4307-853f-1ea70c3f55a1	1	150139821	150147495	3	-0.6986
640c682c-2f19-4307-853f-1ea70c3f55a1	1	150148513	152583051	1294	0.8915
640c682c-2f19-4307-853f-1ea70c3f55a1	1	152583230	152614100	34	-1.5572
640c682c-2f19-4307-853f-1ea70c3f55a1	1	152614118	152787202	168	0.8755
640c682c-2f19-4307-853f-1ea70c3f55a1	1	152789447	152796224	37	-1.5103
640c682c-2f19-4307-853f-1ea70c3f55a1	1	152801429	169247699	11287	0.9022
640c682c-2f19-4307-853f-1ea70c3f55a1	1	169264736	169272528	7	-2.786
640c682c-2f19-4307-853f-1ea70c3f55a1	1	169273163	189679027	13441	0.8959
640c682c-2f19-4307-853f-1ea70c3f55a1	1	189679353	189679397	2	-1.3558
640c682c-2f19-4307-853f-1ea70c3f55a1	1	189682917	194479104	3283	0.9105
640c682c-2f19-4307-853f-1ea70c3f55a1	1	194482281	194485888	2	-1.5471
640c682c-2f19-4307-853f-1ea70c3f55a1	1	194487886	196745692	1449	0.9104
640c682c-2f19-4307-853f-1ea70c3f55a1	1	196745743	196761905	3	-0.3587
640c682c-2f19-4307-853f-1ea70c3f55a1	1	196762480	196843377	57	1.0394
640c682c-2f19-4307-853f-1ea70c3f55a1	1	196843400	196846661	2	3.9713
640c682c-2f19-4307-853f-1ea70c3f55a1	1	196847600	199189272	1420	0.9219
640c682c-2f19-4307-853f-1ea70c3f55a1	1	199194965	199200896	6	-1.2516
640c682c-2f19-4307-853f-1ea70c3f55a1	1	199202616	209897717	7361	0.9048
640c682c-2f19-4307-853f-1ea70c3f55a1	1	209908268	209910639	3	-2.2017
640c682c-2f19-4307-853f-1ea70c3f55a1	1	209913207	235483734	17445	0.8962
640c682c-2f19-4307-853f-1ea70c3f55a1	1	235488744	235500574	10	-1.2976
640c682c-2f19-4307-853f-1ea70c3f55a1	1	235515448	248930189	9566	0.8996
640c682c-2f19-4307-853f-1ea70c3f55a1	2	12784	1742368	1128	-0.0007
640c682c-2f19-4307-853f-1ea70c3f55a1	2	1742902	1793218	34	-0.3939
640c682c-2f19-4307-853f-1ea70c3f55a1	2	1798902	3197646	1086	0.0459
640c682c-2f19-4307-853f-1ea70c3f55a1	2	3199226	3199974	2	-2.0265
640c682c-2f19-4307-853f-1ea70c3f55a1	2	3200081	3291044	80	-0.1814
640c682c-2f19-4307-853f-1ea70c3f55a1	2	3293235	10240218	5529	0.0636
640c682c-2f19-4307-853f-1ea70c3f55a1	2	10243637	10243749	2	-2.5247
640c682c-2f19-4307-853f-1ea70c3f55a1	2	10243877	34466002	16217	0.057
640c682c-2f19-4307-853f-1ea70c3f55a1	2	34474248	34511990	46	-2.1742
640c682c-2f19-4307-853f-1ea70c3f55a1	2	34512096	35742970	871	0.076
640c682c-2f19-4307-853f-1ea70c3f55a1	2	35750907	35762850	7	0.9299
640c682c-2f19-4307-853f-1ea70c3f55a1	2	35762881	57167767	15513	0.0582
640c682c-2f19-4307-853f-1ea70c3f55a1	2	57174909	57218336	69	0.8724
640c682c-2f19-4307-853f-1ea70c3f55a1	2	57220263	76617340	12120	0.0563
640c682c-2f19-4307-853f-1ea70c3f55a1	2	76618047	76618300	5	-0.9571
640c682c-2f19-4307-853f-1ea70c3f55a1	2	76620460	77004220	302	0.079
640c682c-2f19-4307-853f-1ea70c3f55a1	2	77005507	77006300	2	-2.0496
640c682c-2f19-4307-853f-1ea70c3f55a1	2	77006721	87228594	6177	0.073
640c682c-2f19-4307-853f-1ea70c3f55a1	2	87229739	87487629	49	-0.3736
640c682c-2f19-4307-853f-1ea70c3f55a1	2	87489160	97359885	1768	0.0087
640c682c-2f19-4307-853f-1ea70c3f55a1	2	97524284	97545726	9	1.3327
640c682c-2f19-4307-853f-1ea70c3f55a1	2	97550415	106258193	5562	0.0629
640c682c-2f19-4307-853f-1ea70c3f55a1	2	106258266	106270799	14	-0.5156
640c682c-2f19-4307-853f-1ea70c3f55a1	2	106270952	111109521	2486	0.0559
640c682c-2f19-4307-853f-1ea70c3f55a1	2	111112643	111115033	2	-1.5757
640c682c-2f19-4307-853f-1ea70c3f55a1	2	111116699	113126106	1096	0.0337
640c682c-2f19-4307-853f-1ea70c3f55a1	2	113126442	113132075	19	-0.3715
640c682c-2f19-4307-853f-1ea70c3f55a1	2	113134265	125539616	7752	0.0624
640c682c-2f19-4307-853f-1ea70c3f55a1	2	125540202	125542330	2	-2.4216
640c682c-2f19-4307-853f-1ea70c3f55a1	2	125542642	127068957	985	0.0618
640c682c-2f19-4307-853f-1ea70c3f55a1	2	127071365	127100187	18	-0.3737
640c682c-2f19-4307-853f-1ea70c3f55a1	2	127100370	128880504	1028	0.047
640c682c-2f19-4307-853f-1ea70c3f55a1	2	128880904	128881662	13	-3.4304
640c682c-2f19-4307-853f-1ea70c3f55a1	2	128882723	128882755	3	-1.1597
640c682c-2f19-4307-853f-1ea70c3f55a1	2	128888874	130036283	874	0.0358
640c682c-2f19-4307-853f-1ea70c3f55a1	2	130036310	130539652	114	-0.1978
640c682c-2f19-4307-853f-1ea70c3f55a1	2	130560276	137730530	4270	0.0502
640c682c-2f19-4307-853f-1ea70c3f55a1	2	137731957	137737677	2	-1.7251
640c682c-2f19-4307-853f-1ea70c3f55a1	2	137738322	141171380	2136	0.0759
640c682c-2f19-4307-853f-1ea70c3f55a1	2	141174229	141285229	62	-0.1177
640c682c-2f19-4307-853f-1ea70c3f55a1	2	141286101	141866452	470	0.0575
640c682c-2f19-4307-853f-1ea70c3f55a1	2	141871783	141872314	2	-2.0575
640c682c-2f19-4307-853f-1ea70c3f55a1	2	141876978	194043206	31450	0.0497
640c682c-2f19-4307-853f-1ea70c3f55a1	2	194043831	194123143	67	-0.337
640c682c-2f19-4307-853f-1ea70c3f55a1	2	194124834	194204314	48	0.0668
640c682c-2f19-4307-853f-1ea70c3f55a1	2	194216153	194216265	3	-0.5411
640c682c-2f19-4307-853f-1ea70c3f55a1	2	194219038	194350724	68	0.0346
640c682c-2f19-4307-853f-1ea70c3f55a1	2	194353047	195173908	481	0.1078
640c682c-2f19-4307-853f-1ea70c3f55a1	2	195174467	203312870	4580	0.0303
640c682c-2f19-4307-853f-1ea70c3f55a1	2	203317593	203324435	3	-1.3286
640c682c-2f19-4307-853f-1ea70c3f55a1	2	203330940	207090434	2482	0.0301
640c682c-2f19-4307-853f-1ea70c3f55a1	2	207092513	207092671	3	-0.8816
640c682c-2f19-4307-853f-1ea70c3f55a1	2	207100946	207485467	269	0.0565
640c682c-2f19-4307-853f-1ea70c3f55a1	2	207485523	207494007	18	-0.5165
640c682c-2f19-4307-853f-1ea70c3f55a1	2	207494030	225279188	11566	0.0476
640c682c-2f19-4307-853f-1ea70c3f55a1	2	225283485	236294541	7033	0.0212
640c682c-2f19-4307-853f-1ea70c3f55a1	2	236295289	238919307	1718	0.0445
640c682c-2f19-4307-853f-1ea70c3f55a1	2	238919569	239104778	114	-0.1428
640c682c-2f19-4307-853f-1ea70c3f55a1	2	239108788	241546649	1463	0.0461
640c682c-2f19-4307-853f-1ea70c3f55a1	2	241546809	242147305	183	-0.0974
640c682c-2f19-4307-853f-1ea70c3f55a1	3	20930	41676616	30115	-0.314
640c682c-2f19-4307-853f-1ea70c3f55a1	3	41677233	68682877	17597	-0.4991
640c682c-2f19-4307-853f-1ea70c3f55a1	3	68697013	68698262	15	0.5384
640c682c-2f19-4307-853f-1ea70c3f55a1	3	68699607	69986717	1090	-0.473
640c682c-2f19-4307-853f-1ea70c3f55a1	3	69986924	73739792	2713	-0.5188
640c682c-2f19-4307-853f-1ea70c3f55a1	3	73740141	84650033	6095	-0.4562
640c682c-2f19-4307-853f-1ea70c3f55a1	3	84650533	84653010	15	-1.2013
640c682c-2f19-4307-853f-1ea70c3f55a1	3	84653084	93808615	3138	-0.4494
640c682c-2f19-4307-853f-1ea70c3f55a1	3	93811402	126027031	19274	-0.3168
640c682c-2f19-4307-853f-1ea70c3f55a1	3	126032055	126032789	2	-2.359
640c682c-2f19-4307-853f-1ea70c3f55a1	3	126033010	129594146	2081	-0.3406
640c682c-2f19-4307-853f-1ea70c3f55a1	3	129594646	129597751	2	-2.5337
640c682c-2f19-4307-853f-1ea70c3f55a1	3	129598742	130057015	213	-0.31
640c682c-2f19-4307-853f-1ea70c3f55a1	3	130057833	130087393	35	0.3222
640c682c-2f19-4307-853f-1ea70c3f55a1	3	130088081	162795304	20239	-0.3117
640c682c-2f19-4307-853f-1ea70c3f55a1	3	162795361	162908192	66	-0.9631
640c682c-2f19-4307-853f-1ea70c3f55a1	3	162908207	167416011	2515	-0.2718
640c682c-2f19-4307-853f-1ea70c3f55a1	3	167417574	173065930	3562	-0.3265
640c682c-2f19-4307-853f-1ea70c3f55a1	3	173069818	183145188	6196	-0.2934
640c682c-2f19-4307-853f-1ea70c3f55a1	3	183147285	187656488	2894	-0.349
640c682c-2f19-4307-853f-1ea70c3f55a1	3	187656882	194879838	5138	-0.3104
640c682c-2f19-4307-853f-1ea70c3f55a1	3	194883193	194885923	3	-1.7296
640c682c-2f19-4307-853f-1ea70c3f55a1	3	194889610	194913859	15	-0.1574
640c682c-2f19-4307-853f-1ea70c3f55a1	3	194920587	194921116	5	-2.1474
640c682c-2f19-4307-853f-1ea70c3f55a1	3	194921751	198169247	1523	-0.3497
640c682c-2f19-4307-853f-1ea70c3f55a1	4	68929	780829	266	0.0176
640c682c-2f19-4307-853f-1ea70c3f55a1	4	783123	986840	80	-0.2054
640c682c-2f19-4307-853f-1ea70c3f55a1	4	1008337	4097949	1276	0.0416
640c682c-2f19-4307-853f-1ea70c3f55a1	4	4101617	4151033	11	-0.6639
640c682c-2f19-4307-853f-1ea70c3f55a1	4	4158336	5313707	895	0.0617
640c682c-2f19-4307-853f-1ea70c3f55a1	4	5315008	5328588	10	-0.5332
640c682c-2f19-4307-853f-1ea70c3f55a1	4	5328839	7447535	1707	0.0574
640c682c-2f19-4307-853f-1ea70c3f55a1	4	7450426	7464739	17	-0.3888
640c682c-2f19-4307-853f-1ea70c3f55a1	4	7465253	9389204	848	0.0631
640c682c-2f19-4307-853f-1ea70c3f55a1	4	9389545	9484440	52	0.5338
640c682c-2f19-4307-853f-1ea70c3f55a1	4	9494650	10208766	537	0.0435
640c682c-2f19-4307-853f-1ea70c3f55a1	4	10221792	10232642	30	-1.9295
640c682c-2f19-4307-853f-1ea70c3f55a1	4	10232984	185474865	108289	0.0714
640c682c-2f19-4307-853f-1ea70c3f55a1	4	185477075	185496535	15	-1.1598
640c682c-2f19-4307-853f-1ea70c3f55a1	4	185500412	190106768	3097	0.0556
640c682c-2f19-4307-853f-1ea70c3f55a1	5	15532	676744	302	0.1935
640c682c-2f19-4307-853f-1ea70c3f55a1	5	676771	818426	39	-0.2758
640c682c-2f19-4307-853f-1ea70c3f55a1	5	818640	1933841	606	0.2301
640c682c-2f19-4307-853f-1ea70c3f55a1	5	1934376	46209197	29716	0.3496
640c682c-2f19-4307-853f-1ea70c3f55a1	5	46209780	46251204	12	0.1242
640c682c-2f19-4307-853f-1ea70c3f55a1	5	46270906	46273400	8	-2.5795
640c682c-2f19-4307-853f-1ea70c3f55a1	5	46278110	53106218	1714	0.3471
640c682c-2f19-4307-853f-1ea70c3f55a1	5	53108689	53113609	3	-1.8474
640c682c-2f19-4307-853f-1ea70c3f55a1	5	53115955	58025819	3358	0.3432
640c682c-2f19-4307-853f-1ea70c3f55a1	5	58030200	58037706	32	2.1116
640c682c-2f19-4307-853f-1ea70c3f55a1	5	58042530	116383049	34970	0.346
640c682c-2f19-4307-853f-1ea70c3f55a1	5	116383148	116384460	2	-1.5046
640c682c-2f19-4307-853f-1ea70c3f55a1	5	116387674	148246337	19947	0.3404
640c682c-2f19-4307-853f-1ea70c3f55a1	5	148255456	148311729	40	-1.4203
640c682c-2f19-4307-853f-1ea70c3f55a1	5	148315231	150797535	1675	0.3377
640c682c-2f19-4307-853f-1ea70c3f55a1	5	150798146	150819676	9	0.1055
640c682c-2f19-4307-853f-1ea70c3f55a1	5	150822643	150839042	9	-0.9765
640c682c-2f19-4307-853f-1ea70c3f55a1	5	150843825	176623714	17963	0.3401
640c682c-2f19-4307-853f-1ea70c3f55a1	5	176626228	176857712	129	0.1679
640c682c-2f19-4307-853f-1ea70c3f55a1	5	176882170	181363319	2340	0.3265
640c682c-2f19-4307-853f-1ea70c3f55a1	6	149661	380821	201	-0.0538
640c682c-2f19-4307-853f-1ea70c3f55a1	6	381149	32485152	22644	0.2242
640c682c-2f19-4307-853f-1ea70c3f55a1	6	32486498	32605994	31	1.8197
640c682c-2f19-4307-853f-1ea70c3f55a1	6	32606237	32722250	75	0.4346
640c682c-2f19-4307-853f-1ea70c3f55a1	6	32723020	32723053	3	1.5866
640c682c-2f19-4307-853f-1ea70c3f55a1	6	32732907	53230063	13001	0.2311
640c682c-2f19-4307-853f-1ea70c3f55a1	6	53230642	53231008	3	-1.6484
640c682c-2f19-4307-853f-1ea70c3f55a1	6	53231884	54066269	637	0.2135
640c682c-2f19-4307-853f-1ea70c3f55a1	6	54066286	54067057	8	-1.1787
640c682c-2f19-4307-853f-1ea70c3f55a1	6	54070550	57912021	2017	0.2286
640c682c-2f19-4307-853f-1ea70c3f55a1	6	57920571	57948072	3	-0.7575
640c682c-2f19-4307-853f-1ea70c3f55a1	6	57964134	58416362	199	0.1885
640c682c-2f19-4307-853f-1ea70c3f55a1	6	58432750	68971725	5011	-0.1964
640c682c-2f19-4307-853f-1ea70c3f55a1	6	68971768	76730151	4931	-0.2586
640c682c-2f19-4307-853f-1ea70c3f55a1	6	76730331	76742729	16	-0.8775
640c682c-2f19-4307-853f-1ea70c3f55a1	6	76742924	78261995	985	-0.2526
640c682c-2f19-4307-853f-1ea70c3f55a1	6	78262064	78331916	111	0.0699
640c682c-2f19-4307-853f-1ea70c3f55a1	6	78332002	87393601	5642	-0.251
640c682c-2f19-4307-853f-1ea70c3f55a1	6	87393790	87400095	4	-1.2665
640c682c-2f19-4307-853f-1ea70c3f55a1	6	87405304	92778243	3496	-0.2632
640c682c-2f19-4307-853f-1ea70c3f55a1	6	92778859	92780199	3	-2.0641
640c682c-2f19-4307-853f-1ea70c3f55a1	6	92780237	103286954	6320	-0.2406
640c682c-2f19-4307-853f-1ea70c3f55a1	6	103290101	103314186	46	0.3235
640c682c-2f19-4307-853f-1ea70c3f55a1	6	103317795	164885327	40207	-0.2669
640c682c-2f19-4307-853f-1ea70c3f55a1	6	164885813	164895967	2	-2.6595
640c682c-2f19-4307-853f-1ea70c3f55a1	6	164896039	167102607	1748	-0.2787
640c682c-2f19-4307-853f-1ea70c3f55a1	6	167102693	168915032	1026	-0.4299
640c682c-2f19-4307-853f-1ea70c3f55a1	6	168916197	169769963	722	-0.2803
640c682c-2f19-4307-853f-1ea70c3f55a1	6	169772165	170238369	177	-0.4826
640c682c-2f19-4307-853f-1ea70c3f55a1	6	170238536	170741917	239	-0.3101
640c682c-2f19-4307-853f-1ea70c3f55a1	7	43355	198440	128	-0.1346
640c682c-2f19-4307-853f-1ea70c3f55a1	7	198640	879502	89	0.1269
640c682c-2f19-4307-853f-1ea70c3f55a1	7	880030	1287994	160	-0.141
640c682c-2f19-4307-853f-1ea70c3f55a1	7	1292195	6858609	3051	0.0618
640c682c-2f19-4307-853f-1ea70c3f55a1	7	6860976	6880649	8	-1.0397
640c682c-2f19-4307-853f-1ea70c3f55a1	7	6889070	20203361	10918	0.1065
640c682c-2f19-4307-853f-1ea70c3f55a1	7	20203540	20203871	2	-2.2381
640c682c-2f19-4307-853f-1ea70c3f55a1	7	20206730	38290217	13041	0.0864
640c682c-2f19-4307-853f-1ea70c3f55a1	7	38291248	38331191	64	-0.1862
640c682c-2f19-4307-853f-1ea70c3f55a1	7	38331733	56786911	12597	0.0893
640c682c-2f19-4307-853f-1ea70c3f55a1	7	56791551	62663696	522	-0.0128
640c682c-2f19-4307-853f-1ea70c3f55a1	7	62695960	62701896	17	-0.6923
640c682c-2f19-4307-853f-1ea70c3f55a1	7	62720732	63793423	229	-0.0011
640c682c-2f19-4307-853f-1ea70c3f55a1	7	63794352	70955452	3766	0.145
640c682c-2f19-4307-853f-1ea70c3f55a1	7	70958264	70961155	2	1.5235
640c682c-2f19-4307-853f-1ea70c3f55a1	7	70963257	75749250	1844	0.1498
640c682c-2f19-4307-853f-1ea70c3f55a1	7	75752294	75758713	7	-1.4512
640c682c-2f19-4307-853f-1ea70c3f55a1	7	75760363	88883212	8159	0.1674
640c682c-2f19-4307-853f-1ea70c3f55a1	7	88884391	89492356	393	0.2808
640c682c-2f19-4307-853f-1ea70c3f55a1	7	89494534	89890325	227	0.1991
640c682c-2f19-4307-853f-1ea70c3f55a1	7	89892494	89895535	3	-1.3981
640c682c-2f19-4307-853f-1ea70c3f55a1	7	89902765	97777625	5088	0.1725
640c682c-2f19-4307-853f-1ea70c3f55a1	7	97777635	97788298	5	-0.997
640c682c-2f19-4307-853f-1ea70c3f55a1	7	97791337	106827010	4740	0.1458
640c682c-2f19-4307-853f-1ea70c3f55a1	7	106827200	106830014	2	-1.5162
640c682c-2f19-4307-853f-1ea70c3f55a1	7	106837000	109801572	1863	0.1705
640c682c-2f19-4307-853f-1ea70c3f55a1	7	109801722	109813853	9	0.8316
640c682c-2f19-4307-853f-1ea70c3f55a1	7	109813925	116294646	3897	0.1766
640c682c-2f19-4307-853f-1ea70c3f55a1	7	116294957	116301003	3	-0.9687
640c682c-2f19-4307-853f-1ea70c3f55a1	7	116301498	126404920	6129	0.1699
640c682c-2f19-4307-853f-1ea70c3f55a1	7	126405428	126406561	12	-1.1171
640c682c-2f19-4307-853f-1ea70c3f55a1	7	126406822	134100556	4703	0.159
640c682c-2f19-4307-853f-1ea70c3f55a1	7	134100587	134105690	20	0.6155
640c682c-2f19-4307-853f-1ea70c3f55a1	7	134110881	142450035	5520	0.1612
640c682c-2f19-4307-853f-1ea70c3f55a1	7	142451149	142475095	20	-0.201
640c682c-2f19-4307-853f-1ea70c3f55a1	7	142475328	149819792	4371	0.1623
640c682c-2f19-4307-853f-1ea70c3f55a1	7	149825277	150148899	134	-0.0267
640c682c-2f19-4307-853f-1ea70c3f55a1	7	150150198	157757953	5072	0.1543
640c682c-2f19-4307-853f-1ea70c3f55a1	7	157758666	159334314	977	0.0929
640c682c-2f19-4307-853f-1ea70c3f55a1	8	81254	643041	321	-0.1782
640c682c-2f19-4307-853f-1ea70c3f55a1	8	644944	645875	8	0.7984
640c682c-2f19-4307-853f-1ea70c3f55a1	8	645892	645908	2	4.0577
640c682c-2f19-4307-853f-1ea70c3f55a1	8	656117	12358500	10684	-0.1198
640c682c-2f19-4307-853f-1ea70c3f55a1	8	12359339	12389977	27	-0.8905
640c682c-2f19-4307-853f-1ea70c3f55a1	8	12418301	36699003	18007	-0.1021
640c682c-2f19-4307-853f-1ea70c3f55a1	8	36703217	37054422	212	0.1124
640c682c-2f19-4307-853f-1ea70c3f55a1	8	37054758	39368830	1233	0.0068
640c682c-2f19-4307-853f-1ea70c3f55a1	8	39372664	39504170	50	-0.3491
640c682c-2f19-4307-853f-1ea70c3f55a1	8	39505410	40914477	1085	0.04
640c682c-2f19-4307-853f-1ea70c3f55a1	8	40920333	40920952	2	-2.366
640c682c-2f19-4307-853f-1ea70c3f55a1	8	40926161	74288679	18927	0.0549
640c682c-2f19-4307-853f-1ea70c3f55a1	8	74291694	111279265	21995	0.0843
640c682c-2f19-4307-853f-1ea70c3f55a1	8	111282050	111283016	9	-1.4231
640c682c-2f19-4307-853f-1ea70c3f55a1	8	111283031	141015545	21138	0.0816
640c682c-2f19-4307-853f-1ea70c3f55a1	8	141016278	145072769	1761	-0.0538
640c682c-2f19-4307-853f-1ea70c3f55a1	9	46587	3676408	3680	-0.0665
640c682c-2f19-4307-853f-1ea70c3f55a1	9	3676658	4695068	1154	-0.2096
640c682c-2f19-4307-853f-1ea70c3f55a1	9	4698416	7316250	2170	-0.0613
640c682c-2f19-4307-853f-1ea70c3f55a1	9	7317290	7317383	2	-1.6708
640c682c-2f19-4307-853f-1ea70c3f55a1	9	7317633	9009365	1620	-0.059
640c682c-2f19-4307-853f-1ea70c3f55a1	9	9010032	9687791	596	-0.1431
640c682c-2f19-4307-853f-1ea70c3f55a1	9	9691328	9802388	103	-0.0637
640c682c-2f19-4307-853f-1ea70c3f55a1	9	9802404	12705162	2478	0.0066
640c682c-2f19-4307-853f-1ea70c3f55a1	9	12705295	21514528	7347	-0.0664
640c682c-2f19-4307-853f-1ea70c3f55a1	9	21514579	23361807	1263	-0.1855
640c682c-2f19-4307-853f-1ea70c3f55a1	9	23363117	23373486	8	0.908
640c682c-2f19-4307-853f-1ea70c3f55a1	9	23378490	25398071	1477	-0.1894
640c682c-2f19-4307-853f-1ea70c3f55a1	9	25404818	26526731	775	-0.3307
640c682c-2f19-4307-853f-1ea70c3f55a1	9	26527462	26774414	210	-0.2072
640c682c-2f19-4307-853f-1ea70c3f55a1	9	26775376	28792886	1646	-0.0551
640c682c-2f19-4307-853f-1ea70c3f55a1	9	28793395	29408137	436	-0.1709
640c682c-2f19-4307-853f-1ea70c3f55a1	9	29408236	32995938	2555	-0.0381
640c682c-2f19-4307-853f-1ea70c3f55a1	9	32996866	33053064	69	0.1765
640c682c-2f19-4307-853f-1ea70c3f55a1	9	33055473	34154285	666	-0.0775
640c682c-2f19-4307-853f-1ea70c3f55a1	9	34154849	34167735	12	-0.5884
640c682c-2f19-4307-853f-1ea70c3f55a1	9	34169942	35044496	447	-0.0741
640c682c-2f19-4307-853f-1ea70c3f55a1	9	35046294	36647330	817	0.2395
640c682c-2f19-4307-853f-1ea70c3f55a1	9	36650392	42037471	1737	-0.069
640c682c-2f19-4307-853f-1ea70c3f55a1	9	42042339	42546668	34	0.6196
640c682c-2f19-4307-853f-1ea70c3f55a1	9	42566207	42825767	42	-0.3854
640c682c-2f19-4307-853f-1ea70c3f55a1	9	42834329	138011962	47969	-0.044
640c682c-2f19-4307-853f-1ea70c3f55a1	9	138014705	138177075	135	-0.2505
640c682c-2f19-4307-853f-1ea70c3f55a1	9	138177488	138200944	6	0.3906
640c682c-2f19-4307-853f-1ea70c3f55a1	10	45792	628193	351	-0.0276
640c682c-2f19-4307-853f-1ea70c3f55a1	10	631268	46204128	31165	0.0525
640c682c-2f19-4307-853f-1ea70c3f55a1	10	46215430	47084490	231	-0.2259
640c682c-2f19-4307-853f-1ea70c3f55a1	10	47084999	49042559	1035	0.0313
640c682c-2f19-4307-853f-1ea70c3f55a1	10	49042687	57514005	6110	0.0753
640c682c-2f19-4307-853f-1ea70c3f55a1	10	57514756	64790890	5015	0.0422
640c682c-2f19-4307-853f-1ea70c3f55a1	10	64791384	67318543	1857	0.0843
640c682c-2f19-4307-853f-1ea70c3f55a1	10	67319977	70653619	2137	0.0252
640c682c-2f19-4307-853f-1ea70c3f55a1	10	70653677	70783416	117	-0.1138
640c682c-2f19-4307-853f-1ea70c3f55a1	10	70783700	70783715	2	-0.9011
640c682c-2f19-4307-853f-1ea70c3f55a1	10	70794626	79595316	5646	0.033
640c682c-2f19-4307-853f-1ea70c3f55a1	10	79624118	79737848	14	-0.6852
640c682c-2f19-4307-853f-1ea70c3f55a1	10	79747269	95105544	10236	0.0272
640c682c-2f19-4307-853f-1ea70c3f55a1	10	95109306	95109949	6	-1.1565
640c682c-2f19-4307-853f-1ea70c3f55a1	10	95115957	130423171	24686	0.0409
640c682c-2f19-4307-853f-1ea70c3f55a1	10	130424187	133654968	2033	-0.0429
640c682c-2f19-4307-853f-1ea70c3f55a1	11	198510	1626349	485	-0.0079
640c682c-2f19-4307-853f-1ea70c3f55a1	11	1627184	1633531	9	-1.1292
640c682c-2f19-4307-853f-1ea70c3f55a1	11	1635897	2447037	271	0.0384
640c682c-2f19-4307-853f-1ea70c3f55a1	11	2447718	2592611	68	-0.2188
640c682c-2f19-4307-853f-1ea70c3f55a1	11	2593508	3186399	356	0.0753
640c682c-2f19-4307-853f-1ea70c3f55a1	11	3186824	3191917	2	-1.9713
640c682c-2f19-4307-853f-1ea70c3f55a1	11	3192122	4946420	1223	0.0402
640c682c-2f19-4307-853f-1ea70c3f55a1	11	4947280	4952799	25	0.7675
640c682c-2f19-4307-853f-1ea70c3f55a1	11	4953934	18919309	10226	0.056
640c682c-2f19-4307-853f-1ea70c3f55a1	11	18919323	18940191	43	0.559
640c682c-2f19-4307-853f-1ea70c3f55a1	11	18940271	30281896	8387	0.0698
640c682c-2f19-4307-853f-1ea70c3f55a1	11	30284918	30285963	2	-1.3225
640c682c-2f19-4307-853f-1ea70c3f55a1	11	30287979	32983255	1778	0.0555
640c682c-2f19-4307-853f-1ea70c3f55a1	11	32983961	33235073	121	0.6941
640c682c-2f19-4307-853f-1ea70c3f55a1	11	33244814	33338835	35	0.0965
640c682c-2f19-4307-853f-1ea70c3f55a1	11	33341177	33579035	157	0.6873
640c682c-2f19-4307-853f-1ea70c3f55a1	11	33581300	34299646	533	0.045
640c682c-2f19-4307-853f-1ea70c3f55a1	11	34300743	34302750	4	-1.2811
640c682c-2f19-4307-853f-1ea70c3f55a1	11	34305011	49686823	9994	0.0608
640c682c-2f19-4307-853f-1ea70c3f55a1	11	49689309	49736119	16	-1.0241
640c682c-2f19-4307-853f-1ea70c3f55a1	11	49736215	64806234	5910	0.0567
640c682c-2f19-4307-853f-1ea70c3f55a1	11	64806290	65968596	450	-0.0752
640c682c-2f19-4307-853f-1ea70c3f55a1	11	65970212	86178616	11881	0.059
640c682c-2f19-4307-853f-1ea70c3f55a1	11	86178906	86187779	16	-0.7661
640c682c-2f19-4307-853f-1ea70c3f55a1	11	86188770	120086807	23527	0.0564
640c682c-2f19-4307-853f-1ea70c3f55a1	11	120086909	120087196	2	-1.9456
640c682c-2f19-4307-853f-1ea70c3f55a1	11	120089551	126498537	4614	0.0488
640c682c-2f19-4307-853f-1ea70c3f55a1	11	126498766	126499273	2	-2.0193
640c682c-2f19-4307-853f-1ea70c3f55a1	11	126499761	134336099	6083	0.0555
640c682c-2f19-4307-853f-1ea70c3f55a1	11	134339014	135074876	592	-0.0682
640c682c-2f19-4307-853f-1ea70c3f55a1	12	51460	784801	463	-0.9859
640c682c-2f19-4307-853f-1ea70c3f55a1	12	789495	1640385	464	0.0177
640c682c-2f19-4307-853f-1ea70c3f55a1	12	1640675	1653954	9	-1.0016
640c682c-2f19-4307-853f-1ea70c3f55a1	12	1654710	1699748	31	0.0986
640c682c-2f19-4307-853f-1ea70c3f55a1	12	1700995	9477960	5145	-0.8783
640c682c-2f19-4307-853f-1ea70c3f55a1	12	9481274	9582374	26	0.3047
640c682c-2f19-4307-853f-1ea70c3f55a1	12	9583090	10084415	395	-0.8033
640c682c-2f19-4307-853f-1ea70c3f55a1	12	10089119	10176099	49	-0.0026
640c682c-2f19-4307-853f-1ea70c3f55a1	12	10178634	11062773	581	-0.782
640c682c-2f19-4307-853f-1ea70c3f55a1	12	11064250	11108736	16	-1.5411
640c682c-2f19-4307-853f-1ea70c3f55a1	12	11114232	11165842	24	-0.8257
640c682c-2f19-4307-853f-1ea70c3f55a1	12	11175291	11313788	60	0.0067
640c682c-2f19-4307-853f-1ea70c3f55a1	12	11314521	15892921	3324	-0.8248
640c682c-2f19-4307-853f-1ea70c3f55a1	12	15897278	16335644	313	0.0417
640c682c-2f19-4307-853f-1ea70c3f55a1	12	16341676	16640991	229	-0.8041
640c682c-2f19-4307-853f-1ea70c3f55a1	12	16641835	16653942	6	0.0222
640c682c-2f19-4307-853f-1ea70c3f55a1	12	16661612	16668091	6	-0.6914
640c682c-2f19-4307-853f-1ea70c3f55a1	12	16674805	20146678	2186	0.036
640c682c-2f19-4307-853f-1ea70c3f55a1	12	20149055	20636290	302	-0.7819
640c682c-2f19-4307-853f-1ea70c3f55a1	12	20637424	20641216	9	0.1078
640c682c-2f19-4307-853f-1ea70c3f55a1	12	20642879	20822634	97	-0.7145
640c682c-2f19-4307-853f-1ea70c3f55a1	12	20827866	20833790	6	0.1955
640c682c-2f19-4307-853f-1ea70c3f55a1	12	20839809	21319836	311	-0.6938
640c682c-2f19-4307-853f-1ea70c3f55a1	12	21321311	21325209	9	0.0581
640c682c-2f19-4307-853f-1ea70c3f55a1	12	21326451	21332409	4	-0.7743
640c682c-2f19-4307-853f-1ea70c3f55a1	12	21333090	21374189	34	0.0786
640c682c-2f19-4307-853f-1ea70c3f55a1	12	21378094	22050146	437	-0.7997
640c682c-2f19-4307-853f-1ea70c3f55a1	12	22050162	22091665	53	0.0579
640c682c-2f19-4307-853f-1ea70c3f55a1	12	22095235	22411563	244	-0.7582
640c682c-2f19-4307-853f-1ea70c3f55a1	12	22412714	22413420	2	-2.7496
640c682c-2f19-4307-853f-1ea70c3f55a1	12	22416747	22591028	73	-0.7899
640c682c-2f19-4307-853f-1ea70c3f55a1	12	22592103	24464641	1319	0.0455
640c682c-2f19-4307-853f-1ea70c3f55a1	12	24468035	24782487	202	0.5353
640c682c-2f19-4307-853f-1ea70c3f55a1	12	24783048	24862373	75	0.0144
640c682c-2f19-4307-853f-1ea70c3f55a1	12	24864843	26890523	1631	0.5454
640c682c-2f19-4307-853f-1ea70c3f55a1	12	26892531	30082488	2274	0.0378
640c682c-2f19-4307-853f-1ea70c3f55a1	12	30082648	30090642	19	-1.3638
640c682c-2f19-4307-853f-1ea70c3f55a1	12	30090657	32727355	1979	0.0159
640c682c-2f19-4307-853f-1ea70c3f55a1	12	32733259	32783902	42	-0.8221
640c682c-2f19-4307-853f-1ea70c3f55a1	12	32784048	99398036	39531	0.0394
640c682c-2f19-4307-853f-1ea70c3f55a1	12	99401515	99404956	31	-1.1746
640c682c-2f19-4307-853f-1ea70c3f55a1	12	99409315	101706486	1440	0.0329
640c682c-2f19-4307-853f-1ea70c3f55a1	12	101712540	101715263	2	-1.8522
640c682c-2f19-4307-853f-1ea70c3f55a1	12	101716115	104554541	1863	0.037
640c682c-2f19-4307-853f-1ea70c3f55a1	12	104554788	104565729	9	-0.836
640c682c-2f19-4307-853f-1ea70c3f55a1	12	104567142	113813537	5887	0.0316
640c682c-2f19-4307-853f-1ea70c3f55a1	12	113815883	114029821	205	-0.1428
640c682c-2f19-4307-853f-1ea70c3f55a1	12	114034241	128599720	10108	0.0178
640c682c-2f19-4307-853f-1ea70c3f55a1	12	128607933	128608082	2	-2.4526
640c682c-2f19-4307-853f-1ea70c3f55a1	12	128608140	133201603	3179	-0.0341
640c682c-2f19-4307-853f-1ea70c3f55a1	13	18452809	18920669	126	-0.2529
640c682c-2f19-4307-853f-1ea70c3f55a1	13	18922788	22517647	2358	-0.334
640c682c-2f19-4307-853f-1ea70c3f55a1	13	22517784	22540474	10	0.3796
640c682c-2f19-4307-853f-1ea70c3f55a1	13	22540513	37496998	10954	-0.3351
640c682c-2f19-4307-853f-1ea70c3f55a1	13	37497899	37510620	16	0.4728
640c682c-2f19-4307-853f-1ea70c3f55a1	13	37514193	52520664	9878	-0.3163
640c682c-2f19-4307-853f-1ea70c3f55a1	13	52523849	52531650	3	-2.0268
640c682c-2f19-4307-853f-1ea70c3f55a1	13	52543744	53432852	550	-0.3289
640c682c-2f19-4307-853f-1ea70c3f55a1	13	53433709	63650659	5905	-0.2956
640c682c-2f19-4307-853f-1ea70c3f55a1	13	63650816	63662559	8	-1.361
640c682c-2f19-4307-853f-1ea70c3f55a1	13	63665430	71902850	5180	-0.2732
640c682c-2f19-4307-853f-1ea70c3f55a1	13	71903417	71906418	4	-2.8097
640c682c-2f19-4307-853f-1ea70c3f55a1	13	71906467	89134350	11211	-0.2982
640c682c-2f19-4307-853f-1ea70c3f55a1	13	89137188	89137294	2	-2.6614
640c682c-2f19-4307-853f-1ea70c3f55a1	13	89140230	98475242	6213	-0.3107
640c682c-2f19-4307-853f-1ea70c3f55a1	13	98479040	98481508	2	-2.3049
640c682c-2f19-4307-853f-1ea70c3f55a1	13	98481674	105923892	5711	-0.3163
640c682c-2f19-4307-853f-1ea70c3f55a1	13	105924147	105930330	4	-1.9923
640c682c-2f19-4307-853f-1ea70c3f55a1	13	105930442	112427361	5005	-0.3255
640c682c-2f19-4307-853f-1ea70c3f55a1	13	112432725	114342922	912	-0.4052
640c682c-2f19-4307-853f-1ea70c3f55a1	14	18239283	19011729	28	-0.2052
640c682c-2f19-4307-853f-1ea70c3f55a1	14	19012857	19955213	139	-0.441
640c682c-2f19-4307-853f-1ea70c3f55a1	14	19956767	25470421	3706	-0.0596
640c682c-2f19-4307-853f-1ea70c3f55a1	14	25472615	26369845	663	0.0952
640c682c-2f19-4307-853f-1ea70c3f55a1	14	26370045	26942518	332	0.2072
640c682c-2f19-4307-853f-1ea70c3f55a1	14	26943996	28723330	1053	-0.0099
640c682c-2f19-4307-853f-1ea70c3f55a1	14	28724689	28728005	3	-1.0259
640c682c-2f19-4307-853f-1ea70c3f55a1	14	28731314	28815955	51	-0.0526
640c682c-2f19-4307-853f-1ea70c3f55a1	14	28818086	29811210	544	0.1363
640c682c-2f19-4307-853f-1ea70c3f55a1	14	29812440	32559610	1580	0.036
640c682c-2f19-4307-853f-1ea70c3f55a1	14	32560104	34264099	1472	0.0995
640c682c-2f19-4307-853f-1ea70c3f55a1	14	34266170	34952078	360	0.9213
640c682c-2f19-4307-853f-1ea70c3f55a1	14	34956244	35279434	158	1.1969
640c682c-2f19-4307-853f-1ea70c3f55a1	14	35279476	35503119	123	1.248
640c682c-2f19-4307-853f-1ea70c3f55a1	14	35504124	36198343	390	1.4898
640c682c-2f19-4307-853f-1ea70c3f55a1	14	36199253	36527271	233	1.6576
640c682c-2f19-4307-853f-1ea70c3f55a1	14	36531251	36569105	41	1.4231
640c682c-2f19-4307-853f-1ea70c3f55a1	14	36569155	44495083	4914	0.9525
640c682c-2f19-4307-853f-1ea70c3f55a1	14	44495198	44602609	55	0.2909
640c682c-2f19-4307-853f-1ea70c3f55a1	14	44606751	44686091	49	0.6585
640c682c-2f19-4307-853f-1ea70c3f55a1	14	44686937	44957509	158	0.7808
640c682c-2f19-4307-853f-1ea70c3f55a1	14	44964474	47783479	1612	-0.2859
640c682c-2f19-4307-853f-1ea70c3f55a1	14	47787554	51683116	2400	0.2772
640c682c-2f19-4307-853f-1ea70c3f55a1	14	51683243	52309630	518	0.3709
640c682c-2f19-4307-853f-1ea70c3f55a1	14	52309813	52466679	99	0.2598
640c682c-2f19-4307-853f-1ea70c3f55a1	14	52469469	56762577	2970	0.9234
640c682c-2f19-4307-853f-1ea70c3f55a1	14	56768469	57961850	801	0.7374
640c682c-2f19-4307-853f-1ea70c3f55a1	14	57964067	58107228	122	0.3142
640c682c-2f19-4307-853f-1ea70c3f55a1	14	58109602	58167999	34	0.7366
640c682c-2f19-4307-853f-1ea70c3f55a1	14	58168171	58252118	31	0.8888
640c682c-2f19-4307-853f-1ea70c3f55a1	14	58253417	58796568	285	1.3547
640c682c-2f19-4307-853f-1ea70c3f55a1	14	58798657	59594018	588	-0.4898
640c682c-2f19-4307-853f-1ea70c3f55a1	14	59606764	69551330	6100	-0.047
640c682c-2f19-4307-853f-1ea70c3f55a1	14	69551651	69561830	12	-0.6117
640c682c-2f19-4307-853f-1ea70c3f55a1	14	69566109	73534419	2617	-0.0433
640c682c-2f19-4307-853f-1ea70c3f55a1	14	73540003	73563196	9	0.7651
640c682c-2f19-4307-853f-1ea70c3f55a1	14	73563211	105588560	20644	-0.0463
640c682c-2f19-4307-853f-1ea70c3f55a1	14	105612353	105701150	16	-2.6027
640c682c-2f19-4307-853f-1ea70c3f55a1	14	105728140	106872075	485	-0.0897
640c682c-2f19-4307-853f-1ea70c3f55a1	14	106873771	106877229	6	-0.3532
640c682c-2f19-4307-853f-1ea70c3f55a1	15	19811075	20001686	45	-0.2135
640c682c-2f19-4307-853f-1ea70c3f55a1	15	20011702	20187568	10	-1.1488
640c682c-2f19-4307-853f-1ea70c3f55a1	15	20190276	20376311	40	0.3878
640c682c-2f19-4307-853f-1ea70c3f55a1	15	20380735	20385137	14	0.9828
640c682c-2f19-4307-853f-1ea70c3f55a1	15	20396301	20422239	21	0.4953
640c682c-2f19-4307-853f-1ea70c3f55a1	15	20441322	22005276	50	0.0429
640c682c-2f19-4307-853f-1ea70c3f55a1	15	22227530	22299523	26	0.7198
640c682c-2f19-4307-853f-1ea70c3f55a1	15	22385639	30094208	4617	-0.3384
640c682c-2f19-4307-853f-1ea70c3f55a1	15	30106026	30515739	35	-1.4434
640c682c-2f19-4307-853f-1ea70c3f55a1	15	30595753	32151854	1046	-0.341
640c682c-2f19-4307-853f-1ea70c3f55a1	15	32179735	32257550	13	-1.2588
640c682c-2f19-4307-853f-1ea70c3f55a1	15	32283641	34421922	1502	-0.3386
640c682c-2f19-4307-853f-1ea70c3f55a1	15	34430601	34526116	65	-1.0056
640c682c-2f19-4307-853f-1ea70c3f55a1	15	34570058	53492691	11601	-0.3165
640c682c-2f19-4307-853f-1ea70c3f55a1	15	53492794	53493082	6	-1.7688
640c682c-2f19-4307-853f-1ea70c3f55a1	15	53498050	77007025	14982	-0.318
640c682c-2f19-4307-853f-1ea70c3f55a1	15	77008992	77027251	11	-0.8807
640c682c-2f19-4307-853f-1ea70c3f55a1	15	77030688	77577779	258	-0.3271
640c682c-2f19-4307-853f-1ea70c3f55a1	15	77582775	77589132	3	-1.8922
640c682c-2f19-4307-853f-1ea70c3f55a1	15	77591684	96372185	13101	-0.3299
640c682c-2f19-4307-853f-1ea70c3f55a1	15	96372907	96373364	2	-1.9338
640c682c-2f19-4307-853f-1ea70c3f55a1	15	96374570	97761020	962	-0.3086
640c682c-2f19-4307-853f-1ea70c3f55a1	15	97761043	97761300	2	-2.3178
640c682c-2f19-4307-853f-1ea70c3f55a1	15	97761540	99959552	1534	-0.3408
640c682c-2f19-4307-853f-1ea70c3f55a1	15	99962088	100381041	386	-0.4749
640c682c-2f19-4307-853f-1ea70c3f55a1	15	100383335	101107632	556	-0.3325
640c682c-2f19-4307-853f-1ea70c3f55a1	15	101108761	101717457	496	-0.4447
640c682c-2f19-4307-853f-1ea70c3f55a1	15	101717927	101821571	53	-0.2653
640c682c-2f19-4307-853f-1ea70c3f55a1	15	101823439	101824310	4	-1.1116
640c682c-2f19-4307-853f-1ea70c3f55a1	15	101824457	101894806	30	-0.2147
640c682c-2f19-4307-853f-1ea70c3f55a1	15	101900719	101928837	4	0.5367
640c682c-2f19-4307-853f-1ea70c3f55a1	16	10777	1300197	434	0.0385
640c682c-2f19-4307-853f-1ea70c3f55a1	16	1303675	16164432	11283	0.2073
640c682c-2f19-4307-853f-1ea70c3f55a1	16	16168161	16761504	77	-0.0923
640c682c-2f19-4307-853f-1ea70c3f55a1	16	16764451	19933041	1675	0.1858
640c682c-2f19-4307-853f-1ea70c3f55a1	16	19934328	19956040	29	-0.5057
640c682c-2f19-4307-853f-1ea70c3f55a1	16	19958932	28280632	5322	0.1925
640c682c-2f19-4307-853f-1ea70c3f55a1	16	28283500	47328198	2004	0.138
640c682c-2f19-4307-853f-1ea70c3f55a1	16	47329836	55762682	6115	0.2066
640c682c-2f19-4307-853f-1ea70c3f55a1	16	55764310	55764867	3	1.6149
640c682c-2f19-4307-853f-1ea70c3f55a1	16	55770436	70061826	8751	0.2052
640c682c-2f19-4307-853f-1ea70c3f55a1	16	70070999	70212022	36	-0.1926
640c682c-2f19-4307-853f-1ea70c3f55a1	16	70212430	74350360	2293	0.197
640c682c-2f19-4307-853f-1ea70c3f55a1	16	74363160	74433213	17	-0.2045
640c682c-2f19-4307-853f-1ea70c3f55a1	16	74433795	75042975	367	0.1945
640c682c-2f19-4307-853f-1ea70c3f55a1	16	75043184	75046875	3	-0.8828
640c682c-2f19-4307-853f-1ea70c3f55a1	16	75047923	83856075	9076	0.2003
640c682c-2f19-4307-853f-1ea70c3f55a1	16	83857855	83858164	3	-0.8694
640c682c-2f19-4307-853f-1ea70c3f55a1	16	83858313	84011095	111	0.1894
640c682c-2f19-4307-853f-1ea70c3f55a1	16	84011914	84877016	787	0.1068
640c682c-2f19-4307-853f-1ea70c3f55a1	16	84877892	88316374	2739	0.191
640c682c-2f19-4307-853f-1ea70c3f55a1	16	88316868	90096867	744	0.0217
640c682c-2f19-4307-853f-1ea70c3f55a1	17	150733	1066431	489	0.0576
640c682c-2f19-4307-853f-1ea70c3f55a1	17	1066483	16750987	9979	0.1937
640c682c-2f19-4307-853f-1ea70c3f55a1	17	16754017	16853833	14	-0.4353
640c682c-2f19-4307-853f-1ea70c3f55a1	17	16866487	18452078	905	0.1993
640c682c-2f19-4307-853f-1ea70c3f55a1	17	18455632	18561907	26	0.6
640c682c-2f19-4307-853f-1ea70c3f55a1	17	18565883	18936521	117	0.2041
640c682c-2f19-4307-853f-1ea70c3f55a1	17	18938277	19032210	51	0.0319
640c682c-2f19-4307-853f-1ea70c3f55a1	17	19100750	41266851	9234	0.2628
640c682c-2f19-4307-853f-1ea70c3f55a1	17	41266901	41274279	18	-0.9394
640c682c-2f19-4307-853f-1ea70c3f55a1	17	41276472	45492860	2148	0.2664
640c682c-2f19-4307-853f-1ea70c3f55a1	17	45497045	46039506	313	0.1191
640c682c-2f19-4307-853f-1ea70c3f55a1	17	46039536	46099741	47	0.3432
640c682c-2f19-4307-853f-1ea70c3f55a1	17	46100092	46284643	112	0.7099
640c682c-2f19-4307-853f-1ea70c3f55a1	17	46284997	67144399	12084	0.2763
640c682c-2f19-4307-853f-1ea70c3f55a1	17	67144983	67314296	81	0.38
640c682c-2f19-4307-853f-1ea70c3f55a1	17	67320101	67320623	2	-0.8427
640c682c-2f19-4307-853f-1ea70c3f55a1	17	67322847	68509715	627	0.3725
640c682c-2f19-4307-853f-1ea70c3f55a1	17	68513751	69769236	831	0.2776
640c682c-2f19-4307-853f-1ea70c3f55a1	17	69769658	72459082	2153	0.3805
640c682c-2f19-4307-853f-1ea70c3f55a1	17	72459357	73943114	1122	0.476
640c682c-2f19-4307-853f-1ea70c3f55a1	17	73944079	76913017	1531	0.3855
640c682c-2f19-4307-853f-1ea70c3f55a1	17	76914310	77014695	54	0.1226
640c682c-2f19-4307-853f-1ea70c3f55a1	17	77015223	77398743	263	0.3991
640c682c-2f19-4307-853f-1ea70c3f55a1	17	77398786	78280402	507	0.6
640c682c-2f19-4307-853f-1ea70c3f55a1	17	78285287	78290662	4	-0.68
640c682c-2f19-4307-853f-1ea70c3f55a1	17	78291927	83091923	2319	0.5673
640c682c-2f19-4307-853f-1ea70c3f55a1	18	48133	86591	6	-0.194
640c682c-2f19-4307-853f-1ea70c3f55a1	18	90580	15102757	10343	0.0808
640c682c-2f19-4307-853f-1ea70c3f55a1	18	15106725	15182482	25	-0.2622
640c682c-2f19-4307-853f-1ea70c3f55a1	18	15183613	21906141	409	0.065
640c682c-2f19-4307-853f-1ea70c3f55a1	18	21906764	65829936	29337	-0.0504
640c682c-2f19-4307-853f-1ea70c3f55a1	18	65833417	66060309	181	0.0403
640c682c-2f19-4307-853f-1ea70c3f55a1	18	66060363	66065571	13	-0.587
640c682c-2f19-4307-853f-1ea70c3f55a1	18	66065592	73830860	5787	-0.0178
640c682c-2f19-4307-853f-1ea70c3f55a1	18	73831713	79366099	4216	-0.066
640c682c-2f19-4307-853f-1ea70c3f55a1	18	79372793	80257174	417	-0.1798
640c682c-2f19-4307-853f-1ea70c3f55a1	19	90910	416231	83	-0.3858
640c682c-2f19-4307-853f-1ea70c3f55a1	19	417556	419498	3	-2.0241
640c682c-2f19-4307-853f-1ea70c3f55a1	19	420755	9135529	3263	-0.3411
640c682c-2f19-4307-853f-1ea70c3f55a1	19	9137150	11710214	1197	0.245
640c682c-2f19-4307-853f-1ea70c3f55a1	19	11710462	11902893	128	0.032
640c682c-2f19-4307-853f-1ea70c3f55a1	19	11903472	12172087	133	0.2656
640c682c-2f19-4307-853f-1ea70c3f55a1	19	12172730	14078298	840	0.0205
640c682c-2f19-4307-853f-1ea70c3f55a1	19	14092798	15497265	793	0.2618
640c682c-2f19-4307-853f-1ea70c3f55a1	19	15497929	17792285	1230	-0.3702
640c682c-2f19-4307-853f-1ea70c3f55a1	19	17796030	28149326	3840	0.2499
640c682c-2f19-4307-853f-1ea70c3f55a1	19	28153103	31472109	2532	-0.3389
640c682c-2f19-4307-853f-1ea70c3f55a1	19	31474133	31631285	133	0.2733
640c682c-2f19-4307-853f-1ea70c3f55a1	19	31631596	32674292	770	0.0036
640c682c-2f19-4307-853f-1ea70c3f55a1	19	32682360	33528849	490	0.2861
640c682c-2f19-4307-853f-1ea70c3f55a1	19	33528854	33800642	208	0.0237
640c682c-2f19-4307-853f-1ea70c3f55a1	19	33801016	34713099	584	0.2481
640c682c-2f19-4307-853f-1ea70c3f55a1	19	34713181	34943291	162	0.0284
640c682c-2f19-4307-853f-1ea70c3f55a1	19	34943334	37524926	1362	0.2726
640c682c-2f19-4307-853f-1ea70c3f55a1	19	37526680	38219823	386	0.0223
640c682c-2f19-4307-853f-1ea70c3f55a1	19	38222928	41245230	1567	0.2792
640c682c-2f19-4307-853f-1ea70c3f55a1	19	41245897	58586487	9355	-0.3421
640c682c-2f19-4307-853f-1ea70c3f55a1	20	80664	1580353	1204	0.1715
640c682c-2f19-4307-853f-1ea70c3f55a1	20	1580934	1613247	41	2.367
640c682c-2f19-4307-853f-1ea70c3f55a1	20	1617300	15320728	10387	0.208
640c682c-2f19-4307-853f-1ea70c3f55a1	20	15321256	15321403	2	-2.2535
640c682c-2f19-4307-853f-1ea70c3f55a1	20	15321728	23453650	6618	0.2078
640c682c-2f19-4307-853f-1ea70c3f55a1	20	23455598	23458485	3	-1.5364
640c682c-2f19-4307-853f-1ea70c3f55a1	20	23459149	54028258	16624	0.2263
640c682c-2f19-4307-853f-1ea70c3f55a1	20	54028329	54042112	38	-0.3861
640c682c-2f19-4307-853f-1ea70c3f55a1	20	54046035	63588502	7130	0.239
640c682c-2f19-4307-853f-1ea70c3f55a1	20	63589896	64324800	312	0.0378
640c682c-2f19-4307-853f-1ea70c3f55a1	21	10354168	13084095	100	-0.4174
640c682c-2f19-4307-853f-1ea70c3f55a1	21	13092058	42822408	21830	-0.3034
640c682c-2f19-4307-853f-1ea70c3f55a1	21	42824169	46677045	1890	-0.3988
640c682c-2f19-4307-853f-1ea70c3f55a1	22	15294547	18620743	1130	-0.3359
640c682c-2f19-4307-853f-1ea70c3f55a1	22	18649244	18818348	5	0.635
640c682c-2f19-4307-853f-1ea70c3f55a1	22	18822581	19116085	119	-0.4152
640c682c-2f19-4307-853f-1ea70c3f55a1	22	19116673	20216982	706	-0.5196
640c682c-2f19-4307-853f-1ea70c3f55a1	22	20217268	20223805	6	-3.6148
640c682c-2f19-4307-853f-1ea70c3f55a1	22	20226155	22114208	1146	-0.4326
640c682c-2f19-4307-853f-1ea70c3f55a1	22	22119549	22120255	6	-1.6194
640c682c-2f19-4307-853f-1ea70c3f55a1	22	22127104	22200176	176	-0.3706
640c682c-2f19-4307-853f-1ea70c3f55a1	22	22200591	22200764	3	-2.7845
640c682c-2f19-4307-853f-1ea70c3f55a1	22	22201442	23581906	857	-0.4602
640c682c-2f19-4307-853f-1ea70c3f55a1	22	23584947	48824578	17794	-0.343
640c682c-2f19-4307-853f-1ea70c3f55a1	22	48825221	50796027	1245	-0.5064
640c682c-2f19-4307-853f-1ea70c3f55a1	X	251810	509065	25	-0.3333
640c682c-2f19-4307-853f-1ea70c3f55a1	X	519852	12148090	7017	0.0187
640c682c-2f19-4307-853f-1ea70c3f55a1	X	12156744	50952484	23186	0.0393
640c682c-2f19-4307-853f-1ea70c3f55a1	X	50956527	58255236	3114	0.0047
640c682c-2f19-4307-853f-1ea70c3f55a1	X	58255744	62786877	89	-0.237
640c682c-2f19-4307-853f-1ea70c3f55a1	X	62797318	74084813	4929	0.0122
640c682c-2f19-4307-853f-1ea70c3f55a1	X	74085374	75341749	531	0.1184
640c682c-2f19-4307-853f-1ea70c3f55a1	X	75346281	75894317	265	-0.0866
640c682c-2f19-4307-853f-1ea70c3f55a1	X	75897775	84649961	4241	0.0151
640c682c-2f19-4307-853f-1ea70c3f55a1	X	84655411	84766602	63	-0.0832
640c682c-2f19-4307-853f-1ea70c3f55a1	X	84767270	103948829	10284	0.0409
640c682c-2f19-4307-853f-1ea70c3f55a1	X	103949000	104086595	91	-0.1919
640c682c-2f19-4307-853f-1ea70c3f55a1	X	104090208	106326432	1121	0.058
640c682c-2f19-4307-853f-1ea70c3f55a1	X	106327840	121920092	8720	0.0138
640c682c-2f19-4307-853f-1ea70c3f55a1	X	121921072	121921632	2	-1.9046
640c682c-2f19-4307-853f-1ea70c3f55a1	X	121923209	135615501	7648	0.026
640c682c-2f19-4307-853f-1ea70c3f55a1	X	135619994	135705278	54	0.9995
640c682c-2f19-4307-853f-1ea70c3f55a1	X	135706575	135715194	7	1.5875
640c682c-2f19-4307-853f-1ea70c3f55a1	X	135735221	135746981	21	0.6218
640c682c-2f19-4307-853f-1ea70c3f55a1	X	135882488	152893704	10984	0.0221
640c682c-2f19-4307-853f-1ea70c3f55a1	X	152895855	152938777	30	-0.3349
640c682c-2f19-4307-853f-1ea70c3f55a1	X	152939432	154334428	642	-0.0154
640c682c-2f19-4307-853f-1ea70c3f55a1	X	154347478	154382547	49	-0.365
640c682c-2f19-4307-853f-1ea70c3f55a1	X	154395856	155952689	535	0.026
640c682c-2f19-4307-853f-1ea70c3f55a1	Y	2782397	3421944	208	-3.0465
640c682c-2f19-4307-853f-1ea70c3f55a1	Y	3432225	6076562	512	-2.5448
640c682c-2f19-4307-853f-1ea70c3f55a1	Y	6080059	13478396	2545	-3.1874
640c682c-2f19-4307-853f-1ea70c3f55a1	Y	13478462	13482643	3	-7.8018
640c682c-2f19-4307-853f-1ea70c3f55a1	Y	13483009	17056257	1753	-3.1523
640c682c-2f19-4307-853f-1ea70c3f55a1	Y	17056790	17067660	5	-6.8116
640c682c-2f19-4307-853f-1ea70c3f55a1	Y	17070391	56872112	1614	-3.2179
