GDC_Aliquot	Chromosome	Start	End	Num_Probes	Segment_Mean
28bc61d2-b944-4acf-82c6-6ff78af02f6b	1	62920	4834890	1856	-0.0054
28bc61d2-b944-4acf-82c6-6ff78af02f6b	1	4836180	4911157	56	-0.9398
28bc61d2-b944-4acf-82c6-6ff78af02f6b	1	4911447	16583114	6740	0.0026
28bc61d2-b944-4acf-82c6-6ff78af02f6b	1	16604834	16855942	52	-0.3131
28bc61d2-b944-4acf-82c6-6ff78af02f6b	1	16863509	25256850	5320	0.0021
28bc61d2-b944-4acf-82c6-6ff78af02f6b	1	25266637	25320455	24	0.5295
28bc61d2-b944-4acf-82c6-6ff78af02f6b	1	25336819	34626073	4952	0.0008
28bc61d2-b944-4acf-82c6-6ff78af02f6b	1	34637053	34648667	21	-0.6187
28bc61d2-b944-4acf-82c6-6ff78af02f6b	1	34649941	72302815	23774	0.001
28bc61d2-b944-4acf-82c6-6ff78af02f6b	1	72303233	72307730	7	-1.8939
28bc61d2-b944-4acf-82c6-6ff78af02f6b	1	72307746	72313397	3	-3.8041
28bc61d2-b944-4acf-82c6-6ff78af02f6b	1	72313408	72345450	35	-1.4152
28bc61d2-b944-4acf-82c6-6ff78af02f6b	1	72345465	88630984	10710	-0.0018
28bc61d2-b944-4acf-82c6-6ff78af02f6b	1	88632608	88632874	2	-1.4726
28bc61d2-b944-4acf-82c6-6ff78af02f6b	1	88636295	105476583	10250	0.0029
28bc61d2-b944-4acf-82c6-6ff78af02f6b	1	105476614	105479753	16	0.8288
28bc61d2-b944-4acf-82c6-6ff78af02f6b	1	105481433	161648901	17739	0.0047
28bc61d2-b944-4acf-82c6-6ff78af02f6b	1	161649069	161649268	6	-0.7444
28bc61d2-b944-4acf-82c6-6ff78af02f6b	1	161678447	174827267	9536	0.0028
28bc61d2-b944-4acf-82c6-6ff78af02f6b	1	174827418	174828549	14	-0.7748
28bc61d2-b944-4acf-82c6-6ff78af02f6b	1	174832599	196745743	14647	0.0021
28bc61d2-b944-4acf-82c6-6ff78af02f6b	1	196758720	196846661	61	-1.9493
28bc61d2-b944-4acf-82c6-6ff78af02f6b	1	196847600	202135968	3451	0.0024
28bc61d2-b944-4acf-82c6-6ff78af02f6b	1	202137669	202138499	2	-1.4918
28bc61d2-b944-4acf-82c6-6ff78af02f6b	1	202138758	212831113	7285	0.0023
28bc61d2-b944-4acf-82c6-6ff78af02f6b	1	212831670	212833055	6	-1.1829
28bc61d2-b944-4acf-82c6-6ff78af02f6b	1	212837094	248930189	25082	0.0001
28bc61d2-b944-4acf-82c6-6ff78af02f6b	2	12784	4158097	2988	-0.0072
28bc61d2-b944-4acf-82c6-6ff78af02f6b	2	4166274	4175577	36	-2.0278
28bc61d2-b944-4acf-82c6-6ff78af02f6b	2	4175922	34474248	21073	-0.0021
28bc61d2-b944-4acf-82c6-6ff78af02f6b	2	34476327	34511990	44	-1.8128
28bc61d2-b944-4acf-82c6-6ff78af02f6b	2	34512096	52514599	13009	0.0004
28bc61d2-b944-4acf-82c6-6ff78af02f6b	2	52516787	52554404	41	0.5234
28bc61d2-b944-4acf-82c6-6ff78af02f6b	2	52560811	97359885	23862	0.0022
28bc61d2-b944-4acf-82c6-6ff78af02f6b	2	97524284	97545247	8	-0.9083
28bc61d2-b944-4acf-82c6-6ff78af02f6b	2	97545726	104139020	4011	0.0117
28bc61d2-b944-4acf-82c6-6ff78af02f6b	2	104139549	104139690	5	-0.8739
28bc61d2-b944-4acf-82c6-6ff78af02f6b	2	104145476	129597933	15546	0.0005
28bc61d2-b944-4acf-82c6-6ff78af02f6b	2	129598357	129598954	3	-1.261
28bc61d2-b944-4acf-82c6-6ff78af02f6b	2	129601358	137947468	4837	0.0084
28bc61d2-b944-4acf-82c6-6ff78af02f6b	2	137949022	137950116	4	-0.9368
28bc61d2-b944-4acf-82c6-6ff78af02f6b	2	137951818	146103836	4997	0
28bc61d2-b944-4acf-82c6-6ff78af02f6b	2	146103878	146109366	26	0.4267
28bc61d2-b944-4acf-82c6-6ff78af02f6b	2	146120238	152930971	4204	0.0079
28bc61d2-b944-4acf-82c6-6ff78af02f6b	2	152939554	152940270	3	-1.4344
28bc61d2-b944-4acf-82c6-6ff78af02f6b	2	152944055	163780342	6388	0.0006
28bc61d2-b944-4acf-82c6-6ff78af02f6b	2	163786978	163788616	5	-0.8317
28bc61d2-b944-4acf-82c6-6ff78af02f6b	2	163790132	170615603	4305	-0.0027
28bc61d2-b944-4acf-82c6-6ff78af02f6b	2	170617132	170618538	2	-1.3457
28bc61d2-b944-4acf-82c6-6ff78af02f6b	2	170621824	173426470	1738	0.0046
28bc61d2-b944-4acf-82c6-6ff78af02f6b	2	173430771	173430830	2	-1.2896
28bc61d2-b944-4acf-82c6-6ff78af02f6b	2	173432616	183709219	6502	0.0034
28bc61d2-b944-4acf-82c6-6ff78af02f6b	2	183712465	183712596	3	-1.0723
28bc61d2-b944-4acf-82c6-6ff78af02f6b	2	183716167	207490231	13827	0.0015
28bc61d2-b944-4acf-82c6-6ff78af02f6b	2	207490454	207494612	16	-0.833
28bc61d2-b944-4acf-82c6-6ff78af02f6b	2	207494752	242147305	22084	0.0008
28bc61d2-b944-4acf-82c6-6ff78af02f6b	3	20930	11366589	9548	-0.0032
28bc61d2-b944-4acf-82c6-6ff78af02f6b	3	11371130	11371926	4	-1.1574
28bc61d2-b944-4acf-82c6-6ff78af02f6b	3	11375791	23937812	8320	0.0019
28bc61d2-b944-4acf-82c6-6ff78af02f6b	3	23939938	23940837	2	-1.2279
28bc61d2-b944-4acf-82c6-6ff78af02f6b	3	23940839	29601577	4249	-0.0025
28bc61d2-b944-4acf-82c6-6ff78af02f6b	3	29602037	29602300	2	-1.588
28bc61d2-b944-4acf-82c6-6ff78af02f6b	3	29603197	46751887	11066	0.0027
28bc61d2-b944-4acf-82c6-6ff78af02f6b	3	46760327	46808099	40	-0.7353
28bc61d2-b944-4acf-82c6-6ff78af02f6b	3	46817989	75511990	19509	0.001
28bc61d2-b944-4acf-82c6-6ff78af02f6b	3	75519398	75547095	9	0.7806
28bc61d2-b944-4acf-82c6-6ff78af02f6b	3	75559488	84650720	4980	-0.009
28bc61d2-b944-4acf-82c6-6ff78af02f6b	3	84651145	84653449	15	-0.4872
28bc61d2-b944-4acf-82c6-6ff78af02f6b	3	84657133	99218940	5977	0.0058
28bc61d2-b944-4acf-82c6-6ff78af02f6b	3	99225614	99230470	37	-0.5969
28bc61d2-b944-4acf-82c6-6ff78af02f6b	3	99230577	130412340	18947	0.0013
28bc61d2-b944-4acf-82c6-6ff78af02f6b	3	130413358	130413787	3	-1.1522
28bc61d2-b944-4acf-82c6-6ff78af02f6b	3	130415719	131987852	964	0.0013
28bc61d2-b944-4acf-82c6-6ff78af02f6b	3	131989313	131989627	2	-2.4139
28bc61d2-b944-4acf-82c6-6ff78af02f6b	3	131996155	143715993	7320	0.0027
28bc61d2-b944-4acf-82c6-6ff78af02f6b	3	143716863	143716928	2	-1.2279
28bc61d2-b944-4acf-82c6-6ff78af02f6b	3	143719172	162795304	11784	0.0056
28bc61d2-b944-4acf-82c6-6ff78af02f6b	3	162795361	162875836	45	0.4434
28bc61d2-b944-4acf-82c6-6ff78af02f6b	3	162875975	189642965	16691	0.0024
28bc61d2-b944-4acf-82c6-6ff78af02f6b	3	189645889	189646849	11	-0.8526
28bc61d2-b944-4acf-82c6-6ff78af02f6b	3	189653199	193160113	2493	0.0074
28bc61d2-b944-4acf-82c6-6ff78af02f6b	3	193160173	193165114	19	-1.3384
28bc61d2-b944-4acf-82c6-6ff78af02f6b	3	193168646	198169247	2694	-0.0047
28bc61d2-b944-4acf-82c6-6ff78af02f6b	4	68929	10208766	5702	-0.0026
28bc61d2-b944-4acf-82c6-6ff78af02f6b	4	10221792	10229874	28	-2.0736
28bc61d2-b944-4acf-82c6-6ff78af02f6b	4	10232590	10234518	8	-0.7516
28bc61d2-b944-4acf-82c6-6ff78af02f6b	4	10236812	63280986	33267	0.0037
28bc61d2-b944-4acf-82c6-6ff78af02f6b	4	63281375	63286195	3	-1.2177
28bc61d2-b944-4acf-82c6-6ff78af02f6b	4	63288849	63827261	307	0.0277
28bc61d2-b944-4acf-82c6-6ff78af02f6b	4	63828222	63842036	24	-0.258
28bc61d2-b944-4acf-82c6-6ff78af02f6b	4	63842099	63842540	5	-0.9073
28bc61d2-b944-4acf-82c6-6ff78af02f6b	4	63850713	68395346	2858	-0.0005
28bc61d2-b944-4acf-82c6-6ff78af02f6b	4	68416487	68422424	5	0.852
28bc61d2-b944-4acf-82c6-6ff78af02f6b	4	68429081	69261926	393	-0.0152
28bc61d2-b944-4acf-82c6-6ff78af02f6b	4	69261934	69366406	55	-0.4965
28bc61d2-b944-4acf-82c6-6ff78af02f6b	4	69370433	85722589	10189	0.0017
28bc61d2-b944-4acf-82c6-6ff78af02f6b	4	85722704	85722949	3	1.0499
28bc61d2-b944-4acf-82c6-6ff78af02f6b	4	85722977	89507019	2399	-0.003
28bc61d2-b944-4acf-82c6-6ff78af02f6b	4	89507048	89507113	2	-1.7253
28bc61d2-b944-4acf-82c6-6ff78af02f6b	4	89507343	114586468	14985	-0.0053
28bc61d2-b944-4acf-82c6-6ff78af02f6b	4	114587010	114589298	3	-1.1331
28bc61d2-b944-4acf-82c6-6ff78af02f6b	4	114593270	115244948	383	0.0114
28bc61d2-b944-4acf-82c6-6ff78af02f6b	4	115251455	115254969	22	-0.6761
28bc61d2-b944-4acf-82c6-6ff78af02f6b	4	115259026	134988644	11388	0.001
28bc61d2-b944-4acf-82c6-6ff78af02f6b	4	134992785	134999596	11	-1.3377
28bc61d2-b944-4acf-82c6-6ff78af02f6b	4	135002548	137018143	1098	0.0084
28bc61d2-b944-4acf-82c6-6ff78af02f6b	4	137018216	137027745	16	-0.6507
28bc61d2-b944-4acf-82c6-6ff78af02f6b	4	137027974	137033231	11	0.0921
28bc61d2-b944-4acf-82c6-6ff78af02f6b	4	137033441	137040260	5	-1.415
28bc61d2-b944-4acf-82c6-6ff78af02f6b	4	137042363	137171085	80	0.0126
28bc61d2-b944-4acf-82c6-6ff78af02f6b	4	137171266	137172260	13	-0.6434
28bc61d2-b944-4acf-82c6-6ff78af02f6b	4	137173804	148564636	7076	0.0035
28bc61d2-b944-4acf-82c6-6ff78af02f6b	4	148565477	148572041	2	-1.3148
28bc61d2-b944-4acf-82c6-6ff78af02f6b	4	148572060	151868634	1752	0.0043
28bc61d2-b944-4acf-82c6-6ff78af02f6b	4	151870381	151871415	12	-1.0436
28bc61d2-b944-4acf-82c6-6ff78af02f6b	4	151871739	151873707	4	0.5543
28bc61d2-b944-4acf-82c6-6ff78af02f6b	4	151874236	154202936	1519	0.0057
28bc61d2-b944-4acf-82c6-6ff78af02f6b	4	154203568	154204270	2	-1.1635
28bc61d2-b944-4acf-82c6-6ff78af02f6b	4	154208483	167691880	8606	0.0025
28bc61d2-b944-4acf-82c6-6ff78af02f6b	4	167693814	167700213	12	-1.5536
28bc61d2-b944-4acf-82c6-6ff78af02f6b	4	167706262	171455823	2423	0.001
28bc61d2-b944-4acf-82c6-6ff78af02f6b	4	171456106	171456293	4	-1.2482
28bc61d2-b944-4acf-82c6-6ff78af02f6b	4	171456307	190106768	12496	0.0011
28bc61d2-b944-4acf-82c6-6ff78af02f6b	5	15532	205901	107	0.0394
28bc61d2-b944-4acf-82c6-6ff78af02f6b	5	217687	225833	3	-1.0582
28bc61d2-b944-4acf-82c6-6ff78af02f6b	5	226228	717794	203	-0.0079
28bc61d2-b944-4acf-82c6-6ff78af02f6b	5	722090	833513	40	0.6743
28bc61d2-b944-4acf-82c6-6ff78af02f6b	5	852451	12791608	9838	-0.0001
28bc61d2-b944-4acf-82c6-6ff78af02f6b	5	12800777	12819964	10	-1.6856
28bc61d2-b944-4acf-82c6-6ff78af02f6b	5	12824299	17601444	3179	0.0005
28bc61d2-b944-4acf-82c6-6ff78af02f6b	5	17601619	17625524	10	-0.8465
28bc61d2-b944-4acf-82c6-6ff78af02f6b	5	17629411	27524345	5862	-0.0044
28bc61d2-b944-4acf-82c6-6ff78af02f6b	5	27525283	27525913	10	-0.7653
28bc61d2-b944-4acf-82c6-6ff78af02f6b	5	27527372	46271006	11418	0.0017
28bc61d2-b944-4acf-82c6-6ff78af02f6b	5	46271828	46273400	6	-2.7947
28bc61d2-b944-4acf-82c6-6ff78af02f6b	5	46278110	58025819	5075	0.0032
28bc61d2-b944-4acf-82c6-6ff78af02f6b	5	58030200	58037706	32	1.3536
28bc61d2-b944-4acf-82c6-6ff78af02f6b	5	58042530	104515520	26845	0.0006
28bc61d2-b944-4acf-82c6-6ff78af02f6b	5	104524672	104524903	4	1.5518
28bc61d2-b944-4acf-82c6-6ff78af02f6b	5	104525348	150797535	29797	-0.002
28bc61d2-b944-4acf-82c6-6ff78af02f6b	5	150798146	150822643	10	-0.6865
28bc61d2-b944-4acf-82c6-6ff78af02f6b	5	150825938	150839042	8	-2.7485
28bc61d2-b944-4acf-82c6-6ff78af02f6b	5	150843825	177740962	18456	0.0024
28bc61d2-b944-4acf-82c6-6ff78af02f6b	5	177770954	177832414	7	0.7771
28bc61d2-b944-4acf-82c6-6ff78af02f6b	5	177833329	180755448	1686	0.0015
28bc61d2-b944-4acf-82c6-6ff78af02f6b	5	180756359	180762920	2	-1.1629
28bc61d2-b944-4acf-82c6-6ff78af02f6b	5	180766184	180947523	105	0.0046
28bc61d2-b944-4acf-82c6-6ff78af02f6b	5	180951710	180991103	19	0.4561
28bc61d2-b944-4acf-82c6-6ff78af02f6b	5	181006225	181363319	170	-0.0314
28bc61d2-b944-4acf-82c6-6ff78af02f6b	6	149661	264756	105	-0.0027
28bc61d2-b944-4acf-82c6-6ff78af02f6b	6	265113	381149	93	-1.0187
28bc61d2-b944-4acf-82c6-6ff78af02f6b	6	382559	13085650	10115	0.0017
28bc61d2-b944-4acf-82c6-6ff78af02f6b	6	13088107	13089998	4	-0.8404
28bc61d2-b944-4acf-82c6-6ff78af02f6b	6	13093292	19039888	4452	0.0065
28bc61d2-b944-4acf-82c6-6ff78af02f6b	6	19041950	19044471	4	-1.0556
28bc61d2-b944-4acf-82c6-6ff78af02f6b	6	19044485	29869411	6881	0.0048
28bc61d2-b944-4acf-82c6-6ff78af02f6b	6	29869537	29882589	17	-1.0283
28bc61d2-b944-4acf-82c6-6ff78af02f6b	6	29882603	32619680	1217	-0.0081
28bc61d2-b944-4acf-82c6-6ff78af02f6b	6	32625244	32634330	6	-1.5191
28bc61d2-b944-4acf-82c6-6ff78af02f6b	6	32634492	33112035	312	-0.0269
28bc61d2-b944-4acf-82c6-6ff78af02f6b	6	33114021	33114858	2	-1.5916
28bc61d2-b944-4acf-82c6-6ff78af02f6b	6	33115107	58096364	15483	0.0031
28bc61d2-b944-4acf-82c6-6ff78af02f6b	6	58099774	58100791	4	-0.9289
28bc61d2-b944-4acf-82c6-6ff78af02f6b	6	58106296	64627049	2145	-0.0027
28bc61d2-b944-4acf-82c6-6ff78af02f6b	6	64637651	64639099	2	-2.5541
28bc61d2-b944-4acf-82c6-6ff78af02f6b	6	64640883	73882142	6159	-0.0014
28bc61d2-b944-4acf-82c6-6ff78af02f6b	6	73882509	73887625	9	0.5451
28bc61d2-b944-4acf-82c6-6ff78af02f6b	6	73891694	76730331	1771	0.0003
28bc61d2-b944-4acf-82c6-6ff78af02f6b	6	76730377	76758214	21	-0.339
28bc61d2-b944-4acf-82c6-6ff78af02f6b	6	76758749	78253172	975	0.0071
28bc61d2-b944-4acf-82c6-6ff78af02f6b	6	78259348	78325468	113	-0.6903
28bc61d2-b944-4acf-82c6-6ff78af02f6b	6	78329517	170741917	59706	0.0028
28bc61d2-b944-4acf-82c6-6ff78af02f6b	7	43355	148300	90	0.048
28bc61d2-b944-4acf-82c6-6ff78af02f6b	7	155066	158626	10	-0.713
28bc61d2-b944-4acf-82c6-6ff78af02f6b	7	161442	23995508	17035	0.0015
28bc61d2-b944-4acf-82c6-6ff78af02f6b	7	24000259	24000764	2	1.2808
28bc61d2-b944-4acf-82c6-6ff78af02f6b	7	24001198	24789826	679	0.0151
28bc61d2-b944-4acf-82c6-6ff78af02f6b	7	24792341	24792836	2	-1.5774
28bc61d2-b944-4acf-82c6-6ff78af02f6b	7	24793532	26092670	1009	-0.0006
28bc61d2-b944-4acf-82c6-6ff78af02f6b	7	26102772	26105793	4	-2.4303
28bc61d2-b944-4acf-82c6-6ff78af02f6b	7	26107599	38248326	8533	0.0027
28bc61d2-b944-4acf-82c6-6ff78af02f6b	7	38251092	38263833	9	-1.0923
28bc61d2-b944-4acf-82c6-6ff78af02f6b	7	38271122	53390597	10455	0.0035
28bc61d2-b944-4acf-82c6-6ff78af02f6b	7	53391160	53523054	74	-0.941
28bc61d2-b944-4acf-82c6-6ff78af02f6b	7	53525818	54305455	577	0.0045
28bc61d2-b944-4acf-82c6-6ff78af02f6b	7	54318812	54318824	6	-1.9558
28bc61d2-b944-4acf-82c6-6ff78af02f6b	7	54325795	67164253	3732	0.002
28bc61d2-b944-4acf-82c6-6ff78af02f6b	7	67164342	67204078	15	-0.8535
28bc61d2-b944-4acf-82c6-6ff78af02f6b	7	67207129	67233947	8	-0.3429
28bc61d2-b944-4acf-82c6-6ff78af02f6b	7	67234797	126405597	34755	-0.0016
28bc61d2-b944-4acf-82c6-6ff78af02f6b	7	126405632	126406822	10	0.915
28bc61d2-b944-4acf-82c6-6ff78af02f6b	7	126406823	142069843	9931	0.0011
28bc61d2-b944-4acf-82c6-6ff78af02f6b	7	142069880	142092307	33	-0.6734
28bc61d2-b944-4acf-82c6-6ff78af02f6b	7	142099190	144199159	1202	-0.0167
28bc61d2-b944-4acf-82c6-6ff78af02f6b	7	144207186	144352208	15	0.8446
28bc61d2-b944-4acf-82c6-6ff78af02f6b	7	144377836	156599096	8020	0.0034
28bc61d2-b944-4acf-82c6-6ff78af02f6b	7	156600474	156601485	3	-1.107
28bc61d2-b944-4acf-82c6-6ff78af02f6b	7	156602214	159334314	1625	-0.0009
28bc61d2-b944-4acf-82c6-6ff78af02f6b	8	81254	208062	4	1.0659
28bc61d2-b944-4acf-82c6-6ff78af02f6b	8	212672	643041	318	0.015
28bc61d2-b944-4acf-82c6-6ff78af02f6b	8	644944	645875	8	0.6728
28bc61d2-b944-4acf-82c6-6ff78af02f6b	8	645892	645908	2	2.9462
28bc61d2-b944-4acf-82c6-6ff78af02f6b	8	656117	7358351	7411	0.0038
28bc61d2-b944-4acf-82c6-6ff78af02f6b	8	7358509	7838739	31	0.4932
28bc61d2-b944-4acf-82c6-6ff78af02f6b	8	7873171	7890177	6	-0.6244
28bc61d2-b944-4acf-82c6-6ff78af02f6b	8	7919608	8104937	13	0.0653
28bc61d2-b944-4acf-82c6-6ff78af02f6b	8	8110806	8132772	4	-0.8266
28bc61d2-b944-4acf-82c6-6ff78af02f6b	8	8139659	11993647	3210	0.0005
28bc61d2-b944-4acf-82c6-6ff78af02f6b	8	11998246	12585546	67	0.3457
28bc61d2-b944-4acf-82c6-6ff78af02f6b	8	12616034	16402103	3518	-0.0025
28bc61d2-b944-4acf-82c6-6ff78af02f6b	8	16404726	16425078	30	-0.752
28bc61d2-b944-4acf-82c6-6ff78af02f6b	8	16425832	25114672	6855	0.0028
28bc61d2-b944-4acf-82c6-6ff78af02f6b	8	25116928	25126818	27	0.3992
28bc61d2-b944-4acf-82c6-6ff78af02f6b	8	25133589	39393968	9024	0.0048
28bc61d2-b944-4acf-82c6-6ff78af02f6b	8	39398542	39529446	53	0.7624
28bc61d2-b944-4acf-82c6-6ff78af02f6b	8	39530780	40914477	1074	0.0046
28bc61d2-b944-4acf-82c6-6ff78af02f6b	8	40920333	40920952	2	-1.99
28bc61d2-b944-4acf-82c6-6ff78af02f6b	8	40926161	119139771	45909	0.0018
28bc61d2-b944-4acf-82c6-6ff78af02f6b	8	119142545	119147207	4	-2.7982
28bc61d2-b944-4acf-82c6-6ff78af02f6b	8	119150615	134307781	11007	0.0035
28bc61d2-b944-4acf-82c6-6ff78af02f6b	8	134311475	134312109	3	-1.0859
28bc61d2-b944-4acf-82c6-6ff78af02f6b	8	134316212	145072769	6943	-0.004
28bc61d2-b944-4acf-82c6-6ff78af02f6b	9	46587	23361807	20431	-0.0057
28bc61d2-b944-4acf-82c6-6ff78af02f6b	9	23363117	23373486	8	-0.8098
28bc61d2-b944-4acf-82c6-6ff78af02f6b	9	23378490	28072006	3567	-0.0027
28bc61d2-b944-4acf-82c6-6ff78af02f6b	9	28072853	28072860	2	-1.3456
28bc61d2-b944-4acf-82c6-6ff78af02f6b	9	28072913	28719761	484	-0.0144
28bc61d2-b944-4acf-82c6-6ff78af02f6b	9	28720009	28720748	3	-1.0505
28bc61d2-b944-4acf-82c6-6ff78af02f6b	9	28720799	41659472	6792	0.003
28bc61d2-b944-4acf-82c6-6ff78af02f6b	9	41666811	42202227	28	-0.4347
28bc61d2-b944-4acf-82c6-6ff78af02f6b	9	42211663	61520021	72	0.0344
28bc61d2-b944-4acf-82c6-6ff78af02f6b	9	61521913	61647899	29	0.627
28bc61d2-b944-4acf-82c6-6ff78af02f6b	9	61665362	138200944	48103	0.0038
28bc61d2-b944-4acf-82c6-6ff78af02f6b	10	45792	10667945	9093	-0.001
28bc61d2-b944-4acf-82c6-6ff78af02f6b	10	10670284	10670868	2	-1.2305
28bc61d2-b944-4acf-82c6-6ff78af02f6b	10	10676362	17463468	5547	-0.0016
28bc61d2-b944-4acf-82c6-6ff78af02f6b	10	17465137	17465414	2	-1.9851
28bc61d2-b944-4acf-82c6-6ff78af02f6b	10	17468712	24086334	4550	-0.004
28bc61d2-b944-4acf-82c6-6ff78af02f6b	10	24088745	24088753	7	-1.8268
28bc61d2-b944-4acf-82c6-6ff78af02f6b	10	24088989	56756643	19070	0.004
28bc61d2-b944-4acf-82c6-6ff78af02f6b	10	56756761	56767077	39	-0.76
28bc61d2-b944-4acf-82c6-6ff78af02f6b	10	56772992	65548178	6114	0.0002
28bc61d2-b944-4acf-82c6-6ff78af02f6b	10	65548193	65554688	26	-0.4227
28bc61d2-b944-4acf-82c6-6ff78af02f6b	10	65563037	66707950	900	0.0045
28bc61d2-b944-4acf-82c6-6ff78af02f6b	10	66709479	66709681	3	-0.9551
28bc61d2-b944-4acf-82c6-6ff78af02f6b	10	66717912	76493093	5882	-0.0003
28bc61d2-b944-4acf-82c6-6ff78af02f6b	10	76497303	76497852	2	-1.5125
28bc61d2-b944-4acf-82c6-6ff78af02f6b	10	76501509	79689972	2452	0.0047
28bc61d2-b944-4acf-82c6-6ff78af02f6b	10	79736999	79754434	6	-0.8366
28bc61d2-b944-4acf-82c6-6ff78af02f6b	10	79763550	133654968	36994	0.0004
28bc61d2-b944-4acf-82c6-6ff78af02f6b	11	198510	4217824	1737	-0.0046
28bc61d2-b944-4acf-82c6-6ff78af02f6b	11	4228783	4314837	26	0.5757
28bc61d2-b944-4acf-82c6-6ff78af02f6b	11	4325579	18927525	10915	0.0054
28bc61d2-b944-4acf-82c6-6ff78af02f6b	11	18927562	18940441	44	0.2438
28bc61d2-b944-4acf-82c6-6ff78af02f6b	11	18940469	31371747	9090	-0.0032
28bc61d2-b944-4acf-82c6-6ff78af02f6b	11	31372721	31375533	2	-2.0625
28bc61d2-b944-4acf-82c6-6ff78af02f6b	11	31376660	37634995	4690	0.0033
28bc61d2-b944-4acf-82c6-6ff78af02f6b	11	37635189	37644100	3	-1.4093
28bc61d2-b944-4acf-82c6-6ff78af02f6b	11	37645912	55608547	7992	-0.0048
28bc61d2-b944-4acf-82c6-6ff78af02f6b	11	55608760	55674842	43	0.6834
28bc61d2-b944-4acf-82c6-6ff78af02f6b	11	55676735	55677818	4	-0.2914
28bc61d2-b944-4acf-82c6-6ff78af02f6b	11	55678469	55686100	8	0.6489
28bc61d2-b944-4acf-82c6-6ff78af02f6b	11	55693207	56310610	427	0.0261
28bc61d2-b944-4acf-82c6-6ff78af02f6b	11	56312050	56468643	105	-0.9765
28bc61d2-b944-4acf-82c6-6ff78af02f6b	11	56470011	135074876	51774	-0.0005
28bc61d2-b944-4acf-82c6-6ff78af02f6b	12	51460	2126723	1265	-0.0019
28bc61d2-b944-4acf-82c6-6ff78af02f6b	12	2136696	2148754	41	-0.7075
28bc61d2-b944-4acf-82c6-6ff78af02f6b	12	2148857	10430768	5526	0.0028
28bc61d2-b944-4acf-82c6-6ff78af02f6b	12	10434196	10434721	2	-2.0781
28bc61d2-b944-4acf-82c6-6ff78af02f6b	12	10435926	11068125	403	-0.0077
28bc61d2-b944-4acf-82c6-6ff78af02f6b	12	11070111	11088933	9	0.7167
28bc61d2-b944-4acf-82c6-6ff78af02f6b	12	11099275	76563854	40118	0.0039
28bc61d2-b944-4acf-82c6-6ff78af02f6b	12	76568233	76580906	5	-1.0141
28bc61d2-b944-4acf-82c6-6ff78af02f6b	12	76587370	131635702	36913	-0.0011
28bc61d2-b944-4acf-82c6-6ff78af02f6b	12	131636170	131648790	14	0.4496
28bc61d2-b944-4acf-82c6-6ff78af02f6b	12	131657925	133201603	559	0.0134
28bc61d2-b944-4acf-82c6-6ff78af02f6b	13	18452809	31958485	9571	0.0042
28bc61d2-b944-4acf-82c6-6ff78af02f6b	13	31958590	31964286	17	-1.0085
28bc61d2-b944-4acf-82c6-6ff78af02f6b	13	31965910	37496998	3902	-0.0012
28bc61d2-b944-4acf-82c6-6ff78af02f6b	13	37497899	37510595	15	-0.4182
28bc61d2-b944-4acf-82c6-6ff78af02f6b	13	37510620	62232848	15586	0.0029
28bc61d2-b944-4acf-82c6-6ff78af02f6b	13	62235141	62235349	3	-1.0617
28bc61d2-b944-4acf-82c6-6ff78af02f6b	13	62243960	62721284	227	-0.0026
28bc61d2-b944-4acf-82c6-6ff78af02f6b	13	62721577	62722122	2	-1.2783
28bc61d2-b944-4acf-82c6-6ff78af02f6b	13	62722748	71902850	5739	-0.0038
28bc61d2-b944-4acf-82c6-6ff78af02f6b	13	71903417	71906418	4	-2.4588
28bc61d2-b944-4acf-82c6-6ff78af02f6b	13	71906467	114342922	29107	0.0027
28bc61d2-b944-4acf-82c6-6ff78af02f6b	14	18239283	18657897	18	0.1775
28bc61d2-b944-4acf-82c6-6ff78af02f6b	14	18661510	18693043	7	0.8982
28bc61d2-b944-4acf-82c6-6ff78af02f6b	14	18950560	19387271	29	0.0849
28bc61d2-b944-4acf-82c6-6ff78af02f6b	14	19425567	19924627	95	-0.2479
28bc61d2-b944-4acf-82c6-6ff78af02f6b	14	19926759	21922009	1356	-0.0049
28bc61d2-b944-4acf-82c6-6ff78af02f6b	14	21922051	22496189	493	-0.1191
28bc61d2-b944-4acf-82c6-6ff78af02f6b	14	22496204	24009685	897	-0.013
28bc61d2-b944-4acf-82c6-6ff78af02f6b	14	24010178	24015250	5	-1.0622
28bc61d2-b944-4acf-82c6-6ff78af02f6b	14	24018934	73534419	31347	0.0024
28bc61d2-b944-4acf-82c6-6ff78af02f6b	14	73540003	73550817	6	-1.458
28bc61d2-b944-4acf-82c6-6ff78af02f6b	14	73550834	106070718	20793	-0.0007
28bc61d2-b944-4acf-82c6-6ff78af02f6b	14	106117522	106321086	96	-0.8236
28bc61d2-b944-4acf-82c6-6ff78af02f6b	14	106340102	106346129	7	1.1804
28bc61d2-b944-4acf-82c6-6ff78af02f6b	14	106360014	106877229	274	0.0017
28bc61d2-b944-4acf-82c6-6ff78af02f6b	15	19811075	20649185	142	0.0769
28bc61d2-b944-4acf-82c6-6ff78af02f6b	15	20655113	22413894	67	0.3834
28bc61d2-b944-4acf-82c6-6ff78af02f6b	15	22455811	24240681	919	-0.0061
28bc61d2-b944-4acf-82c6-6ff78af02f6b	15	24247869	24266888	9	-0.8949
28bc61d2-b944-4acf-82c6-6ff78af02f6b	15	24269473	24422282	60	0.0381
28bc61d2-b944-4acf-82c6-6ff78af02f6b	15	24424509	24525366	57	-0.4824
28bc61d2-b944-4acf-82c6-6ff78af02f6b	15	24526715	25174845	438	0.0056
28bc61d2-b944-4acf-82c6-6ff78af02f6b	15	25176460	25185096	7	-0.9832
28bc61d2-b944-4acf-82c6-6ff78af02f6b	15	25188158	30215235	3138	-0.0012
28bc61d2-b944-4acf-82c6-6ff78af02f6b	15	30230885	30269364	7	-0.907
28bc61d2-b944-4acf-82c6-6ff78af02f6b	15	30281107	32151263	1065	0.0064
28bc61d2-b944-4acf-82c6-6ff78af02f6b	15	32151854	32610782	36	0.3199
28bc61d2-b944-4acf-82c6-6ff78af02f6b	15	32612414	34386576	1484	-0.0031
28bc61d2-b944-4acf-82c6-6ff78af02f6b	15	34421922	34526116	66	-0.8268
28bc61d2-b944-4acf-82c6-6ff78af02f6b	15	34570058	74497063	25552	0.0025
28bc61d2-b944-4acf-82c6-6ff78af02f6b	15	74497842	74508208	7	-0.8298
28bc61d2-b944-4acf-82c6-6ff78af02f6b	15	74514096	76598900	872	0.0018
28bc61d2-b944-4acf-82c6-6ff78af02f6b	15	76599170	76603434	21	0.712
28bc61d2-b944-4acf-82c6-6ff78af02f6b	15	76609838	101928837	17617	0.0003
28bc61d2-b944-4acf-82c6-6ff78af02f6b	16	10777	55761136	26938	0.0057
28bc61d2-b944-4acf-82c6-6ff78af02f6b	16	55762477	55782734	18	-0.6684
28bc61d2-b944-4acf-82c6-6ff78af02f6b	16	55782793	83043990	19462	-0.0007
28bc61d2-b944-4acf-82c6-6ff78af02f6b	16	83048831	83048889	2	-2.0331
28bc61d2-b944-4acf-82c6-6ff78af02f6b	16	83049618	83760390	965	0.006
28bc61d2-b944-4acf-82c6-6ff78af02f6b	16	83760392	83760401	2	-1.3344
28bc61d2-b944-4acf-82c6-6ff78af02f6b	16	83760419	90096867	4498	0.0013
28bc61d2-b944-4acf-82c6-6ff78af02f6b	17	150733	18414080	11395	-0.0005
28bc61d2-b944-4acf-82c6-6ff78af02f6b	17	18452078	18561907	27	0.567
28bc61d2-b944-4acf-82c6-6ff78af02f6b	17	18565883	41266838	9405	0.0061
28bc61d2-b944-4acf-82c6-6ff78af02f6b	17	41266851	41274198	18	0.5113
28bc61d2-b944-4acf-82c6-6ff78af02f6b	17	41274279	41276864	7	-0.0693
28bc61d2-b944-4acf-82c6-6ff78af02f6b	17	41276907	41277149	6	-0.6564
28bc61d2-b944-4acf-82c6-6ff78af02f6b	17	41277221	45571174	2143	-0.0095
28bc61d2-b944-4acf-82c6-6ff78af02f6b	17	45577724	45582060	7	0.6427
28bc61d2-b944-4acf-82c6-6ff78af02f6b	17	45587327	45679654	41	-0.0243
28bc61d2-b944-4acf-82c6-6ff78af02f6b	17	45680406	45680765	2	-1.3197
28bc61d2-b944-4acf-82c6-6ff78af02f6b	17	45682353	46085732	294	0.0493
28bc61d2-b944-4acf-82c6-6ff78af02f6b	17	46088437	46136346	36	0.4434
28bc61d2-b944-4acf-82c6-6ff78af02f6b	17	46136800	46286804	88	0.645
28bc61d2-b944-4acf-82c6-6ff78af02f6b	17	46323701	46446360	4	-0.5896
28bc61d2-b944-4acf-82c6-6ff78af02f6b	17	46569894	57610128	7006	0.0007
28bc61d2-b944-4acf-82c6-6ff78af02f6b	17	57610972	57611632	2	-2.0621
28bc61d2-b944-4acf-82c6-6ff78af02f6b	17	57614632	83091923	14571	0.0029
28bc61d2-b944-4acf-82c6-6ff78af02f6b	18	48133	40680456	22796	0.0008
28bc61d2-b944-4acf-82c6-6ff78af02f6b	18	40680470	40685425	18	-2.0111
28bc61d2-b944-4acf-82c6-6ff78af02f6b	18	40688060	48228876	5052	-0.0012
28bc61d2-b944-4acf-82c6-6ff78af02f6b	18	48229056	48236270	7	-1.1756
28bc61d2-b944-4acf-82c6-6ff78af02f6b	18	48237011	66095064	12493	0.003
28bc61d2-b944-4acf-82c6-6ff78af02f6b	18	66099904	66100686	3	-2.0712
28bc61d2-b944-4acf-82c6-6ff78af02f6b	18	66108359	80257174	10380	-0.0016
28bc61d2-b944-4acf-82c6-6ff78af02f6b	19	90910	21528153	9546	0.001
28bc61d2-b944-4acf-82c6-6ff78af02f6b	19	21534501	21538872	2	-1.652
28bc61d2-b944-4acf-82c6-6ff78af02f6b	19	21539503	54215099	16965	0.0042
28bc61d2-b944-4acf-82c6-6ff78af02f6b	19	54215136	54237443	17	0.6479
28bc61d2-b944-4acf-82c6-6ff78af02f6b	19	54249482	55771169	747	0.0169
28bc61d2-b944-4acf-82c6-6ff78af02f6b	19	55771663	55771701	2	-2.5485
28bc61d2-b944-4acf-82c6-6ff78af02f6b	19	55774927	58586487	1839	0.0048
28bc61d2-b944-4acf-82c6-6ff78af02f6b	20	80664	1571811	1183	0.0152
28bc61d2-b944-4acf-82c6-6ff78af02f6b	20	1576544	1580156	18	-0.7868
28bc61d2-b944-4acf-82c6-6ff78af02f6b	20	1580276	1580353	3	0.0311
28bc61d2-b944-4acf-82c6-6ff78af02f6b	20	1580934	1590457	14	1.9216
28bc61d2-b944-4acf-82c6-6ff78af02f6b	20	1590626	1591257	9	0.3528
28bc61d2-b944-4acf-82c6-6ff78af02f6b	20	1591489	1613247	18	1.9029
28bc61d2-b944-4acf-82c6-6ff78af02f6b	20	1617300	26324943	18776	0.0013
28bc61d2-b944-4acf-82c6-6ff78af02f6b	20	30185676	30295149	18	-0.6003
28bc61d2-b944-4acf-82c6-6ff78af02f6b	20	30295239	38376710	3712	0.0024
28bc61d2-b944-4acf-82c6-6ff78af02f6b	20	38382143	38383652	5	-1.4868
28bc61d2-b944-4acf-82c6-6ff78af02f6b	20	38390010	64324800	18625	0.0017
28bc61d2-b944-4acf-82c6-6ff78af02f6b	21	10354168	10756733	86	0.5577
28bc61d2-b944-4acf-82c6-6ff78af02f6b	21	10775586	21960306	5990	-0.0017
28bc61d2-b944-4acf-82c6-6ff78af02f6b	21	21962935	21963464	2	-1.3476
28bc61d2-b944-4acf-82c6-6ff78af02f6b	21	21967070	41727214	15033	0.0029
28bc61d2-b944-4acf-82c6-6ff78af02f6b	21	41729736	41730428	4	-1.1662
28bc61d2-b944-4acf-82c6-6ff78af02f6b	21	41730694	41866553	79	0.0375
28bc61d2-b944-4acf-82c6-6ff78af02f6b	21	41866956	41868149	3	-0.9737
28bc61d2-b944-4acf-82c6-6ff78af02f6b	21	41869203	46677045	2667	-0.0118
28bc61d2-b944-4acf-82c6-6ff78af02f6b	22	15294547	18760927	1135	0.013
28bc61d2-b944-4acf-82c6-6ff78af02f6b	22	18760941	18818348	3	-1.034
28bc61d2-b944-4acf-82c6-6ff78af02f6b	22	18822581	22398127	2319	0.0072
28bc61d2-b944-4acf-82c6-6ff78af02f6b	22	22398345	22398545	4	0.8308
28bc61d2-b944-4acf-82c6-6ff78af02f6b	22	22402989	23946180	923	0.0038
28bc61d2-b944-4acf-82c6-6ff78af02f6b	22	23946247	23959448	4	-1.0582
28bc61d2-b944-4acf-82c6-6ff78af02f6b	22	23971476	24475815	261	-0.006
28bc61d2-b944-4acf-82c6-6ff78af02f6b	22	24480832	24480878	2	-1.2787
28bc61d2-b944-4acf-82c6-6ff78af02f6b	22	24481324	37346951	9779	-0.0028
28bc61d2-b944-4acf-82c6-6ff78af02f6b	22	37352689	37353906	4	-0.9518
28bc61d2-b944-4acf-82c6-6ff78af02f6b	22	37354627	45337966	4820	0.0018
28bc61d2-b944-4acf-82c6-6ff78af02f6b	22	45339725	45339888	2	-1.3094
28bc61d2-b944-4acf-82c6-6ff78af02f6b	22	45340166	49689323	3536	-0.0013
28bc61d2-b944-4acf-82c6-6ff78af02f6b	22	49691467	49691572	2	-1.7937
28bc61d2-b944-4acf-82c6-6ff78af02f6b	22	49691638	50796027	488	-0.025
28bc61d2-b944-4acf-82c6-6ff78af02f6b	X	251810	20420388	12181	-0.0016
28bc61d2-b944-4acf-82c6-6ff78af02f6b	X	20428975	20464418	26	-0.2756
28bc61d2-b944-4acf-82c6-6ff78af02f6b	X	20464554	20466568	4	-1.0854
28bc61d2-b944-4acf-82c6-6ff78af02f6b	X	20466973	155952689	71408	0.0008
28bc61d2-b944-4acf-82c6-6ff78af02f6b	Y	2782397	6249869	784	-2.6054
28bc61d2-b944-4acf-82c6-6ff78af02f6b	Y	6252391	13478396	2480	-3.0475
28bc61d2-b944-4acf-82c6-6ff78af02f6b	Y	13478462	13482643	3	-7.6439
28bc61d2-b944-4acf-82c6-6ff78af02f6b	Y	13483009	23586854	3180	-3.0633
28bc61d2-b944-4acf-82c6-6ff78af02f6b	Y	23784615	56872112	192	-2.6964
