GDC_Aliquot	Chromosome	Start	End	Num_Probes	Segment_Mean
002c82cb-2b9e-48cd-8062-faa1120e0f26	1	62920	668210	21	0.6204
002c82cb-2b9e-48cd-8062-faa1120e0f26	1	771719	9409030	4749	0.0159
002c82cb-2b9e-48cd-8062-faa1120e0f26	1	9414367	9434407	11	-1.0689
002c82cb-2b9e-48cd-8062-faa1120e0f26	1	9438054	54624527	25273	0.0118
002c82cb-2b9e-48cd-8062-faa1120e0f26	1	54627618	54628716	2	-2.0083
002c82cb-2b9e-48cd-8062-faa1120e0f26	1	54630777	72302815	12725	0.0205
002c82cb-2b9e-48cd-8062-faa1120e0f26	1	72303233	72345465	45	-0.6597
002c82cb-2b9e-48cd-8062-faa1120e0f26	1	72346221	89009572	10931	0.0125
002c82cb-2b9e-48cd-8062-faa1120e0f26	1	89012275	89012522	2	-3.8299
002c82cb-2b9e-48cd-8062-faa1120e0f26	1	89015841	103616762	9083	0.0128
002c82cb-2b9e-48cd-8062-faa1120e0f26	1	103620877	103717410	5	1.1101
002c82cb-2b9e-48cd-8062-faa1120e0f26	1	103717617	152582700	13154	0.0176
002c82cb-2b9e-48cd-8062-faa1120e0f26	1	152583051	152613242	30	0.3647
002c82cb-2b9e-48cd-8062-faa1120e0f26	1	152613641	152789447	173	0.0272
002c82cb-2b9e-48cd-8062-faa1120e0f26	1	152789463	152796224	36	-0.4188
002c82cb-2b9e-48cd-8062-faa1120e0f26	1	152801429	167795598	10160	0.0145
002c82cb-2b9e-48cd-8062-faa1120e0f26	1	167796946	167797682	4	-1.2483
002c82cb-2b9e-48cd-8062-faa1120e0f26	1	167799276	193186662	16892	0.0136
002c82cb-2b9e-48cd-8062-faa1120e0f26	1	193187149	193187218	4	-1.1082
002c82cb-2b9e-48cd-8062-faa1120e0f26	1	193190593	199138574	3828	0.019
002c82cb-2b9e-48cd-8062-faa1120e0f26	1	199142235	199143396	7	-1.0136
002c82cb-2b9e-48cd-8062-faa1120e0f26	1	199143883	248930189	34424	0.0174
002c82cb-2b9e-48cd-8062-faa1120e0f26	2	12784	4158097	2987	0.0194
002c82cb-2b9e-48cd-8062-faa1120e0f26	2	4166274	4175577	36	-0.6322
002c82cb-2b9e-48cd-8062-faa1120e0f26	2	4175922	35742319	21980	0.0161
002c82cb-2b9e-48cd-8062-faa1120e0f26	2	35742970	35762850	8	-1.6534
002c82cb-2b9e-48cd-8062-faa1120e0f26	2	35762881	52527362	12120	0.0147
002c82cb-2b9e-48cd-8062-faa1120e0f26	2	52527423	52554366	35	0.3923
002c82cb-2b9e-48cd-8062-faa1120e0f26	2	52554384	57180143	3365	0.0137
002c82cb-2b9e-48cd-8062-faa1120e0f26	2	57180238	57180256	2	-1.4523
002c82cb-2b9e-48cd-8062-faa1120e0f26	2	57180271	97537802	20487	0.0186
002c82cb-2b9e-48cd-8062-faa1120e0f26	2	97540809	97545247	3	-1.9653
002c82cb-2b9e-48cd-8062-faa1120e0f26	2	97545726	183929124	52676	0.0232
002c82cb-2b9e-48cd-8062-faa1120e0f26	2	183929673	183937714	17	-0.6721
002c82cb-2b9e-48cd-8062-faa1120e0f26	2	183943862	203032174	10764	0.0208
002c82cb-2b9e-48cd-8062-faa1120e0f26	2	203035077	203037323	3	-1.1368
002c82cb-2b9e-48cd-8062-faa1120e0f26	2	203039417	207490231	2890	0.0184
002c82cb-2b9e-48cd-8062-faa1120e0f26	2	207490454	207494612	16	-0.9384
002c82cb-2b9e-48cd-8062-faa1120e0f26	2	207494752	241973401	21950	0.0198
002c82cb-2b9e-48cd-8062-faa1120e0f26	2	241975155	242095460	103	-1.0157
002c82cb-2b9e-48cd-8062-faa1120e0f26	2	242095518	242147305	23	-0.0089
002c82cb-2b9e-48cd-8062-faa1120e0f26	3	20930	37935926	27620	0.0138
002c82cb-2b9e-48cd-8062-faa1120e0f26	3	37940617	37945437	18	-0.818
002c82cb-2b9e-48cd-8062-faa1120e0f26	3	37945615	68697013	20136	0.0181
002c82cb-2b9e-48cd-8062-faa1120e0f26	3	68697108	68698262	14	-0.902
002c82cb-2b9e-48cd-8062-faa1120e0f26	3	68699607	75519398	4929	0.0227
002c82cb-2b9e-48cd-8062-faa1120e0f26	3	75523398	75537654	6	-1.7294
002c82cb-2b9e-48cd-8062-faa1120e0f26	3	75546030	84650720	4979	0.0174
002c82cb-2b9e-48cd-8062-faa1120e0f26	3	84651145	84652985	10	-0.7904
002c82cb-2b9e-48cd-8062-faa1120e0f26	3	84653010	146675375	35157	0.0116
002c82cb-2b9e-48cd-8062-faa1120e0f26	3	146676270	146676880	2	-1.8301
002c82cb-2b9e-48cd-8062-faa1120e0f26	3	146677105	162795304	9860	0.0129
002c82cb-2b9e-48cd-8062-faa1120e0f26	3	162795361	162908207	67	-1.514
002c82cb-2b9e-48cd-8062-faa1120e0f26	3	162908784	193160113	19158	0.0106
002c82cb-2b9e-48cd-8062-faa1120e0f26	3	193160173	193165114	19	-1.4258
002c82cb-2b9e-48cd-8062-faa1120e0f26	3	193168646	194920587	1160	0.0155
002c82cb-2b9e-48cd-8062-faa1120e0f26	3	194920617	194921116	4	-0.8904
002c82cb-2b9e-48cd-8062-faa1120e0f26	3	194921751	195558822	317	0.025
002c82cb-2b9e-48cd-8062-faa1120e0f26	3	195559056	195755499	50	0.2838
002c82cb-2b9e-48cd-8062-faa1120e0f26	3	195768362	198111566	1144	0.0059
002c82cb-2b9e-48cd-8062-faa1120e0f26	3	198118345	198169247	17	-0.5075
002c82cb-2b9e-48cd-8062-faa1120e0f26	4	68929	9455251	5155	0.0121
002c82cb-2b9e-48cd-8062-faa1120e0f26	4	9459504	9477699	6	1.1166
002c82cb-2b9e-48cd-8062-faa1120e0f26	4	9484440	10208766	539	0.0327
002c82cb-2b9e-48cd-8062-faa1120e0f26	4	10221792	10232642	30	-1.6287
002c82cb-2b9e-48cd-8062-faa1120e0f26	4	10232984	34785541	16972	0.0154
002c82cb-2b9e-48cd-8062-faa1120e0f26	4	34786399	34828291	35	0.471
002c82cb-2b9e-48cd-8062-faa1120e0f26	4	34828306	68640616	19515	0.0152
002c82cb-2b9e-48cd-8062-faa1120e0f26	4	68655691	68671434	3	-1.4253
002c82cb-2b9e-48cd-8062-faa1120e0f26	4	68674307	69265191	313	0.0039
002c82cb-2b9e-48cd-8062-faa1120e0f26	4	69265628	69366081	49	-0.6594
002c82cb-2b9e-48cd-8062-faa1120e0f26	4	69366304	91148753	13588	0.0189
002c82cb-2b9e-48cd-8062-faa1120e0f26	4	91152891	91159466	7	-0.9533
002c82cb-2b9e-48cd-8062-faa1120e0f26	4	91160414	137171085	26985	0.0162
002c82cb-2b9e-48cd-8062-faa1120e0f26	4	137171266	137173818	15	-0.74
002c82cb-2b9e-48cd-8062-faa1120e0f26	4	137173967	145574203	5256	0.0123
002c82cb-2b9e-48cd-8062-faa1120e0f26	4	145580604	145580740	2	-1.318
002c82cb-2b9e-48cd-8062-faa1120e0f26	4	145584576	151868634	3560	0.0222
002c82cb-2b9e-48cd-8062-faa1120e0f26	4	151870381	151871415	12	-1.0843
002c82cb-2b9e-48cd-8062-faa1120e0f26	4	151871739	171448195	12550	0.0152
002c82cb-2b9e-48cd-8062-faa1120e0f26	4	171453733	171456307	9	-1.5886
002c82cb-2b9e-48cd-8062-faa1120e0f26	4	171456559	189267889	12134	0.0167
002c82cb-2b9e-48cd-8062-faa1120e0f26	4	189273964	189278110	4	-2.8621
002c82cb-2b9e-48cd-8062-faa1120e0f26	4	189278617	190106768	350	0.0039
002c82cb-2b9e-48cd-8062-faa1120e0f26	5	15532	15719113	12174	0.022
002c82cb-2b9e-48cd-8062-faa1120e0f26	5	15719241	15723237	11	-0.718
002c82cb-2b9e-48cd-8062-faa1120e0f26	5	15723376	46251204	18480	0.0218
002c82cb-2b9e-48cd-8062-faa1120e0f26	5	46270906	46273400	8	-2.4367
002c82cb-2b9e-48cd-8062-faa1120e0f26	5	46278110	58025819	5076	0.0214
002c82cb-2b9e-48cd-8062-faa1120e0f26	5	58030200	58037688	31	1.6572
002c82cb-2b9e-48cd-8062-faa1120e0f26	5	58037706	104515520	26830	0.0207
002c82cb-2b9e-48cd-8062-faa1120e0f26	5	104524672	104524903	4	1.2419
002c82cb-2b9e-48cd-8062-faa1120e0f26	5	104525348	113988573	6358	0.0171
002c82cb-2b9e-48cd-8062-faa1120e0f26	5	113991308	113999692	11	-1.1549
002c82cb-2b9e-48cd-8062-faa1120e0f26	5	114001271	152134610	24387	0.0228
002c82cb-2b9e-48cd-8062-faa1120e0f26	5	152135825	152138790	14	-0.6171
002c82cb-2b9e-48cd-8062-faa1120e0f26	5	152140710	156048095	2660	0.0205
002c82cb-2b9e-48cd-8062-faa1120e0f26	5	156049762	156068249	17	-0.5389
002c82cb-2b9e-48cd-8062-faa1120e0f26	5	156073982	175946505	14053	0.0243
002c82cb-2b9e-48cd-8062-faa1120e0f26	5	175960543	175966609	3	1.5285
002c82cb-2b9e-48cd-8062-faa1120e0f26	5	175966747	177771448	736	0.028
002c82cb-2b9e-48cd-8062-faa1120e0f26	5	177800550	177805604	3	2.1901
002c82cb-2b9e-48cd-8062-faa1120e0f26	5	177827964	180947523	1796	0.0167
002c82cb-2b9e-48cd-8062-faa1120e0f26	5	180951710	180991103	19	0.7123
002c82cb-2b9e-48cd-8062-faa1120e0f26	5	181006225	181363319	170	0.0383
002c82cb-2b9e-48cd-8062-faa1120e0f26	6	149661	19009477	14742	0.0242
002c82cb-2b9e-48cd-8062-faa1120e0f26	6	19009565	19009869	2	-1.279
002c82cb-2b9e-48cd-8062-faa1120e0f26	6	19009906	19039888	24	0.0404
002c82cb-2b9e-48cd-8062-faa1120e0f26	6	19041950	19042587	3	-1.2392
002c82cb-2b9e-48cd-8062-faa1120e0f26	6	19044471	24946443	4272	0.0172
002c82cb-2b9e-48cd-8062-faa1120e0f26	6	24947544	24947577	2	1.4943
002c82cb-2b9e-48cd-8062-faa1120e0f26	6	24950971	31309909	3281	0.0128
002c82cb-2b9e-48cd-8062-faa1120e0f26	6	31313046	31328674	12	-1.6888
002c82cb-2b9e-48cd-8062-faa1120e0f26	6	31342147	32572834	527	0.0018
002c82cb-2b9e-48cd-8062-faa1120e0f26	6	32576532	32593518	2	-1.7664
002c82cb-2b9e-48cd-8062-faa1120e0f26	6	32602269	32722250	78	-0.0273
002c82cb-2b9e-48cd-8062-faa1120e0f26	6	32723020	32723035	2	1.6436
002c82cb-2b9e-48cd-8062-faa1120e0f26	6	32723053	54066477	13655	0.0158
002c82cb-2b9e-48cd-8062-faa1120e0f26	6	54066582	54067057	4	2.5445
002c82cb-2b9e-48cd-8062-faa1120e0f26	6	54070550	73882142	10387	0.011
002c82cb-2b9e-48cd-8062-faa1120e0f26	6	73882509	73891694	10	0.7884
002c82cb-2b9e-48cd-8062-faa1120e0f26	6	73893839	78253172	2765	0.0106
002c82cb-2b9e-48cd-8062-faa1120e0f26	6	78259348	78325468	112	0.3977
002c82cb-2b9e-48cd-8062-faa1120e0f26	6	78329517	93942689	10007	0.0157
002c82cb-2b9e-48cd-8062-faa1120e0f26	6	93942822	93947846	2	-1.3824
002c82cb-2b9e-48cd-8062-faa1120e0f26	6	93949814	103286954	5461	0.0056
002c82cb-2b9e-48cd-8062-faa1120e0f26	6	103290101	103299735	15	-0.547
002c82cb-2b9e-48cd-8062-faa1120e0f26	6	103299855	124110629	12719	0.0217
002c82cb-2b9e-48cd-8062-faa1120e0f26	6	124114796	124149220	20	0.6142
002c82cb-2b9e-48cd-8062-faa1120e0f26	6	124149616	167931821	29588	0.0136
002c82cb-2b9e-48cd-8062-faa1120e0f26	6	167934598	168196562	180	0.6025
002c82cb-2b9e-48cd-8062-faa1120e0f26	6	168196667	170741917	1679	0.0231
002c82cb-2b9e-48cd-8062-faa1120e0f26	7	43355	8786255	5064	0.0143
002c82cb-2b9e-48cd-8062-faa1120e0f26	7	8787540	8826367	49	-1.0168
002c82cb-2b9e-48cd-8062-faa1120e0f26	7	8833366	38347842	22371	0.0097
002c82cb-2b9e-48cd-8062-faa1120e0f26	7	38351764	38356875	4	-1.4934
002c82cb-2b9e-48cd-8062-faa1120e0f26	7	38361356	43580584	3545	0.0139
002c82cb-2b9e-48cd-8062-faa1120e0f26	7	43580695	43591769	5	-0.9757
002c82cb-2b9e-48cd-8062-faa1120e0f26	7	43596587	70955452	13566	0.0187
002c82cb-2b9e-48cd-8062-faa1120e0f26	7	70958264	70961155	2	-1.5659
002c82cb-2b9e-48cd-8062-faa1120e0f26	7	70963257	97766197	15697	0.014
002c82cb-2b9e-48cd-8062-faa1120e0f26	7	97772620	97773163	8	-0.8244
002c82cb-2b9e-48cd-8062-faa1120e0f26	7	97774928	108532679	5797	0.0184
002c82cb-2b9e-48cd-8062-faa1120e0f26	7	108535897	108536531	2	-1.276
002c82cb-2b9e-48cd-8062-faa1120e0f26	7	108539074	109801155	822	0.0067
002c82cb-2b9e-48cd-8062-faa1120e0f26	7	109801187	109819293	22	-0.5077
002c82cb-2b9e-48cd-8062-faa1120e0f26	7	109819717	144264193	21200	0.0138
002c82cb-2b9e-48cd-8062-faa1120e0f26	7	144295437	144336758	5	-1.185
002c82cb-2b9e-48cd-8062-faa1120e0f26	7	144343967	154635962	6440	0.0136
002c82cb-2b9e-48cd-8062-faa1120e0f26	7	154636288	154636708	3	-1.4022
002c82cb-2b9e-48cd-8062-faa1120e0f26	7	154637850	159334314	3205	0.0192
002c82cb-2b9e-48cd-8062-faa1120e0f26	8	81254	4144670	3698	0.0179
002c82cb-2b9e-48cd-8062-faa1120e0f26	8	4144685	4144794	3	-1.4576
002c82cb-2b9e-48cd-8062-faa1120e0f26	8	4145131	5736745	2299	0.0071
002c82cb-2b9e-48cd-8062-faa1120e0f26	8	5741204	5746973	27	-0.7707
002c82cb-2b9e-48cd-8062-faa1120e0f26	8	5749566	8007744	1756	0.0229
002c82cb-2b9e-48cd-8062-faa1120e0f26	8	8078333	8110806	6	0.8833
002c82cb-2b9e-48cd-8062-faa1120e0f26	8	8120447	12376708	3241	0.023
002c82cb-2b9e-48cd-8062-faa1120e0f26	8	12376742	12454103	24	-0.3355
002c82cb-2b9e-48cd-8062-faa1120e0f26	8	12470324	25118055	10422	0.019
002c82cb-2b9e-48cd-8062-faa1120e0f26	8	25118687	25126708	19	-0.5164
002c82cb-2b9e-48cd-8062-faa1120e0f26	8	25126735	39373140	9007	0.0115
002c82cb-2b9e-48cd-8062-faa1120e0f26	8	39378084	39529446	59	0.9013
002c82cb-2b9e-48cd-8062-faa1120e0f26	8	39530780	50119451	4581	0.0134
002c82cb-2b9e-48cd-8062-faa1120e0f26	8	50119464	50119827	7	-1.9109
002c82cb-2b9e-48cd-8062-faa1120e0f26	8	50126018	114619207	39242	0.0157
002c82cb-2b9e-48cd-8062-faa1120e0f26	8	114619814	114626166	16	-0.7449
002c82cb-2b9e-48cd-8062-faa1120e0f26	8	114626238	114628588	7	0.2865
002c82cb-2b9e-48cd-8062-faa1120e0f26	8	114628679	114642539	16	-0.6867
002c82cb-2b9e-48cd-8062-faa1120e0f26	8	114650365	145072769	21057	0.0147
002c82cb-2b9e-48cd-8062-faa1120e0f26	9	46587	23361807	20420	0.0172
002c82cb-2b9e-48cd-8062-faa1120e0f26	9	23363117	23373486	8	1.1399
002c82cb-2b9e-48cd-8062-faa1120e0f26	9	23378490	40769393	10767	0.0147
002c82cb-2b9e-48cd-8062-faa1120e0f26	9	40796987	41451846	56	-0.34
002c82cb-2b9e-48cd-8062-faa1120e0f26	9	41473331	41666811	27	0.138
002c82cb-2b9e-48cd-8062-faa1120e0f26	9	41703463	42727685	57	-0.349
002c82cb-2b9e-48cd-8062-faa1120e0f26	9	42729302	61405110	41	0.0836
002c82cb-2b9e-48cd-8062-faa1120e0f26	9	61520021	61629689	28	0.6172
002c82cb-2b9e-48cd-8062-faa1120e0f26	9	61633080	63580418	40	-0.1066
002c82cb-2b9e-48cd-8062-faa1120e0f26	9	63590317	63592813	7	2.0848
002c82cb-2b9e-48cd-8062-faa1120e0f26	9	63614182	64493528	50	0.0881
002c82cb-2b9e-48cd-8062-faa1120e0f26	9	64495298	64510407	8	-1.6798
002c82cb-2b9e-48cd-8062-faa1120e0f26	9	64520620	86831285	13350	0.0135
002c82cb-2b9e-48cd-8062-faa1120e0f26	9	86832404	86837522	5	-1.1757
002c82cb-2b9e-48cd-8062-faa1120e0f26	9	86848261	87907679	919	0.0121
002c82cb-2b9e-48cd-8062-faa1120e0f26	9	87939236	87939304	2	-2.0605
002c82cb-2b9e-48cd-8062-faa1120e0f26	9	87943042	138200944	33708	0.012
002c82cb-2b9e-48cd-8062-faa1120e0f26	10	45792	24088745	19189	0.0165
002c82cb-2b9e-48cd-8062-faa1120e0f26	10	24088746	24089125	10	1.1443
002c82cb-2b9e-48cd-8062-faa1120e0f26	10	24089979	55420393	18137	0.0169
002c82cb-2b9e-48cd-8062-faa1120e0f26	10	55420481	55420557	3	-2.2039
002c82cb-2b9e-48cd-8062-faa1120e0f26	10	55420561	76493093	13880	0.0171
002c82cb-2b9e-48cd-8062-faa1120e0f26	10	76497303	76497852	2	-1.8063
002c82cb-2b9e-48cd-8062-faa1120e0f26	10	76501509	79684125	2448	0.0261
002c82cb-2b9e-48cd-8062-faa1120e0f26	10	79689251	79737848	5	-1.1529
002c82cb-2b9e-48cd-8062-faa1120e0f26	10	79747269	89178916	6577	0.0161
002c82cb-2b9e-48cd-8062-faa1120e0f26	10	89183210	89188152	9	-0.9151
002c82cb-2b9e-48cd-8062-faa1120e0f26	10	89188211	108447525	12263	0.0142
002c82cb-2b9e-48cd-8062-faa1120e0f26	10	108448447	108448493	2	-1.4323
002c82cb-2b9e-48cd-8062-faa1120e0f26	10	108449009	133654968	18122	0.0161
002c82cb-2b9e-48cd-8062-faa1120e0f26	11	198510	4274526	1751	0.0178
002c82cb-2b9e-48cd-8062-faa1120e0f26	11	4280126	4337579	15	1.1234
002c82cb-2b9e-48cd-8062-faa1120e0f26	11	4337826	18919323	10904	0.0139
002c82cb-2b9e-48cd-8062-faa1120e0f26	11	18927525	18939631	35	0.4533
002c82cb-2b9e-48cd-8062-faa1120e0f26	11	18939734	44278291	18229	0.0153
002c82cb-2b9e-48cd-8062-faa1120e0f26	11	44279998	44284831	8	-0.7807
002c82cb-2b9e-48cd-8062-faa1120e0f26	11	44285357	49737435	2800	0.0206
002c82cb-2b9e-48cd-8062-faa1120e0f26	11	49738003	49739136	6	-0.9253
002c82cb-2b9e-48cd-8062-faa1120e0f26	11	49744609	55608547	727	0.0136
002c82cb-2b9e-48cd-8062-faa1120e0f26	11	55608760	55685533	54	0.6462
002c82cb-2b9e-48cd-8062-faa1120e0f26	11	55686100	101723653	28555	0.018
002c82cb-2b9e-48cd-8062-faa1120e0f26	11	101727129	101727233	4	1.3352
002c82cb-2b9e-48cd-8062-faa1120e0f26	11	101727481	135074876	23724	0.0162
002c82cb-2b9e-48cd-8062-faa1120e0f26	12	51460	31897865	21867	0.0112
002c82cb-2b9e-48cd-8062-faa1120e0f26	12	31900298	31905041	6	-0.9136
002c82cb-2b9e-48cd-8062-faa1120e0f26	12	31908234	45506042	6506	0.0171
002c82cb-2b9e-48cd-8062-faa1120e0f26	12	45510655	45515754	4	1.3141
002c82cb-2b9e-48cd-8062-faa1120e0f26	12	45519509	53568952	4618	0.0149
002c82cb-2b9e-48cd-8062-faa1120e0f26	12	53574487	53578031	3	-1.2112
002c82cb-2b9e-48cd-8062-faa1120e0f26	12	53583284	83769408	18985	0.0114
002c82cb-2b9e-48cd-8062-faa1120e0f26	12	83769511	83771462	3	-1.2877
002c82cb-2b9e-48cd-8062-faa1120e0f26	12	83771500	119546020	23750	0.0115
002c82cb-2b9e-48cd-8062-faa1120e0f26	12	119551082	119552943	15	-0.9574
002c82cb-2b9e-48cd-8062-faa1120e0f26	12	119552956	126887121	4307	0.0098
002c82cb-2b9e-48cd-8062-faa1120e0f26	12	126889117	126889193	2	-2.7438
002c82cb-2b9e-48cd-8062-faa1120e0f26	12	126890667	131636170	4163	0.0191
002c82cb-2b9e-48cd-8062-faa1120e0f26	12	131648039	131657925	14	0.5689
002c82cb-2b9e-48cd-8062-faa1120e0f26	12	131658450	133201603	558	0.0022
002c82cb-2b9e-48cd-8062-faa1120e0f26	13	18452809	38478674	14196	0.016
002c82cb-2b9e-48cd-8062-faa1120e0f26	13	38483435	38483919	2	-2.2571
002c82cb-2b9e-48cd-8062-faa1120e0f26	13	38490920	40004281	1139	0.0022
002c82cb-2b9e-48cd-8062-faa1120e0f26	13	40004368	40006607	2	-1.3845
002c82cb-2b9e-48cd-8062-faa1120e0f26	13	40008585	58010656	11127	0.0192
002c82cb-2b9e-48cd-8062-faa1120e0f26	13	58016147	58022896	6	-0.7851
002c82cb-2b9e-48cd-8062-faa1120e0f26	13	58027918	60928655	1872	0.0054
002c82cb-2b9e-48cd-8062-faa1120e0f26	13	60929085	60929214	2	-1.5641
002c82cb-2b9e-48cd-8062-faa1120e0f26	13	60932014	71902850	6687	0.0113
002c82cb-2b9e-48cd-8062-faa1120e0f26	13	71903417	71906418	4	-2.1395
002c82cb-2b9e-48cd-8062-faa1120e0f26	13	71906467	83213928	7690	0.008
002c82cb-2b9e-48cd-8062-faa1120e0f26	13	83213983	83217982	6	-0.958
002c82cb-2b9e-48cd-8062-faa1120e0f26	13	83217997	95579225	7939	0.0105
002c82cb-2b9e-48cd-8062-faa1120e0f26	13	95581834	95582514	3	-1.3
002c82cb-2b9e-48cd-8062-faa1120e0f26	13	95583370	114342922	13442	0.0157
002c82cb-2b9e-48cd-8062-faa1120e0f26	14	18239283	19294475	47	-0.1312
002c82cb-2b9e-48cd-8062-faa1120e0f26	14	19298389	19955213	120	1.0527
002c82cb-2b9e-48cd-8062-faa1120e0f26	14	19956767	21954753	1389	0.0199
002c82cb-2b9e-48cd-8062-faa1120e0f26	14	21956321	22496204	442	-0.1114
002c82cb-2b9e-48cd-8062-faa1120e0f26	14	22497429	37650645	9605	0.0157
002c82cb-2b9e-48cd-8062-faa1120e0f26	14	37653284	37668971	8	-0.7809
002c82cb-2b9e-48cd-8062-faa1120e0f26	14	37669965	60393433	14307	0.013
002c82cb-2b9e-48cd-8062-faa1120e0f26	14	60393694	60404341	3	-1.4155
002c82cb-2b9e-48cd-8062-faa1120e0f26	14	60405570	85818410	16474	0.0135
002c82cb-2b9e-48cd-8062-faa1120e0f26	14	85819968	85849791	16	-1.1148
002c82cb-2b9e-48cd-8062-faa1120e0f26	14	85851697	106258891	12664	0.0151
002c82cb-2b9e-48cd-8062-faa1120e0f26	14	106260759	106321086	34	-0.3128
002c82cb-2b9e-48cd-8062-faa1120e0f26	14	106340102	106346129	7	0.8959
002c82cb-2b9e-48cd-8062-faa1120e0f26	14	106360014	106418444	31	-0.0341
002c82cb-2b9e-48cd-8062-faa1120e0f26	14	106423925	106487515	51	-0.7481
002c82cb-2b9e-48cd-8062-faa1120e0f26	14	106487827	106877229	192	-0.0407
002c82cb-2b9e-48cd-8062-faa1120e0f26	15	19811075	20059033	51	-0.1335
002c82cb-2b9e-48cd-8062-faa1120e0f26	15	20060725	22299523	155	0.6477
002c82cb-2b9e-48cd-8062-faa1120e0f26	15	22385639	24424598	993	0.0058
002c82cb-2b9e-48cd-8062-faa1120e0f26	15	24429604	24473449	34	-0.759
002c82cb-2b9e-48cd-8062-faa1120e0f26	15	24480146	25809665	943	0.0104
002c82cb-2b9e-48cd-8062-faa1120e0f26	15	25809748	25809778	2	-1.5105
002c82cb-2b9e-48cd-8062-faa1120e0f26	15	25813061	34379885	5249	0.0082
002c82cb-2b9e-48cd-8062-faa1120e0f26	15	34386576	34473110	37	0.342
002c82cb-2b9e-48cd-8062-faa1120e0f26	15	34475681	76598900	26437	0.0123
002c82cb-2b9e-48cd-8062-faa1120e0f26	15	76599170	76603434	21	-2.0656
002c82cb-2b9e-48cd-8062-faa1120e0f26	15	76609838	97274628	14172	0.0063
002c82cb-2b9e-48cd-8062-faa1120e0f26	15	97274669	97288957	9	-0.8305
002c82cb-2b9e-48cd-8062-faa1120e0f26	15	97290419	101888922	3419	0.0195
002c82cb-2b9e-48cd-8062-faa1120e0f26	15	101894806	101928837	5	-0.8576
002c82cb-2b9e-48cd-8062-faa1120e0f26	16	10777	5557889	2624	0.0161
002c82cb-2b9e-48cd-8062-faa1120e0f26	16	5558088	5558150	2	-1.6538
002c82cb-2b9e-48cd-8062-faa1120e0f26	16	5558336	16449962	9127	0.0163
002c82cb-2b9e-48cd-8062-faa1120e0f26	16	16461996	16563603	14	-0.8869
002c82cb-2b9e-48cd-8062-faa1120e0f26	16	16569719	18104860	991	0.0313
002c82cb-2b9e-48cd-8062-faa1120e0f26	16	18134261	18212128	10	0.7916
002c82cb-2b9e-48cd-8062-faa1120e0f26	16	18260900	55761136	14157	0.0166
002c82cb-2b9e-48cd-8062-faa1120e0f26	16	55762477	55788532	22	-0.6743
002c82cb-2b9e-48cd-8062-faa1120e0f26	16	55808442	58808347	1814	0.0255
002c82cb-2b9e-48cd-8062-faa1120e0f26	16	58809060	58809200	2	-1.1823
002c82cb-2b9e-48cd-8062-faa1120e0f26	16	58812947	60514913	1122	0.0075
002c82cb-2b9e-48cd-8062-faa1120e0f26	16	60519407	60537315	10	-0.8195
002c82cb-2b9e-48cd-8062-faa1120e0f26	16	60540490	70105639	5805	0.018
002c82cb-2b9e-48cd-8062-faa1120e0f26	16	70117657	70164493	15	-0.6693
002c82cb-2b9e-48cd-8062-faa1120e0f26	16	70177541	74350360	2297	0.0159
002c82cb-2b9e-48cd-8062-faa1120e0f26	16	74363160	74373481	7	-0.8289
002c82cb-2b9e-48cd-8062-faa1120e0f26	16	74418138	78337711	3204	0.0177
002c82cb-2b9e-48cd-8062-faa1120e0f26	16	78338543	78350868	16	0.8398
002c82cb-2b9e-48cd-8062-faa1120e0f26	16	78351104	90096867	10612	0.0193
002c82cb-2b9e-48cd-8062-faa1120e0f26	17	150733	1636246	724	0.0349
002c82cb-2b9e-48cd-8062-faa1120e0f26	17	1642620	1698368	29	0.5976
002c82cb-2b9e-48cd-8062-faa1120e0f26	17	1701286	41265456	20055	0.0149
002c82cb-2b9e-48cd-8062-faa1120e0f26	17	41266762	41274279	24	2.1431
002c82cb-2b9e-48cd-8062-faa1120e0f26	17	41276472	83091923	24199	0.0175
002c82cb-2b9e-48cd-8062-faa1120e0f26	18	48133	1638529	1122	0.0185
002c82cb-2b9e-48cd-8062-faa1120e0f26	18	1638758	1639536	3	-1.4384
002c82cb-2b9e-48cd-8062-faa1120e0f26	18	1646206	1902885	189	-0.0043
002c82cb-2b9e-48cd-8062-faa1120e0f26	18	1905357	1980786	93	-0.9933
002c82cb-2b9e-48cd-8062-faa1120e0f26	18	1986213	58263318	33290	0.0233
002c82cb-2b9e-48cd-8062-faa1120e0f26	18	58263630	58268730	23	-0.9858
002c82cb-2b9e-48cd-8062-faa1120e0f26	18	58271707	66054343	5566	0.0224
002c82cb-2b9e-48cd-8062-faa1120e0f26	18	66060256	66061104	12	-0.5983
002c82cb-2b9e-48cd-8062-faa1120e0f26	18	66065502	66239629	147	0.0254
002c82cb-2b9e-48cd-8062-faa1120e0f26	18	66240197	66244352	10	-0.757
002c82cb-2b9e-48cd-8062-faa1120e0f26	18	66244639	80257174	10266	0.0249
002c82cb-2b9e-48cd-8062-faa1120e0f26	19	90910	14928127	6096	0.0144
002c82cb-2b9e-48cd-8062-faa1120e0f26	19	14934380	14938487	3	-1.3642
002c82cb-2b9e-48cd-8062-faa1120e0f26	19	14940475	35358420	10607	0.0123
002c82cb-2b9e-48cd-8062-faa1120e0f26	19	35364451	35370946	21	-0.5608
002c82cb-2b9e-48cd-8062-faa1120e0f26	19	35375842	38793127	1715	0.0108
002c82cb-2b9e-48cd-8062-faa1120e0f26	19	38795624	38800898	10	-1.0144
002c82cb-2b9e-48cd-8062-faa1120e0f26	19	38806984	51628560	6307	0.0099
002c82cb-2b9e-48cd-8062-faa1120e0f26	19	51639099	51644944	11	-0.8886
002c82cb-2b9e-48cd-8062-faa1120e0f26	19	51651652	58586487	4335	0.0137
002c82cb-2b9e-48cd-8062-faa1120e0f26	20	80664	1580276	1202	0.018
002c82cb-2b9e-48cd-8062-faa1120e0f26	20	1580305	1617460	45	-0.7234
002c82cb-2b9e-48cd-8062-faa1120e0f26	20	1617690	14805288	9915	0.0217
002c82cb-2b9e-48cd-8062-faa1120e0f26	20	14805360	14820832	21	-0.363
002c82cb-2b9e-48cd-8062-faa1120e0f26	20	14820847	64324800	31188	0.0187
002c82cb-2b9e-48cd-8062-faa1120e0f26	21	10354168	46677045	23855	0.0191
002c82cb-2b9e-48cd-8062-faa1120e0f26	22	15294547	18167915	1129	0.0188
002c82cb-2b9e-48cd-8062-faa1120e0f26	22	18190590	19019471	64	0.7495
002c82cb-2b9e-48cd-8062-faa1120e0f26	22	19037293	23929558	3186	0.0265
002c82cb-2b9e-48cd-8062-faa1120e0f26	22	23940911	23995113	19	0.5824
002c82cb-2b9e-48cd-8062-faa1120e0f26	22	23995755	50796027	18875	0.0107
002c82cb-2b9e-48cd-8062-faa1120e0f26	X	251810	114454512	59360	0.017
002c82cb-2b9e-48cd-8062-faa1120e0f26	X	114456423	114457024	3	-1.124
002c82cb-2b9e-48cd-8062-faa1120e0f26	X	114457884	135612977	11935	0.0136
002c82cb-2b9e-48cd-8062-faa1120e0f26	X	135614680	135615501	3	-1.1541
002c82cb-2b9e-48cd-8062-faa1120e0f26	X	135619994	155952689	12320	0.0148
002c82cb-2b9e-48cd-8062-faa1120e0f26	Y	2782397	6249869	784	-2.76
002c82cb-2b9e-48cd-8062-faa1120e0f26	Y	6252391	22804854	5653	-3.1384
002c82cb-2b9e-48cd-8062-faa1120e0f26	Y	22913244	56872112	202	-2.794
