GDC_Aliquot	Chromosome	Start	End	Num_Probes	Segment_Mean
198a4ba5-8395-404a-8e9c-25e6bcf008af	1	62920	814954	31	0.4587
198a4ba5-8395-404a-8e9c-25e6bcf008af	1	817186	3296382	702	-0.2483
198a4ba5-8395-404a-8e9c-25e6bcf008af	1	3298168	8116566	3292	-0.1322
198a4ba5-8395-404a-8e9c-25e6bcf008af	1	8122528	8127240	8	-1.4354
198a4ba5-8395-404a-8e9c-25e6bcf008af	1	8129225	12779433	2448	-0.1086
198a4ba5-8395-404a-8e9c-25e6bcf008af	1	12792599	12799143	3	-1.6644
198a4ba5-8395-404a-8e9c-25e6bcf008af	1	12799250	12807830	16	-0.5126
198a4ba5-8395-404a-8e9c-25e6bcf008af	1	12813243	16679483	2167	-0.1097
198a4ba5-8395-404a-8e9c-25e6bcf008af	1	16685961	16959715	84	-0.4554
198a4ba5-8395-404a-8e9c-25e6bcf008af	1	16959824	25266637	5253	-0.1147
198a4ba5-8395-404a-8e9c-25e6bcf008af	1	25269390	25346663	26	0.6738
198a4ba5-8395-404a-8e9c-25e6bcf008af	1	25351593	30597618	2663	-0.096
198a4ba5-8395-404a-8e9c-25e6bcf008af	1	30598104	30789158	146	-0.2713
198a4ba5-8395-404a-8e9c-25e6bcf008af	1	30789990	43459749	7134	-0.1046
198a4ba5-8395-404a-8e9c-25e6bcf008af	1	43460097	43460634	4	-1.0852
198a4ba5-8395-404a-8e9c-25e6bcf008af	1	43469526	55257768	6519	-0.1023
198a4ba5-8395-404a-8e9c-25e6bcf008af	1	55258350	55258626	6	-3.0327
198a4ba5-8395-404a-8e9c-25e6bcf008af	1	55263695	72284670	12240	-0.0968
198a4ba5-8395-404a-8e9c-25e6bcf008af	1	72290430	72297687	9	-1.3421
198a4ba5-8395-404a-8e9c-25e6bcf008af	1	72302735	72345465	48	1.184
198a4ba5-8395-404a-8e9c-25e6bcf008af	1	72346221	105476583	20948	-0.095
198a4ba5-8395-404a-8e9c-25e6bcf008af	1	105476614	105479753	16	-2.2471
198a4ba5-8395-404a-8e9c-25e6bcf008af	1	105481433	117680881	8195	-0.0962
198a4ba5-8395-404a-8e9c-25e6bcf008af	1	117681362	118652994	544	-0.0128
198a4ba5-8395-404a-8e9c-25e6bcf008af	1	118656945	118677873	24	-0.8977
198a4ba5-8395-404a-8e9c-25e6bcf008af	1	118681663	118991200	175	0.0047
198a4ba5-8395-404a-8e9c-25e6bcf008af	1	118991668	119468699	307	0.0639
198a4ba5-8395-404a-8e9c-25e6bcf008af	1	119468836	144442092	662	0.2236
198a4ba5-8395-404a-8e9c-25e6bcf008af	1	144442098	152789962	2522	0.1225
198a4ba5-8395-404a-8e9c-25e6bcf008af	1	152789978	152795883	26	0.8321
198a4ba5-8395-404a-8e9c-25e6bcf008af	1	152796094	155691436	1554	0.1151
198a4ba5-8395-404a-8e9c-25e6bcf008af	1	155692180	155693566	2	-2.205
198a4ba5-8395-404a-8e9c-25e6bcf008af	1	155697170	158545295	1734	0.1197
198a4ba5-8395-404a-8e9c-25e6bcf008af	1	158547206	158550505	16	-0.842
198a4ba5-8395-404a-8e9c-25e6bcf008af	1	158553881	159147900	472	0.1365
198a4ba5-8395-404a-8e9c-25e6bcf008af	1	159153703	159154651	2	-3.0205
198a4ba5-8395-404a-8e9c-25e6bcf008af	1	159159789	170397969	8366	0.1238
198a4ba5-8395-404a-8e9c-25e6bcf008af	1	170398509	170418064	23	-0.6166
198a4ba5-8395-404a-8e9c-25e6bcf008af	1	170418190	196758720	17291	0.1274
198a4ba5-8395-404a-8e9c-25e6bcf008af	1	196761905	196821815	47	-0.5095
198a4ba5-8395-404a-8e9c-25e6bcf008af	1	196829435	196832525	9	-1.9603
198a4ba5-8395-404a-8e9c-25e6bcf008af	1	196832720	196932623	66	-0.6693
198a4ba5-8395-404a-8e9c-25e6bcf008af	1	196936029	210425493	9073	0.1304
198a4ba5-8395-404a-8e9c-25e6bcf008af	1	210431402	210439184	24	-0.8247
198a4ba5-8395-404a-8e9c-25e6bcf008af	1	210441948	248525314	26468	0.1249
198a4ba5-8395-404a-8e9c-25e6bcf008af	1	248546369	248664935	43	0.4633
198a4ba5-8395-404a-8e9c-25e6bcf008af	1	248668953	248930189	133	0.0216
198a4ba5-8395-404a-8e9c-25e6bcf008af	2	12784	1220633	817	-0.1157
198a4ba5-8395-404a-8e9c-25e6bcf008af	2	1220708	1872389	393	-0.1964
198a4ba5-8395-404a-8e9c-25e6bcf008af	2	1874907	7861639	4959	-0.0966
198a4ba5-8395-404a-8e9c-25e6bcf008af	2	7862740	7862741	2	-1.8722
198a4ba5-8395-404a-8e9c-25e6bcf008af	2	7863416	8425492	470	-0.1086
198a4ba5-8395-404a-8e9c-25e6bcf008af	2	8426557	8427384	4	-2.0463
198a4ba5-8395-404a-8e9c-25e6bcf008af	2	8427502	23242273	10613	-0.0924
198a4ba5-8395-404a-8e9c-25e6bcf008af	2	23243995	23249955	6	-1.0526
198a4ba5-8395-404a-8e9c-25e6bcf008af	2	23250686	35750907	7729	-0.0886
198a4ba5-8395-404a-8e9c-25e6bcf008af	2	35752724	35762881	7	-1.753
198a4ba5-8395-404a-8e9c-25e6bcf008af	2	35772407	41011095	3925	-0.0886
198a4ba5-8395-404a-8e9c-25e6bcf008af	2	41011303	41015604	13	-0.8206
198a4ba5-8395-404a-8e9c-25e6bcf008af	2	41015619	52527423	8181	-0.0844
198a4ba5-8395-404a-8e9c-25e6bcf008af	2	52527590	52527743	3	-1.8559
198a4ba5-8395-404a-8e9c-25e6bcf008af	2	52531615	97115744	23818	-0.0877
198a4ba5-8395-404a-8e9c-25e6bcf008af	2	97118174	97573686	76	0.1955
198a4ba5-8395-404a-8e9c-25e6bcf008af	2	97587406	125684646	17006	-0.0884
198a4ba5-8395-404a-8e9c-25e6bcf008af	2	125694074	125694336	2	-2.4309
198a4ba5-8395-404a-8e9c-25e6bcf008af	2	125694355	127085066	903	-0.0928
198a4ba5-8395-404a-8e9c-25e6bcf008af	2	127085617	127085913	2	-1.5137
198a4ba5-8395-404a-8e9c-25e6bcf008af	2	127091296	127236527	115	-0.1126
198a4ba5-8395-404a-8e9c-25e6bcf008af	2	127244983	127245759	6	-1.2181
198a4ba5-8395-404a-8e9c-25e6bcf008af	2	127251826	131968866	2425	-0.0929
198a4ba5-8395-404a-8e9c-25e6bcf008af	2	131973814	132281156	70	0.173
198a4ba5-8395-404a-8e9c-25e6bcf008af	2	132304386	141344094	5937	-0.0844
198a4ba5-8395-404a-8e9c-25e6bcf008af	2	141349262	141354349	11	-1.1568
198a4ba5-8395-404a-8e9c-25e6bcf008af	2	141360458	146104517	2894	-0.0781
198a4ba5-8395-404a-8e9c-25e6bcf008af	2	146106836	146109139	21	0.5238
198a4ba5-8395-404a-8e9c-25e6bcf008af	2	146109230	184396745	23644	-0.0778
198a4ba5-8395-404a-8e9c-25e6bcf008af	2	184396748	184400078	6	-1.1546
198a4ba5-8395-404a-8e9c-25e6bcf008af	2	184400102	202428368	10147	-0.0714
198a4ba5-8395-404a-8e9c-25e6bcf008af	2	202431052	202447478	41	-0.7671
198a4ba5-8395-404a-8e9c-25e6bcf008af	2	202448759	232428050	19061	-0.0799
198a4ba5-8395-404a-8e9c-25e6bcf008af	2	232428154	232429529	4	-1.2124
198a4ba5-8395-404a-8e9c-25e6bcf008af	2	232438125	240671904	5551	-0.1026
198a4ba5-8395-404a-8e9c-25e6bcf008af	2	240686640	240766810	29	-0.4525
198a4ba5-8395-404a-8e9c-25e6bcf008af	2	240776486	242147305	577	-0.0982
198a4ba5-8395-404a-8e9c-25e6bcf008af	3	20930	6322411	5599	-0.0892
198a4ba5-8395-404a-8e9c-25e6bcf008af	3	6323069	6323097	2	-1.502
198a4ba5-8395-404a-8e9c-25e6bcf008af	3	6323537	36242239	20893	-0.0966
198a4ba5-8395-404a-8e9c-25e6bcf008af	3	36242465	36243538	3	-1.6543
198a4ba5-8395-404a-8e9c-25e6bcf008af	3	36243787	46751887	6673	-0.1033
198a4ba5-8395-404a-8e9c-25e6bcf008af	3	46760327	46807689	39	-0.8781
198a4ba5-8395-404a-8e9c-25e6bcf008af	3	46808099	90453712	27632	-0.0995
198a4ba5-8395-404a-8e9c-25e6bcf008af	3	91390926	98223949	2284	0.1713
198a4ba5-8395-404a-8e9c-25e6bcf008af	3	98224037	98225089	2	-1.3974
198a4ba5-8395-404a-8e9c-25e6bcf008af	3	98226436	114936935	10063	0.1656
198a4ba5-8395-404a-8e9c-25e6bcf008af	3	114941745	114942097	6	-3.053
198a4ba5-8395-404a-8e9c-25e6bcf008af	3	114950103	162790480	29532	0.1591
198a4ba5-8395-404a-8e9c-25e6bcf008af	3	162794869	162898127	64	-1.7524
198a4ba5-8395-404a-8e9c-25e6bcf008af	3	162906054	162908207	6	-0.7191
198a4ba5-8395-404a-8e9c-25e6bcf008af	3	162908784	162996729	72	0.2462
198a4ba5-8395-404a-8e9c-25e6bcf008af	3	162999939	163001774	2	1.4912
198a4ba5-8395-404a-8e9c-25e6bcf008af	3	163008371	166097944	1756	0.187
198a4ba5-8395-404a-8e9c-25e6bcf008af	3	166099553	166103800	3	-1.2023
198a4ba5-8395-404a-8e9c-25e6bcf008af	3	166110628	193160173	17337	0.166
198a4ba5-8395-404a-8e9c-25e6bcf008af	3	193160256	193162798	7	1.0492
198a4ba5-8395-404a-8e9c-25e6bcf008af	3	193162937	195656271	1494	0.17
198a4ba5-8395-404a-8e9c-25e6bcf008af	3	195663809	195719871	22	-0.3535
198a4ba5-8395-404a-8e9c-25e6bcf008af	3	195719958	198169247	1184	0.1552
198a4ba5-8395-404a-8e9c-25e6bcf008af	4	68929	9455251	5154	-0.1173
198a4ba5-8395-404a-8e9c-25e6bcf008af	4	9459504	9463248	3	-1.7657
198a4ba5-8395-404a-8e9c-25e6bcf008af	4	9469529	9494650	5	-0.4463
198a4ba5-8395-404a-8e9c-25e6bcf008af	4	9496201	9546293	13	0.0114
198a4ba5-8395-404a-8e9c-25e6bcf008af	4	9552682	9648974	30	0.2243
198a4ba5-8395-404a-8e9c-25e6bcf008af	4	9652366	10212536	495	-0.1187
198a4ba5-8395-404a-8e9c-25e6bcf008af	4	10221792	10229874	28	-2.4665
198a4ba5-8395-404a-8e9c-25e6bcf008af	4	10232590	69257792	36850	-0.096
198a4ba5-8395-404a-8e9c-25e6bcf008af	4	69261926	69363716	53	-0.5757
198a4ba5-8395-404a-8e9c-25e6bcf008af	4	69366081	111376259	25455	-0.0892
198a4ba5-8395-404a-8e9c-25e6bcf008af	4	111376338	111388439	22	-1.1206
198a4ba5-8395-404a-8e9c-25e6bcf008af	4	111388458	114252544	1840	-0.0772
198a4ba5-8395-404a-8e9c-25e6bcf008af	4	114254167	114261019	23	0.8036
198a4ba5-8395-404a-8e9c-25e6bcf008af	4	114263073	151678861	21936	-0.0862
198a4ba5-8395-404a-8e9c-25e6bcf008af	4	151682012	151682205	4	-1.4647
198a4ba5-8395-404a-8e9c-25e6bcf008af	4	151682323	172066777	13109	-0.0842
198a4ba5-8395-404a-8e9c-25e6bcf008af	4	172067997	172068382	12	0.832
198a4ba5-8395-404a-8e9c-25e6bcf008af	4	172074828	175340484	1844	-0.0933
198a4ba5-8395-404a-8e9c-25e6bcf008af	4	175342528	175343329	2	-1.7559
198a4ba5-8395-404a-8e9c-25e6bcf008af	4	175349734	177666684	1480	-0.0929
198a4ba5-8395-404a-8e9c-25e6bcf008af	4	177675377	177688559	42	-0.9463
198a4ba5-8395-404a-8e9c-25e6bcf008af	4	177690871	190106768	8709	-0.1001
198a4ba5-8395-404a-8e9c-25e6bcf008af	5	15532	685633	306	0.0738
198a4ba5-8395-404a-8e9c-25e6bcf008af	5	698256	825538	46	1.31
198a4ba5-8395-404a-8e9c-25e6bcf008af	5	833513	1944592	615	0.0511
198a4ba5-8395-404a-8e9c-25e6bcf008af	5	1948622	9810116	6956	0.1441
198a4ba5-8395-404a-8e9c-25e6bcf008af	5	9811819	9812066	2	-1.332
198a4ba5-8395-404a-8e9c-25e6bcf008af	5	9815859	11161513	1175	0.153
198a4ba5-8395-404a-8e9c-25e6bcf008af	5	11162524	11162659	3	-2.7012
198a4ba5-8395-404a-8e9c-25e6bcf008af	5	11167165	12819554	1093	0.1555
198a4ba5-8395-404a-8e9c-25e6bcf008af	5	12819568	12838421	9	0.7844
198a4ba5-8395-404a-8e9c-25e6bcf008af	5	12849089	14385067	1121	0.1664
198a4ba5-8395-404a-8e9c-25e6bcf008af	5	14385290	14386385	4	-0.7837
198a4ba5-8395-404a-8e9c-25e6bcf008af	5	14386546	17481490	2031	0.1538
198a4ba5-8395-404a-8e9c-25e6bcf008af	5	17490644	17515692	15	-0.9796
198a4ba5-8395-404a-8e9c-25e6bcf008af	5	17601444	21376735	2287	0.173
198a4ba5-8395-404a-8e9c-25e6bcf008af	5	21377730	21377744	2	-1.8496
198a4ba5-8395-404a-8e9c-25e6bcf008af	5	21385957	21449167	44	0.1796
198a4ba5-8395-404a-8e9c-25e6bcf008af	5	21451091	21547047	16	0.5755
198a4ba5-8395-404a-8e9c-25e6bcf008af	5	21548260	25045830	2063	0.1602
198a4ba5-8395-404a-8e9c-25e6bcf008af	5	25046598	25294145	143	0.2877
198a4ba5-8395-404a-8e9c-25e6bcf008af	5	25296370	45685754	12568	0.1551
198a4ba5-8395-404a-8e9c-25e6bcf008af	5	45687560	46251204	169	-0.0352
198a4ba5-8395-404a-8e9c-25e6bcf008af	5	46270906	46273400	8	1.0255
198a4ba5-8395-404a-8e9c-25e6bcf008af	5	46278110	50758402	244	0.054
198a4ba5-8395-404a-8e9c-25e6bcf008af	5	50758613	58033703	4834	-0.0953
198a4ba5-8395-404a-8e9c-25e6bcf008af	5	58033756	58046325	33	-0.5308
198a4ba5-8395-404a-8e9c-25e6bcf008af	5	58055986	58660999	436	-0.1047
198a4ba5-8395-404a-8e9c-25e6bcf008af	5	58661016	58663305	23	-3.0052
198a4ba5-8395-404a-8e9c-25e6bcf008af	5	58663865	70959079	6844	-0.0896
198a4ba5-8395-404a-8e9c-25e6bcf008af	5	71010832	71011717	5	-1.2053
198a4ba5-8395-404a-8e9c-25e6bcf008af	5	71053366	104515520	19512	-0.0886
198a4ba5-8395-404a-8e9c-25e6bcf008af	5	104524672	104524903	4	1.6913
198a4ba5-8395-404a-8e9c-25e6bcf008af	5	104525348	118050922	9383	-0.0857
198a4ba5-8395-404a-8e9c-25e6bcf008af	5	118052727	118053390	11	-0.7172
198a4ba5-8395-404a-8e9c-25e6bcf008af	5	118068645	156048095	24039	-0.0875
198a4ba5-8395-404a-8e9c-25e6bcf008af	5	156049762	156068240	15	-0.6966
198a4ba5-8395-404a-8e9c-25e6bcf008af	5	156068247	177770954	14792	-0.082
198a4ba5-8395-404a-8e9c-25e6bcf008af	5	177771448	177805604	4	1.9245
198a4ba5-8395-404a-8e9c-25e6bcf008af	5	177827964	181363319	1980	-0.0883
198a4ba5-8395-404a-8e9c-25e6bcf008af	6	149661	18103638	13964	-0.0716
198a4ba5-8395-404a-8e9c-25e6bcf008af	6	18110168	18111304	4	-1.5435
198a4ba5-8395-404a-8e9c-25e6bcf008af	6	18114889	26743855	6252	-0.0645
198a4ba5-8395-404a-8e9c-25e6bcf008af	6	26747492	26936980	26	0.2978
198a4ba5-8395-404a-8e9c-25e6bcf008af	6	26937049	29869411	1394	-0.0644
198a4ba5-8395-404a-8e9c-25e6bcf008af	6	29869537	29882419	15	-0.6984
198a4ba5-8395-404a-8e9c-25e6bcf008af	6	29882497	29947692	23	-0.131
198a4ba5-8395-404a-8e9c-25e6bcf008af	6	29947974	29948591	2	-2.211
198a4ba5-8395-404a-8e9c-25e6bcf008af	6	29948709	31318528	638	-0.0989
198a4ba5-8395-404a-8e9c-25e6bcf008af	6	31318754	31328674	9	-1.8984
198a4ba5-8395-404a-8e9c-25e6bcf008af	6	31342147	32463515	496	-0.1218
198a4ba5-8395-404a-8e9c-25e6bcf008af	6	32463775	32602588	33	1.1879
198a4ba5-8395-404a-8e9c-25e6bcf008af	6	32605994	92864624	36242	-0.0606
198a4ba5-8395-404a-8e9c-25e6bcf008af	6	92866148	92868912	31	-0.7553
198a4ba5-8395-404a-8e9c-25e6bcf008af	6	92873205	103286954	6212	-0.0726
198a4ba5-8395-404a-8e9c-25e6bcf008af	6	103290101	103314174	45	-1.5406
198a4ba5-8395-404a-8e9c-25e6bcf008af	6	103314186	153636235	32241	-0.0841
198a4ba5-8395-404a-8e9c-25e6bcf008af	6	153639651	153640284	2	-3.7396
198a4ba5-8395-404a-8e9c-25e6bcf008af	6	153640764	167267069	9835	-0.0918
198a4ba5-8395-404a-8e9c-25e6bcf008af	6	167272200	168898152	908	-0.1852
198a4ba5-8395-404a-8e9c-25e6bcf008af	6	168898725	170741917	1158	-0.109
198a4ba5-8395-404a-8e9c-25e6bcf008af	7	43355	1574866	446	0.239
198a4ba5-8395-404a-8e9c-25e6bcf008af	7	1575026	3657222	1266	0.3385
198a4ba5-8395-404a-8e9c-25e6bcf008af	7	3657251	3657789	3	-0.7942
198a4ba5-8395-404a-8e9c-25e6bcf008af	7	3660720	19054697	11658	0.3449
198a4ba5-8395-404a-8e9c-25e6bcf008af	7	19054872	19059881	10	-0.2054
198a4ba5-8395-404a-8e9c-25e6bcf008af	7	19063690	28982105	7449	0.3399
198a4ba5-8395-404a-8e9c-25e6bcf008af	7	28985794	28993192	9	-0.7482
198a4ba5-8395-404a-8e9c-25e6bcf008af	7	28994780	54305455	17633	0.3268
198a4ba5-8395-404a-8e9c-25e6bcf008af	7	54318812	54318824	6	1.9505
198a4ba5-8395-404a-8e9c-25e6bcf008af	7	54325795	57061965	1621	0.2958
198a4ba5-8395-404a-8e9c-25e6bcf008af	7	57074459	57088031	4	1.2489
198a4ba5-8395-404a-8e9c-25e6bcf008af	7	57111465	57661582	337	0.2855
198a4ba5-8395-404a-8e9c-25e6bcf008af	7	57662533	63001597	230	0.4391
198a4ba5-8395-404a-8e9c-25e6bcf008af	7	63005615	70955452	3932	0.3091
198a4ba5-8395-404a-8e9c-25e6bcf008af	7	70958264	70961155	2	-2.8012
198a4ba5-8395-404a-8e9c-25e6bcf008af	7	70963257	76508058	2137	0.3078
198a4ba5-8395-404a-8e9c-25e6bcf008af	7	76514308	76936273	165	0.9223
198a4ba5-8395-404a-8e9c-25e6bcf008af	7	76936433	79840228	1960	0.3294
198a4ba5-8395-404a-8e9c-25e6bcf008af	7	79849646	79850834	2	-4.0541
198a4ba5-8395-404a-8e9c-25e6bcf008af	7	79854214	109793728	18042	0.3346
198a4ba5-8395-404a-8e9c-25e6bcf008af	7	109793741	109813853	36	0.7536
198a4ba5-8395-404a-8e9c-25e6bcf008af	7	109813925	110155658	206	0.3176
198a4ba5-8395-404a-8e9c-25e6bcf008af	7	110158535	110159025	7	-0.4572
198a4ba5-8395-404a-8e9c-25e6bcf008af	7	110159142	111406770	859	0.3655
198a4ba5-8395-404a-8e9c-25e6bcf008af	7	111408523	111442785	39	-0.6473
198a4ba5-8395-404a-8e9c-25e6bcf008af	7	111452408	118491626	4218	0.3292
198a4ba5-8395-404a-8e9c-25e6bcf008af	7	118495687	118521318	16	-0.6502
198a4ba5-8395-404a-8e9c-25e6bcf008af	7	118524676	126404869	4682	0.3398
198a4ba5-8395-404a-8e9c-25e6bcf008af	7	126404920	126406561	13	1.1999
198a4ba5-8395-404a-8e9c-25e6bcf008af	7	126406822	134093884	4697	0.3171
198a4ba5-8395-404a-8e9c-25e6bcf008af	7	134093896	134113805	36	0.6368
198a4ba5-8395-404a-8e9c-25e6bcf008af	7	134114093	135816006	1216	0.3274
198a4ba5-8395-404a-8e9c-25e6bcf008af	7	135820552	135823514	6	-0.8901
198a4ba5-8395-404a-8e9c-25e6bcf008af	7	135825493	159334314	14866	0.317
198a4ba5-8395-404a-8e9c-25e6bcf008af	8	81254	13754665	12133	-0.1147
198a4ba5-8395-404a-8e9c-25e6bcf008af	8	13757208	13794213	46	-0.9412
198a4ba5-8395-404a-8e9c-25e6bcf008af	8	13795675	25116928	9283	-0.1017
198a4ba5-8395-404a-8e9c-25e6bcf008af	8	25116961	25126818	26	0.4466
198a4ba5-8395-404a-8e9c-25e6bcf008af	8	25133589	39373140	9015	-0.1005
198a4ba5-8395-404a-8e9c-25e6bcf008af	8	39378084	39531510	63	0.6552
198a4ba5-8395-404a-8e9c-25e6bcf008af	8	39531605	40326278	586	-0.1073
198a4ba5-8395-404a-8e9c-25e6bcf008af	8	40326280	40336910	35	-0.9351
198a4ba5-8395-404a-8e9c-25e6bcf008af	8	40336937	40914477	447	-0.1092
198a4ba5-8395-404a-8e9c-25e6bcf008af	8	40920333	40920952	2	-1.7634
198a4ba5-8395-404a-8e9c-25e6bcf008af	8	40926161	57434031	8265	-0.0993
198a4ba5-8395-404a-8e9c-25e6bcf008af	8	57435642	57436438	4	-1.2452
198a4ba5-8395-404a-8e9c-25e6bcf008af	8	57437208	60076892	1778	-0.0988
198a4ba5-8395-404a-8e9c-25e6bcf008af	8	60086539	60095210	35	-1.0957
198a4ba5-8395-404a-8e9c-25e6bcf008af	8	60095309	62114020	1374	-0.0938
198a4ba5-8395-404a-8e9c-25e6bcf008af	8	62121701	62122706	2	-1.5086
198a4ba5-8395-404a-8e9c-25e6bcf008af	8	62127142	62933825	565	-0.0798
198a4ba5-8395-404a-8e9c-25e6bcf008af	8	62935423	62936967	6	-0.88
198a4ba5-8395-404a-8e9c-25e6bcf008af	8	62939233	71300130	4786	-0.0936
198a4ba5-8395-404a-8e9c-25e6bcf008af	8	71303076	71310086	12	-0.6934
198a4ba5-8395-404a-8e9c-25e6bcf008af	8	71310114	111279265	24093	-0.0914
198a4ba5-8395-404a-8e9c-25e6bcf008af	8	111282050	111283031	10	0.5699
198a4ba5-8395-404a-8e9c-25e6bcf008af	8	111288052	111796674	265	-0.1044
198a4ba5-8395-404a-8e9c-25e6bcf008af	8	111798605	111992011	91	-0.3472
198a4ba5-8395-404a-8e9c-25e6bcf008af	8	111993399	114611768	1459	-0.0784
198a4ba5-8395-404a-8e9c-25e6bcf008af	8	114613873	114629460	40	0.2466
198a4ba5-8395-404a-8e9c-25e6bcf008af	8	114629502	139242601	18045	-0.0958
198a4ba5-8395-404a-8e9c-25e6bcf008af	8	139246009	139246954	5	-1.278
198a4ba5-8395-404a-8e9c-25e6bcf008af	8	139247177	141349361	1441	-0.1281
198a4ba5-8395-404a-8e9c-25e6bcf008af	8	141349451	142407678	609	-0.2836
198a4ba5-8395-404a-8e9c-25e6bcf008af	8	142409225	145072769	947	-0.1326
198a4ba5-8395-404a-8e9c-25e6bcf008af	9	46587	15156134	13800	0.2062
198a4ba5-8395-404a-8e9c-25e6bcf008af	9	15158905	15159423	4	-1.4739
198a4ba5-8395-404a-8e9c-25e6bcf008af	9	15159851	23727358	6920	0.2014
198a4ba5-8395-404a-8e9c-25e6bcf008af	9	23732002	23732148	2	-2.6084
198a4ba5-8395-404a-8e9c-25e6bcf008af	9	23732838	28044101	3246	0.2078
198a4ba5-8395-404a-8e9c-25e6bcf008af	9	28044706	28050693	6	-0.5546
198a4ba5-8395-404a-8e9c-25e6bcf008af	9	28055605	28298783	221	0.2295
198a4ba5-8395-404a-8e9c-25e6bcf008af	9	28303008	28303019	2	-1.2422
198a4ba5-8395-404a-8e9c-25e6bcf008af	9	28303385	39455364	6951	0.2038
198a4ba5-8395-404a-8e9c-25e6bcf008af	9	39455596	39547285	22	-0.5853
198a4ba5-8395-404a-8e9c-25e6bcf008af	9	39547299	63580418	269	0.3379
198a4ba5-8395-404a-8e9c-25e6bcf008af	9	63590317	63590323	4	3.0225
198a4ba5-8395-404a-8e9c-25e6bcf008af	9	63590325	68390662	138	0.2202
198a4ba5-8395-404a-8e9c-25e6bcf008af	9	68391659	110062586	29701	-0.1053
198a4ba5-8395-404a-8e9c-25e6bcf008af	9	110067939	110068334	3	-1.9064
198a4ba5-8395-404a-8e9c-25e6bcf008af	9	110069252	138123971	18146	-0.1065
198a4ba5-8395-404a-8e9c-25e6bcf008af	9	138124041	138200944	20	0.2148
198a4ba5-8395-404a-8e9c-25e6bcf008af	10	45792	5469906	4666	-0.0396
198a4ba5-8395-404a-8e9c-25e6bcf008af	10	5470313	5475688	2	-1.4228
198a4ba5-8395-404a-8e9c-25e6bcf008af	10	5477042	6369253	726	-0.0314
198a4ba5-8395-404a-8e9c-25e6bcf008af	10	6369395	6369519	5	-0.8654
198a4ba5-8395-404a-8e9c-25e6bcf008af	10	6376792	6932177	586	-0.024
198a4ba5-8395-404a-8e9c-25e6bcf008af	10	6933714	6936155	2	-1.5709
198a4ba5-8395-404a-8e9c-25e6bcf008af	10	6936239	19302716	9962	-0.0133
198a4ba5-8395-404a-8e9c-25e6bcf008af	10	19307248	19308603	5	-1.3031
198a4ba5-8395-404a-8e9c-25e6bcf008af	10	19310814	26932482	5224	-0.0117
198a4ba5-8395-404a-8e9c-25e6bcf008af	10	26932597	26941064	20	0.3461
198a4ba5-8395-404a-8e9c-25e6bcf008af	10	26941746	27329288	202	0
198a4ba5-8395-404a-8e9c-25e6bcf008af	10	27329640	27330146	3	-1.3035
198a4ba5-8395-404a-8e9c-25e6bcf008af	10	27336936	38770869	7641	-0.021
198a4ba5-8395-404a-8e9c-25e6bcf008af	10	38770921	42330980	65	0.2448
198a4ba5-8395-404a-8e9c-25e6bcf008af	10	42331264	46146453	2376	-0.0331
198a4ba5-8395-404a-8e9c-25e6bcf008af	10	46154876	46522514	176	0.3668
198a4ba5-8395-404a-8e9c-25e6bcf008af	10	46522571	46552992	26	0.0109
198a4ba5-8395-404a-8e9c-25e6bcf008af	10	46553370	46560525	13	0.2524
198a4ba5-8395-404a-8e9c-25e6bcf008af	10	46606240	46708198	10	1.1189
198a4ba5-8395-404a-8e9c-25e6bcf008af	10	46780843	47024340	14	-0.2357
198a4ba5-8395-404a-8e9c-25e6bcf008af	10	47024779	51252249	2412	-0.0215
198a4ba5-8395-404a-8e9c-25e6bcf008af	10	51254408	51255823	11	-0.7423
198a4ba5-8395-404a-8e9c-25e6bcf008af	10	51256832	66219101	10825	-0.0091
198a4ba5-8395-404a-8e9c-25e6bcf008af	10	66221163	66221306	3	-1.6161
198a4ba5-8395-404a-8e9c-25e6bcf008af	10	66223652	122574497	37753	-0.0193
198a4ba5-8395-404a-8e9c-25e6bcf008af	10	122584593	122591497	6	1.079
198a4ba5-8395-404a-8e9c-25e6bcf008af	10	122597296	128745228	4532	-0.0292
198a4ba5-8395-404a-8e9c-25e6bcf008af	10	128748043	128748257	2	-1.5771
198a4ba5-8395-404a-8e9c-25e6bcf008af	10	128749910	130461878	1359	-0.0236
198a4ba5-8395-404a-8e9c-25e6bcf008af	10	130462363	133415637	1852	-0.0879
198a4ba5-8395-404a-8e9c-25e6bcf008af	10	133416215	133416364	2	-3.3594
198a4ba5-8395-404a-8e9c-25e6bcf008af	10	133419150	133654968	148	-0.0282
198a4ba5-8395-404a-8e9c-25e6bcf008af	11	198510	733813	174	0.0636
198a4ba5-8395-404a-8e9c-25e6bcf008af	11	741820	743813	5	-1.3089
198a4ba5-8395-404a-8e9c-25e6bcf008af	11	745581	3390147	1095	0.1021
198a4ba5-8395-404a-8e9c-25e6bcf008af	11	3391957	3407016	7	-0.6266
198a4ba5-8395-404a-8e9c-25e6bcf008af	11	3416270	4217824	456	0.1252
198a4ba5-8395-404a-8e9c-25e6bcf008af	11	4228783	4363567	31	0.7951
198a4ba5-8395-404a-8e9c-25e6bcf008af	11	4365435	4570097	243	0.1016
198a4ba5-8395-404a-8e9c-25e6bcf008af	11	4572287	4572359	2	-1.4357
198a4ba5-8395-404a-8e9c-25e6bcf008af	11	4573509	4946166	404	0.1407
198a4ba5-8395-404a-8e9c-25e6bcf008af	11	4946420	4954445	28	0.7399
198a4ba5-8395-404a-8e9c-25e6bcf008af	11	4954475	5851201	891	0.1102
198a4ba5-8395-404a-8e9c-25e6bcf008af	11	5854637	5860806	4	-1.1417
198a4ba5-8395-404a-8e9c-25e6bcf008af	11	5862087	21692916	11873	0.1183
198a4ba5-8395-404a-8e9c-25e6bcf008af	11	21693006	21701937	5	-0.8994
198a4ba5-8395-404a-8e9c-25e6bcf008af	11	21712549	50513000	18863	0.1271
198a4ba5-8395-404a-8e9c-25e6bcf008af	11	50513725	55608760	415	0.224
198a4ba5-8395-404a-8e9c-25e6bcf008af	11	55608785	55674842	42	0.5649
198a4ba5-8395-404a-8e9c-25e6bcf008af	11	55676735	56256870	416	0.1893
198a4ba5-8395-404a-8e9c-25e6bcf008af	11	56257482	59042524	1668	0.119
198a4ba5-8395-404a-8e9c-25e6bcf008af	11	59043768	59086292	22	0.7623
198a4ba5-8395-404a-8e9c-25e6bcf008af	11	59087546	81186574	11930	0.117
198a4ba5-8395-404a-8e9c-25e6bcf008af	11	81187159	81195062	11	0.813
198a4ba5-8395-404a-8e9c-25e6bcf008af	11	81196932	107350629	18300	0.1306
198a4ba5-8395-404a-8e9c-25e6bcf008af	11	107353032	107353673	6	-0.8889
198a4ba5-8395-404a-8e9c-25e6bcf008af	11	107356630	107359993	13	0.0757
198a4ba5-8395-404a-8e9c-25e6bcf008af	11	107367930	107368402	7	-0.8071
198a4ba5-8395-404a-8e9c-25e6bcf008af	11	107381636	107460977	62	0.1401
198a4ba5-8395-404a-8e9c-25e6bcf008af	11	107467227	107476508	32	-0.6536
198a4ba5-8395-404a-8e9c-25e6bcf008af	11	107481240	116263624	5880	0.1224
198a4ba5-8395-404a-8e9c-25e6bcf008af	11	116264174	116265285	3	-1.3488
198a4ba5-8395-404a-8e9c-25e6bcf008af	11	116266227	128463624	8820	0.1219
198a4ba5-8395-404a-8e9c-25e6bcf008af	11	128464871	128467848	9	-0.5643
198a4ba5-8395-404a-8e9c-25e6bcf008af	11	128468236	133210060	3727	0.1213
198a4ba5-8395-404a-8e9c-25e6bcf008af	11	133215184	135074876	1384	0.0687
198a4ba5-8395-404a-8e9c-25e6bcf008af	12	51460	225844	99	-0.0696
198a4ba5-8395-404a-8e9c-25e6bcf008af	12	225899	3247787	1982	0.1122
198a4ba5-8395-404a-8e9c-25e6bcf008af	12	3249095	3249179	2	-2.4272
198a4ba5-8395-404a-8e9c-25e6bcf008af	12	3249903	8404097	3513	0.1327
198a4ba5-8395-404a-8e9c-25e6bcf008af	12	8405892	8423870	15	1.3382
198a4ba5-8395-404a-8e9c-25e6bcf008af	12	8428232	9481274	562	0.1316
198a4ba5-8395-404a-8e9c-25e6bcf008af	12	9485313	9587750	37	0.4545
198a4ba5-8395-404a-8e9c-25e6bcf008af	12	9590690	11083616	1030	0.1656
198a4ba5-8395-404a-8e9c-25e6bcf008af	12	11084237	11088933	3	1.292
198a4ba5-8395-404a-8e9c-25e6bcf008af	12	11099275	30086381	13258	0.1363
198a4ba5-8395-404a-8e9c-25e6bcf008af	12	30086486	30090732	21	-0.5418
198a4ba5-8395-404a-8e9c-25e6bcf008af	12	30090756	34425363	3016	0.1345
198a4ba5-8395-404a-8e9c-25e6bcf008af	12	34446392	37714251	130	0.3006
198a4ba5-8395-404a-8e9c-25e6bcf008af	12	37767650	43414831	3492	0.1373
198a4ba5-8395-404a-8e9c-25e6bcf008af	12	43417849	45506042	1232	-0.3609
198a4ba5-8395-404a-8e9c-25e6bcf008af	12	45510655	45515754	4	-2.6378
198a4ba5-8395-404a-8e9c-25e6bcf008af	12	45519509	46673262	647	-0.3603
198a4ba5-8395-404a-8e9c-25e6bcf008af	12	46675902	47176358	326	-0.0787
198a4ba5-8395-404a-8e9c-25e6bcf008af	12	47176442	52343561	2796	0.1306
198a4ba5-8395-404a-8e9c-25e6bcf008af	12	52345655	52480892	140	-0.0251
198a4ba5-8395-404a-8e9c-25e6bcf008af	12	52486223	63526209	6724	0.1278
198a4ba5-8395-404a-8e9c-25e6bcf008af	12	63526805	63531025	3	-1.5867
198a4ba5-8395-404a-8e9c-25e6bcf008af	12	63539183	63812588	97	0.1923
198a4ba5-8395-404a-8e9c-25e6bcf008af	12	63816196	63816536	3	-1.4614
198a4ba5-8395-404a-8e9c-25e6bcf008af	12	63826718	77944156	9233	0.1342
198a4ba5-8395-404a-8e9c-25e6bcf008af	12	77944606	77972692	31	-0.2195
198a4ba5-8395-404a-8e9c-25e6bcf008af	12	77973210	77994799	10	-0.6231
198a4ba5-8395-404a-8e9c-25e6bcf008af	12	77995634	79903507	1159	-0.3529
198a4ba5-8395-404a-8e9c-25e6bcf008af	12	79904615	79905745	2	-1.7116
198a4ba5-8395-404a-8e9c-25e6bcf008af	12	79910892	88353545	5024	-0.3624
198a4ba5-8395-404a-8e9c-25e6bcf008af	12	88356566	90122735	1067	-0.6819
198a4ba5-8395-404a-8e9c-25e6bcf008af	12	90128001	90930030	524	-0.0657
198a4ba5-8395-404a-8e9c-25e6bcf008af	12	90930975	90940828	3	-1.0992
198a4ba5-8395-404a-8e9c-25e6bcf008af	12	90941684	93839896	1898	-0.0853
198a4ba5-8395-404a-8e9c-25e6bcf008af	12	93843210	93844669	3	-1.7351
198a4ba5-8395-404a-8e9c-25e6bcf008af	12	93847907	99402408	4005	-0.0931
198a4ba5-8395-404a-8e9c-25e6bcf008af	12	99402541	99404748	21	0.4508
198a4ba5-8395-404a-8e9c-25e6bcf008af	12	99404811	126945420	18024	-0.105
198a4ba5-8395-404a-8e9c-25e6bcf008af	12	126945464	129572291	2388	0.1029
198a4ba5-8395-404a-8e9c-25e6bcf008af	12	129574012	129575592	3	-1.2819
198a4ba5-8395-404a-8e9c-25e6bcf008af	12	129579263	130663930	938	0.065
198a4ba5-8395-404a-8e9c-25e6bcf008af	12	130664224	130665614	12	-1.2132
198a4ba5-8395-404a-8e9c-25e6bcf008af	12	130665824	131636170	766	0.0868
198a4ba5-8395-404a-8e9c-25e6bcf008af	12	131648039	131670006	20	-0.3459
198a4ba5-8395-404a-8e9c-25e6bcf008af	12	131670109	132123604	190	0.1412
198a4ba5-8395-404a-8e9c-25e6bcf008af	12	132124283	132824508	179	-0.0111
198a4ba5-8395-404a-8e9c-25e6bcf008af	12	132826358	133201603	182	0.1356
198a4ba5-8395-404a-8e9c-25e6bcf008af	13	18452809	19882131	680	-0.0741
198a4ba5-8395-404a-8e9c-25e6bcf008af	13	19888174	19895317	14	-0.7588
198a4ba5-8395-404a-8e9c-25e6bcf008af	13	19897544	31406001	8501	-0.1101
198a4ba5-8395-404a-8e9c-25e6bcf008af	13	31414106	31415503	3	-2.5591
198a4ba5-8395-404a-8e9c-25e6bcf008af	13	31420022	50344529	12966	-0.097
198a4ba5-8395-404a-8e9c-25e6bcf008af	13	50344909	50347810	3	-1.7159
198a4ba5-8395-404a-8e9c-25e6bcf008af	13	50348637	57176962	3843	-0.0887
198a4ba5-8395-404a-8e9c-25e6bcf008af	13	57184136	57204234	33	-2.3823
198a4ba5-8395-404a-8e9c-25e6bcf008af	13	57204246	71902850	8993	-0.0839
198a4ba5-8395-404a-8e9c-25e6bcf008af	13	71903417	71906418	4	0.8973
198a4ba5-8395-404a-8e9c-25e6bcf008af	13	71906467	72230762	281	-0.0945
198a4ba5-8395-404a-8e9c-25e6bcf008af	13	72234344	72235290	2	-3.1326
198a4ba5-8395-404a-8e9c-25e6bcf008af	13	72238924	81228506	6203	-0.0946
198a4ba5-8395-404a-8e9c-25e6bcf008af	13	81231551	81237549	2	-1.9986
198a4ba5-8395-404a-8e9c-25e6bcf008af	13	81241730	82983099	1037	-0.0958
198a4ba5-8395-404a-8e9c-25e6bcf008af	13	82985810	82989420	7	-1.1863
198a4ba5-8395-404a-8e9c-25e6bcf008af	13	82992648	91710028	5319	-0.0946
198a4ba5-8395-404a-8e9c-25e6bcf008af	13	91710933	91714003	3	-1.6274
198a4ba5-8395-404a-8e9c-25e6bcf008af	13	91714967	109958122	13545	-0.0981
198a4ba5-8395-404a-8e9c-25e6bcf008af	13	109961953	114342922	2682	-0.1373
198a4ba5-8395-404a-8e9c-25e6bcf008af	14	18239283	19951992	164	0.3361
198a4ba5-8395-404a-8e9c-25e6bcf008af	14	19952080	22222527	1617	-0.105
198a4ba5-8395-404a-8e9c-25e6bcf008af	14	22224219	22528875	258	-0.2512
198a4ba5-8395-404a-8e9c-25e6bcf008af	14	22530451	53761757	19414	-0.0952
198a4ba5-8395-404a-8e9c-25e6bcf008af	14	53762022	53762073	2	-2.195
198a4ba5-8395-404a-8e9c-25e6bcf008af	14	53765279	62186513	5565	-0.0994
198a4ba5-8395-404a-8e9c-25e6bcf008af	14	62192502	62197620	5	-1.2692
198a4ba5-8395-404a-8e9c-25e6bcf008af	14	62198558	73540003	7195	-0.0983
198a4ba5-8395-404a-8e9c-25e6bcf008af	14	73540147	73550817	5	-2.0587
198a4ba5-8395-404a-8e9c-25e6bcf008af	14	73550834	95007068	14217	-0.1024
198a4ba5-8395-404a-8e9c-25e6bcf008af	14	95007980	95010782	6	-1.5091
198a4ba5-8395-404a-8e9c-25e6bcf008af	14	95011422	99954659	3883	-0.1123
198a4ba5-8395-404a-8e9c-25e6bcf008af	14	99962082	99962879	2	-1.7214
198a4ba5-8395-404a-8e9c-25e6bcf008af	14	99965119	106070718	2670	-0.1208
198a4ba5-8395-404a-8e9c-25e6bcf008af	14	106117522	106321086	96	0.5917
198a4ba5-8395-404a-8e9c-25e6bcf008af	14	106340102	106346129	7	-2.3429
198a4ba5-8395-404a-8e9c-25e6bcf008af	14	106360014	106877229	273	-0.0785
198a4ba5-8395-404a-8e9c-25e6bcf008af	15	19811075	19917354	19	0.2527
198a4ba5-8395-404a-8e9c-25e6bcf008af	15	19924888	19938398	7	0.8127
198a4ba5-8395-404a-8e9c-25e6bcf008af	15	19947475	20001686	19	0.1591
198a4ba5-8395-404a-8e9c-25e6bcf008af	15	20011702	20187568	10	-0.6143
198a4ba5-8395-404a-8e9c-25e6bcf008af	15	20190276	20376309	39	0.1947
198a4ba5-8395-404a-8e9c-25e6bcf008af	15	20376311	20385137	15	-0.3764
198a4ba5-8395-404a-8e9c-25e6bcf008af	15	20396301	20614765	26	0.2997
198a4ba5-8395-404a-8e9c-25e6bcf008af	15	20625071	21997003	42	-0.4281
198a4ba5-8395-404a-8e9c-25e6bcf008af	15	21999319	22003073	2	2.4912
198a4ba5-8395-404a-8e9c-25e6bcf008af	15	22005276	24112020	879	0.0386
198a4ba5-8395-404a-8e9c-25e6bcf008af	15	24112065	24584394	228	0.1698
198a4ba5-8395-404a-8e9c-25e6bcf008af	15	24585431	32151854	4623	0.0285
198a4ba5-8395-404a-8e9c-25e6bcf008af	15	32179735	32239115	11	0.7481
198a4ba5-8395-404a-8e9c-25e6bcf008af	15	32240890	40144882	5572	0.0426
198a4ba5-8395-404a-8e9c-25e6bcf008af	15	40152133	40152146	2	-1.5344
198a4ba5-8395-404a-8e9c-25e6bcf008af	15	40158524	45087504	2275	0.0389
198a4ba5-8395-404a-8e9c-25e6bcf008af	15	45089203	45091248	2	-1.7204
198a4ba5-8395-404a-8e9c-25e6bcf008af	15	45091422	76599286	20146	0.0379
198a4ba5-8395-404a-8e9c-25e6bcf008af	15	76599400	76609838	20	0.6201
198a4ba5-8395-404a-8e9c-25e6bcf008af	15	76609853	76610129	7	0.1642
198a4ba5-8395-404a-8e9c-25e6bcf008af	15	76610297	76610415	3	-0.8029
198a4ba5-8395-404a-8e9c-25e6bcf008af	15	76610855	77009541	170	0.0424
198a4ba5-8395-404a-8e9c-25e6bcf008af	15	77015060	77015411	3	-1.5472
198a4ba5-8395-404a-8e9c-25e6bcf008af	15	77017609	85403519	4879	0.0405
198a4ba5-8395-404a-8e9c-25e6bcf008af	15	85407622	85408630	2	-3.1323
198a4ba5-8395-404a-8e9c-25e6bcf008af	15	85413359	85796735	281	0.0056
198a4ba5-8395-404a-8e9c-25e6bcf008af	15	85798051	85806808	42	-0.811
198a4ba5-8395-404a-8e9c-25e6bcf008af	15	85806953	101928837	12218	0.0258
198a4ba5-8395-404a-8e9c-25e6bcf008af	16	10777	1175628	410	0.0678
198a4ba5-8395-404a-8e9c-25e6bcf008af	16	1176198	1184871	2	-2.2519
198a4ba5-8395-404a-8e9c-25e6bcf008af	16	1184989	14686797	10685	0.1129
198a4ba5-8395-404a-8e9c-25e6bcf008af	16	14794738	15022400	69	0.3957
198a4ba5-8395-404a-8e9c-25e6bcf008af	16	15033033	16534205	596	0.0725
198a4ba5-8395-404a-8e9c-25e6bcf008af	16	16539504	16539715	2	-2.1234
198a4ba5-8395-404a-8e9c-25e6bcf008af	16	16541191	18104860	997	0.0878
198a4ba5-8395-404a-8e9c-25e6bcf008af	16	18134261	18545398	15	0.8364
198a4ba5-8395-404a-8e9c-25e6bcf008af	16	18545889	19933041	690	0.115
198a4ba5-8395-404a-8e9c-25e6bcf008af	16	19934328	19956040	29	-0.6703
198a4ba5-8395-404a-8e9c-25e6bcf008af	16	19958932	78337711	27726	0.1165
198a4ba5-8395-404a-8e9c-25e6bcf008af	16	78338543	78349243	15	0.9737
198a4ba5-8395-404a-8e9c-25e6bcf008af	16	78350841	88337138	9885	0.1038
198a4ba5-8395-404a-8e9c-25e6bcf008af	16	88341547	89465142	432	-0.0143
198a4ba5-8395-404a-8e9c-25e6bcf008af	16	89465609	89472351	5	-1.1454
198a4ba5-8395-404a-8e9c-25e6bcf008af	16	89474835	90013747	230	-0.0135
198a4ba5-8395-404a-8e9c-25e6bcf008af	16	90014038	90064327	48	0.172
198a4ba5-8395-404a-8e9c-25e6bcf008af	16	90066378	90072332	5	-0.4179
198a4ba5-8395-404a-8e9c-25e6bcf008af	16	90074947	90096867	12	0.2618
198a4ba5-8395-404a-8e9c-25e6bcf008af	17	150733	18414080	11392	-0.1235
198a4ba5-8395-404a-8e9c-25e6bcf008af	17	18452078	18602377	34	0.478
198a4ba5-8395-404a-8e9c-25e6bcf008af	17	18606845	33692892	5051	-0.0942
198a4ba5-8395-404a-8e9c-25e6bcf008af	17	33692942	35103090	1171	-0.1544
198a4ba5-8395-404a-8e9c-25e6bcf008af	17	35104542	36098851	595	-0.104
198a4ba5-8395-404a-8e9c-25e6bcf008af	17	36101021	36157718	43	0.566
198a4ba5-8395-404a-8e9c-25e6bcf008af	17	36200725	41265456	2525	-0.1081
198a4ba5-8395-404a-8e9c-25e6bcf008af	17	41266762	41274198	23	0.3769
198a4ba5-8395-404a-8e9c-25e6bcf008af	17	41274279	46130967	2529	-0.1145
198a4ba5-8395-404a-8e9c-25e6bcf008af	17	46131308	46218468	76	-0.4005
198a4ba5-8395-404a-8e9c-25e6bcf008af	17	46234104	80017429	20235	-0.1119
198a4ba5-8395-404a-8e9c-25e6bcf008af	17	80019297	80022981	3	-3.2576
198a4ba5-8395-404a-8e9c-25e6bcf008af	17	80030294	83091923	1337	-0.1283
198a4ba5-8395-404a-8e9c-25e6bcf008af	18	48133	5927243	4180	0.116
198a4ba5-8395-404a-8e9c-25e6bcf008af	18	5928110	5935866	7	-0.6235
198a4ba5-8395-404a-8e9c-25e6bcf008af	18	5935964	12224735	4696	0.1192
198a4ba5-8395-404a-8e9c-25e6bcf008af	18	12226369	12228773	2	-1.5648
198a4ba5-8395-404a-8e9c-25e6bcf008af	18	12238864	15061199	1445	0.1205
198a4ba5-8395-404a-8e9c-25e6bcf008af	18	15062970	20961698	75	0.3296
198a4ba5-8395-404a-8e9c-25e6bcf008af	18	20961945	47519334	16823	0.125
198a4ba5-8395-404a-8e9c-25e6bcf008af	18	47520119	47521299	3	-0.9729
198a4ba5-8395-404a-8e9c-25e6bcf008af	18	47524788	65533243	12694	0.1215
198a4ba5-8395-404a-8e9c-25e6bcf008af	18	65535759	65537087	9	-0.3553
198a4ba5-8395-404a-8e9c-25e6bcf008af	18	65537183	65537481	7	-1.1
198a4ba5-8395-404a-8e9c-25e6bcf008af	18	65540037	67286412	1190	0.141
198a4ba5-8395-404a-8e9c-25e6bcf008af	18	67291970	67300028	21	-0.5709
198a4ba5-8395-404a-8e9c-25e6bcf008af	18	67300481	77823095	8134	0.1299
198a4ba5-8395-404a-8e9c-25e6bcf008af	18	77826651	77826947	2	-1.4613
198a4ba5-8395-404a-8e9c-25e6bcf008af	18	77827161	80257174	1450	0.0847
198a4ba5-8395-404a-8e9c-25e6bcf008af	19	90910	2582156	623	0.0335
198a4ba5-8395-404a-8e9c-25e6bcf008af	19	2582552	2602437	4	-0.9944
198a4ba5-8395-404a-8e9c-25e6bcf008af	19	2619145	6469836	1404	0.0148
198a4ba5-8395-404a-8e9c-25e6bcf008af	19	6479560	6480954	2	-1.5463
198a4ba5-8395-404a-8e9c-25e6bcf008af	19	6481111	19868484	6547	0.032
198a4ba5-8395-404a-8e9c-25e6bcf008af	19	19869759	20972765	651	0.1108
198a4ba5-8395-404a-8e9c-25e6bcf008af	19	20972787	21528153	305	0.0495
198a4ba5-8395-404a-8e9c-25e6bcf008af	19	21534501	21538872	2	-1.468
198a4ba5-8395-404a-8e9c-25e6bcf008af	19	21539503	24021981	1437	0.0278
198a4ba5-8395-404a-8e9c-25e6bcf008af	19	24022760	27707365	246	0.1365
198a4ba5-8395-404a-8e9c-25e6bcf008af	19	27707531	40846734	8264	0.0207
198a4ba5-8395-404a-8e9c-25e6bcf008af	19	40846752	40886250	23	0.5253
198a4ba5-8395-404a-8e9c-25e6bcf008af	19	40886749	43198881	1074	0.039
198a4ba5-8395-404a-8e9c-25e6bcf008af	19	43199352	43252085	21	-0.5643
198a4ba5-8395-404a-8e9c-25e6bcf008af	19	43262507	49871239	3175	0.0332
198a4ba5-8395-404a-8e9c-25e6bcf008af	19	49874886	50037162	86	-0.1693
198a4ba5-8395-404a-8e9c-25e6bcf008af	19	50037176	51628560	884	0.0242
198a4ba5-8395-404a-8e9c-25e6bcf008af	19	51639099	51644683	10	-3.2153
198a4ba5-8395-404a-8e9c-25e6bcf008af	19	51644944	52813087	788	0.0282
198a4ba5-8395-404a-8e9c-25e6bcf008af	19	52815851	52815906	2	-1.3302
198a4ba5-8395-404a-8e9c-25e6bcf008af	19	52824137	53501148	518	0.0598
198a4ba5-8395-404a-8e9c-25e6bcf008af	19	53501685	53508130	3	-1.0348
198a4ba5-8395-404a-8e9c-25e6bcf008af	19	53508635	54202654	401	0.019
198a4ba5-8395-404a-8e9c-25e6bcf008af	19	54202685	54207641	10	-0.5211
198a4ba5-8395-404a-8e9c-25e6bcf008af	19	54207881	54215136	12	0.0575
198a4ba5-8395-404a-8e9c-25e6bcf008af	19	54226329	54237429	15	0.3836
198a4ba5-8395-404a-8e9c-25e6bcf008af	19	54237443	55760777	742	0.0293
198a4ba5-8395-404a-8e9c-25e6bcf008af	19	55761691	55774927	8	0.6079
198a4ba5-8395-404a-8e9c-25e6bcf008af	19	55777575	58429147	1783	0.028
198a4ba5-8395-404a-8e9c-25e6bcf008af	19	58432041	58433008	2	-1.2199
198a4ba5-8395-404a-8e9c-25e6bcf008af	19	58434689	58586487	52	-0.0498
198a4ba5-8395-404a-8e9c-25e6bcf008af	20	80664	1586808	1207	0.0625
198a4ba5-8395-404a-8e9c-25e6bcf008af	20	1587007	1613247	38	-0.4515
198a4ba5-8395-404a-8e9c-25e6bcf008af	20	1617300	26242063	18733	0.0841
198a4ba5-8395-404a-8e9c-25e6bcf008af	20	26243033	62732370	21775	0.1704
198a4ba5-8395-404a-8e9c-25e6bcf008af	20	62741749	62741794	2	-1.8528
198a4ba5-8395-404a-8e9c-25e6bcf008af	20	62744224	63984403	446	0.1653
198a4ba5-8395-404a-8e9c-25e6bcf008af	20	63990195	64324800	172	0.0449
198a4ba5-8395-404a-8e9c-25e6bcf008af	21	10354168	46677045	23863	0.1168
198a4ba5-8395-404a-8e9c-25e6bcf008af	22	15294547	44734586	18794	-0.1193
198a4ba5-8395-404a-8e9c-25e6bcf008af	22	44737460	44740755	4	-2.2758
198a4ba5-8395-404a-8e9c-25e6bcf008af	22	44741026	50796027	4460	-0.1449
198a4ba5-8395-404a-8e9c-25e6bcf008af	X	251810	32965828	20466	-0.1477
198a4ba5-8395-404a-8e9c-25e6bcf008af	X	32969337	32969498	2	-2.3354
198a4ba5-8395-404a-8e9c-25e6bcf008af	X	32970141	35693467	1764	-0.1248
198a4ba5-8395-404a-8e9c-25e6bcf008af	X	35696818	35697136	2	-2.0853
198a4ba5-8395-404a-8e9c-25e6bcf008af	X	35699435	40495096	2793	-0.1483
198a4ba5-8395-404a-8e9c-25e6bcf008af	X	40495240	40518346	11	-0.8231
198a4ba5-8395-404a-8e9c-25e6bcf008af	X	40519207	55965813	7215	-0.1451
198a4ba5-8395-404a-8e9c-25e6bcf008af	X	55965876	56448822	215	0.1136
198a4ba5-8395-404a-8e9c-25e6bcf008af	X	56449276	56453194	3	0.9265
198a4ba5-8395-404a-8e9c-25e6bcf008af	X	56455658	56630035	93	0.1195
198a4ba5-8395-404a-8e9c-25e6bcf008af	X	56635479	56646272	3	-2.0247
198a4ba5-8395-404a-8e9c-25e6bcf008af	X	56652478	155952689	51068	0.0939
198a4ba5-8395-404a-8e9c-25e6bcf008af	Y	2782397	6249869	784	-2.7799
198a4ba5-8395-404a-8e9c-25e6bcf008af	Y	6252391	9985764	1555	-3.5061
198a4ba5-8395-404a-8e9c-25e6bcf008af	Y	9988431	10090113	61	-3.2478
198a4ba5-8395-404a-8e9c-25e6bcf008af	Y	10092079	10193199	28	-2.0974
198a4ba5-8395-404a-8e9c-25e6bcf008af	Y	10193743	12065071	148	-3.1339
198a4ba5-8395-404a-8e9c-25e6bcf008af	Y	12067381	12087529	14	-4.8882
198a4ba5-8395-404a-8e9c-25e6bcf008af	Y	12089137	12652236	297	-3.0785
198a4ba5-8395-404a-8e9c-25e6bcf008af	Y	12652934	23586854	3560	-3.4543
198a4ba5-8395-404a-8e9c-25e6bcf008af	Y	23784615	56872112	192	-2.8744
