GDC_Aliquot	Chromosome	Start	End	Num_Probes	Segment_Mean
67ed044b-69c8-4cff-b98c-ffb9c1f80c98	1	62920	16689764	8621	-0.0071
67ed044b-69c8-4cff-b98c-ffb9c1f80c98	1	16718963	16721984	6	-1.3583
67ed044b-69c8-4cff-b98c-ffb9c1f80c98	1	16766762	72297687	33861	-0.0029
67ed044b-69c8-4cff-b98c-ffb9c1f80c98	1	72302735	72345450	46	-1.9665
67ed044b-69c8-4cff-b98c-ffb9c1f80c98	1	72345465	75328853	1784	0.0018
67ed044b-69c8-4cff-b98c-ffb9c1f80c98	1	75329832	75342505	7	-1.0251
67ed044b-69c8-4cff-b98c-ffb9c1f80c98	1	75342903	105476583	19035	-0.0041
67ed044b-69c8-4cff-b98c-ffb9c1f80c98	1	105476614	105479722	14	0.8622
67ed044b-69c8-4cff-b98c-ffb9c1f80c98	1	105479738	109690352	2613	0.0112
67ed044b-69c8-4cff-b98c-ffb9c1f80c98	1	109690431	109691788	6	-1.1272
67ed044b-69c8-4cff-b98c-ffb9c1f80c98	1	109691933	121598439	7078	-0.0014
67ed044b-69c8-4cff-b98c-ffb9c1f80c98	1	121601998	145642976	146	0.3085
67ed044b-69c8-4cff-b98c-ffb9c1f80c98	1	145642990	147307709	377	-0.0171
67ed044b-69c8-4cff-b98c-ffb9c1f80c98	1	147308555	147320683	5	-1.0742
67ed044b-69c8-4cff-b98c-ffb9c1f80c98	1	147321275	152583230	1898	0.0142
67ed044b-69c8-4cff-b98c-ffb9c1f80c98	1	152583291	152614118	34	1.2871
67ed044b-69c8-4cff-b98c-ffb9c1f80c98	1	152618018	152784298	162	0.0283
67ed044b-69c8-4cff-b98c-ffb9c1f80c98	1	152784330	152805967	43	-0.3972
67ed044b-69c8-4cff-b98c-ffb9c1f80c98	1	152806050	196843377	29323	-0.0021
67ed044b-69c8-4cff-b98c-ffb9c1f80c98	1	196843400	196846661	2	-2.5154
67ed044b-69c8-4cff-b98c-ffb9c1f80c98	1	196847600	243139864	31870	-0.0019
67ed044b-69c8-4cff-b98c-ffb9c1f80c98	1	243143622	243144364	2	-2.573
67ed044b-69c8-4cff-b98c-ffb9c1f80c98	1	243145889	247775109	3067	-0.0082
67ed044b-69c8-4cff-b98c-ffb9c1f80c98	1	247775446	247775555	2	-2.806
67ed044b-69c8-4cff-b98c-ffb9c1f80c98	1	247775696	248930189	623	0.0227
67ed044b-69c8-4cff-b98c-ffb9c1f80c98	2	12784	48612133	34107	-0.0045
67ed044b-69c8-4cff-b98c-ffb9c1f80c98	2	48616381	48649469	30	-1.0184
67ed044b-69c8-4cff-b98c-ffb9c1f80c98	2	48653397	242147305	114396	0.0019
67ed044b-69c8-4cff-b98c-ffb9c1f80c98	3	20930	6604856	5775	0.0143
67ed044b-69c8-4cff-b98c-ffb9c1f80c98	3	6609441	6611645	23	-3.0709
67ed044b-69c8-4cff-b98c-ffb9c1f80c98	3	6613391	130044016	76098	0.0027
67ed044b-69c8-4cff-b98c-ffb9c1f80c98	3	130044855	130089433	41	0.6801
67ed044b-69c8-4cff-b98c-ffb9c1f80c98	3	130089968	162794951	20136	0.0022
67ed044b-69c8-4cff-b98c-ffb9c1f80c98	3	162795304	162906065	64	0.4883
67ed044b-69c8-4cff-b98c-ffb9c1f80c98	3	162906093	186688349	14359	0.0076
67ed044b-69c8-4cff-b98c-ffb9c1f80c98	3	186695072	186697745	7	-1.1769
67ed044b-69c8-4cff-b98c-ffb9c1f80c98	3	186698220	193160113	4689	0.0063
67ed044b-69c8-4cff-b98c-ffb9c1f80c98	3	193160173	193165114	19	-1.6422
67ed044b-69c8-4cff-b98c-ffb9c1f80c98	3	193168646	195729040	1499	0.0164
67ed044b-69c8-4cff-b98c-ffb9c1f80c98	3	195729053	195747892	15	0.9157
67ed044b-69c8-4cff-b98c-ffb9c1f80c98	3	195751823	198169247	1157	0.0183
67ed044b-69c8-4cff-b98c-ffb9c1f80c98	4	68929	10208766	5650	0.0003
67ed044b-69c8-4cff-b98c-ffb9c1f80c98	4	10221792	10232642	28	-1.3323
67ed044b-69c8-4cff-b98c-ffb9c1f80c98	4	10232984	34777432	16884	0.0015
67ed044b-69c8-4cff-b98c-ffb9c1f80c98	4	34784878	34822561	37	-0.6447
67ed044b-69c8-4cff-b98c-ffb9c1f80c98	4	34823103	35369593	351	-0.02
67ed044b-69c8-4cff-b98c-ffb9c1f80c98	4	35374407	35409921	28	-1.0417
67ed044b-69c8-4cff-b98c-ffb9c1f80c98	4	35413916	68478894	18969	0.0028
67ed044b-69c8-4cff-b98c-ffb9c1f80c98	4	68494770	68663241	73	-0.3974
67ed044b-69c8-4cff-b98c-ffb9c1f80c98	4	68671434	69261926	310	0.0684
67ed044b-69c8-4cff-b98c-ffb9c1f80c98	4	69261934	69363716	52	-0.8066
67ed044b-69c8-4cff-b98c-ffb9c1f80c98	4	69366081	69523998	111	-0.0276
67ed044b-69c8-4cff-b98c-ffb9c1f80c98	4	69524143	69525061	2	-3.0406
67ed044b-69c8-4cff-b98c-ffb9c1f80c98	4	69526170	103824414	20798	0.0029
67ed044b-69c8-4cff-b98c-ffb9c1f80c98	4	103830473	103830480	5	-1.8201
67ed044b-69c8-4cff-b98c-ffb9c1f80c98	4	103830487	103841700	26	0.3023
67ed044b-69c8-4cff-b98c-ffb9c1f80c98	4	103841886	114252544	6230	-0.0037
67ed044b-69c8-4cff-b98c-ffb9c1f80c98	4	114254167	114261019	23	1.0745
67ed044b-69c8-4cff-b98c-ffb9c1f80c98	4	114263073	154881396	23891	0.0039
67ed044b-69c8-4cff-b98c-ffb9c1f80c98	4	154881853	154881926	3	-3.456
67ed044b-69c8-4cff-b98c-ffb9c1f80c98	4	154882047	155964036	778	-0.0066
67ed044b-69c8-4cff-b98c-ffb9c1f80c98	4	155966920	155967367	6	-1.0261
67ed044b-69c8-4cff-b98c-ffb9c1f80c98	4	155969109	156035480	52	0.0244
67ed044b-69c8-4cff-b98c-ffb9c1f80c98	4	156046823	156052053	16	-1.0403
67ed044b-69c8-4cff-b98c-ffb9c1f80c98	4	156053545	171336770	9564	0.0097
67ed044b-69c8-4cff-b98c-ffb9c1f80c98	4	171338133	171448195	120	0.6834
67ed044b-69c8-4cff-b98c-ffb9c1f80c98	4	171453733	171456625	11	-1.1365
67ed044b-69c8-4cff-b98c-ffb9c1f80c98	4	171459220	171860496	251	0.6926
67ed044b-69c8-4cff-b98c-ffb9c1f80c98	4	171873863	189856606	12090	0.0109
67ed044b-69c8-4cff-b98c-ffb9c1f80c98	4	189856638	190106768	65	0.2774
67ed044b-69c8-4cff-b98c-ffb9c1f80c98	5	15532	58025819	35531	0.0009
67ed044b-69c8-4cff-b98c-ffb9c1f80c98	5	58030200	58037706	32	-1.5455
67ed044b-69c8-4cff-b98c-ffb9c1f80c98	5	58042530	76154195	10395	-0.0014
67ed044b-69c8-4cff-b98c-ffb9c1f80c98	5	76154242	76154319	3	-1.9186
67ed044b-69c8-4cff-b98c-ffb9c1f80c98	5	76154351	104515520	16266	0.0025
67ed044b-69c8-4cff-b98c-ffb9c1f80c98	5	104524672	104524903	4	-1.6241
67ed044b-69c8-4cff-b98c-ffb9c1f80c98	5	104525348	152134610	30579	-0.0005
67ed044b-69c8-4cff-b98c-ffb9c1f80c98	5	152135825	152138790	14	-0.9805
67ed044b-69c8-4cff-b98c-ffb9c1f80c98	5	152140710	177771448	17361	-0.0002
67ed044b-69c8-4cff-b98c-ffb9c1f80c98	5	177800550	177805604	3	3.7401
67ed044b-69c8-4cff-b98c-ffb9c1f80c98	5	177827964	177879634	7	-0.3887
67ed044b-69c8-4cff-b98c-ffb9c1f80c98	5	177883336	181363319	1961	-0.0018
67ed044b-69c8-4cff-b98c-ffb9c1f80c98	6	149661	294837	124	0.0986
67ed044b-69c8-4cff-b98c-ffb9c1f80c98	6	302306	381149	78	0.7838
67ed044b-69c8-4cff-b98c-ffb9c1f80c98	6	382559	2604411	1801	0.0077
67ed044b-69c8-4cff-b98c-ffb9c1f80c98	6	2604486	2604964	2	-3.0531
67ed044b-69c8-4cff-b98c-ffb9c1f80c98	6	2608562	29869295	19494	0.0064
67ed044b-69c8-4cff-b98c-ffb9c1f80c98	6	29869410	29881490	16	-1.164
67ed044b-69c8-4cff-b98c-ffb9c1f80c98	6	29882419	31313046	653	-0.0114
67ed044b-69c8-4cff-b98c-ffb9c1f80c98	6	31318499	31328674	10	1.1795
67ed044b-69c8-4cff-b98c-ffb9c1f80c98	6	31342147	32463370	491	-0.0357
67ed044b-69c8-4cff-b98c-ffb9c1f80c98	6	32463515	32550992	23	1.003
67ed044b-69c8-4cff-b98c-ffb9c1f80c98	6	32559507	32722250	86	0.1343
67ed044b-69c8-4cff-b98c-ffb9c1f80c98	6	32723020	32723053	3	1.6099
67ed044b-69c8-4cff-b98c-ffb9c1f80c98	6	32732907	54066353	13567	-0.0034
67ed044b-69c8-4cff-b98c-ffb9c1f80c98	6	54066432	54067057	6	1.5782
67ed044b-69c8-4cff-b98c-ffb9c1f80c98	6	54070550	57350696	1967	-0.0019
67ed044b-69c8-4cff-b98c-ffb9c1f80c98	6	57368944	61867135	812	0.0871
67ed044b-69c8-4cff-b98c-ffb9c1f80c98	6	61871118	66298369	2518	-0.0056
67ed044b-69c8-4cff-b98c-ffb9c1f80c98	6	66298393	66339706	58	-0.89
67ed044b-69c8-4cff-b98c-ffb9c1f80c98	6	66341309	78270700	7756	-0.0016
67ed044b-69c8-4cff-b98c-ffb9c1f80c98	6	78270730	78332056	88	0.304
67ed044b-69c8-4cff-b98c-ffb9c1f80c98	6	78332092	84058776	3585	0
67ed044b-69c8-4cff-b98c-ffb9c1f80c98	6	84059369	84059391	2	-2.0044
67ed044b-69c8-4cff-b98c-ffb9c1f80c98	6	84060220	88584026	2821	-0.0123
67ed044b-69c8-4cff-b98c-ffb9c1f80c98	6	88584110	88587151	2	-2.4028
67ed044b-69c8-4cff-b98c-ffb9c1f80c98	6	88587472	140805837	32422	0.0002
67ed044b-69c8-4cff-b98c-ffb9c1f80c98	6	140808935	141414128	342	0.6839
67ed044b-69c8-4cff-b98c-ffb9c1f80c98	6	141421557	170741917	20097	0.0002
67ed044b-69c8-4cff-b98c-ffb9c1f80c98	7	43355	63745	22	0.7879
67ed044b-69c8-4cff-b98c-ffb9c1f80c98	7	63762	4634827	2479	-0.0087
67ed044b-69c8-4cff-b98c-ffb9c1f80c98	7	4644145	4644243	3	-2.744
67ed044b-69c8-4cff-b98c-ffb9c1f80c98	7	4645497	53211865	34949	0.0017
67ed044b-69c8-4cff-b98c-ffb9c1f80c98	7	53212342	53217445	3	-2.2769
67ed044b-69c8-4cff-b98c-ffb9c1f80c98	7	53217995	57469225	2645	0.0018
67ed044b-69c8-4cff-b98c-ffb9c1f80c98	7	57473244	62835809	278	0.1523
67ed044b-69c8-4cff-b98c-ffb9c1f80c98	7	62835861	88035924	13345	0.0081
67ed044b-69c8-4cff-b98c-ffb9c1f80c98	7	88041426	88043077	16	-1.0319
67ed044b-69c8-4cff-b98c-ffb9c1f80c98	7	88043631	142063324	32673	0.004
67ed044b-69c8-4cff-b98c-ffb9c1f80c98	7	142069843	142092108	33	0.5666
67ed044b-69c8-4cff-b98c-ffb9c1f80c98	7	142092307	149862983	4672	-0.0018
67ed044b-69c8-4cff-b98c-ffb9c1f80c98	7	149863259	149886528	22	-0.5146
67ed044b-69c8-4cff-b98c-ffb9c1f80c98	7	149887392	158034855	5328	-0.0011
67ed044b-69c8-4cff-b98c-ffb9c1f80c98	7	158034877	158034895	2	-2.1063
67ed044b-69c8-4cff-b98c-ffb9c1f80c98	7	158037238	159334314	778	0
67ed044b-69c8-4cff-b98c-ffb9c1f80c98	8	81254	4145783	3690	0.0089
67ed044b-69c8-4cff-b98c-ffb9c1f80c98	8	4145941	4145956	2	-2.6451
67ed044b-69c8-4cff-b98c-ffb9c1f80c98	8	4146039	12143614	7259	-0.0072
67ed044b-69c8-4cff-b98c-ffb9c1f80c98	8	12176798	12585546	50	0.4992
67ed044b-69c8-4cff-b98c-ffb9c1f80c98	8	12616034	25117062	10322	-0.005
67ed044b-69c8-4cff-b98c-ffb9c1f80c98	8	25117985	25126818	23	0.6918
67ed044b-69c8-4cff-b98c-ffb9c1f80c98	8	25133589	39373140	8954	0.0013
67ed044b-69c8-4cff-b98c-ffb9c1f80c98	8	39378084	39529446	59	0.8215
67ed044b-69c8-4cff-b98c-ffb9c1f80c98	8	39530780	46609495	2757	0.012
67ed044b-69c8-4cff-b98c-ffb9c1f80c98	8	46613954	46624924	10	0.7397
67ed044b-69c8-4cff-b98c-ffb9c1f80c98	8	46634473	50119451	1794	0.0077
67ed044b-69c8-4cff-b98c-ffb9c1f80c98	8	50119464	50119827	7	-2.2482
67ed044b-69c8-4cff-b98c-ffb9c1f80c98	8	50126018	71300130	13236	0.0009
67ed044b-69c8-4cff-b98c-ffb9c1f80c98	8	71303076	71304364	8	-2.2617
67ed044b-69c8-4cff-b98c-ffb9c1f80c98	8	71307628	145072769	46702	0.0045
67ed044b-69c8-4cff-b98c-ffb9c1f80c98	9	46587	6631702	6248	0.001
67ed044b-69c8-4cff-b98c-ffb9c1f80c98	9	6637145	6682871	55	-1.1331
67ed044b-69c8-4cff-b98c-ffb9c1f80c98	9	6684753	39487653	24623	0.0005
67ed044b-69c8-4cff-b98c-ffb9c1f80c98	9	39487690	41570345	90	0.3672
67ed044b-69c8-4cff-b98c-ffb9c1f80c98	9	41570676	42711956	66	-0.1645
67ed044b-69c8-4cff-b98c-ffb9c1f80c98	9	42715233	42715632	2	-2.3643
67ed044b-69c8-4cff-b98c-ffb9c1f80c98	9	42719891	67042427	220	0.1862
67ed044b-69c8-4cff-b98c-ffb9c1f80c98	9	67073081	138160309	47571	-0.0029
67ed044b-69c8-4cff-b98c-ffb9c1f80c98	9	138177023	138200944	8	0.7579
67ed044b-69c8-4cff-b98c-ffb9c1f80c98	10	45792	2910645	2300	-0.0064
67ed044b-69c8-4cff-b98c-ffb9c1f80c98	10	2910855	2915989	2	-2.3733
67ed044b-69c8-4cff-b98c-ffb9c1f80c98	10	2917539	4248646	1233	0.0097
67ed044b-69c8-4cff-b98c-ffb9c1f80c98	10	4248732	4248824	2	-1.8633
67ed044b-69c8-4cff-b98c-ffb9c1f80c98	10	4251879	6748182	2210	0.0012
67ed044b-69c8-4cff-b98c-ffb9c1f80c98	10	6748814	6749230	3	-1.5382
67ed044b-69c8-4cff-b98c-ffb9c1f80c98	10	6750469	8093196	1123	-0.0071
67ed044b-69c8-4cff-b98c-ffb9c1f80c98	10	8093993	8094405	2	-1.5807
67ed044b-69c8-4cff-b98c-ffb9c1f80c98	10	8095574	9753953	1382	0.0036
67ed044b-69c8-4cff-b98c-ffb9c1f80c98	10	9754575	9754775	3	-2.0359
67ed044b-69c8-4cff-b98c-ffb9c1f80c98	10	9759132	19805206	7933	-0.004
67ed044b-69c8-4cff-b98c-ffb9c1f80c98	10	19811809	19958158	116	0.6597
67ed044b-69c8-4cff-b98c-ffb9c1f80c98	10	19961181	26934974	4707	-0.0058
67ed044b-69c8-4cff-b98c-ffb9c1f80c98	10	26936975	26939492	9	-1.1158
67ed044b-69c8-4cff-b98c-ffb9c1f80c98	10	26939510	34260676	5233	-0.0028
67ed044b-69c8-4cff-b98c-ffb9c1f80c98	10	34265892	34272876	2	-1.8373
67ed044b-69c8-4cff-b98c-ffb9c1f80c98	10	34272995	41798237	2582	0.0022
67ed044b-69c8-4cff-b98c-ffb9c1f80c98	10	41806394	42222863	22	0.5037
67ed044b-69c8-4cff-b98c-ffb9c1f80c98	10	42224301	46102824	2378	-0.0019
67ed044b-69c8-4cff-b98c-ffb9c1f80c98	10	46116171	46446817	177	0.6499
67ed044b-69c8-4cff-b98c-ffb9c1f80c98	10	46489651	46532940	22	-0.3322
67ed044b-69c8-4cff-b98c-ffb9c1f80c98	10	46538819	47008590	41	0.5389
67ed044b-69c8-4cff-b98c-ffb9c1f80c98	10	47008664	65548951	12589	0.0021
67ed044b-69c8-4cff-b98c-ffb9c1f80c98	10	65548979	65554688	21	-0.6867
67ed044b-69c8-4cff-b98c-ffb9c1f80c98	10	65563037	87278584	14361	-0.0052
67ed044b-69c8-4cff-b98c-ffb9c1f80c98	10	87286741	87371433	14	1.0773
67ed044b-69c8-4cff-b98c-ffb9c1f80c98	10	87374179	133654968	31510	-0.0078
67ed044b-69c8-4cff-b98c-ffb9c1f80c98	11	198510	4949013	2398	-0.0106
67ed044b-69c8-4cff-b98c-ffb9c1f80c98	11	4949047	4955042	28	0.844
67ed044b-69c8-4cff-b98c-ffb9c1f80c98	11	4955781	5762693	773	-0.0034
67ed044b-69c8-4cff-b98c-ffb9c1f80c98	11	5766175	5787909	33	-0.6448
67ed044b-69c8-4cff-b98c-ffb9c1f80c98	11	5788108	5912937	107	0.0862
67ed044b-69c8-4cff-b98c-ffb9c1f80c98	11	5913128	48280702	29588	-0.0052
67ed044b-69c8-4cff-b98c-ffb9c1f80c98	11	48281773	48688881	162	0.1676
67ed044b-69c8-4cff-b98c-ffb9c1f80c98	11	48692523	48700204	2	-1.436
67ed044b-69c8-4cff-b98c-ffb9c1f80c98	11	48700215	48870436	43	0.1706
67ed044b-69c8-4cff-b98c-ffb9c1f80c98	11	48871310	50092125	510	-0.0176
67ed044b-69c8-4cff-b98c-ffb9c1f80c98	11	50096159	54903078	326	0.1125
67ed044b-69c8-4cff-b98c-ffb9c1f80c98	11	54903171	54934156	8	-1.2856
67ed044b-69c8-4cff-b98c-ffb9c1f80c98	11	54940988	123942746	43796	0.0012
67ed044b-69c8-4cff-b98c-ffb9c1f80c98	11	123944289	123955858	12	-1.1232
67ed044b-69c8-4cff-b98c-ffb9c1f80c98	11	123957025	135074876	8399	-0.0106
67ed044b-69c8-4cff-b98c-ffb9c1f80c98	12	51460	33141726	22614	-0.001
67ed044b-69c8-4cff-b98c-ffb9c1f80c98	12	33148472	33155563	30	-0.7257
67ed044b-69c8-4cff-b98c-ffb9c1f80c98	12	33155608	42850052	3955	0.0101
67ed044b-69c8-4cff-b98c-ffb9c1f80c98	12	42850119	42855082	5	-1.4475
67ed044b-69c8-4cff-b98c-ffb9c1f80c98	12	42856554	45506042	1592	-0.0056
67ed044b-69c8-4cff-b98c-ffb9c1f80c98	12	45510655	45515754	4	-2.56
67ed044b-69c8-4cff-b98c-ffb9c1f80c98	12	45519509	133201603	56085	-0.0052
67ed044b-69c8-4cff-b98c-ffb9c1f80c98	13	18452809	23058539	2833	0.0092
67ed044b-69c8-4cff-b98c-ffb9c1f80c98	13	23058721	23059376	11	0.8323
67ed044b-69c8-4cff-b98c-ffb9c1f80c98	13	23064056	23556715	381	0.0004
67ed044b-69c8-4cff-b98c-ffb9c1f80c98	13	23558320	23564392	2	-2.5004
67ed044b-69c8-4cff-b98c-ffb9c1f80c98	13	23567651	37496998	10154	-0.0024
67ed044b-69c8-4cff-b98c-ffb9c1f80c98	13	37497899	37510620	16	1.1511
67ed044b-69c8-4cff-b98c-ffb9c1f80c98	13	37514193	57176962	12424	0.0031
67ed044b-69c8-4cff-b98c-ffb9c1f80c98	13	57184136	57204246	34	-0.8888
67ed044b-69c8-4cff-b98c-ffb9c1f80c98	13	57215580	68668123	6841	-0.0006
67ed044b-69c8-4cff-b98c-ffb9c1f80c98	13	68674167	68694110	38	-0.8417
67ed044b-69c8-4cff-b98c-ffb9c1f80c98	13	68694987	114342922	30934	-0.0024
67ed044b-69c8-4cff-b98c-ffb9c1f80c98	14	18239283	18693043	24	-0.0121
67ed044b-69c8-4cff-b98c-ffb9c1f80c98	14	18950560	19675350	38	0.5205
67ed044b-69c8-4cff-b98c-ffb9c1f80c98	14	19689684	73534419	33938	0.0005
67ed044b-69c8-4cff-b98c-ffb9c1f80c98	14	73540003	73550834	7	-1.2744
67ed044b-69c8-4cff-b98c-ffb9c1f80c98	14	73554275	106416146	20752	-0.0026
67ed044b-69c8-4cff-b98c-ffb9c1f80c98	14	106418444	106462183	49	-0.6366
67ed044b-69c8-4cff-b98c-ffb9c1f80c98	14	106462724	106877229	195	0.0604
67ed044b-69c8-4cff-b98c-ffb9c1f80c98	15	19811075	20235285	63	0.1901
67ed044b-69c8-4cff-b98c-ffb9c1f80c98	15	20240885	22299523	143	0.9557
67ed044b-69c8-4cff-b98c-ffb9c1f80c98	15	22385639	76586021	33474	-0.0042
67ed044b-69c8-4cff-b98c-ffb9c1f80c98	15	76598900	76603434	22	0.9257
67ed044b-69c8-4cff-b98c-ffb9c1f80c98	15	76609838	101928837	17492	-0.0048
67ed044b-69c8-4cff-b98c-ffb9c1f80c98	16	10777	20617366	13861	-0.0053
67ed044b-69c8-4cff-b98c-ffb9c1f80c98	16	20617756	20622023	4	-1.4726
67ed044b-69c8-4cff-b98c-ffb9c1f80c98	16	20624663	31937283	5939	0.0047
67ed044b-69c8-4cff-b98c-ffb9c1f80c98	16	31944599	35104875	139	0.1736
67ed044b-69c8-4cff-b98c-ffb9c1f80c98	16	35104930	78337711	20997	-0.0029
67ed044b-69c8-4cff-b98c-ffb9c1f80c98	16	78338543	78350841	15	1.4948
67ed044b-69c8-4cff-b98c-ffb9c1f80c98	16	78350868	90096867	10517	-0.0074
67ed044b-69c8-4cff-b98c-ffb9c1f80c98	17	150733	12674530	7620	-0.0101
67ed044b-69c8-4cff-b98c-ffb9c1f80c98	17	12676380	12676693	2	-2.9806
67ed044b-69c8-4cff-b98c-ffb9c1f80c98	17	12676833	41265456	13079	-0.0029
67ed044b-69c8-4cff-b98c-ffb9c1f80c98	17	41266762	41267053	10	1.8892
67ed044b-69c8-4cff-b98c-ffb9c1f80c98	17	41267068	41274198	13	0.7042
67ed044b-69c8-4cff-b98c-ffb9c1f80c98	17	41274279	43967574	1471	0.001
67ed044b-69c8-4cff-b98c-ffb9c1f80c98	17	43967844	43974619	2	-1.9384
67ed044b-69c8-4cff-b98c-ffb9c1f80c98	17	43974721	46284997	1135	-0.0263
67ed044b-69c8-4cff-b98c-ffb9c1f80c98	17	46286804	46351954	3	0.9396
67ed044b-69c8-4cff-b98c-ffb9c1f80c98	17	46446345	46446360	2	2.9557
67ed044b-69c8-4cff-b98c-ffb9c1f80c98	17	46569894	72783888	15921	-0.0031
67ed044b-69c8-4cff-b98c-ffb9c1f80c98	17	72785766	72786024	2	-2.989
67ed044b-69c8-4cff-b98c-ffb9c1f80c98	17	72787179	83091923	5494	-0.015
67ed044b-69c8-4cff-b98c-ffb9c1f80c98	18	48133	42471713	23864	-0.0029
67ed044b-69c8-4cff-b98c-ffb9c1f80c98	18	42476604	42477802	25	-0.9962
67ed044b-69c8-4cff-b98c-ffb9c1f80c98	18	42478430	80257174	26507	-0.0042
67ed044b-69c8-4cff-b98c-ffb9c1f80c98	19	90910	36315613	17057	-0.0001
67ed044b-69c8-4cff-b98c-ffb9c1f80c98	19	36316398	36334556	3	-2.1817
67ed044b-69c8-4cff-b98c-ffb9c1f80c98	19	36336037	58436124	11833	0.0072
67ed044b-69c8-4cff-b98c-ffb9c1f80c98	19	58437527	58437684	2	-2.2015
67ed044b-69c8-4cff-b98c-ffb9c1f80c98	19	58438212	58586487	46	0.0243
67ed044b-69c8-4cff-b98c-ffb9c1f80c98	20	80664	88767	20	0.1737
67ed044b-69c8-4cff-b98c-ffb9c1f80c98	20	89690	92905	3	-2.2945
67ed044b-69c8-4cff-b98c-ffb9c1f80c98	20	93706	1580353	1171	-0.0058
67ed044b-69c8-4cff-b98c-ffb9c1f80c98	20	1580934	1601561	35	1.5431
67ed044b-69c8-4cff-b98c-ffb9c1f80c98	20	1609611	3879187	1587	-0.0065
67ed044b-69c8-4cff-b98c-ffb9c1f80c98	20	3881561	3892807	3	-2.3408
67ed044b-69c8-4cff-b98c-ffb9c1f80c98	20	3893361	64324800	39246	-0.0028
67ed044b-69c8-4cff-b98c-ffb9c1f80c98	21	10354168	10756733	86	0.281
67ed044b-69c8-4cff-b98c-ffb9c1f80c98	21	10775586	22264558	6168	0.0009
67ed044b-69c8-4cff-b98c-ffb9c1f80c98	21	22265046	22278814	12	0.2386
67ed044b-69c8-4cff-b98c-ffb9c1f80c98	21	22283580	22292338	9	-5.5843
67ed044b-69c8-4cff-b98c-ffb9c1f80c98	21	22294679	46677045	17451	-0.0043
67ed044b-69c8-4cff-b98c-ffb9c1f80c98	22	15294547	38894915	15087	0.0029
67ed044b-69c8-4cff-b98c-ffb9c1f80c98	22	38899250	38900899	3	-4.3367
67ed044b-69c8-4cff-b98c-ffb9c1f80c98	22	38903109	38967614	39	-0.0624
67ed044b-69c8-4cff-b98c-ffb9c1f80c98	22	38967679	38979302	23	-0.7582
67ed044b-69c8-4cff-b98c-ffb9c1f80c98	22	38993700	50796027	7945	-0.0164
67ed044b-69c8-4cff-b98c-ffb9c1f80c98	X	251810	587305	43	0.0289
67ed044b-69c8-4cff-b98c-ffb9c1f80c98	X	601325	601487	4	-1.6543
67ed044b-69c8-4cff-b98c-ffb9c1f80c98	X	605191	8136624	4090	0.0137
67ed044b-69c8-4cff-b98c-ffb9c1f80c98	X	8142215	8152152	13	-1.4907
67ed044b-69c8-4cff-b98c-ffb9c1f80c98	X	8153660	8426212	224	-0.0196
67ed044b-69c8-4cff-b98c-ffb9c1f80c98	X	8433360	8495187	33	0.7487
67ed044b-69c8-4cff-b98c-ffb9c1f80c98	X	8497940	151737785	76868	0.0021
67ed044b-69c8-4cff-b98c-ffb9c1f80c98	X	151739249	151739261	2	-2.6291
67ed044b-69c8-4cff-b98c-ffb9c1f80c98	X	151739947	155952689	1922	0.0002
67ed044b-69c8-4cff-b98c-ffb9c1f80c98	Y	2782397	6233384	783	-3.0928
67ed044b-69c8-4cff-b98c-ffb9c1f80c98	Y	6249869	8528189	1113	-3.6332
67ed044b-69c8-4cff-b98c-ffb9c1f80c98	Y	8528603	9554275	351	-4.0226
67ed044b-69c8-4cff-b98c-ffb9c1f80c98	Y	9554586	23586854	4190	-3.622
67ed044b-69c8-4cff-b98c-ffb9c1f80c98	Y	23784615	56872112	192	-3.157
