GDC_Aliquot	Chromosome	Start	End	Num_Probes	Segment_Mean
d340b696-14e0-40b5-84fa-7dad47ca655e	1	62920	4734054	1758	-0.0242
d340b696-14e0-40b5-84fa-7dad47ca655e	1	4736498	4737438	2	-2.7935
d340b696-14e0-40b5-84fa-7dad47ca655e	1	4737961	16721701	6907	0.0041
d340b696-14e0-40b5-84fa-7dad47ca655e	1	16721910	16863509	17	0.8457
d340b696-14e0-40b5-84fa-7dad47ca655e	1	16864367	25266637	5307	-0.0016
d340b696-14e0-40b5-84fa-7dad47ca655e	1	25269390	25336853	25	0.4775
d340b696-14e0-40b5-84fa-7dad47ca655e	1	25346663	34338649	4731	0.0046
d340b696-14e0-40b5-84fa-7dad47ca655e	1	34338898	34339049	2	-1.5463
d340b696-14e0-40b5-84fa-7dad47ca655e	1	34339105	38117186	2033	0.0074
d340b696-14e0-40b5-84fa-7dad47ca655e	1	38118360	38119077	2	-1.4856
d340b696-14e0-40b5-84fa-7dad47ca655e	1	38119209	61981163	14900	0.0092
d340b696-14e0-40b5-84fa-7dad47ca655e	1	61981221	61981263	2	-1.5055
d340b696-14e0-40b5-84fa-7dad47ca655e	1	61981285	72297687	7010	0.0059
d340b696-14e0-40b5-84fa-7dad47ca655e	1	72302735	72345465	48	-1.3911
d340b696-14e0-40b5-84fa-7dad47ca655e	1	72346221	74743952	1455	0.008
d340b696-14e0-40b5-84fa-7dad47ca655e	1	74750199	74751750	3	-1.1362
d340b696-14e0-40b5-84fa-7dad47ca655e	1	74754234	75585159	469	0.0168
d340b696-14e0-40b5-84fa-7dad47ca655e	1	75589078	75589169	2	-2.7785
d340b696-14e0-40b5-84fa-7dad47ca655e	1	75593824	105476583	18974	0.0109
d340b696-14e0-40b5-84fa-7dad47ca655e	1	105476614	105479753	16	-2.1349
d340b696-14e0-40b5-84fa-7dad47ca655e	1	105481433	109690352	2631	0.0063
d340b696-14e0-40b5-84fa-7dad47ca655e	1	109690415	109697556	12	-1.9191
d340b696-14e0-40b5-84fa-7dad47ca655e	1	109702376	112153915	1955	0.0127
d340b696-14e0-40b5-84fa-7dad47ca655e	1	112153931	112154619	15	-0.8355
d340b696-14e0-40b5-84fa-7dad47ca655e	1	112154754	152583291	7590	0.011
d340b696-14e0-40b5-84fa-7dad47ca655e	1	152583319	152613762	29	1.7523
d340b696-14e0-40b5-84fa-7dad47ca655e	1	152613802	152618018	5	0.5932
d340b696-14e0-40b5-84fa-7dad47ca655e	1	152618089	152784330	164	0.0333
d340b696-14e0-40b5-84fa-7dad47ca655e	1	152785214	152796224	39	0.5698
d340b696-14e0-40b5-84fa-7dad47ca655e	1	152801429	153535284	554	0.0005
d340b696-14e0-40b5-84fa-7dad47ca655e	1	153543882	153564432	10	-0.5486
d340b696-14e0-40b5-84fa-7dad47ca655e	1	153566296	174827267	14195	0.0084
d340b696-14e0-40b5-84fa-7dad47ca655e	1	174827418	174832716	17	-0.7018
d340b696-14e0-40b5-84fa-7dad47ca655e	1	174832734	194479104	13158	0.0095
d340b696-14e0-40b5-84fa-7dad47ca655e	1	194482281	194485888	2	1.6333
d340b696-14e0-40b5-84fa-7dad47ca655e	1	194487886	196762956	1454	0.0136
d340b696-14e0-40b5-84fa-7dad47ca655e	1	196769493	196846661	57	-0.3631
d340b696-14e0-40b5-84fa-7dad47ca655e	1	196847600	201915540	3312	0.0164
d340b696-14e0-40b5-84fa-7dad47ca655e	1	201915687	201915774	2	-1.4173
d340b696-14e0-40b5-84fa-7dad47ca655e	1	201917274	207399990	3445	0.0045
d340b696-14e0-40b5-84fa-7dad47ca655e	1	207400042	207400303	2	-1.3836
d340b696-14e0-40b5-84fa-7dad47ca655e	1	207413192	215147117	5607	0.004
d340b696-14e0-40b5-84fa-7dad47ca655e	1	215147190	215150030	2	-1.4575
d340b696-14e0-40b5-84fa-7dad47ca655e	1	215152606	217968787	2031	0.0052
d340b696-14e0-40b5-84fa-7dad47ca655e	1	217968932	217969079	2	-2.6246
d340b696-14e0-40b5-84fa-7dad47ca655e	1	217969477	248574146	21148	0.0085
d340b696-14e0-40b5-84fa-7dad47ca655e	1	248585893	248645808	34	-0.6722
d340b696-14e0-40b5-84fa-7dad47ca655e	1	248646068	248930189	137	0.0399
d340b696-14e0-40b5-84fa-7dad47ca655e	2	12784	34474248	24055	0.0037
d340b696-14e0-40b5-84fa-7dad47ca655e	2	34476327	34512096	46	-0.3657
d340b696-14e0-40b5-84fa-7dad47ca655e	2	34512489	35742970	867	0.0234
d340b696-14e0-40b5-84fa-7dad47ca655e	2	35750907	35762850	7	-1.5479
d340b696-14e0-40b5-84fa-7dad47ca655e	2	35762881	48722262	9378	0.0075
d340b696-14e0-40b5-84fa-7dad47ca655e	2	48727703	49050959	269	-1.0435
d340b696-14e0-40b5-84fa-7dad47ca655e	2	49054503	82799541	22122	0.0091
d340b696-14e0-40b5-84fa-7dad47ca655e	2	82802789	82803376	2	-1.8743
d340b696-14e0-40b5-84fa-7dad47ca655e	2	82805734	86250186	1992	0.0071
d340b696-14e0-40b5-84fa-7dad47ca655e	2	86250341	86254712	4	-1.0103
d340b696-14e0-40b5-84fa-7dad47ca655e	2	86254877	86710564	251	0.0237
d340b696-14e0-40b5-84fa-7dad47ca655e	2	86725947	86726731	2	1.8008
d340b696-14e0-40b5-84fa-7dad47ca655e	2	86743283	97537802	1931	0.0308
d340b696-14e0-40b5-84fa-7dad47ca655e	2	97540809	97545247	3	-1.6174
d340b696-14e0-40b5-84fa-7dad47ca655e	2	97545726	146104517	29337	0.0052
d340b696-14e0-40b5-84fa-7dad47ca655e	2	146106836	146109366	24	-1.749
d340b696-14e0-40b5-84fa-7dad47ca655e	2	146120238	242147305	58946	0.0067
d340b696-14e0-40b5-84fa-7dad47ca655e	3	20930	6604856	5806	0.0389
d340b696-14e0-40b5-84fa-7dad47ca655e	3	6609441	6611645	23	-0.7249
d340b696-14e0-40b5-84fa-7dad47ca655e	3	6613391	59745425	34407	0.0082
d340b696-14e0-40b5-84fa-7dad47ca655e	3	59745785	61040679	1455	0.0687
d340b696-14e0-40b5-84fa-7dad47ca655e	3	61040827	68697013	6006	0.0067
d340b696-14e0-40b5-84fa-7dad47ca655e	3	68697108	68698262	14	-1.6128
d340b696-14e0-40b5-84fa-7dad47ca655e	3	68699607	99225614	15888	0.0067
d340b696-14e0-40b5-84fa-7dad47ca655e	3	99225632	99230187	24	-0.437
d340b696-14e0-40b5-84fa-7dad47ca655e	3	99230194	130067097	18693	0.0057
d340b696-14e0-40b5-84fa-7dad47ca655e	3	130067366	130087393	32	-1.7188
d340b696-14e0-40b5-84fa-7dad47ca655e	3	130088081	140611962	6577	0.0065
d340b696-14e0-40b5-84fa-7dad47ca655e	3	140613690	140613916	3	-1.4553
d340b696-14e0-40b5-84fa-7dad47ca655e	3	140616596	149245176	5296	0.0202
d340b696-14e0-40b5-84fa-7dad47ca655e	3	149245189	149250334	25	-0.6889
d340b696-14e0-40b5-84fa-7dad47ca655e	3	149253293	162794951	8317	0.0126
d340b696-14e0-40b5-84fa-7dad47ca655e	3	162795304	162861910	38	0.5223
d340b696-14e0-40b5-84fa-7dad47ca655e	3	162863585	175358535	7664	0.0191
d340b696-14e0-40b5-84fa-7dad47ca655e	3	175358558	175443714	82	0.1503
d340b696-14e0-40b5-84fa-7dad47ca655e	3	175444430	175451873	2	-1.1416
d340b696-14e0-40b5-84fa-7dad47ca655e	3	175453074	176023677	341	0.0998
d340b696-14e0-40b5-84fa-7dad47ca655e	3	176029158	189642965	8572	0.0148
d340b696-14e0-40b5-84fa-7dad47ca655e	3	189645889	189646849	11	-0.8529
d340b696-14e0-40b5-84fa-7dad47ca655e	3	189653199	195474595	3959	0.0157
d340b696-14e0-40b5-84fa-7dad47ca655e	3	195514028	195729085	52	0.258
d340b696-14e0-40b5-84fa-7dad47ca655e	3	195729177	195747892	12	0.856
d340b696-14e0-40b5-84fa-7dad47ca655e	3	195751823	198169247	1166	0.0317
d340b696-14e0-40b5-84fa-7dad47ca655e	4	68929	10208766	5695	0.0007
d340b696-14e0-40b5-84fa-7dad47ca655e	4	10212536	10232642	31	-2.2704
d340b696-14e0-40b5-84fa-7dad47ca655e	4	10232984	10233644	5	-0.665
d340b696-14e0-40b5-84fa-7dad47ca655e	4	10234518	10390730	172	0.0159
d340b696-14e0-40b5-84fa-7dad47ca655e	4	10391530	10398887	14	0.4174
d340b696-14e0-40b5-84fa-7dad47ca655e	4	10399044	26266060	11512	0.0069
d340b696-14e0-40b5-84fa-7dad47ca655e	4	26267009	26287196	10	-0.1724
d340b696-14e0-40b5-84fa-7dad47ca655e	4	26290363	26293154	3	-1.1888
d340b696-14e0-40b5-84fa-7dad47ca655e	4	26293552	34777432	5232	0.001
d340b696-14e0-40b5-84fa-7dad47ca655e	4	34784878	34817589	35	-0.5645
d340b696-14e0-40b5-84fa-7dad47ca655e	4	34819718	40371065	3682	0.0085
d340b696-14e0-40b5-84fa-7dad47ca655e	4	40371133	40372166	2	-1.4361
d340b696-14e0-40b5-84fa-7dad47ca655e	4	40372269	49214614	5275	0.0181
d340b696-14e0-40b5-84fa-7dad47ca655e	4	49289175	49289338	2	-1.6747
d340b696-14e0-40b5-84fa-7dad47ca655e	4	49295203	63828222	7573	0.0103
d340b696-14e0-40b5-84fa-7dad47ca655e	4	63831751	63842490	26	-0.3461
d340b696-14e0-40b5-84fa-7dad47ca655e	4	63842505	68361130	2846	0.0172
d340b696-14e0-40b5-84fa-7dad47ca655e	4	68378716	68655691	92	-0.2656
d340b696-14e0-40b5-84fa-7dad47ca655e	4	68663241	114252544	27638	0.0119
d340b696-14e0-40b5-84fa-7dad47ca655e	4	114254167	114261019	23	0.8657
d340b696-14e0-40b5-84fa-7dad47ca655e	4	114263073	115244712	609	0.0015
d340b696-14e0-40b5-84fa-7dad47ca655e	4	115244948	115252113	11	-0.8638
d340b696-14e0-40b5-84fa-7dad47ca655e	4	115254098	154881396	23382	0.005
d340b696-14e0-40b5-84fa-7dad47ca655e	4	154881853	154881926	3	-2.8512
d340b696-14e0-40b5-84fa-7dad47ca655e	4	154882047	171448195	10573	0.0054
d340b696-14e0-40b5-84fa-7dad47ca655e	4	171453733	171453798	2	2.2965
d340b696-14e0-40b5-84fa-7dad47ca655e	4	171453876	190106768	12470	0.0215
d340b696-14e0-40b5-84fa-7dad47ca655e	5	15532	574208	236	0.0451
d340b696-14e0-40b5-84fa-7dad47ca655e	5	575190	580938	2	-1.4862
d340b696-14e0-40b5-84fa-7dad47ca655e	5	588360	15719113	11918	0.0075
d340b696-14e0-40b5-84fa-7dad47ca655e	5	15719241	15720488	10	-0.7381
d340b696-14e0-40b5-84fa-7dad47ca655e	5	15723237	16517021	530	0.0384
d340b696-14e0-40b5-84fa-7dad47ca655e	5	16517258	16522016	4	-0.8547
d340b696-14e0-40b5-84fa-7dad47ca655e	5	16522325	21376735	2940	0.0141
d340b696-14e0-40b5-84fa-7dad47ca655e	5	21377730	21377744	2	-1.7962
d340b696-14e0-40b5-84fa-7dad47ca655e	5	21385957	58030200	20040	0.0084
d340b696-14e0-40b5-84fa-7dad47ca655e	5	58030336	58037089	27	-0.5234
d340b696-14e0-40b5-84fa-7dad47ca655e	5	58037128	152134610	57507	0.0098
d340b696-14e0-40b5-84fa-7dad47ca655e	5	152135825	152140710	14	-0.8105
d340b696-14e0-40b5-84fa-7dad47ca655e	5	152140861	155310661	2079	0.0046
d340b696-14e0-40b5-84fa-7dad47ca655e	5	155310922	155311239	2	-1.5742
d340b696-14e0-40b5-84fa-7dad47ca655e	5	155311586	180947523	17155	0.0064
d340b696-14e0-40b5-84fa-7dad47ca655e	5	180951710	180991103	19	-0.6862
d340b696-14e0-40b5-84fa-7dad47ca655e	5	181006225	181363319	170	0.078
d340b696-14e0-40b5-84fa-7dad47ca655e	6	149661	23057409	17683	0.003
d340b696-14e0-40b5-84fa-7dad47ca655e	6	23060763	23064026	4	-1.2759
d340b696-14e0-40b5-84fa-7dad47ca655e	6	23067417	29869295	3936	0.0183
d340b696-14e0-40b5-84fa-7dad47ca655e	6	29869410	29875657	9	-0.4802
d340b696-14e0-40b5-84fa-7dad47ca655e	6	29876257	29882603	11	-1.2891
d340b696-14e0-40b5-84fa-7dad47ca655e	6	29903859	30096785	111	0.0504
d340b696-14e0-40b5-84fa-7dad47ca655e	6	30097080	30097542	2	-1.815
d340b696-14e0-40b5-84fa-7dad47ca655e	6	30097639	31313046	544	0.0107
d340b696-14e0-40b5-84fa-7dad47ca655e	6	31318499	31328176	8	-1.3818
d340b696-14e0-40b5-84fa-7dad47ca655e	6	31328210	32481273	502	0.0027
d340b696-14e0-40b5-84fa-7dad47ca655e	6	32485024	32658841	64	-0.6417
d340b696-14e0-40b5-84fa-7dad47ca655e	6	32682835	54066286	13675	0.0069
d340b696-14e0-40b5-84fa-7dad47ca655e	6	54066353	54067057	7	-1.2173
d340b696-14e0-40b5-84fa-7dad47ca655e	6	54070550	66328153	5359	0.0142
d340b696-14e0-40b5-84fa-7dad47ca655e	6	66331020	66333004	6	-2.2593
d340b696-14e0-40b5-84fa-7dad47ca655e	6	66333299	73882509	5003	0.001
d340b696-14e0-40b5-84fa-7dad47ca655e	6	73882741	73891694	9	-2.5026
d340b696-14e0-40b5-84fa-7dad47ca655e	6	73893839	76013980	1295	0.0056
d340b696-14e0-40b5-84fa-7dad47ca655e	6	76014541	76015615	2	-1.2128
d340b696-14e0-40b5-84fa-7dad47ca655e	6	76018329	78253172	1459	0.0165
d340b696-14e0-40b5-84fa-7dad47ca655e	6	78259348	78322600	106	-0.5188
d340b696-14e0-40b5-84fa-7dad47ca655e	6	78322875	103286954	15439	0.0084
d340b696-14e0-40b5-84fa-7dad47ca655e	6	103290101	103314186	46	-1.2759
d340b696-14e0-40b5-84fa-7dad47ca655e	6	103317795	170741917	44083	0.0101
d340b696-14e0-40b5-84fa-7dad47ca655e	7	43355	70955452	44538	0.0122
d340b696-14e0-40b5-84fa-7dad47ca655e	7	70958264	70961155	2	-2.3624
d340b696-14e0-40b5-84fa-7dad47ca655e	7	70963257	88558005	9745	0.0138
d340b696-14e0-40b5-84fa-7dad47ca655e	7	88563524	90208648	1110	0.0876
d340b696-14e0-40b5-84fa-7dad47ca655e	7	90209495	134100442	26173	0.0084
d340b696-14e0-40b5-84fa-7dad47ca655e	7	134100458	134110881	23	0.6373
d340b696-14e0-40b5-84fa-7dad47ca655e	7	134110912	138131628	2781	0.0002
d340b696-14e0-40b5-84fa-7dad47ca655e	7	138131986	138132879	3	-1.2097
d340b696-14e0-40b5-84fa-7dad47ca655e	7	138138924	144249785	3643	0.0158
d340b696-14e0-40b5-84fa-7dad47ca655e	7	144255220	144295437	7	-1.1332
d340b696-14e0-40b5-84fa-7dad47ca655e	7	144306653	159334314	9636	0.0093
d340b696-14e0-40b5-84fa-7dad47ca655e	8	81254	644973	324	0.0339
d340b696-14e0-40b5-84fa-7dad47ca655e	8	645220	645875	6	0.9695
d340b696-14e0-40b5-84fa-7dad47ca655e	8	645892	645908	2	3.662
d340b696-14e0-40b5-84fa-7dad47ca655e	8	656117	9196404	8335	0.0323
d340b696-14e0-40b5-84fa-7dad47ca655e	8	9198857	9204980	27	-0.9767
d340b696-14e0-40b5-84fa-7dad47ca655e	8	9205016	15543669	5073	0.0127
d340b696-14e0-40b5-84fa-7dad47ca655e	8	15545551	15555938	9	-1.0402
d340b696-14e0-40b5-84fa-7dad47ca655e	8	15565761	25117007	7655	0.0102
d340b696-14e0-40b5-84fa-7dad47ca655e	8	25117062	25126735	23	0.5773
d340b696-14e0-40b5-84fa-7dad47ca655e	8	25126818	39372806	8991	0.0056
d340b696-14e0-40b5-84fa-7dad47ca655e	8	39373140	39526605	56	-0.2865
d340b696-14e0-40b5-84fa-7dad47ca655e	8	39527181	40914477	1076	0.0078
d340b696-14e0-40b5-84fa-7dad47ca655e	8	40920333	40920952	2	-2.1614
d340b696-14e0-40b5-84fa-7dad47ca655e	8	40926161	52452180	5017	-0.0012
d340b696-14e0-40b5-84fa-7dad47ca655e	8	52452684	52453304	4	-1.3669
d340b696-14e0-40b5-84fa-7dad47ca655e	8	52462668	81980844	18398	0.0063
d340b696-14e0-40b5-84fa-7dad47ca655e	8	81989877	81990115	2	-1.808
d340b696-14e0-40b5-84fa-7dad47ca655e	8	81992164	84345754	1343	-0.0033
d340b696-14e0-40b5-84fa-7dad47ca655e	8	84350648	84356431	19	-0.7658
d340b696-14e0-40b5-84fa-7dad47ca655e	8	84358447	111279265	16076	0.0119
d340b696-14e0-40b5-84fa-7dad47ca655e	8	111282050	111283031	10	-1.1413
d340b696-14e0-40b5-84fa-7dad47ca655e	8	111288052	114619814	1820	0.022
d340b696-14e0-40b5-84fa-7dad47ca655e	8	114622258	114629502	35	-0.6092
d340b696-14e0-40b5-84fa-7dad47ca655e	8	114638468	145072769	21014	0.007
d340b696-14e0-40b5-84fa-7dad47ca655e	9	46587	23363117	20380	0.0178
d340b696-14e0-40b5-84fa-7dad47ca655e	9	23363935	23380447	10	0.8033
d340b696-14e0-40b5-84fa-7dad47ca655e	9	23380836	39588611	10717	0.011
d340b696-14e0-40b5-84fa-7dad47ca655e	9	39747848	39840169	5	0.93
d340b696-14e0-40b5-84fa-7dad47ca655e	9	40018947	61405110	193	0.0425
d340b696-14e0-40b5-84fa-7dad47ca655e	9	61520021	61647899	30	-1.4722
d340b696-14e0-40b5-84fa-7dad47ca655e	9	61665362	82749856	10519	0.0047
d340b696-14e0-40b5-84fa-7dad47ca655e	9	82761361	82769329	10	-0.9589
d340b696-14e0-40b5-84fa-7dad47ca655e	9	82776771	98165295	10493	0.0054
d340b696-14e0-40b5-84fa-7dad47ca655e	9	98165350	98165480	2	-1.8615
d340b696-14e0-40b5-84fa-7dad47ca655e	9	98165961	138200944	26964	0.0073
d340b696-14e0-40b5-84fa-7dad47ca655e	10	45792	89178916	60119	0.0083
d340b696-14e0-40b5-84fa-7dad47ca655e	10	89183210	89190337	13	-0.8661
d340b696-14e0-40b5-84fa-7dad47ca655e	10	89190649	122564250	22427	0.0041
d340b696-14e0-40b5-84fa-7dad47ca655e	10	122574497	122598210	9	-0.8873
d340b696-14e0-40b5-84fa-7dad47ca655e	10	122623497	131048126	6433	0.0042
d340b696-14e0-40b5-84fa-7dad47ca655e	10	131050769	131050965	2	-1.9762
d340b696-14e0-40b5-84fa-7dad47ca655e	10	131051219	131435783	330	-0.0171
d340b696-14e0-40b5-84fa-7dad47ca655e	10	131436288	131437469	2	-1.4277
d340b696-14e0-40b5-84fa-7dad47ca655e	10	131439696	133654968	1117	-0.0022
d340b696-14e0-40b5-84fa-7dad47ca655e	11	198510	4947280	2414	-0.0137
d340b696-14e0-40b5-84fa-7dad47ca655e	11	4949013	4955042	29	0.7979
d340b696-14e0-40b5-84fa-7dad47ca655e	11	4955781	5768371	783	0.0248
d340b696-14e0-40b5-84fa-7dad47ca655e	11	5768495	5768511	2	-1.1911
d340b696-14e0-40b5-84fa-7dad47ca655e	11	5768639	5787818	26	0.3621
d340b696-14e0-40b5-84fa-7dad47ca655e	11	5787909	18927525	9395	0.0041
d340b696-14e0-40b5-84fa-7dad47ca655e	11	18927562	18937343	30	0.4977
d340b696-14e0-40b5-84fa-7dad47ca655e	11	18938477	49737304	20994	0.0066
d340b696-14e0-40b5-84fa-7dad47ca655e	11	49737435	49744972	10	-0.8766
d340b696-14e0-40b5-84fa-7dad47ca655e	11	49745040	54669858	393	0.0313
d340b696-14e0-40b5-84fa-7dad47ca655e	11	54671553	54671891	2	-1.4853
d340b696-14e0-40b5-84fa-7dad47ca655e	11	54675889	55608804	332	0.0506
d340b696-14e0-40b5-84fa-7dad47ca655e	11	55609022	55674842	40	0.4838
d340b696-14e0-40b5-84fa-7dad47ca655e	11	55676735	76251982	10623	0.0103
d340b696-14e0-40b5-84fa-7dad47ca655e	11	76253330	76257183	3	-1.3911
d340b696-14e0-40b5-84fa-7dad47ca655e	11	76258476	80256469	2617	0.002
d340b696-14e0-40b5-84fa-7dad47ca655e	11	80256504	80256520	2	-2.2607
d340b696-14e0-40b5-84fa-7dad47ca655e	11	80256642	107910653	19442	0.006
d340b696-14e0-40b5-84fa-7dad47ca655e	11	107913781	107914372	2	-3.1254
d340b696-14e0-40b5-84fa-7dad47ca655e	11	107916987	135074876	19492	0.0049
d340b696-14e0-40b5-84fa-7dad47ca655e	12	51460	11068125	7213	0.0128
d340b696-14e0-40b5-84fa-7dad47ca655e	12	11070111	11088933	9	-1.3493
d340b696-14e0-40b5-84fa-7dad47ca655e	12	11099275	11351157	131	0.0209
d340b696-14e0-40b5-84fa-7dad47ca655e	12	11358643	11390472	31	0.8829
d340b696-14e0-40b5-84fa-7dad47ca655e	12	11399258	17449938	4252	0.0092
d340b696-14e0-40b5-84fa-7dad47ca655e	12	17454519	17480004	13	-0.4471
d340b696-14e0-40b5-84fa-7dad47ca655e	12	17481171	22456821	3256	0.0084
d340b696-14e0-40b5-84fa-7dad47ca655e	12	22457208	22461245	2	-1.5223
d340b696-14e0-40b5-84fa-7dad47ca655e	12	22461988	33140973	7813	0.0118
d340b696-14e0-40b5-84fa-7dad47ca655e	12	33141564	38821834	1367	0.0701
d340b696-14e0-40b5-84fa-7dad47ca655e	12	38821850	98556712	37382	0.0067
d340b696-14e0-40b5-84fa-7dad47ca655e	12	98562467	98564210	2	-2.3758
d340b696-14e0-40b5-84fa-7dad47ca655e	12	98568304	133201603	23206	0.0089
d340b696-14e0-40b5-84fa-7dad47ca655e	13	18452809	37496998	13458	0.0079
d340b696-14e0-40b5-84fa-7dad47ca655e	13	37497899	37510620	16	0.6426
d340b696-14e0-40b5-84fa-7dad47ca655e	13	37514193	49629627	8336	0.0107
d340b696-14e0-40b5-84fa-7dad47ca655e	13	49630195	50960885	753	0.0818
d340b696-14e0-40b5-84fa-7dad47ca655e	13	50968953	57103634	3371	0.016
d340b696-14e0-40b5-84fa-7dad47ca655e	13	57105533	57399786	191	0.1549
d340b696-14e0-40b5-84fa-7dad47ca655e	13	57400175	58010656	292	0.0293
d340b696-14e0-40b5-84fa-7dad47ca655e	13	58016147	58022896	6	-1.087
d340b696-14e0-40b5-84fa-7dad47ca655e	13	58027918	114342922	37565	0.0059
d340b696-14e0-40b5-84fa-7dad47ca655e	14	18239283	19675350	63	-0.0164
d340b696-14e0-40b5-84fa-7dad47ca655e	14	19689684	19957350	105	-0.3707
d340b696-14e0-40b5-84fa-7dad47ca655e	14	19957701	21855405	1253	0.0213
d340b696-14e0-40b5-84fa-7dad47ca655e	14	21856896	21860397	11	-0.6777
d340b696-14e0-40b5-84fa-7dad47ca655e	14	21860829	41139155	12296	0.0062
d340b696-14e0-40b5-84fa-7dad47ca655e	14	41141293	41188046	14	-2.373
d340b696-14e0-40b5-84fa-7dad47ca655e	14	41188146	106877229	41540	0.008
d340b696-14e0-40b5-84fa-7dad47ca655e	15	19811075	21018354	158	0.0302
d340b696-14e0-40b5-84fa-7dad47ca655e	15	21053458	22299523	48	-0.2844
d340b696-14e0-40b5-84fa-7dad47ca655e	15	22385639	23871882	663	0.0368
d340b696-14e0-40b5-84fa-7dad47ca655e	15	23872013	23872656	2	-1.4882
d340b696-14e0-40b5-84fa-7dad47ca655e	15	23874519	24424598	325	0.0358
d340b696-14e0-40b5-84fa-7dad47ca655e	15	24429604	24473026	33	-0.536
d340b696-14e0-40b5-84fa-7dad47ca655e	15	24473449	33826195	5804	0.0163
d340b696-14e0-40b5-84fa-7dad47ca655e	15	33826937	33827822	3	-1.8514
d340b696-14e0-40b5-84fa-7dad47ca655e	15	33828316	34379885	379	-0.0048
d340b696-14e0-40b5-84fa-7dad47ca655e	15	34386576	34447720	16	-0.5365
d340b696-14e0-40b5-84fa-7dad47ca655e	15	34453518	34454261	3	-2.7864
d340b696-14e0-40b5-84fa-7dad47ca655e	15	34455142	34526116	48	-0.755
d340b696-14e0-40b5-84fa-7dad47ca655e	15	34570058	45555723	6524	0.0081
d340b696-14e0-40b5-84fa-7dad47ca655e	15	45559253	45561908	2	-1.3846
d340b696-14e0-40b5-84fa-7dad47ca655e	15	45562378	55789089	6681	0.006
d340b696-14e0-40b5-84fa-7dad47ca655e	15	55790776	55798411	8	-0.8637
d340b696-14e0-40b5-84fa-7dad47ca655e	15	55798532	65521764	6628	0.0162
d340b696-14e0-40b5-84fa-7dad47ca655e	15	65524604	65526049	3	-2.3521
d340b696-14e0-40b5-84fa-7dad47ca655e	15	65530196	69179635	2369	0.0073
d340b696-14e0-40b5-84fa-7dad47ca655e	15	69181959	69182163	2	-1.6452
d340b696-14e0-40b5-84fa-7dad47ca655e	15	69183745	96355057	17724	0.0118
d340b696-14e0-40b5-84fa-7dad47ca655e	15	96359010	96359219	2	-1.8324
d340b696-14e0-40b5-84fa-7dad47ca655e	15	96359831	101928837	4038	0.0057
d340b696-14e0-40b5-84fa-7dad47ca655e	16	10777	14802340	11068	0.0057
d340b696-14e0-40b5-84fa-7dad47ca655e	16	14803944	16435734	657	0.5938
d340b696-14e0-40b5-84fa-7dad47ca655e	16	16449962	19933041	1706	0.0314
d340b696-14e0-40b5-84fa-7dad47ca655e	16	19934328	19956040	29	-0.8545
d340b696-14e0-40b5-84fa-7dad47ca655e	16	19958932	22412847	1269	0.0276
d340b696-14e0-40b5-84fa-7dad47ca655e	16	22417041	22706983	81	0.2045
d340b696-14e0-40b5-84fa-7dad47ca655e	16	22707065	35232200	5316	0.0001
d340b696-14e0-40b5-84fa-7dad47ca655e	16	35236333	35522700	167	0.5057
d340b696-14e0-40b5-84fa-7dad47ca655e	16	35526596	90096867	31485	0.0057
d340b696-14e0-40b5-84fa-7dad47ca655e	17	150733	41265456	20776	0.0106
d340b696-14e0-40b5-84fa-7dad47ca655e	17	41266762	41274279	24	0.99
d340b696-14e0-40b5-84fa-7dad47ca655e	17	41276472	46131308	2532	0.0068
d340b696-14e0-40b5-84fa-7dad47ca655e	17	46135062	46569894	96	-0.4187
d340b696-14e0-40b5-84fa-7dad47ca655e	17	46571001	83091923	21526	0.0055
d340b696-14e0-40b5-84fa-7dad47ca655e	18	48133	66239629	40372	0.0042
d340b696-14e0-40b5-84fa-7dad47ca655e	18	66240197	66244639	11	-0.7788
d340b696-14e0-40b5-84fa-7dad47ca655e	18	66244905	71258795	3583	0.0082
d340b696-14e0-40b5-84fa-7dad47ca655e	18	71261876	73893793	2093	0.0576
d340b696-14e0-40b5-84fa-7dad47ca655e	18	73894701	76090830	1769	-0.0012
d340b696-14e0-40b5-84fa-7dad47ca655e	18	76092134	76094782	3	-1.2805
d340b696-14e0-40b5-84fa-7dad47ca655e	18	76094970	77357090	949	0.0214
d340b696-14e0-40b5-84fa-7dad47ca655e	18	77360922	77361319	3	-2.4519
d340b696-14e0-40b5-84fa-7dad47ca655e	18	77364740	80257174	1847	0.0173
d340b696-14e0-40b5-84fa-7dad47ca655e	19	90910	27798320	11245	0.0058
d340b696-14e0-40b5-84fa-7dad47ca655e	19	27803571	27826435	21	-0.8414
d340b696-14e0-40b5-84fa-7dad47ca655e	19	27828826	54815158	15514	0.0058
d340b696-14e0-40b5-84fa-7dad47ca655e	19	54819199	54837236	13	-1.0327
d340b696-14e0-40b5-84fa-7dad47ca655e	19	54852069	58586487	2283	0.0106
d340b696-14e0-40b5-84fa-7dad47ca655e	20	80664	1580141	1199	0.0088
d340b696-14e0-40b5-84fa-7dad47ca655e	20	1580156	1613247	45	-0.7113
d340b696-14e0-40b5-84fa-7dad47ca655e	20	1617300	3846662	1571	0.0078
d340b696-14e0-40b5-84fa-7dad47ca655e	20	3849020	3851613	2	-1.8741
d340b696-14e0-40b5-84fa-7dad47ca655e	20	3858160	64324800	39465	0.0061
d340b696-14e0-40b5-84fa-7dad47ca655e	21	10354168	10459828	18	0.2449
d340b696-14e0-40b5-84fa-7dad47ca655e	21	10494350	10638732	61	-0.1523
d340b696-14e0-40b5-84fa-7dad47ca655e	21	10641372	13081432	20	0.0608
d340b696-14e0-40b5-84fa-7dad47ca655e	21	13084095	13166157	11	-0.5342
d340b696-14e0-40b5-84fa-7dad47ca655e	21	13166236	16738711	2104	0.0146
d340b696-14e0-40b5-84fa-7dad47ca655e	21	16740643	16741468	3	-2.8545
d340b696-14e0-40b5-84fa-7dad47ca655e	21	16742039	46677045	21596	0.009
d340b696-14e0-40b5-84fa-7dad47ca655e	22	15294547	18620743	1131	0.0018
d340b696-14e0-40b5-84fa-7dad47ca655e	22	18649244	18783014	4	-1.1093
d340b696-14e0-40b5-84fa-7dad47ca655e	22	18818348	23929505	3240	0.0248
d340b696-14e0-40b5-84fa-7dad47ca655e	22	23929558	23987520	15	-0.5024
d340b696-14e0-40b5-84fa-7dad47ca655e	22	23988078	23990431	3	-2.0265
d340b696-14e0-40b5-84fa-7dad47ca655e	22	23990739	25286813	824	-0.0016
d340b696-14e0-40b5-84fa-7dad47ca655e	22	25288441	25289870	3	-1.2077
d340b696-14e0-40b5-84fa-7dad47ca655e	22	25293106	40397256	10713	0.0034
d340b696-14e0-40b5-84fa-7dad47ca655e	22	40398586	40398816	2	-3.0232
d340b696-14e0-40b5-84fa-7dad47ca655e	22	40401668	42508600	1193	0.0088
d340b696-14e0-40b5-84fa-7dad47ca655e	22	42510995	42536311	17	0.4724
d340b696-14e0-40b5-84fa-7dad47ca655e	22	42536412	49492049	5463	-0.0024
d340b696-14e0-40b5-84fa-7dad47ca655e	22	49495282	49495310	2	-1.536
d340b696-14e0-40b5-84fa-7dad47ca655e	22	49497505	50796027	630	0.0093
d340b696-14e0-40b5-84fa-7dad47ca655e	X	251810	71132567	36775	-0.0061
d340b696-14e0-40b5-84fa-7dad47ca655e	X	71132666	71135038	3	-3.5427
d340b696-14e0-40b5-84fa-7dad47ca655e	X	71135236	155952689	45858	-0.0171
d340b696-14e0-40b5-84fa-7dad47ca655e	Y	2782397	56872112	6633	-1.0684
