GDC_Aliquot	Chromosome	Start	End	Num_Probes	Segment_Mean
cb41686e-0e95-4106-9fec-44e30f52362e	1	62920	60672731	34724	-0.0158
cb41686e-0e95-4106-9fec-44e30f52362e	1	60673476	67322032	4948	-0.3965
cb41686e-0e95-4106-9fec-44e30f52362e	1	67323908	72275051	3091	0.0043
cb41686e-0e95-4106-9fec-44e30f52362e	1	72280850	72352916	68	0.6011
cb41686e-0e95-4106-9fec-44e30f52362e	1	72353096	74461536	1237	0.0026
cb41686e-0e95-4106-9fec-44e30f52362e	1	74464006	89009572	9689	-0.3872
cb41686e-0e95-4106-9fec-44e30f52362e	1	89012275	89012522	2	-2.6202
cb41686e-0e95-4106-9fec-44e30f52362e	1	89015841	90090349	647	-0.4025
cb41686e-0e95-4106-9fec-44e30f52362e	1	90090592	90091422	2	-3.3239
cb41686e-0e95-4106-9fec-44e30f52362e	1	90093659	112147704	13969	-0.3886
cb41686e-0e95-4106-9fec-44e30f52362e	1	112153343	112154768	25	-0.9887
cb41686e-0e95-4106-9fec-44e30f52362e	1	112163334	143494500	5152	-0.3926
cb41686e-0e95-4106-9fec-44e30f52362e	1	143541857	143928045	125	-0.7279
cb41686e-0e95-4106-9fec-44e30f52362e	1	143942271	146788785	185	-0.0057
cb41686e-0e95-4106-9fec-44e30f52362e	1	147004967	147167495	95	0.3275
cb41686e-0e95-4106-9fec-44e30f52362e	1	147170011	149041886	600	0.0147
cb41686e-0e95-4106-9fec-44e30f52362e	1	149370761	149914031	42	-0.4547
cb41686e-0e95-4106-9fec-44e30f52362e	1	149918981	149972350	23	0.0463
cb41686e-0e95-4106-9fec-44e30f52362e	1	149975408	152583051	1369	0.5539
cb41686e-0e95-4106-9fec-44e30f52362e	1	152583230	152614118	35	2.2088
cb41686e-0e95-4106-9fec-44e30f52362e	1	152618018	152789447	168	0.5567
cb41686e-0e95-4106-9fec-44e30f52362e	1	152789463	152796224	36	1.1683
cb41686e-0e95-4106-9fec-44e30f52362e	1	152801429	158544860	3288	0.5656
cb41686e-0e95-4106-9fec-44e30f52362e	1	158545103	158545233	5	-0.4215
cb41686e-0e95-4106-9fec-44e30f52362e	1	158545295	168008445	7011	0.5745
cb41686e-0e95-4106-9fec-44e30f52362e	1	168011661	168016016	2	2.1571
cb41686e-0e95-4106-9fec-44e30f52362e	1	168016712	174827128	4506	0.5715
cb41686e-0e95-4106-9fec-44e30f52362e	1	174827267	174832702	17	1.0649
cb41686e-0e95-4106-9fec-44e30f52362e	1	174832716	180524705	3802	0.5783
cb41686e-0e95-4106-9fec-44e30f52362e	1	180524808	180525364	3	2.0694
cb41686e-0e95-4106-9fec-44e30f52362e	1	180526534	189059858	5682	0.5762
cb41686e-0e95-4106-9fec-44e30f52362e	1	189060888	189063349	5	-0.4884
cb41686e-0e95-4106-9fec-44e30f52362e	1	189065103	196015096	4693	0.5887
cb41686e-0e95-4106-9fec-44e30f52362e	1	196015898	196745743	462	0.7908
cb41686e-0e95-4106-9fec-44e30f52362e	1	196758720	196769652	8	1.6972
cb41686e-0e95-4106-9fec-44e30f52362e	1	196769851	196832312	48	0.9691
cb41686e-0e95-4106-9fec-44e30f52362e	1	196832525	220588265	16250	0.5705
cb41686e-0e95-4106-9fec-44e30f52362e	1	220589182	220592537	3	-1.0402
cb41686e-0e95-4106-9fec-44e30f52362e	1	220602179	226817303	3930	0.5741
cb41686e-0e95-4106-9fec-44e30f52362e	1	226819271	226819481	3	-0.9386
cb41686e-0e95-4106-9fec-44e30f52362e	1	226825995	233611792	4709	0.5808
cb41686e-0e95-4106-9fec-44e30f52362e	1	233618245	234254426	554	0.8002
cb41686e-0e95-4106-9fec-44e30f52362e	1	234262297	248546369	10203	0.5654
cb41686e-0e95-4106-9fec-44e30f52362e	1	248550567	248633912	35	-2.5042
cb41686e-0e95-4106-9fec-44e30f52362e	1	248645563	248930189	141	0.6632
cb41686e-0e95-4106-9fec-44e30f52362e	2	12784	13844585	10464	-0.41
cb41686e-0e95-4106-9fec-44e30f52362e	2	13846099	13846179	2	-4.0611
cb41686e-0e95-4106-9fec-44e30f52362e	2	13847748	14212200	240	-0.3618
cb41686e-0e95-4106-9fec-44e30f52362e	2	14213786	14232571	60	0.339
cb41686e-0e95-4106-9fec-44e30f52362e	2	14239203	34476327	13287	-0.4056
cb41686e-0e95-4106-9fec-44e30f52362e	2	34476516	34511990	44	0.6219
cb41686e-0e95-4106-9fec-44e30f52362e	2	34512096	35742057	863	-0.3853
cb41686e-0e95-4106-9fec-44e30f52362e	2	35742319	35772407	11	0.6246
cb41686e-0e95-4106-9fec-44e30f52362e	2	35772438	52514599	12104	-0.403
cb41686e-0e95-4106-9fec-44e30f52362e	2	52516787	52554404	41	0.5478
cb41686e-0e95-4106-9fec-44e30f52362e	2	52560811	88933156	22648	-0.3911
cb41686e-0e95-4106-9fec-44e30f52362e	2	88936763	89920951	113	-0.0151
cb41686e-0e95-4106-9fec-44e30f52362e	2	89928014	94662162	191	-0.2662
cb41686e-0e95-4106-9fec-44e30f52362e	2	94664202	97535071	885	0.0098
cb41686e-0e95-4106-9fec-44e30f52362e	2	97537802	97545247	4	-1.3116
cb41686e-0e95-4106-9fec-44e30f52362e	2	97545726	101900299	2562	0.0232
cb41686e-0e95-4106-9fec-44e30f52362e	2	101902567	104009395	1358	-0.3863
cb41686e-0e95-4106-9fec-44e30f52362e	2	104010016	106263639	1640	0.0124
cb41686e-0e95-4106-9fec-44e30f52362e	2	106264257	106268901	11	-2.4219
cb41686e-0e95-4106-9fec-44e30f52362e	2	106270799	113604438	3779	-0.0057
cb41686e-0e95-4106-9fec-44e30f52362e	2	113604837	113604839	2	-2.0625
cb41686e-0e95-4106-9fec-44e30f52362e	2	113623244	116118808	1538	0.0125
cb41686e-0e95-4106-9fec-44e30f52362e	2	116119519	116640762	314	-0.412
cb41686e-0e95-4106-9fec-44e30f52362e	2	116643505	169815974	32537	0.0148
cb41686e-0e95-4106-9fec-44e30f52362e	2	169818221	169929650	45	-0.483
cb41686e-0e95-4106-9fec-44e30f52362e	2	169936409	200476113	18370	0.0174
cb41686e-0e95-4106-9fec-44e30f52362e	2	200478813	201246743	427	0.3162
cb41686e-0e95-4106-9fec-44e30f52362e	2	201248829	242147305	25881	0.0043
cb41686e-0e95-4106-9fec-44e30f52362e	3	20930	6604856	5816	-0.0062
cb41686e-0e95-4106-9fec-44e30f52362e	3	6609441	6611645	23	-0.6663
cb41686e-0e95-4106-9fec-44e30f52362e	3	6613391	26570116	14168	0.0043
cb41686e-0e95-4106-9fec-44e30f52362e	3	26570158	26570394	5	-2.5112
cb41686e-0e95-4106-9fec-44e30f52362e	3	26570407	26573486	11	-0.4044
cb41686e-0e95-4106-9fec-44e30f52362e	3	26574458	27002304	311	0.012
cb41686e-0e95-4106-9fec-44e30f52362e	3	27003116	27027186	12	-0.7659
cb41686e-0e95-4106-9fec-44e30f52362e	3	27028321	68697013	27453	0.0118
cb41686e-0e95-4106-9fec-44e30f52362e	3	68697108	68698262	14	-1.7824
cb41686e-0e95-4106-9fec-44e30f52362e	3	68699607	132273893	36129	0.0188
cb41686e-0e95-4106-9fec-44e30f52362e	3	132273929	132276840	3	-2.3751
cb41686e-0e95-4106-9fec-44e30f52362e	3	132281633	136300257	2588	0.0167
cb41686e-0e95-4106-9fec-44e30f52362e	3	136304109	136306584	2	-2.9339
cb41686e-0e95-4106-9fec-44e30f52362e	3	136319699	162795304	16241	0.0156
cb41686e-0e95-4106-9fec-44e30f52362e	3	162795361	162807070	9	1.2977
cb41686e-0e95-4106-9fec-44e30f52362e	3	162810842	162822702	10	-0.65
cb41686e-0e95-4106-9fec-44e30f52362e	3	162827928	162849883	10	1.2841
cb41686e-0e95-4106-9fec-44e30f52362e	3	162849938	162861910	8	0.1175
cb41686e-0e95-4106-9fec-44e30f52362e	3	162863585	162906109	28	0.8963
cb41686e-0e95-4106-9fec-44e30f52362e	3	162908192	162996729	74	-0.0082
cb41686e-0e95-4106-9fec-44e30f52362e	3	162999939	163001774	2	-2.8237
cb41686e-0e95-4106-9fec-44e30f52362e	3	163008371	192670445	18753	0.0122
cb41686e-0e95-4106-9fec-44e30f52362e	3	192670476	192672988	3	-1.3784
cb41686e-0e95-4106-9fec-44e30f52362e	3	192674578	198169247	3052	0
cb41686e-0e95-4106-9fec-44e30f52362e	4	68929	9455251	5158	-0.008
cb41686e-0e95-4106-9fec-44e30f52362e	4	9459504	9463248	3	1.8905
cb41686e-0e95-4106-9fec-44e30f52362e	4	9469529	10208245	536	0.0122
cb41686e-0e95-4106-9fec-44e30f52362e	4	10208322	10244648	53	0.369
cb41686e-0e95-4106-9fec-44e30f52362e	4	10245888	34777432	16962	0.0082
cb41686e-0e95-4106-9fec-44e30f52362e	4	34784878	34823103	38	-2.5908
cb41686e-0e95-4106-9fec-44e30f52362e	4	34828250	49214614	8976	0.0135
cb41686e-0e95-4106-9fec-44e30f52362e	4	49289175	49289338	2	-2.3202
cb41686e-0e95-4106-9fec-44e30f52362e	4	49295203	57934843	4183	0.0086
cb41686e-0e95-4106-9fec-44e30f52362e	4	57944287	57950644	11	-0.9162
cb41686e-0e95-4106-9fec-44e30f52362e	4	57963380	63828222	3393	0.0139
cb41686e-0e95-4106-9fec-44e30f52362e	4	63831751	63842540	28	0.4639
cb41686e-0e95-4106-9fec-44e30f52362e	4	63850713	68418873	2856	0.0261
cb41686e-0e95-4106-9fec-44e30f52362e	4	68422420	68422424	3	-2.3779
cb41686e-0e95-4106-9fec-44e30f52362e	4	68429081	68506285	12	0.0944
cb41686e-0e95-4106-9fec-44e30f52362e	4	68509223	68620261	65	0.7332
cb41686e-0e95-4106-9fec-44e30f52362e	4	68623617	76368633	4625	0.0209
cb41686e-0e95-4106-9fec-44e30f52362e	4	76370923	76371166	3	-1.6479
cb41686e-0e95-4106-9fec-44e30f52362e	4	76371213	114252544	23069	0.0134
cb41686e-0e95-4106-9fec-44e30f52362e	4	114254167	114263110	26	0.6192
cb41686e-0e95-4106-9fec-44e30f52362e	4	114263154	160952760	27956	0.0147
cb41686e-0e95-4106-9fec-44e30f52362e	4	160952773	160963815	27	-0.6205
cb41686e-0e95-4106-9fec-44e30f52362e	4	160963825	171448195	6664	0.0098
cb41686e-0e95-4106-9fec-44e30f52362e	4	171453733	171456293	8	-1.3475
cb41686e-0e95-4106-9fec-44e30f52362e	4	171456307	172066777	401	0.0227
cb41686e-0e95-4106-9fec-44e30f52362e	4	172067997	172068382	12	-1.864
cb41686e-0e95-4106-9fec-44e30f52362e	4	172074828	172501371	231	0.0226
cb41686e-0e95-4106-9fec-44e30f52362e	4	172503796	172507492	7	1.303
cb41686e-0e95-4106-9fec-44e30f52362e	4	172519981	188239703	10662	0.0065
cb41686e-0e95-4106-9fec-44e30f52362e	4	188242444	188262221	12	0.7874
cb41686e-0e95-4106-9fec-44e30f52362e	4	188270767	188284283	9	-0.0234
cb41686e-0e95-4106-9fec-44e30f52362e	4	188289697	188290318	2	-1.9295
cb41686e-0e95-4106-9fec-44e30f52362e	4	188290525	189267889	804	0.0555
cb41686e-0e95-4106-9fec-44e30f52362e	4	189273964	189274508	3	1.292
cb41686e-0e95-4106-9fec-44e30f52362e	4	189278110	190106768	351	0.0962
cb41686e-0e95-4106-9fec-44e30f52362e	5	15532	106937	43	0.1822
cb41686e-0e95-4106-9fec-44e30f52362e	5	106992	12800777	10150	-0.0099
cb41686e-0e95-4106-9fec-44e30f52362e	5	12815668	12838421	14	1.374
cb41686e-0e95-4106-9fec-44e30f52362e	5	12849089	25188427	7665	0.0152
cb41686e-0e95-4106-9fec-44e30f52362e	5	25190041	39786466	9486	0.3269
cb41686e-0e95-4106-9fec-44e30f52362e	5	39793718	39798828	5	-1.4772
cb41686e-0e95-4106-9fec-44e30f52362e	5	39806062	46271006	3314	0.3218
cb41686e-0e95-4106-9fec-44e30f52362e	5	46271828	46273400	6	-2.5909
cb41686e-0e95-4106-9fec-44e30f52362e	5	46278110	58033802	5083	0.325
cb41686e-0e95-4106-9fec-44e30f52362e	5	58033929	58036817	20	-0.2763
cb41686e-0e95-4106-9fec-44e30f52362e	5	58037089	72659266	8133	0.3215
cb41686e-0e95-4106-9fec-44e30f52362e	5	72667411	72745504	39	0.7623
cb41686e-0e95-4106-9fec-44e30f52362e	5	72745584	104171056	18443	0.3245
cb41686e-0e95-4106-9fec-44e30f52362e	5	104174079	104199787	23	-0.2881
cb41686e-0e95-4106-9fec-44e30f52362e	5	104201414	121793804	12048	0.3213
cb41686e-0e95-4106-9fec-44e30f52362e	5	121797242	121799781	3	-1.1099
cb41686e-0e95-4106-9fec-44e30f52362e	5	121800431	156048095	21598	0.3116
cb41686e-0e95-4106-9fec-44e30f52362e	5	156049762	156055719	14	-0.6398
cb41686e-0e95-4106-9fec-44e30f52362e	5	156068240	166411869	6872	0.3011
cb41686e-0e95-4106-9fec-44e30f52362e	5	166412657	166423045	35	-0.4103
cb41686e-0e95-4106-9fec-44e30f52362e	5	166427062	180951888	9701	0.2963
cb41686e-0e95-4106-9fec-44e30f52362e	5	180953203	180990207	13	1.1662
cb41686e-0e95-4106-9fec-44e30f52362e	5	180990614	181363319	174	0.2796
cb41686e-0e95-4106-9fec-44e30f52362e	6	149661	254283	101	-0.0633
cb41686e-0e95-4106-9fec-44e30f52362e	6	257353	381149	100	0.7096
cb41686e-0e95-4106-9fec-44e30f52362e	6	382559	385784	8	-0.9609
cb41686e-0e95-4106-9fec-44e30f52362e	6	387532	856766	389	-0.0826
cb41686e-0e95-4106-9fec-44e30f52362e	6	858094	893507	41	-0.4531
cb41686e-0e95-4106-9fec-44e30f52362e	6	893952	6025978	4208	-0.0839
cb41686e-0e95-4106-9fec-44e30f52362e	6	6033698	6034203	3	-4.0186
cb41686e-0e95-4106-9fec-44e30f52362e	6	6036812	24855523	14134	-0.0729
cb41686e-0e95-4106-9fec-44e30f52362e	6	24856351	54066269	17619	-0.0041
cb41686e-0e95-4106-9fec-44e30f52362e	6	54066286	54067057	8	1.2711
cb41686e-0e95-4106-9fec-44e30f52362e	6	54070550	58072746	2066	0.0161
cb41686e-0e95-4106-9fec-44e30f52362e	6	58072883	61813251	688	0.1092
cb41686e-0e95-4106-9fec-44e30f52362e	6	61813538	65112100	1790	-0.0039
cb41686e-0e95-4106-9fec-44e30f52362e	6	65112412	65121791	14	-0.5639
cb41686e-0e95-4106-9fec-44e30f52362e	6	65124288	65463007	237	0.0249
cb41686e-0e95-4106-9fec-44e30f52362e	6	65464406	78261995	8373	-0.0483
cb41686e-0e95-4106-9fec-44e30f52362e	6	78262064	78341897	117	-0.6374
cb41686e-0e95-4106-9fec-44e30f52362e	6	78342127	80568270	1420	-0.0574
cb41686e-0e95-4106-9fec-44e30f52362e	6	80574472	80579817	33	-1.0577
cb41686e-0e95-4106-9fec-44e30f52362e	6	80584624	103286954	14011	-0.0725
cb41686e-0e95-4106-9fec-44e30f52362e	6	103290101	103314186	45	1.0506
cb41686e-0e95-4106-9fec-44e30f52362e	6	103317795	117229656	8512	-0.0809
cb41686e-0e95-4106-9fec-44e30f52362e	6	117231720	117233084	3	-1.3391
cb41686e-0e95-4106-9fec-44e30f52362e	6	117233263	117546674	241	-0.0552
cb41686e-0e95-4106-9fec-44e30f52362e	6	117546888	167276868	33367	-0.0183
cb41686e-0e95-4106-9fec-44e30f52362e	6	167278143	168947940	955	-0.0727
cb41686e-0e95-4106-9fec-44e30f52362e	6	168949636	168949965	2	-2.0799
cb41686e-0e95-4106-9fec-44e30f52362e	6	168951450	170741917	1101	-0.0443
cb41686e-0e95-4106-9fec-44e30f52362e	7	43355	29628975	21427	0.0005
cb41686e-0e95-4106-9fec-44e30f52362e	7	29631102	29651845	14	-0.8798
cb41686e-0e95-4106-9fec-44e30f52362e	7	29654002	38263833	5922	0.0052
cb41686e-0e95-4106-9fec-44e30f52362e	7	38271122	38317124	84	0.2343
cb41686e-0e95-4106-9fec-44e30f52362e	7	38317144	54305455	11025	-0.0041
cb41686e-0e95-4106-9fec-44e30f52362e	7	54318812	54318824	6	2.4861
cb41686e-0e95-4106-9fec-44e30f52362e	7	54325795	57690283	1975	-0.0177
cb41686e-0e95-4106-9fec-44e30f52362e	7	57690658	62977067	206	0.1772
cb41686e-0e95-4106-9fec-44e30f52362e	7	62977099	65105207	835	0.0148
cb41686e-0e95-4106-9fec-44e30f52362e	7	65106579	65697209	214	0.6219
cb41686e-0e95-4106-9fec-44e30f52362e	7	65708754	70955452	2898	-0.0228
cb41686e-0e95-4106-9fec-44e30f52362e	7	70958264	70961155	2	-2.3309
cb41686e-0e95-4106-9fec-44e30f52362e	7	70963257	109793741	22312	0.0025
cb41686e-0e95-4106-9fec-44e30f52362e	7	109797035	109813853	35	0.5494
cb41686e-0e95-4106-9fec-44e30f52362e	7	109813925	126405597	10030	0.0116
cb41686e-0e95-4106-9fec-44e30f52362e	7	126405632	126406561	9	1.5396
cb41686e-0e95-4106-9fec-44e30f52362e	7	126406822	134100556	4703	-0.0006
cb41686e-0e95-4106-9fec-44e30f52362e	7	134100587	134121491	34	-0.5486
cb41686e-0e95-4106-9fec-44e30f52362e	7	134124039	142070709	5196	-0.0053
cb41686e-0e95-4106-9fec-44e30f52362e	7	142070732	142115295	38	-0.4451
cb41686e-0e95-4106-9fec-44e30f52362e	7	142116196	148016901	3614	-0.003
cb41686e-0e95-4106-9fec-44e30f52362e	7	148017689	148019073	5	-1.8621
cb41686e-0e95-4106-9fec-44e30f52362e	7	148020170	159334314	7235	-0.011
cb41686e-0e95-4106-9fec-44e30f52362e	8	81254	7167045	7717	-0.012
cb41686e-0e95-4106-9fec-44e30f52362e	8	7172468	7397588	31	0.5541
cb41686e-0e95-4106-9fec-44e30f52362e	8	7414835	25114672	13720	-0.0013
cb41686e-0e95-4106-9fec-44e30f52362e	8	25116928	25133879	33	0.6849
cb41686e-0e95-4106-9fec-44e30f52362e	8	25133893	39389156	9012	0.0004
cb41686e-0e95-4106-9fec-44e30f52362e	8	39389592	39526605	53	-0.4326
cb41686e-0e95-4106-9fec-44e30f52362e	8	39527181	61029312	11781	0.0063
cb41686e-0e95-4106-9fec-44e30f52362e	8	61036675	61037481	3	-1.4031
cb41686e-0e95-4106-9fec-44e30f52362e	8	61037698	68479910	4386	0.0123
cb41686e-0e95-4106-9fec-44e30f52362e	8	68497207	85645184	10409	0.326
cb41686e-0e95-4106-9fec-44e30f52362e	8	85828731	110011194	14738	-0.397
cb41686e-0e95-4106-9fec-44e30f52362e	8	110015682	111279265	683	0.3312
cb41686e-0e95-4106-9fec-44e30f52362e	8	111282050	111283031	9	-1.8291
cb41686e-0e95-4106-9fec-44e30f52362e	8	111288052	114619814	1822	0.3373
cb41686e-0e95-4106-9fec-44e30f52362e	8	114622258	114629502	35	-0.5309
cb41686e-0e95-4106-9fec-44e30f52362e	8	114638468	145072769	21062	0.3208
cb41686e-0e95-4106-9fec-44e30f52362e	9	46587	410312	283	-0.4314
cb41686e-0e95-4106-9fec-44e30f52362e	9	410370	533938	130	-0.6293
cb41686e-0e95-4106-9fec-44e30f52362e	9	534324	21756661	18950	-0.3861
cb41686e-0e95-4106-9fec-44e30f52362e	9	21757433	22891411	741	-0.8879
cb41686e-0e95-4106-9fec-44e30f52362e	9	22899687	23303967	273	-0.3731
cb41686e-0e95-4106-9fec-44e30f52362e	9	23306964	23342929	27	-0.8468
cb41686e-0e95-4106-9fec-44e30f52362e	9	23343454	24532445	851	-0.3701
cb41686e-0e95-4106-9fec-44e30f52362e	9	24532691	30702069	4614	-0.0082
cb41686e-0e95-4106-9fec-44e30f52362e	9	30705382	33353214	1949	0.2727
cb41686e-0e95-4106-9fec-44e30f52362e	9	33354238	35412754	1092	-0.0232
cb41686e-0e95-4106-9fec-44e30f52362e	9	35413135	38104147	1633	-0.409
cb41686e-0e95-4106-9fec-44e30f52362e	9	38104332	39481818	616	-0.0327
cb41686e-0e95-4106-9fec-44e30f52362e	9	39481840	42574420	158	0.2877
cb41686e-0e95-4106-9fec-44e30f52362e	9	42585140	42856247	42	-0.302
cb41686e-0e95-4106-9fec-44e30f52362e	9	60863881	61405110	13	0.5087
cb41686e-0e95-4106-9fec-44e30f52362e	9	61520021	61665362	31	-1.6061
cb41686e-0e95-4106-9fec-44e30f52362e	9	61668104	66146735	135	-0.085
cb41686e-0e95-4106-9fec-44e30f52362e	9	66170759	68390662	44	0.3509
cb41686e-0e95-4106-9fec-44e30f52362e	9	68391659	72921748	3398	-0.0009
cb41686e-0e95-4106-9fec-44e30f52362e	9	72921963	73438368	303	-0.3848
cb41686e-0e95-4106-9fec-44e30f52362e	9	73443038	85112728	8447	0.0017
cb41686e-0e95-4106-9fec-44e30f52362e	9	85113635	85114114	2	-2.0571
cb41686e-0e95-4106-9fec-44e30f52362e	9	85115650	87395180	1554	-0.0035
cb41686e-0e95-4106-9fec-44e30f52362e	9	87396313	87399628	4	-1.1883
cb41686e-0e95-4106-9fec-44e30f52362e	9	87401798	106176048	12874	-0.0022
cb41686e-0e95-4106-9fec-44e30f52362e	9	106176817	106181854	2	1.9667
cb41686e-0e95-4106-9fec-44e30f52362e	9	106188413	127437736	15610	0.0021
cb41686e-0e95-4106-9fec-44e30f52362e	9	127438090	137361190	5299	-0.0324
cb41686e-0e95-4106-9fec-44e30f52362e	9	137361266	137378583	4	-1.4557
cb41686e-0e95-4106-9fec-44e30f52362e	9	137378609	138131434	391	-0.0246
cb41686e-0e95-4106-9fec-44e30f52362e	9	138133487	138200944	14	-0.2635
cb41686e-0e95-4106-9fec-44e30f52362e	10	45792	1709827	1146	-0.0302
cb41686e-0e95-4106-9fec-44e30f52362e	10	1710718	1711367	2	-2.0353
cb41686e-0e95-4106-9fec-44e30f52362e	10	1713937	13007885	9767	-0.0007
cb41686e-0e95-4106-9fec-44e30f52362e	10	13008005	13008170	5	-1.475
cb41686e-0e95-4106-9fec-44e30f52362e	10	13008428	65546400	33505	-0.0026
cb41686e-0e95-4106-9fec-44e30f52362e	10	65546518	65563037	30	0.6972
cb41686e-0e95-4106-9fec-44e30f52362e	10	65563168	79271606	9060	-0.0126
cb41686e-0e95-4106-9fec-44e30f52362e	10	79272798	79274348	3	-1.7628
cb41686e-0e95-4106-9fec-44e30f52362e	10	79275156	122584593	29254	-0.0052
cb41686e-0e95-4106-9fec-44e30f52362e	10	122584707	122591497	5	-1.3399
cb41686e-0e95-4106-9fec-44e30f52362e	10	122597296	128004856	3933	-0.0065
cb41686e-0e95-4106-9fec-44e30f52362e	10	128011377	128014800	4	-1.7018
cb41686e-0e95-4106-9fec-44e30f52362e	10	128015663	133654968	3963	-0.0305
cb41686e-0e95-4106-9fec-44e30f52362e	11	198510	4946166	2416	-0.0244
cb41686e-0e95-4106-9fec-44e30f52362e	11	4946420	4952799	26	1.0329
cb41686e-0e95-4106-9fec-44e30f52362e	11	4953934	5762165	786	-0.008
cb41686e-0e95-4106-9fec-44e30f52362e	11	5762452	5787110	32	0.4011
cb41686e-0e95-4106-9fec-44e30f52362e	11	5787146	18912365	9405	0.0053
cb41686e-0e95-4106-9fec-44e30f52362e	11	18913287	18949833	60	0.2916
cb41686e-0e95-4106-9fec-44e30f52362e	11	18949866	48576870	20585	0.0022
cb41686e-0e95-4106-9fec-44e30f52362e	11	48579882	48581124	2	-2.9129
cb41686e-0e95-4106-9fec-44e30f52362e	11	48584766	57105358	2191	0.0504
cb41686e-0e95-4106-9fec-44e30f52362e	11	57108906	76772752	10002	-0.0054
cb41686e-0e95-4106-9fec-44e30f52362e	11	76777501	77142737	196	0.0562
cb41686e-0e95-4106-9fec-44e30f52362e	11	77144208	77159475	8	0.6559
cb41686e-0e95-4106-9fec-44e30f52362e	11	77161123	80256469	2096	0.0272
cb41686e-0e95-4106-9fec-44e30f52362e	11	80256504	80256520	2	-2.6203
cb41686e-0e95-4106-9fec-44e30f52362e	11	80256642	128461728	33905	0.0212
cb41686e-0e95-4106-9fec-44e30f52362e	11	128463161	128463624	5	-1.4402
cb41686e-0e95-4106-9fec-44e30f52362e	11	128464871	134232009	4464	0.0145
cb41686e-0e95-4106-9fec-44e30f52362e	11	134234433	135074876	658	-0.1049
cb41686e-0e95-4106-9fec-44e30f52362e	12	51460	9477960	6176	0.0263
cb41686e-0e95-4106-9fec-44e30f52362e	12	9481274	9582373	25	0.5874
cb41686e-0e95-4106-9fec-44e30f52362e	12	9582374	10253854	508	0.0282
cb41686e-0e95-4106-9fec-44e30f52362e	12	10258083	10258268	3	-1.1277
cb41686e-0e95-4106-9fec-44e30f52362e	12	10261852	11068125	525	0.0339
cb41686e-0e95-4106-9fec-44e30f52362e	12	11070111	11088933	9	-1.6025
cb41686e-0e95-4106-9fec-44e30f52362e	12	11099275	12383778	990	0.0321
cb41686e-0e95-4106-9fec-44e30f52362e	12	12383944	12388935	11	-0.9736
cb41686e-0e95-4106-9fec-44e30f52362e	12	12389946	31215951	13196	0.0355
cb41686e-0e95-4106-9fec-44e30f52362e	12	31220407	31221595	5	-1.3113
cb41686e-0e95-4106-9fec-44e30f52362e	12	31223274	37593924	2190	0.0373
cb41686e-0e95-4106-9fec-44e30f52362e	12	37618765	37620216	2	-1.8442
cb41686e-0e95-4106-9fec-44e30f52362e	12	37640556	53065317	9158	0.0257
cb41686e-0e95-4106-9fec-44e30f52362e	12	53066097	53069266	3	-1.5226
cb41686e-0e95-4106-9fec-44e30f52362e	12	53069567	99398036	29297	0.0225
cb41686e-0e95-4106-9fec-44e30f52362e	12	99401515	99404956	31	-1.7305
cb41686e-0e95-4106-9fec-44e30f52362e	12	99409315	117165756	11904	0.0128
cb41686e-0e95-4106-9fec-44e30f52362e	12	117166220	117166760	2	-1.8144
cb41686e-0e95-4106-9fec-44e30f52362e	12	117168133	133201603	10811	0.0031
cb41686e-0e95-4106-9fec-44e30f52362e	13	18452809	18831892	87	-0.1183
cb41686e-0e95-4106-9fec-44e30f52362e	13	18833025	18842946	6	-0.8698
cb41686e-0e95-4106-9fec-44e30f52362e	13	18844220	20336419	846	-0.3809
cb41686e-0e95-4106-9fec-44e30f52362e	13	20343251	20363048	22	-0.8185
cb41686e-0e95-4106-9fec-44e30f52362e	13	20363772	20364084	2	-2.6751
cb41686e-0e95-4106-9fec-44e30f52362e	13	20364866	21302596	595	-0.4023
cb41686e-0e95-4106-9fec-44e30f52362e	13	21302725	21321896	14	0.0051
cb41686e-0e95-4106-9fec-44e30f52362e	13	21322180	21322360	2	2.0553
cb41686e-0e95-4106-9fec-44e30f52362e	13	21322617	23055048	1282	0.0109
cb41686e-0e95-4106-9fec-44e30f52362e	13	23055071	23059376	13	0.957
cb41686e-0e95-4106-9fec-44e30f52362e	13	23064056	28580298	4160	-0.0103
cb41686e-0e95-4106-9fec-44e30f52362e	13	28580967	35192838	4844	-0.4098
cb41686e-0e95-4106-9fec-44e30f52362e	13	35196900	38478674	2319	-0.0003
cb41686e-0e95-4106-9fec-44e30f52362e	13	38483435	38483919	2	-1.9872
cb41686e-0e95-4106-9fec-44e30f52362e	13	38490920	48957415	7324	0.0016
cb41686e-0e95-4106-9fec-44e30f52362e	13	48959579	48963569	3	-2.8424
cb41686e-0e95-4106-9fec-44e30f52362e	13	48970526	52520664	1869	0.0113
cb41686e-0e95-4106-9fec-44e30f52362e	13	52523849	52531650	3	1.4525
cb41686e-0e95-4106-9fec-44e30f52362e	13	52543744	63650659	6459	0.0131
cb41686e-0e95-4106-9fec-44e30f52362e	13	63650816	63662559	8	-0.9762
cb41686e-0e95-4106-9fec-44e30f52362e	13	63665430	66598647	1799	0.0375
cb41686e-0e95-4106-9fec-44e30f52362e	13	66602087	66603651	2	-2.3582
cb41686e-0e95-4106-9fec-44e30f52362e	13	66604212	114342922	32473	0.0007
cb41686e-0e95-4106-9fec-44e30f52362e	14	18239283	19203845	41	0.1037
cb41686e-0e95-4106-9fec-44e30f52362e	14	19215688	19735307	28	-0.8673
cb41686e-0e95-4106-9fec-44e30f52362e	14	19735726	19951992	94	-0.3171
cb41686e-0e95-4106-9fec-44e30f52362e	14	19952080	21793013	1222	-0.0027
cb41686e-0e95-4106-9fec-44e30f52362e	14	21798901	22530666	663	0.1167
cb41686e-0e95-4106-9fec-44e30f52362e	14	22530968	47238133	15258	0.0105
cb41686e-0e95-4106-9fec-44e30f52362e	14	47239083	47248244	8	-1.1224
cb41686e-0e95-4106-9fec-44e30f52362e	14	47252721	61501924	9248	-0.0012
cb41686e-0e95-4106-9fec-44e30f52362e	14	61506097	61517225	15	-0.5496
cb41686e-0e95-4106-9fec-44e30f52362e	14	61517966	73529070	7662	-0.0057
cb41686e-0e95-4106-9fec-44e30f52362e	14	73534419	73554275	9	-2.0529
cb41686e-0e95-4106-9fec-44e30f52362e	14	73563196	95764042	14832	-0.0077
cb41686e-0e95-4106-9fec-44e30f52362e	14	95765487	95767407	4	-1.5883
cb41686e-0e95-4106-9fec-44e30f52362e	14	95769030	105691429	5833	-0.0159
cb41686e-0e95-4106-9fec-44e30f52362e	14	105700900	105728964	5	0.8932
cb41686e-0e95-4106-9fec-44e30f52362e	14	105730778	106290131	186	0.0233
cb41686e-0e95-4106-9fec-44e30f52362e	14	106290365	106496841	116	0.3454
cb41686e-0e95-4106-9fec-44e30f52362e	14	106502306	106877229	186	0.049
cb41686e-0e95-4106-9fec-44e30f52362e	15	19811075	22005276	180	0.209
cb41686e-0e95-4106-9fec-44e30f52362e	15	22227530	22299523	26	-0.963
cb41686e-0e95-4106-9fec-44e30f52362e	15	22385639	76598900	33719	-0.001
cb41686e-0e95-4106-9fec-44e30f52362e	15	76599170	76609838	22	1.1846
cb41686e-0e95-4106-9fec-44e30f52362e	15	76609853	101928837	17608	-0.0062
cb41686e-0e95-4106-9fec-44e30f52362e	16	10777	55762682	26941	0.5702
cb41686e-0e95-4106-9fec-44e30f52362e	16	55764310	55764867	3	2.9083
cb41686e-0e95-4106-9fec-44e30f52362e	16	55770436	78337711	14295	0.5663
cb41686e-0e95-4106-9fec-44e30f52362e	16	78338543	78350841	15	-1.9913
cb41686e-0e95-4106-9fec-44e30f52362e	16	78350868	84194699	6479	0.5597
cb41686e-0e95-4106-9fec-44e30f52362e	16	84197918	84199012	3	-1.0827
cb41686e-0e95-4106-9fec-44e30f52362e	16	84199742	86120408	1603	0.552
cb41686e-0e95-4106-9fec-44e30f52362e	16	86123909	86132667	9	-0.3099
cb41686e-0e95-4106-9fec-44e30f52362e	16	86134541	90096867	2526	0.5651
cb41686e-0e95-4106-9fec-44e30f52362e	17	150733	5244209	2687	-0.4124
cb41686e-0e95-4106-9fec-44e30f52362e	17	5247358	5335860	47	-0.0035
cb41686e-0e95-4106-9fec-44e30f52362e	17	5338772	5571674	132	-0.5014
cb41686e-0e95-4106-9fec-44e30f52362e	17	5579550	6055381	381	-0.0281
cb41686e-0e95-4106-9fec-44e30f52362e	17	6057529	14242689	5653	-0.4263
cb41686e-0e95-4106-9fec-44e30f52362e	17	14243093	14451612	181	-0.0738
cb41686e-0e95-4106-9fec-44e30f52362e	17	14452851	14769793	281	-0.4266
cb41686e-0e95-4106-9fec-44e30f52362e	17	14775186	15302704	459	-0.0369
cb41686e-0e95-4106-9fec-44e30f52362e	17	15302717	15344437	32	-0.6045
cb41686e-0e95-4106-9fec-44e30f52362e	17	15344552	15561042	135	0.0061
cb41686e-0e95-4106-9fec-44e30f52362e	17	15568913	15834610	70	-0.4317
cb41686e-0e95-4106-9fec-44e30f52362e	17	15850379	15966243	57	-0.0519
cb41686e-0e95-4106-9fec-44e30f52362e	17	15967196	16008090	30	-0.4471
cb41686e-0e95-4106-9fec-44e30f52362e	17	16013417	16838470	341	0.0142
cb41686e-0e95-4106-9fec-44e30f52362e	17	16853833	18414080	903	-0.4345
cb41686e-0e95-4106-9fec-44e30f52362e	17	18452078	18561907	27	-0.9935
cb41686e-0e95-4106-9fec-44e30f52362e	17	18565883	18642762	14	-0.2933
cb41686e-0e95-4106-9fec-44e30f52362e	17	18643120	18647546	3	-1.7176
cb41686e-0e95-4106-9fec-44e30f52362e	17	18659407	21324731	1122	-0.4204
cb41686e-0e95-4106-9fec-44e30f52362e	17	21336028	22625707	296	-0.2248
cb41686e-0e95-4106-9fec-44e30f52362e	17	22626332	33676822	3603	-0.0011
cb41686e-0e95-4106-9fec-44e30f52362e	17	33677294	33853172	168	-0.184
cb41686e-0e95-4106-9fec-44e30f52362e	17	33853457	36109735	1628	-0.0026
cb41686e-0e95-4106-9fec-44e30f52362e	17	36112585	36157718	33	0.6727
cb41686e-0e95-4106-9fec-44e30f52362e	17	36200725	41266851	2532	-0.0088
cb41686e-0e95-4106-9fec-44e30f52362e	17	41266901	41274198	17	1.3741
cb41686e-0e95-4106-9fec-44e30f52362e	17	41274279	46074420	2492	-0.0199
cb41686e-0e95-4106-9fec-44e30f52362e	17	46076156	46717218	151	0.273
cb41686e-0e95-4106-9fec-44e30f52362e	17	46717389	46993168	188	0.0016
cb41686e-0e95-4106-9fec-44e30f52362e	17	46993322	46993610	2	-1.6811
cb41686e-0e95-4106-9fec-44e30f52362e	17	46995490	50904223	2000	-0.0255
cb41686e-0e95-4106-9fec-44e30f52362e	17	50906414	71994059	13184	0.0028
cb41686e-0e95-4106-9fec-44e30f52362e	17	71994113	83091923	6183	-0.0368
cb41686e-0e95-4106-9fec-44e30f52362e	18	48133	2629561	1879	-0.0043
cb41686e-0e95-4106-9fec-44e30f52362e	18	2631435	5962015	2344	-0.1525
cb41686e-0e95-4106-9fec-44e30f52362e	18	5963764	5963906	2	-2.3894
cb41686e-0e95-4106-9fec-44e30f52362e	18	5964812	6086901	117	-0.1562
cb41686e-0e95-4106-9fec-44e30f52362e	18	6088173	20968244	6071	0.0012
cb41686e-0e95-4106-9fec-44e30f52362e	18	20968826	26429636	3185	-0.3295
cb41686e-0e95-4106-9fec-44e30f52362e	18	26429922	29252930	1866	-0.1762
cb41686e-0e95-4106-9fec-44e30f52362e	18	29254486	34766185	3430	0.0095
cb41686e-0e95-4106-9fec-44e30f52362e	18	34766372	50080575	10220	-0.3333
cb41686e-0e95-4106-9fec-44e30f52362e	18	50080890	50082074	3	-2.0618
cb41686e-0e95-4106-9fec-44e30f52362e	18	50082252	52353872	1684	-0.3262
cb41686e-0e95-4106-9fec-44e30f52362e	18	52354522	52354956	3	-1.526
cb41686e-0e95-4106-9fec-44e30f52362e	18	52355816	53680839	910	-0.3281
cb41686e-0e95-4106-9fec-44e30f52362e	18	53681183	53684270	4	-2.4059
cb41686e-0e95-4106-9fec-44e30f52362e	18	53685778	59850736	4176	-0.3377
cb41686e-0e95-4106-9fec-44e30f52362e	18	59851744	59851878	2	-2.4269
cb41686e-0e95-4106-9fec-44e30f52362e	18	59854230	67286412	5225	-0.3169
cb41686e-0e95-4106-9fec-44e30f52362e	18	67291970	67300028	21	-1.5962
cb41686e-0e95-4106-9fec-44e30f52362e	18	67300481	73006773	4276	-0.3136
cb41686e-0e95-4106-9fec-44e30f52362e	18	73006805	73012857	6	-1.5153
cb41686e-0e95-4106-9fec-44e30f52362e	18	73013279	80257174	5300	-0.3486
cb41686e-0e95-4106-9fec-44e30f52362e	19	90910	9625559	3640	0.276
cb41686e-0e95-4106-9fec-44e30f52362e	19	9631507	9635979	3	1.5218
cb41686e-0e95-4106-9fec-44e30f52362e	19	9646374	12581187	1395	0.2912
cb41686e-0e95-4106-9fec-44e30f52362e	19	12586552	12587288	2	2.2211
cb41686e-0e95-4106-9fec-44e30f52362e	19	12589709	19827569	3512	0.2692
cb41686e-0e95-4106-9fec-44e30f52362e	19	19827989	20958704	666	0.4051
cb41686e-0e95-4106-9fec-44e30f52362e	19	20958993	23899210	1700	0.3083
cb41686e-0e95-4106-9fec-44e30f52362e	19	23899779	27466131	258	0.4227
cb41686e-0e95-4106-9fec-44e30f52362e	19	27469081	35358269	5528	-0.0134
cb41686e-0e95-4106-9fec-44e30f52362e	19	35358285	35370946	25	0.5725
cb41686e-0e95-4106-9fec-44e30f52362e	19	35375842	42535098	3566	-0.0276
cb41686e-0e95-4106-9fec-44e30f52362e	19	42538670	42778107	112	-0.3213
cb41686e-0e95-4106-9fec-44e30f52362e	19	42778238	42804734	12	-1.2832
cb41686e-0e95-4106-9fec-44e30f52362e	19	42805160	43286599	213	-0.3342
cb41686e-0e95-4106-9fec-44e30f52362e	19	43290001	47959373	2279	-0.0064
cb41686e-0e95-4106-9fec-44e30f52362e	19	47959877	58584163	6186	-0.4058
cb41686e-0e95-4106-9fec-44e30f52362e	19	58585364	58586487	2	0.4818
cb41686e-0e95-4106-9fec-44e30f52362e	20	80664	1580353	1202	-0.3664
cb41686e-0e95-4106-9fec-44e30f52362e	20	1580934	1609809	38	1.1013
cb41686e-0e95-4106-9fec-44e30f52362e	20	1609888	21989391	15803	-0.3861
cb41686e-0e95-4106-9fec-44e30f52362e	20	21989721	24724609	2177	-0.0862
cb41686e-0e95-4106-9fec-44e30f52362e	20	24726947	62868777	22567	-0.0053
cb41686e-0e95-4106-9fec-44e30f52362e	20	62872042	64260467	542	-0.0628
cb41686e-0e95-4106-9fec-44e30f52362e	20	64261403	64324800	26	-0.3559
cb41686e-0e95-4106-9fec-44e30f52362e	21	10354168	16740769	2219	0.0408
cb41686e-0e95-4106-9fec-44e30f52362e	21	16741338	16741468	2	-1.7256
cb41686e-0e95-4106-9fec-44e30f52362e	21	16742039	18263926	1029	-0.0004
cb41686e-0e95-4106-9fec-44e30f52362e	21	18263989	18264661	2	-1.8315
cb41686e-0e95-4106-9fec-44e30f52362e	21	18266147	19070335	640	0.0047
cb41686e-0e95-4106-9fec-44e30f52362e	21	19075967	19075997	2	-1.9012
cb41686e-0e95-4106-9fec-44e30f52362e	21	19076146	22406369	2498	0.01
cb41686e-0e95-4106-9fec-44e30f52362e	21	22406711	22413165	4	-1.3529
cb41686e-0e95-4106-9fec-44e30f52362e	21	22414619	46677045	17466	0.0072
cb41686e-0e95-4106-9fec-44e30f52362e	22	15294547	48956708	22096	-0.0174
cb41686e-0e95-4106-9fec-44e30f52362e	22	48957301	50089389	864	-0.1287
cb41686e-0e95-4106-9fec-44e30f52362e	22	50089541	50796027	314	0.0185
cb41686e-0e95-4106-9fec-44e30f52362e	X	251810	11934837	6832	0.004
cb41686e-0e95-4106-9fec-44e30f52362e	X	11934993	11942780	2	-1.9689
cb41686e-0e95-4106-9fec-44e30f52362e	X	11943110	58450101	26557	0.0224
cb41686e-0e95-4106-9fec-44e30f52362e	X	58454123	62958590	82	0.3018
cb41686e-0e95-4106-9fec-44e30f52362e	X	62959545	152337437	48620	0.0191
cb41686e-0e95-4106-9fec-44e30f52362e	X	152342526	152348153	3	-2.9816
cb41686e-0e95-4106-9fec-44e30f52362e	X	152348845	153023626	380	-0.0145
cb41686e-0e95-4106-9fec-44e30f52362e	X	153024515	153035165	16	-0.6716
cb41686e-0e95-4106-9fec-44e30f52362e	X	153036866	155952689	1136	0.0239
cb41686e-0e95-4106-9fec-44e30f52362e	Y	2782397	6249869	785	-2.8968
cb41686e-0e95-4106-9fec-44e30f52362e	Y	6252391	9317966	1434	-3.401
cb41686e-0e95-4106-9fec-44e30f52362e	Y	9318536	9554275	33	-4.6826
cb41686e-0e95-4106-9fec-44e30f52362e	Y	9554586	17053374	2765	-3.3133
cb41686e-0e95-4106-9fec-44e30f52362e	Y	17054981	17073469	10	-5.8666
cb41686e-0e95-4106-9fec-44e30f52362e	Y	17073910	23586854	1420	-3.3766
cb41686e-0e95-4106-9fec-44e30f52362e	Y	23784615	56872112	192	-2.9214
