GDC_Aliquot	Chromosome	Start	End	Num_Probes	Segment_Mean
a8b762ea-01f9-4740-af30-2845f371d179	1	62920	3274912	725	-0.0746
a8b762ea-01f9-4740-af30-2845f371d179	1	3280916	16605031	7911	-0.0057
a8b762ea-01f9-4740-af30-2845f371d179	1	16609512	16863509	51	-0.2492
a8b762ea-01f9-4740-af30-2845f371d179	1	16864367	16934753	48	0.3342
a8b762ea-01f9-4740-af30-2845f371d179	1	16934768	72303233	33999	0.0008
a8b762ea-01f9-4740-af30-2845f371d179	1	72303253	72345465	45	0.6134
a8b762ea-01f9-4740-af30-2845f371d179	1	72346221	109690352	23584	0.0006
a8b762ea-01f9-4740-af30-2845f371d179	1	109690415	109697556	12	-1.5667
a8b762ea-01f9-4740-af30-2845f371d179	1	109702376	110833598	834	-0.0011
a8b762ea-01f9-4740-af30-2845f371d179	1	110834746	110841332	36	-0.7
a8b762ea-01f9-4740-af30-2845f371d179	1	110841350	112147704	1078	0.0072
a8b762ea-01f9-4740-af30-2845f371d179	1	112153343	112163460	29	0.4008
a8b762ea-01f9-4740-af30-2845f371d179	1	112163496	152583051	7589	0.0036
a8b762ea-01f9-4740-af30-2845f371d179	1	152583230	152614100	34	-2.0332
a8b762ea-01f9-4740-af30-2845f371d179	1	152614118	152787202	167	-0.0033
a8b762ea-01f9-4740-af30-2845f371d179	1	152789447	152805967	40	-0.2739
a8b762ea-01f9-4740-af30-2845f371d179	1	152806050	169247699	11261	-0.0015
a8b762ea-01f9-4740-af30-2845f371d179	1	169264736	169272528	7	-2.2965
a8b762ea-01f9-4740-af30-2845f371d179	1	169273163	174827418	3518	0.0103
a8b762ea-01f9-4740-af30-2845f371d179	1	174827561	174832716	16	-0.7381
a8b762ea-01f9-4740-af30-2845f371d179	1	174832734	179354603	3069	0.0011
a8b762ea-01f9-4740-af30-2845f371d179	1	179361393	179364180	4	-1.0453
a8b762ea-01f9-4740-af30-2845f371d179	1	179370071	194479104	10104	0.0019
a8b762ea-01f9-4740-af30-2845f371d179	1	194482281	194485888	2	1.7099
a8b762ea-01f9-4740-af30-2845f371d179	1	194487886	196745743	1452	0.0062
a8b762ea-01f9-4740-af30-2845f371d179	1	196758720	196830158	53	-0.7606
a8b762ea-01f9-4740-af30-2845f371d179	1	196830375	209897717	8785	0.0014
a8b762ea-01f9-4740-af30-2845f371d179	1	209908268	209910639	3	-2.1488
a8b762ea-01f9-4740-af30-2845f371d179	1	209913207	248930189	26996	-0.0018
a8b762ea-01f9-4740-af30-2845f371d179	2	12784	14212200	10718	-0.005
a8b762ea-01f9-4740-af30-2845f371d179	2	14213786	14232571	60	0.5227
a8b762ea-01f9-4740-af30-2845f371d179	2	14239203	34295406	13195	-0.0003
a8b762ea-01f9-4740-af30-2845f371d179	2	34298911	34300513	2	-2.171
a8b762ea-01f9-4740-af30-2845f371d179	2	34300900	34476516	98	0.0073
a8b762ea-01f9-4740-af30-2845f371d179	2	34476558	34512965	46	0.3635
a8b762ea-01f9-4740-af30-2845f371d179	2	34515572	52527330	12994	0.0064
a8b762ea-01f9-4740-af30-2845f371d179	2	52527342	52554404	39	0.6668
a8b762ea-01f9-4740-af30-2845f371d179	2	52560811	86902080	21960	0.0036
a8b762ea-01f9-4740-af30-2845f371d179	2	86910262	86934730	2	-2.0765
a8b762ea-01f9-4740-af30-2845f371d179	2	86945604	87070602	8	-0.032
a8b762ea-01f9-4740-af30-2845f371d179	2	87074984	87082140	3	-1.2619
a8b762ea-01f9-4740-af30-2845f371d179	2	87082711	106264257	7428	-0.0015
a8b762ea-01f9-4740-af30-2845f371d179	2	106265083	106270952	12	-0.6136
a8b762ea-01f9-4740-af30-2845f371d179	2	106271414	127084661	12335	0.0032
a8b762ea-01f9-4740-af30-2845f371d179	2	127084748	127101070	13	-0.7259
a8b762ea-01f9-4740-af30-2845f371d179	2	127103254	146107615	11465	0.0015
a8b762ea-01f9-4740-af30-2845f371d179	2	146107675	146109366	16	0.5539
a8b762ea-01f9-4740-af30-2845f371d179	2	146120238	242147305	59012	0.0002
a8b762ea-01f9-4740-af30-2845f371d179	3	20930	6275672	5554	0.014
a8b762ea-01f9-4740-af30-2845f371d179	3	6277576	6293785	19	0.5131
a8b762ea-01f9-4740-af30-2845f371d179	3	6296749	26570158	14419	0.002
a8b762ea-01f9-4740-af30-2845f371d179	3	26570176	26570394	4	-1.995
a8b762ea-01f9-4740-af30-2845f371d179	3	26570407	68697013	27750	0.0042
a8b762ea-01f9-4740-af30-2845f371d179	3	68697108	68698262	14	-1.4241
a8b762ea-01f9-4740-af30-2845f371d179	3	68699607	84650607	9902	0.0012
a8b762ea-01f9-4740-af30-2845f371d179	3	84650642	84653312	16	-0.6109
a8b762ea-01f9-4740-af30-2845f371d179	3	84653449	98172728	5377	0.0107
a8b762ea-01f9-4740-af30-2845f371d179	3	98180476	98194581	5	0.737
a8b762ea-01f9-4740-af30-2845f371d179	3	98195973	99225754	597	-0.0069
a8b762ea-01f9-4740-af30-2845f371d179	3	99225775	99230577	33	-0.6588
a8b762ea-01f9-4740-af30-2845f371d179	3	99232120	130044016	18692	0.0043
a8b762ea-01f9-4740-af30-2845f371d179	3	130044855	130087393	38	-1.4524
a8b762ea-01f9-4740-af30-2845f371d179	3	130088081	133289648	2077	0.0014
a8b762ea-01f9-4740-af30-2845f371d179	3	133292360	133293636	3	-1.3133
a8b762ea-01f9-4740-af30-2845f371d179	3	133295928	133306001	37	-0.0554
a8b762ea-01f9-4740-af30-2845f371d179	3	133306023	133314396	13	-0.4721
a8b762ea-01f9-4740-af30-2845f371d179	3	133316329	162798525	18120	0.0027
a8b762ea-01f9-4740-af30-2845f371d179	3	162800793	162908815	64	-0.537
a8b762ea-01f9-4740-af30-2845f371d179	3	162910826	189642965	16639	0.0063
a8b762ea-01f9-4740-af30-2845f371d179	3	189645889	189653199	12	-3.0253
a8b762ea-01f9-4740-af30-2845f371d179	3	189653225	193155915	2485	-0.0081
a8b762ea-01f9-4740-af30-2845f371d179	3	193156958	193165114	21	-0.6548
a8b762ea-01f9-4740-af30-2845f371d179	3	193168646	195559056	1483	-0.0099
a8b762ea-01f9-4740-af30-2845f371d179	3	195656271	195720051	25	-0.7233
a8b762ea-01f9-4740-af30-2845f371d179	3	195728637	198169247	1184	-0.0036
a8b762ea-01f9-4740-af30-2845f371d179	4	68929	9462813	5157	-0.0019
a8b762ea-01f9-4740-af30-2845f371d179	4	9463248	9477560	3	-1.173
a8b762ea-01f9-4740-af30-2845f371d179	4	9477699	10389091	748	-0.0147
a8b762ea-01f9-4740-af30-2845f371d179	4	10390730	10397663	10	-0.6694
a8b762ea-01f9-4740-af30-2845f371d179	4	10397677	34777382	16783	0.004
a8b762ea-01f9-4740-af30-2845f371d179	4	34777403	34828306	44	0.5114
a8b762ea-01f9-4740-af30-2845f371d179	4	34828327	45003738	6626	0.0053
a8b762ea-01f9-4740-af30-2845f371d179	4	45003835	45004318	4	-2.0694
a8b762ea-01f9-4740-af30-2845f371d179	4	45008952	63827261	9911	0.0058
a8b762ea-01f9-4740-af30-2845f371d179	4	63828222	63865087	40	0.3056
a8b762ea-01f9-4740-af30-2845f371d179	4	63866325	68378716	2840	-0.0036
a8b762ea-01f9-4740-af30-2845f371d179	4	68389352	68391041	2	-1.5499
a8b762ea-01f9-4740-af30-2845f371d179	4	68394355	68506285	20	-0.0393
a8b762ea-01f9-4740-af30-2845f371d179	4	68509223	68620261	65	-1.8728
a8b762ea-01f9-4740-af30-2845f371d179	4	68623617	69257792	315	0.0194
a8b762ea-01f9-4740-af30-2845f371d179	4	69261926	69366406	56	-0.6582
a8b762ea-01f9-4740-af30-2845f371d179	4	69370433	85902552	10315	-0.001
a8b762ea-01f9-4740-af30-2845f371d179	4	85904404	85909961	4	-1.2998
a8b762ea-01f9-4740-af30-2845f371d179	4	85914652	86054070	106	0.0093
a8b762ea-01f9-4740-af30-2845f371d179	4	86054941	86058791	20	-0.6313
a8b762ea-01f9-4740-af30-2845f371d179	4	86058936	160952848	44814	0.0047
a8b762ea-01f9-4740-af30-2845f371d179	4	160958866	160963767	22	-0.7142
a8b762ea-01f9-4740-af30-2845f371d179	4	160963806	170080354	5794	0.0033
a8b762ea-01f9-4740-af30-2845f371d179	4	170080508	170087531	2	-1.4966
a8b762ea-01f9-4740-af30-2845f371d179	4	170088476	190106768	13341	0.0073
a8b762ea-01f9-4740-af30-2845f371d179	5	15532	685633	306	-0.0391
a8b762ea-01f9-4740-af30-2845f371d179	5	698256	773453	27	0.8147
a8b762ea-01f9-4740-af30-2845f371d179	5	779766	26789387	18498	-0.0012
a8b762ea-01f9-4740-af30-2845f371d179	5	26797651	26797735	2	-1.6641
a8b762ea-01f9-4740-af30-2845f371d179	5	26803775	46271828	11810	0.0024
a8b762ea-01f9-4740-af30-2845f371d179	5	46272419	46273400	5	-2.3702
a8b762ea-01f9-4740-af30-2845f371d179	5	46278110	58025819	5075	0.0055
a8b762ea-01f9-4740-af30-2845f371d179	5	58030200	58037706	32	1.4179
a8b762ea-01f9-4740-af30-2845f371d179	5	58042530	62277545	2833	0.0131
a8b762ea-01f9-4740-af30-2845f371d179	5	62279164	62280446	3	-1.1727
a8b762ea-01f9-4740-af30-2845f371d179	5	62286365	69533520	4454	0.0108
a8b762ea-01f9-4740-af30-2845f371d179	5	69550476	69822308	6	-1.1146
a8b762ea-01f9-4740-af30-2845f371d179	5	69937600	86819561	9648	-0.0013
a8b762ea-01f9-4740-af30-2845f371d179	5	86820504	86823329	2	-1.3282
a8b762ea-01f9-4740-af30-2845f371d179	5	86825812	104515520	9877	0.0057
a8b762ea-01f9-4740-af30-2845f371d179	5	104524672	104524903	4	1.0564
a8b762ea-01f9-4740-af30-2845f371d179	5	104525348	175946505	47461	0.0009
a8b762ea-01f9-4740-af30-2845f371d179	5	175960543	175966609	3	1.2829
a8b762ea-01f9-4740-af30-2845f371d179	5	175966747	181363319	2721	-0.0148
a8b762ea-01f9-4740-af30-2845f371d179	6	149661	31318499	22315	-0.0007
a8b762ea-01f9-4740-af30-2845f371d179	6	31318528	31328674	10	1.8421
a8b762ea-01f9-4740-af30-2845f371d179	6	31342147	32486746	502	-0.0138
a8b762ea-01f9-4740-af30-2845f371d179	6	32488906	32533522	13	1.5365
a8b762ea-01f9-4740-af30-2845f371d179	6	32540699	32606604	20	0.514
a8b762ea-01f9-4740-af30-2845f371d179	6	32610305	32722250	71	0.0745
a8b762ea-01f9-4740-af30-2845f371d179	6	32723020	32723053	3	1.2856
a8b762ea-01f9-4740-af30-2845f371d179	6	32732907	65000836	18105	0.0075
a8b762ea-01f9-4740-af30-2845f371d179	6	65001506	65003899	3	-3.7463
a8b762ea-01f9-4740-af30-2845f371d179	6	65007491	72153222	4827	0.0023
a8b762ea-01f9-4740-af30-2845f371d179	6	72156821	72157169	2	-1.9452
a8b762ea-01f9-4740-af30-2845f371d179	6	72158860	73882142	1085	-0.0024
a8b762ea-01f9-4740-af30-2845f371d179	6	73882509	73885038	7	0.7927
a8b762ea-01f9-4740-af30-2845f371d179	6	73887573	78253172	2769	0.008
a8b762ea-01f9-4740-af30-2845f371d179	6	78259348	78325468	113	-2.3091
a8b762ea-01f9-4740-af30-2845f371d179	6	78329517	170741917	59638	-0.0005
a8b762ea-01f9-4740-af30-2845f371d179	7	43355	54305455	38441	0.0011
a8b762ea-01f9-4740-af30-2845f371d179	7	54318812	54318824	6	-2.167
a8b762ea-01f9-4740-af30-2845f371d179	7	54325795	62695960	2117	-0.0202
a8b762ea-01f9-4740-af30-2845f371d179	7	62696111	62701896	16	-0.5328
a8b762ea-01f9-4740-af30-2845f371d179	7	62720732	70955452	3993	-0.0069
a8b762ea-01f9-4740-af30-2845f371d179	7	70958264	70961155	2	-2.2177
a8b762ea-01f9-4740-af30-2845f371d179	7	70963257	88586380	9781	0.0015
a8b762ea-01f9-4740-af30-2845f371d179	7	88597851	90517922	1282	0.0546
a8b762ea-01f9-4740-af30-2845f371d179	7	90518186	126405502	21283	0.0035
a8b762ea-01f9-4740-af30-2845f371d179	7	126405597	126406561	10	0.9373
a8b762ea-01f9-4740-af30-2845f371d179	7	126406822	134100458	4699	-0.0013
a8b762ea-01f9-4740-af30-2845f371d179	7	134100556	134110881	23	0.4784
a8b762ea-01f9-4740-af30-2845f371d179	7	134110912	144173412	6431	-0.0045
a8b762ea-01f9-4740-af30-2845f371d179	7	144176284	144295437	12	0.6012
a8b762ea-01f9-4740-af30-2845f371d179	7	144306653	154636288	6437	0.0046
a8b762ea-01f9-4740-af30-2845f371d179	7	154636466	154636708	2	-3.3963
a8b762ea-01f9-4740-af30-2845f371d179	7	154637850	159334314	3203	-0.0234
a8b762ea-01f9-4740-af30-2845f371d179	8	81254	643041	322	-0.015
a8b762ea-01f9-4740-af30-2845f371d179	8	644944	645908	10	-0.6099
a8b762ea-01f9-4740-af30-2845f371d179	8	656117	2844412	1707	0.0024
a8b762ea-01f9-4740-af30-2845f371d179	8	2846011	2846377	7	-0.7654
a8b762ea-01f9-4740-af30-2845f371d179	8	2849649	7329110	5673	0.001
a8b762ea-01f9-4740-af30-2845f371d179	8	7329124	7930192	50	-0.8874
a8b762ea-01f9-4740-af30-2845f371d179	8	7941868	8528287	305	-0.0135
a8b762ea-01f9-4740-af30-2845f371d179	8	8528640	8528847	3	-2.0883
a8b762ea-01f9-4740-af30-2845f371d179	8	8528932	12025748	2925	-0.0003
a8b762ea-01f9-4740-af30-2845f371d179	8	12035719	12581382	58	-0.4316
a8b762ea-01f9-4740-af30-2845f371d179	8	12585546	25117007	10400	-0.0002
a8b762ea-01f9-4740-af30-2845f371d179	8	25117062	25126818	24	0.4802
a8b762ea-01f9-4740-af30-2845f371d179	8	25133589	40914477	10135	0.0059
a8b762ea-01f9-4740-af30-2845f371d179	8	40920333	40920952	2	-2.4591
a8b762ea-01f9-4740-af30-2845f371d179	8	40926161	111282237	40898	0.0024
a8b762ea-01f9-4740-af30-2845f371d179	8	111282417	111283016	6	-2.0854
a8b762ea-01f9-4740-af30-2845f371d179	8	111283031	145072769	22906	-0.0035
a8b762ea-01f9-4740-af30-2845f371d179	9	46587	7316250	7002	-0.0014
a8b762ea-01f9-4740-af30-2845f371d179	9	7317290	7317383	2	-2.0087
a8b762ea-01f9-4740-af30-2845f371d179	9	7317633	64510407	24476	0.0035
a8b762ea-01f9-4740-af30-2845f371d179	9	64520620	66007200	28	-0.4342
a8b762ea-01f9-4740-af30-2845f371d179	9	66015498	138124242	47878	0.0014
a8b762ea-01f9-4740-af30-2845f371d179	9	138130866	138137547	5	-0.916
a8b762ea-01f9-4740-af30-2845f371d179	9	138138491	138200944	12	0.2623
a8b762ea-01f9-4740-af30-2845f371d179	10	45792	17948899	14832	-0.0023
a8b762ea-01f9-4740-af30-2845f371d179	10	17948917	17949041	2	-1.4581
a8b762ea-01f9-4740-af30-2845f371d179	10	17951676	26939421	6332	-0.0023
a8b762ea-01f9-4740-af30-2845f371d179	10	26939492	26941064	5	-0.8021
a8b762ea-01f9-4740-af30-2845f371d179	10	26941746	46092447	10265	-0.0088
a8b762ea-01f9-4740-af30-2845f371d179	10	46093430	46606240	227	-0.1394
a8b762ea-01f9-4740-af30-2845f371d179	10	46617422	133654968	58899	0.001
a8b762ea-01f9-4740-af30-2845f371d179	11	198510	4949013	2417	-0.0152
a8b762ea-01f9-4740-af30-2845f371d179	11	4949047	4955042	28	0.5568
a8b762ea-01f9-4740-af30-2845f371d179	11	4955781	31364093	19342	0.0053
a8b762ea-01f9-4740-af30-2845f371d179	11	31367595	31399177	27	-0.5924
a8b762ea-01f9-4740-af30-2845f371d179	11	31400048	48576870	11463	0.0019
a8b762ea-01f9-4740-af30-2845f371d179	11	48579882	48581124	2	-1.8145
a8b762ea-01f9-4740-af30-2845f371d179	11	48584766	55595864	1176	0.0095
a8b762ea-01f9-4740-af30-2845f371d179	11	55606556	55674842	48	-0.5936
a8b762ea-01f9-4740-af30-2845f371d179	11	55676735	55677818	4	0.3075
a8b762ea-01f9-4740-af30-2845f371d179	11	55678469	55686100	8	-0.591
a8b762ea-01f9-4740-af30-2845f371d179	11	55693207	135074876	52229	-0.0001
a8b762ea-01f9-4740-af30-2845f371d179	12	51460	756804	416	-0.0505
a8b762ea-01f9-4740-af30-2845f371d179	12	759943	764863	18	-0.6912
a8b762ea-01f9-4740-af30-2845f371d179	12	766188	9477960	5736	-0.0078
a8b762ea-01f9-4740-af30-2845f371d179	12	9481274	9575696	24	1.0189
a8b762ea-01f9-4740-af30-2845f371d179	12	9582373	11066824	1036	-0.0066
a8b762ea-01f9-4740-af30-2845f371d179	12	11068125	11088933	10	0.7676
a8b762ea-01f9-4740-af30-2845f371d179	12	11099275	27941830	11702	0.0048
a8b762ea-01f9-4740-af30-2845f371d179	12	27941988	27944711	12	-0.9015
a8b762ea-01f9-4740-af30-2845f371d179	12	27950527	30082648	1541	0.0072
a8b762ea-01f9-4740-af30-2845f371d179	12	30086334	30090642	19	-0.7582
a8b762ea-01f9-4740-af30-2845f371d179	12	30090657	45506042	7864	0.0051
a8b762ea-01f9-4740-af30-2845f371d179	12	45510655	45515754	4	-2.2206
a8b762ea-01f9-4740-af30-2845f371d179	12	45519509	133201603	56378	0.0012
a8b762ea-01f9-4740-af30-2845f371d179	13	18452809	23055048	2851	-0.0056
a8b762ea-01f9-4740-af30-2845f371d179	13	23055071	23059376	13	-2.1517
a8b762ea-01f9-4740-af30-2845f371d179	13	23064056	114342922	61228	0.0024
a8b762ea-01f9-4740-af30-2845f371d179	14	18239283	18625765	13	0.108
a8b762ea-01f9-4740-af30-2845f371d179	14	18639714	19955213	154	-0.4611
a8b762ea-01f9-4740-af30-2845f371d179	14	19956767	26310436	4334	0.0026
a8b762ea-01f9-4740-af30-2845f371d179	14	26314697	26315707	8	-0.7854
a8b762ea-01f9-4740-af30-2845f371d179	14	26325898	66016600	25010	-0.0003
a8b762ea-01f9-4740-af30-2845f371d179	14	66020448	66038417	16	-0.4519
a8b762ea-01f9-4740-af30-2845f371d179	14	66038533	73540003	4666	-0.0113
a8b762ea-01f9-4740-af30-2845f371d179	14	73540147	73563196	8	-1.5984
a8b762ea-01f9-4740-af30-2845f371d179	14	73563211	106877229	21135	-0.0026
a8b762ea-01f9-4740-af30-2845f371d179	15	19811075	20001686	45	-0.0325
a8b762ea-01f9-4740-af30-2845f371d179	15	20011702	22595648	171	-0.737
a8b762ea-01f9-4740-af30-2845f371d179	15	22606745	25176460	1475	-0.007
a8b762ea-01f9-4740-af30-2845f371d179	15	25180191	25185096	6	-1.0396
a8b762ea-01f9-4740-af30-2845f371d179	15	25188158	34421922	5725	0.001
a8b762ea-01f9-4740-af30-2845f371d179	15	34430601	34520918	61	-0.7124
a8b762ea-01f9-4740-af30-2845f371d179	15	34522159	76586021	26399	0.0014
a8b762ea-01f9-4740-af30-2845f371d179	15	76598900	76603434	22	0.771
a8b762ea-01f9-4740-af30-2845f371d179	15	76609838	101928837	17600	-0.0028
a8b762ea-01f9-4740-af30-2845f371d179	16	10777	16188463	11725	-0.009
a8b762ea-01f9-4740-af30-2845f371d179	16	16196385	16200861	5	-1.5846
a8b762ea-01f9-4740-af30-2845f371d179	16	16201950	32904231	8255	-0.007
a8b762ea-01f9-4740-af30-2845f371d179	16	32938932	35526596	333	-0.1113
a8b762ea-01f9-4740-af30-2845f371d179	16	35530722	55762682	6598	-0.003
a8b762ea-01f9-4740-af30-2845f371d179	16	55764310	55764867	3	2.8266
a8b762ea-01f9-4740-af30-2845f371d179	16	55770436	75541456	11720	-0.0019
a8b762ea-01f9-4740-af30-2845f371d179	16	75541508	75542099	3	-1.4586
a8b762ea-01f9-4740-af30-2845f371d179	16	75542100	84683108	9539	-0.0028
a8b762ea-01f9-4740-af30-2845f371d179	16	84684368	84689258	3	-1.2295
a8b762ea-01f9-4740-af30-2845f371d179	16	84689390	90096867	3639	-0.0206
a8b762ea-01f9-4740-af30-2845f371d179	17	150733	8339592	4533	-0.0084
a8b762ea-01f9-4740-af30-2845f371d179	17	8344229	8344415	2	-2.2654
a8b762ea-01f9-4740-af30-2845f371d179	17	8346140	18414080	6853	-0.0009
a8b762ea-01f9-4740-af30-2845f371d179	17	18452078	18550123	25	-1.4598
a8b762ea-01f9-4740-af30-2845f371d179	17	18561272	28452035	2253	-0.0063
a8b762ea-01f9-4740-af30-2845f371d179	17	28454323	28455301	2	-1.8648
a8b762ea-01f9-4740-af30-2845f371d179	17	28462253	35981434	4466	0.0031
a8b762ea-01f9-4740-af30-2845f371d179	17	35981646	35984351	2	-1.5181
a8b762ea-01f9-4740-af30-2845f371d179	17	35985117	83091923	26863	-0.0019
a8b762ea-01f9-4740-af30-2845f371d179	18	48133	53740491	31750	0.0012
a8b762ea-01f9-4740-af30-2845f371d179	18	53740727	53741022	6	1.0766
a8b762ea-01f9-4740-af30-2845f371d179	18	53741814	69076108	10733	0.0036
a8b762ea-01f9-4740-af30-2845f371d179	18	69078869	69090459	38	-0.7417
a8b762ea-01f9-4740-af30-2845f371d179	18	69090472	71400763	1589	0.0008
a8b762ea-01f9-4740-af30-2845f371d179	18	71404405	73608728	1738	0.0496
a8b762ea-01f9-4740-af30-2845f371d179	18	73611675	80257174	4838	-0.0031
a8b762ea-01f9-4740-af30-2845f371d179	19	90910	5506648	1590	-0.0206
a8b762ea-01f9-4740-af30-2845f371d179	19	5510228	5510642	3	-2.1656
a8b762ea-01f9-4740-af30-2845f371d179	19	5510689	42743373	18787	-0.0019
a8b762ea-01f9-4740-af30-2845f371d179	19	42751065	42850300	40	0.4777
a8b762ea-01f9-4740-af30-2845f371d179	19	42858500	58586487	8661	-0.0109
a8b762ea-01f9-4740-af30-2845f371d179	20	80664	1580353	1203	-0.0224
a8b762ea-01f9-4740-af30-2845f371d179	20	1580934	1613247	41	2.1216
a8b762ea-01f9-4740-af30-2845f371d179	20	1617300	64324800	41089	0.0003
a8b762ea-01f9-4740-af30-2845f371d179	21	10354168	26908194	9849	-0.0012
a8b762ea-01f9-4740-af30-2845f371d179	21	26910341	26911285	4	-1.2947
a8b762ea-01f9-4740-af30-2845f371d179	21	26911831	46677045	13993	-0.0039
a8b762ea-01f9-4740-af30-2845f371d179	22	15294547	20217401	1967	-0.0148
a8b762ea-01f9-4740-af30-2845f371d179	22	20217810	20221964	3	-1.8147
a8b762ea-01f9-4740-af30-2845f371d179	22	20223616	20621700	223	-0.0071
a8b762ea-01f9-4740-af30-2845f371d179	22	20622790	20626070	8	-0.7173
a8b762ea-01f9-4740-af30-2845f371d179	22	20626921	23929558	2178	-0.0235
a8b762ea-01f9-4740-af30-2845f371d179	22	23940911	23987520	14	-0.5515
a8b762ea-01f9-4740-af30-2845f371d179	22	23988078	23989773	2	-3.1243
a8b762ea-01f9-4740-af30-2845f371d179	22	23990431	42481995	12731	-0.0037
a8b762ea-01f9-4740-af30-2845f371d179	22	42482343	42588147	54	-0.2522
a8b762ea-01f9-4740-af30-2845f371d179	22	42588618	44998263	1801	-0.0126
a8b762ea-01f9-4740-af30-2845f371d179	22	44998859	45000704	5	-0.8605
a8b762ea-01f9-4740-af30-2845f371d179	22	45001626	50796027	4269	-0.0158
a8b762ea-01f9-4740-af30-2845f371d179	X	251810	91712745	47203	0.0007
a8b762ea-01f9-4740-af30-2845f371d179	X	91715507	91716741	6	-1.1587
a8b762ea-01f9-4740-af30-2845f371d179	X	91716772	149803246	33146	0.0057
a8b762ea-01f9-4740-af30-2845f371d179	X	149803608	149803741	3	1.3004
a8b762ea-01f9-4740-af30-2845f371d179	X	149803773	155952689	3191	-0.0086
a8b762ea-01f9-4740-af30-2845f371d179	Y	2782397	6071948	718	-2.6659
a8b762ea-01f9-4740-af30-2845f371d179	Y	6075631	13478396	2547	-3.0964
a8b762ea-01f9-4740-af30-2845f371d179	Y	13478462	13482643	3	-7.8018
a8b762ea-01f9-4740-af30-2845f371d179	Y	13483009	23014812	3172	-3.0618
a8b762ea-01f9-4740-af30-2845f371d179	Y	23029591	56872112	199	-2.7376
