GDC_Aliquot	Chromosome	Start	End	Num_Probes	Segment_Mean
c588966f-9011-4e53-a395-87be6f187b37	1	62920	86341	11	-0.9933
c588966f-9011-4e53-a395-87be6f187b37	1	98588	11467510	5786	0.0045
c588966f-9011-4e53-a395-87be6f187b37	1	11471002	11471019	2	-1.4467
c588966f-9011-4e53-a395-87be6f187b37	1	11471071	12774437	684	0.0446
c588966f-9011-4e53-a395-87be6f187b37	1	12775725	15097945	1383	-0.0358
c588966f-9011-4e53-a395-87be6f187b37	1	15098200	20788340	3593	0.0123
c588966f-9011-4e53-a395-87be6f187b37	1	20794600	21234473	203	0.521
c588966f-9011-4e53-a395-87be6f187b37	1	21242316	40556404	10537	0.0239
c588966f-9011-4e53-a395-87be6f187b37	1	40562178	40562538	3	-1.1451
c588966f-9011-4e53-a395-87be6f187b37	1	40563254	69067501	18643	0.0128
c588966f-9011-4e53-a395-87be6f187b37	1	69072946	69087517	13	-0.9668
c588966f-9011-4e53-a395-87be6f187b37	1	69088734	69245100	79	-0.0106
c588966f-9011-4e53-a395-87be6f187b37	1	69247008	71012909	1079	-0.399
c588966f-9011-4e53-a395-87be6f187b37	1	71013949	71723934	408	0.2851
c588966f-9011-4e53-a395-87be6f187b37	1	71726699	72302815	346	-0.3998
c588966f-9011-4e53-a395-87be6f187b37	1	72303233	72345465	46	0.6479
c588966f-9011-4e53-a395-87be6f187b37	1	72346221	81087604	5517	-0.3962
c588966f-9011-4e53-a395-87be6f187b37	1	81089527	105470754	15429	0.0146
c588966f-9011-4e53-a395-87be6f187b37	1	105476583	105479753	17	-1.9207
c588966f-9011-4e53-a395-87be6f187b37	1	105481433	121426988	9710	0.0196
c588966f-9011-4e53-a395-87be6f187b37	1	121430469	143541857	78	0.3881
c588966f-9011-4e53-a395-87be6f187b37	1	143545399	143927887	123	-0.3682
c588966f-9011-4e53-a395-87be6f187b37	1	143928045	144932423	18	0.2422
c588966f-9011-4e53-a395-87be6f187b37	1	145642976	150598626	1181	0.567
c588966f-9011-4e53-a395-87be6f187b37	1	150601435	151308519	322	0.9062
c588966f-9011-4e53-a395-87be6f187b37	1	151308855	152787202	996	0.5431
c588966f-9011-4e53-a395-87be6f187b37	1	152789447	152796224	37	-1.4321
c588966f-9011-4e53-a395-87be6f187b37	1	152801429	158070977	2924	0.5575
c588966f-9011-4e53-a395-87be6f187b37	1	158072317	158989785	754	-0.006
c588966f-9011-4e53-a395-87be6f187b37	1	158992249	158993006	2	-2.6126
c588966f-9011-4e53-a395-87be6f187b37	1	158997074	159838411	567	0.0085
c588966f-9011-4e53-a395-87be6f187b37	1	159842227	161389176	960	0.0551
c588966f-9011-4e53-a395-87be6f187b37	1	161392189	189679027	19512	0.0028
c588966f-9011-4e53-a395-87be6f187b37	1	189679353	189679397	2	-1.764
c588966f-9011-4e53-a395-87be6f187b37	1	189682917	196745743	4734	-0.0072
c588966f-9011-4e53-a395-87be6f187b37	1	196758720	196832525	57	0.5053
c588966f-9011-4e53-a395-87be6f187b37	1	196832720	199142235	1378	0.0086
c588966f-9011-4e53-a395-87be6f187b37	1	199142298	199144712	8	-1.8761
c588966f-9011-4e53-a395-87be6f187b37	1	199145110	217976124	13048	0.0038
c588966f-9011-4e53-a395-87be6f187b37	1	217976141	217976156	2	-2.5857
c588966f-9011-4e53-a395-87be6f187b37	1	217979009	221551571	2438	-0.0018
c588966f-9011-4e53-a395-87be6f187b37	1	221551822	221564175	9	-0.8999
c588966f-9011-4e53-a395-87be6f187b37	1	221566468	222843064	836	0.0116
c588966f-9011-4e53-a395-87be6f187b37	1	222843983	222850427	6	-1.0879
c588966f-9011-4e53-a395-87be6f187b37	1	222853375	228552420	3386	0.0155
c588966f-9011-4e53-a395-87be6f187b37	1	228553446	229462213	573	-0.4045
c588966f-9011-4e53-a395-87be6f187b37	1	229468942	236911014	5538	0.0085
c588966f-9011-4e53-a395-87be6f187b37	1	236912287	243489886	5034	-0.0265
c588966f-9011-4e53-a395-87be6f187b37	1	243489938	248930189	3532	0.0014
c588966f-9011-4e53-a395-87be6f187b37	2	12784	30143	10	0.0726
c588966f-9011-4e53-a395-87be6f187b37	2	33901	4158097	2977	0.2867
c588966f-9011-4e53-a395-87be6f187b37	2	4166274	4175577	36	-0.4859
c588966f-9011-4e53-a395-87be6f187b37	2	4175922	7959627	3240	0.2808
c588966f-9011-4e53-a395-87be6f187b37	2	7959792	11083836	2267	0.3401
c588966f-9011-4e53-a395-87be6f187b37	2	11092539	19565397	6254	0.2842
c588966f-9011-4e53-a395-87be6f187b37	2	19567074	20249307	551	0.3598
c588966f-9011-4e53-a395-87be6f187b37	2	20249413	26037802	3428	0.2957
c588966f-9011-4e53-a395-87be6f187b37	2	26040318	31064625	3133	0.3312
c588966f-9011-4e53-a395-87be6f187b37	2	31069214	34466002	2197	0.2944
c588966f-9011-4e53-a395-87be6f187b37	2	34474248	34512489	48	-0.0253
c588966f-9011-4e53-a395-87be6f187b37	2	34512965	49295759	10725	0.3143
c588966f-9011-4e53-a395-87be6f187b37	2	49305903	49314051	6	-0.6107
c588966f-9011-4e53-a395-87be6f187b37	2	49317902	52516787	2271	0.2986
c588966f-9011-4e53-a395-87be6f187b37	2	52527330	52554384	39	-0.0901
c588966f-9011-4e53-a395-87be6f187b37	2	52554404	87223346	22029	0.2973
c588966f-9011-4e53-a395-87be6f187b37	2	87225631	87576101	71	-0.0262
c588966f-9011-4e53-a395-87be6f187b37	2	87578886	88157529	141	0.2523
c588966f-9011-4e53-a395-87be6f187b37	2	88163413	88938545	425	-0.4182
c588966f-9011-4e53-a395-87be6f187b37	2	88940206	89248581	96	0.2983
c588966f-9011-4e53-a395-87be6f187b37	2	89249362	90051689	54	0.0287
c588966f-9011-4e53-a395-87be6f187b37	2	90053181	91761058	108	-0.3679
c588966f-9011-4e53-a395-87be6f187b37	2	91764770	97813131	1052	0.0021
c588966f-9011-4e53-a395-87be6f187b37	2	97818087	97921642	48	-0.9158
c588966f-9011-4e53-a395-87be6f187b37	2	97921970	106258193	5401	-0.0055
c588966f-9011-4e53-a395-87be6f187b37	2	106258266	106270952	15	-1.4946
c588966f-9011-4e53-a395-87be6f187b37	2	106271414	242147305	82902	-0.0007
c588966f-9011-4e53-a395-87be6f187b37	3	20930	6604856	5819	0.0076
c588966f-9011-4e53-a395-87be6f187b37	3	6609441	6611645	23	-1.9876
c588966f-9011-4e53-a395-87be6f187b37	3	6613391	9318037	2365	-0.013
c588966f-9011-4e53-a395-87be6f187b37	3	9318527	9325935	9	-4.6107
c588966f-9011-4e53-a395-87be6f187b37	3	9326441	20271633	7036	0.0084
c588966f-9011-4e53-a395-87be6f187b37	3	20273630	20274591	2	-1.9142
c588966f-9011-4e53-a395-87be6f187b37	3	20286589	23937812	2609	-0.0067
c588966f-9011-4e53-a395-87be6f187b37	3	23939938	23940837	2	-2.4769
c588966f-9011-4e53-a395-87be6f187b37	3	23940839	41238401	12001	-0.001
c588966f-9011-4e53-a395-87be6f187b37	3	41238529	53404420	6106	0.0298
c588966f-9011-4e53-a395-87be6f187b37	3	53406068	75519398	16736	-0.0122
c588966f-9011-4e53-a395-87be6f187b37	3	75523398	75547095	8	0.7087
c588966f-9011-4e53-a395-87be6f187b37	3	75559488	84053071	4670	-0.0249
c588966f-9011-4e53-a395-87be6f187b37	3	84056282	84057015	2	-3.0833
c588966f-9011-4e53-a395-87be6f187b37	3	84061816	103248705	8568	-0.0111
c588966f-9011-4e53-a395-87be6f187b37	3	103248960	103261907	7	-0.8464
c588966f-9011-4e53-a395-87be6f187b37	3	103263721	103271406	11	0.0544
c588966f-9011-4e53-a395-87be6f187b37	3	103272420	103273767	2	-2.284
c588966f-9011-4e53-a395-87be6f187b37	3	103273801	124581540	13235	-0.0006
c588966f-9011-4e53-a395-87be6f187b37	3	124581578	124581944	5	-2.4872
c588966f-9011-4e53-a395-87be6f187b37	3	124586998	128936203	2736	-0.0004
c588966f-9011-4e53-a395-87be6f187b37	3	128936922	128942130	4	-1.1591
c588966f-9011-4e53-a395-87be6f187b37	3	128944316	130044855	472	0.0111
c588966f-9011-4e53-a395-87be6f187b37	3	130047743	130087393	37	0.4788
c588966f-9011-4e53-a395-87be6f187b37	3	130088081	140559887	6538	-0.0098
c588966f-9011-4e53-a395-87be6f187b37	3	140560039	140560160	2	-2.2523
c588966f-9011-4e53-a395-87be6f187b37	3	140563242	149615115	5645	0.0014
c588966f-9011-4e53-a395-87be6f187b37	3	149615357	149717430	65	0.6905
c588966f-9011-4e53-a395-87be6f187b37	3	149718625	151792254	1328	0.0131
c588966f-9011-4e53-a395-87be6f187b37	3	151793297	151794814	2	-2.0972
c588966f-9011-4e53-a395-87be6f187b37	3	151794906	151825513	26	-4.6096
c588966f-9011-4e53-a395-87be6f187b37	3	151828091	160657731	5287	0.0007
c588966f-9011-4e53-a395-87be6f187b37	3	160657779	160657788	2	-1.7172
c588966f-9011-4e53-a395-87be6f187b37	3	160657808	161834286	724	0.0248
c588966f-9011-4e53-a395-87be6f187b37	3	161834379	161834469	3	-0.858
c588966f-9011-4e53-a395-87be6f187b37	3	161836523	162795304	641	-0.0046
c588966f-9011-4e53-a395-87be6f187b37	3	162795361	162803835	8	0.7385
c588966f-9011-4e53-a395-87be6f187b37	3	162807070	162815162	5	-0.1384
c588966f-9011-4e53-a395-87be6f187b37	3	162816942	162822702	6	-1.2993
c588966f-9011-4e53-a395-87be6f187b37	3	162827928	162898127	42	0.4171
c588966f-9011-4e53-a395-87be6f187b37	3	162906054	162996729	78	-0.0051
c588966f-9011-4e53-a395-87be6f187b37	3	162999939	163001774	2	-2.1322
c588966f-9011-4e53-a395-87be6f187b37	3	163008371	173519113	6283	-0.0018
c588966f-9011-4e53-a395-87be6f187b37	3	173522845	173571890	24	0.9075
c588966f-9011-4e53-a395-87be6f187b37	3	173582403	180055514	4273	0.0007
c588966f-9011-4e53-a395-87be6f187b37	3	180055705	180058413	2	-2.0667
c588966f-9011-4e53-a395-87be6f187b37	3	180058994	180758495	351	0.0046
c588966f-9011-4e53-a395-87be6f187b37	3	180759507	180759715	2	-1.3905
c588966f-9011-4e53-a395-87be6f187b37	3	180761369	185818141	2697	-0.0061
c588966f-9011-4e53-a395-87be6f187b37	3	185820507	189443328	2788	0.0237
c588966f-9011-4e53-a395-87be6f187b37	3	189444582	193160113	2669	-0.0173
c588966f-9011-4e53-a395-87be6f187b37	3	193160173	193168734	23	-0.92
c588966f-9011-4e53-a395-87be6f187b37	3	193168790	195683075	1484	-0.0022
c588966f-9011-4e53-a395-87be6f187b37	3	195685341	195747892	40	0.4767
c588966f-9011-4e53-a395-87be6f187b37	3	195751823	198169247	1165	0.0137
c588966f-9011-4e53-a395-87be6f187b37	4	68929	10208766	5706	0.55
c588966f-9011-4e53-a395-87be6f187b37	4	10221792	10232642	30	-0.774
c588966f-9011-4e53-a395-87be6f187b37	4	10232984	32564538	15741	0.5325
c588966f-9011-4e53-a395-87be6f187b37	4	32565528	34213808	873	0.2799
c588966f-9011-4e53-a395-87be6f187b37	4	34223258	34223301	2	-0.6578
c588966f-9011-4e53-a395-87be6f187b37	4	34233256	34784878	364	0.3079
c588966f-9011-4e53-a395-87be6f187b37	4	34785333	34817148	32	0.7029
c588966f-9011-4e53-a395-87be6f187b37	4	34817488	37942841	2195	0.3016
c588966f-9011-4e53-a395-87be6f187b37	4	37946549	38900725	698	0.7062
c588966f-9011-4e53-a395-87be6f187b37	4	38901791	38968273	75	0.5205
c588966f-9011-4e53-a395-87be6f187b37	4	38970008	39285329	177	0.7384
c588966f-9011-4e53-a395-87be6f187b37	4	39286037	39408748	44	0.442
c588966f-9011-4e53-a395-87be6f187b37	4	39410027	39621512	98	-0.3114
c588966f-9011-4e53-a395-87be6f187b37	4	39625579	39787329	91	0.176
c588966f-9011-4e53-a395-87be6f187b37	4	39789292	41969769	1357	-0.1635
c588966f-9011-4e53-a395-87be6f187b37	4	41974841	42009953	24	0.362
c588966f-9011-4e53-a395-87be6f187b37	4	42010124	42175380	92	0.0728
c588966f-9011-4e53-a395-87be6f187b37	4	42181078	42641561	296	-0.2008
c588966f-9011-4e53-a395-87be6f187b37	4	42642749	42738647	71	0.1729
c588966f-9011-4e53-a395-87be6f187b37	4	42739363	42760100	18	-0.0402
c588966f-9011-4e53-a395-87be6f187b37	4	42762932	42848525	75	0.1712
c588966f-9011-4e53-a395-87be6f187b37	4	42849142	44576719	1042	-0.0004
c588966f-9011-4e53-a395-87be6f187b37	4	44582400	45325597	490	-0.6227
c588966f-9011-4e53-a395-87be6f187b37	4	45329496	45715787	185	-0.0062
c588966f-9011-4e53-a395-87be6f187b37	4	45718056	47265428	807	0.1227
c588966f-9011-4e53-a395-87be6f187b37	4	47268826	48732863	982	0.2771
c588966f-9011-4e53-a395-87be6f187b37	4	48733507	49146817	147	0.549
c588966f-9011-4e53-a395-87be6f187b37	4	49146905	49289338	9	0.1995
c588966f-9011-4e53-a395-87be6f187b37	4	49295203	49654496	15	-0.4654
c588966f-9011-4e53-a395-87be6f187b37	4	49654578	58380145	4420	0.526
c588966f-9011-4e53-a395-87be6f187b37	4	58381455	63265520	2832	0.262
c588966f-9011-4e53-a395-87be6f187b37	4	63275560	63289120	8	-0.6649
c588966f-9011-4e53-a395-87be6f187b37	4	63292771	63841863	326	0.2522
c588966f-9011-4e53-a395-87be6f187b37	4	63841887	63842505	6	0.8329
c588966f-9011-4e53-a395-87be6f187b37	4	63842540	64899711	616	0.2479
c588966f-9011-4e53-a395-87be6f187b37	4	64902426	67036106	1441	0.5136
c588966f-9011-4e53-a395-87be6f187b37	4	67036795	68725894	890	0.54
c588966f-9011-4e53-a395-87be6f187b37	4	68726064	69217661	287	0.698
c588966f-9011-4e53-a395-87be6f187b37	4	69222883	69254981	15	0.448
c588966f-9011-4e53-a395-87be6f187b37	4	69255175	69370433	61	0.0675
c588966f-9011-4e53-a395-87be6f187b37	4	69374263	85722589	10189	0.6551
c588966f-9011-4e53-a395-87be6f187b37	4	85722704	85722949	3	1.7631
c588966f-9011-4e53-a395-87be6f187b37	4	85722977	98181419	7448	0.6524
c588966f-9011-4e53-a395-87be6f187b37	4	98182226	99889454	1021	-0.1631
c588966f-9011-4e53-a395-87be6f187b37	4	99898230	100251696	176	0.4139
c588966f-9011-4e53-a395-87be6f187b37	4	100253744	101383245	742	0.7693
c588966f-9011-4e53-a395-87be6f187b37	4	101393752	114252544	7748	0.3965
c588966f-9011-4e53-a395-87be6f187b37	4	114254167	114263096	25	-1.0195
c588966f-9011-4e53-a395-87be6f187b37	4	114263110	128428245	8337	0.3911
c588966f-9011-4e53-a395-87be6f187b37	4	128428294	128854860	241	0.9626
c588966f-9011-4e53-a395-87be6f187b37	4	128855245	129525727	396	0.4207
c588966f-9011-4e53-a395-87be6f187b37	4	129526267	129789421	217	0.9022
c588966f-9011-4e53-a395-87be6f187b37	4	129790973	129945688	98	0.3584
c588966f-9011-4e53-a395-87be6f187b37	4	129954285	131664750	976	0.9465
c588966f-9011-4e53-a395-87be6f187b37	4	131667766	131675296	12	0.4074
c588966f-9011-4e53-a395-87be6f187b37	4	131675474	132253447	221	0.9082
c588966f-9011-4e53-a395-87be6f187b37	4	132260649	134885356	1464	0.3811
c588966f-9011-4e53-a395-87be6f187b37	4	134888460	135742565	451	0.7238
c588966f-9011-4e53-a395-87be6f187b37	4	135754679	135994257	121	0.3607
c588966f-9011-4e53-a395-87be6f187b37	4	135996783	139058727	2041	0.9564
c588966f-9011-4e53-a395-87be6f187b37	4	139059873	139133222	129	0.7696
c588966f-9011-4e53-a395-87be6f187b37	4	139135885	139369288	87	0.9614
c588966f-9011-4e53-a395-87be6f187b37	4	139371332	142213712	1837	0.3999
c588966f-9011-4e53-a395-87be6f187b37	4	142217691	149297617	4087	0.7542
c588966f-9011-4e53-a395-87be6f187b37	4	149297624	159704030	6364	-0.1673
c588966f-9011-4e53-a395-87be6f187b37	4	159705098	162778222	2097	-0.7009
c588966f-9011-4e53-a395-87be6f187b37	4	162778747	163177618	268	-0.1517
c588966f-9011-4e53-a395-87be6f187b37	4	163179124	163348082	91	-0.7048
c588966f-9011-4e53-a395-87be6f187b37	4	163354715	172066777	5501	-0.1779
c588966f-9011-4e53-a395-87be6f187b37	4	172067997	172068382	12	0.3806
c588966f-9011-4e53-a395-87be6f187b37	4	172074828	187049935	10160	-0.1913
c588966f-9011-4e53-a395-87be6f187b37	4	187050156	187051053	2	-1.7976
c588966f-9011-4e53-a395-87be6f187b37	4	187056923	190106768	1911	-0.1991
c588966f-9011-4e53-a395-87be6f187b37	5	15532	731776	320	0.2766
c588966f-9011-4e53-a395-87be6f187b37	5	732788	742574	4	1.0308
c588966f-9011-4e53-a395-87be6f187b37	5	760901	8702128	6612	0.279
c588966f-9011-4e53-a395-87be6f187b37	5	8702410	8747030	47	-0.5108
c588966f-9011-4e53-a395-87be6f187b37	5	8749619	12815668	3206	0.2818
c588966f-9011-4e53-a395-87be6f187b37	5	12815753	12838421	13	0.7571
c588966f-9011-4e53-a395-87be6f187b37	5	12849089	16831190	2753	0.3069
c588966f-9011-4e53-a395-87be6f187b37	5	16834459	24093021	4224	0.2704
c588966f-9011-4e53-a395-87be6f187b37	5	24095070	24777997	428	0.309
c588966f-9011-4e53-a395-87be6f187b37	5	24778267	24781719	15	-0.5811
c588966f-9011-4e53-a395-87be6f187b37	5	24786817	30355821	3309	0.2711
c588966f-9011-4e53-a395-87be6f187b37	5	30355966	44611548	9134	0.3003
c588966f-9011-4e53-a395-87be6f187b37	5	44611819	46251204	598	0.2768
c588966f-9011-4e53-a395-87be6f187b37	5	46270906	46273400	8	-1.3304
c588966f-9011-4e53-a395-87be6f187b37	5	46278110	46389171	19	0.2879
c588966f-9011-4e53-a395-87be6f187b37	5	50146124	54527182	2660	-0.4202
c588966f-9011-4e53-a395-87be6f187b37	5	54527972	54528544	2	-3.6258
c588966f-9011-4e53-a395-87be6f187b37	5	54528694	58025819	2392	-0.402
c588966f-9011-4e53-a395-87be6f187b37	5	58030200	58044246	34	-0.0404
c588966f-9011-4e53-a395-87be6f187b37	5	58045187	65682500	4735	-0.4102
c588966f-9011-4e53-a395-87be6f187b37	5	65682930	65683272	2	-1.8414
c588966f-9011-4e53-a395-87be6f187b37	5	65688423	69571467	2553	-0.3943
c588966f-9011-4e53-a395-87be6f187b37	5	69779150	71358245	25	-0.0613
c588966f-9011-4e53-a395-87be6f187b37	5	71364924	75877056	2878	-0.4072
c588966f-9011-4e53-a395-87be6f187b37	5	75879948	76001077	102	-1.0065
c588966f-9011-4e53-a395-87be6f187b37	5	76002118	104515520	16503	-0.398
c588966f-9011-4e53-a395-87be6f187b37	5	104524672	104524903	4	-1.6869
c588966f-9011-4e53-a395-87be6f187b37	5	104525348	115049458	7095	-0.3973
c588966f-9011-4e53-a395-87be6f187b37	5	115050383	115050412	3	-1.6495
c588966f-9011-4e53-a395-87be6f187b37	5	115054129	147221232	20240	-0.4073
c588966f-9011-4e53-a395-87be6f187b37	5	147226149	147246099	12	0.2634
c588966f-9011-4e53-a395-87be6f187b37	5	147246775	164621693	11746	-0.407
c588966f-9011-4e53-a395-87be6f187b37	5	164622946	175855340	8326	-0.4377
c588966f-9011-4e53-a395-87be6f187b37	5	175856373	175946505	42	-0.3906
c588966f-9011-4e53-a395-87be6f187b37	5	175960543	175993893	7	0.4343
c588966f-9011-4e53-a395-87be6f187b37	5	175999690	178680821	1182	-0.3899
c588966f-9011-4e53-a395-87be6f187b37	5	178682974	178686162	3	-2.1272
c588966f-9011-4e53-a395-87be6f187b37	5	178691854	180951888	1348	-0.4225
c588966f-9011-4e53-a395-87be6f187b37	5	180953203	181015441	21	0.1441
c588966f-9011-4e53-a395-87be6f187b37	5	181015920	181363319	166	-0.3897
c588966f-9011-4e53-a395-87be6f187b37	6	149661	294837	124	0.1318
c588966f-9011-4e53-a395-87be6f187b37	6	302306	398242	96	0.3869
c588966f-9011-4e53-a395-87be6f187b37	6	402087	17551550	13439	0.1675
c588966f-9011-4e53-a395-87be6f187b37	6	17551563	22188695	3343	0.1349
c588966f-9011-4e53-a395-87be6f187b37	6	22188875	27807046	3697	-0.1917
c588966f-9011-4e53-a395-87be6f187b37	6	27809337	27830625	8	-0.768
c588966f-9011-4e53-a395-87be6f187b37	6	27833344	29869411	945	-0.2029
c588966f-9011-4e53-a395-87be6f187b37	6	29869537	29869681	2	-1.986
c588966f-9011-4e53-a395-87be6f187b37	6	29869700	29881490	12	-0.3916
c588966f-9011-4e53-a395-87be6f187b37	6	29882419	31309909	659	-0.122
c588966f-9011-4e53-a395-87be6f187b37	6	31313046	31328176	9	0.5101
c588966f-9011-4e53-a395-87be6f187b37	6	31328210	33488329	1019	-0.122
c588966f-9011-4e53-a395-87be6f187b37	6	33491604	37755298	2583	-0.1704
c588966f-9011-4e53-a395-87be6f187b37	6	37755387	40787152	2300	-0.2256
c588966f-9011-4e53-a395-87be6f187b37	6	40787979	46848736	3661	-0.185
c588966f-9011-4e53-a395-87be6f187b37	6	46851999	47133836	258	0.9035
c588966f-9011-4e53-a395-87be6f187b37	6	47134525	48067965	640	0.6729
c588966f-9011-4e53-a395-87be6f187b37	6	48069715	48963228	488	0.0475
c588966f-9011-4e53-a395-87be6f187b37	6	48964092	48967563	5	-0.7628
c588966f-9011-4e53-a395-87be6f187b37	6	48978926	49393649	219	0.0482
c588966f-9011-4e53-a395-87be6f187b37	6	49393666	51642232	1329	0.0043
c588966f-9011-4e53-a395-87be6f187b37	6	51643213	54066353	1754	0.0563
c588966f-9011-4e53-a395-87be6f187b37	6	54066432	54067057	6	-1.4401
c588966f-9011-4e53-a395-87be6f187b37	6	54070550	55454687	886	0.0076
c588966f-9011-4e53-a395-87be6f187b37	6	55454878	55455513	4	-0.6772
c588966f-9011-4e53-a395-87be6f187b37	6	55455880	63398297	2702	0.0329
c588966f-9011-4e53-a395-87be6f187b37	6	63398724	63701669	141	-0.4197
c588966f-9011-4e53-a395-87be6f187b37	6	63702852	64296761	303	0.0423
c588966f-9011-4e53-a395-87be6f187b37	6	64297637	64333681	14	-0.3686
c588966f-9011-4e53-a395-87be6f187b37	6	64341503	64627049	173	-0.006
c588966f-9011-4e53-a395-87be6f187b37	6	64637651	64640883	3	-2.2667
c588966f-9011-4e53-a395-87be6f187b37	6	64640920	65000836	237	-0.3962
c588966f-9011-4e53-a395-87be6f187b37	6	65001506	65003899	3	-2.6809
c588966f-9011-4e53-a395-87be6f187b37	6	65007491	66328153	897	-0.394
c588966f-9011-4e53-a395-87be6f187b37	6	66331020	66333004	6	-1.8292
c588966f-9011-4e53-a395-87be6f187b37	6	66333299	73162271	4590	-0.4064
c588966f-9011-4e53-a395-87be6f187b37	6	73162553	73165532	2	-1.876
c588966f-9011-4e53-a395-87be6f187b37	6	73167578	73882509	421	-0.3914
c588966f-9011-4e53-a395-87be6f187b37	6	73882741	73891694	9	0.1678
c588966f-9011-4e53-a395-87be6f187b37	6	73893839	73901481	21	-0.3564
c588966f-9011-4e53-a395-87be6f187b37	6	73901527	74094380	106	-0.6145
c588966f-9011-4e53-a395-87be6f187b37	6	74094462	78259388	2641	-0.3983
c588966f-9011-4e53-a395-87be6f187b37	6	78261980	78332056	115	-0.1978
c588966f-9011-4e53-a395-87be6f187b37	6	78332092	103286954	15453	-0.4021
c588966f-9011-4e53-a395-87be6f187b37	6	103290101	103314186	46	-0.849
c588966f-9011-4e53-a395-87be6f187b37	6	103317795	160806660	37025	-0.4005
c588966f-9011-4e53-a395-87be6f187b37	6	160807417	169841876	6734	-0.4413
c588966f-9011-4e53-a395-87be6f187b37	6	169842735	170605661	370	-0.3987
c588966f-9011-4e53-a395-87be6f187b37	6	170608943	170741917	3	0.2097
c588966f-9011-4e53-a395-87be6f187b37	7	43355	1512819	432	0.0004
c588966f-9011-4e53-a395-87be6f187b37	7	1521818	48481433	33747	0.3166
c588966f-9011-4e53-a395-87be6f187b37	7	48484279	56257539	5670	0.2843
c588966f-9011-4e53-a395-87be6f187b37	7	56257550	56289133	16	0.4672
c588966f-9011-4e53-a395-87be6f187b37	7	56290106	68073360	2910	0.2378
c588966f-9011-4e53-a395-87be6f187b37	7	68073721	70955452	1834	0.1661
c588966f-9011-4e53-a395-87be6f187b37	7	70958264	70961155	2	-1.8522
c588966f-9011-4e53-a395-87be6f187b37	7	70963257	72724529	1125	0.1687
c588966f-9011-4e53-a395-87be6f187b37	7	72736895	76608592	1040	0.2206
c588966f-9011-4e53-a395-87be6f187b37	7	76632173	76632839	2	-1.0368
c588966f-9011-4e53-a395-87be6f187b37	7	76637700	100731621	14817	0.2268
c588966f-9011-4e53-a395-87be6f187b37	7	100731642	100735219	2	-1.5256
c588966f-9011-4e53-a395-87be6f187b37	7	100753382	109801155	5338	0.2261
c588966f-9011-4e53-a395-87be6f187b37	7	109801187	109813853	11	0.8604
c588966f-9011-4e53-a395-87be6f187b37	7	109813925	111383227	1050	0.2186
c588966f-9011-4e53-a395-87be6f187b37	7	111386373	112259556	582	0.4772
c588966f-9011-4e53-a395-87be6f187b37	7	112262319	113792785	855	0.2415
c588966f-9011-4e53-a395-87be6f187b37	7	113793149	113865767	39	0.7304
c588966f-9011-4e53-a395-87be6f187b37	7	113868500	135451857	13253	0.2259
c588966f-9011-4e53-a395-87be6f187b37	7	135451971	135458334	6	-0.5663
c588966f-9011-4e53-a395-87be6f187b37	7	135462677	142069843	4185	0.2313
c588966f-9011-4e53-a395-87be6f187b37	7	142069880	142092307	33	-0.3947
c588966f-9011-4e53-a395-87be6f187b37	7	142099190	142163205	41	0.2398
c588966f-9011-4e53-a395-87be6f187b37	7	142164370	142164699	2	-0.7092
c588966f-9011-4e53-a395-87be6f187b37	7	142166702	144255771	1164	0.2694
c588966f-9011-4e53-a395-87be6f187b37	7	144255800	144295437	4	-0.7841
c588966f-9011-4e53-a395-87be6f187b37	7	144306653	150307133	3647	0.2082
c588966f-9011-4e53-a395-87be6f187b37	7	150310262	152106762	1136	0.2751
c588966f-9011-4e53-a395-87be6f187b37	7	152106900	154598185	1630	0.2106
c588966f-9011-4e53-a395-87be6f187b37	7	154601461	154607903	4	1.1993
c588966f-9011-4e53-a395-87be6f187b37	7	154609120	159334314	3236	0.2278
c588966f-9011-4e53-a395-87be6f187b37	8	81254	208062	4	-0.322
c588966f-9011-4e53-a395-87be6f187b37	8	212672	643041	317	0.3898
c588966f-9011-4e53-a395-87be6f187b37	8	644944	645908	10	-0.2707
c588966f-9011-4e53-a395-87be6f187b37	8	656117	2133225	1148	0.3746
c588966f-9011-4e53-a395-87be6f187b37	8	2133366	2133385	2	-1.2413
c588966f-9011-4e53-a395-87be6f187b37	8	2133420	2378358	207	0.3992
c588966f-9011-4e53-a395-87be6f187b37	8	2379086	3756533	1439	0.123
c588966f-9011-4e53-a395-87be6f187b37	8	3756707	3756783	3	-1.788
c588966f-9011-4e53-a395-87be6f187b37	8	3760414	5330069	2326	0.1199
c588966f-9011-4e53-a395-87be6f187b37	8	5330190	5389891	82	0.2904
c588966f-9011-4e53-a395-87be6f187b37	8	5390000	8426157	2440	0.3709
c588966f-9011-4e53-a395-87be6f187b37	8	8429535	8433847	5	-1.5367
c588966f-9011-4e53-a395-87be6f187b37	8	8434235	12143614	3037	0.3831
c588966f-9011-4e53-a395-87be6f187b37	8	12176798	12389977	31	-0.6322
c588966f-9011-4e53-a395-87be6f187b37	8	12418301	13216893	520	0.3147
c588966f-9011-4e53-a395-87be6f187b37	8	13217388	13398402	182	0.1949
c588966f-9011-4e53-a395-87be6f187b37	8	13398417	13740733	333	0.3514
c588966f-9011-4e53-a395-87be6f187b37	8	13740782	14652059	929	0.1125
c588966f-9011-4e53-a395-87be6f187b37	8	14652523	14652565	3	-1.2117
c588966f-9011-4e53-a395-87be6f187b37	8	14652887	14813616	191	0.1114
c588966f-9011-4e53-a395-87be6f187b37	8	14814675	14815804	6	-1.4076
c588966f-9011-4e53-a395-87be6f187b37	8	14816696	15435453	495	0.1087
c588966f-9011-4e53-a395-87be6f187b37	8	15436422	15437936	2	-2.5967
c588966f-9011-4e53-a395-87be6f187b37	8	15439194	17020451	1404	0.1382
c588966f-9011-4e53-a395-87be6f187b37	8	17025131	17049808	11	-1.5715
c588966f-9011-4e53-a395-87be6f187b37	8	17051944	19563145	2325	0.1474
c588966f-9011-4e53-a395-87be6f187b37	8	19563729	19563750	2	-1.5875
c588966f-9011-4e53-a395-87be6f187b37	8	19569953	20608594	905	0.1473
c588966f-9011-4e53-a395-87be6f187b37	8	20609030	20803854	179	-0.0039
c588966f-9011-4e53-a395-87be6f187b37	8	20803941	23544795	1786	0.2762
c588966f-9011-4e53-a395-87be6f187b37	8	23550227	23550298	4	-2.5706
c588966f-9011-4e53-a395-87be6f187b37	8	23550358	24287495	487	0.2536
c588966f-9011-4e53-a395-87be6f187b37	8	24287917	24293553	4	-1.2273
c588966f-9011-4e53-a395-87be6f187b37	8	24293995	25117007	651	0.2614
c588966f-9011-4e53-a395-87be6f187b37	8	25117062	25126818	24	0.8821
c588966f-9011-4e53-a395-87be6f187b37	8	25133589	25715749	443	0.2542
c588966f-9011-4e53-a395-87be6f187b37	8	25723252	25730126	5	1.4282
c588966f-9011-4e53-a395-87be6f187b37	8	25736760	27143893	1133	0.2632
c588966f-9011-4e53-a395-87be6f187b37	8	27146880	27149213	2	-2.3667
c588966f-9011-4e53-a395-87be6f187b37	8	27150548	31580637	2843	0.2706
c588966f-9011-4e53-a395-87be6f187b37	8	31586904	32519548	747	-0.0384
c588966f-9011-4e53-a395-87be6f187b37	8	32520977	33770824	794	0.2321
c588966f-9011-4e53-a395-87be6f187b37	8	33773419	33777907	4	-1.0829
c588966f-9011-4e53-a395-87be6f187b37	8	33780408	35715270	1113	0.2286
c588966f-9011-4e53-a395-87be6f187b37	8	35716150	36796582	535	0.466
c588966f-9011-4e53-a395-87be6f187b37	8	36798764	38430945	882	0.3615
c588966f-9011-4e53-a395-87be6f187b37	8	38432841	38433948	12	-0.0003
c588966f-9011-4e53-a395-87be6f187b37	8	38433974	38455274	10	0.4768
c588966f-9011-4e53-a395-87be6f187b37	8	38455399	38459727	18	0.0712
c588966f-9011-4e53-a395-87be6f187b37	8	38459788	39087099	331	0.3797
c588966f-9011-4e53-a395-87be6f187b37	8	39091263	39092006	2	-1.0325
c588966f-9011-4e53-a395-87be6f187b37	8	39092465	39239997	68	0.3575
c588966f-9011-4e53-a395-87be6f187b37	8	39242218	39310341	36	0.4247
c588966f-9011-4e53-a395-87be6f187b37	8	39312609	39373140	35	0.7324
c588966f-9011-4e53-a395-87be6f187b37	8	39378084	39529446	58	-1.6865
c588966f-9011-4e53-a395-87be6f187b37	8	39530780	40612594	860	0.7041
c588966f-9011-4e53-a395-87be6f187b37	8	40617473	41007119	275	0.5609
c588966f-9011-4e53-a395-87be6f187b37	8	41011876	41264249	156	0.2355
c588966f-9011-4e53-a395-87be6f187b37	8	41264740	43892545	1286	0.5154
c588966f-9011-4e53-a395-87be6f187b37	8	43893906	46830385	300	0.2844
c588966f-9011-4e53-a395-87be6f187b37	8	46830765	48279522	612	0.3928
c588966f-9011-4e53-a395-87be6f187b37	8	48280316	48827842	314	0.2883
c588966f-9011-4e53-a395-87be6f187b37	8	48835074	60328765	7523	-0.0242
c588966f-9011-4e53-a395-87be6f187b37	8	60330541	61445041	756	1.1595
c588966f-9011-4e53-a395-87be6f187b37	8	61446061	61908464	316	1.0369
c588966f-9011-4e53-a395-87be6f187b37	8	61908500	62533360	429	1.2326
c588966f-9011-4e53-a395-87be6f187b37	8	62533544	67630500	2696	-0.0144
c588966f-9011-4e53-a395-87be6f187b37	8	67630516	67636165	17	-0.4104
c588966f-9011-4e53-a395-87be6f187b37	8	67636256	71300130	2355	-0.0266
c588966f-9011-4e53-a395-87be6f187b37	8	71303076	71304364	8	-1.7205
c588966f-9011-4e53-a395-87be6f187b37	8	71307628	73328892	1476	-0.0218
c588966f-9011-4e53-a395-87be6f187b37	8	73333019	73337278	4	1.1071
c588966f-9011-4e53-a395-87be6f187b37	8	73337358	74751315	906	-0.0145
c588966f-9011-4e53-a395-87be6f187b37	8	74760292	74931096	117	1.1356
c588966f-9011-4e53-a395-87be6f187b37	8	74933258	75038654	57	1.297
c588966f-9011-4e53-a395-87be6f187b37	8	75040451	75156323	76	1.0272
c588966f-9011-4e53-a395-87be6f187b37	8	75157761	75344251	92	0.5774
c588966f-9011-4e53-a395-87be6f187b37	8	75358422	75577189	141	0.3355
c588966f-9011-4e53-a395-87be6f187b37	8	75587900	76063530	266	0.6321
c588966f-9011-4e53-a395-87be6f187b37	8	76067475	76970089	531	0.4398
c588966f-9011-4e53-a395-87be6f187b37	8	76972159	77504389	338	0.2962
c588966f-9011-4e53-a395-87be6f187b37	8	77510378	78162173	383	0.5417
c588966f-9011-4e53-a395-87be6f187b37	8	78164367	78171412	3	-0.3518
c588966f-9011-4e53-a395-87be6f187b37	8	78172665	78368603	107	0.541
c588966f-9011-4e53-a395-87be6f187b37	8	78368696	78506864	62	1.0306
c588966f-9011-4e53-a395-87be6f187b37	8	78507602	79117792	369	1.226
c588966f-9011-4e53-a395-87be6f187b37	8	79124159	79855367	493	1.4991
c588966f-9011-4e53-a395-87be6f187b37	8	79856637	80980674	584	1.0104
c588966f-9011-4e53-a395-87be6f187b37	8	80982680	81801588	533	1.1106
c588966f-9011-4e53-a395-87be6f187b37	8	81813966	85598065	2103	-0.0216
c588966f-9011-4e53-a395-87be6f187b37	8	85599546	85645184	29	-0.3816
c588966f-9011-4e53-a395-87be6f187b37	8	85828731	99473590	8254	-0.0189
c588966f-9011-4e53-a395-87be6f187b37	8	99475311	99501464	19	-0.3604
c588966f-9011-4e53-a395-87be6f187b37	8	99502855	104313602	2937	-0.0016
c588966f-9011-4e53-a395-87be6f187b37	8	104316868	104317426	3	-1.4687
c588966f-9011-4e53-a395-87be6f187b37	8	104318909	111282065	4213	-0.0184
c588966f-9011-4e53-a395-87be6f187b37	8	111282237	111283031	8	-0.9739
c588966f-9011-4e53-a395-87be6f187b37	8	111288052	114550992	1777	-0.0323
c588966f-9011-4e53-a395-87be6f187b37	8	114551594	117815600	2124	0.0143
c588966f-9011-4e53-a395-87be6f187b37	8	117816942	118118450	228	1.1402
c588966f-9011-4e53-a395-87be6f187b37	8	118120143	127697359	6747	-0.0072
c588966f-9011-4e53-a395-87be6f187b37	8	127698467	127844662	82	1.2305
c588966f-9011-4e53-a395-87be6f187b37	8	127846306	128744020	706	0.5065
c588966f-9011-4e53-a395-87be6f187b37	8	128750889	128751839	2	-1.2582
c588966f-9011-4e53-a395-87be6f187b37	8	128765208	131747632	2088	0.3354
c588966f-9011-4e53-a395-87be6f187b37	8	131749628	131751109	2	-1.2334
c588966f-9011-4e53-a395-87be6f187b37	8	131752770	132666132	702	0.3134
c588966f-9011-4e53-a395-87be6f187b37	8	132666141	132847088	119	-0.0398
c588966f-9011-4e53-a395-87be6f187b37	8	132848966	134707017	1732	0.0104
c588966f-9011-4e53-a395-87be6f187b37	8	134707809	138375450	2879	-0.0458
c588966f-9011-4e53-a395-87be6f187b37	8	138375601	138536520	124	1.1311
c588966f-9011-4e53-a395-87be6f187b37	8	138536583	138934581	343	0.9296
c588966f-9011-4e53-a395-87be6f187b37	8	138934722	139242601	252	0.7362
c588966f-9011-4e53-a395-87be6f187b37	8	139246009	139246254	4	1.2984
c588966f-9011-4e53-a395-87be6f187b37	8	139246954	139420530	153	0.7454
c588966f-9011-4e53-a395-87be6f187b37	8	139420956	139538760	124	0.9938
c588966f-9011-4e53-a395-87be6f187b37	8	139539623	141871287	1485	0.7519
c588966f-9011-4e53-a395-87be6f187b37	8	141877861	143117240	567	0.9531
c588966f-9011-4e53-a395-87be6f187b37	8	143120247	145072769	679	0.0121
c588966f-9011-4e53-a395-87be6f187b37	9	46587	243549	74	-0.3696
c588966f-9011-4e53-a395-87be6f187b37	9	245706	245752	2	-2.8159
c588966f-9011-4e53-a395-87be6f187b37	9	246397	602903	430	-0.3731
c588966f-9011-4e53-a395-87be6f187b37	9	606699	606961	4	-1.9629
c588966f-9011-4e53-a395-87be6f187b37	9	607307	641720	58	-0.2749
c588966f-9011-4e53-a395-87be6f187b37	9	641751	4888401	4437	-0.4114
c588966f-9011-4e53-a395-87be6f187b37	9	4888441	5097281	265	-0.3368
c588966f-9011-4e53-a395-87be6f187b37	9	5100291	5106023	2	-1.7344
c588966f-9011-4e53-a395-87be6f187b37	9	5106680	6695986	1101	-0.3419
c588966f-9011-4e53-a395-87be6f187b37	9	6701145	6708357	6	-2.6668
c588966f-9011-4e53-a395-87be6f187b37	9	6712314	16904049	8910	-0.4114
c588966f-9011-4e53-a395-87be6f187b37	9	16904082	16906361	2	-1.9194
c588966f-9011-4e53-a395-87be6f187b37	9	16906558	23366284	5119	-0.3923
c588966f-9011-4e53-a395-87be6f187b37	9	23367171	23373486	5	-1.8889
c588966f-9011-4e53-a395-87be6f187b37	9	23378490	39464757	10720	-0.3986
c588966f-9011-4e53-a395-87be6f187b37	9	39481818	61405110	214	-0.2392
c588966f-9011-4e53-a395-87be6f187b37	9	61520021	61647899	30	0.2913
c588966f-9011-4e53-a395-87be6f187b37	9	61665362	63580418	38	-0.3393
c588966f-9011-4e53-a395-87be6f187b37	9	63590317	63592813	7	0.4842
c588966f-9011-4e53-a395-87be6f187b37	9	63614182	67149991	109	-0.1571
c588966f-9011-4e53-a395-87be6f187b37	9	67168711	120881041	38097	-0.4047
c588966f-9011-4e53-a395-87be6f187b37	9	120883260	120943011	52	-0.9823
c588966f-9011-4e53-a395-87be6f187b37	9	120943594	134158523	7947	-0.3822
c588966f-9011-4e53-a395-87be6f187b37	9	134205105	135809304	943	-0.4546
c588966f-9011-4e53-a395-87be6f187b37	9	135809677	138200944	847	-0.3693
c588966f-9011-4e53-a395-87be6f187b37	10	45792	3397522	2826	0.5641
c588966f-9011-4e53-a395-87be6f187b37	10	3399702	6608887	2791	0.5948
c588966f-9011-4e53-a395-87be6f187b37	10	6608906	6608921	2	-0.4299
c588966f-9011-4e53-a395-87be6f187b37	10	6608959	7210137	652	0.5953
c588966f-9011-4e53-a395-87be6f187b37	10	7211499	13007585	4636	0.5614
c588966f-9011-4e53-a395-87be6f187b37	10	13007600	13008170	8	-0.2208
c588966f-9011-4e53-a395-87be6f187b37	10	13008428	17794593	3925	0.5687
c588966f-9011-4e53-a395-87be6f187b37	10	17817444	17847819	4	-0.1425
c588966f-9011-4e53-a395-87be6f187b37	10	17852967	20551945	2146	0.5567
c588966f-9011-4e53-a395-87be6f187b37	10	20561183	20564605	6	-0.6838
c588966f-9011-4e53-a395-87be6f187b37	10	20573498	24086334	2195	0.5638
c588966f-9011-4e53-a395-87be6f187b37	10	24088745	24091754	17	0.2008
c588966f-9011-4e53-a395-87be6f187b37	10	24091769	37641973	9371	0.5613
c588966f-9011-4e53-a395-87be6f187b37	10	37642859	38783090	478	0.4337
c588966f-9011-4e53-a395-87be6f187b37	10	41715085	44372809	1487	-0.3824
c588966f-9011-4e53-a395-87be6f187b37	10	44373979	44888961	416	-0.5028
c588966f-9011-4e53-a395-87be6f187b37	10	44892324	45574604	409	-0.3746
c588966f-9011-4e53-a395-87be6f187b37	10	45577424	45578738	3	-2.7985
c588966f-9011-4e53-a395-87be6f187b37	10	45579330	57133426	7199	-0.4082
c588966f-9011-4e53-a395-87be6f187b37	10	57142410	57146148	5	-1.8908
c588966f-9011-4e53-a395-87be6f187b37	10	57146289	57177123	30	-4.4427
c588966f-9011-4e53-a395-87be6f187b37	10	57177149	65548178	5789	-0.4012
c588966f-9011-4e53-a395-87be6f187b37	10	65548193	65563037	27	0.2331
c588966f-9011-4e53-a395-87be6f187b37	10	65563168	66094462	469	-0.4257
c588966f-9011-4e53-a395-87be6f187b37	10	66094752	75799326	5783	-0.387
c588966f-9011-4e53-a395-87be6f187b37	10	75801755	87866965	8470	-0.4201
c588966f-9011-4e53-a395-87be6f187b37	10	87866979	87995318	213	-0.2594
c588966f-9011-4e53-a395-87be6f187b37	10	87995886	115675756	18050	-0.402
c588966f-9011-4e53-a395-87be6f187b37	10	115675914	132373268	12632	-0.437
c588966f-9011-4e53-a395-87be6f187b37	10	132377153	133654968	550	-0.3952
c588966f-9011-4e53-a395-87be6f187b37	11	198510	997320	263	-0.4043
c588966f-9011-4e53-a395-87be6f187b37	11	998645	999768	2	-2.3169
c588966f-9011-4e53-a395-87be6f187b37	11	1001907	3156709	901	-0.3868
c588966f-9011-4e53-a395-87be6f187b37	11	3156834	3157172	2	-2.7755
c588966f-9011-4e53-a395-87be6f187b37	11	3158712	4946021	1244	-0.3809
c588966f-9011-4e53-a395-87be6f187b37	11	4946166	4952799	27	-1.0347
c588966f-9011-4e53-a395-87be6f187b37	11	4953934	5761746	780	-0.4032
c588966f-9011-4e53-a395-87be6f187b37	11	5761822	5798299	46	-0.14
c588966f-9011-4e53-a395-87be6f187b37	11	5799331	18919323	9391	-0.4079
c588966f-9011-4e53-a395-87be6f187b37	11	18927525	18949201	49	0.3452
c588966f-9011-4e53-a395-87be6f187b37	11	18949628	21627110	2438	-0.4229
c588966f-9011-4e53-a395-87be6f187b37	11	21632232	33573918	8029	0.2943
c588966f-9011-4e53-a395-87be6f187b37	11	33576293	36033547	2103	0.3344
c588966f-9011-4e53-a395-87be6f187b37	11	36033711	37195907	962	0.3014
c588966f-9011-4e53-a395-87be6f187b37	11	37203279	42491595	3447	0.27
c588966f-9011-4e53-a395-87be6f187b37	11	42491623	54952548	4537	0.3091
c588966f-9011-4e53-a395-87be6f187b37	11	54953347	54990815	2	1.3676
c588966f-9011-4e53-a395-87be6f187b37	11	55006417	55608804	241	0.3424
c588966f-9011-4e53-a395-87be6f187b37	11	55609022	55685533	51	0.7667
c588966f-9011-4e53-a395-87be6f187b37	11	55686100	60699176	3073	0.2965
c588966f-9011-4e53-a395-87be6f187b37	11	60699702	64886292	2061	0.0392
c588966f-9011-4e53-a395-87be6f187b37	11	64892365	65460667	208	-0.3344
c588966f-9011-4e53-a395-87be6f187b37	11	65468416	65542252	30	0.3998
c588966f-9011-4e53-a395-87be6f187b37	11	65542345	66351318	367	0.5987
c588966f-9011-4e53-a395-87be6f187b37	11	66351564	77420476	5556	0.5473
c588966f-9011-4e53-a395-87be6f187b37	11	77420930	83957139	4698	0.5133
c588966f-9011-4e53-a395-87be6f187b37	11	83957142	83959277	2	-1.0977
c588966f-9011-4e53-a395-87be6f187b37	11	83959282	90172068	3922	0.537
c588966f-9011-4e53-a395-87be6f187b37	11	90173983	93201167	2240	0.6422
c588966f-9011-4e53-a395-87be6f187b37	11	93202996	93205318	3	-0.8437
c588966f-9011-4e53-a395-87be6f187b37	11	93208587	96128487	2105	0.6576
c588966f-9011-4e53-a395-87be6f187b37	11	96129382	96129838	2	-0.7333
c588966f-9011-4e53-a395-87be6f187b37	11	96132403	99013982	2073	0.6363
c588966f-9011-4e53-a395-87be6f187b37	11	99014184	99968957	761	0.8082
c588966f-9011-4e53-a395-87be6f187b37	11	99972614	99972870	3	-0.1126
c588966f-9011-4e53-a395-87be6f187b37	11	99974970	105077402	3802	0.8195
c588966f-9011-4e53-a395-87be6f187b37	11	105079697	105096065	17	1.5499
c588966f-9011-4e53-a395-87be6f187b37	11	105099574	112084778	4399	0.8201
c588966f-9011-4e53-a395-87be6f187b37	11	112085567	127874094	11406	0.6434
c588966f-9011-4e53-a395-87be6f187b37	11	127876620	127877234	2	-0.9859
c588966f-9011-4e53-a395-87be6f187b37	11	127877541	132476152	3585	0.6467
c588966f-9011-4e53-a395-87be6f187b37	11	132477151	132478848	4	-1.0829
c588966f-9011-4e53-a395-87be6f187b37	11	132485230	133393701	726	0.6558
c588966f-9011-4e53-a395-87be6f187b37	11	133396436	135074876	1240	0.5461
c588966f-9011-4e53-a395-87be6f187b37	12	51460	71531	5	0.3371
c588966f-9011-4e53-a395-87be6f187b37	12	81888	464268	223	0.7257
c588966f-9011-4e53-a395-87be6f187b37	12	464704	2429383	1303	0.5018
c588966f-9011-4e53-a395-87be6f187b37	12	2429775	2469754	39	-0.1048
c588966f-9011-4e53-a395-87be6f187b37	12	2471264	9005724	4361	0.2619
c588966f-9011-4e53-a395-87be6f187b37	12	9006426	9122272	73	-0.0433
c588966f-9011-4e53-a395-87be6f187b37	12	9125279	9467109	161	-0.923
c588966f-9011-4e53-a395-87be6f187b37	12	9467513	9582374	32	-0.2511
c588966f-9011-4e53-a395-87be6f187b37	12	9583090	26391087	11588	-0.984
c588966f-9011-4e53-a395-87be6f187b37	12	26392141	27345276	612	-0.3793
c588966f-9011-4e53-a395-87be6f187b37	12	27346040	28121857	616	0.0161
c588966f-9011-4e53-a395-87be6f187b37	12	28135114	28790826	416	-0.3963
c588966f-9011-4e53-a395-87be6f187b37	12	28791205	29181116	343	0.028
c588966f-9011-4e53-a395-87be6f187b37	12	29181195	29181205	2	-0.9714
c588966f-9011-4e53-a395-87be6f187b37	12	29181219	29381276	118	0.0115
c588966f-9011-4e53-a395-87be6f187b37	12	29385321	32091839	2053	-0.4081
c588966f-9011-4e53-a395-87be6f187b37	12	32092858	33148472	752	-0.9868
c588966f-9011-4e53-a395-87be6f187b37	12	33148492	33150359	11	-2.4472
c588966f-9011-4e53-a395-87be6f187b37	12	33150444	34111154	600	-0.9101
c588966f-9011-4e53-a395-87be6f187b37	12	34122447	37659337	240	-0.3605
c588966f-9011-4e53-a395-87be6f187b37	12	37659435	38770600	486	0.0172
c588966f-9011-4e53-a395-87be6f187b37	12	38774758	40699912	1181	-0.3872
c588966f-9011-4e53-a395-87be6f187b37	12	40703827	41020257	227	0.017
c588966f-9011-4e53-a395-87be6f187b37	12	41025928	43084127	1423	-0.3938
c588966f-9011-4e53-a395-87be6f187b37	12	43084607	43729992	392	-0.9691
c588966f-9011-4e53-a395-87be6f187b37	12	43732671	44642106	539	-0.371
c588966f-9011-4e53-a395-87be6f187b37	12	44642208	45159546	288	-0.9523
c588966f-9011-4e53-a395-87be6f187b37	12	45160511	53746148	4938	-0.3481
c588966f-9011-4e53-a395-87be6f187b37	12	53747059	55457151	999	0.0487
c588966f-9011-4e53-a395-87be6f187b37	12	55458094	55710019	170	0.3831
c588966f-9011-4e53-a395-87be6f187b37	12	55712110	56103570	172	0.7277
c588966f-9011-4e53-a395-87be6f187b37	12	56103835	56261997	80	0.3355
c588966f-9011-4e53-a395-87be6f187b37	12	56263983	56274390	8	0.5783
c588966f-9011-4e53-a395-87be6f187b37	12	56274760	56554891	133	0.0559
c588966f-9011-4e53-a395-87be6f187b37	12	56560698	58152283	799	0.332
c588966f-9011-4e53-a395-87be6f187b37	12	58157514	85047667	17303	-0.3845
c588966f-9011-4e53-a395-87be6f187b37	12	85055253	133201603	32033	0.0081
c588966f-9011-4e53-a395-87be6f187b37	13	18452809	30935928	8781	-0.4144
c588966f-9011-4e53-a395-87be6f187b37	13	30937518	30938267	2	-2.6905
c588966f-9011-4e53-a395-87be6f187b37	13	30938349	37497899	4677	-0.4123
c588966f-9011-4e53-a395-87be6f187b37	13	37498087	37510620	15	0.3215
c588966f-9011-4e53-a395-87be6f187b37	13	37514193	40347971	2148	-0.4107
c588966f-9011-4e53-a395-87be6f187b37	13	40349087	52393303	7709	-0.3751
c588966f-9011-4e53-a395-87be6f187b37	13	52394154	60755281	4849	-0.4087
c588966f-9011-4e53-a395-87be6f187b37	13	60755974	61887658	669	0.5226
c588966f-9011-4e53-a395-87be6f187b37	13	61887906	64238811	1308	0.2843
c588966f-9011-4e53-a395-87be6f187b37	13	64239233	64777999	340	0.5211
c588966f-9011-4e53-a395-87be6f187b37	13	64778119	64779363	2	-2.3035
c588966f-9011-4e53-a395-87be6f187b37	13	64782151	65481766	372	0.5137
c588966f-9011-4e53-a395-87be6f187b37	13	65483955	66292708	536	0.2762
c588966f-9011-4e53-a395-87be6f187b37	13	66293355	66598647	216	0.0367
c588966f-9011-4e53-a395-87be6f187b37	13	66602087	66603651	2	-2.0714
c588966f-9011-4e53-a395-87be6f187b37	13	66604212	66903654	224	-0.0162
c588966f-9011-4e53-a395-87be6f187b37	13	66906553	66921397	13	-0.3414
c588966f-9011-4e53-a395-87be6f187b37	13	66926281	69857669	1815	-0.0083
c588966f-9011-4e53-a395-87be6f187b37	13	69858582	69929472	46	0.2972
c588966f-9011-4e53-a395-87be6f187b37	13	69933441	70074729	103	-0.0138
c588966f-9011-4e53-a395-87be6f187b37	13	70078674	70133589	46	0.3314
c588966f-9011-4e53-a395-87be6f187b37	13	70140512	70437340	246	0.0968
c588966f-9011-4e53-a395-87be6f187b37	13	70437784	70454297	23	0.2735
c588966f-9011-4e53-a395-87be6f187b37	13	70474039	70804593	221	-0.0145
c588966f-9011-4e53-a395-87be6f187b37	13	70808714	71039094	134	0.2678
c588966f-9011-4e53-a395-87be6f187b37	13	71039527	71902850	507	-0.0109
c588966f-9011-4e53-a395-87be6f187b37	13	71903417	71905409	2	1.1111
c588966f-9011-4e53-a395-87be6f187b37	13	71906311	72280261	325	0.0145
c588966f-9011-4e53-a395-87be6f187b37	13	72280760	100166730	18171	-0.4014
c588966f-9011-4e53-a395-87be6f187b37	13	100170609	102271897	1634	-0.0115
c588966f-9011-4e53-a395-87be6f187b37	13	102273194	103293957	820	-0.4114
c588966f-9011-4e53-a395-87be6f187b37	13	103296789	103824134	516	0.2942
c588966f-9011-4e53-a395-87be6f187b37	13	103835020	107253690	2710	-0.0129
c588966f-9011-4e53-a395-87be6f187b37	13	107258855	107982584	622	0.2948
c588966f-9011-4e53-a395-87be6f187b37	13	107985351	108350110	285	-0.017
c588966f-9011-4e53-a395-87be6f187b37	13	108350439	108647254	223	0.2304
c588966f-9011-4e53-a395-87be6f187b37	13	108647959	108799512	154	0.0154
c588966f-9011-4e53-a395-87be6f187b37	13	108799639	108863691	73	0.2751
c588966f-9011-4e53-a395-87be6f187b37	13	108865836	109113254	174	0.005
c588966f-9011-4e53-a395-87be6f187b37	13	109118265	109213652	97	0.341
c588966f-9011-4e53-a395-87be6f187b37	13	109214255	110118246	697	0.0021
c588966f-9011-4e53-a395-87be6f187b37	13	110118455	110537769	439	0.31
c588966f-9011-4e53-a395-87be6f187b37	13	110540074	110887379	226	0.0012
c588966f-9011-4e53-a395-87be6f187b37	13	110890696	111167045	217	0.2874
c588966f-9011-4e53-a395-87be6f187b37	13	111168553	112186966	610	-0.0432
c588966f-9011-4e53-a395-87be6f187b37	13	112188432	112474679	189	-0.4349
c588966f-9011-4e53-a395-87be6f187b37	13	112482444	113609404	619	-1.1121
c588966f-9011-4e53-a395-87be6f187b37	13	113610162	113610202	2	-6.7259
c588966f-9011-4e53-a395-87be6f187b37	13	113610875	114342922	247	-1.0866
c588966f-9011-4e53-a395-87be6f187b37	14	18239283	18656322	17	0.0505
c588966f-9011-4e53-a395-87be6f187b37	14	18657897	19280948	27	0.488
c588966f-9011-4e53-a395-87be6f187b37	14	19289821	19294475	3	2.0483
c588966f-9011-4e53-a395-87be6f187b37	14	19298389	20082381	212	0.5971
c588966f-9011-4e53-a395-87be6f187b37	14	20085125	20087037	2	-0.8751
c588966f-9011-4e53-a395-87be6f187b37	14	20089108	21855405	1163	0.5749
c588966f-9011-4e53-a395-87be6f187b37	14	21856896	22486728	560	0.7431
c588966f-9011-4e53-a395-87be6f187b37	14	22490304	23957515	892	0.6056
c588966f-9011-4e53-a395-87be6f187b37	14	23975620	24010500	22	-0.6651
c588966f-9011-4e53-a395-87be6f187b37	14	24015250	26294421	1568	0.5805
c588966f-9011-4e53-a395-87be6f187b37	14	26300516	26300519	3	-0.3867
c588966f-9011-4e53-a395-87be6f187b37	14	26300708	26310193	35	1.0179
c588966f-9011-4e53-a395-87be6f187b37	14	26310436	26314712	8	0.242
c588966f-9011-4e53-a395-87be6f187b37	14	26315707	26732898	232	1.1041
c588966f-9011-4e53-a395-87be6f187b37	14	26735749	34500227	4962	1.0353
c588966f-9011-4e53-a395-87be6f187b37	14	34502615	34579478	45	0.7607
c588966f-9011-4e53-a395-87be6f187b37	14	34589610	40139724	3286	1.0237
c588966f-9011-4e53-a395-87be6f187b37	14	40144718	40147715	2	2.3945
c588966f-9011-4e53-a395-87be6f187b37	14	40148961	43308180	2063	1.0392
c588966f-9011-4e53-a395-87be6f187b37	14	43312501	46275002	1611	1.0845
c588966f-9011-4e53-a395-87be6f187b37	14	46281206	46301210	11	-0.533
c588966f-9011-4e53-a395-87be6f187b37	14	46303072	50661359	2554	1.1092
c588966f-9011-4e53-a395-87be6f187b37	14	50668591	63537782	8666	-0.4016
c588966f-9011-4e53-a395-87be6f187b37	14	63538599	69731066	3745	-0.3667
c588966f-9011-4e53-a395-87be6f187b37	14	69733746	73540003	2532	-0.4012
c588966f-9011-4e53-a395-87be6f187b37	14	73540147	73542710	2	-2.3666
c588966f-9011-4e53-a395-87be6f187b37	14	73546628	88094954	9646	-0.4063
c588966f-9011-4e53-a395-87be6f187b37	14	88101573	88108760	4	-1.778
c588966f-9011-4e53-a395-87be6f187b37	14	88109798	106340102	11204	-0.3985
c588966f-9011-4e53-a395-87be6f187b37	14	106340305	106346129	6	0.6343
c588966f-9011-4e53-a395-87be6f187b37	14	106360014	106877229	274	-0.3742
c588966f-9011-4e53-a395-87be6f187b37	15	19811075	20206125	57	0.0284
c588966f-9011-4e53-a395-87be6f187b37	15	20206395	21417107	118	-0.6033
c588966f-9011-4e53-a395-87be6f187b37	15	21975606	33298447	6351	-0.075
c588966f-9011-4e53-a395-87be6f187b37	15	33300398	33346134	34	0.3581
c588966f-9011-4e53-a395-87be6f187b37	15	33348370	38521359	3668	-0.0655
c588966f-9011-4e53-a395-87be6f187b37	15	38524632	39402856	767	-0.0501
c588966f-9011-4e53-a395-87be6f187b37	15	39403950	44877457	2703	-0.012
c588966f-9011-4e53-a395-87be6f187b37	15	44878291	63630553	12783	-0.0467
c588966f-9011-4e53-a395-87be6f187b37	15	63632869	63639415	4	-1.3449
c588966f-9011-4e53-a395-87be6f187b37	15	63642657	63892163	128	-0.0312
c588966f-9011-4e53-a395-87be6f187b37	15	63892426	65084068	571	0.0443
c588966f-9011-4e53-a395-87be6f187b37	15	65084633	94482988	18848	-0.0433
c588966f-9011-4e53-a395-87be6f187b37	15	94483206	97255412	2069	-0.0744
c588966f-9011-4e53-a395-87be6f187b37	15	97255430	97676895	279	0.0519
c588966f-9011-4e53-a395-87be6f187b37	15	97678187	98218378	447	0.798
c588966f-9011-4e53-a395-87be6f187b37	15	98221456	98233023	11	-0.0807
c588966f-9011-4e53-a395-87be6f187b37	15	98234022	98273825	29	0.3567
c588966f-9011-4e53-a395-87be6f187b37	15	98274476	101371343	2280	-0.0476
c588966f-9011-4e53-a395-87be6f187b37	15	101375573	101375622	2	-1.5477
c588966f-9011-4e53-a395-87be6f187b37	15	101376442	101530416	175	-0.0562
c588966f-9011-4e53-a395-87be6f187b37	15	101537572	101545397	2	-1.5736
c588966f-9011-4e53-a395-87be6f187b37	15	101545571	101928837	217	-0.0345
c588966f-9011-4e53-a395-87be6f187b37	16	10777	1323592	441	-0.4066
c588966f-9011-4e53-a395-87be6f187b37	16	1331916	7285796	4338	0.2858
c588966f-9011-4e53-a395-87be6f187b37	16	7287939	10888488	3416	0.2492
c588966f-9011-4e53-a395-87be6f187b37	16	10889007	19933041	5272	0.2845
c588966f-9011-4e53-a395-87be6f187b37	16	19934328	19954553	28	-0.5854
c588966f-9011-4e53-a395-87be6f187b37	16	19956040	21731811	1014	0.2346
c588966f-9011-4e53-a395-87be6f187b37	16	21735181	21806139	9	-0.2415
c588966f-9011-4e53-a395-87be6f187b37	16	21806614	24578078	1586	0.2634
c588966f-9011-4e53-a395-87be6f187b37	16	24578357	24705273	65	-0.0188
c588966f-9011-4e53-a395-87be6f187b37	16	24708928	25125165	251	0.2503
c588966f-9011-4e53-a395-87be6f187b37	16	25125931	25329115	126	-0.09
c588966f-9011-4e53-a395-87be6f187b37	16	25332213	34209701	3520	0.2666
c588966f-9011-4e53-a395-87be6f187b37	16	35080991	35810015	346	0.0332
c588966f-9011-4e53-a395-87be6f187b37	16	35811680	46469294	60	0.2922
c588966f-9011-4e53-a395-87be6f187b37	16	46470502	55762682	6464	0.0192
c588966f-9011-4e53-a395-87be6f187b37	16	55764310	55764867	3	1.524
c588966f-9011-4e53-a395-87be6f187b37	16	55770436	58195724	1452	0.0447
c588966f-9011-4e53-a395-87be6f187b37	16	58195926	66545885	5720	-0.0089
c588966f-9011-4e53-a395-87be6f187b37	16	66546295	70444929	1700	0.0416
c588966f-9011-4e53-a395-87be6f187b37	16	70445443	74028437	2013	-0.142
c588966f-9011-4e53-a395-87be6f187b37	16	74029433	83162346	8734	0.0219
c588966f-9011-4e53-a395-87be6f187b37	16	83162620	83175693	18	-1.4727
c588966f-9011-4e53-a395-87be6f187b37	16	83177351	90096867	5284	0.0305
c588966f-9011-4e53-a395-87be6f187b37	17	150733	8784533	4811	-0.3844
c588966f-9011-4e53-a395-87be6f187b37	17	8785416	14167216	4038	-0.4291
c588966f-9011-4e53-a395-87be6f187b37	17	14167314	18413879	2524	-0.384
c588966f-9011-4e53-a395-87be6f187b37	17	18414080	18561907	28	0.1646
c588966f-9011-4e53-a395-87be6f187b37	17	18565883	22718075	1467	-0.3767
c588966f-9011-4e53-a395-87be6f187b37	17	22718353	27036773	45	-0.0524
c588966f-9011-4e53-a395-87be6f187b37	17	27049380	27055912	2	-0.962
c588966f-9011-4e53-a395-87be6f187b37	17	27056422	36098851	5310	0.0254
c588966f-9011-4e53-a395-87be6f187b37	17	36101021	41265456	2569	0.4377
c588966f-9011-4e53-a395-87be6f187b37	17	41266762	41274198	23	-0.7761
c588966f-9011-4e53-a395-87be6f187b37	17	41274279	46136800	2537	0.4337
c588966f-9011-4e53-a395-87be6f187b37	17	46137998	46284997	86	0.1766
c588966f-9011-4e53-a395-87be6f187b37	17	46286804	46446360	5	-0.7286
c588966f-9011-4e53-a395-87be6f187b37	17	46569894	46707286	5	-0.0783
c588966f-9011-4e53-a395-87be6f187b37	17	46707312	51478341	2496	0.4556
c588966f-9011-4e53-a395-87be6f187b37	17	51478433	57120441	4106	0.4129
c588966f-9011-4e53-a395-87be6f187b37	17	57120553	58730995	1069	0.4597
c588966f-9011-4e53-a395-87be6f187b37	17	58736508	59705997	441	0.6542
c588966f-9011-4e53-a395-87be6f187b37	17	59712845	59977596	107	0.3948
c588966f-9011-4e53-a395-87be6f187b37	17	59998150	61592528	831	0.6581
c588966f-9011-4e53-a395-87be6f187b37	17	61592928	62554847	419	0.5717
c588966f-9011-4e53-a395-87be6f187b37	17	62556470	63610031	487	0.6713
c588966f-9011-4e53-a395-87be6f187b37	17	63610240	64532547	440	0.4749
c588966f-9011-4e53-a395-87be6f187b37	17	64535373	64535969	2	-1.4632
c588966f-9011-4e53-a395-87be6f187b37	17	64541908	70977702	4153	0.4291
c588966f-9011-4e53-a395-87be6f187b37	17	70979552	73680349	2111	0.1361
c588966f-9011-4e53-a395-87be6f187b37	17	73684094	74805567	762	0.2037
c588966f-9011-4e53-a395-87be6f187b37	17	74807755	75818172	429	0.4693
c588966f-9011-4e53-a395-87be6f187b37	17	75819122	80033814	2376	0.1913
c588966f-9011-4e53-a395-87be6f187b37	17	80045981	80211757	125	-0.1597
c588966f-9011-4e53-a395-87be6f187b37	17	80217840	82453586	855	0.1828
c588966f-9011-4e53-a395-87be6f187b37	17	82458038	83091923	357	0.458
c588966f-9011-4e53-a395-87be6f187b37	18	48133	23803808	11866	0.2892
c588966f-9011-4e53-a395-87be6f187b37	18	23808039	23943568	81	0.0494
c588966f-9011-4e53-a395-87be6f187b37	18	23943733	26785899	1929	0.2857
c588966f-9011-4e53-a395-87be6f187b37	18	26785951	26785977	2	-1.5334
c588966f-9011-4e53-a395-87be6f187b37	18	26786181	33587737	4377	0.278
c588966f-9011-4e53-a395-87be6f187b37	18	33592123	33592578	2	-1.2029
c588966f-9011-4e53-a395-87be6f187b37	18	33592594	42471713	5766	0.2833
c588966f-9011-4e53-a395-87be6f187b37	18	42476604	42477802	25	-0.3963
c588966f-9011-4e53-a395-87be6f187b37	18	42478430	68726003	18242	0.2899
c588966f-9011-4e53-a395-87be6f187b37	18	68733620	72138283	2419	-0.4168
c588966f-9011-4e53-a395-87be6f187b37	18	72141527	80257174	6025	0.0016
c588966f-9011-4e53-a395-87be6f187b37	19	90910	1186534	254	-0.3657
c588966f-9011-4e53-a395-87be6f187b37	19	1189541	1204594	6	-1.6019
c588966f-9011-4e53-a395-87be6f187b37	19	1210607	3098247	555	-0.3356
c588966f-9011-4e53-a395-87be6f187b37	19	3099031	8432398	2135	-0.4005
c588966f-9011-4e53-a395-87be6f187b37	19	8433215	11010508	1280	-0.3273
c588966f-9011-4e53-a395-87be6f187b37	19	11011121	11028960	10	-1.7794
c588966f-9011-4e53-a395-87be6f187b37	19	11029285	18534105	3753	-0.3391
c588966f-9011-4e53-a395-87be6f187b37	19	18538050	18690365	56	-0.8934
c588966f-9011-4e53-a395-87be6f187b37	19	18690989	27988092	3342	-0.3709
c588966f-9011-4e53-a395-87be6f187b37	19	27988539	32310374	3323	-0.4418
c588966f-9011-4e53-a395-87be6f187b37	19	32311353	40371699	4554	-0.3586
c588966f-9011-4e53-a395-87be6f187b37	19	40374220	40401632	10	-0.9791
c588966f-9011-4e53-a395-87be6f187b37	19	40407632	44401739	2053	-0.3437
c588966f-9011-4e53-a395-87be6f187b37	19	44402359	44402382	2	-1.9126
c588966f-9011-4e53-a395-87be6f187b37	19	44402845	44531020	101	-0.3339
c588966f-9011-4e53-a395-87be6f187b37	19	44531052	44538275	7	-1.2721
c588966f-9011-4e53-a395-87be6f187b37	19	44538529	51628560	3285	-0.3595
c588966f-9011-4e53-a395-87be6f187b37	19	51639099	51644944	11	-1.9395
c588966f-9011-4e53-a395-87be6f187b37	19	51651652	53013829	939	-0.3458
c588966f-9011-4e53-a395-87be6f187b37	19	53015494	53048976	22	0.3669
c588966f-9011-4e53-a395-87be6f187b37	19	53050987	58586487	3372	-0.3764
c588966f-9011-4e53-a395-87be6f187b37	20	80664	5030165	3754	-0.1928
c588966f-9011-4e53-a395-87be6f187b37	20	5036280	5036285	2	-1.9157
c588966f-9011-4e53-a395-87be6f187b37	20	5040498	14169684	7009	-0.2229
c588966f-9011-4e53-a395-87be6f187b37	20	14174565	18441135	3628	-1.0482
c588966f-9011-4e53-a395-87be6f187b37	20	18441200	18453177	6	-3.7095
c588966f-9011-4e53-a395-87be6f187b37	20	18453214	23587150	3897	-1.0701
c588966f-9011-4e53-a395-87be6f187b37	20	23587201	23588524	6	-3.6888
c588966f-9011-4e53-a395-87be6f187b37	20	23588613	25615232	1373	-1.0633
c588966f-9011-4e53-a395-87be6f187b37	20	25618373	26285677	231	-0.8
c588966f-9011-4e53-a395-87be6f187b37	20	26285930	26324855	10	-0.522
c588966f-9011-4e53-a395-87be6f187b37	20	26324943	30305015	23	0.2483
c588966f-9011-4e53-a395-87be6f187b37	20	30305953	36962811	2737	0.5281
c588966f-9011-4e53-a395-87be6f187b37	20	36963003	37097999	165	0.3916
c588966f-9011-4e53-a395-87be6f187b37	20	37101547	38713310	1009	0.5496
c588966f-9011-4e53-a395-87be6f187b37	20	38715054	43731369	3709	0.4886
c588966f-9011-4e53-a395-87be6f187b37	20	43732225	50441492	4521	0.5414
c588966f-9011-4e53-a395-87be6f187b37	20	50443691	53065602	1962	0.4973
c588966f-9011-4e53-a395-87be6f187b37	20	53066086	54388448	1110	0.5457
c588966f-9011-4e53-a395-87be6f187b37	20	54388814	56700846	1821	0.4815
c588966f-9011-4e53-a395-87be6f187b37	20	56702547	64324800	5307	0.527
c588966f-9011-4e53-a395-87be6f187b37	21	10354168	10494350	19	-0.1055
c588966f-9011-4e53-a395-87be6f187b37	21	10511939	10775586	68	-0.4027
c588966f-9011-4e53-a395-87be6f187b37	21	12973348	16576568	2018	-0.1418
c588966f-9011-4e53-a395-87be6f187b37	21	16576733	19525075	2136	0.0071
c588966f-9011-4e53-a395-87be6f187b37	21	19525962	31861064	9176	-0.0173
c588966f-9011-4e53-a395-87be6f187b37	21	31861453	45801641	9926	0.012
c588966f-9011-4e53-a395-87be6f187b37	21	45806189	46664908	505	0.283
c588966f-9011-4e53-a395-87be6f187b37	21	46665839	46677045	8	0.0494
c588966f-9011-4e53-a395-87be6f187b37	22	15294547	16413364	44	-0.0073
c588966f-9011-4e53-a395-87be6f187b37	22	16413470	19311121	1335	-0.3832
c588966f-9011-4e53-a395-87be6f187b37	22	19311977	19326628	6	-0.1612
c588966f-9011-4e53-a395-87be6f187b37	22	19329577	19968111	424	0.558
c588966f-9011-4e53-a395-87be6f187b37	22	19968169	23539400	2331	0.7156
c588966f-9011-4e53-a395-87be6f187b37	22	23545562	23547826	4	0.1839
c588966f-9011-4e53-a395-87be6f187b37	22	23547918	23987520	246	-0.004
c588966f-9011-4e53-a395-87be6f187b37	22	23988078	23990739	4	-1.0004
c588966f-9011-4e53-a395-87be6f187b37	22	23995113	26288992	1830	-0.0112
c588966f-9011-4e53-a395-87be6f187b37	22	26292872	26870087	521	-0.4418
c588966f-9011-4e53-a395-87be6f187b37	22	26871042	31347737	3013	0.0034
c588966f-9011-4e53-a395-87be6f187b37	22	31348054	32272616	552	0.3084
c588966f-9011-4e53-a395-87be6f187b37	22	32273763	33777419	1331	0.2602
c588966f-9011-4e53-a395-87be6f187b37	22	33778960	33778998	4	0.9329
c588966f-9011-4e53-a395-87be6f187b37	22	33785435	34910938	1069	0.2598
c588966f-9011-4e53-a395-87be6f187b37	22	34911217	40397256	3238	0.3287
c588966f-9011-4e53-a395-87be6f187b37	22	40398586	40398816	2	-1.9257
c588966f-9011-4e53-a395-87be6f187b37	22	40401668	41921921	880	0.3132
c588966f-9011-4e53-a395-87be6f187b37	22	41923652	41928165	3	-1.0955
c588966f-9011-4e53-a395-87be6f187b37	22	41936618	41973091	26	0.3076
c588966f-9011-4e53-a395-87be6f187b37	22	41975550	42380962	220	0.4913
c588966f-9011-4e53-a395-87be6f187b37	22	42385617	44737460	1717	0.3165
c588966f-9011-4e53-a395-87be6f187b37	22	44739926	44740755	3	-2.4281
c588966f-9011-4e53-a395-87be6f187b37	22	44741026	45028479	215	0.3095
c588966f-9011-4e53-a395-87be6f187b37	22	45029654	45420499	287	0.5297
c588966f-9011-4e53-a395-87be6f187b37	22	45425239	46481341	625	0.319
c588966f-9011-4e53-a395-87be6f187b37	22	46481492	46945349	324	-1.1047
c588966f-9011-4e53-a395-87be6f187b37	22	46947401	47073332	110	0.3061
c588966f-9011-4e53-a395-87be6f187b37	22	47077842	47688550	497	-1.1445
c588966f-9011-4e53-a395-87be6f187b37	22	47690040	47706476	20	0.2977
c588966f-9011-4e53-a395-87be6f187b37	22	47713232	49071848	1314	-1.1174
c588966f-9011-4e53-a395-87be6f187b37	22	49072019	49077529	4	-4.2165
c588966f-9011-4e53-a395-87be6f187b37	22	49077578	50796027	1030	-1.0588
c588966f-9011-4e53-a395-87be6f187b37	X	251810	2785350	95	-0.5913
c588966f-9011-4e53-a395-87be6f187b37	X	2785592	13436108	7978	-0.091
c588966f-9011-4e53-a395-87be6f187b37	X	13436263	13436317	2	-2.3851
c588966f-9011-4e53-a395-87be6f187b37	X	13437587	58171395	25197	-0.1046
c588966f-9011-4e53-a395-87be6f187b37	X	58171563	58171906	5	-1.3094
c588966f-9011-4e53-a395-87be6f187b37	X	58180394	101067190	18986	-0.1201
c588966f-9011-4e53-a395-87be6f187b37	X	101067757	101071779	4	-1.9275
c588966f-9011-4e53-a395-87be6f187b37	X	101080699	125955846	13749	-0.0967
c588966f-9011-4e53-a395-87be6f187b37	X	125956737	144544539	10724	0.379
c588966f-9011-4e53-a395-87be6f187b37	X	144549969	144556163	4	-1.3049
c588966f-9011-4e53-a395-87be6f187b37	X	144556603	148056824	2515	0.4081
c588966f-9011-4e53-a395-87be6f187b37	X	148057444	148078673	18	-0.1999
c588966f-9011-4e53-a395-87be6f187b37	X	148084434	154348382	3692	0.3962
c588966f-9011-4e53-a395-87be6f187b37	X	154348438	154382366	42	0.0017
c588966f-9011-4e53-a395-87be6f187b37	X	154382547	155699647	517	0.3164
c588966f-9011-4e53-a395-87be6f187b37	X	155699837	155952689	19	-0.3859
c588966f-9011-4e53-a395-87be6f187b37	Y	2782397	5189139	543	-1.2368
c588966f-9011-4e53-a395-87be6f187b37	Y	5189597	20905768	5444	-1.3183
c588966f-9011-4e53-a395-87be6f187b37	Y	20911863	56872112	650	-2.2046
