GDC_Aliquot	Chromosome	Start	End	Num_Probes	Segment_Mean
e9a0c43b-3e30-420d-b829-2affefe7a25b	1	62920	98588	12	-0.9218
e9a0c43b-3e30-420d-b829-2affefe7a25b	1	98602	109684893	66191	0.0017
e9a0c43b-3e30-420d-b829-2affefe7a25b	1	109690352	109697556	13	1.9352
e9a0c43b-3e30-420d-b829-2affefe7a25b	1	109702376	152789532	9742	-0.0101
e9a0c43b-3e30-420d-b829-2affefe7a25b	1	152789570	152795783	28	0.5511
e9a0c43b-3e30-420d-b829-2affefe7a25b	1	152795805	169247699	11228	0.0008
e9a0c43b-3e30-420d-b829-2affefe7a25b	1	169264736	169272528	5	-2.1046
e9a0c43b-3e30-420d-b829-2affefe7a25b	1	169273163	206050479	24187	0.0055
e9a0c43b-3e30-420d-b829-2affefe7a25b	1	206053799	206058126	3	-1.6283
e9a0c43b-3e30-420d-b829-2affefe7a25b	1	206061689	229681109	15728	-0.0037
e9a0c43b-3e30-420d-b829-2affefe7a25b	1	229684383	229684449	2	-2.525
e9a0c43b-3e30-420d-b829-2affefe7a25b	1	229684709	245380056	11650	-0.004
e9a0c43b-3e30-420d-b829-2affefe7a25b	1	245381707	245381842	2	-2.1812
e9a0c43b-3e30-420d-b829-2affefe7a25b	1	245383096	245473737	87	-0.0344
e9a0c43b-3e30-420d-b829-2affefe7a25b	1	245474088	245483602	10	-0.7393
e9a0c43b-3e30-420d-b829-2affefe7a25b	1	245486349	247403573	1311	-0.0126
e9a0c43b-3e30-420d-b829-2affefe7a25b	1	247404621	247404630	2	-1.8707
e9a0c43b-3e30-420d-b829-2affefe7a25b	1	247404749	248930189	872	0.0212
e9a0c43b-3e30-420d-b829-2affefe7a25b	2	12784	7471552	5881	-0.0118
e9a0c43b-3e30-420d-b829-2affefe7a25b	2	7471565	7471817	2	-2.3195
e9a0c43b-3e30-420d-b829-2affefe7a25b	2	7471907	9274141	1297	-0.0062
e9a0c43b-3e30-420d-b829-2affefe7a25b	2	9274853	9277205	3	-1.3161
e9a0c43b-3e30-420d-b829-2affefe7a25b	2	9278145	13566954	3105	0.0117
e9a0c43b-3e30-420d-b829-2affefe7a25b	2	13568695	13576609	7	-3.368
e9a0c43b-3e30-420d-b829-2affefe7a25b	2	13579923	34466002	13704	-0.0009
e9a0c43b-3e30-420d-b829-2affefe7a25b	2	34474248	34511990	46	0.4029
e9a0c43b-3e30-420d-b829-2affefe7a25b	2	34512096	52516787	12969	0.005
e9a0c43b-3e30-420d-b829-2affefe7a25b	2	52527330	52554404	40	-0.5106
e9a0c43b-3e30-420d-b829-2affefe7a25b	2	52560811	72726439	13092	-0.0017
e9a0c43b-3e30-420d-b829-2affefe7a25b	2	72727611	72734189	2	-1.6905
e9a0c43b-3e30-420d-b829-2affefe7a25b	2	72735497	87070602	8811	0.0023
e9a0c43b-3e30-420d-b829-2affefe7a25b	2	87074984	87082140	3	-1.4497
e9a0c43b-3e30-420d-b829-2affefe7a25b	2	87082711	106263639	7412	-0.0088
e9a0c43b-3e30-420d-b829-2affefe7a25b	2	106264257	106270952	12	-0.7526
e9a0c43b-3e30-420d-b829-2affefe7a25b	2	106271414	110044146	2100	-0.0006
e9a0c43b-3e30-420d-b829-2affefe7a25b	2	110097158	110361144	66	0.5134
e9a0c43b-3e30-420d-b829-2affefe7a25b	2	110387249	122719438	7293	0.0032
e9a0c43b-3e30-420d-b829-2affefe7a25b	2	122722323	122724665	8	-0.9296
e9a0c43b-3e30-420d-b829-2affefe7a25b	2	122726077	128880504	3875	-0.0008
e9a0c43b-3e30-420d-b829-2affefe7a25b	2	128880904	128882723	14	-0.8705
e9a0c43b-3e30-420d-b829-2affefe7a25b	2	128882741	146106875	10393	-0.0012
e9a0c43b-3e30-420d-b829-2affefe7a25b	2	146106889	146120238	22	0.5591
e9a0c43b-3e30-420d-b829-2affefe7a25b	2	146120827	159102108	7763	0.0046
e9a0c43b-3e30-420d-b829-2affefe7a25b	2	159103831	159104461	2	-2.4312
e9a0c43b-3e30-420d-b829-2affefe7a25b	2	159106775	212316597	32111	-0.0022
e9a0c43b-3e30-420d-b829-2affefe7a25b	2	212321824	212327101	25	-0.7327
e9a0c43b-3e30-420d-b829-2affefe7a25b	2	212327402	235059927	14642	-0.0015
e9a0c43b-3e30-420d-b829-2affefe7a25b	2	235061892	235065037	4	-1.1718
e9a0c43b-3e30-420d-b829-2affefe7a25b	2	235065470	235170775	82	-0.0439
e9a0c43b-3e30-420d-b829-2affefe7a25b	2	235171199	235171569	2	-1.8432
e9a0c43b-3e30-420d-b829-2affefe7a25b	2	235171765	242147305	4218	0.0075
e9a0c43b-3e30-420d-b829-2affefe7a25b	3	20930	35639	17	-0.0325
e9a0c43b-3e30-420d-b829-2affefe7a25b	3	43533	86506	39	0.632
e9a0c43b-3e30-420d-b829-2affefe7a25b	3	93308	1120091	843	0.0046
e9a0c43b-3e30-420d-b829-2affefe7a25b	3	1122625	1122655	2	-2.1585
e9a0c43b-3e30-420d-b829-2affefe7a25b	3	1126487	37935926	26617	0.0013
e9a0c43b-3e30-420d-b829-2affefe7a25b	3	37940617	37945437	18	-0.8775
e9a0c43b-3e30-420d-b829-2affefe7a25b	3	37945615	59755228	12639	-0.0042
e9a0c43b-3e30-420d-b829-2affefe7a25b	3	59755649	59755723	2	-1.9317
e9a0c43b-3e30-420d-b829-2affefe7a25b	3	59755789	68697013	7431	0.0086
e9a0c43b-3e30-420d-b829-2affefe7a25b	3	68697108	68698213	13	-1.5661
e9a0c43b-3e30-420d-b829-2affefe7a25b	3	68698262	125727821	32076	0.0037
e9a0c43b-3e30-420d-b829-2affefe7a25b	3	125730683	125747704	10	-1.187
e9a0c43b-3e30-420d-b829-2affefe7a25b	3	125750578	130044855	2445	0.0039
e9a0c43b-3e30-420d-b829-2affefe7a25b	3	130047743	130079892	31	0.4754
e9a0c43b-3e30-420d-b829-2affefe7a25b	3	130079938	162996729	20343	-0.0014
e9a0c43b-3e30-420d-b829-2affefe7a25b	3	162999939	163001774	2	-3.2125
e9a0c43b-3e30-420d-b829-2affefe7a25b	3	163008371	169012392	3360	0.0105
e9a0c43b-3e30-420d-b829-2affefe7a25b	3	169015614	169020840	2	-1.9511
e9a0c43b-3e30-420d-b829-2affefe7a25b	3	169022039	187877506	11860	-0.0006
e9a0c43b-3e30-420d-b829-2affefe7a25b	3	187877590	187877925	2	-2.1787
e9a0c43b-3e30-420d-b829-2affefe7a25b	3	187877952	189642965	1317	-0.0177
e9a0c43b-3e30-420d-b829-2affefe7a25b	3	189645889	189646849	11	-1.0044
e9a0c43b-3e30-420d-b829-2affefe7a25b	3	189653199	195729069	4006	0.0029
e9a0c43b-3e30-420d-b829-2affefe7a25b	3	195729085	195751990	15	0.7232
e9a0c43b-3e30-420d-b829-2affefe7a25b	3	195752877	198169247	1160	0.0035
e9a0c43b-3e30-420d-b829-2affefe7a25b	4	68929	6174055	3285	0.008
e9a0c43b-3e30-420d-b829-2affefe7a25b	4	6174290	6174998	2	-1.5208
e9a0c43b-3e30-420d-b829-2affefe7a25b	4	6176655	10208766	2390	0.0053
e9a0c43b-3e30-420d-b829-2affefe7a25b	4	10212536	10227303	9	-1.5341
e9a0c43b-3e30-420d-b829-2affefe7a25b	4	10227493	10232642	22	-2.7221
e9a0c43b-3e30-420d-b829-2affefe7a25b	4	10232984	34784878	16918	-0.0015
e9a0c43b-3e30-420d-b829-2affefe7a25b	4	34785333	34822561	36	-0.5676
e9a0c43b-3e30-420d-b829-2affefe7a25b	4	34823103	68478894	19397	0.0008
e9a0c43b-3e30-420d-b829-2affefe7a25b	4	68494770	68592087	54	-0.5299
e9a0c43b-3e30-420d-b829-2affefe7a25b	4	68592220	69257792	326	0.0374
e9a0c43b-3e30-420d-b829-2affefe7a25b	4	69261926	69362938	51	-0.7901
e9a0c43b-3e30-420d-b829-2affefe7a25b	4	69363634	190106768	74268	-0.0018
e9a0c43b-3e30-420d-b829-2affefe7a25b	5	15532	20176778	14917	-0.004
e9a0c43b-3e30-420d-b829-2affefe7a25b	5	20182113	20198128	13	0.6412
e9a0c43b-3e30-420d-b829-2affefe7a25b	5	20205572	21376735	676	0.0043
e9a0c43b-3e30-420d-b829-2affefe7a25b	5	21377730	21377744	2	-2.2978
e9a0c43b-3e30-420d-b829-2affefe7a25b	5	21385957	29077433	4470	-0.0017
e9a0c43b-3e30-420d-b829-2affefe7a25b	5	29077449	29078527	13	-0.7128
e9a0c43b-3e30-420d-b829-2affefe7a25b	5	29082473	46251204	10462	-0.004
e9a0c43b-3e30-420d-b829-2affefe7a25b	5	46270906	46273400	8	-2.1461
e9a0c43b-3e30-420d-b829-2affefe7a25b	5	46278110	58025819	5059	-0.004
e9a0c43b-3e30-420d-b829-2affefe7a25b	5	58030200	58037706	32	-0.7675
e9a0c43b-3e30-420d-b829-2affefe7a25b	5	58042530	76253920	10512	-0.0075
e9a0c43b-3e30-420d-b829-2affefe7a25b	5	76254390	76254412	2	-2.2997
e9a0c43b-3e30-420d-b829-2affefe7a25b	5	76254500	76328250	61	-0.0091
e9a0c43b-3e30-420d-b829-2affefe7a25b	5	76328555	76328618	3	-1.4558
e9a0c43b-3e30-420d-b829-2affefe7a25b	5	76334363	78811959	1639	-0.0104
e9a0c43b-3e30-420d-b829-2affefe7a25b	5	78812085	78815348	4	-1.4328
e9a0c43b-3e30-420d-b829-2affefe7a25b	5	78819688	96020582	9582	-0.0027
e9a0c43b-3e30-420d-b829-2affefe7a25b	5	96021341	96060765	18	-0.9305
e9a0c43b-3e30-420d-b829-2affefe7a25b	5	96062530	177771448	53026	-0.0034
e9a0c43b-3e30-420d-b829-2affefe7a25b	5	177800550	177805604	3	1.8827
e9a0c43b-3e30-420d-b829-2affefe7a25b	5	177827964	180947523	1789	-0.0063
e9a0c43b-3e30-420d-b829-2affefe7a25b	5	180951710	180991103	19	-2.3066
e9a0c43b-3e30-420d-b829-2affefe7a25b	5	181006225	181363319	170	-0.0127
e9a0c43b-3e30-420d-b829-2affefe7a25b	6	149661	29869295	21569	0.0034
e9a0c43b-3e30-420d-b829-2affefe7a25b	6	29869410	29881490	16	0.8998
e9a0c43b-3e30-420d-b829-2affefe7a25b	6	29882419	32486746	1170	0.0214
e9a0c43b-3e30-420d-b829-2affefe7a25b	6	32488906	32605994	29	0.9497
e9a0c43b-3e30-420d-b829-2affefe7a25b	6	32606237	32718419	67	0.0793
e9a0c43b-3e30-420d-b829-2affefe7a25b	6	32720838	32732907	12	0.9182
e9a0c43b-3e30-420d-b829-2affefe7a25b	6	32733056	103286954	42289	0.0045
e9a0c43b-3e30-420d-b829-2affefe7a25b	6	103290101	103314186	46	0.6989
e9a0c43b-3e30-420d-b829-2affefe7a25b	6	103317795	170741917	44026	-0.0026
e9a0c43b-3e30-420d-b829-2affefe7a25b	7	43355	3570211	1611	-0.0045
e9a0c43b-3e30-420d-b829-2affefe7a25b	7	3570671	3578729	29	-0.977
e9a0c43b-3e30-420d-b829-2affefe7a25b	7	3585172	6797375	1761	-0.0062
e9a0c43b-3e30-420d-b829-2affefe7a25b	7	6797437	6890031	28	-0.4467
e9a0c43b-3e30-420d-b829-2affefe7a25b	7	6893145	9065141	1892	0.008
e9a0c43b-3e30-420d-b829-2affefe7a25b	7	9065396	9065942	3	-1.903
e9a0c43b-3e30-420d-b829-2affefe7a25b	7	9074105	29628975	16033	0.0035
e9a0c43b-3e30-420d-b829-2affefe7a25b	7	29631102	29638658	6	-1.1767
e9a0c43b-3e30-420d-b829-2affefe7a25b	7	29646732	54305455	16978	-0.0012
e9a0c43b-3e30-420d-b829-2affefe7a25b	7	54318812	54318824	6	-1.8317
e9a0c43b-3e30-420d-b829-2affefe7a25b	7	54325795	109787648	28352	0.0011
e9a0c43b-3e30-420d-b829-2affefe7a25b	7	109787793	109801903	37	-0.4053
e9a0c43b-3e30-420d-b829-2affefe7a25b	7	109813656	112300407	1657	0.0137
e9a0c43b-3e30-420d-b829-2affefe7a25b	7	112304327	112320045	11	-0.9944
e9a0c43b-3e30-420d-b829-2affefe7a25b	7	112323774	126405502	8338	-0.0025
e9a0c43b-3e30-420d-b829-2affefe7a25b	7	126405597	126406824	13	0.9347
e9a0c43b-3e30-420d-b829-2affefe7a25b	7	126406825	134102334	4695	-0.002
e9a0c43b-3e30-420d-b829-2affefe7a25b	7	134104128	134113805	18	-0.6055
e9a0c43b-3e30-420d-b829-2affefe7a25b	7	134114093	141303245	4696	0.0029
e9a0c43b-3e30-420d-b829-2affefe7a25b	7	141304226	141304510	2	-2.8944
e9a0c43b-3e30-420d-b829-2affefe7a25b	7	141304666	151980588	6432	0.0041
e9a0c43b-3e30-420d-b829-2affefe7a25b	7	151981261	151981515	2	-2.2812
e9a0c43b-3e30-420d-b829-2affefe7a25b	7	151982987	154598185	1682	-0.0053
e9a0c43b-3e30-420d-b829-2affefe7a25b	7	154601461	154607903	4	1.1184
e9a0c43b-3e30-420d-b829-2affefe7a25b	7	154609120	156599096	1604	-0.0135
e9a0c43b-3e30-420d-b829-2affefe7a25b	7	156600474	156601485	3	-3.6397
e9a0c43b-3e30-420d-b829-2affefe7a25b	7	156602214	159334314	1617	-0.0011
e9a0c43b-3e30-420d-b829-2affefe7a25b	8	81254	645875	330	-0.0067
e9a0c43b-3e30-420d-b829-2affefe7a25b	8	645892	645908	2	3.4288
e9a0c43b-3e30-420d-b829-2affefe7a25b	8	656117	12374772	10649	-0.0019
e9a0c43b-3e30-420d-b829-2affefe7a25b	8	12374907	12383605	10	-1.3116
e9a0c43b-3e30-420d-b829-2affefe7a25b	8	12383679	12387683	9	-0.0076
e9a0c43b-3e30-420d-b829-2affefe7a25b	8	12387748	12389977	6	-1.0449
e9a0c43b-3e30-420d-b829-2affefe7a25b	8	12418301	13947089	1298	-0.0186
e9a0c43b-3e30-420d-b829-2affefe7a25b	8	13947497	13950160	2	-2.3262
e9a0c43b-3e30-420d-b829-2affefe7a25b	8	13950378	24872902	8896	-0.0003
e9a0c43b-3e30-420d-b829-2affefe7a25b	8	24873039	24873081	2	-1.8771
e9a0c43b-3e30-420d-b829-2affefe7a25b	8	24873241	25116961	186	-0.0209
e9a0c43b-3e30-420d-b829-2affefe7a25b	8	25117007	25126708	23	0.6029
e9a0c43b-3e30-420d-b829-2affefe7a25b	8	25126735	39357136	8971	-0.0014
e9a0c43b-3e30-420d-b829-2affefe7a25b	8	39368221	39538338	74	-0.3135
e9a0c43b-3e30-420d-b829-2affefe7a25b	8	39539496	50118212	4559	0
e9a0c43b-3e30-420d-b829-2affefe7a25b	8	50119451	50120863	9	-2.0325
e9a0c43b-3e30-420d-b829-2affefe7a25b	8	50126018	111282441	37301	-0.0035
e9a0c43b-3e30-420d-b829-2affefe7a25b	8	111282809	111283031	5	-2.5981
e9a0c43b-3e30-420d-b829-2affefe7a25b	8	111288052	143616987	22320	-0.0021
e9a0c43b-3e30-420d-b829-2affefe7a25b	8	143622987	143624851	8	-2.5927
e9a0c43b-3e30-420d-b829-2affefe7a25b	8	143625638	145072769	502	-0.0135
e9a0c43b-3e30-420d-b829-2affefe7a25b	9	46587	39214987	31008	-0.0007
e9a0c43b-3e30-420d-b829-2affefe7a25b	9	39242280	39547285	31	-0.5221
e9a0c43b-3e30-420d-b829-2affefe7a25b	9	39547299	42574420	146	0.0457
e9a0c43b-3e30-420d-b829-2affefe7a25b	9	42585140	68381085	262	-0.2135
e9a0c43b-3e30-420d-b829-2affefe7a25b	9	68384471	90858681	16205	-0.0064
e9a0c43b-3e30-420d-b829-2affefe7a25b	9	90858709	90858931	2	-1.8669
e9a0c43b-3e30-420d-b829-2affefe7a25b	9	90859868	138109494	31493	0.0011
e9a0c43b-3e30-420d-b829-2affefe7a25b	9	138109536	138177023	50	-0.311
e9a0c43b-3e30-420d-b829-2affefe7a25b	9	138177075	138200944	7	0.2734
e9a0c43b-3e30-420d-b829-2affefe7a25b	10	45792	84368	11	-0.1308
e9a0c43b-3e30-420d-b829-2affefe7a25b	10	87611	97315	9	-1.2178
e9a0c43b-3e30-420d-b829-2affefe7a25b	10	97603	24086334	19084	-0.0002
e9a0c43b-3e30-420d-b829-2affefe7a25b	10	24088745	24090110	15	-0.9914
e9a0c43b-3e30-420d-b829-2affefe7a25b	10	24091731	46657149	12462	-0.0072
e9a0c43b-3e30-420d-b829-2affefe7a25b	10	46693480	46901552	12	-0.8384
e9a0c43b-3e30-420d-b829-2affefe7a25b	10	46967412	109604451	41434	0.0022
e9a0c43b-3e30-420d-b829-2affefe7a25b	10	109616523	109629775	19	-0.8997
e9a0c43b-3e30-420d-b829-2affefe7a25b	10	109632491	133654968	17270	-0.0022
e9a0c43b-3e30-420d-b829-2affefe7a25b	11	198510	45472444	31757	0.0052
e9a0c43b-3e30-420d-b829-2affefe7a25b	11	45472506	45472513	2	-2.4235
e9a0c43b-3e30-420d-b829-2affefe7a25b	11	45472687	55595864	2585	0.0126
e9a0c43b-3e30-420d-b829-2affefe7a25b	11	55606556	55693207	61	-0.5517
e9a0c43b-3e30-420d-b829-2affefe7a25b	11	55693312	80256469	13214	0.0018
e9a0c43b-3e30-420d-b829-2affefe7a25b	11	80256504	80256520	2	-2.5103
e9a0c43b-3e30-420d-b829-2affefe7a25b	11	80256642	135074876	38876	0.0058
e9a0c43b-3e30-420d-b829-2affefe7a25b	12	51460	9477960	6155	-0.0113
e9a0c43b-3e30-420d-b829-2affefe7a25b	12	9481274	9582373	25	-1.5119
e9a0c43b-3e30-420d-b829-2affefe7a25b	12	9582374	11351008	1171	0.0118
e9a0c43b-3e30-420d-b829-2affefe7a25b	12	11351041	11399258	34	-0.7774
e9a0c43b-3e30-420d-b829-2affefe7a25b	12	11399668	12803776	1128	-0.0152
e9a0c43b-3e30-420d-b829-2affefe7a25b	12	12804992	12811325	2	-2.3861
e9a0c43b-3e30-420d-b829-2affefe7a25b	12	12812431	127854182	72107	0.0003
e9a0c43b-3e30-420d-b829-2affefe7a25b	12	127854533	127858657	5	-1.48
e9a0c43b-3e30-420d-b829-2affefe7a25b	12	127860346	133201603	3876	0.0121
e9a0c43b-3e30-420d-b829-2affefe7a25b	13	18452809	114342922	63893	-0.0014
e9a0c43b-3e30-420d-b829-2affefe7a25b	14	18239283	19689684	64	0.1869
e9a0c43b-3e30-420d-b829-2affefe7a25b	14	19732024	19952080	101	0.871
e9a0c43b-3e30-420d-b829-2affefe7a25b	14	19954424	26314697	4324	-0.0057
e9a0c43b-3e30-420d-b829-2affefe7a25b	14	26314707	26314712	6	-1.8333
e9a0c43b-3e30-420d-b829-2affefe7a25b	14	26315707	69551330	26998	0.0024
e9a0c43b-3e30-420d-b829-2affefe7a25b	14	69551651	69555750	8	-2.8157
e9a0c43b-3e30-420d-b829-2affefe7a25b	14	69555996	106321086	23430	-0.0022
e9a0c43b-3e30-420d-b829-2affefe7a25b	14	106340102	106365807	11	-1.201
e9a0c43b-3e30-420d-b829-2affefe7a25b	14	106369985	106877229	270	0.0133
e9a0c43b-3e30-420d-b829-2affefe7a25b	15	19811075	19989485	43	-0.0661
e9a0c43b-3e30-420d-b829-2affefe7a25b	15	19998708	22385639	163	0.5665
e9a0c43b-3e30-420d-b829-2affefe7a25b	15	22395047	24297086	946	-0.0284
e9a0c43b-3e30-420d-b829-2affefe7a25b	15	24302274	24396515	37	0.5128
e9a0c43b-3e30-420d-b829-2affefe7a25b	15	24401996	24473449	41	0.0432
e9a0c43b-3e30-420d-b829-2affefe7a25b	15	24480146	24533744	25	0.5489
e9a0c43b-3e30-420d-b829-2affefe7a25b	15	24537120	30231102	3574	0.0021
e9a0c43b-3e30-420d-b829-2affefe7a25b	15	30252720	30269364	5	-1.1663
e9a0c43b-3e30-420d-b829-2affefe7a25b	15	30281107	30488460	16	0.0658
e9a0c43b-3e30-420d-b829-2affefe7a25b	15	30500366	30595753	4	-1.6954
e9a0c43b-3e30-420d-b829-2affefe7a25b	15	30608675	76586021	28934	-0.0016
e9a0c43b-3e30-420d-b829-2affefe7a25b	15	76598900	76609838	23	0.834
e9a0c43b-3e30-420d-b829-2affefe7a25b	15	76609853	99875395	15988	0.0052
e9a0c43b-3e30-420d-b829-2affefe7a25b	15	99880708	99881038	2	-2.134
e9a0c43b-3e30-420d-b829-2affefe7a25b	15	99884400	101928837	1565	-0.0091
e9a0c43b-3e30-420d-b829-2affefe7a25b	16	10777	14671357	11056	0.0075
e9a0c43b-3e30-420d-b829-2affefe7a25b	16	14676775	15061041	92	-0.27
e9a0c43b-3e30-420d-b829-2affefe7a25b	16	15062307	15716252	200	-0.019
e9a0c43b-3e30-420d-b829-2affefe7a25b	16	15716363	15720088	7	-0.9022
e9a0c43b-3e30-420d-b829-2affefe7a25b	16	15720852	21608963	3023	0.0137
e9a0c43b-3e30-420d-b829-2affefe7a25b	16	21609085	21609226	2	-1.7909
e9a0c43b-3e30-420d-b829-2affefe7a25b	16	21609547	22546990	348	0.015
e9a0c43b-3e30-420d-b829-2affefe7a25b	16	22547676	22693199	70	0.4144
e9a0c43b-3e30-420d-b829-2affefe7a25b	16	22699421	35225338	5308	-0.0016
e9a0c43b-3e30-420d-b829-2affefe7a25b	16	35232200	35266753	22	0.4911
e9a0c43b-3e30-420d-b829-2affefe7a25b	16	35268863	35282555	6	-0.3443
e9a0c43b-3e30-420d-b829-2affefe7a25b	16	35282935	35533876	147	0.4873
e9a0c43b-3e30-420d-b829-2affefe7a25b	16	35533916	54375931	5352	0.0043
e9a0c43b-3e30-420d-b829-2affefe7a25b	16	54376029	54386786	19	-0.8831
e9a0c43b-3e30-420d-b829-2affefe7a25b	16	54386806	55762598	1200	-0.016
e9a0c43b-3e30-420d-b829-2affefe7a25b	16	55762663	55775554	12	1.0065
e9a0c43b-3e30-420d-b829-2affefe7a25b	16	55776109	90096867	24835	0.0068
e9a0c43b-3e30-420d-b829-2affefe7a25b	17	150733	10954126	6353	0.0012
e9a0c43b-3e30-420d-b829-2affefe7a25b	17	10957786	10959082	2	-2.5973
e9a0c43b-3e30-420d-b829-2affefe7a25b	17	10959236	18455635	5015	-0.0117
e9a0c43b-3e30-420d-b829-2affefe7a25b	17	18458372	18550123	22	0.6518
e9a0c43b-3e30-420d-b829-2affefe7a25b	17	18561272	36781898	7131	0.0007
e9a0c43b-3e30-420d-b829-2affefe7a25b	17	36782443	36789397	15	-0.9624
e9a0c43b-3e30-420d-b829-2affefe7a25b	17	36790071	41266901	2229	-0.0076
e9a0c43b-3e30-420d-b829-2affefe7a25b	17	41266958	41274279	17	-1.1759
e9a0c43b-3e30-420d-b829-2affefe7a25b	17	41276472	46085732	2483	0.0133
e9a0c43b-3e30-420d-b829-2affefe7a25b	17	46088437	46274320	117	0.3304
e9a0c43b-3e30-420d-b829-2affefe7a25b	17	46274335	46446360	11	-0.4526
e9a0c43b-3e30-420d-b829-2affefe7a25b	17	46569894	53640545	4061	0.0066
e9a0c43b-3e30-420d-b829-2affefe7a25b	17	53649631	53649820	2	-2.5585
e9a0c43b-3e30-420d-b829-2affefe7a25b	17	53651183	83091923	17439	0.0011
e9a0c43b-3e30-420d-b829-2affefe7a25b	18	48133	80257174	50536	-0.0001
e9a0c43b-3e30-420d-b829-2affefe7a25b	19	90910	51626613	24677	0.0087
e9a0c43b-3e30-420d-b829-2affefe7a25b	19	51627084	51654162	23	-0.5681
e9a0c43b-3e30-420d-b829-2affefe7a25b	19	51654184	58586487	4321	-0.0042
e9a0c43b-3e30-420d-b829-2affefe7a25b	20	80664	1571811	1176	-0.0035
e9a0c43b-3e30-420d-b829-2affefe7a25b	20	1576544	1580353	21	-0.6416
e9a0c43b-3e30-420d-b829-2affefe7a25b	20	1580934	64324800	41008	0.0036
e9a0c43b-3e30-420d-b829-2affefe7a25b	21	10354168	46677045	23792	-0.0018
e9a0c43b-3e30-420d-b829-2affefe7a25b	22	15294547	20624210	2190	0.002
e9a0c43b-3e30-420d-b829-2affefe7a25b	22	20624385	20626070	4	-2.007
e9a0c43b-3e30-420d-b829-2affefe7a25b	22	20626921	25265731	3003	-0.0351
e9a0c43b-3e30-420d-b829-2affefe7a25b	22	25268018	25325827	31	-1.1565
e9a0c43b-3e30-420d-b829-2affefe7a25b	22	25325879	25350075	28	-0.5022
e9a0c43b-3e30-420d-b829-2affefe7a25b	22	25351623	25518118	218	-0.9889
e9a0c43b-3e30-420d-b829-2affefe7a25b	22	25518364	49176528	16781	0.0001
e9a0c43b-3e30-420d-b829-2affefe7a25b	22	49176748	49176997	2	-2.2277
e9a0c43b-3e30-420d-b829-2affefe7a25b	22	49180743	50528603	782	-0.0005
e9a0c43b-3e30-420d-b829-2affefe7a25b	22	50534679	50534687	5	-2.5192
e9a0c43b-3e30-420d-b829-2affefe7a25b	22	50535325	50796027	142	0.0031
e9a0c43b-3e30-420d-b829-2affefe7a25b	X	251810	151124426	81034	0.0025
e9a0c43b-3e30-420d-b829-2affefe7a25b	X	151125462	151126987	2	-2.7012
e9a0c43b-3e30-420d-b829-2affefe7a25b	X	151128083	155542753	2238	0.0087
e9a0c43b-3e30-420d-b829-2affefe7a25b	X	155542770	155546290	13	-0.9793
e9a0c43b-3e30-420d-b829-2affefe7a25b	X	155549836	155952689	109	0.0375
e9a0c43b-3e30-420d-b829-2affefe7a25b	Y	2782397	6071948	717	-2.6602
e9a0c43b-3e30-420d-b829-2affefe7a25b	Y	6075631	22804854	5720	-3.1773
e9a0c43b-3e30-420d-b829-2affefe7a25b	Y	22913244	56872112	202	-2.777
