GDC_Aliquot	Chromosome	Start	End	Copy_Number	Major_Copy_Number	Minor_Copy_Number
ade1d469-d5fa-4a53-8646-e4f88e52bd4c	chr1	13116	28374944	2	1	1
ade1d469-d5fa-4a53-8646-e4f88e52bd4c	chr1	28376065	28403701	4	2	2
ade1d469-d5fa-4a53-8646-e4f88e52bd4c	chr1	28404795	47877059	2	1	1
ade1d469-d5fa-4a53-8646-e4f88e52bd4c	chr1	47878718	121742438	2	2	0
ade1d469-d5fa-4a53-8646-e4f88e52bd4c	chr1	143417573	248945703	4	2	2
ade1d469-d5fa-4a53-8646-e4f88e52bd4c	chr2	10587	92078414	2	1	1
ade1d469-d5fa-4a53-8646-e4f88e52bd4c	chr2	92080146	130060802	3	2	1
ade1d469-d5fa-4a53-8646-e4f88e52bd4c	chr2	130062293	130178592	3	3	0
ade1d469-d5fa-4a53-8646-e4f88e52bd4c	chr2	130180173	242183243	3	2	1
ade1d469-d5fa-4a53-8646-e4f88e52bd4c	chr3	18519	162821488	2	1	1
ade1d469-d5fa-4a53-8646-e4f88e52bd4c	chr3	162824346	162890792	0	0	0
ade1d469-d5fa-4a53-8646-e4f88e52bd4c	chr3	162892009	198181744	2	1	1
ade1d469-d5fa-4a53-8646-e4f88e52bd4c	chr4	11961	49494979	2	2	0
ade1d469-d5fa-4a53-8646-e4f88e52bd4c	chr4	49496089	51820186	3	2	1
ade1d469-d5fa-4a53-8646-e4f88e52bd4c	chr4	51821773	190122722	2	2	0
ade1d469-d5fa-4a53-8646-e4f88e52bd4c	chr5	11882	42335685	5	3	2
ade1d469-d5fa-4a53-8646-e4f88e52bd4c	chr5	42337304	43056273	4	2	2
ade1d469-d5fa-4a53-8646-e4f88e52bd4c	chr5	43057757	50139752	6	3	3
ade1d469-d5fa-4a53-8646-e4f88e52bd4c	chr5	50140992	50140992	1	1	0
ade1d469-d5fa-4a53-8646-e4f88e52bd4c	chr5	50142480	50491889	4	3	1
ade1d469-d5fa-4a53-8646-e4f88e52bd4c	chr5	50493465	181363900	2	2	0
ade1d469-d5fa-4a53-8646-e4f88e52bd4c	chr6	100116	170740469	2	1	1
ade1d469-d5fa-4a53-8646-e4f88e52bd4c	chr7	20608	5518592	4	2	2
ade1d469-d5fa-4a53-8646-e4f88e52bd4c	chr7	5519705	18269290	5	3	2
ade1d469-d5fa-4a53-8646-e4f88e52bd4c	chr7	18270298	62269045	4	2	2
ade1d469-d5fa-4a53-8646-e4f88e52bd4c	chr7	62271804	63282406	5	3	2
ade1d469-d5fa-4a53-8646-e4f88e52bd4c	chr7	63283903	159334386	4	2	2
ade1d469-d5fa-4a53-8646-e4f88e52bd4c	chr8	61774	11259152	3	2	1
ade1d469-d5fa-4a53-8646-e4f88e52bd4c	chr8	11260239	145078402	4	2	2
ade1d469-d5fa-4a53-8646-e4f88e52bd4c	chr9	10469	61339	6	6	0
ade1d469-d5fa-4a53-8646-e4f88e52bd4c	chr9	63223	21909980	3	3	0
ade1d469-d5fa-4a53-8646-e4f88e52bd4c	chr9	21911312	22110132	0	0	0
ade1d469-d5fa-4a53-8646-e4f88e52bd4c	chr9	22112242	61122397	3	3	0
ade1d469-d5fa-4a53-8646-e4f88e52bd4c	chr9	61142307	61228071	13	13	0
ade1d469-d5fa-4a53-8646-e4f88e52bd4c	chr9	61326781	61532390	4	4	0
ade1d469-d5fa-4a53-8646-e4f88e52bd4c	chr9	61533397	61662535	8	8	0
ade1d469-d5fa-4a53-8646-e4f88e52bd4c	chr9	61663830	61665103	2	2	0
ade1d469-d5fa-4a53-8646-e4f88e52bd4c	chr9	61666267	61699249	0	0	0
ade1d469-d5fa-4a53-8646-e4f88e52bd4c	chr9	61822678	63372911	3	3	0
ade1d469-d5fa-4a53-8646-e4f88e52bd4c	chr9	63374684	63542611	4	2	2
ade1d469-d5fa-4a53-8646-e4f88e52bd4c	chr9	63545031	63910292	0	0	0
ade1d469-d5fa-4a53-8646-e4f88e52bd4c	chr9	63912135	66147108	4	4	0
ade1d469-d5fa-4a53-8646-e4f88e52bd4c	chr9	66153517	138256233	2	1	1
ade1d469-d5fa-4a53-8646-e4f88e52bd4c	chr10	15029	41718289	2	1	1
ade1d469-d5fa-4a53-8646-e4f88e52bd4c	chr10	41719463	42112132	4	2	2
ade1d469-d5fa-4a53-8646-e4f88e52bd4c	chr10	42113142	60457177	2	1	1
ade1d469-d5fa-4a53-8646-e4f88e52bd4c	chr10	60458547	77109276	3	2	1
ade1d469-d5fa-4a53-8646-e4f88e52bd4c	chr10	77111955	79657080	2	1	1
ade1d469-d5fa-4a53-8646-e4f88e52bd4c	chr10	79658266	79893252	3	3	0
ade1d469-d5fa-4a53-8646-e4f88e52bd4c	chr10	79894301	99603950	3	2	1
ade1d469-d5fa-4a53-8646-e4f88e52bd4c	chr10	99605545	133787009	2	1	1
ade1d469-d5fa-4a53-8646-e4f88e52bd4c	chr11	87268	2626402	2	1	1
ade1d469-d5fa-4a53-8646-e4f88e52bd4c	chr11	2627496	60452780	3	2	1
ade1d469-d5fa-4a53-8646-e4f88e52bd4c	chr11	60453947	73177844	2	1	1
ade1d469-d5fa-4a53-8646-e4f88e52bd4c	chr11	73179259	81491654	3	2	1
ade1d469-d5fa-4a53-8646-e4f88e52bd4c	chr11	81493438	112393244	4	2	2
ade1d469-d5fa-4a53-8646-e4f88e52bd4c	chr11	112394303	135076424	5	3	2
ade1d469-d5fa-4a53-8646-e4f88e52bd4c	chr12	11065	9889648	3	3	0
ade1d469-d5fa-4a53-8646-e4f88e52bd4c	chr12	9890750	10784397	2	2	0
ade1d469-d5fa-4a53-8646-e4f88e52bd4c	chr12	10785526	133264676	3	3	0
ade1d469-d5fa-4a53-8646-e4f88e52bd4c	chr13	18445955	55341269	2	2	0
ade1d469-d5fa-4a53-8646-e4f88e52bd4c	chr13	55342643	114343123	4	2	2
ade1d469-d5fa-4a53-8646-e4f88e52bd4c	chr14	18223583	18618130	4	4	0
ade1d469-d5fa-4a53-8646-e4f88e52bd4c	chr14	18627382	106880670	2	2	0
ade1d469-d5fa-4a53-8646-e4f88e52bd4c	chr15	19795285	22786298	4	2	2
ade1d469-d5fa-4a53-8646-e4f88e52bd4c	chr15	22787746	23453853	7	5	2
ade1d469-d5fa-4a53-8646-e4f88e52bd4c	chr15	23455827	101980591	3	2	1
ade1d469-d5fa-4a53-8646-e4f88e52bd4c	chr16	10291	90226358	2	1	1
ade1d469-d5fa-4a53-8646-e4f88e52bd4c	chr17	151035	20432822	2	2	0
ade1d469-d5fa-4a53-8646-e4f88e52bd4c	chr17	20434204	20633912	1	1	0
ade1d469-d5fa-4a53-8646-e4f88e52bd4c	chr17	20635448	21316545	2	2	0
ade1d469-d5fa-4a53-8646-e4f88e52bd4c	chr17	21320410	21510176	3	2	1
ade1d469-d5fa-4a53-8646-e4f88e52bd4c	chr17	21511738	21608728	1	1	0
ade1d469-d5fa-4a53-8646-e4f88e52bd4c	chr17	21610290	39184982	4	2	2
ade1d469-d5fa-4a53-8646-e4f88e52bd4c	chr17	39188333	39189416	6	3	3
ade1d469-d5fa-4a53-8646-e4f88e52bd4c	chr17	39190453	39265514	3	2	1
ade1d469-d5fa-4a53-8646-e4f88e52bd4c	chr17	39267124	83237603	5	3	2
ade1d469-d5fa-4a53-8646-e4f88e52bd4c	chr18	16444	3717383	4	2	2
ade1d469-d5fa-4a53-8646-e4f88e52bd4c	chr18	3718526	3925340	2	2	0
ade1d469-d5fa-4a53-8646-e4f88e52bd4c	chr18	3926400	4066620	4	2	2
ade1d469-d5fa-4a53-8646-e4f88e52bd4c	chr18	4067706	7183830	2	2	0
ade1d469-d5fa-4a53-8646-e4f88e52bd4c	chr18	7184983	7191561	1	1	0
ade1d469-d5fa-4a53-8646-e4f88e52bd4c	chr18	7192731	9285724	4	2	2
ade1d469-d5fa-4a53-8646-e4f88e52bd4c	chr18	9287342	9604500	5	3	2
ade1d469-d5fa-4a53-8646-e4f88e52bd4c	chr18	9606177	15410360	4	2	2
ade1d469-d5fa-4a53-8646-e4f88e52bd4c	chr18	20931967	80259190	2	1	1
ade1d469-d5fa-4a53-8646-e4f88e52bd4c	chr19	157892	22578061	2	2	0
ade1d469-d5fa-4a53-8646-e4f88e52bd4c	chr19	22579086	23966743	3	2	1
ade1d469-d5fa-4a53-8646-e4f88e52bd4c	chr19	23968486	27497900	5	3	2
ade1d469-d5fa-4a53-8646-e4f88e52bd4c	chr19	27499078	58607412	3	2	1
ade1d469-d5fa-4a53-8646-e4f88e52bd4c	chr20	80457	64331516	3	2	1
ade1d469-d5fa-4a53-8646-e4f88e52bd4c	chr21	7762688	13882729	4	3	1
ade1d469-d5fa-4a53-8646-e4f88e52bd4c	chr21	13883782	30101041	4	2	2
ade1d469-d5fa-4a53-8646-e4f88e52bd4c	chr21	30102354	46699722	3	2	1
ade1d469-d5fa-4a53-8646-e4f88e52bd4c	chr22	15284540	18175292	3	2	1
ade1d469-d5fa-4a53-8646-e4f88e52bd4c	chr22	18184929	18878369	4	4	0
ade1d469-d5fa-4a53-8646-e4f88e52bd4c	chr22	18882643	37313972	3	2	1
ade1d469-d5fa-4a53-8646-e4f88e52bd4c	chr22	37315037	37321141	1	1	0
ade1d469-d5fa-4a53-8646-e4f88e52bd4c	chr22	37322963	50802392	3	2	1
ade1d469-d5fa-4a53-8646-e4f88e52bd4c	chrX	2781514	51471317	1	1	0
ade1d469-d5fa-4a53-8646-e4f88e52bd4c	chrX	51475720	51492571	5	5	0
ade1d469-d5fa-4a53-8646-e4f88e52bd4c	chrX	51494488	113418220	1	1	0
ade1d469-d5fa-4a53-8646-e4f88e52bd4c	chrX	113419471	113433502	5	5	0
ade1d469-d5fa-4a53-8646-e4f88e52bd4c	chrX	113437474	125266543	1	1	0
ade1d469-d5fa-4a53-8646-e4f88e52bd4c	chrX	125267610	125282922	0	0	0
ade1d469-d5fa-4a53-8646-e4f88e52bd4c	chrX	125283961	155699751	1	1	0
ade1d469-d5fa-4a53-8646-e4f88e52bd4c	chrY	2789135	26622951	2	2	0
