GDC_Aliquot	Chromosome	Start	End	Copy_Number	Major_Copy_Number	Minor_Copy_Number
20dda897-e9c3-4180-bfae-686cff203424	chr1	13116	2843420	2	1	1
20dda897-e9c3-4180-bfae-686cff203424	chr1	2844810	2855782	5	3	2
20dda897-e9c3-4180-bfae-686cff203424	chr1	2856924	3896284	3	2	1
20dda897-e9c3-4180-bfae-686cff203424	chr1	3897726	92769522	2	1	1
20dda897-e9c3-4180-bfae-686cff203424	chr1	92770777	121742438	1	1	0
20dda897-e9c3-4180-bfae-686cff203424	chr1	143417573	196781854	3	2	1
20dda897-e9c3-4180-bfae-686cff203424	chr1	196782905	196846656	5	3	2
20dda897-e9c3-4180-bfae-686cff203424	chr1	196848833	248945703	3	2	1
20dda897-e9c3-4180-bfae-686cff203424	chr2	10587	86847527	2	1	1
20dda897-e9c3-4180-bfae-686cff203424	chr2	86850318	88458837	1	1	0
20dda897-e9c3-4180-bfae-686cff203424	chr2	88460124	242183243	2	1	1
20dda897-e9c3-4180-bfae-686cff203424	chr3	18519	198181744	2	1	1
20dda897-e9c3-4180-bfae-686cff203424	chr4	11961	49321811	2	1	1
20dda897-e9c3-4180-bfae-686cff203424	chr4	49322833	51795413	1	1	0
20dda897-e9c3-4180-bfae-686cff203424	chr4	51796479	190122722	2	1	1
20dda897-e9c3-4180-bfae-686cff203424	chr5	11882	181363900	2	1	1
20dda897-e9c3-4180-bfae-686cff203424	chr6	100116	122426969	2	1	1
20dda897-e9c3-4180-bfae-686cff203424	chr6	122428412	122437753	1	1	0
20dda897-e9c3-4180-bfae-686cff203424	chr6	122439370	170740469	2	1	1
20dda897-e9c3-4180-bfae-686cff203424	chr7	20608	38261529	2	1	1
20dda897-e9c3-4180-bfae-686cff203424	chr7	38262865	38312374	4	2	2
20dda897-e9c3-4180-bfae-686cff203424	chr7	38313742	105681476	2	1	1
20dda897-e9c3-4180-bfae-686cff203424	chr7	105682839	107852914	1	1	0
20dda897-e9c3-4180-bfae-686cff203424	chr7	107853968	110396462	2	1	1
20dda897-e9c3-4180-bfae-686cff203424	chr7	110399139	112353894	1	1	0
20dda897-e9c3-4180-bfae-686cff203424	chr7	112355478	115025843	2	1	1
20dda897-e9c3-4180-bfae-686cff203424	chr7	115026902	122654023	1	1	0
20dda897-e9c3-4180-bfae-686cff203424	chr7	122655034	123295206	2	1	1
20dda897-e9c3-4180-bfae-686cff203424	chr7	123296273	126602457	1	1	0
20dda897-e9c3-4180-bfae-686cff203424	chr7	126603502	127277730	2	1	1
20dda897-e9c3-4180-bfae-686cff203424	chr7	127278853	128499644	1	1	0
20dda897-e9c3-4180-bfae-686cff203424	chr7	128500928	129357997	2	1	1
20dda897-e9c3-4180-bfae-686cff203424	chr7	129361332	130824356	1	1	0
20dda897-e9c3-4180-bfae-686cff203424	chr7	130826953	131542668	2	1	1
20dda897-e9c3-4180-bfae-686cff203424	chr7	131544757	142071576	1	1	0
20dda897-e9c3-4180-bfae-686cff203424	chr7	142072577	142093619	0	0	0
20dda897-e9c3-4180-bfae-686cff203424	chr7	142094990	144401803	1	1	0
20dda897-e9c3-4180-bfae-686cff203424	chr7	144402813	151359367	2	1	1
20dda897-e9c3-4180-bfae-686cff203424	chr7	151360599	154018635	3	2	1
20dda897-e9c3-4180-bfae-686cff203424	chr7	154019710	154031703	2	2	0
20dda897-e9c3-4180-bfae-686cff203424	chr7	154033017	156244432	3	2	1
20dda897-e9c3-4180-bfae-686cff203424	chr7	156245827	159334386	1	1	0
20dda897-e9c3-4180-bfae-686cff203424	chr8	61774	7167612	2	1	1
20dda897-e9c3-4180-bfae-686cff203424	chr8	7169926	7192760	5	5	0
20dda897-e9c3-4180-bfae-686cff203424	chr8	7194897	7199375	4	4	0
20dda897-e9c3-4180-bfae-686cff203424	chr8	7200432	145078402	2	1	1
20dda897-e9c3-4180-bfae-686cff203424	chr9	10469	21473818	1	1	0
20dda897-e9c3-4180-bfae-686cff203424	chr9	21476329	25920473	0	0	0
20dda897-e9c3-4180-bfae-686cff203424	chr9	25922407	37193874	1	1	0
20dda897-e9c3-4180-bfae-686cff203424	chr9	37196911	38350883	2	1	1
20dda897-e9c3-4180-bfae-686cff203424	chr9	38352420	40196906	1	1	0
20dda897-e9c3-4180-bfae-686cff203424	chr9	40199907	40973152	2	1	1
20dda897-e9c3-4180-bfae-686cff203424	chr9	40974502	41742987	1	1	0
20dda897-e9c3-4180-bfae-686cff203424	chr9	41745002	41992074	2	1	1
20dda897-e9c3-4180-bfae-686cff203424	chr9	41995818	61567041	1	1	0
20dda897-e9c3-4180-bfae-686cff203424	chr9	61568105	61579478	0	0	0
20dda897-e9c3-4180-bfae-686cff203424	chr9	61580948	67206295	1	1	0
20dda897-e9c3-4180-bfae-686cff203424	chr9	67343663	67391116	3	3	0
20dda897-e9c3-4180-bfae-686cff203424	chr9	67398185	67456439	1	1	0
20dda897-e9c3-4180-bfae-686cff203424	chr9	67506316	67530193	0	0	0
20dda897-e9c3-4180-bfae-686cff203424	chr9	67548588	67585801	1	1	0
20dda897-e9c3-4180-bfae-686cff203424	chr9	67588924	67603652	2	2	0
20dda897-e9c3-4180-bfae-686cff203424	chr9	67607646	67622683	1	1	0
20dda897-e9c3-4180-bfae-686cff203424	chr9	67624982	67635884	2	2	0
20dda897-e9c3-4180-bfae-686cff203424	chr9	67638498	67763378	1	1	0
20dda897-e9c3-4180-bfae-686cff203424	chr9	67771521	138256233	2	1	1
20dda897-e9c3-4180-bfae-686cff203424	chr10	15029	38833726	2	1	1
20dda897-e9c3-4180-bfae-686cff203424	chr10	38834876	41695964	2	2	0
20dda897-e9c3-4180-bfae-686cff203424	chr10	41698971	43272432	1	1	0
20dda897-e9c3-4180-bfae-686cff203424	chr10	43273996	43618268	2	1	1
20dda897-e9c3-4180-bfae-686cff203424	chr10	43619588	43708411	1	1	0
20dda897-e9c3-4180-bfae-686cff203424	chr10	43709547	44071950	2	1	1
20dda897-e9c3-4180-bfae-686cff203424	chr10	44073040	45165696	1	1	0
20dda897-e9c3-4180-bfae-686cff203424	chr10	45166765	46293064	2	1	1
20dda897-e9c3-4180-bfae-686cff203424	chr10	46294176	46806397	1	1	0
20dda897-e9c3-4180-bfae-686cff203424	chr10	46830293	48377524	2	1	1
20dda897-e9c3-4180-bfae-686cff203424	chr10	48378841	49074184	3	2	1
20dda897-e9c3-4180-bfae-686cff203424	chr10	49075199	49316972	2	1	1
20dda897-e9c3-4180-bfae-686cff203424	chr10	49318362	51283824	1	1	0
20dda897-e9c3-4180-bfae-686cff203424	chr10	51284987	52227002	2	1	1
20dda897-e9c3-4180-bfae-686cff203424	chr10	52228064	133787009	1	1	0
20dda897-e9c3-4180-bfae-686cff203424	chr11	87268	135076424	2	1	1
20dda897-e9c3-4180-bfae-686cff203424	chr12	11065	934002	2	1	1
20dda897-e9c3-4180-bfae-686cff203424	chr12	935592	1045266	1	1	0
20dda897-e9c3-4180-bfae-686cff203424	chr12	1046562	1251219	2	2	0
20dda897-e9c3-4180-bfae-686cff203424	chr12	1253111	1333877	3	3	0
20dda897-e9c3-4180-bfae-686cff203424	chr12	1335612	1465111	4	3	1
20dda897-e9c3-4180-bfae-686cff203424	chr12	1468284	2503042	1	1	0
20dda897-e9c3-4180-bfae-686cff203424	chr12	2504163	3092194	2	1	1
20dda897-e9c3-4180-bfae-686cff203424	chr12	3093202	3339484	3	2	1
20dda897-e9c3-4180-bfae-686cff203424	chr12	3340602	3702149	4	3	1
20dda897-e9c3-4180-bfae-686cff203424	chr12	3703176	4141193	3	2	1
20dda897-e9c3-4180-bfae-686cff203424	chr12	4143211	4607782	6	5	1
20dda897-e9c3-4180-bfae-686cff203424	chr12	4608884	6528679	1	1	0
20dda897-e9c3-4180-bfae-686cff203424	chr12	6529922	6867524	3	2	1
20dda897-e9c3-4180-bfae-686cff203424	chr12	9847648	10910362	1	1	0
20dda897-e9c3-4180-bfae-686cff203424	chr12	10911397	11395691	5	4	1
20dda897-e9c3-4180-bfae-686cff203424	chr12	11397027	30965360	1	1	0
20dda897-e9c3-4180-bfae-686cff203424	chr12	30966533	31082420	4	3	1
20dda897-e9c3-4180-bfae-686cff203424	chr12	31083757	31661807	3	2	1
20dda897-e9c3-4180-bfae-686cff203424	chr12	31663097	32309738	1	1	0
20dda897-e9c3-4180-bfae-686cff203424	chr12	32311448	32812647	5	4	1
20dda897-e9c3-4180-bfae-686cff203424	chr12	32815256	34024622	1	1	0
20dda897-e9c3-4180-bfae-686cff203424	chr12	34027237	34703269	5	4	1
20dda897-e9c3-4180-bfae-686cff203424	chr12	37463012	133264676	2	1	1
20dda897-e9c3-4180-bfae-686cff203424	chr13	18445955	68665820	1	1	0
20dda897-e9c3-4180-bfae-686cff203424	chr13	68667100	68694867	0	0	0
20dda897-e9c3-4180-bfae-686cff203424	chr13	68696494	83527317	1	1	0
20dda897-e9c3-4180-bfae-686cff203424	chr13	83528383	83574425	0	0	0
20dda897-e9c3-4180-bfae-686cff203424	chr13	83576113	114343123	1	1	0
20dda897-e9c3-4180-bfae-686cff203424	chr14	18223583	22000964	2	1	1
20dda897-e9c3-4180-bfae-686cff203424	chr14	22002080	22509533	3	2	1
20dda897-e9c3-4180-bfae-686cff203424	chr14	22511426	105633883	2	1	1
20dda897-e9c3-4180-bfae-686cff203424	chr14	105635175	105745295	3	2	1
20dda897-e9c3-4180-bfae-686cff203424	chr14	105746999	106880670	2	1	1
20dda897-e9c3-4180-bfae-686cff203424	chr15	19795285	101888846	1	1	0
20dda897-e9c3-4180-bfae-686cff203424	chr15	101889865	101980591	3	2	1
20dda897-e9c3-4180-bfae-686cff203424	chr16	10291	2105818	3	2	1
20dda897-e9c3-4180-bfae-686cff203424	chr16	2106849	88218269	2	1	1
20dda897-e9c3-4180-bfae-686cff203424	chr16	88219305	89368480	3	2	1
20dda897-e9c3-4180-bfae-686cff203424	chr16	89371152	90226358	2	1	1
20dda897-e9c3-4180-bfae-686cff203424	chr17	151035	5378463	1	1	0
20dda897-e9c3-4180-bfae-686cff203424	chr17	5379466	5402567	0	0	0
20dda897-e9c3-4180-bfae-686cff203424	chr17	5403764	12399199	1	1	0
20dda897-e9c3-4180-bfae-686cff203424	chr17	12401315	12603317	2	1	1
20dda897-e9c3-4180-bfae-686cff203424	chr17	12604699	19234861	1	1	0
20dda897-e9c3-4180-bfae-686cff203424	chr17	19237230	19416745	2	2	0
20dda897-e9c3-4180-bfae-686cff203424	chr17	19418385	22044499	2	1	1
20dda897-e9c3-4180-bfae-686cff203424	chr17	22046727	26937095	1	1	0
20dda897-e9c3-4180-bfae-686cff203424	chr17	26938472	28716541	2	1	1
20dda897-e9c3-4180-bfae-686cff203424	chr17	28720448	29161406	1	1	0
20dda897-e9c3-4180-bfae-686cff203424	chr17	29162485	80836602	2	1	1
20dda897-e9c3-4180-bfae-686cff203424	chr17	80838375	83237603	3	2	1
20dda897-e9c3-4180-bfae-686cff203424	chr18	16444	80259190	2	1	1
20dda897-e9c3-4180-bfae-686cff203424	chr19	157892	24316571	1	1	0
20dda897-e9c3-4180-bfae-686cff203424	chr19	24317960	24353970	2	2	0
20dda897-e9c3-4180-bfae-686cff203424	chr19	24355055	24416377	2	1	1
20dda897-e9c3-4180-bfae-686cff203424	chr19	24417573	43196482	1	1	0
20dda897-e9c3-4180-bfae-686cff203424	chr19	43197540	43266005	2	2	0
20dda897-e9c3-4180-bfae-686cff203424	chr19	43267122	58607412	1	1	0
20dda897-e9c3-4180-bfae-686cff203424	chr20	80457	38989379	2	1	1
20dda897-e9c3-4180-bfae-686cff203424	chr20	38990466	55419618	1	1	0
20dda897-e9c3-4180-bfae-686cff203424	chr20	55421348	56934774	2	1	1
20dda897-e9c3-4180-bfae-686cff203424	chr20	56936513	59437602	1	1	0
20dda897-e9c3-4180-bfae-686cff203424	chr20	59438841	59924573	2	1	1
20dda897-e9c3-4180-bfae-686cff203424	chr20	59927401	61311096	3	2	1
20dda897-e9c3-4180-bfae-686cff203424	chr20	61312125	61698852	2	1	1
20dda897-e9c3-4180-bfae-686cff203424	chr20	61699871	62828631	1	1	0
20dda897-e9c3-4180-bfae-686cff203424	chr20	62830193	64043026	3	2	1
20dda897-e9c3-4180-bfae-686cff203424	chr20	64044057	64066835	3	3	0
20dda897-e9c3-4180-bfae-686cff203424	chr20	64068875	64331516	2	1	1
20dda897-e9c3-4180-bfae-686cff203424	chr21	7762688	46699722	2	1	1
20dda897-e9c3-4180-bfae-686cff203424	chr22	15284540	18810078	1	1	0
20dda897-e9c3-4180-bfae-686cff203424	chr22	18813740	18887978	2	2	0
20dda897-e9c3-4180-bfae-686cff203424	chr22	18889117	50802392	1	1	0
20dda897-e9c3-4180-bfae-686cff203424	chrX	2781514	155699751	2	1	1
