GDC_Aliquot	Chromosome	Start	End	Num_Probes	Segment_Mean
f78feb9a-4ab0-465a-8c5d-e3a75cb1d53e	1	62920	2487186	466	0.0727
f78feb9a-4ab0-465a-8c5d-e3a75cb1d53e	1	2487496	16863509	8224	0.0209
f78feb9a-4ab0-465a-8c5d-e3a75cb1d53e	1	16864367	16934716	47	-0.7156
f78feb9a-4ab0-465a-8c5d-e3a75cb1d53e	1	16934753	25266637	5260	0.023
f78feb9a-4ab0-465a-8c5d-e3a75cb1d53e	1	25269390	25320198	21	-0.6225
f78feb9a-4ab0-465a-8c5d-e3a75cb1d53e	1	25320253	44251149	10376	0.0278
f78feb9a-4ab0-465a-8c5d-e3a75cb1d53e	1	44255119	65432186	13842	0.0771
f78feb9a-4ab0-465a-8c5d-e3a75cb1d53e	1	65432268	65440582	4	1.5174
f78feb9a-4ab0-465a-8c5d-e3a75cb1d53e	1	65441079	72303233	4497	0.075
f78feb9a-4ab0-465a-8c5d-e3a75cb1d53e	1	72303253	72345465	45	-1.2901
f78feb9a-4ab0-465a-8c5d-e3a75cb1d53e	1	72346221	81422771	5774	0.074
f78feb9a-4ab0-465a-8c5d-e3a75cb1d53e	1	81422917	81422920	2	1.6986
f78feb9a-4ab0-465a-8c5d-e3a75cb1d53e	1	81422982	83347104	1300	0.0692
f78feb9a-4ab0-465a-8c5d-e3a75cb1d53e	1	83349621	83350794	3	1.5041
f78feb9a-4ab0-465a-8c5d-e3a75cb1d53e	1	83359894	83698092	216	0.0643
f78feb9a-4ab0-465a-8c5d-e3a75cb1d53e	1	83699089	95910195	8004	0.1172
f78feb9a-4ab0-465a-8c5d-e3a75cb1d53e	1	95910256	100467010	2776	0.0675
f78feb9a-4ab0-465a-8c5d-e3a75cb1d53e	1	100471456	105476583	2864	-0.0261
f78feb9a-4ab0-465a-8c5d-e3a75cb1d53e	1	105476614	105479753	16	-2.6067
f78feb9a-4ab0-465a-8c5d-e3a75cb1d53e	1	105481433	109819060	2732	-0.0129
f78feb9a-4ab0-465a-8c5d-e3a75cb1d53e	1	109819099	109820397	2	-1.73
f78feb9a-4ab0-465a-8c5d-e3a75cb1d53e	1	109821314	143541857	7044	-0.0226
f78feb9a-4ab0-465a-8c5d-e3a75cb1d53e	1	143545399	146788785	310	0.397
f78feb9a-4ab0-465a-8c5d-e3a75cb1d53e	1	147004967	147905610	606	0.5999
f78feb9a-4ab0-465a-8c5d-e3a75cb1d53e	1	147906537	152583051	1520	0.4186
f78feb9a-4ab0-465a-8c5d-e3a75cb1d53e	1	152583230	152613762	31	1.4148
f78feb9a-4ab0-465a-8c5d-e3a75cb1d53e	1	152613802	155210569	1548	0.3647
f78feb9a-4ab0-465a-8c5d-e3a75cb1d53e	1	155210675	155241876	13	1.136
f78feb9a-4ab0-465a-8c5d-e3a75cb1d53e	1	155242476	155927925	308	0.3422
f78feb9a-4ab0-465a-8c5d-e3a75cb1d53e	1	155930344	162383151	4236	0.1321
f78feb9a-4ab0-465a-8c5d-e3a75cb1d53e	1	162383936	164480512	1574	0.2682
f78feb9a-4ab0-465a-8c5d-e3a75cb1d53e	1	164480867	168895926	3486	0.1168
f78feb9a-4ab0-465a-8c5d-e3a75cb1d53e	1	168896238	169247699	321	0.1768
f78feb9a-4ab0-465a-8c5d-e3a75cb1d53e	1	169264736	169272528	7	1.2506
f78feb9a-4ab0-465a-8c5d-e3a75cb1d53e	1	169273163	175818138	4273	0.1654
f78feb9a-4ab0-465a-8c5d-e3a75cb1d53e	1	175819321	179354603	2336	0.1001
f78feb9a-4ab0-465a-8c5d-e3a75cb1d53e	1	179361393	179364180	4	-1.1975
f78feb9a-4ab0-465a-8c5d-e3a75cb1d53e	1	179370071	183868762	3097	0.1219
f78feb9a-4ab0-465a-8c5d-e3a75cb1d53e	1	183869871	193186662	6065	0.0723
f78feb9a-4ab0-465a-8c5d-e3a75cb1d53e	1	193187149	193187202	3	1.7668
f78feb9a-4ab0-465a-8c5d-e3a75cb1d53e	1	193187218	196762956	2401	0.0766
f78feb9a-4ab0-465a-8c5d-e3a75cb1d53e	1	196769493	196788990	31	0.6219
f78feb9a-4ab0-465a-8c5d-e3a75cb1d53e	1	196789019	196843377	24	0.0273
f78feb9a-4ab0-465a-8c5d-e3a75cb1d53e	1	196843400	196846661	2	3.0502
f78feb9a-4ab0-465a-8c5d-e3a75cb1d53e	1	196847600	196876538	33	0.0829
f78feb9a-4ab0-465a-8c5d-e3a75cb1d53e	1	196878281	196884220	4	-1.2867
f78feb9a-4ab0-465a-8c5d-e3a75cb1d53e	1	196884389	199138574	1335	0.0852
f78feb9a-4ab0-465a-8c5d-e3a75cb1d53e	1	199142235	199143883	8	-0.8782
f78feb9a-4ab0-465a-8c5d-e3a75cb1d53e	1	199144712	208984013	6641	0.0723
f78feb9a-4ab0-465a-8c5d-e3a75cb1d53e	1	208986691	208986962	2	-1.9195
f78feb9a-4ab0-465a-8c5d-e3a75cb1d53e	1	208989583	247656685	27053	0.0626
f78feb9a-4ab0-465a-8c5d-e3a75cb1d53e	1	247664666	248143907	326	0.7406
f78feb9a-4ab0-465a-8c5d-e3a75cb1d53e	1	248144969	248261763	66	0.0637
f78feb9a-4ab0-465a-8c5d-e3a75cb1d53e	1	248263182	248266417	8	0.845
f78feb9a-4ab0-465a-8c5d-e3a75cb1d53e	1	248269925	248467495	112	-0.0793
f78feb9a-4ab0-465a-8c5d-e3a75cb1d53e	1	248471839	248617206	40	0.5127
f78feb9a-4ab0-465a-8c5d-e3a75cb1d53e	1	248619910	248930189	151	0.0809
f78feb9a-4ab0-465a-8c5d-e3a75cb1d53e	2	12784	178356	95	0.0065
f78feb9a-4ab0-465a-8c5d-e3a75cb1d53e	2	180484	7444718	5773	0.0801
f78feb9a-4ab0-465a-8c5d-e3a75cb1d53e	2	7446305	7506841	49	0.4193
f78feb9a-4ab0-465a-8c5d-e3a75cb1d53e	2	7506876	34456427	18141	0.0938
f78feb9a-4ab0-465a-8c5d-e3a75cb1d53e	2	34458223	34512965	52	0.5521
f78feb9a-4ab0-465a-8c5d-e3a75cb1d53e	2	34515572	52514599	12994	0.1124
f78feb9a-4ab0-465a-8c5d-e3a75cb1d53e	2	52516787	52527743	8	-1.2654
f78feb9a-4ab0-465a-8c5d-e3a75cb1d53e	2	52531615	71115246	12280	0.0965
f78feb9a-4ab0-465a-8c5d-e3a75cb1d53e	2	71115321	71120262	8	-0.9733
f78feb9a-4ab0-465a-8c5d-e3a75cb1d53e	2	71122913	88862158	10360	0.0848
f78feb9a-4ab0-465a-8c5d-e3a75cb1d53e	2	88862467	89296555	138	-0.1726
f78feb9a-4ab0-465a-8c5d-e3a75cb1d53e	2	89305244	97359885	1076	0.1016
f78feb9a-4ab0-465a-8c5d-e3a75cb1d53e	2	97524284	97545726	9	-0.7577
f78feb9a-4ab0-465a-8c5d-e3a75cb1d53e	2	97550415	100163311	1437	0.1006
f78feb9a-4ab0-465a-8c5d-e3a75cb1d53e	2	100172513	101052881	674	0.1363
f78feb9a-4ab0-465a-8c5d-e3a75cb1d53e	2	101060201	101063584	3	-0.9988
f78feb9a-4ab0-465a-8c5d-e3a75cb1d53e	2	101063713	104590648	2193	0.1461
f78feb9a-4ab0-465a-8c5d-e3a75cb1d53e	2	104598558	113604438	5049	0.083
f78feb9a-4ab0-465a-8c5d-e3a75cb1d53e	2	113604837	113604839	2	-2.4986
f78feb9a-4ab0-465a-8c5d-e3a75cb1d53e	2	113623244	118885644	3343	0.0962
f78feb9a-4ab0-465a-8c5d-e3a75cb1d53e	2	118886029	145940130	16595	0.0192
f78feb9a-4ab0-465a-8c5d-e3a75cb1d53e	2	145942762	146107015	87	0.0865
f78feb9a-4ab0-465a-8c5d-e3a75cb1d53e	2	146107511	146109366	19	0.6609
f78feb9a-4ab0-465a-8c5d-e3a75cb1d53e	2	146120238	159102108	7772	0.0733
f78feb9a-4ab0-465a-8c5d-e3a75cb1d53e	2	159103831	159104461	2	1.9248
f78feb9a-4ab0-465a-8c5d-e3a75cb1d53e	2	159106775	159803960	431	0.1047
f78feb9a-4ab0-465a-8c5d-e3a75cb1d53e	2	159804029	159804200	2	-1.6565
f78feb9a-4ab0-465a-8c5d-e3a75cb1d53e	2	159804596	192046713	19736	0.0798
f78feb9a-4ab0-465a-8c5d-e3a75cb1d53e	2	192049066	193823021	896	0.1619
f78feb9a-4ab0-465a-8c5d-e3a75cb1d53e	2	193825580	194155164	168	0.0721
f78feb9a-4ab0-465a-8c5d-e3a75cb1d53e	2	194156048	212365121	11050	0.0004
f78feb9a-4ab0-465a-8c5d-e3a75cb1d53e	2	212367016	233836743	13665	0.0334
f78feb9a-4ab0-465a-8c5d-e3a75cb1d53e	2	233836809	242147305	5280	-0.0046
f78feb9a-4ab0-465a-8c5d-e3a75cb1d53e	3	20930	171308	140	0.0972
f78feb9a-4ab0-465a-8c5d-e3a75cb1d53e	3	171574	1871414	1524	0.0125
f78feb9a-4ab0-465a-8c5d-e3a75cb1d53e	3	1871687	1879548	12	-1.0468
f78feb9a-4ab0-465a-8c5d-e3a75cb1d53e	3	1881281	5840699	3442	-0.0144
f78feb9a-4ab0-465a-8c5d-e3a75cb1d53e	3	5841339	5845961	2	-3.6409
f78feb9a-4ab0-465a-8c5d-e3a75cb1d53e	3	5846834	80794538	50538	-0.0107
f78feb9a-4ab0-465a-8c5d-e3a75cb1d53e	3	80796529	83756010	1555	0.1705
f78feb9a-4ab0-465a-8c5d-e3a75cb1d53e	3	83761082	84167276	186	0.0746
f78feb9a-4ab0-465a-8c5d-e3a75cb1d53e	3	84171083	87436179	1862	0.0038
f78feb9a-4ab0-465a-8c5d-e3a75cb1d53e	3	87436247	99218119	4387	0.0694
f78feb9a-4ab0-465a-8c5d-e3a75cb1d53e	3	99218940	99229828	22	0.6466
f78feb9a-4ab0-465a-8c5d-e3a75cb1d53e	3	99229887	168203708	42027	0.0771
f78feb9a-4ab0-465a-8c5d-e3a75cb1d53e	3	168203776	168209586	2	-2.4428
f78feb9a-4ab0-465a-8c5d-e3a75cb1d53e	3	168210319	169233211	630	0.0908
f78feb9a-4ab0-465a-8c5d-e3a75cb1d53e	3	169233590	173486475	2742	0.1156
f78feb9a-4ab0-465a-8c5d-e3a75cb1d53e	3	173491902	173497944	11	-0.7441
f78feb9a-4ab0-465a-8c5d-e3a75cb1d53e	3	173501002	173511589	10	0.0433
f78feb9a-4ab0-465a-8c5d-e3a75cb1d53e	3	173511781	173571890	27	0.6665
f78feb9a-4ab0-465a-8c5d-e3a75cb1d53e	3	173582403	174472797	627	0.0877
f78feb9a-4ab0-465a-8c5d-e3a75cb1d53e	3	174485712	174874848	253	-0.203
f78feb9a-4ab0-465a-8c5d-e3a75cb1d53e	3	174882038	189642489	9401	0.1017
f78feb9a-4ab0-465a-8c5d-e3a75cb1d53e	3	189642965	189653199	13	-1.0527
f78feb9a-4ab0-465a-8c5d-e3a75cb1d53e	3	189653225	193160173	2488	0.1001
f78feb9a-4ab0-465a-8c5d-e3a75cb1d53e	3	193160256	193165099	17	1.3252
f78feb9a-4ab0-465a-8c5d-e3a75cb1d53e	3	193165114	195559056	1483	0.112
f78feb9a-4ab0-465a-8c5d-e3a75cb1d53e	3	195656271	195729005	28	-0.3721
f78feb9a-4ab0-465a-8c5d-e3a75cb1d53e	3	195729040	198169247	1180	0.1224
f78feb9a-4ab0-465a-8c5d-e3a75cb1d53e	4	68929	302594	113	-0.0989
f78feb9a-4ab0-465a-8c5d-e3a75cb1d53e	4	304143	304983	3	-2.3346
f78feb9a-4ab0-465a-8c5d-e3a75cb1d53e	4	309145	6302617	3272	-0.0873
f78feb9a-4ab0-465a-8c5d-e3a75cb1d53e	4	6302721	6308640	3	-2.1538
f78feb9a-4ab0-465a-8c5d-e3a75cb1d53e	4	6310277	8718140	1690	-0.0851
f78feb9a-4ab0-465a-8c5d-e3a75cb1d53e	4	8718442	9462813	64	0.5111
f78feb9a-4ab0-465a-8c5d-e3a75cb1d53e	4	9463248	9835445	145	-0.1541
f78feb9a-4ab0-465a-8c5d-e3a75cb1d53e	4	9835664	10208766	397	-0.0804
f78feb9a-4ab0-465a-8c5d-e3a75cb1d53e	4	10212536	10228870	20	0.8439
f78feb9a-4ab0-465a-8c5d-e3a75cb1d53e	4	10228994	10239089	22	0.0589
f78feb9a-4ab0-465a-8c5d-e3a75cb1d53e	4	10242989	10243331	2	1.7185
f78feb9a-4ab0-465a-8c5d-e3a75cb1d53e	4	10244274	21371022	8198	-0.0847
f78feb9a-4ab0-465a-8c5d-e3a75cb1d53e	4	21375114	21375167	3	-1.8515
f78feb9a-4ab0-465a-8c5d-e3a75cb1d53e	4	21375183	34777432	8744	-0.0829
f78feb9a-4ab0-465a-8c5d-e3a75cb1d53e	4	34784878	34839742	49	0.3718
f78feb9a-4ab0-465a-8c5d-e3a75cb1d53e	4	34839764	48759804	8816	-0.0728
f78feb9a-4ab0-465a-8c5d-e3a75cb1d53e	4	48760073	69257792	11003	-0.1257
f78feb9a-4ab0-465a-8c5d-e3a75cb1d53e	4	69261926	69377178	61	-0.7634
f78feb9a-4ab0-465a-8c5d-e3a75cb1d53e	4	69378363	76871452	4602	-0.1144
f78feb9a-4ab0-465a-8c5d-e3a75cb1d53e	4	76871567	76872676	12	-0.8341
f78feb9a-4ab0-465a-8c5d-e3a75cb1d53e	4	76872791	103288027	16004	-0.114
f78feb9a-4ab0-465a-8c5d-e3a75cb1d53e	4	103288129	103321704	42	-1.6416
f78feb9a-4ab0-465a-8c5d-e3a75cb1d53e	4	103323499	133252189	17747	-0.1161
f78feb9a-4ab0-465a-8c5d-e3a75cb1d53e	4	133253052	133257523	4	-2.1196
f78feb9a-4ab0-465a-8c5d-e3a75cb1d53e	4	133260029	141876287	5293	-0.1028
f78feb9a-4ab0-465a-8c5d-e3a75cb1d53e	4	141884393	144389501	1532	0.1773
f78feb9a-4ab0-465a-8c5d-e3a75cb1d53e	4	144389986	144398848	3	-1.2452
f78feb9a-4ab0-465a-8c5d-e3a75cb1d53e	4	144405258	144566803	94	0.153
f78feb9a-4ab0-465a-8c5d-e3a75cb1d53e	4	144570851	147344036	1495	-0.0286
f78feb9a-4ab0-465a-8c5d-e3a75cb1d53e	4	147344305	148733833	889	0.2078
f78feb9a-4ab0-465a-8c5d-e3a75cb1d53e	4	148737215	150958512	1196	-0.0562
f78feb9a-4ab0-465a-8c5d-e3a75cb1d53e	4	150958773	150963146	15	-1.2995
f78feb9a-4ab0-465a-8c5d-e3a75cb1d53e	4	150963148	151871394	465	-0.0371
f78feb9a-4ab0-465a-8c5d-e3a75cb1d53e	4	151871415	155367780	2269	0.0501
f78feb9a-4ab0-465a-8c5d-e3a75cb1d53e	4	155368880	157801906	1641	-0.0602
f78feb9a-4ab0-465a-8c5d-e3a75cb1d53e	4	157805876	157810222	12	-1.4486
f78feb9a-4ab0-465a-8c5d-e3a75cb1d53e	4	157815297	158240839	241	-0.0303
f78feb9a-4ab0-465a-8c5d-e3a75cb1d53e	4	158242811	161034223	1795	0.0974
f78feb9a-4ab0-465a-8c5d-e3a75cb1d53e	4	161034298	161036370	2	-1.6314
f78feb9a-4ab0-465a-8c5d-e3a75cb1d53e	4	161037724	161566831	379	0.0654
f78feb9a-4ab0-465a-8c5d-e3a75cb1d53e	4	161567107	167002980	3388	-0.0132
f78feb9a-4ab0-465a-8c5d-e3a75cb1d53e	4	167007880	190106768	15312	-0.1172
f78feb9a-4ab0-465a-8c5d-e3a75cb1d53e	5	15532	19584	3	-0.4587
f78feb9a-4ab0-465a-8c5d-e3a75cb1d53e	5	21963	685389	302	1.1241
f78feb9a-4ab0-465a-8c5d-e3a75cb1d53e	5	685633	817877	35	1.761
f78feb9a-4ab0-465a-8c5d-e3a75cb1d53e	5	818426	1560382	383	1.141
f78feb9a-4ab0-465a-8c5d-e3a75cb1d53e	5	1560601	1656002	34	0.5659
f78feb9a-4ab0-465a-8c5d-e3a75cb1d53e	5	1657291	1806539	115	0.8127
f78feb9a-4ab0-465a-8c5d-e3a75cb1d53e	5	1808471	12165160	8988	0.5855
f78feb9a-4ab0-465a-8c5d-e3a75cb1d53e	5	12169737	17043314	3212	0.3143
f78feb9a-4ab0-465a-8c5d-e3a75cb1d53e	5	17043834	17711059	362	0.5369
f78feb9a-4ab0-465a-8c5d-e3a75cb1d53e	5	17712578	21376735	2231	0.1223
f78feb9a-4ab0-465a-8c5d-e3a75cb1d53e	5	21377730	21377744	2	-2.2493
f78feb9a-4ab0-465a-8c5d-e3a75cb1d53e	5	21385957	24602906	1838	0.1569
f78feb9a-4ab0-465a-8c5d-e3a75cb1d53e	5	24607337	25167824	350	0.0081
f78feb9a-4ab0-465a-8c5d-e3a75cb1d53e	5	25168114	30731564	3278	0.1534
f78feb9a-4ab0-465a-8c5d-e3a75cb1d53e	5	30733449	38243055	5106	-0.0198
f78feb9a-4ab0-465a-8c5d-e3a75cb1d53e	5	38243359	46099451	4382	0.1307
f78feb9a-4ab0-465a-8c5d-e3a75cb1d53e	5	46099678	150822643	61712	-0.1532
f78feb9a-4ab0-465a-8c5d-e3a75cb1d53e	5	150825938	150839042	8	-3.0548
f78feb9a-4ab0-465a-8c5d-e3a75cb1d53e	5	150843825	181148545	20336	-0.1636
f78feb9a-4ab0-465a-8c5d-e3a75cb1d53e	5	181150235	181363319	76	-0.0072
f78feb9a-4ab0-465a-8c5d-e3a75cb1d53e	6	149661	290598	118	-0.0041
f78feb9a-4ab0-465a-8c5d-e3a75cb1d53e	6	291082	364587	70	-0.3388
f78feb9a-4ab0-465a-8c5d-e3a75cb1d53e	6	364768	10063106	7777	0.0371
f78feb9a-4ab0-465a-8c5d-e3a75cb1d53e	6	10067770	10069322	3	-2.0508
f78feb9a-4ab0-465a-8c5d-e3a75cb1d53e	6	10069501	14491468	3357	0.0278
f78feb9a-4ab0-465a-8c5d-e3a75cb1d53e	6	14497792	14499098	2	-1.7118
f78feb9a-4ab0-465a-8c5d-e3a75cb1d53e	6	14499395	15495891	731	0.0376
f78feb9a-4ab0-465a-8c5d-e3a75cb1d53e	6	15500689	15511456	13	-0.7407
f78feb9a-4ab0-465a-8c5d-e3a75cb1d53e	6	15516054	29907031	9584	0.0413
f78feb9a-4ab0-465a-8c5d-e3a75cb1d53e	6	29909182	29928644	6	-1.9503
f78feb9a-4ab0-465a-8c5d-e3a75cb1d53e	6	29931120	29947692	10	-0.1091
f78feb9a-4ab0-465a-8c5d-e3a75cb1d53e	6	29947974	29948709	3	-1.3179
f78feb9a-4ab0-465a-8c5d-e3a75cb1d53e	6	29948728	31284118	600	0.066
f78feb9a-4ab0-465a-8c5d-e3a75cb1d53e	6	31285148	32463328	538	0.1784
f78feb9a-4ab0-465a-8c5d-e3a75cb1d53e	6	32463370	40674904	5301	0.0518
f78feb9a-4ab0-465a-8c5d-e3a75cb1d53e	6	40676530	40676545	2	-2.014
f78feb9a-4ab0-465a-8c5d-e3a75cb1d53e	6	40676605	58307319	10625	0.0385
f78feb9a-4ab0-465a-8c5d-e3a75cb1d53e	6	58308538	58432750	60	-0.1653
f78feb9a-4ab0-465a-8c5d-e3a75cb1d53e	6	60351931	61715266	467	-0.4469
f78feb9a-4ab0-465a-8c5d-e3a75cb1d53e	6	61715444	66314441	2648	-0.0729
f78feb9a-4ab0-465a-8c5d-e3a75cb1d53e	6	66315477	66317985	7	0.8103
f78feb9a-4ab0-465a-8c5d-e3a75cb1d53e	6	66318006	66318807	4	-0.3509
f78feb9a-4ab0-465a-8c5d-e3a75cb1d53e	6	66318853	66322086	11	0.3927
f78feb9a-4ab0-465a-8c5d-e3a75cb1d53e	6	66323855	66350388	42	-0.2874
f78feb9a-4ab0-465a-8c5d-e3a75cb1d53e	6	66350456	66841339	366	0.0549
f78feb9a-4ab0-465a-8c5d-e3a75cb1d53e	6	66846927	70614757	2501	-0.0838
f78feb9a-4ab0-465a-8c5d-e3a75cb1d53e	6	70615020	72521720	1274	0.0106
f78feb9a-4ab0-465a-8c5d-e3a75cb1d53e	6	72522956	76726815	2622	-0.075
f78feb9a-4ab0-465a-8c5d-e3a75cb1d53e	6	76730151	76736482	12	-1.3129
f78feb9a-4ab0-465a-8c5d-e3a75cb1d53e	6	76739852	78262427	993	-0.0826
f78feb9a-4ab0-465a-8c5d-e3a75cb1d53e	6	78262451	78318053	98	0.2916
f78feb9a-4ab0-465a-8c5d-e3a75cb1d53e	6	78322600	112208067	21028	-0.0835
f78feb9a-4ab0-465a-8c5d-e3a75cb1d53e	6	112208081	138104723	16436	0.0482
f78feb9a-4ab0-465a-8c5d-e3a75cb1d53e	6	138104895	138104934	3	-1.7716
f78feb9a-4ab0-465a-8c5d-e3a75cb1d53e	6	138105286	166080765	19184	0.0527
f78feb9a-4ab0-465a-8c5d-e3a75cb1d53e	6	166084143	166085372	3	-2.6536
f78feb9a-4ab0-465a-8c5d-e3a75cb1d53e	6	166091896	170741917	2985	0.041
f78feb9a-4ab0-465a-8c5d-e3a75cb1d53e	7	43355	6083054	3127	0.5739
f78feb9a-4ab0-465a-8c5d-e3a75cb1d53e	7	6085750	6097232	8	-0.997
f78feb9a-4ab0-465a-8c5d-e3a75cb1d53e	7	6106007	6797437	282	0.5207
f78feb9a-4ab0-465a-8c5d-e3a75cb1d53e	7	6799093	6827447	7	-1.1004
f78feb9a-4ab0-465a-8c5d-e3a75cb1d53e	7	6828011	8806427	1660	0.5632
f78feb9a-4ab0-465a-8c5d-e3a75cb1d53e	7	8806844	8819437	13	-0.1596
f78feb9a-4ab0-465a-8c5d-e3a75cb1d53e	7	8819582	9502717	565	0.5994
f78feb9a-4ab0-465a-8c5d-e3a75cb1d53e	7	9502764	18974579	7572	0.257
f78feb9a-4ab0-465a-8c5d-e3a75cb1d53e	7	18974958	22395161	2815	0.0661
f78feb9a-4ab0-465a-8c5d-e3a75cb1d53e	7	22395853	22396868	2	-2.1719
f78feb9a-4ab0-465a-8c5d-e3a75cb1d53e	7	22399135	30252146	5780	0.057
f78feb9a-4ab0-465a-8c5d-e3a75cb1d53e	7	30254039	30389652	65	0.4241
f78feb9a-4ab0-465a-8c5d-e3a75cb1d53e	7	30391154	30730693	197	0.006
f78feb9a-4ab0-465a-8c5d-e3a75cb1d53e	7	30733016	32481109	1368	0.2339
f78feb9a-4ab0-465a-8c5d-e3a75cb1d53e	7	32483114	32485383	4	-1.154
f78feb9a-4ab0-465a-8c5d-e3a75cb1d53e	7	32485870	39870607	5057	0.2413
f78feb9a-4ab0-465a-8c5d-e3a75cb1d53e	7	39873404	40465783	336	0.0292
f78feb9a-4ab0-465a-8c5d-e3a75cb1d53e	7	40466546	41117352	424	0.205
f78feb9a-4ab0-465a-8c5d-e3a75cb1d53e	7	41117626	54318812	9172	0.0562
f78feb9a-4ab0-465a-8c5d-e3a75cb1d53e	7	54318816	54318824	5	3.2987
f78feb9a-4ab0-465a-8c5d-e3a75cb1d53e	7	54325795	55041454	554	0.1048
f78feb9a-4ab0-465a-8c5d-e3a75cb1d53e	7	55041484	62865135	1597	0.0264
f78feb9a-4ab0-465a-8c5d-e3a75cb1d53e	7	62904814	62909456	11	-0.892
f78feb9a-4ab0-465a-8c5d-e3a75cb1d53e	7	62924899	82114817	9753	0.0485
f78feb9a-4ab0-465a-8c5d-e3a75cb1d53e	7	82117137	82648775	374	0.2017
f78feb9a-4ab0-465a-8c5d-e3a75cb1d53e	7	82649033	85059542	1637	0.0642
f78feb9a-4ab0-465a-8c5d-e3a75cb1d53e	7	85059935	85445932	211	0.1852
f78feb9a-4ab0-465a-8c5d-e3a75cb1d53e	7	85448431	85449381	2	-1.2054
f78feb9a-4ab0-465a-8c5d-e3a75cb1d53e	7	85450032	87683620	1292	0.1253
f78feb9a-4ab0-465a-8c5d-e3a75cb1d53e	7	87685464	89711432	1212	0.19
f78feb9a-4ab0-465a-8c5d-e3a75cb1d53e	7	89712313	91578827	1316	0.2772
f78feb9a-4ab0-465a-8c5d-e3a75cb1d53e	7	91589569	91595723	5	-0.9573
f78feb9a-4ab0-465a-8c5d-e3a75cb1d53e	7	91596584	91891686	203	0.2405
f78feb9a-4ab0-465a-8c5d-e3a75cb1d53e	7	91892524	92171548	121	0.0628
f78feb9a-4ab0-465a-8c5d-e3a75cb1d53e	7	92176336	92605769	202	0.237
f78feb9a-4ab0-465a-8c5d-e3a75cb1d53e	7	92605870	103223733	5608	0.3037
f78feb9a-4ab0-465a-8c5d-e3a75cb1d53e	7	103228274	104827255	1129	0.2159
f78feb9a-4ab0-465a-8c5d-e3a75cb1d53e	7	104827288	104836038	13	-0.3416
f78feb9a-4ab0-465a-8c5d-e3a75cb1d53e	7	104836052	106001106	747	0.2222
f78feb9a-4ab0-465a-8c5d-e3a75cb1d53e	7	106001178	109801187	2462	0.3617
f78feb9a-4ab0-465a-8c5d-e3a75cb1d53e	7	109801572	109813853	10	1.3487
f78feb9a-4ab0-465a-8c5d-e3a75cb1d53e	7	109813925	111314026	1003	0.3641
f78feb9a-4ab0-465a-8c5d-e3a75cb1d53e	7	111316204	111510201	130	0.1544
f78feb9a-4ab0-465a-8c5d-e3a75cb1d53e	7	111511197	115946240	2513	0.403
f78feb9a-4ab0-465a-8c5d-e3a75cb1d53e	7	115946380	116062880	73	0.7604
f78feb9a-4ab0-465a-8c5d-e3a75cb1d53e	7	116063281	116686968	438	0.4001
f78feb9a-4ab0-465a-8c5d-e3a75cb1d53e	7	116689247	116965995	264	1.0444
f78feb9a-4ab0-465a-8c5d-e3a75cb1d53e	7	116969761	117478159	308	0.7458
f78feb9a-4ab0-465a-8c5d-e3a75cb1d53e	7	117481166	134100458	10007	-0.0242
f78feb9a-4ab0-465a-8c5d-e3a75cb1d53e	7	134100556	134114401	33	0.5354
f78feb9a-4ab0-465a-8c5d-e3a75cb1d53e	7	134114444	138131986	2784	-0.0168
f78feb9a-4ab0-465a-8c5d-e3a75cb1d53e	7	138132663	138142790	5	0.9939
f78feb9a-4ab0-465a-8c5d-e3a75cb1d53e	7	138144062	142024465	2371	-0.0229
f78feb9a-4ab0-465a-8c5d-e3a75cb1d53e	7	142028296	159334314	10920	0.0845
f78feb9a-4ab0-465a-8c5d-e3a75cb1d53e	8	81254	644973	324	-0.2673
f78feb9a-4ab0-465a-8c5d-e3a75cb1d53e	8	645220	645908	8	1.452
f78feb9a-4ab0-465a-8c5d-e3a75cb1d53e	8	656117	3675399	2632	-0.2469
f78feb9a-4ab0-465a-8c5d-e3a75cb1d53e	8	3675560	3685439	11	-1.2676
f78feb9a-4ab0-465a-8c5d-e3a75cb1d53e	8	3686232	7167045	4725	-0.2453
f78feb9a-4ab0-465a-8c5d-e3a75cb1d53e	8	7172468	7477487	41	-0.8243
f78feb9a-4ab0-465a-8c5d-e3a75cb1d53e	8	7513956	26529049	14772	-0.2388
f78feb9a-4ab0-465a-8c5d-e3a75cb1d53e	8	26529777	30744482	2878	-0.0422
f78feb9a-4ab0-465a-8c5d-e3a75cb1d53e	8	30749455	32022202	799	0.2409
f78feb9a-4ab0-465a-8c5d-e3a75cb1d53e	8	32024311	32536959	453	-0.1114
f78feb9a-4ab0-465a-8c5d-e3a75cb1d53e	8	32540383	32682003	120	0.4595
f78feb9a-4ab0-465a-8c5d-e3a75cb1d53e	8	32682349	32711976	29	-0.0895
f78feb9a-4ab0-465a-8c5d-e3a75cb1d53e	8	32712151	33245542	347	-0.145
f78feb9a-4ab0-465a-8c5d-e3a75cb1d53e	8	33246593	36695997	1878	-0.2422
f78feb9a-4ab0-465a-8c5d-e3a75cb1d53e	8	36696595	38297876	874	-0.0727
f78feb9a-4ab0-465a-8c5d-e3a75cb1d53e	8	38302036	38460400	113	0.0868
f78feb9a-4ab0-465a-8c5d-e3a75cb1d53e	8	38460483	38460988	10	0.5439
f78feb9a-4ab0-465a-8c5d-e3a75cb1d53e	8	38461831	39393453	460	0.0317
f78feb9a-4ab0-465a-8c5d-e3a75cb1d53e	8	39393968	39529446	54	0.72
f78feb9a-4ab0-465a-8c5d-e3a75cb1d53e	8	39530780	40914477	1072	0.0515
f78feb9a-4ab0-465a-8c5d-e3a75cb1d53e	8	40920333	40920952	2	-2.3961
f78feb9a-4ab0-465a-8c5d-e3a75cb1d53e	8	40926161	41065830	86	0.181
f78feb9a-4ab0-465a-8c5d-e3a75cb1d53e	8	41065963	41085236	8	0.6304
f78feb9a-4ab0-465a-8c5d-e3a75cb1d53e	8	41086318	41204621	86	0.9491
f78feb9a-4ab0-465a-8c5d-e3a75cb1d53e	8	41205021	42966535	1047	0.6686
f78feb9a-4ab0-465a-8c5d-e3a75cb1d53e	8	42967941	46012735	293	0.039
f78feb9a-4ab0-465a-8c5d-e3a75cb1d53e	8	46014827	46263783	74	0.5451
f78feb9a-4ab0-465a-8c5d-e3a75cb1d53e	8	46267692	46706635	150	0.0946
f78feb9a-4ab0-465a-8c5d-e3a75cb1d53e	8	46706809	47525934	352	0.7391
f78feb9a-4ab0-465a-8c5d-e3a75cb1d53e	8	47534287	48385861	373	0.577
f78feb9a-4ab0-465a-8c5d-e3a75cb1d53e	8	48390885	48407135	9	0.7117
f78feb9a-4ab0-465a-8c5d-e3a75cb1d53e	8	48408191	48618529	119	0.9771
f78feb9a-4ab0-465a-8c5d-e3a75cb1d53e	8	48622701	48835074	131	0.7689
f78feb9a-4ab0-465a-8c5d-e3a75cb1d53e	8	48837246	49595334	450	-0.1981
f78feb9a-4ab0-465a-8c5d-e3a75cb1d53e	8	49595696	49596353	3	0.9892
f78feb9a-4ab0-465a-8c5d-e3a75cb1d53e	8	49598169	49760374	98	-0.1715
f78feb9a-4ab0-465a-8c5d-e3a75cb1d53e	8	49761007	65486190	10125	0.1642
f78feb9a-4ab0-465a-8c5d-e3a75cb1d53e	8	65490951	86255147	12397	0.2311
f78feb9a-4ab0-465a-8c5d-e3a75cb1d53e	8	86256150	88013559	932	-0.1069
f78feb9a-4ab0-465a-8c5d-e3a75cb1d53e	8	88015968	88916697	509	0.3079
f78feb9a-4ab0-465a-8c5d-e3a75cb1d53e	8	88916713	88917248	2	-1.4109
f78feb9a-4ab0-465a-8c5d-e3a75cb1d53e	8	88917766	94545324	3408	0.3434
f78feb9a-4ab0-465a-8c5d-e3a75cb1d53e	8	94545374	94545764	6	1.2146
f78feb9a-4ab0-465a-8c5d-e3a75cb1d53e	8	94545887	98310488	2559	0.3469
f78feb9a-4ab0-465a-8c5d-e3a75cb1d53e	8	98311293	111279265	7704	0.2185
f78feb9a-4ab0-465a-8c5d-e3a75cb1d53e	8	111282050	111283031	10	-0.9443
f78feb9a-4ab0-465a-8c5d-e3a75cb1d53e	8	111288052	128577364	11554	0.1933
f78feb9a-4ab0-465a-8c5d-e3a75cb1d53e	8	128579915	128618704	30	-0.4994
f78feb9a-4ab0-465a-8c5d-e3a75cb1d53e	8	128619295	136369083	5952	0.1923
f78feb9a-4ab0-465a-8c5d-e3a75cb1d53e	8	136369378	136369716	2	-2.7481
f78feb9a-4ab0-465a-8c5d-e3a75cb1d53e	8	136372704	139242601	2363	0.1789
f78feb9a-4ab0-465a-8c5d-e3a75cb1d53e	8	139246009	139246954	5	-1.2494
f78feb9a-4ab0-465a-8c5d-e3a75cb1d53e	8	139247177	145072769	3004	0.2164
f78feb9a-4ab0-465a-8c5d-e3a75cb1d53e	9	46587	925271	901	-0.0288
f78feb9a-4ab0-465a-8c5d-e3a75cb1d53e	9	925305	10637778	9316	0.018
f78feb9a-4ab0-465a-8c5d-e3a75cb1d53e	9	10639459	10640572	6	-1.2919
f78feb9a-4ab0-465a-8c5d-e3a75cb1d53e	9	10640634	39455364	20901	0.0046
f78feb9a-4ab0-465a-8c5d-e3a75cb1d53e	9	39455596	42711956	176	-0.1439
f78feb9a-4ab0-465a-8c5d-e3a75cb1d53e	9	42715233	42715632	2	2.0456
f78feb9a-4ab0-465a-8c5d-e3a75cb1d53e	9	42719891	61550809	58	-0.172
f78feb9a-4ab0-465a-8c5d-e3a75cb1d53e	9	61554116	61665362	18	0.6488
f78feb9a-4ab0-465a-8c5d-e3a75cb1d53e	9	61668104	64587807	107	-0.2359
f78feb9a-4ab0-465a-8c5d-e3a75cb1d53e	9	64603195	73453096	3779	-0.0344
f78feb9a-4ab0-465a-8c5d-e3a75cb1d53e	9	73453546	73473915	12	-0.7178
f78feb9a-4ab0-465a-8c5d-e3a75cb1d53e	9	73476664	87401858	9990	-0.0363
f78feb9a-4ab0-465a-8c5d-e3a75cb1d53e	9	87403450	87403876	4	-1.6199
f78feb9a-4ab0-465a-8c5d-e3a75cb1d53e	9	87404718	138200944	34132	-0.0244
f78feb9a-4ab0-465a-8c5d-e3a75cb1d53e	10	45792	580842	331	0.1778
f78feb9a-4ab0-465a-8c5d-e3a75cb1d53e	10	581271	2695957	1748	0.0202
f78feb9a-4ab0-465a-8c5d-e3a75cb1d53e	10	2696102	2822978	177	0.1771
f78feb9a-4ab0-465a-8c5d-e3a75cb1d53e	10	2826725	2826809	2	-2.0265
f78feb9a-4ab0-465a-8c5d-e3a75cb1d53e	10	2826904	4248622	1309	0.0362
f78feb9a-4ab0-465a-8c5d-e3a75cb1d53e	10	4248646	4248824	3	2.0402
f78feb9a-4ab0-465a-8c5d-e3a75cb1d53e	10	4251879	9149186	4318	0.0338
f78feb9a-4ab0-465a-8c5d-e3a75cb1d53e	10	9152371	15888456	5474	-0.0417
f78feb9a-4ab0-465a-8c5d-e3a75cb1d53e	10	15888627	15888642	2	-2.1473
f78feb9a-4ab0-465a-8c5d-e3a75cb1d53e	10	15888669	25305864	6631	-0.0503
f78feb9a-4ab0-465a-8c5d-e3a75cb1d53e	10	25306444	25311279	3	-1.7614
f78feb9a-4ab0-465a-8c5d-e3a75cb1d53e	10	25312104	42264605	9079	-0.024
f78feb9a-4ab0-465a-8c5d-e3a75cb1d53e	10	42267782	46170858	2386	0.048
f78feb9a-4ab0-465a-8c5d-e3a75cb1d53e	10	46174452	46446817	168	-0.4759
f78feb9a-4ab0-465a-8c5d-e3a75cb1d53e	10	46489651	46526920	19	0.2862
f78feb9a-4ab0-465a-8c5d-e3a75cb1d53e	10	46527206	46657149	28	-0.437
f78feb9a-4ab0-465a-8c5d-e3a75cb1d53e	10	46693480	46810571	9	-1.9977
f78feb9a-4ab0-465a-8c5d-e3a75cb1d53e	10	46836986	47084490	22	-0.0972
f78feb9a-4ab0-465a-8c5d-e3a75cb1d53e	10	47084999	55476397	5643	0.0852
f78feb9a-4ab0-465a-8c5d-e3a75cb1d53e	10	55476906	55476956	2	-1.6923
f78feb9a-4ab0-465a-8c5d-e3a75cb1d53e	10	55477541	64501028	6267	0.0675
f78feb9a-4ab0-465a-8c5d-e3a75cb1d53e	10	64501393	77148452	8037	-0.0381
f78feb9a-4ab0-465a-8c5d-e3a75cb1d53e	10	77152249	80447136	2331	0.0307
f78feb9a-4ab0-465a-8c5d-e3a75cb1d53e	10	80448770	98679531	12261	-0.0463
f78feb9a-4ab0-465a-8c5d-e3a75cb1d53e	10	98680730	116487543	11750	0.0024
f78feb9a-4ab0-465a-8c5d-e3a75cb1d53e	10	116490282	121004162	3246	-0.0355
f78feb9a-4ab0-465a-8c5d-e3a75cb1d53e	10	121011150	121030051	20	-0.732
f78feb9a-4ab0-465a-8c5d-e3a75cb1d53e	10	121030305	121728689	793	-0.0354
f78feb9a-4ab0-465a-8c5d-e3a75cb1d53e	10	121730093	121731243	2	-2.2826
f78feb9a-4ab0-465a-8c5d-e3a75cb1d53e	10	121731354	130379950	6430	-0.0393
f78feb9a-4ab0-465a-8c5d-e3a75cb1d53e	10	130380338	131729330	1166	0.053
f78feb9a-4ab0-465a-8c5d-e3a75cb1d53e	10	131731010	133573736	867	-0.0199
f78feb9a-4ab0-465a-8c5d-e3a75cb1d53e	10	133574363	133574371	2	-4.3017
f78feb9a-4ab0-465a-8c5d-e3a75cb1d53e	10	133576350	133576392	2	-1.3661
f78feb9a-4ab0-465a-8c5d-e3a75cb1d53e	10	133582780	133621047	27	0.2204
f78feb9a-4ab0-465a-8c5d-e3a75cb1d53e	10	133635853	133654968	3	-1.1267
f78feb9a-4ab0-465a-8c5d-e3a75cb1d53e	11	198510	671522	153	-0.0834
f78feb9a-4ab0-465a-8c5d-e3a75cb1d53e	11	672103	4241343	1587	0.0676
f78feb9a-4ab0-465a-8c5d-e3a75cb1d53e	11	4247390	4280146	11	-1.3232
f78feb9a-4ab0-465a-8c5d-e3a75cb1d53e	11	4280161	4949137	671	0.0355
f78feb9a-4ab0-465a-8c5d-e3a75cb1d53e	11	4950775	4952533	14	0.8317
f78feb9a-4ab0-465a-8c5d-e3a75cb1d53e	11	4952633	5851201	896	0.0837
f78feb9a-4ab0-465a-8c5d-e3a75cb1d53e	11	5854637	5862087	5	-2.9192
f78feb9a-4ab0-465a-8c5d-e3a75cb1d53e	11	5864481	23854981	13378	0.0407
f78feb9a-4ab0-465a-8c5d-e3a75cb1d53e	11	23855450	25584298	1235	-0.0777
f78feb9a-4ab0-465a-8c5d-e3a75cb1d53e	11	25587000	25603195	23	-1.1332
f78feb9a-4ab0-465a-8c5d-e3a75cb1d53e	11	25612037	25680327	52	-0.0113
f78feb9a-4ab0-465a-8c5d-e3a75cb1d53e	11	25680643	25685538	9	-0.9387
f78feb9a-4ab0-465a-8c5d-e3a75cb1d53e	11	25685885	25691342	6	0.0357
f78feb9a-4ab0-465a-8c5d-e3a75cb1d53e	11	25691359	25700603	16	-0.7779
f78feb9a-4ab0-465a-8c5d-e3a75cb1d53e	11	25702336	33350730	4956	-0.079
f78feb9a-4ab0-465a-8c5d-e3a75cb1d53e	11	33354059	33459095	74	0.2554
f78feb9a-4ab0-465a-8c5d-e3a75cb1d53e	11	33459363	36942293	2903	-0.0588
f78feb9a-4ab0-465a-8c5d-e3a75cb1d53e	11	36942730	37567227	422	0.0684
f78feb9a-4ab0-465a-8c5d-e3a75cb1d53e	11	37567345	55592042	8019	-0.0546
f78feb9a-4ab0-465a-8c5d-e3a75cb1d53e	11	55592077	55685533	65	0.4687
f78feb9a-4ab0-465a-8c5d-e3a75cb1d53e	11	55686100	61171468	3373	-0.0656
f78feb9a-4ab0-465a-8c5d-e3a75cb1d53e	11	61174023	61175244	2	-3.0271
f78feb9a-4ab0-465a-8c5d-e3a75cb1d53e	11	61175599	135074876	48852	-0.0679
f78feb9a-4ab0-465a-8c5d-e3a75cb1d53e	12	51460	71531	5	-0.6767
f78feb9a-4ab0-465a-8c5d-e3a75cb1d53e	12	81888	3437612	2220	0.1111
f78feb9a-4ab0-465a-8c5d-e3a75cb1d53e	12	3440648	8404097	3367	-0.0876
f78feb9a-4ab0-465a-8c5d-e3a75cb1d53e	12	8405892	8406040	2	3.1139
f78feb9a-4ab0-465a-8c5d-e3a75cb1d53e	12	8406196	9477960	573	-0.0797
f78feb9a-4ab0-465a-8c5d-e3a75cb1d53e	12	9481274	9575696	24	0.9135
f78feb9a-4ab0-465a-8c5d-e3a75cb1d53e	12	9582373	12074287	1857	-0.0914
f78feb9a-4ab0-465a-8c5d-e3a75cb1d53e	12	12075733	14284665	1677	-0.2368
f78feb9a-4ab0-465a-8c5d-e3a75cb1d53e	12	14289032	20991318	4187	-0.0912
f78feb9a-4ab0-465a-8c5d-e3a75cb1d53e	12	20991368	20991608	5	-1.2804
f78feb9a-4ab0-465a-8c5d-e3a75cb1d53e	12	20991644	23930465	1978	-0.0984
f78feb9a-4ab0-465a-8c5d-e3a75cb1d53e	12	23937728	25035865	843	0.221
f78feb9a-4ab0-465a-8c5d-e3a75cb1d53e	12	25037857	25047631	7	1.087
f78feb9a-4ab0-465a-8c5d-e3a75cb1d53e	12	25056830	27749670	2052	0.2033
f78feb9a-4ab0-465a-8c5d-e3a75cb1d53e	12	27752757	28462221	459	0.059
f78feb9a-4ab0-465a-8c5d-e3a75cb1d53e	12	28462300	28848241	280	0.2614
f78feb9a-4ab0-465a-8c5d-e3a75cb1d53e	12	28849029	31206811	1877	0.1749
f78feb9a-4ab0-465a-8c5d-e3a75cb1d53e	12	31207706	34059867	1934	0.2649
f78feb9a-4ab0-465a-8c5d-e3a75cb1d53e	12	34061608	34063312	2	-1.9713
f78feb9a-4ab0-465a-8c5d-e3a75cb1d53e	12	34063370	34650111	221	0.2756
f78feb9a-4ab0-465a-8c5d-e3a75cb1d53e	12	34682719	111432763	46251	-0.0772
f78feb9a-4ab0-465a-8c5d-e3a75cb1d53e	12	111434872	120571395	6391	-0.0364
f78feb9a-4ab0-465a-8c5d-e3a75cb1d53e	12	120571774	123631389	1356	-0.0982
f78feb9a-4ab0-465a-8c5d-e3a75cb1d53e	12	123633221	123642717	12	0.5254
f78feb9a-4ab0-465a-8c5d-e3a75cb1d53e	12	123645377	126574988	2169	-0.0793
f78feb9a-4ab0-465a-8c5d-e3a75cb1d53e	12	126576511	126745649	121	0.2112
f78feb9a-4ab0-465a-8c5d-e3a75cb1d53e	12	126746848	133201603	4866	-0.0596
f78feb9a-4ab0-465a-8c5d-e3a75cb1d53e	13	18452809	18549355	9	0.2401
f78feb9a-4ab0-465a-8c5d-e3a75cb1d53e	13	18561151	24580988	4090	-0.0826
f78feb9a-4ab0-465a-8c5d-e3a75cb1d53e	13	24589082	24599368	6	-1.2367
f78feb9a-4ab0-465a-8c5d-e3a75cb1d53e	13	24602984	25681357	708	-0.0999
f78feb9a-4ab0-465a-8c5d-e3a75cb1d53e	13	25682010	25686861	3	-1.4211
f78feb9a-4ab0-465a-8c5d-e3a75cb1d53e	13	25686975	31957934	4730	-0.0956
f78feb9a-4ab0-465a-8c5d-e3a75cb1d53e	13	31957984	31964286	19	-0.7495
f78feb9a-4ab0-465a-8c5d-e3a75cb1d53e	13	31965910	32196461	158	-0.1027
f78feb9a-4ab0-465a-8c5d-e3a75cb1d53e	13	32199422	32268198	47	0.2775
f78feb9a-4ab0-465a-8c5d-e3a75cb1d53e	13	32271281	37510620	3710	-0.1021
f78feb9a-4ab0-465a-8c5d-e3a75cb1d53e	13	37514193	37514250	3	1.5355
f78feb9a-4ab0-465a-8c5d-e3a75cb1d53e	13	37514472	48324012	7458	-0.0968
f78feb9a-4ab0-465a-8c5d-e3a75cb1d53e	13	48324023	48498394	209	-0.3725
f78feb9a-4ab0-465a-8c5d-e3a75cb1d53e	13	48498429	48957415	353	-0.0766
f78feb9a-4ab0-465a-8c5d-e3a75cb1d53e	13	48959579	48962368	2	-3.5442
f78feb9a-4ab0-465a-8c5d-e3a75cb1d53e	13	48963569	66496910	10054	-0.0871
f78feb9a-4ab0-465a-8c5d-e3a75cb1d53e	13	66498944	66736950	187	-0.0277
f78feb9a-4ab0-465a-8c5d-e3a75cb1d53e	13	66743624	66778455	48	0.3743
f78feb9a-4ab0-465a-8c5d-e3a75cb1d53e	13	66778468	75759565	6019	-0.0092
f78feb9a-4ab0-465a-8c5d-e3a75cb1d53e	13	75759711	75764472	2	-1.9356
f78feb9a-4ab0-465a-8c5d-e3a75cb1d53e	13	75764793	114342922	26283	-0.0132
f78feb9a-4ab0-465a-8c5d-e3a75cb1d53e	14	18239283	19954424	165	-0.2361
f78feb9a-4ab0-465a-8c5d-e3a75cb1d53e	14	19955213	20082381	93	0.1219
f78feb9a-4ab0-465a-8c5d-e3a75cb1d53e	14	20085125	20087037	2	2.6979
f78feb9a-4ab0-465a-8c5d-e3a75cb1d53e	14	20089108	21721018	1080	0.1023
f78feb9a-4ab0-465a-8c5d-e3a75cb1d53e	14	21721065	22651420	812	0.1786
f78feb9a-4ab0-465a-8c5d-e3a75cb1d53e	14	22651807	27586775	3117	0.0729
f78feb9a-4ab0-465a-8c5d-e3a75cb1d53e	14	27590263	41286210	8569	0.1085
f78feb9a-4ab0-465a-8c5d-e3a75cb1d53e	14	41286224	46960548	3293	0.0629
f78feb9a-4ab0-465a-8c5d-e3a75cb1d53e	14	46962776	106877229	38214	-0.0113
f78feb9a-4ab0-465a-8c5d-e3a75cb1d53e	15	19811075	20206773	59	-0.1871
f78feb9a-4ab0-465a-8c5d-e3a75cb1d53e	15	20207225	22595648	158	-0.6262
f78feb9a-4ab0-465a-8c5d-e3a75cb1d53e	15	22606745	24258524	914	-0.1637
f78feb9a-4ab0-465a-8c5d-e3a75cb1d53e	15	24259010	24266888	3	1.396
f78feb9a-4ab0-465a-8c5d-e3a75cb1d53e	15	24269473	24402847	57	-0.2783
f78feb9a-4ab0-465a-8c5d-e3a75cb1d53e	15	24405917	24473026	38	-0.9123
f78feb9a-4ab0-465a-8c5d-e3a75cb1d53e	15	24473449	27678645	2348	-0.1691
f78feb9a-4ab0-465a-8c5d-e3a75cb1d53e	15	27678841	27683648	8	-1.0811
f78feb9a-4ab0-465a-8c5d-e3a75cb1d53e	15	27684001	27962385	215	-0.179
f78feb9a-4ab0-465a-8c5d-e3a75cb1d53e	15	27963288	30077828	1024	-0.0724
f78feb9a-4ab0-465a-8c5d-e3a75cb1d53e	15	30094208	30156392	4	-2.7763
f78feb9a-4ab0-465a-8c5d-e3a75cb1d53e	15	30157841	30608675	34	-0.7809
f78feb9a-4ab0-465a-8c5d-e3a75cb1d53e	15	30621384	47220457	10216	-0.1455
f78feb9a-4ab0-465a-8c5d-e3a75cb1d53e	15	47221056	47227357	7	0.988
f78feb9a-4ab0-465a-8c5d-e3a75cb1d53e	15	47233464	101888922	36393	-0.1437
f78feb9a-4ab0-465a-8c5d-e3a75cb1d53e	15	101894806	101928837	5	-1.5477
f78feb9a-4ab0-465a-8c5d-e3a75cb1d53e	16	10777	19934328	13443	-0.0787
f78feb9a-4ab0-465a-8c5d-e3a75cb1d53e	16	19934486	19954553	27	-0.9002
f78feb9a-4ab0-465a-8c5d-e3a75cb1d53e	16	19956040	22546611	1277	-0.0923
f78feb9a-4ab0-465a-8c5d-e3a75cb1d53e	16	22546990	22693199	71	-0.6116
f78feb9a-4ab0-465a-8c5d-e3a75cb1d53e	16	22699421	35285845	5344	-0.0884
f78feb9a-4ab0-465a-8c5d-e3a75cb1d53e	16	35292890	35600724	172	-0.2731
f78feb9a-4ab0-465a-8c5d-e3a75cb1d53e	16	35601428	55771496	6563	-0.0605
f78feb9a-4ab0-465a-8c5d-e3a75cb1d53e	16	55771643	55774768	3	-2.5456
f78feb9a-4ab0-465a-8c5d-e3a75cb1d53e	16	55775312	83131981	19552	-0.0592
f78feb9a-4ab0-465a-8c5d-e3a75cb1d53e	16	83135094	89842608	5195	-0.2006
f78feb9a-4ab0-465a-8c5d-e3a75cb1d53e	16	89842993	90096867	139	-0.0884
f78feb9a-4ab0-465a-8c5d-e3a75cb1d53e	17	150733	701679	298	0.0269
f78feb9a-4ab0-465a-8c5d-e3a75cb1d53e	17	701749	928980	126	0.4422
f78feb9a-4ab0-465a-8c5d-e3a75cb1d53e	17	929006	8339592	4103	0.0437
f78feb9a-4ab0-465a-8c5d-e3a75cb1d53e	17	8344229	8344415	2	-2.64
f78feb9a-4ab0-465a-8c5d-e3a75cb1d53e	17	8346140	16750987	5929	0.0279
f78feb9a-4ab0-465a-8c5d-e3a75cb1d53e	17	16754017	16834846	11	-0.8164
f78feb9a-4ab0-465a-8c5d-e3a75cb1d53e	17	16838201	18452078	908	-0.0083
f78feb9a-4ab0-465a-8c5d-e3a75cb1d53e	17	18455632	18509244	16	1.0155
f78feb9a-4ab0-465a-8c5d-e3a75cb1d53e	17	18523147	36109315	6833	-0.019
f78feb9a-4ab0-465a-8c5d-e3a75cb1d53e	17	36109735	36157718	35	1.1658
f78feb9a-4ab0-465a-8c5d-e3a75cb1d53e	17	36200725	38824324	1246	-0.0352
f78feb9a-4ab0-465a-8c5d-e3a75cb1d53e	17	38825619	41265456	1277	0.2405
f78feb9a-4ab0-465a-8c5d-e3a75cb1d53e	17	41266762	41274198	23	1.3575
f78feb9a-4ab0-465a-8c5d-e3a75cb1d53e	17	41274279	41307306	40	0.1712
f78feb9a-4ab0-465a-8c5d-e3a75cb1d53e	17	41314088	46114412	2477	-0.0446
f78feb9a-4ab0-465a-8c5d-e3a75cb1d53e	17	46117997	46273919	97	-0.3779
f78feb9a-4ab0-465a-8c5d-e3a75cb1d53e	17	46274320	49139844	1269	-0.0051
f78feb9a-4ab0-465a-8c5d-e3a75cb1d53e	17	49140404	52246854	1876	0.2772
f78feb9a-4ab0-465a-8c5d-e3a75cb1d53e	17	52247564	74331995	14015	0.0103
f78feb9a-4ab0-465a-8c5d-e3a75cb1d53e	17	74334817	74553618	114	0.2247
f78feb9a-4ab0-465a-8c5d-e3a75cb1d53e	17	74554474	83091923	4286	0.0319
f78feb9a-4ab0-465a-8c5d-e3a75cb1d53e	18	48133	259502	75	-0.1003
f78feb9a-4ab0-465a-8c5d-e3a75cb1d53e	18	263834	25447880	12921	0.0763
f78feb9a-4ab0-465a-8c5d-e3a75cb1d53e	18	25449018	66024257	27231	-0.1619
f78feb9a-4ab0-465a-8c5d-e3a75cb1d53e	18	66024532	66065631	37	0.3379
f78feb9a-4ab0-465a-8c5d-e3a75cb1d53e	18	66065646	80257174	10404	-0.1521
f78feb9a-4ab0-465a-8c5d-e3a75cb1d53e	19	90910	988652	194	-0.036
f78feb9a-4ab0-465a-8c5d-e3a75cb1d53e	19	988812	23877761	10698	-0.1146
f78feb9a-4ab0-465a-8c5d-e3a75cb1d53e	19	23884154	28836086	1147	0.0032
f78feb9a-4ab0-465a-8c5d-e3a75cb1d53e	19	28837948	28969818	134	0.1104
f78feb9a-4ab0-465a-8c5d-e3a75cb1d53e	19	28974413	29370800	346	0.2831
f78feb9a-4ab0-465a-8c5d-e3a75cb1d53e	19	29370975	33011732	2602	0.3512
f78feb9a-4ab0-465a-8c5d-e3a75cb1d53e	19	33016875	34170335	786	0.1897
f78feb9a-4ab0-465a-8c5d-e3a75cb1d53e	19	34170792	35365693	785	0.3024
f78feb9a-4ab0-465a-8c5d-e3a75cb1d53e	19	35365759	35712091	208	0.2268
f78feb9a-4ab0-465a-8c5d-e3a75cb1d53e	19	35713102	36265950	236	0.4842
f78feb9a-4ab0-465a-8c5d-e3a75cb1d53e	19	36267995	36355726	13	0.9783
f78feb9a-4ab0-465a-8c5d-e3a75cb1d53e	19	36355779	36786085	270	0.5384
f78feb9a-4ab0-465a-8c5d-e3a75cb1d53e	19	36789022	42786621	2972	0.2412
f78feb9a-4ab0-465a-8c5d-e3a75cb1d53e	19	42790238	43033226	111	-0.2647
f78feb9a-4ab0-465a-8c5d-e3a75cb1d53e	19	43034626	44401739	837	0.2378
f78feb9a-4ab0-465a-8c5d-e3a75cb1d53e	19	44402359	44402382	2	-2.5231
f78feb9a-4ab0-465a-8c5d-e3a75cb1d53e	19	44402845	44420623	8	0.7358
f78feb9a-4ab0-465a-8c5d-e3a75cb1d53e	19	44420693	44653320	185	0.1848
f78feb9a-4ab0-465a-8c5d-e3a75cb1d53e	19	44661386	53653190	4639	-0.0274
f78feb9a-4ab0-465a-8c5d-e3a75cb1d53e	19	53654327	53656118	2	-2.746
f78feb9a-4ab0-465a-8c5d-e3a75cb1d53e	19	53657915	55760777	1061	-0.0576
f78feb9a-4ab0-465a-8c5d-e3a75cb1d53e	19	55761691	55771701	6	-1.2116
f78feb9a-4ab0-465a-8c5d-e3a75cb1d53e	19	55774927	58586487	1831	-0.0319
f78feb9a-4ab0-465a-8c5d-e3a75cb1d53e	20	80664	875423	615	0.2058
f78feb9a-4ab0-465a-8c5d-e3a75cb1d53e	20	876331	876628	3	-1.221
f78feb9a-4ab0-465a-8c5d-e3a75cb1d53e	20	876734	1587007	589	0.1706
f78feb9a-4ab0-465a-8c5d-e3a75cb1d53e	20	1587075	1617300	38	-0.3386
f78feb9a-4ab0-465a-8c5d-e3a75cb1d53e	20	1617460	61002491	39324	0.1184
f78feb9a-4ab0-465a-8c5d-e3a75cb1d53e	20	61002724	61002871	2	-2.0941
f78feb9a-4ab0-465a-8c5d-e3a75cb1d53e	20	61002911	64324800	1775	0.1222
f78feb9a-4ab0-465a-8c5d-e3a75cb1d53e	21	10354168	14006460	327	-0.1949
f78feb9a-4ab0-465a-8c5d-e3a75cb1d53e	21	14007481	21834777	5639	-0.0369
f78feb9a-4ab0-465a-8c5d-e3a75cb1d53e	21	21837285	22198161	279	0.5235
f78feb9a-4ab0-465a-8c5d-e3a75cb1d53e	21	22198989	22816458	434	-0.0032
f78feb9a-4ab0-465a-8c5d-e3a75cb1d53e	21	22816536	23525007	576	0.5224
f78feb9a-4ab0-465a-8c5d-e3a75cb1d53e	21	23528001	30019457	4920	-0.0329
f78feb9a-4ab0-465a-8c5d-e3a75cb1d53e	21	30019862	30413827	285	0.383
f78feb9a-4ab0-465a-8c5d-e3a75cb1d53e	21	30414450	36177818	4006	-0.0343
f78feb9a-4ab0-465a-8c5d-e3a75cb1d53e	21	36177998	36178019	2	-2.003
f78feb9a-4ab0-465a-8c5d-e3a75cb1d53e	21	36178108	38340315	1461	-0.0356
f78feb9a-4ab0-465a-8c5d-e3a75cb1d53e	21	38343763	39053028	824	0.4816
f78feb9a-4ab0-465a-8c5d-e3a75cb1d53e	21	39053157	39305389	177	0.2558
f78feb9a-4ab0-465a-8c5d-e3a75cb1d53e	21	39305548	39909539	487	0.4939
f78feb9a-4ab0-465a-8c5d-e3a75cb1d53e	21	39910843	46677045	4420	-0.0202
f78feb9a-4ab0-465a-8c5d-e3a75cb1d53e	22	15294547	19311977	1383	-0.1535
f78feb9a-4ab0-465a-8c5d-e3a75cb1d53e	22	19316101	26592386	5122	0.1628
f78feb9a-4ab0-465a-8c5d-e3a75cb1d53e	22	26594843	26965001	341	-0.1618
f78feb9a-4ab0-465a-8c5d-e3a75cb1d53e	22	26965502	29855861	2074	0.1483
f78feb9a-4ab0-465a-8c5d-e3a75cb1d53e	22	29859681	30381985	289	-0.1438
f78feb9a-4ab0-465a-8c5d-e3a75cb1d53e	22	30383778	32131650	988	0.1408
f78feb9a-4ab0-465a-8c5d-e3a75cb1d53e	22	32134861	32793473	528	-0.1564
f78feb9a-4ab0-465a-8c5d-e3a75cb1d53e	22	32795358	33332496	472	0.1049
f78feb9a-4ab0-465a-8c5d-e3a75cb1d53e	22	33333777	36048140	2296	-0.1565
f78feb9a-4ab0-465a-8c5d-e3a75cb1d53e	22	36048271	36049544	4	-1.8023
f78feb9a-4ab0-465a-8c5d-e3a75cb1d53e	22	36052299	50796027	9735	-0.1394
f78feb9a-4ab0-465a-8c5d-e3a75cb1d53e	X	251810	37436959	22970	-0.1891
f78feb9a-4ab0-465a-8c5d-e3a75cb1d53e	X	37437055	44064428	3843	0.1291
f78feb9a-4ab0-465a-8c5d-e3a75cb1d53e	X	44065195	44066236	2	-4.8196
f78feb9a-4ab0-465a-8c5d-e3a75cb1d53e	X	44066638	121840388	36508	0.1328
f78feb9a-4ab0-465a-8c5d-e3a75cb1d53e	X	121843144	121843526	3	-5.3136
f78feb9a-4ab0-465a-8c5d-e3a75cb1d53e	X	121843830	129412666	4468	0.1505
f78feb9a-4ab0-465a-8c5d-e3a75cb1d53e	X	129416524	134495484	2622	-0.2013
f78feb9a-4ab0-465a-8c5d-e3a75cb1d53e	X	134496166	135635498	593	0.1601
f78feb9a-4ab0-465a-8c5d-e3a75cb1d53e	X	135635533	135635671	2	-5.3966
f78feb9a-4ab0-465a-8c5d-e3a75cb1d53e	X	135638841	137343007	922	0.1546
f78feb9a-4ab0-465a-8c5d-e3a75cb1d53e	X	137347067	141282746	2406	-0.1975
f78feb9a-4ab0-465a-8c5d-e3a75cb1d53e	X	141283417	151708283	6970	0.1011
f78feb9a-4ab0-465a-8c5d-e3a75cb1d53e	X	151709072	151709481	3	-5.1629
f78feb9a-4ab0-465a-8c5d-e3a75cb1d53e	X	151709740	153033320	815	0.1086
f78feb9a-4ab0-465a-8c5d-e3a75cb1d53e	X	153033368	153037475	7	-3.5663
f78feb9a-4ab0-465a-8c5d-e3a75cb1d53e	X	153042014	155952689	1127	0.1638
f78feb9a-4ab0-465a-8c5d-e3a75cb1d53e	Y	2782397	56872112	6632	-1.4541
