GDC_Aliquot	Chromosome	Start	End	Num_Probes	Segment_Mean
91ba4148-4465-42bf-bc0b-c4d5da54e647	1	62920	826738	36	-0.2828
91ba4148-4465-42bf-bc0b-c4d5da54e647	1	833413	3257446	684	0.1463
91ba4148-4465-42bf-bc0b-c4d5da54e647	1	3259074	16542868	7903	0.0293
91ba4148-4465-42bf-bc0b-c4d5da54e647	1	16544783	16679239	31	0.5107
91ba4148-4465-42bf-bc0b-c4d5da54e647	1	16679281	16864367	27	0.1019
91ba4148-4465-42bf-bc0b-c4d5da54e647	1	16868660	16951445	55	-0.3863
91ba4148-4465-42bf-bc0b-c4d5da54e647	1	16955930	109684893	57539	0.0172
91ba4148-4465-42bf-bc0b-c4d5da54e647	1	109690352	109702376	14	1.0395
91ba4148-4465-42bf-bc0b-c4d5da54e647	1	109703504	110834746	835	0.0235
91ba4148-4465-42bf-bc0b-c4d5da54e647	1	110834943	110845604	38	-0.6469
91ba4148-4465-42bf-bc0b-c4d5da54e647	1	110849445	112147704	1071	0.0014
91ba4148-4465-42bf-bc0b-c4d5da54e647	1	112153343	112154619	23	-0.4751
91ba4148-4465-42bf-bc0b-c4d5da54e647	1	112154754	152583291	7593	0.0242
91ba4148-4465-42bf-bc0b-c4d5da54e647	1	152583319	152613762	29	1.8159
91ba4148-4465-42bf-bc0b-c4d5da54e647	1	152613802	246109843	63705	0.0157
91ba4148-4465-42bf-bc0b-c4d5da54e647	1	246109865	246118246	6	-1.4366
91ba4148-4465-42bf-bc0b-c4d5da54e647	1	246118284	248930189	1655	-0.0013
91ba4148-4465-42bf-bc0b-c4d5da54e647	2	12784	14565932	11016	0.0212
91ba4148-4465-42bf-bc0b-c4d5da54e647	2	14566145	14569968	10	-1.1017
91ba4148-4465-42bf-bc0b-c4d5da54e647	2	14570240	24376380	6856	0.0163
91ba4148-4465-42bf-bc0b-c4d5da54e647	2	24378642	24388259	19	-0.6257
91ba4148-4465-42bf-bc0b-c4d5da54e647	2	24388858	34295406	6034	0.0193
91ba4148-4465-42bf-bc0b-c4d5da54e647	2	34298911	34300513	2	-1.9582
91ba4148-4465-42bf-bc0b-c4d5da54e647	2	34300900	34474248	96	0.0396
91ba4148-4465-42bf-bc0b-c4d5da54e647	2	34476327	34502800	43	-0.465
91ba4148-4465-42bf-bc0b-c4d5da54e647	2	34511446	179548644	86618	0.0112
91ba4148-4465-42bf-bc0b-c4d5da54e647	2	179553484	179557179	28	-0.6933
91ba4148-4465-42bf-bc0b-c4d5da54e647	2	179557394	207485467	16390	0.0102
91ba4148-4465-42bf-bc0b-c4d5da54e647	2	207485523	207485538	2	-2.4258
91ba4148-4465-42bf-bc0b-c4d5da54e647	2	207485595	241546649	21860	0.0177
91ba4148-4465-42bf-bc0b-c4d5da54e647	2	241546809	241557869	9	-0.8619
91ba4148-4465-42bf-bc0b-c4d5da54e647	2	241557968	242147305	174	0.053
91ba4148-4465-42bf-bc0b-c4d5da54e647	3	20930	45501733	32243	0.013
91ba4148-4465-42bf-bc0b-c4d5da54e647	3	45504132	45506253	2	-3.5654
91ba4148-4465-42bf-bc0b-c4d5da54e647	3	45507971	60193194	8544	0.0236
91ba4148-4465-42bf-bc0b-c4d5da54e647	3	60193731	60196416	2	-1.4714
91ba4148-4465-42bf-bc0b-c4d5da54e647	3	60196671	65202778	4397	0.0157
91ba4148-4465-42bf-bc0b-c4d5da54e647	3	65203560	65224777	52	-0.6465
91ba4148-4465-42bf-bc0b-c4d5da54e647	3	65230674	68697013	2417	0.0001
91ba4148-4465-42bf-bc0b-c4d5da54e647	3	68697108	68698262	14	-1.4148
91ba4148-4465-42bf-bc0b-c4d5da54e647	3	68699607	99218940	15879	0.0125
91ba4148-4465-42bf-bc0b-c4d5da54e647	3	99225614	99230577	38	-0.4744
91ba4148-4465-42bf-bc0b-c4d5da54e647	3	99232120	130047743	18664	0.0154
91ba4148-4465-42bf-bc0b-c4d5da54e647	3	130057015	130088081	37	0.5479
91ba4148-4465-42bf-bc0b-c4d5da54e647	3	130088155	153288737	14476	0.0151
91ba4148-4465-42bf-bc0b-c4d5da54e647	3	153288917	153289471	2	-2.0479
91ba4148-4465-42bf-bc0b-c4d5da54e647	3	153292085	162807070	5743	0.0114
91ba4148-4465-42bf-bc0b-c4d5da54e647	3	162810842	162822685	9	-1.0496
91ba4148-4465-42bf-bc0b-c4d5da54e647	3	162822702	171741390	5221	0.0062
91ba4148-4465-42bf-bc0b-c4d5da54e647	3	171741756	171743153	2	-1.559
91ba4148-4465-42bf-bc0b-c4d5da54e647	3	171743942	198169247	16650	0.0191
91ba4148-4465-42bf-bc0b-c4d5da54e647	4	68929	605741	224	0.0316
91ba4148-4465-42bf-bc0b-c4d5da54e647	4	606483	935635	103	0.2496
91ba4148-4465-42bf-bc0b-c4d5da54e647	4	936090	9455251	4820	0.0308
91ba4148-4465-42bf-bc0b-c4d5da54e647	4	9459504	9477560	5	1.1025
91ba4148-4465-42bf-bc0b-c4d5da54e647	4	9477699	10208766	541	0.0076
91ba4148-4465-42bf-bc0b-c4d5da54e647	4	10212536	10229173	23	1.3121
91ba4148-4465-42bf-bc0b-c4d5da54e647	4	10229188	10233644	13	0.6728
91ba4148-4465-42bf-bc0b-c4d5da54e647	4	10234518	10389091	170	-0.0178
91ba4148-4465-42bf-bc0b-c4d5da54e647	4	10390730	10399044	16	-2.0696
91ba4148-4465-42bf-bc0b-c4d5da54e647	4	10401094	34777432	16751	0.0048
91ba4148-4465-42bf-bc0b-c4d5da54e647	4	34784878	34828306	41	-0.4904
91ba4148-4465-42bf-bc0b-c4d5da54e647	4	34828327	49501768	8948	0.0136
91ba4148-4465-42bf-bc0b-c4d5da54e647	4	49508382	49582092	3	-1.44
91ba4148-4465-42bf-bc0b-c4d5da54e647	4	49587131	54635561	1835	0.0145
91ba4148-4465-42bf-bc0b-c4d5da54e647	4	54635754	54639193	2	-2.6781
91ba4148-4465-42bf-bc0b-c4d5da54e647	4	54639766	154881396	60339	0.0102
91ba4148-4465-42bf-bc0b-c4d5da54e647	4	154881853	154881926	3	-2.554
91ba4148-4465-42bf-bc0b-c4d5da54e647	4	154882047	156047028	842	0.014
91ba4148-4465-42bf-bc0b-c4d5da54e647	4	156047131	156047146	2	-1.6689
91ba4148-4465-42bf-bc0b-c4d5da54e647	4	156047321	160131622	2438	0.0083
91ba4148-4465-42bf-bc0b-c4d5da54e647	4	160132439	160149637	38	-0.8769
91ba4148-4465-42bf-bc0b-c4d5da54e647	4	160162718	171447291	7246	0.0156
91ba4148-4465-42bf-bc0b-c4d5da54e647	4	171447380	171456307	11	-0.6124
91ba4148-4465-42bf-bc0b-c4d5da54e647	4	171456559	189267889	12105	0.0137
91ba4148-4465-42bf-bc0b-c4d5da54e647	4	189273964	189278110	4	-2.1161
91ba4148-4465-42bf-bc0b-c4d5da54e647	4	189278617	190106768	350	0.039
91ba4148-4465-42bf-bc0b-c4d5da54e647	5	15532	1871766	916	0.0917
91ba4148-4465-42bf-bc0b-c4d5da54e647	5	1872215	7169363	4792	0.0195
91ba4148-4465-42bf-bc0b-c4d5da54e647	5	7177225	7189812	26	-0.8986
91ba4148-4465-42bf-bc0b-c4d5da54e647	5	7202522	46271006	24861	0.0134
91ba4148-4465-42bf-bc0b-c4d5da54e647	5	46271828	46273400	6	-2.2378
91ba4148-4465-42bf-bc0b-c4d5da54e647	5	46278110	156048089	65219	0.0126
91ba4148-4465-42bf-bc0b-c4d5da54e647	5	156048092	156073982	21	-0.5047
91ba4148-4465-42bf-bc0b-c4d5da54e647	5	156075169	181363319	16752	0.0259
91ba4148-4465-42bf-bc0b-c4d5da54e647	6	149661	254283	101	0.0605
91ba4148-4465-42bf-bc0b-c4d5da54e647	6	257353	381149	101	0.379
91ba4148-4465-42bf-bc0b-c4d5da54e647	6	382559	6025978	4633	0.0313
91ba4148-4465-42bf-bc0b-c4d5da54e647	6	6033698	6034203	3	-2.6918
91ba4148-4465-42bf-bc0b-c4d5da54e647	6	6036812	29882589	16789	0.0151
91ba4148-4465-42bf-bc0b-c4d5da54e647	6	29882603	29933799	17	-0.7006
91ba4148-4465-42bf-bc0b-c4d5da54e647	6	29940692	31309909	639	0.0244
91ba4148-4465-42bf-bc0b-c4d5da54e647	6	31313046	31328674	12	-1.3255
91ba4148-4465-42bf-bc0b-c4d5da54e647	6	31342147	32502142	506	0.0427
91ba4148-4465-42bf-bc0b-c4d5da54e647	6	32502190	32541699	13	1.3353
91ba4148-4465-42bf-bc0b-c4d5da54e647	6	32549151	54066353	13715	0.0194
91ba4148-4465-42bf-bc0b-c4d5da54e647	6	54066432	54067057	6	-1.335
91ba4148-4465-42bf-bc0b-c4d5da54e647	6	54070550	66890630	5808	0.0081
91ba4148-4465-42bf-bc0b-c4d5da54e647	6	66892758	66901716	4	-1.3636
91ba4148-4465-42bf-bc0b-c4d5da54e647	6	66901872	73882142	4547	0.0111
91ba4148-4465-42bf-bc0b-c4d5da54e647	6	73882509	73887625	9	0.7402
91ba4148-4465-42bf-bc0b-c4d5da54e647	6	73891694	76726815	1763	0.027
91ba4148-4465-42bf-bc0b-c4d5da54e647	6	76730151	76758214	23	0.4788
91ba4148-4465-42bf-bc0b-c4d5da54e647	6	76758749	78253172	973	0.0105
91ba4148-4465-42bf-bc0b-c4d5da54e647	6	78259348	78322875	108	-0.485
91ba4148-4465-42bf-bc0b-c4d5da54e647	6	78325223	80568270	1425	0.0132
91ba4148-4465-42bf-bc0b-c4d5da54e647	6	80574472	80584624	34	-0.6872
91ba4148-4465-42bf-bc0b-c4d5da54e647	6	80584682	103286954	13971	0.0118
91ba4148-4465-42bf-bc0b-c4d5da54e647	6	103290101	103314186	46	0.5803
91ba4148-4465-42bf-bc0b-c4d5da54e647	6	103317795	170741917	44073	0.0157
91ba4148-4465-42bf-bc0b-c4d5da54e647	7	43355	67164253	42117	0.0174
91ba4148-4465-42bf-bc0b-c4d5da54e647	7	67164342	67204078	15	-1.0065
91ba4148-4465-42bf-bc0b-c4d5da54e647	7	67207129	67233947	8	-0.3246
91ba4148-4465-42bf-bc0b-c4d5da54e647	7	67234797	87509216	11559	0.0117
91ba4148-4465-42bf-bc0b-c4d5da54e647	7	87509329	87510000	3	-1.5008
91ba4148-4465-42bf-bc0b-c4d5da54e647	7	87511845	97756621	6470	0.0047
91ba4148-4465-42bf-bc0b-c4d5da54e647	7	97756658	97773163	17	-0.7205
91ba4148-4465-42bf-bc0b-c4d5da54e647	7	97774928	144199159	27786	0.0189
91ba4148-4465-42bf-bc0b-c4d5da54e647	7	144207186	144312471	11	0.8646
91ba4148-4465-42bf-bc0b-c4d5da54e647	7	144326306	159324952	9613	0.0245
91ba4148-4465-42bf-bc0b-c4d5da54e647	7	159325204	159334314	12	-0.8557
91ba4148-4465-42bf-bc0b-c4d5da54e647	8	81254	102980362	67416	0.0163
91ba4148-4465-42bf-bc0b-c4d5da54e647	8	102982683	102983595	2	-2.9838
91ba4148-4465-42bf-bc0b-c4d5da54e647	8	102985207	140821776	25946	0.0114
91ba4148-4465-42bf-bc0b-c4d5da54e647	8	140821890	142770337	1075	0.0877
91ba4148-4465-42bf-bc0b-c4d5da54e647	8	142775847	142793177	3	-1.7924
91ba4148-4465-42bf-bc0b-c4d5da54e647	8	142798511	144198748	472	0.0237
91ba4148-4465-42bf-bc0b-c4d5da54e647	8	144200300	144972776	296	0.1856
91ba4148-4465-42bf-bc0b-c4d5da54e647	8	144973728	145072769	53	0.0408
91ba4148-4465-42bf-bc0b-c4d5da54e647	9	46587	41569588	31163	0.0111
91ba4148-4465-42bf-bc0b-c4d5da54e647	9	41569590	64800092	261	-0.1317
91ba4148-4465-42bf-bc0b-c4d5da54e647	9	64813222	77154478	6550	0.0167
91ba4148-4465-42bf-bc0b-c4d5da54e647	9	77155482	77161448	25	0.6596
91ba4148-4465-42bf-bc0b-c4d5da54e647	9	77162152	91639924	10341	0.0129
91ba4148-4465-42bf-bc0b-c4d5da54e647	9	91639986	91641163	15	-0.8969
91ba4148-4465-42bf-bc0b-c4d5da54e647	9	91641263	100687761	5624	0.0235
91ba4148-4465-42bf-bc0b-c4d5da54e647	9	100687935	104036660	2414	-0.019
91ba4148-4465-42bf-bc0b-c4d5da54e647	9	104036916	138200944	22897	0.0213
91ba4148-4465-42bf-bc0b-c4d5da54e647	10	45792	5204122	4452	0.0155
91ba4148-4465-42bf-bc0b-c4d5da54e647	10	5204548	5207414	11	-1.4235
91ba4148-4465-42bf-bc0b-c4d5da54e647	10	5209092	24086334	14675	0.0162
91ba4148-4465-42bf-bc0b-c4d5da54e647	10	24088745	24089125	11	-1.7523
91ba4148-4465-42bf-bc0b-c4d5da54e647	10	24089979	46522514	12444	0.0207
91ba4148-4465-42bf-bc0b-c4d5da54e647	10	46522571	46526061	11	-0.7229
91ba4148-4465-42bf-bc0b-c4d5da54e647	10	46526086	50070600	1721	0.0298
91ba4148-4465-42bf-bc0b-c4d5da54e647	10	50081224	50132160	4	-1.8298
91ba4148-4465-42bf-bc0b-c4d5da54e647	10	50144008	55892809	4283	0.0072
91ba4148-4465-42bf-bc0b-c4d5da54e647	10	55894322	55894343	2	-1.8727
91ba4148-4465-42bf-bc0b-c4d5da54e647	10	55895847	131048126	51365	0.0155
91ba4148-4465-42bf-bc0b-c4d5da54e647	10	131050769	131050965	2	-1.6828
91ba4148-4465-42bf-bc0b-c4d5da54e647	10	131051219	131698817	513	0.0499
91ba4148-4465-42bf-bc0b-c4d5da54e647	10	131699949	131701781	3	-1.2449
91ba4148-4465-42bf-bc0b-c4d5da54e647	10	131703613	133654968	932	0.0644
91ba4148-4465-42bf-bc0b-c4d5da54e647	11	198510	4946420	2412	0.0289
91ba4148-4465-42bf-bc0b-c4d5da54e647	11	4947280	4954475	28	-1.4716
91ba4148-4465-42bf-bc0b-c4d5da54e647	11	4955027	64901633	37142	0.0145
91ba4148-4465-42bf-bc0b-c4d5da54e647	11	64914855	65925596	401	0.1413
91ba4148-4465-42bf-bc0b-c4d5da54e647	11	65927337	81533592	8774	0.0206
91ba4148-4465-42bf-bc0b-c4d5da54e647	11	81533775	81541666	2	-1.6094
91ba4148-4465-42bf-bc0b-c4d5da54e647	11	81548077	81792426	221	-0.0447
91ba4148-4465-42bf-bc0b-c4d5da54e647	11	81792950	81806116	10	-4.1925
91ba4148-4465-42bf-bc0b-c4d5da54e647	11	81811590	135074876	37593	0.0148
91ba4148-4465-42bf-bc0b-c4d5da54e647	12	51460	133201603	84643	0.0161
91ba4148-4465-42bf-bc0b-c4d5da54e647	13	18452809	38921071	14488	0.018
91ba4148-4465-42bf-bc0b-c4d5da54e647	13	38921126	38921639	2	-1.8943
91ba4148-4465-42bf-bc0b-c4d5da54e647	13	38921672	114342922	49455	0.0113
91ba4148-4465-42bf-bc0b-c4d5da54e647	14	18239283	19078442	32	0.1097
91ba4148-4465-42bf-bc0b-c4d5da54e647	14	19110634	19957350	137	-0.4152
91ba4148-4465-42bf-bc0b-c4d5da54e647	14	19957701	41139155	13552	0.0168
91ba4148-4465-42bf-bc0b-c4d5da54e647	14	41141293	41188046	14	-0.788
91ba4148-4465-42bf-bc0b-c4d5da54e647	14	41188146	45524174	2497	0.0027
91ba4148-4465-42bf-bc0b-c4d5da54e647	14	45530967	45590612	40	-0.8193
91ba4148-4465-42bf-bc0b-c4d5da54e647	14	45590672	73534419	17869	0.0123
91ba4148-4465-42bf-bc0b-c4d5da54e647	14	73540003	73563211	10	1.2047
91ba4148-4465-42bf-bc0b-c4d5da54e647	14	73564027	106294689	20812	0.0212
91ba4148-4465-42bf-bc0b-c4d5da54e647	14	106297265	106297273	3	-1.517
91ba4148-4465-42bf-bc0b-c4d5da54e647	14	106297409	106416146	51	0.0361
91ba4148-4465-42bf-bc0b-c4d5da54e647	14	106418444	106462144	47	-0.4165
91ba4148-4465-42bf-bc0b-c4d5da54e647	14	106462169	106877229	197	0.0688
91ba4148-4465-42bf-bc0b-c4d5da54e647	15	19811075	20267598	67	-0.0413
91ba4148-4465-42bf-bc0b-c4d5da54e647	15	20283083	22576496	146	-0.4217
91ba4148-4465-42bf-bc0b-c4d5da54e647	15	22582296	34421922	7198	0.0221
91ba4148-4465-42bf-bc0b-c4d5da54e647	15	34430601	34585564	72	0.5445
91ba4148-4465-42bf-bc0b-c4d5da54e647	15	34586942	101928837	43954	0.0156
91ba4148-4465-42bf-bc0b-c4d5da54e647	16	10777	1515717	484	0.1427
91ba4148-4465-42bf-bc0b-c4d5da54e647	16	1516381	19932678	12953	0.0238
91ba4148-4465-42bf-bc0b-c4d5da54e647	16	19933041	19958932	31	-0.658
91ba4148-4465-42bf-bc0b-c4d5da54e647	16	19959168	29643281	5612	0.0338
91ba4148-4465-42bf-bc0b-c4d5da54e647	16	29644772	29644788	2	-2.294
91ba4148-4465-42bf-bc0b-c4d5da54e647	16	29644889	29910752	84	0.071
91ba4148-4465-42bf-bc0b-c4d5da54e647	16	29915143	30131762	75	0.2155
91ba4148-4465-42bf-bc0b-c4d5da54e647	16	30133575	78337711	21917	0.0166
91ba4148-4465-42bf-bc0b-c4d5da54e647	16	78338543	78350868	17	0.8897
91ba4148-4465-42bf-bc0b-c4d5da54e647	16	78351104	83914058	6267	0.0244
91ba4148-4465-42bf-bc0b-c4d5da54e647	16	83915933	84697224	695	0.1242
91ba4148-4465-42bf-bc0b-c4d5da54e647	16	84703845	85188965	395	0.0459
91ba4148-4465-42bf-bc0b-c4d5da54e647	16	85194735	85195056	2	-1.3369
91ba4148-4465-42bf-bc0b-c4d5da54e647	16	85195415	88584812	2581	0.0326
91ba4148-4465-42bf-bc0b-c4d5da54e647	16	88588122	90096867	649	0.162
91ba4148-4465-42bf-bc0b-c4d5da54e647	17	150733	1278872	562	0.1225
91ba4148-4465-42bf-bc0b-c4d5da54e647	17	1297910	16750987	9888	0.0232
91ba4148-4465-42bf-bc0b-c4d5da54e647	17	16754017	16819487	10	0.6265
91ba4148-4465-42bf-bc0b-c4d5da54e647	17	16834846	18452078	910	0.0192
91ba4148-4465-42bf-bc0b-c4d5da54e647	17	18455632	18561272	25	-1.4215
91ba4148-4465-42bf-bc0b-c4d5da54e647	17	18561907	41258395	9375	0.0285
91ba4148-4465-42bf-bc0b-c4d5da54e647	17	41262120	41274279	27	-0.378
91ba4148-4465-42bf-bc0b-c4d5da54e647	17	41276472	46080231	2493	0.0351
91ba4148-4465-42bf-bc0b-c4d5da54e647	17	46084501	46569894	134	0.2651
91ba4148-4465-42bf-bc0b-c4d5da54e647	17	46571001	73840460	16780	0.0212
91ba4148-4465-42bf-bc0b-c4d5da54e647	17	73840477	74667628	541	0.1116
91ba4148-4465-42bf-bc0b-c4d5da54e647	17	74668676	83091923	4195	0.0397
91ba4148-4465-42bf-bc0b-c4d5da54e647	18	48133	11176381	8198	0.0214
91ba4148-4465-42bf-bc0b-c4d5da54e647	18	11176927	11177109	2	-1.7534
91ba4148-4465-42bf-bc0b-c4d5da54e647	18	11180662	28613464	6821	0.0172
91ba4148-4465-42bf-bc0b-c4d5da54e647	18	28613572	28616166	5	-1.1086
91ba4148-4465-42bf-bc0b-c4d5da54e647	18	28616668	42471713	8928	0.0105
91ba4148-4465-42bf-bc0b-c4d5da54e647	18	42476604	42482352	29	-0.655
91ba4148-4465-42bf-bc0b-c4d5da54e647	18	42485248	66095064	16277	0.0133
91ba4148-4465-42bf-bc0b-c4d5da54e647	18	66099904	66100686	3	-1.6112
91ba4148-4465-42bf-bc0b-c4d5da54e647	18	66108359	69076108	2161	0.0108
91ba4148-4465-42bf-bc0b-c4d5da54e647	18	69078869	69090917	44	-0.7153
91ba4148-4465-42bf-bc0b-c4d5da54e647	18	69090932	79373383	7738	0.0038
91ba4148-4465-42bf-bc0b-c4d5da54e647	18	79379494	80257174	413	0.1088
91ba4148-4465-42bf-bc0b-c4d5da54e647	19	90910	20411869	8917	0.0402
91ba4148-4465-42bf-bc0b-c4d5da54e647	19	20413400	20538428	70	-0.733
91ba4148-4465-42bf-bc0b-c4d5da54e647	19	20538656	35364547	7709	0.0266
91ba4148-4465-42bf-bc0b-c4d5da54e647	19	35365141	35370767	17	-0.4931
91ba4148-4465-42bf-bc0b-c4d5da54e647	19	35370877	43193181	3862	0.0341
91ba4148-4465-42bf-bc0b-c4d5da54e647	19	43198881	43252085	22	-0.688
91ba4148-4465-42bf-bc0b-c4d5da54e647	19	43262507	58586487	8482	0.0416
91ba4148-4465-42bf-bc0b-c4d5da54e647	20	80664	1586808	1206	0.0294
91ba4148-4465-42bf-bc0b-c4d5da54e647	20	1587007	1618432	44	-0.5067
91ba4148-4465-42bf-bc0b-c4d5da54e647	20	1618496	15320728	10358	0.0164
91ba4148-4465-42bf-bc0b-c4d5da54e647	20	15321256	15321728	3	-1.9985
91ba4148-4465-42bf-bc0b-c4d5da54e647	20	15324612	15327324	3	0.5747
91ba4148-4465-42bf-bc0b-c4d5da54e647	20	15330724	55011835	24081	0.0217
91ba4148-4465-42bf-bc0b-c4d5da54e647	20	55014924	55015040	2	-1.6461
91ba4148-4465-42bf-bc0b-c4d5da54e647	20	55015243	63595400	6276	0.0192
91ba4148-4465-42bf-bc0b-c4d5da54e647	20	63598636	64324800	306	0.1611
91ba4148-4465-42bf-bc0b-c4d5da54e647	21	10354168	23920793	7564	0.0028
91ba4148-4465-42bf-bc0b-c4d5da54e647	21	23923855	23927374	4	-1.1128
91ba4148-4465-42bf-bc0b-c4d5da54e647	21	23927443	45306123	15463	0.0181
91ba4148-4465-42bf-bc0b-c4d5da54e647	21	45307222	45621783	158	0.1953
91ba4148-4465-42bf-bc0b-c4d5da54e647	21	45621894	46677045	622	0.0425
91ba4148-4465-42bf-bc0b-c4d5da54e647	22	15294547	18918093	1140	0.018
91ba4148-4465-42bf-bc0b-c4d5da54e647	22	18947964	21715544	1652	0.1547
91ba4148-4465-42bf-bc0b-c4d5da54e647	22	21724874	23474241	1292	0.0826
91ba4148-4465-42bf-bc0b-c4d5da54e647	22	23475227	23987520	302	0.0307
91ba4148-4465-42bf-bc0b-c4d5da54e647	22	23988078	23990739	4	-1.7187
91ba4148-4465-42bf-bc0b-c4d5da54e647	22	23995113	24682777	341	0.0387
91ba4148-4465-42bf-bc0b-c4d5da54e647	22	24683350	24686548	13	0.3493
91ba4148-4465-42bf-bc0b-c4d5da54e647	22	24686567	25265731	461	0.0167
91ba4148-4465-42bf-bc0b-c4d5da54e647	22	25268018	25510455	245	0.1254
91ba4148-4465-42bf-bc0b-c4d5da54e647	22	25510537	38093277	9291	0.0209
91ba4148-4465-42bf-bc0b-c4d5da54e647	22	38094049	38147125	29	0.3486
91ba4148-4465-42bf-bc0b-c4d5da54e647	22	38147347	38954034	436	0.01
91ba4148-4465-42bf-bc0b-c4d5da54e647	22	38954217	38978710	25	-0.5452
91ba4148-4465-42bf-bc0b-c4d5da54e647	22	38979302	41903531	1569	0.019
91ba4148-4465-42bf-bc0b-c4d5da54e647	22	41903923	41955510	20	0.5035
91ba4148-4465-42bf-bc0b-c4d5da54e647	22	41957719	42432737	257	0.0475
91ba4148-4465-42bf-bc0b-c4d5da54e647	22	42433061	42443045	7	0.5269
91ba4148-4465-42bf-bc0b-c4d5da54e647	22	42449676	42503434	33	0.11
91ba4148-4465-42bf-bc0b-c4d5da54e647	22	42508600	42554485	23	0.5281
91ba4148-4465-42bf-bc0b-c4d5da54e647	22	42559425	49254492	5232	0.0256
91ba4148-4465-42bf-bc0b-c4d5da54e647	22	49254622	50796027	857	0.1418
91ba4148-4465-42bf-bc0b-c4d5da54e647	X	251810	25718213	15577	0.0214
91ba4148-4465-42bf-bc0b-c4d5da54e647	X	25718315	25725589	2	-2.4174
91ba4148-4465-42bf-bc0b-c4d5da54e647	X	25726964	63193211	17900	0.0125
91ba4148-4465-42bf-bc0b-c4d5da54e647	X	63250575	63285949	20	0.702
91ba4148-4465-42bf-bc0b-c4d5da54e647	X	63285991	155952689	49970	0.0184
91ba4148-4465-42bf-bc0b-c4d5da54e647	Y	2782397	6075631	719	-2.5362
91ba4148-4465-42bf-bc0b-c4d5da54e647	Y	6076562	13478396	2546	-2.9559
91ba4148-4465-42bf-bc0b-c4d5da54e647	Y	13478462	13482643	3	-7.7512
91ba4148-4465-42bf-bc0b-c4d5da54e647	Y	13483009	23586854	3180	-2.9618
91ba4148-4465-42bf-bc0b-c4d5da54e647	Y	23784615	56872112	191	-2.6271
