GDC_Aliquot	Chromosome	Start	End	Copy_Number	Major_Copy_Number	Minor_Copy_Number
900f5ea2-f558-4957-bca9-20a22ddd7c9d	chr1	13116	922063	5	5	0
900f5ea2-f558-4957-bca9-20a22ddd7c9d	chr1	923421	110167740	4	2	2
900f5ea2-f558-4957-bca9-20a22ddd7c9d	chr1	110169424	110434711	6	3	3
900f5ea2-f558-4957-bca9-20a22ddd7c9d	chr1	110435805	111033299	4	2	2
900f5ea2-f558-4957-bca9-20a22ddd7c9d	chr1	111034470	233457362	6	3	3
900f5ea2-f558-4957-bca9-20a22ddd7c9d	chr1	233458559	240228067	4	2	2
900f5ea2-f558-4957-bca9-20a22ddd7c9d	chr1	240229509	248945703	6	3	3
900f5ea2-f558-4957-bca9-20a22ddd7c9d	chr2	10587	57195818	8	6	2
900f5ea2-f558-4957-bca9-20a22ddd7c9d	chr2	57196966	160999951	4	2	2
900f5ea2-f558-4957-bca9-20a22ddd7c9d	chr2	161001046	161052858	2	2	0
900f5ea2-f558-4957-bca9-20a22ddd7c9d	chr2	161054685	169381837	4	2	2
900f5ea2-f558-4957-bca9-20a22ddd7c9d	chr2	169383996	242183243	6	3	3
900f5ea2-f558-4957-bca9-20a22ddd7c9d	chr3	18519	116756224	4	2	2
900f5ea2-f558-4957-bca9-20a22ddd7c9d	chr3	116758198	116935579	2	2	0
900f5ea2-f558-4957-bca9-20a22ddd7c9d	chr3	116936605	198181744	4	2	2
900f5ea2-f558-4957-bca9-20a22ddd7c9d	chr4	11961	49637506	6	3	3
900f5ea2-f558-4957-bca9-20a22ddd7c9d	chr4	49638700	49646177	2	1	1
900f5ea2-f558-4957-bca9-20a22ddd7c9d	chr4	49647181	51804896	2	2	0
900f5ea2-f558-4957-bca9-20a22ddd7c9d	chr4	51811015	51828535	4	4	0
900f5ea2-f558-4957-bca9-20a22ddd7c9d	chr4	51829538	52673525	5	3	2
900f5ea2-f558-4957-bca9-20a22ddd7c9d	chr4	52674633	52690564	14	7	7
900f5ea2-f558-4957-bca9-20a22ddd7c9d	chr4	52692383	58515339	6	3	3
900f5ea2-f558-4957-bca9-20a22ddd7c9d	chr4	58516428	65036954	8	4	4
900f5ea2-f558-4957-bca9-20a22ddd7c9d	chr4	65038199	87121099	6	3	3
900f5ea2-f558-4957-bca9-20a22ddd7c9d	chr4	87122793	87216225	2	2	0
900f5ea2-f558-4957-bca9-20a22ddd7c9d	chr4	87220480	95964156	6	3	3
900f5ea2-f558-4957-bca9-20a22ddd7c9d	chr4	95965944	96341465	8	4	4
900f5ea2-f558-4957-bca9-20a22ddd7c9d	chr4	96343245	105131307	6	3	3
900f5ea2-f558-4957-bca9-20a22ddd7c9d	chr4	105132366	107447813	8	4	4
900f5ea2-f558-4957-bca9-20a22ddd7c9d	chr4	107450404	108095668	12	10	2
900f5ea2-f558-4957-bca9-20a22ddd7c9d	chr4	108096906	108829618	8	4	4
900f5ea2-f558-4957-bca9-20a22ddd7c9d	chr4	108830838	111902309	12	10	2
900f5ea2-f558-4957-bca9-20a22ddd7c9d	chr4	111903538	112022793	8	4	4
900f5ea2-f558-4957-bca9-20a22ddd7c9d	chr4	112025018	112462710	12	10	2
900f5ea2-f558-4957-bca9-20a22ddd7c9d	chr4	112464266	112464266	9	5	4
900f5ea2-f558-4957-bca9-20a22ddd7c9d	chr4	112465463	112528494	11	6	5
900f5ea2-f558-4957-bca9-20a22ddd7c9d	chr4	112529950	112939435	8	4	4
900f5ea2-f558-4957-bca9-20a22ddd7c9d	chr4	112940471	115026643	12	10	2
900f5ea2-f558-4957-bca9-20a22ddd7c9d	chr4	115027646	115057737	7	6	1
900f5ea2-f558-4957-bca9-20a22ddd7c9d	chr4	115060339	115091626	11	9	2
900f5ea2-f558-4957-bca9-20a22ddd7c9d	chr4	115093277	116679665	8	4	4
900f5ea2-f558-4957-bca9-20a22ddd7c9d	chr4	116680793	116869425	7	6	1
900f5ea2-f558-4957-bca9-20a22ddd7c9d	chr4	116871300	129007983	11	9	2
900f5ea2-f558-4957-bca9-20a22ddd7c9d	chr4	129009054	137031538	10	8	2
900f5ea2-f558-4957-bca9-20a22ddd7c9d	chr4	137032598	157614519	8	4	4
900f5ea2-f558-4957-bca9-20a22ddd7c9d	chr4	157616409	190122722	2	1	1
900f5ea2-f558-4957-bca9-20a22ddd7c9d	chr5	11882	1114875	4	2	2
900f5ea2-f558-4957-bca9-20a22ddd7c9d	chr5	1115951	7045785	6	3	3
900f5ea2-f558-4957-bca9-20a22ddd7c9d	chr5	7046843	7058593	13	7	6
900f5ea2-f558-4957-bca9-20a22ddd7c9d	chr5	7062288	85956558	6	3	3
900f5ea2-f558-4957-bca9-20a22ddd7c9d	chr5	85957559	86238020	8	6	2
900f5ea2-f558-4957-bca9-20a22ddd7c9d	chr5	86239170	181363900	6	3	3
900f5ea2-f558-4957-bca9-20a22ddd7c9d	chr6	100116	4517214	4	2	2
900f5ea2-f558-4957-bca9-20a22ddd7c9d	chr6	4518268	4719053	5	3	2
900f5ea2-f558-4957-bca9-20a22ddd7c9d	chr6	4720059	56429484	6	3	3
900f5ea2-f558-4957-bca9-20a22ddd7c9d	chr6	56430734	109110772	4	4	0
900f5ea2-f558-4957-bca9-20a22ddd7c9d	chr6	109111793	109184537	7	6	1
900f5ea2-f558-4957-bca9-20a22ddd7c9d	chr6	109185965	109250269	8	8	0
900f5ea2-f558-4957-bca9-20a22ddd7c9d	chr6	109251377	109450622	27	27	0
900f5ea2-f558-4957-bca9-20a22ddd7c9d	chr6	109452743	109504445	7	7	0
900f5ea2-f558-4957-bca9-20a22ddd7c9d	chr6	109505464	109788576	4	4	0
900f5ea2-f558-4957-bca9-20a22ddd7c9d	chr6	109789740	110585305	5	5	0
900f5ea2-f558-4957-bca9-20a22ddd7c9d	chr6	110586320	115356457	4	4	0
900f5ea2-f558-4957-bca9-20a22ddd7c9d	chr6	115357624	115377184	8	7	1
900f5ea2-f558-4957-bca9-20a22ddd7c9d	chr6	115378525	115392989	2	2	0
900f5ea2-f558-4957-bca9-20a22ddd7c9d	chr6	115395975	170740469	6	6	0
900f5ea2-f558-4957-bca9-20a22ddd7c9d	chr7	20608	57979614	6	3	3
900f5ea2-f558-4957-bca9-20a22ddd7c9d	chr7	57981243	62442494	8	7	1
900f5ea2-f558-4957-bca9-20a22ddd7c9d	chr7	62443890	147962744	4	2	2
900f5ea2-f558-4957-bca9-20a22ddd7c9d	chr7	147964123	148248731	2	1	1
900f5ea2-f558-4957-bca9-20a22ddd7c9d	chr7	148252060	149573879	4	2	2
900f5ea2-f558-4957-bca9-20a22ddd7c9d	chr7	149575080	159334386	9	7	2
900f5ea2-f558-4957-bca9-20a22ddd7c9d	chr8	61774	145078402	6	3	3
900f5ea2-f558-4957-bca9-20a22ddd7c9d	chr9	10469	126439	1	1	0
900f5ea2-f558-4957-bca9-20a22ddd7c9d	chr9	127455	39805279	4	4	0
900f5ea2-f558-4957-bca9-20a22ddd7c9d	chr9	39809710	39865098	0	0	0
900f5ea2-f558-4957-bca9-20a22ddd7c9d	chr9	39877070	39945538	5	5	0
900f5ea2-f558-4957-bca9-20a22ddd7c9d	chr9	40004071	40023590	1	1	0
900f5ea2-f558-4957-bca9-20a22ddd7c9d	chr9	40025699	40029065	3	3	0
900f5ea2-f558-4957-bca9-20a22ddd7c9d	chr9	40039278	40057901	1	1	0
900f5ea2-f558-4957-bca9-20a22ddd7c9d	chr9	40059093	40172689	0	0	0
900f5ea2-f558-4957-bca9-20a22ddd7c9d	chr9	40174510	42985305	2	2	0
900f5ea2-f558-4957-bca9-20a22ddd7c9d	chr9	42989549	43070419	7	7	0
900f5ea2-f558-4957-bca9-20a22ddd7c9d	chr9	60839871	64491533	3	3	0
900f5ea2-f558-4957-bca9-20a22ddd7c9d	chr9	64496050	64526574	0	0	0
900f5ea2-f558-4957-bca9-20a22ddd7c9d	chr9	64527629	64534119	6	6	0
900f5ea2-f558-4957-bca9-20a22ddd7c9d	chr9	64537370	64546477	0	0	0
900f5ea2-f558-4957-bca9-20a22ddd7c9d	chr9	64548827	64555404	6	6	0
900f5ea2-f558-4957-bca9-20a22ddd7c9d	chr9	64556604	64564022	3	3	0
900f5ea2-f558-4957-bca9-20a22ddd7c9d	chr9	64586575	64606094	4	4	0
900f5ea2-f558-4957-bca9-20a22ddd7c9d	chr9	64622246	64764990	10	10	0
900f5ea2-f558-4957-bca9-20a22ddd7c9d	chr9	64766611	64778382	0	0	0
900f5ea2-f558-4957-bca9-20a22ddd7c9d	chr9	64779476	64805465	1	1	0
900f5ea2-f558-4957-bca9-20a22ddd7c9d	chr9	64810030	64816825	2	2	0
900f5ea2-f558-4957-bca9-20a22ddd7c9d	chr9	64819404	64848250	0	0	0
900f5ea2-f558-4957-bca9-20a22ddd7c9d	chr9	64849420	64872810	8	8	0
900f5ea2-f558-4957-bca9-20a22ddd7c9d	chr9	64877451	64878559	3	3	0
900f5ea2-f558-4957-bca9-20a22ddd7c9d	chr9	64880748	64889318	0	0	0
900f5ea2-f558-4957-bca9-20a22ddd7c9d	chr9	64892100	64897188	3	3	0
900f5ea2-f558-4957-bca9-20a22ddd7c9d	chr9	64899782	64900890	0	0	0
900f5ea2-f558-4957-bca9-20a22ddd7c9d	chr9	64902120	64912973	1	1	0
900f5ea2-f558-4957-bca9-20a22ddd7c9d	chr9	64915757	64932720	5	5	0
900f5ea2-f558-4957-bca9-20a22ddd7c9d	chr9	64933937	64945770	23	23	0
900f5ea2-f558-4957-bca9-20a22ddd7c9d	chr9	64946789	64959305	7	7	0
900f5ea2-f558-4957-bca9-20a22ddd7c9d	chr9	64962068	64968795	0	0	0
900f5ea2-f558-4957-bca9-20a22ddd7c9d	chr9	64970798	64976957	2	2	0
900f5ea2-f558-4957-bca9-20a22ddd7c9d	chr9	64978086	65284216	0	0	0
900f5ea2-f558-4957-bca9-20a22ddd7c9d	chr9	65285634	65300510	5	5	0
900f5ea2-f558-4957-bca9-20a22ddd7c9d	chr9	65306409	65918900	1	1	0
900f5ea2-f558-4957-bca9-20a22ddd7c9d	chr9	65997522	66054120	5	5	0
900f5ea2-f558-4957-bca9-20a22ddd7c9d	chr9	66064229	66086115	3	3	0
900f5ea2-f558-4957-bca9-20a22ddd7c9d	chr9	66147108	66181035	0	0	0
900f5ea2-f558-4957-bca9-20a22ddd7c9d	chr9	66182470	66199751	1	1	0
900f5ea2-f558-4957-bca9-20a22ddd7c9d	chr9	66234286	138256233	4	4	0
900f5ea2-f558-4957-bca9-20a22ddd7c9d	chr10	15029	7310674	6	3	3
900f5ea2-f558-4957-bca9-20a22ddd7c9d	chr10	7311993	7381528	17	15	2
900f5ea2-f558-4957-bca9-20a22ddd7c9d	chr10	7383729	7588830	6	3	3
900f5ea2-f558-4957-bca9-20a22ddd7c9d	chr10	7590002	9321463	17	15	2
900f5ea2-f558-4957-bca9-20a22ddd7c9d	chr10	9322954	9649006	6	3	3
900f5ea2-f558-4957-bca9-20a22ddd7c9d	chr10	9650056	9686321	18	16	2
900f5ea2-f558-4957-bca9-20a22ddd7c9d	chr10	9688461	9712825	6	5	1
900f5ea2-f558-4957-bca9-20a22ddd7c9d	chr10	9714582	18891018	12	10	2
900f5ea2-f558-4957-bca9-20a22ddd7c9d	chr10	18892175	19597761	15	13	2
900f5ea2-f558-4957-bca9-20a22ddd7c9d	chr10	19599069	22812385	14	12	2
900f5ea2-f558-4957-bca9-20a22ddd7c9d	chr10	22813659	23214954	17	15	2
900f5ea2-f558-4957-bca9-20a22ddd7c9d	chr10	23216427	23344439	5	3	2
900f5ea2-f558-4957-bca9-20a22ddd7c9d	chr10	23346146	26042865	12	10	2
900f5ea2-f558-4957-bca9-20a22ddd7c9d	chr10	26043912	26136748	16	14	2
900f5ea2-f558-4957-bca9-20a22ddd7c9d	chr10	26137847	29499605	12	10	2
900f5ea2-f558-4957-bca9-20a22ddd7c9d	chr10	29500698	29532160	7	6	1
900f5ea2-f558-4957-bca9-20a22ddd7c9d	chr10	29533230	32597423	8	6	2
900f5ea2-f558-4957-bca9-20a22ddd7c9d	chr10	32598435	32867212	20	18	2
900f5ea2-f558-4957-bca9-20a22ddd7c9d	chr10	32869438	34946674	8	6	2
900f5ea2-f558-4957-bca9-20a22ddd7c9d	chr10	34947749	34970809	141	114	27
900f5ea2-f558-4957-bca9-20a22ddd7c9d	chr10	34972169	35048288	131	131	0
900f5ea2-f558-4957-bca9-20a22ddd7c9d	chr10	35049771	35246383	8	8	0
900f5ea2-f558-4957-bca9-20a22ddd7c9d	chr10	35249193	35292486	7	7	0
900f5ea2-f558-4957-bca9-20a22ddd7c9d	chr10	35295457	35837221	92	90	2
900f5ea2-f558-4957-bca9-20a22ddd7c9d	chr10	35839146	36057654	9	7	2
900f5ea2-f558-4957-bca9-20a22ddd7c9d	chr10	36060446	36308275	8	6	2
900f5ea2-f558-4957-bca9-20a22ddd7c9d	chr10	36310328	37796648	11	9	2
900f5ea2-f558-4957-bca9-20a22ddd7c9d	chr10	37798238	41713374	7	5	2
900f5ea2-f558-4957-bca9-20a22ddd7c9d	chr10	41714712	53682292	4	2	2
900f5ea2-f558-4957-bca9-20a22ddd7c9d	chr10	53683307	53737006	2	1	1
900f5ea2-f558-4957-bca9-20a22ddd7c9d	chr10	53738537	85527318	4	2	2
900f5ea2-f558-4957-bca9-20a22ddd7c9d	chr10	85528381	89213735	6	3	3
900f5ea2-f558-4957-bca9-20a22ddd7c9d	chr10	89215360	94118900	4	2	2
900f5ea2-f558-4957-bca9-20a22ddd7c9d	chr10	94120207	96222469	6	3	3
900f5ea2-f558-4957-bca9-20a22ddd7c9d	chr10	96223524	96235465	5	3	2
900f5ea2-f558-4957-bca9-20a22ddd7c9d	chr10	96236650	96346852	7	4	3
900f5ea2-f558-4957-bca9-20a22ddd7c9d	chr10	96347992	133787009	4	2	2
900f5ea2-f558-4957-bca9-20a22ddd7c9d	chr11	87268	41307812	4	4	0
900f5ea2-f558-4957-bca9-20a22ddd7c9d	chr11	41309499	56924654	6	3	3
900f5ea2-f558-4957-bca9-20a22ddd7c9d	chr11	56925747	65728100	8	4	4
900f5ea2-f558-4957-bca9-20a22ddd7c9d	chr11	65729565	109693173	8	8	0
900f5ea2-f558-4957-bca9-20a22ddd7c9d	chr11	109695778	124144165	4	4	0
900f5ea2-f558-4957-bca9-20a22ddd7c9d	chr11	124145287	124173940	5	5	0
900f5ea2-f558-4957-bca9-20a22ddd7c9d	chr11	124175654	135076424	8	8	0
900f5ea2-f558-4957-bca9-20a22ddd7c9d	chr12	11065	51310050	4	2	2
900f5ea2-f558-4957-bca9-20a22ddd7c9d	chr12	51311302	133264676	6	3	3
900f5ea2-f558-4957-bca9-20a22ddd7c9d	chr13	18445955	114343123	6	3	3
900f5ea2-f558-4957-bca9-20a22ddd7c9d	chr14	18223583	19806936	9	7	2
900f5ea2-f558-4957-bca9-20a22ddd7c9d	chr14	19808101	20108135	8	7	1
900f5ea2-f558-4957-bca9-20a22ddd7c9d	chr14	20109295	20580547	10	8	2
900f5ea2-f558-4957-bca9-20a22ddd7c9d	chr14	20581833	22697626	6	3	3
900f5ea2-f558-4957-bca9-20a22ddd7c9d	chr14	22699070	24386253	8	4	4
900f5ea2-f558-4957-bca9-20a22ddd7c9d	chr14	24387408	24574883	72	67	5
900f5ea2-f558-4957-bca9-20a22ddd7c9d	chr14	24575924	24636393	31	26	5
900f5ea2-f558-4957-bca9-20a22ddd7c9d	chr14	24637432	24757227	95	89	6
900f5ea2-f558-4957-bca9-20a22ddd7c9d	chr14	24758305	27977079	8	4	4
900f5ea2-f558-4957-bca9-20a22ddd7c9d	chr14	27978160	31422220	12	6	6
900f5ea2-f558-4957-bca9-20a22ddd7c9d	chr14	31423438	32968344	10	5	5
900f5ea2-f558-4957-bca9-20a22ddd7c9d	chr14	32969394	33833180	12	6	6
900f5ea2-f558-4957-bca9-20a22ddd7c9d	chr14	33834508	33874259	12	10	2
900f5ea2-f558-4957-bca9-20a22ddd7c9d	chr14	33876825	39928825	20	16	4
900f5ea2-f558-4957-bca9-20a22ddd7c9d	chr14	39929959	40044063	19	10	9
900f5ea2-f558-4957-bca9-20a22ddd7c9d	chr14	40045405	106880670	6	3	3
900f5ea2-f558-4957-bca9-20a22ddd7c9d	chr15	19795285	101980591	4	2	2
900f5ea2-f558-4957-bca9-20a22ddd7c9d	chr16	10291	72266038	6	3	3
900f5ea2-f558-4957-bca9-20a22ddd7c9d	chr16	72267785	83947098	4	4	0
900f5ea2-f558-4957-bca9-20a22ddd7c9d	chr16	83948403	83957355	0	0	0
900f5ea2-f558-4957-bca9-20a22ddd7c9d	chr16	83958479	90226358	4	4	0
900f5ea2-f558-4957-bca9-20a22ddd7c9d	chr17	151035	7169695	4	2	2
900f5ea2-f558-4957-bca9-20a22ddd7c9d	chr17	7170742	7391752	6	5	1
900f5ea2-f558-4957-bca9-20a22ddd7c9d	chr17	7394133	20328556	4	2	2
900f5ea2-f558-4957-bca9-20a22ddd7c9d	chr17	20330582	20559935	4	4	0
900f5ea2-f558-4957-bca9-20a22ddd7c9d	chr17	20567366	30114572	4	2	2
900f5ea2-f558-4957-bca9-20a22ddd7c9d	chr17	30116531	30243897	6	3	3
900f5ea2-f558-4957-bca9-20a22ddd7c9d	chr17	30244910	30250146	3	2	1
900f5ea2-f558-4957-bca9-20a22ddd7c9d	chr17	30252302	73059415	6	3	3
900f5ea2-f558-4957-bca9-20a22ddd7c9d	chr17	73060921	83237603	8	4	4
900f5ea2-f558-4957-bca9-20a22ddd7c9d	chr18	16444	36501	8	8	0
900f5ea2-f558-4957-bca9-20a22ddd7c9d	chr18	39543	44831	9	9	0
900f5ea2-f558-4957-bca9-20a22ddd7c9d	chr18	46431	47492	3	3	0
900f5ea2-f558-4957-bca9-20a22ddd7c9d	chr18	48582	64775	0	0	0
900f5ea2-f558-4957-bca9-20a22ddd7c9d	chr18	65863	80259190	6	6	0
900f5ea2-f558-4957-bca9-20a22ddd7c9d	chr19	157892	23532591	4	4	0
900f5ea2-f558-4957-bca9-20a22ddd7c9d	chr19	23533679	32297073	5	3	2
900f5ea2-f558-4957-bca9-20a22ddd7c9d	chr19	32298105	45382021	8	4	4
900f5ea2-f558-4957-bca9-20a22ddd7c9d	chr19	45383236	48156770	4	4	0
900f5ea2-f558-4957-bca9-20a22ddd7c9d	chr19	48158350	58607412	8	4	4
900f5ea2-f558-4957-bca9-20a22ddd7c9d	chr20	80457	58722930	6	3	3
900f5ea2-f558-4957-bca9-20a22ddd7c9d	chr20	58724510	64331516	7	4	3
900f5ea2-f558-4957-bca9-20a22ddd7c9d	chr21	7762688	8700624	4	4	0
900f5ea2-f558-4957-bca9-20a22ddd7c9d	chr21	8702134	12965965	6	3	3
900f5ea2-f558-4957-bca9-20a22ddd7c9d	chr21	12967998	46699722	4	2	2
900f5ea2-f558-4957-bca9-20a22ddd7c9d	chr22	15284540	50802392	4	2	2
900f5ea2-f558-4957-bca9-20a22ddd7c9d	chrX	2781514	7927807	4	4	0
900f5ea2-f558-4957-bca9-20a22ddd7c9d	chrX	7930492	7950166	3	3	0
900f5ea2-f558-4957-bca9-20a22ddd7c9d	chrX	7952163	8017397	4	4	0
900f5ea2-f558-4957-bca9-20a22ddd7c9d	chrX	8019320	8145905	3	3	0
900f5ea2-f558-4957-bca9-20a22ddd7c9d	chrX	8147412	13802518	4	4	0
900f5ea2-f558-4957-bca9-20a22ddd7c9d	chrX	13804285	13818388	11	11	0
900f5ea2-f558-4957-bca9-20a22ddd7c9d	chrX	13820081	155699751	4	4	0
900f5ea2-f558-4957-bca9-20a22ddd7c9d	chrY	2789135	26622951	0	0	0
