GDC_Aliquot	Chromosome	Start	End	Num_Probes	Segment_Mean
f82ca804-42a4-44bf-9dab-cc518a0f2562	1	62920	462894	19	0.4893
f82ca804-42a4-44bf-9dab-cc518a0f2562	1	599171	2342007	399	-0.0283
f82ca804-42a4-44bf-9dab-cc518a0f2562	1	2348984	2438059	43	-0.3084
f82ca804-42a4-44bf-9dab-cc518a0f2562	1	2461209	3043846	173	-0.0051
f82ca804-42a4-44bf-9dab-cc518a0f2562	1	3043940	3274375	89	-0.2005
f82ca804-42a4-44bf-9dab-cc518a0f2562	1	3274912	16864367	7965	0.0003
f82ca804-42a4-44bf-9dab-cc518a0f2562	1	16868660	16956580	57	-0.4115
f82ca804-42a4-44bf-9dab-cc518a0f2562	1	16958425	25256850	5253	-0.0076
f82ca804-42a4-44bf-9dab-cc518a0f2562	1	25266637	25336819	25	0.6108
f82ca804-42a4-44bf-9dab-cc518a0f2562	1	25336853	30251780	2371	-0.0008
f82ca804-42a4-44bf-9dab-cc518a0f2562	1	30253727	30264526	10	-0.6136
f82ca804-42a4-44bf-9dab-cc518a0f2562	1	30265508	37433067	4073	-0.0024
f82ca804-42a4-44bf-9dab-cc518a0f2562	1	37434572	37434814	2	-1.6526
f82ca804-42a4-44bf-9dab-cc518a0f2562	1	37436534	72302815	22235	0.0126
f82ca804-42a4-44bf-9dab-cc518a0f2562	1	72303233	72345465	46	0.4113
f82ca804-42a4-44bf-9dab-cc518a0f2562	1	72346221	78897382	4114	0.0174
f82ca804-42a4-44bf-9dab-cc518a0f2562	1	78902545	78985578	40	0.2734
f82ca804-42a4-44bf-9dab-cc518a0f2562	1	78991263	90090349	7428	0.0194
f82ca804-42a4-44bf-9dab-cc518a0f2562	1	90090592	90091422	2	-1.614
f82ca804-42a4-44bf-9dab-cc518a0f2562	1	90093659	90766190	460	0.0176
f82ca804-42a4-44bf-9dab-cc518a0f2562	1	90769886	90769932	2	-1.7806
f82ca804-42a4-44bf-9dab-cc518a0f2562	1	90770021	94986370	2658	0.0132
f82ca804-42a4-44bf-9dab-cc518a0f2562	1	94986940	94987030	2	-1.6491
f82ca804-42a4-44bf-9dab-cc518a0f2562	1	94987718	103510026	5270	0.0156
f82ca804-42a4-44bf-9dab-cc518a0f2562	1	103515125	103616762	39	0.3603
f82ca804-42a4-44bf-9dab-cc518a0f2562	1	103620877	105476583	923	0.0159
f82ca804-42a4-44bf-9dab-cc518a0f2562	1	105476614	105479753	16	-1.7044
f82ca804-42a4-44bf-9dab-cc518a0f2562	1	105481433	109684893	2636	0.0157
f82ca804-42a4-44bf-9dab-cc518a0f2562	1	109690352	109692006	10	1.054
f82ca804-42a4-44bf-9dab-cc518a0f2562	1	109696900	143734438	7223	0.0151
f82ca804-42a4-44bf-9dab-cc518a0f2562	1	143748012	143811517	24	0.5303
f82ca804-42a4-44bf-9dab-cc518a0f2562	1	143890323	152575425	2301	0.0169
f82ca804-42a4-44bf-9dab-cc518a0f2562	1	152575461	152614064	49	0.372
f82ca804-42a4-44bf-9dab-cc518a0f2562	1	152614100	152787202	168	-0.0059
f82ca804-42a4-44bf-9dab-cc518a0f2562	1	152789447	152796224	37	0.6487
f82ca804-42a4-44bf-9dab-cc518a0f2562	1	152801429	174827267	14786	0.0152
f82ca804-42a4-44bf-9dab-cc518a0f2562	1	174827418	174832716	17	-0.679
f82ca804-42a4-44bf-9dab-cc518a0f2562	1	174832734	189679027	9890	0.0157
f82ca804-42a4-44bf-9dab-cc518a0f2562	1	189679353	189679397	2	-1.4919
f82ca804-42a4-44bf-9dab-cc518a0f2562	1	189682917	196745743	4733	0.0295
f82ca804-42a4-44bf-9dab-cc518a0f2562	1	196758720	196762956	4	-2.0091
f82ca804-42a4-44bf-9dab-cc518a0f2562	1	196769493	196843377	55	0.1706
f82ca804-42a4-44bf-9dab-cc518a0f2562	1	196843400	196846661	2	1.7709
f82ca804-42a4-44bf-9dab-cc518a0f2562	1	196847600	196926551	60	0.1281
f82ca804-42a4-44bf-9dab-cc518a0f2562	1	196926717	248029809	35261	0.0191
f82ca804-42a4-44bf-9dab-cc518a0f2562	1	248032111	248930189	437	0.1092
f82ca804-42a4-44bf-9dab-cc518a0f2562	2	12784	4158097	2983	0.0076
f82ca804-42a4-44bf-9dab-cc518a0f2562	2	4166274	4182472	43	-0.5659
f82ca804-42a4-44bf-9dab-cc518a0f2562	2	4187192	86250186	55741	0.0104
f82ca804-42a4-44bf-9dab-cc518a0f2562	2	86250341	86251506	2	-1.9661
f82ca804-42a4-44bf-9dab-cc518a0f2562	2	86251857	146104517	31558	0.0177
f82ca804-42a4-44bf-9dab-cc518a0f2562	2	146106836	146109366	24	0.6914
f82ca804-42a4-44bf-9dab-cc518a0f2562	2	146120238	163780342	10576	0.0181
f82ca804-42a4-44bf-9dab-cc518a0f2562	2	163786978	163788616	5	-1.1651
f82ca804-42a4-44bf-9dab-cc518a0f2562	2	163790132	179548644	9883	0.0183
f82ca804-42a4-44bf-9dab-cc518a0f2562	2	179553484	179556770	22	-0.9026
f82ca804-42a4-44bf-9dab-cc518a0f2562	2	179556785	185438803	3711	0.0198
f82ca804-42a4-44bf-9dab-cc518a0f2562	2	185439848	185987062	259	0.1244
f82ca804-42a4-44bf-9dab-cc518a0f2562	2	185987589	207256748	12315	0.0185
f82ca804-42a4-44bf-9dab-cc518a0f2562	2	207258024	207258660	3	-1.6414
f82ca804-42a4-44bf-9dab-cc518a0f2562	2	207259869	242147305	22210	0.0071
f82ca804-42a4-44bf-9dab-cc518a0f2562	3	20930	145692	119	-0.0409
f82ca804-42a4-44bf-9dab-cc518a0f2562	3	147133	1129684	793	0.0937
f82ca804-42a4-44bf-9dab-cc518a0f2562	3	1130790	37935926	26674	0.0164
f82ca804-42a4-44bf-9dab-cc518a0f2562	3	37940617	37945437	18	-0.7222
f82ca804-42a4-44bf-9dab-cc518a0f2562	3	37945615	39906789	1276	0.0236
f82ca804-42a4-44bf-9dab-cc518a0f2562	3	39907762	39909226	2	-1.8069
f82ca804-42a4-44bf-9dab-cc518a0f2562	3	39910409	65202778	16369	0.0126
f82ca804-42a4-44bf-9dab-cc518a0f2562	3	65203560	65224777	52	-0.6778
f82ca804-42a4-44bf-9dab-cc518a0f2562	3	65230674	68682877	2416	0.018
f82ca804-42a4-44bf-9dab-cc518a0f2562	3	68697013	68698262	15	-1.3628
f82ca804-42a4-44bf-9dab-cc518a0f2562	3	68699607	99225614	15898	0.0217
f82ca804-42a4-44bf-9dab-cc518a0f2562	3	99225632	99230470	36	0.3779
f82ca804-42a4-44bf-9dab-cc518a0f2562	3	99230577	107314617	4766	0.0218
f82ca804-42a4-44bf-9dab-cc518a0f2562	3	107316951	107317337	2	-1.5935
f82ca804-42a4-44bf-9dab-cc518a0f2562	3	107320614	121604618	8889	0.0201
f82ca804-42a4-44bf-9dab-cc518a0f2562	3	121604718	121616169	14	-0.4277
f82ca804-42a4-44bf-9dab-cc518a0f2562	3	121616462	125727821	2556	0.0088
f82ca804-42a4-44bf-9dab-cc518a0f2562	3	125730683	125733998	5	-0.6914
f82ca804-42a4-44bf-9dab-cc518a0f2562	3	125734029	125950205	75	-0.0163
f82ca804-42a4-44bf-9dab-cc518a0f2562	3	125954540	125957120	3	-1.6865
f82ca804-42a4-44bf-9dab-cc518a0f2562	3	125961657	198169247	44597	0.0243
f82ca804-42a4-44bf-9dab-cc518a0f2562	4	68929	9858273	5314	0.0129
f82ca804-42a4-44bf-9dab-cc518a0f2562	4	9858277	9862603	3	-1.3591
f82ca804-42a4-44bf-9dab-cc518a0f2562	4	9863418	10208766	377	0.0421
f82ca804-42a4-44bf-9dab-cc518a0f2562	4	10221792	10229625	27	1.6804
f82ca804-42a4-44bf-9dab-cc518a0f2562	4	10229874	10389091	177	0.0247
f82ca804-42a4-44bf-9dab-cc518a0f2562	4	10390730	10399044	16	-0.6067
f82ca804-42a4-44bf-9dab-cc518a0f2562	4	10401094	28942603	13191	0.0215
f82ca804-42a4-44bf-9dab-cc518a0f2562	4	28942915	28943019	2	-1.3469
f82ca804-42a4-44bf-9dab-cc518a0f2562	4	28944556	34777432	3579	0.0255
f82ca804-42a4-44bf-9dab-cc518a0f2562	4	34784878	34822561	37	-0.3798
f82ca804-42a4-44bf-9dab-cc518a0f2562	4	34823103	46194361	7288	0.0248
f82ca804-42a4-44bf-9dab-cc518a0f2562	4	46202166	46210750	4	-1.3307
f82ca804-42a4-44bf-9dab-cc518a0f2562	4	46210775	68506285	12149	0.0314
f82ca804-42a4-44bf-9dab-cc518a0f2562	4	68509223	68640616	68	0.5657
f82ca804-42a4-44bf-9dab-cc518a0f2562	4	68655691	69261926	313	0.0425
f82ca804-42a4-44bf-9dab-cc518a0f2562	4	69261934	69376311	58	0.3564
f82ca804-42a4-44bf-9dab-cc518a0f2562	4	69377178	107130343	22862	0.0243
f82ca804-42a4-44bf-9dab-cc518a0f2562	4	107144594	107150362	19	0.407
f82ca804-42a4-44bf-9dab-cc518a0f2562	4	107150455	111427298	2614	0.0203
f82ca804-42a4-44bf-9dab-cc518a0f2562	4	111430765	111469313	36	0.3088
f82ca804-42a4-44bf-9dab-cc518a0f2562	4	111469347	137021755	14909	0.0293
f82ca804-42a4-44bf-9dab-cc518a0f2562	4	137021888	137021901	3	-1.4754
f82ca804-42a4-44bf-9dab-cc518a0f2562	4	137025215	137171266	99	-0.0057
f82ca804-42a4-44bf-9dab-cc518a0f2562	4	137171362	137173818	14	-0.6608
f82ca804-42a4-44bf-9dab-cc518a0f2562	4	137173967	167874742	19060	0.0243
f82ca804-42a4-44bf-9dab-cc518a0f2562	4	167874757	168066324	163	0.1706
f82ca804-42a4-44bf-9dab-cc518a0f2562	4	168070637	171447380	2146	0.0279
f82ca804-42a4-44bf-9dab-cc518a0f2562	4	171448195	171456559	11	1.008
f82ca804-42a4-44bf-9dab-cc518a0f2562	4	171456573	172066777	398	0.0362
f82ca804-42a4-44bf-9dab-cc518a0f2562	4	172067997	172068382	12	-1.8555
f82ca804-42a4-44bf-9dab-cc518a0f2562	4	172074828	190106768	12065	0.0296
f82ca804-42a4-44bf-9dab-cc518a0f2562	5	15532	773453	333	0.0281
f82ca804-42a4-44bf-9dab-cc518a0f2562	5	779766	863682	22	-0.6015
f82ca804-42a4-44bf-9dab-cc518a0f2562	5	866255	3096658	1678	0.0032
f82ca804-42a4-44bf-9dab-cc518a0f2562	5	3097009	3097077	2	-1.4229
f82ca804-42a4-44bf-9dab-cc518a0f2562	5	3097297	4646520	1383	0.001
f82ca804-42a4-44bf-9dab-cc518a0f2562	5	4646990	4647351	3	-1.3981
f82ca804-42a4-44bf-9dab-cc518a0f2562	5	4647889	5804788	1113	0.0188
f82ca804-42a4-44bf-9dab-cc518a0f2562	5	5805002	5808649	4	-0.9217
f82ca804-42a4-44bf-9dab-cc518a0f2562	5	5808934	9500636	3125	0.0163
f82ca804-42a4-44bf-9dab-cc518a0f2562	5	9502146	9508841	4	-1.4842
f82ca804-42a4-44bf-9dab-cc518a0f2562	5	9508867	12800777	2503	0.0203
f82ca804-42a4-44bf-9dab-cc518a0f2562	5	12815668	12964436	45	0.398
f82ca804-42a4-44bf-9dab-cc518a0f2562	5	12964861	15718383	1938	0.0219
f82ca804-42a4-44bf-9dab-cc518a0f2562	5	15719113	15720488	11	-0.9725
f82ca804-42a4-44bf-9dab-cc518a0f2562	5	15723237	26789387	6655	0.0318
f82ca804-42a4-44bf-9dab-cc518a0f2562	5	26797651	26797735	2	-1.9736
f82ca804-42a4-44bf-9dab-cc518a0f2562	5	26803775	45298509	11490	0.0171
f82ca804-42a4-44bf-9dab-cc518a0f2562	5	45298733	46251204	313	0.125
f82ca804-42a4-44bf-9dab-cc518a0f2562	5	46270906	46273400	8	-1.6149
f82ca804-42a4-44bf-9dab-cc518a0f2562	5	46278110	98647038	28513	0.015
f82ca804-42a4-44bf-9dab-cc518a0f2562	5	98649207	101797042	1808	0.0585
f82ca804-42a4-44bf-9dab-cc518a0f2562	5	101797745	101865630	75	0.2423
f82ca804-42a4-44bf-9dab-cc518a0f2562	5	101865663	108601975	4168	0.0432
f82ca804-42a4-44bf-9dab-cc518a0f2562	5	108602369	175946505	44798	0.0129
f82ca804-42a4-44bf-9dab-cc518a0f2562	5	175960543	175993893	7	0.8709
f82ca804-42a4-44bf-9dab-cc518a0f2562	5	175999690	177771448	731	0.0041
f82ca804-42a4-44bf-9dab-cc518a0f2562	5	177800550	177805604	3	1.7802
f82ca804-42a4-44bf-9dab-cc518a0f2562	5	177827964	178680821	447	-0.0223
f82ca804-42a4-44bf-9dab-cc518a0f2562	5	178682974	178686162	3	-2.2313
f82ca804-42a4-44bf-9dab-cc518a0f2562	5	178691854	181363319	1533	0.0023
f82ca804-42a4-44bf-9dab-cc518a0f2562	6	149661	253861	99	0.0788
f82ca804-42a4-44bf-9dab-cc518a0f2562	6	254267	385784	109	-0.3318
f82ca804-42a4-44bf-9dab-cc518a0f2562	6	387532	29869411	21405	0.015
f82ca804-42a4-44bf-9dab-cc518a0f2562	6	29869537	29881490	14	-0.9943
f82ca804-42a4-44bf-9dab-cc518a0f2562	6	29882419	31385764	735	-0.0613
f82ca804-42a4-44bf-9dab-cc518a0f2562	6	31385862	31483699	84	-1.1291
f82ca804-42a4-44bf-9dab-cc518a0f2562	6	31488057	32656527	409	-0.1094
f82ca804-42a4-44bf-9dab-cc518a0f2562	6	32656814	32658160	4	-1.2506
f82ca804-42a4-44bf-9dab-cc518a0f2562	6	32658841	32913750	180	-0.0591
f82ca804-42a4-44bf-9dab-cc518a0f2562	6	32932241	68109977	20196	0.0236
f82ca804-42a4-44bf-9dab-cc518a0f2562	6	68110582	68126946	19	0.6164
f82ca804-42a4-44bf-9dab-cc518a0f2562	6	68127798	73866416	3649	0.0243
f82ca804-42a4-44bf-9dab-cc518a0f2562	6	73867975	73882142	23	-0.2415
f82ca804-42a4-44bf-9dab-cc518a0f2562	6	73882509	73887625	9	1.0526
f82ca804-42a4-44bf-9dab-cc518a0f2562	6	73891694	76726442	1769	0.0076
f82ca804-42a4-44bf-9dab-cc518a0f2562	6	76726815	76758906	27	0.4472
f82ca804-42a4-44bf-9dab-cc518a0f2562	6	76758921	78253172	972	0.004
f82ca804-42a4-44bf-9dab-cc518a0f2562	6	78259348	78322600	106	-2.3873
f82ca804-42a4-44bf-9dab-cc518a0f2562	6	78322875	78325468	5	-0.9181
f82ca804-42a4-44bf-9dab-cc518a0f2562	6	78329517	93856139	9939	0.0146
f82ca804-42a4-44bf-9dab-cc518a0f2562	6	93856729	94970302	734	0.1022
f82ca804-42a4-44bf-9dab-cc518a0f2562	6	95386776	100731203	3271	0.0193
f82ca804-42a4-44bf-9dab-cc518a0f2562	6	100731478	100731523	2	1.4367
f82ca804-42a4-44bf-9dab-cc518a0f2562	6	100736707	103286954	1507	0.0328
f82ca804-42a4-44bf-9dab-cc518a0f2562	6	103290101	103314186	46	-1.2908
f82ca804-42a4-44bf-9dab-cc518a0f2562	6	103317795	120852133	10696	0.0216
f82ca804-42a4-44bf-9dab-cc518a0f2562	6	120853657	120853855	2	-1.5145
f82ca804-42a4-44bf-9dab-cc518a0f2562	6	120855125	134581083	8785	0.0235
f82ca804-42a4-44bf-9dab-cc518a0f2562	6	134583177	134583386	2	-1.6715
f82ca804-42a4-44bf-9dab-cc518a0f2562	6	134583881	167120675	22481	0.0227
f82ca804-42a4-44bf-9dab-cc518a0f2562	6	167120802	167121020	2	1.8496
f82ca804-42a4-44bf-9dab-cc518a0f2562	6	167123738	170741917	2136	-0.0073
f82ca804-42a4-44bf-9dab-cc518a0f2562	7	43355	8326156	4663	0.0092
f82ca804-42a4-44bf-9dab-cc518a0f2562	7	8326882	8336318	8	-0.8932
f82ca804-42a4-44bf-9dab-cc518a0f2562	7	8337077	8784800	380	0.032
f82ca804-42a4-44bf-9dab-cc518a0f2562	7	8785217	8826227	52	-1.0168
f82ca804-42a4-44bf-9dab-cc518a0f2562	7	8833366	26092670	13698	0.0255
f82ca804-42a4-44bf-9dab-cc518a0f2562	7	26102772	26105793	4	-3.1747
f82ca804-42a4-44bf-9dab-cc518a0f2562	7	26107599	54318812	19635	0.0126
f82ca804-42a4-44bf-9dab-cc518a0f2562	7	54318816	54318824	5	-1.9921
f82ca804-42a4-44bf-9dab-cc518a0f2562	7	54325795	70955452	6121	0.0085
f82ca804-42a4-44bf-9dab-cc518a0f2562	7	70958264	70961155	2	2.187
f82ca804-42a4-44bf-9dab-cc518a0f2562	7	70963257	134100424	37031	0.0132
f82ca804-42a4-44bf-9dab-cc518a0f2562	7	134100442	134110881	24	-1.9539
f82ca804-42a4-44bf-9dab-cc518a0f2562	7	134110912	134113790	7	-0.8513
f82ca804-42a4-44bf-9dab-cc518a0f2562	7	134113805	142060194	5188	0.0104
f82ca804-42a4-44bf-9dab-cc518a0f2562	7	142061030	142090403	35	0.3611
f82ca804-42a4-44bf-9dab-cc518a0f2562	7	142092108	144176859	1202	0.0173
f82ca804-42a4-44bf-9dab-cc518a0f2562	7	144199159	144264193	9	-0.9163
f82ca804-42a4-44bf-9dab-cc518a0f2562	7	144295437	145595078	790	0.0128
f82ca804-42a4-44bf-9dab-cc518a0f2562	7	145598991	145601056	4	-0.9714
f82ca804-42a4-44bf-9dab-cc518a0f2562	7	145601253	156087157	6835	0.0153
f82ca804-42a4-44bf-9dab-cc518a0f2562	7	156089623	156093518	7	-0.9123
f82ca804-42a4-44bf-9dab-cc518a0f2562	7	156094352	159334314	2007	0.0038
f82ca804-42a4-44bf-9dab-cc518a0f2562	8	81254	2844412	2035	0.0123
f82ca804-42a4-44bf-9dab-cc518a0f2562	8	2846011	2846377	7	-1.2907
f82ca804-42a4-44bf-9dab-cc518a0f2562	8	2849649	5668141	3853	0.0235
f82ca804-42a4-44bf-9dab-cc518a0f2562	8	5668461	5672879	5	-1.2162
f82ca804-42a4-44bf-9dab-cc518a0f2562	8	5673036	6956923	1679	0.0165
f82ca804-42a4-44bf-9dab-cc518a0f2562	8	6957134	6957806	6	-0.9157
f82ca804-42a4-44bf-9dab-cc518a0f2562	8	6958057	6968741	27	-0.0093
f82ca804-42a4-44bf-9dab-cc518a0f2562	8	6968768	6969664	10	-0.8036
f82ca804-42a4-44bf-9dab-cc518a0f2562	8	6969677	7179297	89	0.0197
f82ca804-42a4-44bf-9dab-cc518a0f2562	8	7182331	7414835	29	0.4526
f82ca804-42a4-44bf-9dab-cc518a0f2562	8	7422376	8528287	332	0.027
f82ca804-42a4-44bf-9dab-cc518a0f2562	8	8528640	8528932	4	-2.2072
f82ca804-42a4-44bf-9dab-cc518a0f2562	8	8530797	12139586	2928	0.009
f82ca804-42a4-44bf-9dab-cc518a0f2562	8	12142800	12382326	16	0.6674
f82ca804-42a4-44bf-9dab-cc518a0f2562	8	12382653	13732544	1044	0.0195
f82ca804-42a4-44bf-9dab-cc518a0f2562	8	13732559	13752159	38	0.3558
f82ca804-42a4-44bf-9dab-cc518a0f2562	8	13752181	25117007	9341	0.0168
f82ca804-42a4-44bf-9dab-cc518a0f2562	8	25117062	25126708	22	1.0515
f82ca804-42a4-44bf-9dab-cc518a0f2562	8	25126735	39373140	9006	0.017
f82ca804-42a4-44bf-9dab-cc518a0f2562	8	39378084	39538338	66	0.8283
f82ca804-42a4-44bf-9dab-cc518a0f2562	8	39539496	89819812	28903	0.0219
f82ca804-42a4-44bf-9dab-cc518a0f2562	8	89825402	89825519	3	-1.4562
f82ca804-42a4-44bf-9dab-cc518a0f2562	8	89827392	133529088	28271	0.0261
f82ca804-42a4-44bf-9dab-cc518a0f2562	8	133529299	133529315	2	-2.1762
f82ca804-42a4-44bf-9dab-cc518a0f2562	8	133530108	141573691	6214	0.0223
f82ca804-42a4-44bf-9dab-cc518a0f2562	8	141573771	141616326	28	-0.4555
f82ca804-42a4-44bf-9dab-cc518a0f2562	8	141616705	145072769	1407	0.0102
f82ca804-42a4-44bf-9dab-cc518a0f2562	9	46587	5079156	5234	0.0183
f82ca804-42a4-44bf-9dab-cc518a0f2562	9	5081416	5081953	10	0.7509
f82ca804-42a4-44bf-9dab-cc518a0f2562	9	5082995	11401927	5533	0.0111
f82ca804-42a4-44bf-9dab-cc518a0f2562	9	11406011	11986313	449	0.1329
f82ca804-42a4-44bf-9dab-cc518a0f2562	9	11987651	12007658	28	-0.0972
f82ca804-42a4-44bf-9dab-cc518a0f2562	9	12008577	12110055	71	-0.8835
f82ca804-42a4-44bf-9dab-cc518a0f2562	9	12112607	27236646	11883	0.014
f82ca804-42a4-44bf-9dab-cc518a0f2562	9	27248179	27248646	5	-1.2232
f82ca804-42a4-44bf-9dab-cc518a0f2562	9	27248729	42574420	8074	0.0235
f82ca804-42a4-44bf-9dab-cc518a0f2562	9	42585140	42719891	11	-0.5335
f82ca804-42a4-44bf-9dab-cc518a0f2562	9	42720266	77155482	6743	0.0077
f82ca804-42a4-44bf-9dab-cc518a0f2562	9	77155594	77161448	24	0.5787
f82ca804-42a4-44bf-9dab-cc518a0f2562	9	77162152	138200944	41320	-0.0021
f82ca804-42a4-44bf-9dab-cc518a0f2562	10	45792	494742	263	-0.0235
f82ca804-42a4-44bf-9dab-cc518a0f2562	10	496007	498409	2	-2.7723
f82ca804-42a4-44bf-9dab-cc518a0f2562	10	499030	1093243	321	0.0254
f82ca804-42a4-44bf-9dab-cc518a0f2562	10	1093771	1096484	3	-1.9409
f82ca804-42a4-44bf-9dab-cc518a0f2562	10	1096688	30957581	23594	0.009
f82ca804-42a4-44bf-9dab-cc518a0f2562	10	30962405	30962809	10	-0.7233
f82ca804-42a4-44bf-9dab-cc518a0f2562	10	30962850	34887225	2653	0.0019
f82ca804-42a4-44bf-9dab-cc518a0f2562	10	34893474	34894239	3	-1.006
f82ca804-42a4-44bf-9dab-cc518a0f2562	10	34894266	45798061	4535	0.0041
f82ca804-42a4-44bf-9dab-cc518a0f2562	10	45798171	45936113	3	-1.0151
f82ca804-42a4-44bf-9dab-cc518a0f2562	10	45998155	46116171	56	0.0679
f82ca804-42a4-44bf-9dab-cc518a0f2562	10	46130381	46314117	152	0.9338
f82ca804-42a4-44bf-9dab-cc518a0f2562	10	46314181	46532940	46	0.5614
f82ca804-42a4-44bf-9dab-cc518a0f2562	10	46538819	46792344	32	0.8096
f82ca804-42a4-44bf-9dab-cc518a0f2562	10	46804606	47460004	288	-0.033
f82ca804-42a4-44bf-9dab-cc518a0f2562	10	47559592	47711321	9	0.9139
f82ca804-42a4-44bf-9dab-cc518a0f2562	10	47724261	80022095	21727	0.0062
f82ca804-42a4-44bf-9dab-cc518a0f2562	10	80026241	80030897	6	-1.0391
f82ca804-42a4-44bf-9dab-cc518a0f2562	10	80033338	127102428	32123	0.0054
f82ca804-42a4-44bf-9dab-cc518a0f2562	10	127103267	127103345	2	1.4833
f82ca804-42a4-44bf-9dab-cc518a0f2562	10	127105736	129697695	2099	0.0076
f82ca804-42a4-44bf-9dab-cc518a0f2562	10	129698193	129701051	4	-1.5902
f82ca804-42a4-44bf-9dab-cc518a0f2562	10	129702676	130544842	656	-0.0024
f82ca804-42a4-44bf-9dab-cc518a0f2562	10	130545486	131092340	516	-0.1086
f82ca804-42a4-44bf-9dab-cc518a0f2562	10	131096581	133531836	1337	-0.0053
f82ca804-42a4-44bf-9dab-cc518a0f2562	10	133532494	133533455	3	-1.6533
f82ca804-42a4-44bf-9dab-cc518a0f2562	10	133533893	133654968	72	0.0521
f82ca804-42a4-44bf-9dab-cc518a0f2562	11	198510	4946021	2408	0.0135
f82ca804-42a4-44bf-9dab-cc518a0f2562	11	4946166	4955042	32	0.503
f82ca804-42a4-44bf-9dab-cc518a0f2562	11	4955781	5762693	784	0.0083
f82ca804-42a4-44bf-9dab-cc518a0f2562	11	5766175	5788108	34	-0.4994
f82ca804-42a4-44bf-9dab-cc518a0f2562	11	5788231	44970502	28205	0.0189
f82ca804-42a4-44bf-9dab-cc518a0f2562	11	44972643	44974324	3	-2.5914
f82ca804-42a4-44bf-9dab-cc518a0f2562	11	44975611	49737304	2230	0.0253
f82ca804-42a4-44bf-9dab-cc518a0f2562	11	49738003	49739136	6	-0.8903
f82ca804-42a4-44bf-9dab-cc518a0f2562	11	49744609	55609022	731	0.0436
f82ca804-42a4-44bf-9dab-cc518a0f2562	11	55609035	55685533	50	0.5242
f82ca804-42a4-44bf-9dab-cc518a0f2562	11	55686100	56586568	605	0.0859
f82ca804-42a4-44bf-9dab-cc518a0f2562	11	56586901	67593440	5556	0.0129
f82ca804-42a4-44bf-9dab-cc518a0f2562	11	67593869	68003149	129	-0.1505
f82ca804-42a4-44bf-9dab-cc518a0f2562	11	68007631	69509322	791	-0.0033
f82ca804-42a4-44bf-9dab-cc518a0f2562	11	69510313	69510343	2	-2.081
f82ca804-42a4-44bf-9dab-cc518a0f2562	11	69511763	80260060	6156	0.023
f82ca804-42a4-44bf-9dab-cc518a0f2562	11	80261889	80272296	22	-1.2991
f82ca804-42a4-44bf-9dab-cc518a0f2562	11	80272554	101723653	15243	0.0171
f82ca804-42a4-44bf-9dab-cc518a0f2562	11	101727129	101727233	4	1.3797
f82ca804-42a4-44bf-9dab-cc518a0f2562	11	101727481	107359993	3789	0.024
f82ca804-42a4-44bf-9dab-cc518a0f2562	11	107367930	107368402	7	-2.1554
f82ca804-42a4-44bf-9dab-cc518a0f2562	11	107381636	133161564	18454	0.0161
f82ca804-42a4-44bf-9dab-cc518a0f2562	11	133162356	133162404	2	-1.4233
f82ca804-42a4-44bf-9dab-cc518a0f2562	11	133162860	135074876	1427	-0.0181
f82ca804-42a4-44bf-9dab-cc518a0f2562	12	51460	11066824	7224	0.0231
f82ca804-42a4-44bf-9dab-cc518a0f2562	12	11068125	11088933	10	0.9019
f82ca804-42a4-44bf-9dab-cc518a0f2562	12	11099275	33235894	15591	0.0249
f82ca804-42a4-44bf-9dab-cc518a0f2562	12	33237809	33242207	3	-3.6504
f82ca804-42a4-44bf-9dab-cc518a0f2562	12	33242483	125670935	56077	0.0212
f82ca804-42a4-44bf-9dab-cc518a0f2562	12	125673589	132677859	5589	-0.0207
f82ca804-42a4-44bf-9dab-cc518a0f2562	12	132681263	133201603	230	0.0376
f82ca804-42a4-44bf-9dab-cc518a0f2562	13	18452809	31958485	9553	0.0176
f82ca804-42a4-44bf-9dab-cc518a0f2562	13	31958590	31964286	17	-1.1019
f82ca804-42a4-44bf-9dab-cc518a0f2562	13	31965910	37496998	3898	0.0114
f82ca804-42a4-44bf-9dab-cc518a0f2562	13	37497899	37510620	16	-2.0872
f82ca804-42a4-44bf-9dab-cc518a0f2562	13	37514193	48957415	8009	0.0232
f82ca804-42a4-44bf-9dab-cc518a0f2562	13	48959579	48962368	2	-2.2587
f82ca804-42a4-44bf-9dab-cc518a0f2562	13	48963569	114342922	42579	0.0209
f82ca804-42a4-44bf-9dab-cc518a0f2562	14	18239283	19954424	166	0.6963
f82ca804-42a4-44bf-9dab-cc518a0f2562	14	19955213	20762041	626	0.0138
f82ca804-42a4-44bf-9dab-cc518a0f2562	14	20762175	20762265	2	-2.603
f82ca804-42a4-44bf-9dab-cc518a0f2562	14	20762417	61495224	25732	0.0199
f82ca804-42a4-44bf-9dab-cc518a0f2562	14	61496313	61513806	12	-0.5359
f82ca804-42a4-44bf-9dab-cc518a0f2562	14	61514550	73529070	7651	0.0141
f82ca804-42a4-44bf-9dab-cc518a0f2562	14	73534419	73563196	10	0.7342
f82ca804-42a4-44bf-9dab-cc518a0f2562	14	73563211	76241347	1597	0.0151
f82ca804-42a4-44bf-9dab-cc518a0f2562	14	76245045	76258618	10	-0.5828
f82ca804-42a4-44bf-9dab-cc518a0f2562	14	76260319	95665199	13119	0.0216
f82ca804-42a4-44bf-9dab-cc518a0f2562	14	95668736	95677310	15	-1.1769
f82ca804-42a4-44bf-9dab-cc518a0f2562	14	95684059	106320716	6103	0.0132
f82ca804-42a4-44bf-9dab-cc518a0f2562	14	106321086	106346129	8	0.9689
f82ca804-42a4-44bf-9dab-cc518a0f2562	14	106360014	106462724	80	0.3134
f82ca804-42a4-44bf-9dab-cc518a0f2562	14	106475361	106877229	194	0.0527
f82ca804-42a4-44bf-9dab-cc518a0f2562	15	19811075	20670989	151	-0.0576
f82ca804-42a4-44bf-9dab-cc518a0f2562	15	20981071	22294951	52	-0.4669
f82ca804-42a4-44bf-9dab-cc518a0f2562	15	22296480	30284526	4638	0.0204
f82ca804-42a4-44bf-9dab-cc518a0f2562	15	30291233	30483791	10	-0.4623
f82ca804-42a4-44bf-9dab-cc518a0f2562	15	30487388	30715942	33	-1.0458
f82ca804-42a4-44bf-9dab-cc518a0f2562	15	30716220	31707442	661	0.041
f82ca804-42a4-44bf-9dab-cc518a0f2562	15	31719286	32220019	365	0.6264
f82ca804-42a4-44bf-9dab-cc518a0f2562	15	32239115	32565281	21	0.1243
f82ca804-42a4-44bf-9dab-cc518a0f2562	15	32567657	32584783	3	-1.3804
f82ca804-42a4-44bf-9dab-cc518a0f2562	15	32610782	32766103	110	-0.0007
f82ca804-42a4-44bf-9dab-cc518a0f2562	15	32768949	32768994	2	-2.669
f82ca804-42a4-44bf-9dab-cc518a0f2562	15	32769522	76599170	27832	0.0103
f82ca804-42a4-44bf-9dab-cc518a0f2562	15	76599286	76602857	12	-2.1611
f82ca804-42a4-44bf-9dab-cc518a0f2562	15	76603003	76603434	8	-0.6727
f82ca804-42a4-44bf-9dab-cc518a0f2562	15	76609838	85965728	5516	0.0056
f82ca804-42a4-44bf-9dab-cc518a0f2562	15	85968663	85977902	7	-1.6122
f82ca804-42a4-44bf-9dab-cc518a0f2562	15	85978606	91203769	3758	0.0121
f82ca804-42a4-44bf-9dab-cc518a0f2562	15	91207003	91208140	2	-2.5692
f82ca804-42a4-44bf-9dab-cc518a0f2562	15	91208263	101529541	8088	0.0074
f82ca804-42a4-44bf-9dab-cc518a0f2562	15	101530050	101580136	38	-0.2953
f82ca804-42a4-44bf-9dab-cc518a0f2562	15	101580692	101709106	87	0.0829
f82ca804-42a4-44bf-9dab-cc518a0f2562	15	101712005	101880399	85	0.6217
f82ca804-42a4-44bf-9dab-cc518a0f2562	15	101880604	101928837	11	0.0921
f82ca804-42a4-44bf-9dab-cc518a0f2562	16	10777	29268429	19029	-0.0006
f82ca804-42a4-44bf-9dab-cc518a0f2562	16	29269203	29272383	5	-1.3404
f82ca804-42a4-44bf-9dab-cc518a0f2562	16	29276882	35232200	1109	0.0045
f82ca804-42a4-44bf-9dab-cc518a0f2562	16	35236333	35520357	165	0.5409
f82ca804-42a4-44bf-9dab-cc518a0f2562	16	35521195	55733166	6558	0.0081
f82ca804-42a4-44bf-9dab-cc518a0f2562	16	55733247	55782734	43	-1.0324
f82ca804-42a4-44bf-9dab-cc518a0f2562	16	55782793	90096867	24877	0.0034
f82ca804-42a4-44bf-9dab-cc518a0f2562	17	150733	33655122	16426	0.006
f82ca804-42a4-44bf-9dab-cc518a0f2562	17	33657111	34608420	906	-0.0751
f82ca804-42a4-44bf-9dab-cc518a0f2562	17	34608937	36109315	907	0.0091
f82ca804-42a4-44bf-9dab-cc518a0f2562	17	36109735	36157718	35	0.4784
f82ca804-42a4-44bf-9dab-cc518a0f2562	17	36200725	41266838	2522	0.0129
f82ca804-42a4-44bf-9dab-cc518a0f2562	17	41266851	41274198	18	0.8079
f82ca804-42a4-44bf-9dab-cc518a0f2562	17	41274279	72776268	18639	0.0069
f82ca804-42a4-44bf-9dab-cc518a0f2562	17	72776654	72776752	3	-1.5849
f82ca804-42a4-44bf-9dab-cc518a0f2562	17	72781873	74537994	1217	-0.017
f82ca804-42a4-44bf-9dab-cc518a0f2562	17	74538736	74542566	9	-0.6063
f82ca804-42a4-44bf-9dab-cc518a0f2562	17	74544702	74639767	76	-0.1131
f82ca804-42a4-44bf-9dab-cc518a0f2562	17	74639929	74653324	14	-0.5211
f82ca804-42a4-44bf-9dab-cc518a0f2562	17	74655597	78453175	1977	0.0049
f82ca804-42a4-44bf-9dab-cc518a0f2562	17	78453396	78454069	2	-1.8882
f82ca804-42a4-44bf-9dab-cc518a0f2562	17	78456702	83091923	2231	-0.0118
f82ca804-42a4-44bf-9dab-cc518a0f2562	18	48133	69079007	42470	0.0596
f82ca804-42a4-44bf-9dab-cc518a0f2562	18	69079033	69090903	41	-0.5232
f82ca804-42a4-44bf-9dab-cc518a0f2562	18	69090917	71421456	1599	0.0513
f82ca804-42a4-44bf-9dab-cc518a0f2562	18	71424091	71425059	2	-1.9078
f82ca804-42a4-44bf-9dab-cc518a0f2562	18	71425397	77170422	4538	0.0612
f82ca804-42a4-44bf-9dab-cc518a0f2562	18	77170608	77173080	4	-2.583
f82ca804-42a4-44bf-9dab-cc518a0f2562	18	77173514	80257174	2013	0.0465
f82ca804-42a4-44bf-9dab-cc518a0f2562	19	90910	58586487	29074	0.0035
f82ca804-42a4-44bf-9dab-cc518a0f2562	20	80664	1580141	1199	0.0035
f82ca804-42a4-44bf-9dab-cc518a0f2562	20	1580156	1618496	52	-0.5803
f82ca804-42a4-44bf-9dab-cc518a0f2562	20	1618938	57539439	36469	0.0109
f82ca804-42a4-44bf-9dab-cc518a0f2562	20	57540627	57544076	2	-2.3906
f82ca804-42a4-44bf-9dab-cc518a0f2562	20	57544613	59498658	1535	-0.0015
f82ca804-42a4-44bf-9dab-cc518a0f2562	20	59498865	59502537	3	-1.2035
f82ca804-42a4-44bf-9dab-cc518a0f2562	20	59503792	63121284	2607	0.0088
f82ca804-42a4-44bf-9dab-cc518a0f2562	20	63122696	63127565	3	-1.1167
f82ca804-42a4-44bf-9dab-cc518a0f2562	20	63132152	64284715	441	0.0139
f82ca804-42a4-44bf-9dab-cc518a0f2562	20	64323342	64324800	5	-0.9024
f82ca804-42a4-44bf-9dab-cc518a0f2562	21	10354168	22241012	6266	0.0242
f82ca804-42a4-44bf-9dab-cc518a0f2562	21	22241136	24014559	1386	0.072
f82ca804-42a4-44bf-9dab-cc518a0f2562	21	24014693	43307100	14449	0.0115
f82ca804-42a4-44bf-9dab-cc518a0f2562	21	43309453	43363183	36	-0.3303
f82ca804-42a4-44bf-9dab-cc518a0f2562	21	43364401	45407957	958	0.0001
f82ca804-42a4-44bf-9dab-cc518a0f2562	21	45419655	45444973	12	-0.6217
f82ca804-42a4-44bf-9dab-cc518a0f2562	21	45448178	46677045	715	-0.0341
f82ca804-42a4-44bf-9dab-cc518a0f2562	22	15294547	15583346	13	0.2862
f82ca804-42a4-44bf-9dab-cc518a0f2562	22	15591298	20216982	1947	0.002
f82ca804-42a4-44bf-9dab-cc518a0f2562	22	20217268	20217401	2	-1.8436
f82ca804-42a4-44bf-9dab-cc518a0f2562	22	20217810	22398127	1488	0.0018
f82ca804-42a4-44bf-9dab-cc518a0f2562	22	22398345	22398545	4	-1.195
f82ca804-42a4-44bf-9dab-cc518a0f2562	22	22402989	48821133	18535	0.0058
f82ca804-42a4-44bf-9dab-cc518a0f2562	22	48824330	49770430	811	-0.0997
f82ca804-42a4-44bf-9dab-cc518a0f2562	22	49774684	50796027	432	0.0138
f82ca804-42a4-44bf-9dab-cc518a0f2562	X	251810	7641450	3744	0.0091
f82ca804-42a4-44bf-9dab-cc518a0f2562	X	7641953	7643274	6	-0.9828
f82ca804-42a4-44bf-9dab-cc518a0f2562	X	7643674	10118468	1920	0.0194
f82ca804-42a4-44bf-9dab-cc518a0f2562	X	10118946	10119447	2	-2.6736
f82ca804-42a4-44bf-9dab-cc518a0f2562	X	10121643	33094026	14888	0.0141
f82ca804-42a4-44bf-9dab-cc518a0f2562	X	33095350	33096491	2	-1.4724
f82ca804-42a4-44bf-9dab-cc518a0f2562	X	33099447	38071493	2891	0.0303
f82ca804-42a4-44bf-9dab-cc518a0f2562	X	38073633	38093584	11	-0.5654
f82ca804-42a4-44bf-9dab-cc518a0f2562	X	38097048	55674826	8602	0.0115
f82ca804-42a4-44bf-9dab-cc518a0f2562	X	55676226	55681123	3	-1.5835
f82ca804-42a4-44bf-9dab-cc518a0f2562	X	55681253	114965827	27531	0.0175
f82ca804-42a4-44bf-9dab-cc518a0f2562	X	114970418	115163165	129	0.5907
f82ca804-42a4-44bf-9dab-cc518a0f2562	X	115164801	137751570	12678	0.0136
f82ca804-42a4-44bf-9dab-cc518a0f2562	X	137754790	137774474	16	-0.8058
f82ca804-42a4-44bf-9dab-cc518a0f2562	X	137776288	155952689	11149	0.0185
f82ca804-42a4-44bf-9dab-cc518a0f2562	Y	2782397	3026792	121	-2.9411
f82ca804-42a4-44bf-9dab-cc518a0f2562	Y	3027225	6075631	597	-2.4221
f82ca804-42a4-44bf-9dab-cc518a0f2562	Y	6076562	56872112	5920	-2.9509
