GDC_Aliquot	Chromosome	Start	End	Num_Probes	Segment_Mean
c95a0d4b-335e-49fb-aabc-1c6d66829cac	1	62920	259422	15	0.8546
c95a0d4b-335e-49fb-aabc-1c6d66829cac	1	259926	25256850	13993	-0.005
c95a0d4b-335e-49fb-aabc-1c6d66829cac	1	25266637	25320455	24	-1.5711
c95a0d4b-335e-49fb-aabc-1c6d66829cac	1	25336819	34625993	4941	-0.0016
c95a0d4b-335e-49fb-aabc-1c6d66829cac	1	34626037	34638890	22	-0.5964
c95a0d4b-335e-49fb-aabc-1c6d66829cac	1	34648667	72284165	23685	0.0027
c95a0d4b-335e-49fb-aabc-1c6d66829cac	1	72284670	72352916	63	0.345
c95a0d4b-335e-49fb-aabc-1c6d66829cac	1	72353096	75585159	1916	-0.0023
c95a0d4b-335e-49fb-aabc-1c6d66829cac	1	75589078	75589169	2	-2.1798
c95a0d4b-335e-49fb-aabc-1c6d66829cac	1	75593824	112147704	23554	0.0044
c95a0d4b-335e-49fb-aabc-1c6d66829cac	1	112153343	112154552	19	-0.6164
c95a0d4b-335e-49fb-aabc-1c6d66829cac	1	112154566	120885464	5062	0.0019
c95a0d4b-335e-49fb-aabc-1c6d66829cac	1	120885477	120954128	2	1.4732
c95a0d4b-335e-49fb-aabc-1c6d66829cac	1	120954165	143714665	190	0.1028
c95a0d4b-335e-49fb-aabc-1c6d66829cac	1	143714703	143754192	20	0.5114
c95a0d4b-335e-49fb-aabc-1c6d66829cac	1	143754798	152583291	2322	0.0156
c95a0d4b-335e-49fb-aabc-1c6d66829cac	1	152583319	152613762	29	1.6562
c95a0d4b-335e-49fb-aabc-1c6d66829cac	1	152613802	194479104	28114	0.0067
c95a0d4b-335e-49fb-aabc-1c6d66829cac	1	194482281	194485888	2	1.9142
c95a0d4b-335e-49fb-aabc-1c6d66829cac	1	194487886	196762956	1452	0.0271
c95a0d4b-335e-49fb-aabc-1c6d66829cac	1	196769493	196854187	59	-0.4369
c95a0d4b-335e-49fb-aabc-1c6d66829cac	1	196854483	248930189	35703	0.0056
c95a0d4b-335e-49fb-aabc-1c6d66829cac	2	12784	184772	99	-0.0184
c95a0d4b-335e-49fb-aabc-1c6d66829cac	2	188421	224192	27	-0.4353
c95a0d4b-335e-49fb-aabc-1c6d66829cac	2	224483	3680971	2439	0.0007
c95a0d4b-335e-49fb-aabc-1c6d66829cac	2	3684956	3685683	4	-0.9536
c95a0d4b-335e-49fb-aabc-1c6d66829cac	2	3688948	7282405	3175	0.0142
c95a0d4b-335e-49fb-aabc-1c6d66829cac	2	7282490	7283271	3	-1.5031
c95a0d4b-335e-49fb-aabc-1c6d66829cac	2	7283357	35750907	19195	0.0036
c95a0d4b-335e-49fb-aabc-1c6d66829cac	2	35752724	35762881	7	-1.2851
c95a0d4b-335e-49fb-aabc-1c6d66829cac	2	35772407	52038525	11779	0.0064
c95a0d4b-335e-49fb-aabc-1c6d66829cac	2	52039769	52046762	2	-1.6238
c95a0d4b-335e-49fb-aabc-1c6d66829cac	2	52047691	52527330	311	-0.0098
c95a0d4b-335e-49fb-aabc-1c6d66829cac	2	52527342	52563002	41	0.8155
c95a0d4b-335e-49fb-aabc-1c6d66829cac	2	52563355	106263639	29362	0.0068
c95a0d4b-335e-49fb-aabc-1c6d66829cac	2	106264257	106268901	11	-1.8349
c95a0d4b-335e-49fb-aabc-1c6d66829cac	2	106270799	128880504	13357	0.0096
c95a0d4b-335e-49fb-aabc-1c6d66829cac	2	128880904	128881337	5	-1.0585
c95a0d4b-335e-49fb-aabc-1c6d66829cac	2	128881387	128882723	9	-0.4776
c95a0d4b-335e-49fb-aabc-1c6d66829cac	2	128882741	146106875	10388	0.0077
c95a0d4b-335e-49fb-aabc-1c6d66829cac	2	146106889	146109366	21	-1.8005
c95a0d4b-335e-49fb-aabc-1c6d66829cac	2	146120238	176394114	18377	0.0068
c95a0d4b-335e-49fb-aabc-1c6d66829cac	2	176402448	176407805	2	1.6773
c95a0d4b-335e-49fb-aabc-1c6d66829cac	2	176410410	242147305	40523	0.0019
c95a0d4b-335e-49fb-aabc-1c6d66829cac	3	20930	241080	198	0.0867
c95a0d4b-335e-49fb-aabc-1c6d66829cac	3	243604	244100	5	-0.9525
c95a0d4b-335e-49fb-aabc-1c6d66829cac	3	244187	1734161	1317	0.0844
c95a0d4b-335e-49fb-aabc-1c6d66829cac	3	1734208	10132669	7030	0.0174
c95a0d4b-335e-49fb-aabc-1c6d66829cac	3	10137432	10177474	34	0.4927
c95a0d4b-335e-49fb-aabc-1c6d66829cac	3	10178096	46790347	24508	0.0025
c95a0d4b-335e-49fb-aabc-1c6d66829cac	3	46790471	46790486	2	-2.2042
c95a0d4b-335e-49fb-aabc-1c6d66829cac	3	46790521	47437019	284	-0.0233
c95a0d4b-335e-49fb-aabc-1c6d66829cac	3	47450332	47451230	2	-2.3572
c95a0d4b-335e-49fb-aabc-1c6d66829cac	3	47455724	52994359	2223	0.0047
c95a0d4b-335e-49fb-aabc-1c6d66829cac	3	52997720	53005439	40	-0.5796
c95a0d4b-335e-49fb-aabc-1c6d66829cac	3	53005473	59917075	4743	-0.0058
c95a0d4b-335e-49fb-aabc-1c6d66829cac	3	59917854	60998932	1227	0.0562
c95a0d4b-335e-49fb-aabc-1c6d66829cac	3	61001899	65200174	3560	0.0064
c95a0d4b-335e-49fb-aabc-1c6d66829cac	3	65202778	65224640	52	-0.6437
c95a0d4b-335e-49fb-aabc-1c6d66829cac	3	65224777	112380800	26234	0.0068
c95a0d4b-335e-49fb-aabc-1c6d66829cac	3	112384674	112394487	27	-0.5866
c95a0d4b-335e-49fb-aabc-1c6d66829cac	3	112395969	128656683	10079	0.0028
c95a0d4b-335e-49fb-aabc-1c6d66829cac	3	128658241	128679860	10	-0.6345
c95a0d4b-335e-49fb-aabc-1c6d66829cac	3	128680378	159833862	19035	0.0068
c95a0d4b-335e-49fb-aabc-1c6d66829cac	3	159837056	159837169	2	-1.5048
c95a0d4b-335e-49fb-aabc-1c6d66829cac	3	159838322	162794951	1841	0.023
c95a0d4b-335e-49fb-aabc-1c6d66829cac	3	162795304	162910826	71	0.6875
c95a0d4b-335e-49fb-aabc-1c6d66829cac	3	162910855	175362822	7629	0.0108
c95a0d4b-335e-49fb-aabc-1c6d66829cac	3	175362958	176050236	425	0.1205
c95a0d4b-335e-49fb-aabc-1c6d66829cac	3	176050306	189642965	8548	0.0067
c95a0d4b-335e-49fb-aabc-1c6d66829cac	3	189645889	189646849	11	-0.7252
c95a0d4b-335e-49fb-aabc-1c6d66829cac	3	189653199	193162798	2489	-0.0016
c95a0d4b-335e-49fb-aabc-1c6d66829cac	3	193162937	193165114	11	1.8502
c95a0d4b-335e-49fb-aabc-1c6d66829cac	3	193168646	195691392	1487	0.0027
c95a0d4b-335e-49fb-aabc-1c6d66829cac	3	195695418	195707392	12	-0.5485
c95a0d4b-335e-49fb-aabc-1c6d66829cac	3	195707409	198169247	1191	-0.0208
c95a0d4b-335e-49fb-aabc-1c6d66829cac	4	68929	5308576	2520	-0.0017
c95a0d4b-335e-49fb-aabc-1c6d66829cac	4	5308694	5321568	7	-0.9232
c95a0d4b-335e-49fb-aabc-1c6d66829cac	4	5322472	9455251	2622	0.0021
c95a0d4b-335e-49fb-aabc-1c6d66829cac	4	9459504	9477560	5	-1.176
c95a0d4b-335e-49fb-aabc-1c6d66829cac	4	9477699	10221792	537	0.0029
c95a0d4b-335e-49fb-aabc-1c6d66829cac	4	10222004	10229874	27	-1.7821
c95a0d4b-335e-49fb-aabc-1c6d66829cac	4	10232590	33456670	16212	0.0072
c95a0d4b-335e-49fb-aabc-1c6d66829cac	4	33460190	33481901	15	-1.0239
c95a0d4b-335e-49fb-aabc-1c6d66829cac	4	33485439	34777432	705	-0.0067
c95a0d4b-335e-49fb-aabc-1c6d66829cac	4	34784878	34823103	38	-2.5376
c95a0d4b-335e-49fb-aabc-1c6d66829cac	4	34828250	68395346	19379	0.0098
c95a0d4b-335e-49fb-aabc-1c6d66829cac	4	68416487	68422424	5	-1.3138
c95a0d4b-335e-49fb-aabc-1c6d66829cac	4	68429081	68478894	9	0.1224
c95a0d4b-335e-49fb-aabc-1c6d66829cac	4	68494770	68639397	70	0.6295
c95a0d4b-335e-49fb-aabc-1c6d66829cac	4	68640616	69265191	317	0.0593
c95a0d4b-335e-49fb-aabc-1c6d66829cac	4	69265628	69366304	50	-0.5295
c95a0d4b-335e-49fb-aabc-1c6d66829cac	4	69366406	69523998	109	0.0533
c95a0d4b-335e-49fb-aabc-1c6d66829cac	4	69524143	69525061	2	-1.8263
c95a0d4b-335e-49fb-aabc-1c6d66829cac	4	69526170	114252472	27125	0.0048
c95a0d4b-335e-49fb-aabc-1c6d66829cac	4	114252500	114263110	28	0.612
c95a0d4b-335e-49fb-aabc-1c6d66829cac	4	114263154	114586468	221	0.0212
c95a0d4b-335e-49fb-aabc-1c6d66829cac	4	114587010	114589298	3	-1.3745
c95a0d4b-335e-49fb-aabc-1c6d66829cac	4	114593270	126459182	7078	0.0026
c95a0d4b-335e-49fb-aabc-1c6d66829cac	4	126462231	126467900	2	-1.8471
c95a0d4b-335e-49fb-aabc-1c6d66829cac	4	126468395	171448195	27222	0.0051
c95a0d4b-335e-49fb-aabc-1c6d66829cac	4	171453733	171456625	12	1.3313
c95a0d4b-335e-49fb-aabc-1c6d66829cac	4	171459220	172066777	397	0.0133
c95a0d4b-335e-49fb-aabc-1c6d66829cac	4	172067997	172068382	12	0.6606
c95a0d4b-335e-49fb-aabc-1c6d66829cac	4	172074828	172501371	229	0.0452
c95a0d4b-335e-49fb-aabc-1c6d66829cac	4	172503796	172519981	8	0.9016
c95a0d4b-335e-49fb-aabc-1c6d66829cac	4	172532557	179137790	4095	0.0141
c95a0d4b-335e-49fb-aabc-1c6d66829cac	4	179145583	179145853	2	-1.3236
c95a0d4b-335e-49fb-aabc-1c6d66829cac	4	179146472	188515761	6779	0.0118
c95a0d4b-335e-49fb-aabc-1c6d66829cac	4	188515932	188516256	8	-0.8398
c95a0d4b-335e-49fb-aabc-1c6d66829cac	4	188518718	189267889	570	0.0565
c95a0d4b-335e-49fb-aabc-1c6d66829cac	4	189273964	189278110	4	1.0329
c95a0d4b-335e-49fb-aabc-1c6d66829cac	4	189278617	190106768	350	0.0255
c95a0d4b-335e-49fb-aabc-1c6d66829cac	5	15532	8702128	6920	0.0039
c95a0d4b-335e-49fb-aabc-1c6d66829cac	5	8702410	8747030	47	-0.9206
c95a0d4b-335e-49fb-aabc-1c6d66829cac	5	8749619	12815753	3193	0.0092
c95a0d4b-335e-49fb-aabc-1c6d66829cac	5	12819201	12838421	12	-1.3034
c95a0d4b-335e-49fb-aabc-1c6d66829cac	5	12849089	17344979	3057	0.0037
c95a0d4b-335e-49fb-aabc-1c6d66829cac	5	17347597	17356057	5	-1.0068
c95a0d4b-335e-49fb-aabc-1c6d66829cac	5	17356130	17601444	104	0.0123
c95a0d4b-335e-49fb-aabc-1c6d66829cac	5	17601619	17625524	9	-1.0395
c95a0d4b-335e-49fb-aabc-1c6d66829cac	5	17629411	21376735	2273	0.0082
c95a0d4b-335e-49fb-aabc-1c6d66829cac	5	21377730	21377744	2	-1.8182
c95a0d4b-335e-49fb-aabc-1c6d66829cac	5	21385957	21449167	44	-0.0983
c95a0d4b-335e-49fb-aabc-1c6d66829cac	5	21451091	21452329	5	-1.8606
c95a0d4b-335e-49fb-aabc-1c6d66829cac	5	21452387	45327055	14607	0.0034
c95a0d4b-335e-49fb-aabc-1c6d66829cac	5	45327111	50773748	566	0.0815
c95a0d4b-335e-49fb-aabc-1c6d66829cac	5	50777614	58025819	4802	0.0022
c95a0d4b-335e-49fb-aabc-1c6d66829cac	5	58030200	58037706	32	1.5651
c95a0d4b-335e-49fb-aabc-1c6d66829cac	5	58042530	58348255	244	0.0111
c95a0d4b-335e-49fb-aabc-1c6d66829cac	5	58350375	58353471	4	-1.0803
c95a0d4b-335e-49fb-aabc-1c6d66829cac	5	58357341	99500868	23612	0.0083
c95a0d4b-335e-49fb-aabc-1c6d66829cac	5	99504170	99504922	2	-1.8854
c95a0d4b-335e-49fb-aabc-1c6d66829cac	5	99508633	119362914	13134	0.0165
c95a0d4b-335e-49fb-aabc-1c6d66829cac	5	119365480	119366180	4	-1.2211
c95a0d4b-335e-49fb-aabc-1c6d66829cac	5	119367387	177740962	37892	0.0014
c95a0d4b-335e-49fb-aabc-1c6d66829cac	5	177770954	177879634	12	0.9113
c95a0d4b-335e-49fb-aabc-1c6d66829cac	5	177883336	178680821	439	0.0017
c95a0d4b-335e-49fb-aabc-1c6d66829cac	5	178682974	178686162	3	-2.6892
c95a0d4b-335e-49fb-aabc-1c6d66829cac	5	178691854	180947523	1343	0.0052
c95a0d4b-335e-49fb-aabc-1c6d66829cac	5	180951710	180987465	14	0.5738
c95a0d4b-335e-49fb-aabc-1c6d66829cac	5	180990207	181363319	174	0.0118
c95a0d4b-335e-49fb-aabc-1c6d66829cac	6	149661	245798	87	-0.0286
c95a0d4b-335e-49fb-aabc-1c6d66829cac	6	246178	384546	120	0.2483
c95a0d4b-335e-49fb-aabc-1c6d66829cac	6	385056	29869411	21393	0.0036
c95a0d4b-335e-49fb-aabc-1c6d66829cac	6	29869537	29906865	20	-0.8735
c95a0d4b-335e-49fb-aabc-1c6d66829cac	6	29906932	29950810	29	0.011
c95a0d4b-335e-49fb-aabc-1c6d66829cac	6	29953297	29953446	3	-1.291
c95a0d4b-335e-49fb-aabc-1c6d66829cac	6	29958684	31243089	573	0.0097
c95a0d4b-335e-49fb-aabc-1c6d66829cac	6	31261685	31261867	3	-1.3915
c95a0d4b-335e-49fb-aabc-1c6d66829cac	6	31262890	31313046	45	0.0273
c95a0d4b-335e-49fb-aabc-1c6d66829cac	6	31318499	31328176	8	1.213
c95a0d4b-335e-49fb-aabc-1c6d66829cac	6	31328210	32627306	549	0.0226
c95a0d4b-335e-49fb-aabc-1c6d66829cac	6	32627455	32633540	2	-2.39
c95a0d4b-335e-49fb-aabc-1c6d66829cac	6	32634330	32656527	8	-0.081
c95a0d4b-335e-49fb-aabc-1c6d66829cac	6	32656814	32658841	5	1.3278
c95a0d4b-335e-49fb-aabc-1c6d66829cac	6	32682835	32718088	35	0.0686
c95a0d4b-335e-49fb-aabc-1c6d66829cac	6	32718419	32721076	4	-0.9478
c95a0d4b-335e-49fb-aabc-1c6d66829cac	6	32721547	53230063	12992	0.0037
c95a0d4b-335e-49fb-aabc-1c6d66829cac	6	53230642	53231008	3	-2.2302
c95a0d4b-335e-49fb-aabc-1c6d66829cac	6	53231884	58032364	2687	0.0018
c95a0d4b-335e-49fb-aabc-1c6d66829cac	6	58037310	61864351	743	0.0756
c95a0d4b-335e-49fb-aabc-1c6d66829cac	6	61866014	64627049	1425	0.0002
c95a0d4b-335e-49fb-aabc-1c6d66829cac	6	64637651	64639099	2	-1.866
c95a0d4b-335e-49fb-aabc-1c6d66829cac	6	64640883	66295080	1098	0.0089
c95a0d4b-335e-49fb-aabc-1c6d66829cac	6	66298393	66338736	56	-0.7096
c95a0d4b-335e-49fb-aabc-1c6d66829cac	6	66339513	76730151	6760	0.0129
c95a0d4b-335e-49fb-aabc-1c6d66829cac	6	76730331	76758921	26	-0.3965
c95a0d4b-335e-49fb-aabc-1c6d66829cac	6	76759379	78262085	975	0.0073
c95a0d4b-335e-49fb-aabc-1c6d66829cac	6	78262117	78331916	107	0.3351
c95a0d4b-335e-49fb-aabc-1c6d66829cac	6	78332002	93765426	9876	0.0052
c95a0d4b-335e-49fb-aabc-1c6d66829cac	6	93768888	94949948	768	0.0972
c95a0d4b-335e-49fb-aabc-1c6d66829cac	6	94952501	103286954	4781	0.0045
c95a0d4b-335e-49fb-aabc-1c6d66829cac	6	103290101	103314186	46	-1.2586
c95a0d4b-335e-49fb-aabc-1c6d66829cac	6	103317795	113900791	6652	-0.0001
c95a0d4b-335e-49fb-aabc-1c6d66829cac	6	113903677	113903852	2	-2.5152
c95a0d4b-335e-49fb-aabc-1c6d66829cac	6	113904647	124110629	5997	0.0077
c95a0d4b-335e-49fb-aabc-1c6d66829cac	6	124114796	124149220	20	0.6799
c95a0d4b-335e-49fb-aabc-1c6d66829cac	6	124149616	133945130	6342	0.0067
c95a0d4b-335e-49fb-aabc-1c6d66829cac	6	133947933	133948494	2	-1.5092
c95a0d4b-335e-49fb-aabc-1c6d66829cac	6	133950934	151974478	11875	0.0031
c95a0d4b-335e-49fb-aabc-1c6d66829cac	6	151974861	151975147	5	1.1912
c95a0d4b-335e-49fb-aabc-1c6d66829cac	6	151980270	165310563	9546	0.012
c95a0d4b-335e-49fb-aabc-1c6d66829cac	6	165318037	165318439	2	-1.9834
c95a0d4b-335e-49fb-aabc-1c6d66829cac	6	165321163	170741917	3585	0.0033
c95a0d4b-335e-49fb-aabc-1c6d66829cac	7	43355	16657813	11364	0.0165
c95a0d4b-335e-49fb-aabc-1c6d66829cac	7	16660822	16662219	10	-0.8983
c95a0d4b-335e-49fb-aabc-1c6d66829cac	7	16670083	17043270	314	-0.0078
c95a0d4b-335e-49fb-aabc-1c6d66829cac	7	17044045	17637205	465	0.0896
c95a0d4b-335e-49fb-aabc-1c6d66829cac	7	17641934	18855674	917	0.001
c95a0d4b-335e-49fb-aabc-1c6d66829cac	7	18855827	19572623	812	0.0805
c95a0d4b-335e-49fb-aabc-1c6d66829cac	7	19575710	40423162	14881	0.0096
c95a0d4b-335e-49fb-aabc-1c6d66829cac	7	40430620	40430707	2	1.3828
c95a0d4b-335e-49fb-aabc-1c6d66829cac	7	40433405	54305455	9606	0.0007
c95a0d4b-335e-49fb-aabc-1c6d66829cac	7	54318812	54318824	6	-2.2463
c95a0d4b-335e-49fb-aabc-1c6d66829cac	7	54325795	57607633	1947	0.0069
c95a0d4b-335e-49fb-aabc-1c6d66829cac	7	57622983	61089312	96	0.6138
c95a0d4b-335e-49fb-aabc-1c6d66829cac	7	61091469	88508071	13791	0.0055
c95a0d4b-335e-49fb-aabc-1c6d66829cac	7	88509034	90273219	1172	0.0828
c95a0d4b-335e-49fb-aabc-1c6d66829cac	7	90273291	91578827	924	-0.0021
c95a0d4b-335e-49fb-aabc-1c6d66829cac	7	91589569	91589817	3	-1.3491
c95a0d4b-335e-49fb-aabc-1c6d66829cac	7	91595717	102708738	5910	0.007
c95a0d4b-335e-49fb-aabc-1c6d66829cac	7	102715075	102716955	4	-0.9778
c95a0d4b-335e-49fb-aabc-1c6d66829cac	7	102732564	109793741	4520	0.0024
c95a0d4b-335e-49fb-aabc-1c6d66829cac	7	109797035	109801155	24	-0.4802
c95a0d4b-335e-49fb-aabc-1c6d66829cac	7	109801187	109813853	11	-1.7565
c95a0d4b-335e-49fb-aabc-1c6d66829cac	7	109813925	142063324	19922	0.009
c95a0d4b-335e-49fb-aabc-1c6d66829cac	7	142069843	142092307	34	0.391
c95a0d4b-335e-49fb-aabc-1c6d66829cac	7	142099190	144306653	1210	0.0391
c95a0d4b-335e-49fb-aabc-1c6d66829cac	7	144312471	144336758	3	1.3203
c95a0d4b-335e-49fb-aabc-1c6d66829cac	7	144343967	157975705	8806	0.0063
c95a0d4b-335e-49fb-aabc-1c6d66829cac	7	157978145	157978919	3	-1.3332
c95a0d4b-335e-49fb-aabc-1c6d66829cac	7	157985169	159334314	816	0.0192
c95a0d4b-335e-49fb-aabc-1c6d66829cac	8	81254	7513956	7744	0.0108
c95a0d4b-335e-49fb-aabc-1c6d66829cac	8	7514723	7537162	3	1.8503
c95a0d4b-335e-49fb-aabc-1c6d66829cac	8	7598502	7886542	6	-0.2183
c95a0d4b-335e-49fb-aabc-1c6d66829cac	8	7888457	8214781	26	0.5033
c95a0d4b-335e-49fb-aabc-1c6d66829cac	8	8234503	12092042	3214	0.0072
c95a0d4b-335e-49fb-aabc-1c6d66829cac	8	12130217	12176798	7	-1.0542
c95a0d4b-335e-49fb-aabc-1c6d66829cac	8	12177488	12383679	16	0.2935
c95a0d4b-335e-49fb-aabc-1c6d66829cac	8	12383996	13540540	844	0.0029
c95a0d4b-335e-49fb-aabc-1c6d66829cac	8	13540884	13806279	310	0.1125
c95a0d4b-335e-49fb-aabc-1c6d66829cac	8	13807672	15435453	1511	-0.001
c95a0d4b-335e-49fb-aabc-1c6d66829cac	8	15436422	15439194	3	-0.9991
c95a0d4b-335e-49fb-aabc-1c6d66829cac	8	15440506	25116928	7738	0.0067
c95a0d4b-335e-49fb-aabc-1c6d66829cac	8	25116961	25122039	13	0.5969
c95a0d4b-335e-49fb-aabc-1c6d66829cac	8	25122389	25122391	2	-1.7502
c95a0d4b-335e-49fb-aabc-1c6d66829cac	8	25122414	25122472	5	-0.1122
c95a0d4b-335e-49fb-aabc-1c6d66829cac	8	25126554	25126818	6	0.6618
c95a0d4b-335e-49fb-aabc-1c6d66829cac	8	25133589	27271166	1653	0.0005
c95a0d4b-335e-49fb-aabc-1c6d66829cac	8	27272369	27275286	2	-1.5837
c95a0d4b-335e-49fb-aabc-1c6d66829cac	8	27276583	32821348	3752	-0.0037
c95a0d4b-335e-49fb-aabc-1c6d66829cac	8	32825580	32829101	5	0.8171
c95a0d4b-335e-49fb-aabc-1c6d66829cac	8	32829941	39373140	3567	-0.0019
c95a0d4b-335e-49fb-aabc-1c6d66829cac	8	39378084	39529446	58	-2.0926
c95a0d4b-335e-49fb-aabc-1c6d66829cac	8	39530780	84345754	25800	0.0037
c95a0d4b-335e-49fb-aabc-1c6d66829cac	8	84350648	84356431	19	-0.9947
c95a0d4b-335e-49fb-aabc-1c6d66829cac	8	84358447	105971462	12839	0.0017
c95a0d4b-335e-49fb-aabc-1c6d66829cac	8	105972873	106521903	389	0.0985
c95a0d4b-335e-49fb-aabc-1c6d66829cac	8	106523079	111279265	2835	0.0128
c95a0d4b-335e-49fb-aabc-1c6d66829cac	8	111282050	111283031	10	-1.1997
c95a0d4b-335e-49fb-aabc-1c6d66829cac	8	111288052	137249634	18146	0.0012
c95a0d4b-335e-49fb-aabc-1c6d66829cac	8	137250920	137251248	4	-1.0674
c95a0d4b-335e-49fb-aabc-1c6d66829cac	8	137251492	142668300	3848	-0.0054
c95a0d4b-335e-49fb-aabc-1c6d66829cac	8	142668572	142668654	2	-1.3775
c95a0d4b-335e-49fb-aabc-1c6d66829cac	8	142670817	145072769	863	0.0012
c95a0d4b-335e-49fb-aabc-1c6d66829cac	9	46587	23361807	20367	0.0187
c95a0d4b-335e-49fb-aabc-1c6d66829cac	9	23363117	23379721	10	1.0333
c95a0d4b-335e-49fb-aabc-1c6d66829cac	9	23380447	39807498	10716	0.0077
c95a0d4b-335e-49fb-aabc-1c6d66829cac	9	39827488	39833357	2	-2.111
c95a0d4b-335e-49fb-aabc-1c6d66829cac	9	39840169	64877074	346	0.1394
c95a0d4b-335e-49fb-aabc-1c6d66829cac	9	64881149	102023164	23528	-0.0002
c95a0d4b-335e-49fb-aabc-1c6d66829cac	9	102024050	102254173	198	0.132
c95a0d4b-335e-49fb-aabc-1c6d66829cac	9	102254218	104685351	1786	0.0152
c95a0d4b-335e-49fb-aabc-1c6d66829cac	9	104685531	104685959	2	-1.7478
c95a0d4b-335e-49fb-aabc-1c6d66829cac	9	104685979	116090405	8627	0.0015
c95a0d4b-335e-49fb-aabc-1c6d66829cac	9	116092945	116098328	7	0.7953
c95a0d4b-335e-49fb-aabc-1c6d66829cac	9	116098635	138200944	13687	-0.0019
c95a0d4b-335e-49fb-aabc-1c6d66829cac	10	45792	32313532	25045	0.0067
c95a0d4b-335e-49fb-aabc-1c6d66829cac	10	32314786	32316012	2	-1.6092
c95a0d4b-335e-49fb-aabc-1c6d66829cac	10	32316261	37166217	3219	0.006
c95a0d4b-335e-49fb-aabc-1c6d66829cac	10	37172220	37178686	2	1.6667
c95a0d4b-335e-49fb-aabc-1c6d66829cac	10	37190486	45798061	3097	0.0112
c95a0d4b-335e-49fb-aabc-1c6d66829cac	10	45798171	45817039	2	-1.6071
c95a0d4b-335e-49fb-aabc-1c6d66829cac	10	45936113	46618028	277	0.0078
c95a0d4b-335e-49fb-aabc-1c6d66829cac	10	46631433	46632302	2	-3.1804
c95a0d4b-335e-49fb-aabc-1c6d66829cac	10	46657149	65546518	12655	0.0143
c95a0d4b-335e-49fb-aabc-1c6d66829cac	10	65548165	65554688	28	-2.0767
c95a0d4b-335e-49fb-aabc-1c6d66829cac	10	65563037	79625693	9216	0.0065
c95a0d4b-335e-49fb-aabc-1c6d66829cac	10	79649470	79737848	9	-1.0479
c95a0d4b-335e-49fb-aabc-1c6d66829cac	10	79747269	122574497	29022	0.0016
c95a0d4b-335e-49fb-aabc-1c6d66829cac	10	122584593	122591497	6	-1.0759
c95a0d4b-335e-49fb-aabc-1c6d66829cac	10	122597296	133654968	7877	0.0039
c95a0d4b-335e-49fb-aabc-1c6d66829cac	11	198510	4946166	2412	0.014
c95a0d4b-335e-49fb-aabc-1c6d66829cac	11	4946420	4954475	29	-0.4673
c95a0d4b-335e-49fb-aabc-1c6d66829cac	11	4955027	5762693	779	0.0155
c95a0d4b-335e-49fb-aabc-1c6d66829cac	11	5766175	5787909	33	-0.647
c95a0d4b-335e-49fb-aabc-1c6d66829cac	11	5788108	6042107	200	-0.0006
c95a0d4b-335e-49fb-aabc-1c6d66829cac	11	6042524	6045978	2	-1.7747
c95a0d4b-335e-49fb-aabc-1c6d66829cac	11	6048711	18919323	9184	0.0027
c95a0d4b-335e-49fb-aabc-1c6d66829cac	11	18927525	18939631	35	0.4548
c95a0d4b-335e-49fb-aabc-1c6d66829cac	11	18939734	101723653	50226	0.0096
c95a0d4b-335e-49fb-aabc-1c6d66829cac	11	101727129	101727233	4	-1.3639
c95a0d4b-335e-49fb-aabc-1c6d66829cac	11	101727481	116021218	9553	0.0045
c95a0d4b-335e-49fb-aabc-1c6d66829cac	11	116026679	116027117	2	-1.7371
c95a0d4b-335e-49fb-aabc-1c6d66829cac	11	116029276	135074876	14115	0.0025
c95a0d4b-335e-49fb-aabc-1c6d66829cac	12	51460	8204911	5528	0.0047
c95a0d4b-335e-49fb-aabc-1c6d66829cac	12	8209454	8220161	9	0.9688
c95a0d4b-335e-49fb-aabc-1c6d66829cac	12	8241232	8404097	51	0.0278
c95a0d4b-335e-49fb-aabc-1c6d66829cac	12	8405892	8423870	15	1.1774
c95a0d4b-335e-49fb-aabc-1c6d66829cac	12	8428232	9464487	550	-0.0014
c95a0d4b-335e-49fb-aabc-1c6d66829cac	12	9466572	9562969	31	0.359
c95a0d4b-335e-49fb-aabc-1c6d66829cac	12	9575696	11358643	1174	0.0063
c95a0d4b-335e-49fb-aabc-1c6d66829cac	12	11358644	11390452	29	-0.908
c95a0d4b-335e-49fb-aabc-1c6d66829cac	12	11390472	13178235	1379	0.0161
c95a0d4b-335e-49fb-aabc-1c6d66829cac	12	13178404	13181928	3	-1.2482
c95a0d4b-335e-49fb-aabc-1c6d66829cac	12	13182206	33141710	13949	0.0079
c95a0d4b-335e-49fb-aabc-1c6d66829cac	12	33141726	33154440	28	-0.5973
c95a0d4b-335e-49fb-aabc-1c6d66829cac	12	33155426	133201603	61880	0.0046
c95a0d4b-335e-49fb-aabc-1c6d66829cac	13	18452809	20318259	914	0.0107
c95a0d4b-335e-49fb-aabc-1c6d66829cac	13	20318465	20318550	2	-2.316
c95a0d4b-335e-49fb-aabc-1c6d66829cac	13	20319292	23055048	1935	0.017
c95a0d4b-335e-49fb-aabc-1c6d66829cac	13	23055071	23059376	13	-1.8998
c95a0d4b-335e-49fb-aabc-1c6d66829cac	13	23064056	31958485	6682	0.0019
c95a0d4b-335e-49fb-aabc-1c6d66829cac	13	31958590	31964286	17	-0.7159
c95a0d4b-335e-49fb-aabc-1c6d66829cac	13	31965910	37496998	3887	-0.0047
c95a0d4b-335e-49fb-aabc-1c6d66829cac	13	37497899	37514193	17	0.7175
c95a0d4b-335e-49fb-aabc-1c6d66829cac	13	37514237	38478674	698	0.0043
c95a0d4b-335e-49fb-aabc-1c6d66829cac	13	38483435	38483919	2	-1.4655
c95a0d4b-335e-49fb-aabc-1c6d66829cac	13	38490920	48957415	7303	0.0026
c95a0d4b-335e-49fb-aabc-1c6d66829cac	13	48959579	48962368	2	-2.5181
c95a0d4b-335e-49fb-aabc-1c6d66829cac	13	48963569	57129929	4473	0.0183
c95a0d4b-335e-49fb-aabc-1c6d66829cac	13	57138666	57462184	197	0.1641
c95a0d4b-335e-49fb-aabc-1c6d66829cac	13	57464732	62232848	2866	0.0022
c95a0d4b-335e-49fb-aabc-1c6d66829cac	13	62235141	62235349	3	-1.7798
c95a0d4b-335e-49fb-aabc-1c6d66829cac	13	62243960	71902850	5938	0.0189
c95a0d4b-335e-49fb-aabc-1c6d66829cac	13	71903417	71906418	4	-2.4027
c95a0d4b-335e-49fb-aabc-1c6d66829cac	13	71906467	88933575	11042	0.0089
c95a0d4b-335e-49fb-aabc-1c6d66829cac	13	88935957	88941851	2	-1.5917
c95a0d4b-335e-49fb-aabc-1c6d66829cac	13	88942136	92590162	2337	0.0081
c95a0d4b-335e-49fb-aabc-1c6d66829cac	13	92590724	92591395	2	-2.0128
c95a0d4b-335e-49fb-aabc-1c6d66829cac	13	92591564	114342922	15600	0.0025
c95a0d4b-335e-49fb-aabc-1c6d66829cac	14	18239283	19185951	39	-0.1605
c95a0d4b-335e-49fb-aabc-1c6d66829cac	14	19197351	19957350	130	1.0027
c95a0d4b-335e-49fb-aabc-1c6d66829cac	14	19957701	21862151	1264	0.0094
c95a0d4b-335e-49fb-aabc-1c6d66829cac	14	21862255	22575361	658	0.1228
c95a0d4b-335e-49fb-aabc-1c6d66829cac	14	22578899	44350506	13556	0.0101
c95a0d4b-335e-49fb-aabc-1c6d66829cac	14	44350987	44458009	65	0.6533
c95a0d4b-335e-49fb-aabc-1c6d66829cac	14	44458791	106117522	39173	0.0031
c95a0d4b-335e-49fb-aabc-1c6d66829cac	14	106117964	106311479	91	0.6874
c95a0d4b-335e-49fb-aabc-1c6d66829cac	14	106311541	106340774	7	0.1343
c95a0d4b-335e-49fb-aabc-1c6d66829cac	14	106345431	106364815	7	-0.6708
c95a0d4b-335e-49fb-aabc-1c6d66829cac	14	106365807	106877229	271	0.0743
c95a0d4b-335e-49fb-aabc-1c6d66829cac	15	19811075	20001686	45	0.1014
c95a0d4b-335e-49fb-aabc-1c6d66829cac	15	20011702	20064520	9	-1.3221
c95a0d4b-335e-49fb-aabc-1c6d66829cac	15	20187568	20670989	97	0.1177
c95a0d4b-335e-49fb-aabc-1c6d66829cac	15	20981071	20988347	5	-1.2374
c95a0d4b-335e-49fb-aabc-1c6d66829cac	15	21005443	24422282	1038	0.0148
c95a0d4b-335e-49fb-aabc-1c6d66829cac	15	24424509	24480146	37	-0.4279
c95a0d4b-335e-49fb-aabc-1c6d66829cac	15	24482084	30231102	3590	0.0105
c95a0d4b-335e-49fb-aabc-1c6d66829cac	15	30252720	30269364	5	1.287
c95a0d4b-335e-49fb-aabc-1c6d66829cac	15	30281107	34368055	2567	0.0071
c95a0d4b-335e-49fb-aabc-1c6d66829cac	15	34368215	34479430	53	0.2591
c95a0d4b-335e-49fb-aabc-1c6d66829cac	15	34481079	76599170	26354	0.0016
c95a0d4b-335e-49fb-aabc-1c6d66829cac	15	76599286	76603434	20	-1.9029
c95a0d4b-335e-49fb-aabc-1c6d66829cac	15	76609838	101928837	17560	0.0057
c95a0d4b-335e-49fb-aabc-1c6d66829cac	16	10777	6591117	3848	-0.0054
c95a0d4b-335e-49fb-aabc-1c6d66829cac	16	6591632	6610168	40	-1.0803
c95a0d4b-335e-49fb-aabc-1c6d66829cac	16	6613260	22407380	10846	0.002
c95a0d4b-335e-49fb-aabc-1c6d66829cac	16	22408871	22790687	163	0.1717
c95a0d4b-335e-49fb-aabc-1c6d66829cac	16	22791396	78337711	26254	0.0012
c95a0d4b-335e-49fb-aabc-1c6d66829cac	16	78338543	78350841	16	-1.9047
c95a0d4b-335e-49fb-aabc-1c6d66829cac	16	78350868	85320291	7423	-0.0014
c95a0d4b-335e-49fb-aabc-1c6d66829cac	16	85324636	85326155	3	-1.3723
c95a0d4b-335e-49fb-aabc-1c6d66829cac	16	85327901	90096867	3151	0.0005
c95a0d4b-335e-49fb-aabc-1c6d66829cac	17	150733	15623842	9979	0.0038
c95a0d4b-335e-49fb-aabc-1c6d66829cac	17	15639847	15643476	3	-1.2966
c95a0d4b-335e-49fb-aabc-1c6d66829cac	17	15650964	18413879	1381	-0.0003
c95a0d4b-335e-49fb-aabc-1c6d66829cac	17	18414080	18550123	26	0.5257
c95a0d4b-335e-49fb-aabc-1c6d66829cac	17	18561272	41266838	9382	0.004
c95a0d4b-335e-49fb-aabc-1c6d66829cac	17	41266851	41273934	17	-0.6707
c95a0d4b-335e-49fb-aabc-1c6d66829cac	17	41274198	46085732	2498	0.0067
c95a0d4b-335e-49fb-aabc-1c6d66829cac	17	46088437	46276519	121	0.3186
c95a0d4b-335e-49fb-aabc-1c6d66829cac	17	46284643	78285287	19217	0.0053
c95a0d4b-335e-49fb-aabc-1c6d66829cac	17	78286051	78286887	2	-2.1112
c95a0d4b-335e-49fb-aabc-1c6d66829cac	17	78290662	80627616	1343	-0.0137
c95a0d4b-335e-49fb-aabc-1c6d66829cac	17	80630401	80684347	34	0.4589
c95a0d4b-335e-49fb-aabc-1c6d66829cac	17	80685817	83091923	941	0.0022
c95a0d4b-335e-49fb-aabc-1c6d66829cac	18	48133	1847741	1269	0.026
c95a0d4b-335e-49fb-aabc-1c6d66829cac	18	1852511	1959636	106	0.1882
c95a0d4b-335e-49fb-aabc-1c6d66829cac	18	1960198	14084501	8624	0.0081
c95a0d4b-335e-49fb-aabc-1c6d66829cac	18	14084676	14869218	232	0.1543
c95a0d4b-335e-49fb-aabc-1c6d66829cac	18	14872548	65761813	29707	0.0044
c95a0d4b-335e-49fb-aabc-1c6d66829cac	18	65765143	66127492	318	0.1067
c95a0d4b-335e-49fb-aabc-1c6d66829cac	18	66127693	71431588	3792	0.0214
c95a0d4b-335e-49fb-aabc-1c6d66829cac	18	71434576	73697627	1796	0.0749
c95a0d4b-335e-49fb-aabc-1c6d66829cac	18	73699619	80257174	4749	0.0077
c95a0d4b-335e-49fb-aabc-1c6d66829cac	19	90910	35358420	16679	0.0024
c95a0d4b-335e-49fb-aabc-1c6d66829cac	19	35364451	35370767	19	-0.4802
c95a0d4b-335e-49fb-aabc-1c6d66829cac	19	35370877	42879062	3717	-0.0134
c95a0d4b-335e-49fb-aabc-1c6d66829cac	19	42882033	43087101	94	0.1897
c95a0d4b-335e-49fb-aabc-1c6d66829cac	19	43087618	44401739	819	0.002
c95a0d4b-335e-49fb-aabc-1c6d66829cac	19	44402359	44402382	2	-1.9221
c95a0d4b-335e-49fb-aabc-1c6d66829cac	19	44402845	51639677	3401	-0.0017
c95a0d4b-335e-49fb-aabc-1c6d66829cac	19	51641117	51644944	8	-0.9263
c95a0d4b-335e-49fb-aabc-1c6d66829cac	19	51651652	53013829	937	0.0228
c95a0d4b-335e-49fb-aabc-1c6d66829cac	19	53015494	53044108	21	0.5315
c95a0d4b-335e-49fb-aabc-1c6d66829cac	19	53048976	54215136	772	-0.0115
c95a0d4b-335e-49fb-aabc-1c6d66829cac	19	54226329	54237443	16	0.7758
c95a0d4b-335e-49fb-aabc-1c6d66829cac	19	54249482	58586487	2585	-0.0106
c95a0d4b-335e-49fb-aabc-1c6d66829cac	20	80664	1576544	1182	0.0069
c95a0d4b-335e-49fb-aabc-1c6d66829cac	20	1576573	1601561	56	-0.8351
c95a0d4b-335e-49fb-aabc-1c6d66829cac	20	1609611	8288554	4964	0.0058
c95a0d4b-335e-49fb-aabc-1c6d66829cac	20	8288626	8289057	2	-1.4317
c95a0d4b-335e-49fb-aabc-1c6d66829cac	20	8292449	45719923	22708	0.0083
c95a0d4b-335e-49fb-aabc-1c6d66829cac	20	45721734	45749572	26	-0.849
c95a0d4b-335e-49fb-aabc-1c6d66829cac	20	45752208	54028329	5884	0.0042
c95a0d4b-335e-49fb-aabc-1c6d66829cac	20	54031269	54042112	37	-0.7304
c95a0d4b-335e-49fb-aabc-1c6d66829cac	20	54046035	64324800	7442	0.0015
c95a0d4b-335e-49fb-aabc-1c6d66829cac	21	10354168	13028413	96	0.028
c95a0d4b-335e-49fb-aabc-1c6d66829cac	21	13028693	13224688	23	-0.3578
c95a0d4b-335e-49fb-aabc-1c6d66829cac	21	13224711	21676927	5687	0.014
c95a0d4b-335e-49fb-aabc-1c6d66829cac	21	21677539	21677661	2	1.6147
c95a0d4b-335e-49fb-aabc-1c6d66829cac	21	21678383	23232997	1200	0.04
c95a0d4b-335e-49fb-aabc-1c6d66829cac	21	23233477	23238578	5	0.8648
c95a0d4b-335e-49fb-aabc-1c6d66829cac	21	23239224	23447133	175	0.0699
c95a0d4b-335e-49fb-aabc-1c6d66829cac	21	23449235	46585176	16527	-0.0012
c95a0d4b-335e-49fb-aabc-1c6d66829cac	21	46585313	46677045	80	0.14
c95a0d4b-335e-49fb-aabc-1c6d66829cac	22	15294547	18620743	1131	0.0076
c95a0d4b-335e-49fb-aabc-1c6d66829cac	22	18649244	18818348	5	-1.0954
c95a0d4b-335e-49fb-aabc-1c6d66829cac	22	18822581	23815063	3141	-0.0088
c95a0d4b-335e-49fb-aabc-1c6d66829cac	22	23820816	23823674	4	-2.046
c95a0d4b-335e-49fb-aabc-1c6d66829cac	22	23827520	50796027	18955	-0.0016
c95a0d4b-335e-49fb-aabc-1c6d66829cac	X	251810	20362073	12090	0.005
c95a0d4b-335e-49fb-aabc-1c6d66829cac	X	20362105	20364006	3	-2.6379
c95a0d4b-335e-49fb-aabc-1c6d66829cac	X	20367860	22544710	1305	-0.0004
c95a0d4b-335e-49fb-aabc-1c6d66829cac	X	22545233	22545464	2	-2.4969
c95a0d4b-335e-49fb-aabc-1c6d66829cac	X	22545701	38167631	10001	0.0033
c95a0d4b-335e-49fb-aabc-1c6d66829cac	X	38171588	38175835	3	-2.0943
c95a0d4b-335e-49fb-aabc-1c6d66829cac	X	38179598	40417632	1445	-0.0054
c95a0d4b-335e-49fb-aabc-1c6d66829cac	X	40419094	40419683	2	-3.8746
c95a0d4b-335e-49fb-aabc-1c6d66829cac	X	40419806	155952689	58372	0.0047
c95a0d4b-335e-49fb-aabc-1c6d66829cac	Y	2782397	56872112	6640	-0.8866
