GDC_Aliquot	Chromosome	Start	End	Num_Probes	Segment_Mean
a92997d0-40e9-485a-b731-b9bcda917579	1	62920	14011386	6960	-0.0111
a92997d0-40e9-485a-b731-b9bcda917579	1	14011431	14011442	2	-1.6296
a92997d0-40e9-485a-b731-b9bcda917579	1	14011499	15592244	1238	0.0014
a92997d0-40e9-485a-b731-b9bcda917579	1	15592573	15595360	2	-0.9833
a92997d0-40e9-485a-b731-b9bcda917579	1	15595876	15822848	121	-0.0463
a92997d0-40e9-485a-b731-b9bcda917579	1	15823420	15827002	2	-1.2257
a92997d0-40e9-485a-b731-b9bcda917579	1	15827041	16570326	309	-0.0047
a92997d0-40e9-485a-b731-b9bcda917579	1	16583114	16886219	60	0.271
a92997d0-40e9-485a-b731-b9bcda917579	1	16888327	25256850	5304	0.0067
a92997d0-40e9-485a-b731-b9bcda917579	1	25266637	25336853	26	0.5107
a92997d0-40e9-485a-b731-b9bcda917579	1	25346663	34622204	4935	0.0001
a92997d0-40e9-485a-b731-b9bcda917579	1	34622496	34638878	25	-0.4346
a92997d0-40e9-485a-b731-b9bcda917579	1	34638890	37433067	1498	0.0015
a92997d0-40e9-485a-b731-b9bcda917579	1	37434572	37434814	2	-1.064
a92997d0-40e9-485a-b731-b9bcda917579	1	37436534	41279149	2070	0.0009
a92997d0-40e9-485a-b731-b9bcda917579	1	41280098	41281738	3	-0.8927
a92997d0-40e9-485a-b731-b9bcda917579	1	41283638	42695686	928	-0.0043
a92997d0-40e9-485a-b731-b9bcda917579	1	42697875	42698681	2	-1.2672
a92997d0-40e9-485a-b731-b9bcda917579	1	42699213	63218204	13065	0.008
a92997d0-40e9-485a-b731-b9bcda917579	1	63218789	63222399	2	-1.4674
a92997d0-40e9-485a-b731-b9bcda917579	1	63222431	72303233	6165	0.0022
a92997d0-40e9-485a-b731-b9bcda917579	1	72303253	72345465	45	0.5655
a92997d0-40e9-485a-b731-b9bcda917579	1	72346221	104949510	20642	-0.0017
a92997d0-40e9-485a-b731-b9bcda917579	1	104956399	104963200	4	-0.9838
a92997d0-40e9-485a-b731-b9bcda917579	1	104963330	112153465	4894	0
a92997d0-40e9-485a-b731-b9bcda917579	1	112153571	112163440	26	-0.3385
a92997d0-40e9-485a-b731-b9bcda917579	1	112163460	114125677	1162	0.0103
a92997d0-40e9-485a-b731-b9bcda917579	1	114125881	114126552	2	-1.1606
a92997d0-40e9-485a-b731-b9bcda917579	1	114128303	143541857	3994	-0.0007
a92997d0-40e9-485a-b731-b9bcda917579	1	143545399	143927536	121	-0.581
a92997d0-40e9-485a-b731-b9bcda917579	1	143927887	152583051	2313	-0.0018
a92997d0-40e9-485a-b731-b9bcda917579	1	152583230	152614100	34	-1.9832
a92997d0-40e9-485a-b731-b9bcda917579	1	152614118	152789447	168	-0.0292
a92997d0-40e9-485a-b731-b9bcda917579	1	152789463	152796224	36	-1.6793
a92997d0-40e9-485a-b731-b9bcda917579	1	152801429	193186662	27029	-0.0004
a92997d0-40e9-485a-b731-b9bcda917579	1	193187149	193187218	4	-0.8898
a92997d0-40e9-485a-b731-b9bcda917579	1	193190593	194479104	940	-0.0001
a92997d0-40e9-485a-b731-b9bcda917579	1	194482281	194485888	2	-1.2848
a92997d0-40e9-485a-b731-b9bcda917579	1	194487886	195378851	549	0.0246
a92997d0-40e9-485a-b731-b9bcda917579	1	195379014	195379808	2	-0.9949
a92997d0-40e9-485a-b731-b9bcda917579	1	195380656	196843377	959	0.0059
a92997d0-40e9-485a-b731-b9bcda917579	1	196843400	196846661	2	4.0426
a92997d0-40e9-485a-b731-b9bcda917579	1	196847600	196858725	7	-0.1313
a92997d0-40e9-485a-b731-b9bcda917579	1	196859649	196888318	32	0.2544
a92997d0-40e9-485a-b731-b9bcda917579	1	196893150	220764449	16273	0.0007
a92997d0-40e9-485a-b731-b9bcda917579	1	220766406	220777793	13	-0.5155
a92997d0-40e9-485a-b731-b9bcda917579	1	220780435	248930189	19441	0.0013
a92997d0-40e9-485a-b731-b9bcda917579	2	12784	34466002	24059	0.0003
a92997d0-40e9-485a-b731-b9bcda917579	2	34474248	34511990	46	0.4297
a92997d0-40e9-485a-b731-b9bcda917579	2	34512096	76325754	28335	-0.0004
a92997d0-40e9-485a-b731-b9bcda917579	2	76327650	76335213	10	-0.5803
a92997d0-40e9-485a-b731-b9bcda917579	2	76338343	86250186	6325	0.0017
a92997d0-40e9-485a-b731-b9bcda917579	2	86250341	86251506	2	-1.6852
a92997d0-40e9-485a-b731-b9bcda917579	2	86251857	97537802	2189	0.0243
a92997d0-40e9-485a-b731-b9bcda917579	2	97540809	97545247	3	-1.6654
a92997d0-40e9-485a-b731-b9bcda917579	2	97545726	123123640	15371	0.0026
a92997d0-40e9-485a-b731-b9bcda917579	2	123126362	123133483	6	-2.1396
a92997d0-40e9-485a-b731-b9bcda917579	2	123135123	127099470	2543	0.0088
a92997d0-40e9-485a-b731-b9bcda917579	2	127100187	127101070	3	-1.2985
a92997d0-40e9-485a-b731-b9bcda917579	2	127103254	146107015	11453	0.0008
a92997d0-40e9-485a-b731-b9bcda917579	2	146107511	146120842	22	-0.4101
a92997d0-40e9-485a-b731-b9bcda917579	2	146120874	207485467	36915	0.0005
a92997d0-40e9-485a-b731-b9bcda917579	2	207485523	207485538	2	-1.6181
a92997d0-40e9-485a-b731-b9bcda917579	2	207485595	213674025	3947	0.0017
a92997d0-40e9-485a-b731-b9bcda917579	2	213674355	213684830	6	-0.6715
a92997d0-40e9-485a-b731-b9bcda917579	2	213685290	220701361	4505	0.0021
a92997d0-40e9-485a-b731-b9bcda917579	2	220706180	220706442	3	-1.0755
a92997d0-40e9-485a-b731-b9bcda917579	2	220709385	242147305	13611	-0.0007
a92997d0-40e9-485a-b731-b9bcda917579	3	20930	6604856	5812	0.0011
a92997d0-40e9-485a-b731-b9bcda917579	3	6609441	6611645	23	-0.7413
a92997d0-40e9-485a-b731-b9bcda917579	3	6613391	47354111	27585	0.0019
a92997d0-40e9-485a-b731-b9bcda917579	3	47358421	47363961	4	-1.1099
a92997d0-40e9-485a-b731-b9bcda917579	3	47367722	60223894	7446	0.0042
a92997d0-40e9-485a-b731-b9bcda917579	3	60223953	60224644	2	-1.4056
a92997d0-40e9-485a-b731-b9bcda917579	3	60225088	68697013	6858	0.0014
a92997d0-40e9-485a-b731-b9bcda917579	3	68697108	68698262	14	1.1101
a92997d0-40e9-485a-b731-b9bcda917579	3	68699607	82815398	9027	0.0012
a92997d0-40e9-485a-b731-b9bcda917579	3	82823628	82823892	6	-1.7096
a92997d0-40e9-485a-b731-b9bcda917579	3	82831894	98180575	6264	0.0075
a92997d0-40e9-485a-b731-b9bcda917579	3	98189826	98194581	3	-1.4047
a92997d0-40e9-485a-b731-b9bcda917579	3	98195973	99174785	567	-0.0052
a92997d0-40e9-485a-b731-b9bcda917579	3	99175892	99230577	62	0.2323
a92997d0-40e9-485a-b731-b9bcda917579	3	99232120	118152844	11721	0.0042
a92997d0-40e9-485a-b731-b9bcda917579	3	118153037	118153755	4	-1.1034
a92997d0-40e9-485a-b731-b9bcda917579	3	118158563	130044016	6965	0.0076
a92997d0-40e9-485a-b731-b9bcda917579	3	130044855	130067896	10	-0.5854
a92997d0-40e9-485a-b731-b9bcda917579	3	130067910	130087393	28	-1.5615
a92997d0-40e9-485a-b731-b9bcda917579	3	130088081	162807070	20250	0.0061
a92997d0-40e9-485a-b731-b9bcda917579	3	162810842	162822221	8	0.9377
a92997d0-40e9-485a-b731-b9bcda917579	3	162822685	162822702	2	4.4622
a92997d0-40e9-485a-b731-b9bcda917579	3	162827928	193155915	19180	0.0064
a92997d0-40e9-485a-b731-b9bcda917579	3	193156958	193168646	22	-0.5556
a92997d0-40e9-485a-b731-b9bcda917579	3	193168669	193856142	463	0.0156
a92997d0-40e9-485a-b731-b9bcda917579	3	193861172	193862597	4	-0.7257
a92997d0-40e9-485a-b731-b9bcda917579	3	193863470	194913859	692	0.0136
a92997d0-40e9-485a-b731-b9bcda917579	3	194920587	194921116	5	-0.7113
a92997d0-40e9-485a-b731-b9bcda917579	3	194921751	196937288	904	0.0105
a92997d0-40e9-485a-b731-b9bcda917579	3	196938927	196947878	3	-0.9103
a92997d0-40e9-485a-b731-b9bcda917579	3	196948008	198169247	617	0.0374
a92997d0-40e9-485a-b731-b9bcda917579	4	68929	9858273	5315	0.0024
a92997d0-40e9-485a-b731-b9bcda917579	4	9858277	9862603	3	-1.2822
a92997d0-40e9-485a-b731-b9bcda917579	4	9863418	10208766	377	-0.0094
a92997d0-40e9-485a-b731-b9bcda917579	4	10221792	10232642	30	-2.2452
a92997d0-40e9-485a-b731-b9bcda917579	4	10232984	10233644	5	-0.9079
a92997d0-40e9-485a-b731-b9bcda917579	4	10234518	33297413	16142	0.0006
a92997d0-40e9-485a-b731-b9bcda917579	4	33298341	33302391	3	-1.1225
a92997d0-40e9-485a-b731-b9bcda917579	4	33302519	34777382	821	-0.0034
a92997d0-40e9-485a-b731-b9bcda917579	4	34777403	34828250	42	0.595
a92997d0-40e9-485a-b731-b9bcda917579	4	34828291	36009771	766	0.0009
a92997d0-40e9-485a-b731-b9bcda917579	4	36010007	36011231	2	-1.2693
a92997d0-40e9-485a-b731-b9bcda917579	4	36011519	63827261	15770	0.0021
a92997d0-40e9-485a-b731-b9bcda917579	4	63828222	63857475	35	0.3483
a92997d0-40e9-485a-b731-b9bcda917579	4	63859786	68418873	2851	0.0109
a92997d0-40e9-485a-b731-b9bcda917579	4	68422420	68422424	3	1.2632
a92997d0-40e9-485a-b731-b9bcda917579	4	68429081	68478894	9	-0.0719
a92997d0-40e9-485a-b731-b9bcda917579	4	68494770	68618391	66	-0.3024
a92997d0-40e9-485a-b731-b9bcda917579	4	68620122	74837590	3646	0.013
a92997d0-40e9-485a-b731-b9bcda917579	4	74837744	74869980	18	0.492
a92997d0-40e9-485a-b731-b9bcda917579	4	74871324	76368633	958	0.002
a92997d0-40e9-485a-b731-b9bcda917579	4	76370923	76371213	4	-1.3208
a92997d0-40e9-485a-b731-b9bcda917579	4	76371648	146129034	41857	0.0057
a92997d0-40e9-485a-b731-b9bcda917579	4	146131000	146134466	2	-1.7954
a92997d0-40e9-485a-b731-b9bcda917579	4	146134736	170346793	15121	0.0038
a92997d0-40e9-485a-b731-b9bcda917579	4	170346931	170347051	6	-2.138
a92997d0-40e9-485a-b731-b9bcda917579	4	170352007	171448195	685	-0.0043
a92997d0-40e9-485a-b731-b9bcda917579	4	171453733	171456307	9	-1.3124
a92997d0-40e9-485a-b731-b9bcda917579	4	171456559	172066777	400	-0.0076
a92997d0-40e9-485a-b731-b9bcda917579	4	172067997	172068382	12	0.683
a92997d0-40e9-485a-b731-b9bcda917579	4	172074828	186699490	9870	0.0026
a92997d0-40e9-485a-b731-b9bcda917579	4	186700127	186700996	3	-1.0675
a92997d0-40e9-485a-b731-b9bcda917579	4	186703040	188003825	843	-0.0131
a92997d0-40e9-485a-b731-b9bcda917579	4	188007288	188015795	12	-1.0546
a92997d0-40e9-485a-b731-b9bcda917579	4	188017080	190106768	1326	0.0201
a92997d0-40e9-485a-b731-b9bcda917579	5	15532	731776	320	0.0099
a92997d0-40e9-485a-b731-b9bcda917579	5	732788	779766	14	0.4405
a92997d0-40e9-485a-b731-b9bcda917579	5	800724	5799874	4198	-0.0109
a92997d0-40e9-485a-b731-b9bcda917579	5	5800384	5800483	2	-1.5572
a92997d0-40e9-485a-b731-b9bcda917579	5	5802851	21376735	11108	-0.0032
a92997d0-40e9-485a-b731-b9bcda917579	5	21377730	21377744	2	1.2639
a92997d0-40e9-485a-b731-b9bcda917579	5	21385957	21449167	44	0.0581
a92997d0-40e9-485a-b731-b9bcda917579	5	21451091	21550402	18	0.393
a92997d0-40e9-485a-b731-b9bcda917579	5	21553335	46271828	14929	0.0016
a92997d0-40e9-485a-b731-b9bcda917579	5	46272419	46273400	5	-2.1844
a92997d0-40e9-485a-b731-b9bcda917579	5	46278110	58025759	5074	-0.0018
a92997d0-40e9-485a-b731-b9bcda917579	5	58025819	58037706	33	-0.6082
a92997d0-40e9-485a-b731-b9bcda917579	5	58042530	98910948	23576	0.0023
a92997d0-40e9-485a-b731-b9bcda917579	5	98914571	98920433	6	-1.0428
a92997d0-40e9-485a-b731-b9bcda917579	5	98923229	104515520	3234	0.0127
a92997d0-40e9-485a-b731-b9bcda917579	5	104524672	104524903	4	-1.0738
a92997d0-40e9-485a-b731-b9bcda917579	5	104525348	152134610	30724	0.0045
a92997d0-40e9-485a-b731-b9bcda917579	5	152135825	152138739	13	-0.928
a92997d0-40e9-485a-b731-b9bcda917579	5	152138790	180947523	19240	0.0008
a92997d0-40e9-485a-b731-b9bcda917579	5	180951710	180991103	19	-2.2147
a92997d0-40e9-485a-b731-b9bcda917579	5	181006225	181363319	170	-0.0161
a92997d0-40e9-485a-b731-b9bcda917579	6	149661	278146	113	0.0406
a92997d0-40e9-485a-b731-b9bcda917579	6	279695	381149	89	0.2797
a92997d0-40e9-485a-b731-b9bcda917579	6	382559	31313046	22110	-0.0004
a92997d0-40e9-485a-b731-b9bcda917579	6	31318499	31328674	11	1.357
a92997d0-40e9-485a-b731-b9bcda917579	6	31342147	32463515	497	-0.0242
a92997d0-40e9-485a-b731-b9bcda917579	6	32463775	32602588	34	1.546
a92997d0-40e9-485a-b731-b9bcda917579	6	32605994	32656814	28	0.2298
a92997d0-40e9-485a-b731-b9bcda917579	6	32657318	32658841	4	1.4279
a92997d0-40e9-485a-b731-b9bcda917579	6	32682835	32718419	36	0.0483
a92997d0-40e9-485a-b731-b9bcda917579	6	32720838	32721076	3	1.3351
a92997d0-40e9-485a-b731-b9bcda917579	6	32721547	32723053	8	0.3946
a92997d0-40e9-485a-b731-b9bcda917579	6	32732907	35785015	1704	-0.0033
a92997d0-40e9-485a-b731-b9bcda917579	6	35789073	35789522	4	1.2018
a92997d0-40e9-485a-b731-b9bcda917579	6	35801944	54066286	11932	0.0019
a92997d0-40e9-485a-b731-b9bcda917579	6	54066353	54067057	7	-1.41
a92997d0-40e9-485a-b731-b9bcda917579	6	54070550	58087671	2067	-0.007
a92997d0-40e9-485a-b731-b9bcda917579	6	58090832	61128391	394	0.1
a92997d0-40e9-485a-b731-b9bcda917579	6	61135597	64627049	1757	0.0052
a92997d0-40e9-485a-b731-b9bcda917579	6	64637651	64640920	4	0.8226
a92997d0-40e9-485a-b731-b9bcda917579	6	64642128	66298369	1101	0.004
a92997d0-40e9-485a-b731-b9bcda917579	6	66298393	66331020	36	-0.8527
a92997d0-40e9-485a-b731-b9bcda917579	6	66331558	66333004	5	-2.4307
a92997d0-40e9-485a-b731-b9bcda917579	6	66333299	66338736	15	-0.8621
a92997d0-40e9-485a-b731-b9bcda917579	6	66339513	73882142	4992	0.0054
a92997d0-40e9-485a-b731-b9bcda917579	6	73882509	73891694	10	0.7494
a92997d0-40e9-485a-b731-b9bcda917579	6	73893839	76719514	1765	0.0016
a92997d0-40e9-485a-b731-b9bcda917579	6	76719978	76742956	23	-0.4197
a92997d0-40e9-485a-b731-b9bcda917579	6	76742972	78259388	981	0.0166
a92997d0-40e9-485a-b731-b9bcda917579	6	78261980	78325468	111	-0.3086
a92997d0-40e9-485a-b731-b9bcda917579	6	78329517	94469546	10351	0.0036
a92997d0-40e9-485a-b731-b9bcda917579	6	94470194	94953395	317	0.0836
a92997d0-40e9-485a-b731-b9bcda917579	6	94955213	103286954	4786	0.0007
a92997d0-40e9-485a-b731-b9bcda917579	6	103290101	103314174	45	-1.3568
a92997d0-40e9-485a-b731-b9bcda917579	6	103314186	107276496	2489	0.0134
a92997d0-40e9-485a-b731-b9bcda917579	6	107277432	107323278	22	-0.2844
a92997d0-40e9-485a-b731-b9bcda917579	6	107323997	113900791	4149	0.0116
a92997d0-40e9-485a-b731-b9bcda917579	6	113903677	113903852	2	-2.4712
a92997d0-40e9-485a-b731-b9bcda917579	6	113904647	117460335	2015	0.003
a92997d0-40e9-485a-b731-b9bcda917579	6	117462607	117464107	3	-1.9607
a92997d0-40e9-485a-b731-b9bcda917579	6	117468495	170741917	35435	-0.0002
a92997d0-40e9-485a-b731-b9bcda917579	7	43355	9568029	5712	-0.0091
a92997d0-40e9-485a-b731-b9bcda917579	7	9568317	9575493	6	-1.8667
a92997d0-40e9-485a-b731-b9bcda917579	7	9581129	70955452	38844	0.0039
a92997d0-40e9-485a-b731-b9bcda917579	7	70958264	70961155	2	-2.46
a92997d0-40e9-485a-b731-b9bcda917579	7	70963257	88616027	9795	0.0082
a92997d0-40e9-485a-b731-b9bcda917579	7	88616907	89978688	897	0.0681
a92997d0-40e9-485a-b731-b9bcda917579	7	89978760	97777749	5023	0.0016
a92997d0-40e9-485a-b731-b9bcda917579	7	97788295	97788298	2	-1.7454
a92997d0-40e9-485a-b731-b9bcda917579	7	97791337	109797623	6582	0.0035
a92997d0-40e9-485a-b731-b9bcda917579	7	109797700	109813925	23	0.5495
a92997d0-40e9-485a-b731-b9bcda917579	7	109814172	144199159	21186	0.0029
a92997d0-40e9-485a-b731-b9bcda917579	7	144207186	144352208	15	0.834
a92997d0-40e9-485a-b731-b9bcda917579	7	144377836	159334314	9634	0.0015
a92997d0-40e9-485a-b731-b9bcda917579	8	81254	2725657	1896	-0.0162
a92997d0-40e9-485a-b731-b9bcda917579	8	2732385	2733520	4	-1.1652
a92997d0-40e9-485a-b731-b9bcda917579	8	2737696	5667553	3994	0.0021
a92997d0-40e9-485a-b731-b9bcda917579	8	5668141	5669103	5	-1.0262
a92997d0-40e9-485a-b731-b9bcda917579	8	5672879	6969240	1722	-0.0141
a92997d0-40e9-485a-b731-b9bcda917579	8	6969479	6969643	4	-1.6015
a92997d0-40e9-485a-b731-b9bcda917579	8	6969664	8139659	161	0.0728
a92997d0-40e9-485a-b731-b9bcda917579	8	8196822	8214781	4	-1.2366
a92997d0-40e9-485a-b731-b9bcda917579	8	8234503	12177488	3225	-0.0068
a92997d0-40e9-485a-b731-b9bcda917579	8	12323772	12697234	73	0.2169
a92997d0-40e9-485a-b731-b9bcda917579	8	12698533	16402103	3488	0.0009
a92997d0-40e9-485a-b731-b9bcda917579	8	16404726	16417152	28	-0.6255
a92997d0-40e9-485a-b731-b9bcda917579	8	16421186	18807692	2121	0.0015
a92997d0-40e9-485a-b731-b9bcda917579	8	18807982	18808087	3	-1.481
a92997d0-40e9-485a-b731-b9bcda917579	8	18808229	25114672	4722	0.0001
a92997d0-40e9-485a-b731-b9bcda917579	8	25116928	25126554	22	-0.5543
a92997d0-40e9-485a-b731-b9bcda917579	8	25126626	109604123	50127	0.0018
a92997d0-40e9-485a-b731-b9bcda917579	8	109604734	109604765	2	-1.8822
a92997d0-40e9-485a-b731-b9bcda917579	8	109604963	111279123	905	0.0012
a92997d0-40e9-485a-b731-b9bcda917579	8	111279265	111282237	4	-0.7273
a92997d0-40e9-485a-b731-b9bcda917579	8	111282417	111283016	6	-2.0415
a92997d0-40e9-485a-b731-b9bcda917579	8	111283031	141574629	21461	0.0012
a92997d0-40e9-485a-b731-b9bcda917579	8	141574857	141580496	3	-1.3927
a92997d0-40e9-485a-b731-b9bcda917579	8	141585696	145072769	1430	-0.0224
a92997d0-40e9-485a-b731-b9bcda917579	9	46587	7267176	6941	-0.0026
a92997d0-40e9-485a-b731-b9bcda917579	9	7267702	7268068	2	-1.8524
a92997d0-40e9-485a-b731-b9bcda917579	9	7269046	40099921	24207	0.0029
a92997d0-40e9-485a-b731-b9bcda917579	9	40189830	67135566	373	0.1772
a92997d0-40e9-485a-b731-b9bcda917579	9	67149991	114320531	32790	0.0045
a92997d0-40e9-485a-b731-b9bcda917579	9	114325122	114326042	2	1.8904
a92997d0-40e9-485a-b731-b9bcda917579	9	114330749	138200944	15068	-0.0031
a92997d0-40e9-485a-b731-b9bcda917579	10	45792	87286741	58811	0.0021
a92997d0-40e9-485a-b731-b9bcda917579	10	87310039	87353136	12	-0.6717
a92997d0-40e9-485a-b731-b9bcda917579	10	87357543	130949480	30215	0.0031
a92997d0-40e9-485a-b731-b9bcda917579	10	130949770	130949880	2	-1.5597
a92997d0-40e9-485a-b731-b9bcda917579	10	130950398	133654968	1515	-0.0139
a92997d0-40e9-485a-b731-b9bcda917579	11	198510	2752141	936	-0.0132
a92997d0-40e9-485a-b731-b9bcda917579	11	2752241	2753020	3	-1.1407
a92997d0-40e9-485a-b731-b9bcda917579	11	2753609	4254774	807	0.0069
a92997d0-40e9-485a-b731-b9bcda917579	11	4274526	4337826	17	0.5024
a92997d0-40e9-485a-b731-b9bcda917579	11	4363567	4718309	422	0.0209
a92997d0-40e9-485a-b731-b9bcda917579	11	4719435	4720992	4	-0.5923
a92997d0-40e9-485a-b731-b9bcda917579	11	4723262	4946420	224	0.0312
a92997d0-40e9-485a-b731-b9bcda917579	11	4947280	4952664	24	-0.3404
a92997d0-40e9-485a-b731-b9bcda917579	11	4952799	18928326	10229	-0.0023
a92997d0-40e9-485a-b731-b9bcda917579	11	18928709	18940586	38	-0.2706
a92997d0-40e9-485a-b731-b9bcda917579	11	18949158	21825348	2593	0.0035
a92997d0-40e9-485a-b731-b9bcda917579	11	21825960	21827206	5	-0.9722
a92997d0-40e9-485a-b731-b9bcda917579	11	21829111	36269852	10195	0.0024
a92997d0-40e9-485a-b731-b9bcda917579	11	36270515	36271269	2	-1.2852
a92997d0-40e9-485a-b731-b9bcda917579	11	36271767	48576870	7768	0.0028
a92997d0-40e9-485a-b731-b9bcda917579	11	48579882	48581124	2	-1.6827
a92997d0-40e9-485a-b731-b9bcda917579	11	48584766	54743970	888	0.0149
a92997d0-40e9-485a-b731-b9bcda917579	11	54762035	54766290	3	-1.1777
a92997d0-40e9-485a-b731-b9bcda917579	11	54782119	55609022	293	0.069
a92997d0-40e9-485a-b731-b9bcda917579	11	55609035	55674842	39	-0.4372
a92997d0-40e9-485a-b731-b9bcda917579	11	55676735	55677818	4	0.2329
a92997d0-40e9-485a-b731-b9bcda917579	11	55678469	55686100	8	-0.5618
a92997d0-40e9-485a-b731-b9bcda917579	11	55693207	62747409	4174	0.0038
a92997d0-40e9-485a-b731-b9bcda917579	11	62747634	62763622	4	-0.8971
a92997d0-40e9-485a-b731-b9bcda917579	11	62764728	89734053	15644	-0.0016
a92997d0-40e9-485a-b731-b9bcda917579	11	89735715	89814936	14	0.663
a92997d0-40e9-485a-b731-b9bcda917579	11	89815724	89878176	5	-0.955
a92997d0-40e9-485a-b731-b9bcda917579	11	89903029	134287218	31758	0.0064
a92997d0-40e9-485a-b731-b9bcda917579	11	134288564	134439731	105	-0.1888
a92997d0-40e9-485a-b731-b9bcda917579	11	134440907	135074876	519	-0.0268
a92997d0-40e9-485a-b731-b9bcda917579	12	51460	760032	416	-0.0695
a92997d0-40e9-485a-b731-b9bcda917579	12	760097	764863	16	-0.689
a92997d0-40e9-485a-b731-b9bcda917579	12	766188	1551567	446	0.0048
a92997d0-40e9-485a-b731-b9bcda917579	12	1551977	1552787	2	-1.6648
a92997d0-40e9-485a-b731-b9bcda917579	12	1558427	12377763	7340	0.0041
a92997d0-40e9-485a-b731-b9bcda917579	12	12383285	12388935	17	-0.7924
a92997d0-40e9-485a-b731-b9bcda917579	12	12389946	30086978	12255	0.0024
a92997d0-40e9-485a-b731-b9bcda917579	12	30087113	30090642	13	-0.6491
a92997d0-40e9-485a-b731-b9bcda917579	12	30090657	128744341	61171	0.0004
a92997d0-40e9-485a-b731-b9bcda917579	12	128745968	128748000	6	-0.8071
a92997d0-40e9-485a-b731-b9bcda917579	12	128749443	129962919	1088	-0.011
a92997d0-40e9-485a-b731-b9bcda917579	12	129962921	129966017	2	-1.8749
a92997d0-40e9-485a-b731-b9bcda917579	12	129968386	131636170	1398	-0.0268
a92997d0-40e9-485a-b731-b9bcda917579	12	131648039	131658450	15	0.5408
a92997d0-40e9-485a-b731-b9bcda917579	12	131658829	133201603	557	-0.0431
a92997d0-40e9-485a-b731-b9bcda917579	13	18452809	111394382	62533	0.0033
a92997d0-40e9-485a-b731-b9bcda917579	13	111394747	111396310	3	-1.5081
a92997d0-40e9-485a-b731-b9bcda917579	13	111397046	112650701	769	0.0126
a92997d0-40e9-485a-b731-b9bcda917579	13	112650913	112662056	7	-0.5301
a92997d0-40e9-485a-b731-b9bcda917579	13	112665472	114342922	759	-0.0056
a92997d0-40e9-485a-b731-b9bcda917579	14	18239283	19689684	64	0.2124
a92997d0-40e9-485a-b731-b9bcda917579	14	19732024	19955213	102	-0.4168
a92997d0-40e9-485a-b731-b9bcda917579	14	19956767	22105166	1493	0.0032
a92997d0-40e9-485a-b731-b9bcda917579	14	22106097	22502607	357	-0.1166
a92997d0-40e9-485a-b731-b9bcda917579	14	22505269	33352333	6725	0.0045
a92997d0-40e9-485a-b731-b9bcda917579	14	33353629	33354042	2	-1.6299
a92997d0-40e9-485a-b731-b9bcda917579	14	33354336	63341966	19057	0.0042
a92997d0-40e9-485a-b731-b9bcda917579	14	63342454	63343154	2	-1.3682
a92997d0-40e9-485a-b731-b9bcda917579	14	63344451	64293164	644	-0.0049
a92997d0-40e9-485a-b731-b9bcda917579	14	64293266	64293893	8	-0.7286
a92997d0-40e9-485a-b731-b9bcda917579	14	64296215	69547262	3117	0.0018
a92997d0-40e9-485a-b731-b9bcda917579	14	69551330	69555750	9	-0.6835
a92997d0-40e9-485a-b731-b9bcda917579	14	69555996	104337762	22876	-0.0015
a92997d0-40e9-485a-b731-b9bcda917579	14	104339195	104459549	50	-0.2591
a92997d0-40e9-485a-b731-b9bcda917579	14	104459818	105965586	420	-0.001
a92997d0-40e9-485a-b731-b9bcda917579	14	105971774	106321086	128	0.1317
a92997d0-40e9-485a-b731-b9bcda917579	14	106340102	106346129	7	-0.7956
a92997d0-40e9-485a-b731-b9bcda917579	14	106360014	106416146	30	0.0179
a92997d0-40e9-485a-b731-b9bcda917579	14	106418444	106462183	49	-0.5439
a92997d0-40e9-485a-b731-b9bcda917579	14	106462724	106877229	195	0.0194
a92997d0-40e9-485a-b731-b9bcda917579	15	19811075	20056983	50	0.1782
a92997d0-40e9-485a-b731-b9bcda917579	15	20059033	20373168	38	-0.2491
a92997d0-40e9-485a-b731-b9bcda917579	15	20376198	20376311	7	0.2277
a92997d0-40e9-485a-b731-b9bcda917579	15	20380735	20988347	61	-0.4029
a92997d0-40e9-485a-b731-b9bcda917579	15	21005443	21067891	6	-1.5109
a92997d0-40e9-485a-b731-b9bcda917579	15	21070355	21997003	15	-0.5435
a92997d0-40e9-485a-b731-b9bcda917579	15	21999319	23809640	639	-0.0014
a92997d0-40e9-485a-b731-b9bcda917579	15	23810290	23814160	20	-0.8229
a92997d0-40e9-485a-b731-b9bcda917579	15	23820546	24225664	282	0.0202
a92997d0-40e9-485a-b731-b9bcda917579	15	24225955	24469643	109	0.1742
a92997d0-40e9-485a-b731-b9bcda917579	15	24469692	32567657	4706	0.0033
a92997d0-40e9-485a-b731-b9bcda917579	15	32584630	32584783	2	-1.58
a92997d0-40e9-485a-b731-b9bcda917579	15	32610782	41875287	6343	0.0078
a92997d0-40e9-485a-b731-b9bcda917579	15	41877905	41878144	2	-2.0567
a92997d0-40e9-485a-b731-b9bcda917579	15	41879264	63630553	14172	0.0047
a92997d0-40e9-485a-b731-b9bcda917579	15	63632869	63639415	4	-1.2709
a92997d0-40e9-485a-b731-b9bcda917579	15	63642657	101928837	25035	0.0005
a92997d0-40e9-485a-b731-b9bcda917579	16	10777	8332878	5950	-0.0039
a92997d0-40e9-485a-b731-b9bcda917579	16	8332918	8333284	2	-1.9069
a92997d0-40e9-485a-b731-b9bcda917579	16	8333341	18335528	6809	-0.0007
a92997d0-40e9-485a-b731-b9bcda917579	16	18540265	18545889	3	1.3818
a92997d0-40e9-485a-b731-b9bcda917579	16	18583078	19934486	692	0.0044
a92997d0-40e9-485a-b731-b9bcda917579	16	19934577	19959496	30	0.2969
a92997d0-40e9-485a-b731-b9bcda917579	16	19959543	27762706	4926	0.0083
a92997d0-40e9-485a-b731-b9bcda917579	16	27766510	27831503	62	-0.2478
a92997d0-40e9-485a-b731-b9bcda917579	16	27831823	29269733	563	-0.0168
a92997d0-40e9-485a-b731-b9bcda917579	16	29269734	29272383	3	-1.9802
a92997d0-40e9-485a-b731-b9bcda917579	16	29276882	33776048	962	-0.0021
a92997d0-40e9-485a-b731-b9bcda917579	16	33776810	34060396	30	0.2763
a92997d0-40e9-485a-b731-b9bcda917579	16	34061892	35225338	117	-0.0086
a92997d0-40e9-485a-b731-b9bcda917579	16	35232200	35522700	168	0.4927
a92997d0-40e9-485a-b731-b9bcda917579	16	35526596	69943506	15321	0.0046
a92997d0-40e9-485a-b731-b9bcda917579	16	69943532	70163864	47	0.5095
a92997d0-40e9-485a-b731-b9bcda917579	16	70164427	82670976	10247	-0.0059
a92997d0-40e9-485a-b731-b9bcda917579	16	82671506	82678427	16	-0.5494
a92997d0-40e9-485a-b731-b9bcda917579	16	82678710	88707330	5252	-0.0212
a92997d0-40e9-485a-b731-b9bcda917579	16	88707485	88818672	31	-0.3486
a92997d0-40e9-485a-b731-b9bcda917579	16	88823106	90096867	570	-0.0309
a92997d0-40e9-485a-b731-b9bcda917579	17	150733	8339592	4528	-0.0021
a92997d0-40e9-485a-b731-b9bcda917579	17	8344229	8344415	2	-2.1584
a92997d0-40e9-485a-b731-b9bcda917579	17	8346140	45568527	18437	0.0017
a92997d0-40e9-485a-b731-b9bcda917579	17	45571138	45571174	2	-1.875
a92997d0-40e9-485a-b731-b9bcda917579	17	45577724	83091923	22014	-0.0042
a92997d0-40e9-485a-b731-b9bcda917579	18	48133	12004091	8759	-0.0077
a92997d0-40e9-485a-b731-b9bcda917579	18	12005279	12006060	6	-0.8894
a92997d0-40e9-485a-b731-b9bcda917579	18	12006189	31851363	8335	0.0005
a92997d0-40e9-485a-b731-b9bcda917579	18	31855000	32037292	101	0.5591
a92997d0-40e9-485a-b731-b9bcda917579	18	32044528	42471713	6793	0.0038
a92997d0-40e9-485a-b731-b9bcda917579	18	42476604	42482352	29	-0.5675
a92997d0-40e9-485a-b731-b9bcda917579	18	42485248	46297294	2424	-0.0067
a92997d0-40e9-485a-b731-b9bcda917579	18	46298843	46312451	7	-0.8388
a92997d0-40e9-485a-b731-b9bcda917579	18	46313260	65794126	13586	-0.0014
a92997d0-40e9-485a-b731-b9bcda917579	18	65794517	65794891	2	-1.3105
a92997d0-40e9-485a-b731-b9bcda917579	18	65795238	66050517	212	0.0058
a92997d0-40e9-485a-b731-b9bcda917579	18	66054343	66061104	13	-0.4444
a92997d0-40e9-485a-b731-b9bcda917579	18	66065502	69076108	2214	0.0018
a92997d0-40e9-485a-b731-b9bcda917579	18	69078869	69090513	40	-0.8009
a92997d0-40e9-485a-b731-b9bcda917579	18	69090550	75487736	4809	-0.0051
a92997d0-40e9-485a-b731-b9bcda917579	18	75491958	75500058	9	-1.2648
a92997d0-40e9-485a-b731-b9bcda917579	18	75502154	80257174	3341	-0.014
a92997d0-40e9-485a-b731-b9bcda917579	19	90910	12581187	5038	-0.0019
a92997d0-40e9-485a-b731-b9bcda917579	19	12586552	12587288	2	-1.7665
a92997d0-40e9-485a-b731-b9bcda917579	19	12589709	24192647	6062	0.0061
a92997d0-40e9-485a-b731-b9bcda917579	19	24196300	24236573	11	-0.8454
a92997d0-40e9-485a-b731-b9bcda917579	19	24237261	24278016	15	-0.0806
a92997d0-40e9-485a-b731-b9bcda917579	19	24278618	24282155	9	-0.7258
a92997d0-40e9-485a-b731-b9bcda917579	19	24304880	35358420	5553	0.0029
a92997d0-40e9-485a-b731-b9bcda917579	19	35364451	35370946	21	-0.6136
a92997d0-40e9-485a-b731-b9bcda917579	19	35375842	40846832	2768	-0.0002
a92997d0-40e9-485a-b731-b9bcda917579	19	40854267	40886250	21	0.5918
a92997d0-40e9-485a-b731-b9bcda917579	19	40886749	55757730	7727	0.0021
a92997d0-40e9-485a-b731-b9bcda917579	19	55760397	55774927	10	0.5844
a92997d0-40e9-485a-b731-b9bcda917579	19	55777575	58579806	1832	-0.0073
a92997d0-40e9-485a-b731-b9bcda917579	19	58581872	58586487	6	-0.6738
a92997d0-40e9-485a-b731-b9bcda917579	20	80664	1579916	1198	-0.0225
a92997d0-40e9-485a-b731-b9bcda917579	20	1580141	1613203	45	-0.6285
a92997d0-40e9-485a-b731-b9bcda917579	20	1613247	4057725	1687	-0.0047
a92997d0-40e9-485a-b731-b9bcda917579	20	4058019	4058537	2	-1.2953
a92997d0-40e9-485a-b731-b9bcda917579	20	4060093	5697092	1262	-0.0021
a92997d0-40e9-485a-b731-b9bcda917579	20	5697112	5710588	11	-0.6346
a92997d0-40e9-485a-b731-b9bcda917579	20	5711032	50165997	27760	0.0019
a92997d0-40e9-485a-b731-b9bcda917579	20	50175182	50176256	2	-1.5716
a92997d0-40e9-485a-b731-b9bcda917579	20	50178380	64324800	10351	0.0011
a92997d0-40e9-485a-b731-b9bcda917579	21	10354168	36555674	16700	0.0064
a92997d0-40e9-485a-b731-b9bcda917579	21	36557014	36557831	2	-1.5005
a92997d0-40e9-485a-b731-b9bcda917579	21	36558060	38647412	1664	0.0064
a92997d0-40e9-485a-b731-b9bcda917579	21	38647914	38653325	14	-0.4833
a92997d0-40e9-485a-b731-b9bcda917579	21	38653521	46677045	5457	-0.0069
a92997d0-40e9-485a-b731-b9bcda917579	22	15294547	15484297	10	-0.0967
a92997d0-40e9-485a-b731-b9bcda917579	22	15484302	16725750	120	0.1513
a92997d0-40e9-485a-b731-b9bcda917579	22	16734806	18620743	1003	0.0073
a92997d0-40e9-485a-b731-b9bcda917579	22	18649244	18783014	4	-1.1334
a92997d0-40e9-485a-b731-b9bcda917579	22	18818348	18950430	8	0.3346
a92997d0-40e9-485a-b731-b9bcda917579	22	18951419	20216982	820	0.0037
a92997d0-40e9-485a-b731-b9bcda917579	22	20217268	20217810	3	-1.1862
a92997d0-40e9-485a-b731-b9bcda917579	22	20218128	20620840	224	0.0201
a92997d0-40e9-485a-b731-b9bcda917579	22	20621700	20626070	9	-0.7901
a92997d0-40e9-485a-b731-b9bcda917579	22	20626921	23940911	2178	0.0065
a92997d0-40e9-485a-b731-b9bcda917579	22	23942595	23946247	4	-1.1812
a92997d0-40e9-485a-b731-b9bcda917579	22	23950883	23987520	9	-0.3002
a92997d0-40e9-485a-b731-b9bcda917579	22	23988078	23990431	3	-2.4842
a92997d0-40e9-485a-b731-b9bcda917579	22	23990739	33777419	7241	0.0054
a92997d0-40e9-485a-b731-b9bcda917579	22	33778960	33778986	3	-2.5717
a92997d0-40e9-485a-b731-b9bcda917579	22	33778998	42482343	5489	-0.0001
a92997d0-40e9-485a-b731-b9bcda917579	22	42483049	42559425	35	0.2869
a92997d0-40e9-485a-b731-b9bcda917579	22	42559782	48955650	4910	-0.0004
a92997d0-40e9-485a-b731-b9bcda917579	22	48956708	50796027	1175	-0.0513
a92997d0-40e9-485a-b731-b9bcda917579	X	251810	7641450	3751	0.0089
a92997d0-40e9-485a-b731-b9bcda917579	X	7641953	7643017	2	-1.756
a92997d0-40e9-485a-b731-b9bcda917579	X	7643064	63250976	29754	-0.0013
a92997d0-40e9-485a-b731-b9bcda917579	X	63251141	63285991	19	0.6256
a92997d0-40e9-485a-b731-b9bcda917579	X	63297125	114107938	25604	0.005
a92997d0-40e9-485a-b731-b9bcda917579	X	114108069	114111468	5	-0.9672
a92997d0-40e9-485a-b731-b9bcda917579	X	114113752	138489575	13707	-0.0026
a92997d0-40e9-485a-b731-b9bcda917579	X	138489734	138491705	10	-0.711
a92997d0-40e9-485a-b731-b9bcda917579	X	138491915	155952689	10667	0.0019
a92997d0-40e9-485a-b731-b9bcda917579	Y	2782397	6249869	785	-2.5673
a92997d0-40e9-485a-b731-b9bcda917579	Y	6252391	13478396	2480	-3.058
a92997d0-40e9-485a-b731-b9bcda917579	Y	13478462	13482643	3	-7.8018
a92997d0-40e9-485a-b731-b9bcda917579	Y	13483009	25169825	3192	-3.0694
a92997d0-40e9-485a-b731-b9bcda917579	Y	25472063	56872112	179	-2.5614
