GDC_Aliquot	Chromosome	Start	End	Num_Probes	Segment_Mean
e655b299-3534-493c-8eda-053e9e03b325	1	62920	3086742	651	-0.088
e655b299-3534-493c-8eda-053e9e03b325	1	3086924	16470247	7973	0.014
e655b299-3534-493c-8eda-053e9e03b325	1	16471261	16988207	150	-0.2134
e655b299-3534-493c-8eda-053e9e03b325	1	16993283	34190783	9878	0.0074
e655b299-3534-493c-8eda-053e9e03b325	1	34191211	34191702	2	-1.6021
e655b299-3534-493c-8eda-053e9e03b325	1	34196051	48018379	7856	-0.0082
e655b299-3534-493c-8eda-053e9e03b325	1	48018433	65222778	11630	0.0185
e655b299-3534-493c-8eda-053e9e03b325	1	65225895	67128876	1385	-0.0152
e655b299-3534-493c-8eda-053e9e03b325	1	67129057	84041720	10850	0.0343
e655b299-3534-493c-8eda-053e9e03b325	1	84042426	102198316	11728	0.006
e655b299-3534-493c-8eda-053e9e03b325	1	102204411	102287373	59	0.2834
e655b299-3534-493c-8eda-053e9e03b325	1	102287779	103614539	686	0.0284
e655b299-3534-493c-8eda-053e9e03b325	1	103614695	103717410	10	-1.1065
e655b299-3534-493c-8eda-053e9e03b325	1	103717617	105470754	919	0.0325
e655b299-3534-493c-8eda-053e9e03b325	1	105476583	105479753	17	0.5459
e655b299-3534-493c-8eda-053e9e03b325	1	105481433	109684893	2635	0.0185
e655b299-3534-493c-8eda-053e9e03b325	1	109690352	109702376	14	0.9206
e655b299-3534-493c-8eda-053e9e03b325	1	109703504	112153686	1954	-0.03
e655b299-3534-493c-8eda-053e9e03b325	1	112153851	112154234	9	0.6646
e655b299-3534-493c-8eda-053e9e03b325	1	112154251	143748826	5275	0.0099
e655b299-3534-493c-8eda-053e9e03b325	1	143748872	152583230	2339	-0.0502
e655b299-3534-493c-8eda-053e9e03b325	1	152583291	152618018	35	-1.6476
e655b299-3534-493c-8eda-053e9e03b325	1	152618089	152787202	165	0.0104
e655b299-3534-493c-8eda-053e9e03b325	1	152789447	152796224	37	-1.2154
e655b299-3534-493c-8eda-053e9e03b325	1	152801429	153232945	342	0.03
e655b299-3534-493c-8eda-053e9e03b325	1	153233575	161994746	5178	-0.0158
e655b299-3534-493c-8eda-053e9e03b325	1	161995227	167746504	4610	0.0255
e655b299-3534-493c-8eda-053e9e03b325	1	167746599	175014497	4796	-0.014
e655b299-3534-493c-8eda-053e9e03b325	1	175014688	189679027	9805	0.0212
e655b299-3534-493c-8eda-053e9e03b325	1	189679353	189679397	2	-1.9692
e655b299-3534-493c-8eda-053e9e03b325	1	189682917	196762956	4743	0.0201
e655b299-3534-493c-8eda-053e9e03b325	1	196769493	196788990	31	0.3995
e655b299-3534-493c-8eda-053e9e03b325	1	196789019	196790158	4	-1.1152
e655b299-3534-493c-8eda-053e9e03b325	1	196792690	196832720	19	0.209
e655b299-3534-493c-8eda-053e9e03b325	1	196843377	196846661	3	1.2263
e655b299-3534-493c-8eda-053e9e03b325	1	196847600	208562592	7692	-0.0048
e655b299-3534-493c-8eda-053e9e03b325	1	208565196	220904793	8742	0.0273
e655b299-3534-493c-8eda-053e9e03b325	1	220906324	237151818	11027	0.0004
e655b299-3534-493c-8eda-053e9e03b325	1	237151821	248645808	8214	0.0331
e655b299-3534-493c-8eda-053e9e03b325	1	248646068	248661962	3	-1.1947
e655b299-3534-493c-8eda-053e9e03b325	1	248662519	248930189	135	-0.0117
e655b299-3534-493c-8eda-053e9e03b325	2	12784	7089497	5541	0.0364
e655b299-3534-493c-8eda-053e9e03b325	2	7089616	12810890	4306	-0.01
e655b299-3534-493c-8eda-053e9e03b325	2	12813773	26206582	8992	0.0273
e655b299-3534-493c-8eda-053e9e03b325	2	26206759	29014920	1433	-0.0346
e655b299-3534-493c-8eda-053e9e03b325	2	29015740	34466002	3817	0.0123
e655b299-3534-493c-8eda-053e9e03b325	2	34474248	34511990	46	-0.2989
e655b299-3534-493c-8eda-053e9e03b325	2	34512096	36341991	1366	0.0652
e655b299-3534-493c-8eda-053e9e03b325	2	36343322	37019346	590	-0.0242
e655b299-3534-493c-8eda-053e9e03b325	2	37019820	37357500	192	0.0362
e655b299-3534-493c-8eda-053e9e03b325	2	37358633	38045289	533	-0.0819
e655b299-3534-493c-8eda-053e9e03b325	2	38045311	40353778	1591	0.0246
e655b299-3534-493c-8eda-053e9e03b325	2	40353930	40353948	2	-1.407
e655b299-3534-493c-8eda-053e9e03b325	2	40355918	41011095	530	-0.0017
e655b299-3534-493c-8eda-053e9e03b325	2	41011303	41018747	22	-0.505
e655b299-3534-493c-8eda-053e9e03b325	2	41024093	78843047	25174	0.0149
e655b299-3534-493c-8eda-053e9e03b325	2	78847975	79032702	183	0.1605
e655b299-3534-493c-8eda-053e9e03b325	2	79033023	86710564	4776	0.0146
e655b299-3534-493c-8eda-053e9e03b325	2	86725947	86726731	2	-2.0313
e655b299-3534-493c-8eda-053e9e03b325	2	86743283	97051535	1852	-0.0021
e655b299-3534-493c-8eda-053e9e03b325	2	97052599	97648228	111	-0.1838
e655b299-3534-493c-8eda-053e9e03b325	2	97651925	113566886	9332	0.0102
e655b299-3534-493c-8eda-053e9e03b325	2	113569606	124381969	6893	0.0417
e655b299-3534-493c-8eda-053e9e03b325	2	124388824	125684423	766	0.109
e655b299-3534-493c-8eda-053e9e03b325	2	125684437	156144263	18501	0.0255
e655b299-3534-493c-8eda-053e9e03b325	2	156146190	159102108	1691	0.0007
e655b299-3534-493c-8eda-053e9e03b325	2	159103831	159104461	2	-1.4348
e655b299-3534-493c-8eda-053e9e03b325	2	159106775	179553606	12705	0.0075
e655b299-3534-493c-8eda-053e9e03b325	2	179553661	179557161	25	-0.9388
e655b299-3534-493c-8eda-053e9e03b325	2	179557179	183929124	2762	0.0124
e655b299-3534-493c-8eda-053e9e03b325	2	183929673	183943862	18	-0.5686
e655b299-3534-493c-8eda-053e9e03b325	2	183944067	207490231	13661	0.0096
e655b299-3534-493c-8eda-053e9e03b325	2	207490454	207491392	9	-1.1907
e655b299-3534-493c-8eda-053e9e03b325	2	207493563	208810090	850	-0.0152
e655b299-3534-493c-8eda-053e9e03b325	2	208810308	230170533	13870	0.0245
e655b299-3534-493c-8eda-053e9e03b325	2	230171029	242147305	7366	-0.0032
e655b299-3534-493c-8eda-053e9e03b325	3	20930	6604856	5816	0.0498
e655b299-3534-493c-8eda-053e9e03b325	3	6609441	6611645	23	-0.938
e655b299-3534-493c-8eda-053e9e03b325	3	6613391	19554410	8994	0.0043
e655b299-3534-493c-8eda-053e9e03b325	3	19558204	24215935	3222	0.0464
e655b299-3534-493c-8eda-053e9e03b325	3	24217494	46750055	15125	0.0079
e655b299-3534-493c-8eda-053e9e03b325	3	46751887	46817989	42	-0.8409
e655b299-3534-493c-8eda-053e9e03b325	3	46818342	47358421	239	0.0142
e655b299-3534-493c-8eda-053e9e03b325	3	47358841	47368021	5	-0.804
e655b299-3534-493c-8eda-053e9e03b325	3	47375271	47437019	24	0.0859
e655b299-3534-493c-8eda-053e9e03b325	3	47450332	47451230	2	-2.3592
e655b299-3534-493c-8eda-053e9e03b325	3	47455724	52988908	2219	-0.0083
e655b299-3534-493c-8eda-053e9e03b325	3	52988933	53005473	44	-0.6399
e655b299-3534-493c-8eda-053e9e03b325	3	53005661	59605809	4414	0.0163
e655b299-3534-493c-8eda-053e9e03b325	3	59612816	59616161	3	-1.2998
e655b299-3534-493c-8eda-053e9e03b325	3	59621492	68682877	7612	0.027
e655b299-3534-493c-8eda-053e9e03b325	3	68697013	68698262	15	-1.2314
e655b299-3534-493c-8eda-053e9e03b325	3	68699607	162790480	54957	0.016
e655b299-3534-493c-8eda-053e9e03b325	3	162794869	162908207	70	0.597
e655b299-3534-493c-8eda-053e9e03b325	3	162908784	168197196	2953	0.0334
e655b299-3534-493c-8eda-053e9e03b325	3	168197456	168209586	6	-1.1428
e655b299-3534-493c-8eda-053e9e03b325	3	168210319	171914539	2342	0.005
e655b299-3534-493c-8eda-053e9e03b325	3	171915129	171916088	3	-2.2865
e655b299-3534-493c-8eda-053e9e03b325	3	171919378	183500946	7209	0.0208
e655b299-3534-493c-8eda-053e9e03b325	3	183503394	184077707	303	-0.1303
e655b299-3534-493c-8eda-053e9e03b325	3	184078293	186980310	1849	-0.0025
e655b299-3534-493c-8eda-053e9e03b325	3	186983049	186983135	2	-1.4718
e655b299-3534-493c-8eda-053e9e03b325	3	186991016	193160113	4501	0.0236
e655b299-3534-493c-8eda-053e9e03b325	3	193160173	193165114	19	-1.1002
e655b299-3534-493c-8eda-053e9e03b325	3	193168646	196695199	1962	0.0051
e655b299-3534-493c-8eda-053e9e03b325	3	196698024	198125948	727	-0.1062
e655b299-3534-493c-8eda-053e9e03b325	3	198142659	198169247	5	0.4243
e655b299-3534-493c-8eda-053e9e03b325	4	68929	9455251	5155	0.0058
e655b299-3534-493c-8eda-053e9e03b325	4	9459504	9477699	6	-1.0405
e655b299-3534-493c-8eda-053e9e03b325	4	9484440	10227193	547	-0.0045
e655b299-3534-493c-8eda-053e9e03b325	4	10227256	10228533	12	0.6727
e655b299-3534-493c-8eda-053e9e03b325	4	10228870	10388498	186	0.0239
e655b299-3534-493c-8eda-053e9e03b325	4	10389091	10399044	17	-0.6155
e655b299-3534-493c-8eda-053e9e03b325	4	10401094	34777432	16784	0.0274
e655b299-3534-493c-8eda-053e9e03b325	4	34784878	34828327	42	0.5146
e655b299-3534-493c-8eda-053e9e03b325	4	34828382	39702143	3318	0.0024
e655b299-3534-493c-8eda-053e9e03b325	4	39702577	39712189	10	-0.6904
e655b299-3534-493c-8eda-053e9e03b325	4	39712559	49087357	5633	0.0215
e655b299-3534-493c-8eda-053e9e03b325	4	49091769	49588639	24	-0.5317
e655b299-3534-493c-8eda-053e9e03b325	4	49618868	55740603	2660	0.0176
e655b299-3534-493c-8eda-053e9e03b325	4	55741308	55742213	2	-1.9745
e655b299-3534-493c-8eda-053e9e03b325	4	55743359	69261934	8193	0.027
e655b299-3534-493c-8eda-053e9e03b325	4	69262694	69366081	52	-0.3942
e655b299-3534-493c-8eda-053e9e03b325	4	69366304	69523998	110	0.0594
e655b299-3534-493c-8eda-053e9e03b325	4	69524143	69525061	2	-3.1468
e655b299-3534-493c-8eda-053e9e03b325	4	69526170	114252544	27218	0.0128
e655b299-3534-493c-8eda-053e9e03b325	4	114254167	114263110	26	0.6265
e655b299-3534-493c-8eda-053e9e03b325	4	114263154	154881396	24042	0.0242
e655b299-3534-493c-8eda-053e9e03b325	4	154881853	154881926	3	-3.5554
e655b299-3534-493c-8eda-053e9e03b325	4	154882047	160959045	3921	0.0256
e655b299-3534-493c-8eda-053e9e03b325	4	160959151	160960185	10	-0.9597
e655b299-3534-493c-8eda-053e9e03b325	4	160963111	171447291	6670	0.0223
e655b299-3534-493c-8eda-053e9e03b325	4	171447380	171456559	12	-1.0911
e655b299-3534-493c-8eda-053e9e03b325	4	171456573	188300104	11344	0.0301
e655b299-3534-493c-8eda-053e9e03b325	4	188300206	188300285	4	1.3161
e655b299-3534-493c-8eda-053e9e03b325	4	188301659	190106768	1142	0.0453
e655b299-3534-493c-8eda-053e9e03b325	5	15532	1657644	760	-0.0581
e655b299-3534-493c-8eda-053e9e03b325	5	1661621	8702128	6178	0.0413
e655b299-3534-493c-8eda-053e9e03b325	5	8702410	8747030	47	-0.8792
e655b299-3534-493c-8eda-053e9e03b325	5	8749619	58025819	28762	0.0234
e655b299-3534-493c-8eda-053e9e03b325	5	58030200	58037706	32	1.4486
e655b299-3534-493c-8eda-053e9e03b325	5	58042530	62277545	2836	0.0187
e655b299-3534-493c-8eda-053e9e03b325	5	62279164	62297450	6	-0.4564
e655b299-3534-493c-8eda-053e9e03b325	5	62310783	62316232	6	-1.2021
e655b299-3534-493c-8eda-053e9e03b325	5	62316280	63551146	746	0.0358
e655b299-3534-493c-8eda-053e9e03b325	5	63551346	63552871	2	-1.4627
e655b299-3534-493c-8eda-053e9e03b325	5	63556088	69571467	3703	-0.0011
e655b299-3534-493c-8eda-053e9e03b325	5	69779150	69822308	4	-1.2899
e655b299-3534-493c-8eda-053e9e03b325	5	69937600	101666267	17877	0.0116
e655b299-3534-493c-8eda-053e9e03b325	5	101667094	101700221	15	0.5212
e655b299-3534-493c-8eda-053e9e03b325	5	101700478	101717159	8	-0.1904
e655b299-3534-493c-8eda-053e9e03b325	5	101719934	101760311	31	0.4984
e655b299-3534-493c-8eda-053e9e03b325	5	101760672	104515520	1603	0.0248
e655b299-3534-493c-8eda-053e9e03b325	5	104524672	104524903	4	1.5672
e655b299-3534-493c-8eda-053e9e03b325	5	104525348	130851247	17475	0.0239
e655b299-3534-493c-8eda-053e9e03b325	5	130866044	130961504	55	-0.725
e655b299-3534-493c-8eda-053e9e03b325	5	130964901	175935472	29994	0.0135
e655b299-3534-493c-8eda-053e9e03b325	5	175940876	175945408	2	-1.6338
e655b299-3534-493c-8eda-053e9e03b325	5	175946505	177771448	740	0.0109
e655b299-3534-493c-8eda-053e9e03b325	5	177800550	177805604	3	2.0165
e655b299-3534-493c-8eda-053e9e03b325	5	177827964	181363319	1982	-0.0036
e655b299-3534-493c-8eda-053e9e03b325	6	149661	24398701	18675	0.0128
e655b299-3534-493c-8eda-053e9e03b325	6	24399452	29869411	2984	-0.0524
e655b299-3534-493c-8eda-053e9e03b325	6	29869537	29881324	12	-0.7058
e655b299-3534-493c-8eda-053e9e03b325	6	29881348	29882419	3	-2.3282
e655b299-3534-493c-8eda-053e9e03b325	6	29882497	35639371	2906	-0.0487
e655b299-3534-493c-8eda-053e9e03b325	6	35640189	47649918	7921	-0.0046
e655b299-3534-493c-8eda-053e9e03b325	6	47651775	56353561	5590	0.0352
e655b299-3534-493c-8eda-053e9e03b325	6	56354541	58037310	582	-0.0071
e655b299-3534-493c-8eda-053e9e03b325	6	58049858	58050122	2	-2.0607
e655b299-3534-493c-8eda-053e9e03b325	6	58050619	66298393	3278	0.035
e655b299-3534-493c-8eda-053e9e03b325	6	66299130	66339513	56	-0.6911
e655b299-3534-493c-8eda-053e9e03b325	6	66339706	68428164	1508	0.0166
e655b299-3534-493c-8eda-053e9e03b325	6	68428437	68432116	2	-1.8466
e655b299-3534-493c-8eda-053e9e03b325	6	68436135	76707753	5253	0.024
e655b299-3534-493c-8eda-053e9e03b325	6	76708370	76758921	45	0.3566
e655b299-3534-493c-8eda-053e9e03b325	6	76759379	78253172	969	0.0496
e655b299-3534-493c-8eda-053e9e03b325	6	78259348	78325468	112	-2.3079
e655b299-3534-493c-8eda-053e9e03b325	6	78329517	79601644	780	0.0357
e655b299-3534-493c-8eda-053e9e03b325	6	79604821	161515034	52305	0.0088
e655b299-3534-493c-8eda-053e9e03b325	6	161515153	170741917	6611	0.0356
e655b299-3534-493c-8eda-053e9e03b325	7	43355	3355488	1425	-0.0084
e655b299-3534-493c-8eda-053e9e03b325	7	3355528	3355694	3	-1.2795
e655b299-3534-493c-8eda-053e9e03b325	7	3359128	5861644	1619	0.0173
e655b299-3534-493c-8eda-053e9e03b325	7	5862368	5863931	2	-1.6616
e655b299-3534-493c-8eda-053e9e03b325	7	5865555	6890031	396	-0.0236
e655b299-3534-493c-8eda-053e9e03b325	7	6893145	7040923	65	-0.244
e655b299-3534-493c-8eda-053e9e03b325	7	7041197	9065398	1835	0.0138
e655b299-3534-493c-8eda-053e9e03b325	7	9065942	9074105	2	-2.285
e655b299-3534-493c-8eda-053e9e03b325	7	9074415	11703293	2058	0.0299
e655b299-3534-493c-8eda-053e9e03b325	7	11703403	11705887	2	-1.6106
e655b299-3534-493c-8eda-053e9e03b325	7	11708037	54305455	31073	0.02
e655b299-3534-493c-8eda-053e9e03b325	7	54318812	54318824	6	-1.1358
e655b299-3534-493c-8eda-053e9e03b325	7	54325795	65084161	3013	0.0323
e655b299-3534-493c-8eda-053e9e03b325	7	65093792	66284825	429	-0.0695
e655b299-3534-493c-8eda-053e9e03b325	7	66284986	70955452	2685	0.0504
e655b299-3534-493c-8eda-053e9e03b325	7	70958264	70961155	2	-2.5421
e655b299-3534-493c-8eda-053e9e03b325	7	70963257	101409205	17251	0.0211
e655b299-3534-493c-8eda-053e9e03b325	7	101416451	101416668	2	-2.0176
e655b299-3534-493c-8eda-053e9e03b325	7	101419630	109801155	5076	0.0077
e655b299-3534-493c-8eda-053e9e03b325	7	109801187	109813853	11	-2.2897
e655b299-3534-493c-8eda-053e9e03b325	7	109813925	112300407	1658	0.0347
e655b299-3534-493c-8eda-053e9e03b325	7	112304327	112320045	11	-1.0049
e655b299-3534-493c-8eda-053e9e03b325	7	112323774	134100442	13074	0.012
e655b299-3534-493c-8eda-053e9e03b325	7	134100458	134110881	24	-1.6465
e655b299-3534-493c-8eda-053e9e03b325	7	134110912	144207186	6440	0.0114
e655b299-3534-493c-8eda-053e9e03b325	7	144249785	144312471	10	-0.8907
e655b299-3534-493c-8eda-053e9e03b325	7	144326306	149318824	3213	0.0266
e655b299-3534-493c-8eda-053e9e03b325	7	149319009	152166989	1602	-0.0398
e655b299-3534-493c-8eda-053e9e03b325	7	152168077	159334314	4835	0.028
e655b299-3534-493c-8eda-053e9e03b325	8	81254	5736745	6001	0.0642
e655b299-3534-493c-8eda-053e9e03b325	8	5741204	5741274	6	-0.38
e655b299-3534-493c-8eda-053e9e03b325	8	5741633	5744314	13	-0.9915
e655b299-3534-493c-8eda-053e9e03b325	8	5746378	5746973	8	-0.4659
e655b299-3534-493c-8eda-053e9e03b325	8	5749566	6982775	1612	0.0497
e655b299-3534-493c-8eda-053e9e03b325	8	7001884	7002140	2	-1.6314
e655b299-3534-493c-8eda-053e9e03b325	8	7018620	12092042	3375	0.0102
e655b299-3534-493c-8eda-053e9e03b325	8	12130217	12176798	7	-1.1738
e655b299-3534-493c-8eda-053e9e03b325	8	12177488	12389977	30	0.3593
e655b299-3534-493c-8eda-053e9e03b325	8	12418301	39429608	19488	0.0172
e655b299-3534-493c-8eda-053e9e03b325	8	39430113	39537590	47	-0.3918
e655b299-3534-493c-8eda-053e9e03b325	8	39538338	84345754	25873	0.0204
e655b299-3534-493c-8eda-053e9e03b325	8	84350648	84356431	19	-1.0733
e655b299-3534-493c-8eda-053e9e03b325	8	84358447	144188443	38686	0.0152
e655b299-3534-493c-8eda-053e9e03b325	8	144190728	145072769	353	-0.1092
e655b299-3534-493c-8eda-053e9e03b325	9	46587	8001166	7723	0.0168
e655b299-3534-493c-8eda-053e9e03b325	9	8009205	8017065	11	-0.7254
e655b299-3534-493c-8eda-053e9e03b325	9	8020572	8041880	19	-0.0525
e655b299-3534-493c-8eda-053e9e03b325	9	8046329	11837288	3390	0.0591
e655b299-3534-493c-8eda-053e9e03b325	9	11837596	11837866	3	1.2559
e655b299-3534-493c-8eda-053e9e03b325	9	11839399	32726650	16168	0.0399
e655b299-3534-493c-8eda-053e9e03b325	9	32727138	39588611	3865	0.0043
e655b299-3534-493c-8eda-053e9e03b325	9	39747848	42014203	106	0.2096
e655b299-3534-493c-8eda-053e9e03b325	9	42037471	42202227	21	-1.9303
e655b299-3534-493c-8eda-053e9e03b325	9	42211663	42295397	8	-0.1227
e655b299-3534-493c-8eda-053e9e03b325	9	42302534	42524983	5	-2.1528
e655b299-3534-493c-8eda-053e9e03b325	9	42546668	61405110	58	-0.075
e655b299-3534-493c-8eda-053e9e03b325	9	61520021	61600648	24	0.5952
e655b299-3534-493c-8eda-053e9e03b325	9	61612703	121968364	38972	0.0224
e655b299-3534-493c-8eda-053e9e03b325	9	121969422	137556810	8772	-0.0103
e655b299-3534-493c-8eda-053e9e03b325	9	137558196	138200944	349	0.031
e655b299-3534-493c-8eda-053e9e03b325	10	45792	3581769	2955	0.0427
e655b299-3534-493c-8eda-053e9e03b325	10	3581924	6369253	2445	-0.0169
e655b299-3534-493c-8eda-053e9e03b325	10	6369395	6369519	5	1.0377
e655b299-3534-493c-8eda-053e9e03b325	10	6376792	8026431	1504	-0.0226
e655b299-3534-493c-8eda-053e9e03b325	10	8028468	27290867	14485	0.0189
e655b299-3534-493c-8eda-053e9e03b325	10	27291041	27308509	4	-1.2231
e655b299-3534-493c-8eda-053e9e03b325	10	27318256	46522571	10276	0.0249
e655b299-3534-493c-8eda-053e9e03b325	10	46525652	46526280	14	0.8285
e655b299-3534-493c-8eda-053e9e03b325	10	46526920	46560525	24	-0.0364
e655b299-3534-493c-8eda-053e9e03b325	10	46606240	46617422	2	-1.8076
e655b299-3534-493c-8eda-053e9e03b325	10	46618028	50070600	1694	0.0077
e655b299-3534-493c-8eda-053e9e03b325	10	50081224	50132160	4	-2.7872
e655b299-3534-493c-8eda-053e9e03b325	10	50144008	122574497	49348	0.0221
e655b299-3534-493c-8eda-053e9e03b325	10	122584593	122597296	7	-1.0564
e655b299-3534-493c-8eda-053e9e03b325	10	122598210	130470385	5900	0.0284
e655b299-3534-493c-8eda-053e9e03b325	10	130471868	130777411	268	0.1941
e655b299-3534-493c-8eda-053e9e03b325	10	130777552	133438612	1590	0.0484
e655b299-3534-493c-8eda-053e9e03b325	10	133438843	133563774	105	0.5607
e655b299-3534-493c-8eda-053e9e03b325	10	133573736	133654968	35	0.0774
e655b299-3534-493c-8eda-053e9e03b325	11	198510	4947280	2420	-0.0064
e655b299-3534-493c-8eda-053e9e03b325	11	4949013	4955042	29	0.6487
e655b299-3534-493c-8eda-053e9e03b325	11	4955781	24422703	14637	0.0194
e655b299-3534-493c-8eda-053e9e03b325	11	24424822	24428711	5	-1.1918
e655b299-3534-493c-8eda-053e9e03b325	11	24433630	37324423	9237	0.0277
e655b299-3534-493c-8eda-053e9e03b325	11	37327050	37374233	26	0.4348
e655b299-3534-493c-8eda-053e9e03b325	11	37374840	55608760	8129	0.0293
e655b299-3534-493c-8eda-053e9e03b325	11	55608785	55662282	35	-0.3117
e655b299-3534-493c-8eda-053e9e03b325	11	55662497	64593233	5064	0.0072
e655b299-3534-493c-8eda-053e9e03b325	11	64613010	65935052	499	-0.1629
e655b299-3534-493c-8eda-053e9e03b325	11	65935152	133007143	45177	0.0189
e655b299-3534-493c-8eda-053e9e03b325	11	133007465	135074876	1563	0.0798
e655b299-3534-493c-8eda-053e9e03b325	12	51460	2126723	1266	-0.0184
e655b299-3534-493c-8eda-053e9e03b325	12	2136696	2148754	41	-0.8284
e655b299-3534-493c-8eda-053e9e03b325	12	2148857	7805181	4044	0.0102
e655b299-3534-493c-8eda-053e9e03b325	12	7805809	8410039	258	-0.1308
e655b299-3534-493c-8eda-053e9e03b325	12	8415012	9477960	567	0.012
e655b299-3534-493c-8eda-053e9e03b325	12	9481274	9582374	26	0.8723
e655b299-3534-493c-8eda-053e9e03b325	12	9583090	11264806	1117	-0.0695
e655b299-3534-493c-8eda-053e9e03b325	12	11268787	45386299	20993	0.02
e655b299-3534-493c-8eda-053e9e03b325	12	45386561	45510655	88	-0.0528
e655b299-3534-493c-8eda-053e9e03b325	12	45512057	45515754	3	-1.377
e655b299-3534-493c-8eda-053e9e03b325	12	45519509	53106258	4418	-0.0196
e655b299-3534-493c-8eda-053e9e03b325	12	53108654	53115101	4	-0.9966
e655b299-3534-493c-8eda-053e9e03b325	12	53118147	55622135	1404	-0.017
e655b299-3534-493c-8eda-053e9e03b325	12	55629199	99398036	27867	0.0182
e655b299-3534-493c-8eda-053e9e03b325	12	99401515	99404942	30	-0.4868
e655b299-3534-493c-8eda-053e9e03b325	12	99404956	127640657	18661	0.0206
e655b299-3534-493c-8eda-053e9e03b325	12	127640713	128745968	983	0.1017
e655b299-3534-493c-8eda-053e9e03b325	12	128746271	128747752	4	-1.2701
e655b299-3534-493c-8eda-053e9e03b325	12	128748000	130663764	1711	0.0914
e655b299-3534-493c-8eda-053e9e03b325	12	130663783	133201603	1353	0.0068
e655b299-3534-493c-8eda-053e9e03b325	13	18452809	37496998	13480	0.0183
e655b299-3534-493c-8eda-053e9e03b325	13	37497899	37510595	15	0.8239
e655b299-3534-493c-8eda-053e9e03b325	13	37510620	39654214	1649	0.0257
e655b299-3534-493c-8eda-053e9e03b325	13	39656376	53357759	8754	-0.0065
e655b299-3534-493c-8eda-053e9e03b325	13	53358580	57184136	2127	0.0432
e655b299-3534-493c-8eda-053e9e03b325	13	57184155	57227067	40	-0.5495
e655b299-3534-493c-8eda-053e9e03b325	13	57227520	64046598	4033	0.038
e655b299-3534-493c-8eda-053e9e03b325	13	64047526	64049431	2	-1.3677
e655b299-3534-493c-8eda-053e9e03b325	13	64049469	68811686	2973	0.043
e655b299-3534-493c-8eda-053e9e03b325	13	68811701	68812243	2	-1.4665
e655b299-3534-493c-8eda-053e9e03b325	13	68812251	71902850	1976	0.0335
e655b299-3534-493c-8eda-053e9e03b325	13	71903417	71906467	5	1.4625
e655b299-3534-493c-8eda-053e9e03b325	13	71912345	105101785	22494	0.0203
e655b299-3534-493c-8eda-053e9e03b325	13	105101806	105759032	522	0.1173
e655b299-3534-493c-8eda-053e9e03b325	13	105759475	114342922	6080	0.0289
e655b299-3534-493c-8eda-053e9e03b325	14	18239283	19650668	60	-0.0371
e655b299-3534-493c-8eda-053e9e03b325	14	19667065	19675350	3	-1.6667
e655b299-3534-493c-8eda-053e9e03b325	14	19689684	19945512	95	0.2207
e655b299-3534-493c-8eda-053e9e03b325	14	19945699	20477790	386	0.0211
e655b299-3534-493c-8eda-053e9e03b325	14	20478760	24483339	2623	-0.0288
e655b299-3534-493c-8eda-053e9e03b325	14	24484544	40139724	9876	0.0283
e655b299-3534-493c-8eda-053e9e03b325	14	40144718	40147715	2	-2.8627
e655b299-3534-493c-8eda-053e9e03b325	14	40148961	46275002	3674	0.0382
e655b299-3534-493c-8eda-053e9e03b325	14	46281206	46301210	11	-0.9391
e655b299-3534-493c-8eda-053e9e03b325	14	46303072	106407612	38434	0.0093
e655b299-3534-493c-8eda-053e9e03b325	14	106407614	106462183	52	-0.8894
e655b299-3534-493c-8eda-053e9e03b325	14	106462724	106877229	195	-0.0536
e655b299-3534-493c-8eda-053e9e03b325	15	19811075	20380735	96	-0.105
e655b299-3534-493c-8eda-053e9e03b325	15	20380837	20384789	11	-1.8884
e655b299-3534-493c-8eda-053e9e03b325	15	20384907	22003073	72	-0.4709
e655b299-3534-493c-8eda-053e9e03b325	15	22005276	24240681	949	0.0108
e655b299-3534-493c-8eda-053e9e03b325	15	24247869	24258513	5	-1.5294
e655b299-3534-493c-8eda-053e9e03b325	15	24258524	24396515	59	0.0158
e655b299-3534-493c-8eda-053e9e03b325	15	24401996	24518572	61	-0.6247
e655b299-3534-493c-8eda-053e9e03b325	15	24525366	37850908	8554	0.0338
e655b299-3534-493c-8eda-053e9e03b325	15	37851735	85723674	29431	0.0019
e655b299-3534-493c-8eda-053e9e03b325	15	85726288	101928837	12320	0.0246
e655b299-3534-493c-8eda-053e9e03b325	16	10777	227459	122	-0.0164
e655b299-3534-493c-8eda-053e9e03b325	16	227626	603845	166	-0.1913
e655b299-3534-493c-8eda-053e9e03b325	16	603862	5456408	2193	-0.0127
e655b299-3534-493c-8eda-053e9e03b325	16	5457516	9550378	4513	0.0736
e655b299-3534-493c-8eda-053e9e03b325	16	9550628	16268505	4761	0.0075
e655b299-3534-493c-8eda-053e9e03b325	16	16269368	16603127	28	0.4521
e655b299-3534-493c-8eda-053e9e03b325	16	16606206	18624482	1006	0.0207
e655b299-3534-493c-8eda-053e9e03b325	16	18665971	18730788	8	0.8392
e655b299-3534-493c-8eda-053e9e03b325	16	18731740	21348993	1590	0.0342
e655b299-3534-493c-8eda-053e9e03b325	16	21349109	22365682	368	-0.0961
e655b299-3534-493c-8eda-053e9e03b325	16	22367106	22693199	95	-0.3843
e655b299-3534-493c-8eda-053e9e03b325	16	22699421	28620700	4053	0.0236
e655b299-3534-493c-8eda-053e9e03b325	16	28637882	30657469	517	-0.0893
e655b299-3534-493c-8eda-053e9e03b325	16	30670566	55762682	7522	0.0294
e655b299-3534-493c-8eda-053e9e03b325	16	55764310	55770436	4	1.9682
e655b299-3534-493c-8eda-053e9e03b325	16	55771496	58378841	1571	-0.0045
e655b299-3534-493c-8eda-053e9e03b325	16	58380260	66450071	5555	0.041
e655b299-3534-493c-8eda-053e9e03b325	16	66452214	69943506	1604	-0.0084
e655b299-3534-493c-8eda-053e9e03b325	16	69943532	69990686	3	-1.5366
e655b299-3534-493c-8eda-053e9e03b325	16	69994790	78337711	5557	0.0191
e655b299-3534-493c-8eda-053e9e03b325	16	78338543	78349243	15	-2.3581
e655b299-3534-493c-8eda-053e9e03b325	16	78350841	88094079	9794	0.0166
e655b299-3534-493c-8eda-053e9e03b325	16	88096795	90096867	828	-0.0846
e655b299-3534-493c-8eda-053e9e03b325	17	150733	9339755	5195	-0.0119
e655b299-3534-493c-8eda-053e9e03b325	17	9339825	15083089	4437	0.0424
e655b299-3534-493c-8eda-053e9e03b325	17	15083536	15143205	64	-0.1153
e655b299-3534-493c-8eda-053e9e03b325	17	15143218	15148194	8	-0.8824
e655b299-3534-493c-8eda-053e9e03b325	17	15148465	16509028	667	0.0054
e655b299-3534-493c-8eda-053e9e03b325	17	16510295	16511473	5	-1.1616
e655b299-3534-493c-8eda-053e9e03b325	17	16511542	18944743	1170	-0.0173
e655b299-3534-493c-8eda-053e9e03b325	17	18945185	19032210	42	0.5124
e655b299-3534-493c-8eda-053e9e03b325	17	19100750	20389632	616	-0.0405
e655b299-3534-493c-8eda-053e9e03b325	17	20403746	27336553	884	0.0597
e655b299-3534-493c-8eda-053e9e03b325	17	27336778	32331987	2301	-0.0164
e655b299-3534-493c-8eda-053e9e03b325	17	32333634	35014815	2220	0.053
e655b299-3534-493c-8eda-053e9e03b325	17	35014889	36062076	604	-0.0128
e655b299-3534-493c-8eda-053e9e03b325	17	36062554	36505908	137	-0.1959
e655b299-3534-493c-8eda-053e9e03b325	17	36506040	41258395	2461	-0.012
e655b299-3534-493c-8eda-053e9e03b325	17	41262120	41274279	27	1.0225
e655b299-3534-493c-8eda-053e9e03b325	17	41276472	46085231	2498	-0.0157
e655b299-3534-493c-8eda-053e9e03b325	17	46085732	46707616	136	-0.4761
e655b299-3534-493c-8eda-053e9e03b325	17	46708316	48660176	998	-0.0206
e655b299-3534-493c-8eda-053e9e03b325	17	48660456	48671375	6	-0.723
e655b299-3534-493c-8eda-053e9e03b325	17	48676181	51080550	1266	-0.0172
e655b299-3534-493c-8eda-053e9e03b325	17	51081824	57245236	4442	0.0354
e655b299-3534-493c-8eda-053e9e03b325	17	57250140	69367936	6644	-0.0068
e655b299-3534-493c-8eda-053e9e03b325	17	69369786	74134373	3675	0.0382
e655b299-3534-493c-8eda-053e9e03b325	17	74134913	79446539	2963	-0.0333
e655b299-3534-493c-8eda-053e9e03b325	17	79446866	79450767	5	-1.1594
e655b299-3534-493c-8eda-053e9e03b325	17	79450788	83091923	1563	-0.0111
e655b299-3534-493c-8eda-053e9e03b325	18	48133	66240197	40466	0.0234
e655b299-3534-493c-8eda-053e9e03b325	18	66240359	66244352	9	-0.9068
e655b299-3534-493c-8eda-053e9e03b325	18	66244639	71145108	3510	0.0244
e655b299-3534-493c-8eda-053e9e03b325	18	71145123	73624270	1928	0.0809
e655b299-3534-493c-8eda-053e9e03b325	18	73625120	80257174	4830	0.0274
e655b299-3534-493c-8eda-053e9e03b325	19	90910	20411500	8921	-0.0164
e655b299-3534-493c-8eda-053e9e03b325	19	20411869	20542716	76	-0.7646
e655b299-3534-493c-8eda-053e9e03b325	19	20542803	21700824	644	-0.0632
e655b299-3534-493c-8eda-053e9e03b325	19	21703134	34059237	6209	0.0296
e655b299-3534-493c-8eda-053e9e03b325	19	34062092	43193181	4742	-0.0144
e655b299-3534-493c-8eda-053e9e03b325	19	43198881	43252085	22	-0.7314
e655b299-3534-493c-8eda-053e9e03b325	19	43262507	51628560	4149	-0.0133
e655b299-3534-493c-8eda-053e9e03b325	19	51639099	51644944	11	-0.6776
e655b299-3534-493c-8eda-053e9e03b325	19	51651652	53719929	1466	-0.0657
e655b299-3534-493c-8eda-053e9e03b325	19	53722236	53762024	39	-0.3861
e655b299-3534-493c-8eda-053e9e03b325	19	53763502	54824051	538	-0.0228
e655b299-3534-493c-8eda-053e9e03b325	19	54828278	54836219	5	-1.0938
e655b299-3534-493c-8eda-053e9e03b325	19	54836508	55766684	443	-0.0355
e655b299-3534-493c-8eda-053e9e03b325	19	55770704	55771701	5	-0.9955
e655b299-3534-493c-8eda-053e9e03b325	19	55774927	58586487	1834	-0.0086
e655b299-3534-493c-8eda-053e9e03b325	20	80664	1580353	1204	-0.0072
e655b299-3534-493c-8eda-053e9e03b325	20	1580934	1609888	39	1.2328
e655b299-3534-493c-8eda-053e9e03b325	20	1613203	16098158	11167	0.0276
e655b299-3534-493c-8eda-053e9e03b325	20	16098361	16104299	3	-1.2036
e655b299-3534-493c-8eda-053e9e03b325	20	16107676	61973114	28985	0.0196
e655b299-3534-493c-8eda-053e9e03b325	20	61983972	61984028	3	1.2137
e655b299-3534-493c-8eda-053e9e03b325	20	61992694	64324800	976	-0.0296
e655b299-3534-493c-8eda-053e9e03b325	21	10354168	36557014	16722	0.0188
e655b299-3534-493c-8eda-053e9e03b325	21	36557831	36558060	2	-3.3439
e655b299-3534-493c-8eda-053e9e03b325	21	36560880	45506637	6454	0.0134
e655b299-3534-493c-8eda-053e9e03b325	21	45511103	45511195	2	-2.2584
e655b299-3534-493c-8eda-053e9e03b325	21	45511546	46677045	687	-0.0297
e655b299-3534-493c-8eda-053e9e03b325	22	15294547	22130687	3129	-0.0463
e655b299-3534-493c-8eda-053e9e03b325	22	22130702	22130763	3	-1.5035
e655b299-3534-493c-8eda-053e9e03b325	22	22130878	24825363	1724	-0.0625
e655b299-3534-493c-8eda-053e9e03b325	22	24828987	32007331	5291	0.0079
e655b299-3534-493c-8eda-053e9e03b325	22	32013510	32017791	3	-1.6324
e655b299-3534-493c-8eda-053e9e03b325	22	32020121	37336893	4278	0.0099
e655b299-3534-493c-8eda-053e9e03b325	22	37346951	37353906	5	-1.2704
e655b299-3534-493c-8eda-053e9e03b325	22	37354627	44734586	4374	-0.0002
e655b299-3534-493c-8eda-053e9e03b325	22	44737460	44740755	4	-1.2911
e655b299-3534-493c-8eda-053e9e03b325	22	44741026	46004081	839	0.0067
e655b299-3534-493c-8eda-053e9e03b325	22	46004618	46032759	9	-0.5869
e655b299-3534-493c-8eda-053e9e03b325	22	46033113	49200074	2708	0.0368
e655b299-3534-493c-8eda-053e9e03b325	22	49200735	49201096	2	-1.5131
e655b299-3534-493c-8eda-053e9e03b325	22	49205372	49594926	367	0.0559
e655b299-3534-493c-8eda-053e9e03b325	22	49595167	50796027	541	-0.0956
e655b299-3534-493c-8eda-053e9e03b325	X	251810	10055611	5622	0.0251
e655b299-3534-493c-8eda-053e9e03b325	X	10055807	23189827	8388	-0.0049
e655b299-3534-493c-8eda-053e9e03b325	X	23193164	154608884	69189	0.0192
e655b299-3534-493c-8eda-053e9e03b325	X	154649727	154963748	152	0.5512
e655b299-3534-493c-8eda-053e9e03b325	X	154967132	155952689	313	-0.0325
e655b299-3534-493c-8eda-053e9e03b325	Y	2782397	3326047	192	-2.829
e655b299-3534-493c-8eda-053e9e03b325	Y	3327226	6075631	526	-2.4636
e655b299-3534-493c-8eda-053e9e03b325	Y	6076562	13478396	2545	-2.8497
e655b299-3534-493c-8eda-053e9e03b325	Y	13478462	13482643	3	-7.6439
e655b299-3534-493c-8eda-053e9e03b325	Y	13483009	56872112	3372	-2.8708
