GDC_Aliquot	Chromosome	Start	End	Copy_Number	Major_Copy_Number	Minor_Copy_Number
3ab37715-1f8f-449d-bd22-4cfdc9d57651	chr1	13116	13499990	2	1	1
3ab37715-1f8f-449d-bd22-4cfdc9d57651	chr1	13501235	13874574	3	2	1
3ab37715-1f8f-449d-bd22-4cfdc9d57651	chr1	13875610	98128097	2	1	1
3ab37715-1f8f-449d-bd22-4cfdc9d57651	chr1	98129502	98166055	1	1	0
3ab37715-1f8f-449d-bd22-4cfdc9d57651	chr1	98170320	121639509	2	1	1
3ab37715-1f8f-449d-bd22-4cfdc9d57651	chr1	121640755	121676210	1	1	0
3ab37715-1f8f-449d-bd22-4cfdc9d57651	chr1	121683541	121731958	4	4	0
3ab37715-1f8f-449d-bd22-4cfdc9d57651	chr1	121733047	121739598	1	1	0
3ab37715-1f8f-449d-bd22-4cfdc9d57651	chr1	121740856	121742438	0	0	0
3ab37715-1f8f-449d-bd22-4cfdc9d57651	chr1	143417573	149875391	2	1	1
3ab37715-1f8f-449d-bd22-4cfdc9d57651	chr1	149883340	155203736	3	2	1
3ab37715-1f8f-449d-bd22-4cfdc9d57651	chr1	155205599	194465828	2	1	1
3ab37715-1f8f-449d-bd22-4cfdc9d57651	chr1	194467211	194488666	1	1	0
3ab37715-1f8f-449d-bd22-4cfdc9d57651	chr1	194490568	197594571	2	1	1
3ab37715-1f8f-449d-bd22-4cfdc9d57651	chr1	197596107	197626152	1	1	0
3ab37715-1f8f-449d-bd22-4cfdc9d57651	chr1	197627375	248945703	2	1	1
3ab37715-1f8f-449d-bd22-4cfdc9d57651	chr2	10587	23368	1	1	0
3ab37715-1f8f-449d-bd22-4cfdc9d57651	chr2	24839	52904266	2	1	1
3ab37715-1f8f-449d-bd22-4cfdc9d57651	chr2	52905278	52924087	1	1	0
3ab37715-1f8f-449d-bd22-4cfdc9d57651	chr2	52925090	89310998	2	1	1
3ab37715-1f8f-449d-bd22-4cfdc9d57651	chr2	89312921	89839960	1	1	0
3ab37715-1f8f-449d-bd22-4cfdc9d57651	chr2	89841357	97169743	2	1	1
3ab37715-1f8f-449d-bd22-4cfdc9d57651	chr2	97172132	97556164	1	1	0
3ab37715-1f8f-449d-bd22-4cfdc9d57651	chr2	97557412	118506930	2	1	1
3ab37715-1f8f-449d-bd22-4cfdc9d57651	chr2	118508060	123301160	3	2	1
3ab37715-1f8f-449d-bd22-4cfdc9d57651	chr2	123302601	123322267	1	1	0
3ab37715-1f8f-449d-bd22-4cfdc9d57651	chr2	123323467	126796447	3	2	1
3ab37715-1f8f-449d-bd22-4cfdc9d57651	chr2	126797686	162954547	2	1	1
3ab37715-1f8f-449d-bd22-4cfdc9d57651	chr2	162956116	162981723	1	1	0
3ab37715-1f8f-449d-bd22-4cfdc9d57651	chr2	162982857	181044363	2	1	1
3ab37715-1f8f-449d-bd22-4cfdc9d57651	chr2	181046047	181075915	1	1	0
3ab37715-1f8f-449d-bd22-4cfdc9d57651	chr2	181077309	184228992	2	1	1
3ab37715-1f8f-449d-bd22-4cfdc9d57651	chr2	184230058	184249371	1	1	0
3ab37715-1f8f-449d-bd22-4cfdc9d57651	chr2	184250779	184274639	2	2	0
3ab37715-1f8f-449d-bd22-4cfdc9d57651	chr2	184276306	184305159	1	1	0
3ab37715-1f8f-449d-bd22-4cfdc9d57651	chr2	184306222	194997068	2	1	1
3ab37715-1f8f-449d-bd22-4cfdc9d57651	chr2	194998703	195019201	1	1	0
3ab37715-1f8f-449d-bd22-4cfdc9d57651	chr2	195020382	242183243	2	1	1
3ab37715-1f8f-449d-bd22-4cfdc9d57651	chr3	18519	598602	2	1	1
3ab37715-1f8f-449d-bd22-4cfdc9d57651	chr3	602130	613991	1	1	0
3ab37715-1f8f-449d-bd22-4cfdc9d57651	chr3	617152	6141782	2	1	1
3ab37715-1f8f-449d-bd22-4cfdc9d57651	chr3	6143031	6165214	1	1	0
3ab37715-1f8f-449d-bd22-4cfdc9d57651	chr3	6166395	90258569	2	1	1
3ab37715-1f8f-449d-bd22-4cfdc9d57651	chr3	90261314	93805389	1	1	0
3ab37715-1f8f-449d-bd22-4cfdc9d57651	chr3	93807057	117288201	2	1	1
3ab37715-1f8f-449d-bd22-4cfdc9d57651	chr3	117289362	117305538	1	1	0
3ab37715-1f8f-449d-bd22-4cfdc9d57651	chr3	117308665	164751602	2	1	1
3ab37715-1f8f-449d-bd22-4cfdc9d57651	chr3	164753906	164777040	1	1	0
3ab37715-1f8f-449d-bd22-4cfdc9d57651	chr3	164778309	175106916	2	1	1
3ab37715-1f8f-449d-bd22-4cfdc9d57651	chr3	175108799	175128931	1	1	0
3ab37715-1f8f-449d-bd22-4cfdc9d57651	chr3	175130315	176284918	2	1	1
3ab37715-1f8f-449d-bd22-4cfdc9d57651	chr3	176286301	176307716	1	1	0
3ab37715-1f8f-449d-bd22-4cfdc9d57651	chr3	176309149	198181744	2	1	1
3ab37715-1f8f-449d-bd22-4cfdc9d57651	chr4	11961	49089765	2	1	1
3ab37715-1f8f-449d-bd22-4cfdc9d57651	chr4	49091180	49152899	0	0	0
3ab37715-1f8f-449d-bd22-4cfdc9d57651	chr4	49154316	49637506	2	1	1
3ab37715-1f8f-449d-bd22-4cfdc9d57651	chr4	49638700	51811015	0	0	0
3ab37715-1f8f-449d-bd22-4cfdc9d57651	chr4	51814398	54091724	2	1	1
3ab37715-1f8f-449d-bd22-4cfdc9d57651	chr4	54092905	54827958	3	2	1
3ab37715-1f8f-449d-bd22-4cfdc9d57651	chr4	54828968	58871014	2	1	1
3ab37715-1f8f-449d-bd22-4cfdc9d57651	chr4	58872846	58934118	1	1	0
3ab37715-1f8f-449d-bd22-4cfdc9d57651	chr4	58935262	72993132	2	1	1
3ab37715-1f8f-449d-bd22-4cfdc9d57651	chr4	72995203	73909912	3	2	1
3ab37715-1f8f-449d-bd22-4cfdc9d57651	chr4	73911087	97011811	2	1	1
3ab37715-1f8f-449d-bd22-4cfdc9d57651	chr4	97012912	97031343	1	1	0
3ab37715-1f8f-449d-bd22-4cfdc9d57651	chr4	97032605	106055652	2	1	1
3ab37715-1f8f-449d-bd22-4cfdc9d57651	chr4	106057164	106089172	1	1	0
3ab37715-1f8f-449d-bd22-4cfdc9d57651	chr4	106090599	129815759	2	1	1
3ab37715-1f8f-449d-bd22-4cfdc9d57651	chr4	129817468	129837004	0	0	0
3ab37715-1f8f-449d-bd22-4cfdc9d57651	chr4	129838244	190122722	2	1	1
3ab37715-1f8f-449d-bd22-4cfdc9d57651	chr5	11882	26366	1	1	0
3ab37715-1f8f-449d-bd22-4cfdc9d57651	chr5	27565	12108724	2	1	1
3ab37715-1f8f-449d-bd22-4cfdc9d57651	chr5	12109883	12119485	1	1	0
3ab37715-1f8f-449d-bd22-4cfdc9d57651	chr5	12120645	44341877	2	1	1
3ab37715-1f8f-449d-bd22-4cfdc9d57651	chr5	44345438	44365443	1	1	0
3ab37715-1f8f-449d-bd22-4cfdc9d57651	chr5	44366450	45937681	2	1	1
3ab37715-1f8f-449d-bd22-4cfdc9d57651	chr5	45938713	45995246	1	1	0
3ab37715-1f8f-449d-bd22-4cfdc9d57651	chr5	45996800	46016815	3	3	0
3ab37715-1f8f-449d-bd22-4cfdc9d57651	chr5	46018191	46092310	1	1	0
3ab37715-1f8f-449d-bd22-4cfdc9d57651	chr5	46094350	46133969	2	2	0
3ab37715-1f8f-449d-bd22-4cfdc9d57651	chr5	46135178	46356562	1	1	0
3ab37715-1f8f-449d-bd22-4cfdc9d57651	chr5	46358268	46393140	2	2	0
3ab37715-1f8f-449d-bd22-4cfdc9d57651	chr5	46395193	50143546	1	1	0
3ab37715-1f8f-449d-bd22-4cfdc9d57651	chr5	50144641	50190741	2	2	0
3ab37715-1f8f-449d-bd22-4cfdc9d57651	chr5	50192199	50263913	1	1	0
3ab37715-1f8f-449d-bd22-4cfdc9d57651	chr5	50265025	98142607	2	1	1
3ab37715-1f8f-449d-bd22-4cfdc9d57651	chr5	98144360	99199096	3	2	1
3ab37715-1f8f-449d-bd22-4cfdc9d57651	chr5	99200136	99226530	1	1	0
3ab37715-1f8f-449d-bd22-4cfdc9d57651	chr5	99227539	101320813	3	2	1
3ab37715-1f8f-449d-bd22-4cfdc9d57651	chr5	101322461	101380463	4	3	1
3ab37715-1f8f-449d-bd22-4cfdc9d57651	chr5	101381913	101409452	1	1	0
3ab37715-1f8f-449d-bd22-4cfdc9d57651	chr5	101411369	101920388	4	3	1
3ab37715-1f8f-449d-bd22-4cfdc9d57651	chr5	101921984	104459021	3	2	1
3ab37715-1f8f-449d-bd22-4cfdc9d57651	chr5	104460184	108894059	2	1	1
3ab37715-1f8f-449d-bd22-4cfdc9d57651	chr5	108895216	109895295	3	2	1
3ab37715-1f8f-449d-bd22-4cfdc9d57651	chr5	109897115	115510278	2	1	1
3ab37715-1f8f-449d-bd22-4cfdc9d57651	chr5	115511418	115996279	3	2	1
3ab37715-1f8f-449d-bd22-4cfdc9d57651	chr5	115997518	118125604	2	1	1
3ab37715-1f8f-449d-bd22-4cfdc9d57651	chr5	118126700	118146646	1	1	0
3ab37715-1f8f-449d-bd22-4cfdc9d57651	chr5	118147787	135763764	2	1	1
3ab37715-1f8f-449d-bd22-4cfdc9d57651	chr5	135764875	135776846	1	1	0
3ab37715-1f8f-449d-bd22-4cfdc9d57651	chr5	135777934	170164111	2	1	1
3ab37715-1f8f-449d-bd22-4cfdc9d57651	chr5	170165229	171819205	3	2	1
3ab37715-1f8f-449d-bd22-4cfdc9d57651	chr5	171820232	177784885	2	1	1
3ab37715-1f8f-449d-bd22-4cfdc9d57651	chr5	177785932	178522224	3	2	1
3ab37715-1f8f-449d-bd22-4cfdc9d57651	chr5	178523342	180162639	2	1	1
3ab37715-1f8f-449d-bd22-4cfdc9d57651	chr5	180163865	181363900	3	2	1
3ab37715-1f8f-449d-bd22-4cfdc9d57651	chr6	100116	22574796	2	1	1
3ab37715-1f8f-449d-bd22-4cfdc9d57651	chr6	22576129	22594697	1	1	0
3ab37715-1f8f-449d-bd22-4cfdc9d57651	chr6	22595825	46125744	2	1	1
3ab37715-1f8f-449d-bd22-4cfdc9d57651	chr6	46126801	46158545	1	1	0
3ab37715-1f8f-449d-bd22-4cfdc9d57651	chr6	46159889	58251112	2	1	1
3ab37715-1f8f-449d-bd22-4cfdc9d57651	chr6	58252706	58282860	1	1	0
3ab37715-1f8f-449d-bd22-4cfdc9d57651	chr6	58283890	58434809	2	1	1
3ab37715-1f8f-449d-bd22-4cfdc9d57651	chr6	58435916	60342549	1	1	0
3ab37715-1f8f-449d-bd22-4cfdc9d57651	chr6	60343626	61511047	2	1	1
3ab37715-1f8f-449d-bd22-4cfdc9d57651	chr6	61512144	61539080	1	1	0
3ab37715-1f8f-449d-bd22-4cfdc9d57651	chr6	61541384	62869828	2	1	1
3ab37715-1f8f-449d-bd22-4cfdc9d57651	chr6	62870951	62886171	1	1	0
3ab37715-1f8f-449d-bd22-4cfdc9d57651	chr6	62887874	102025037	2	1	1
3ab37715-1f8f-449d-bd22-4cfdc9d57651	chr6	102026664	102043176	1	1	0
3ab37715-1f8f-449d-bd22-4cfdc9d57651	chr6	102044379	140976244	2	1	1
3ab37715-1f8f-449d-bd22-4cfdc9d57651	chr6	140978465	141007433	1	1	0
3ab37715-1f8f-449d-bd22-4cfdc9d57651	chr6	141008501	170740469	2	1	1
3ab37715-1f8f-449d-bd22-4cfdc9d57651	chr7	20608	9745624	3	2	1
3ab37715-1f8f-449d-bd22-4cfdc9d57651	chr7	9746637	9763149	1	1	0
3ab37715-1f8f-449d-bd22-4cfdc9d57651	chr7	9764206	57832052	3	2	1
3ab37715-1f8f-449d-bd22-4cfdc9d57651	chr7	57839090	57862936	1	1	0
3ab37715-1f8f-449d-bd22-4cfdc9d57651	chr7	57864221	57881173	2	2	0
3ab37715-1f8f-449d-bd22-4cfdc9d57651	chr7	57882743	60886856	1	1	0
3ab37715-1f8f-449d-bd22-4cfdc9d57651	chr7	60888069	61093763	3	3	0
3ab37715-1f8f-449d-bd22-4cfdc9d57651	chr7	61094793	61111122	1	1	0
3ab37715-1f8f-449d-bd22-4cfdc9d57651	chr7	61112281	61289292	0	0	0
3ab37715-1f8f-449d-bd22-4cfdc9d57651	chr7	61290467	62246349	1	1	0
3ab37715-1f8f-449d-bd22-4cfdc9d57651	chr7	62251294	62342984	3	2	1
3ab37715-1f8f-449d-bd22-4cfdc9d57651	chr7	62343994	62448902	2	2	0
3ab37715-1f8f-449d-bd22-4cfdc9d57651	chr7	62450419	62534789	0	0	0
3ab37715-1f8f-449d-bd22-4cfdc9d57651	chr7	62536581	62592314	1	1	0
3ab37715-1f8f-449d-bd22-4cfdc9d57651	chr7	62593619	62629538	3	2	1
3ab37715-1f8f-449d-bd22-4cfdc9d57651	chr7	62631151	62655122	1	1	0
3ab37715-1f8f-449d-bd22-4cfdc9d57651	chr7	62656244	62871063	2	1	1
3ab37715-1f8f-449d-bd22-4cfdc9d57651	chr7	62872423	62890803	1	1	0
3ab37715-1f8f-449d-bd22-4cfdc9d57651	chr7	62892843	62936595	3	2	1
3ab37715-1f8f-449d-bd22-4cfdc9d57651	chr7	62938420	62988613	1	1	0
3ab37715-1f8f-449d-bd22-4cfdc9d57651	chr7	62989697	64647138	3	2	1
3ab37715-1f8f-449d-bd22-4cfdc9d57651	chr7	64648202	66555603	2	1	1
3ab37715-1f8f-449d-bd22-4cfdc9d57651	chr7	66556979	69332964	3	2	1
3ab37715-1f8f-449d-bd22-4cfdc9d57651	chr7	69335293	123201521	2	1	1
3ab37715-1f8f-449d-bd22-4cfdc9d57651	chr7	123202969	123219935	1	1	0
3ab37715-1f8f-449d-bd22-4cfdc9d57651	chr7	123220984	123427820	2	1	1
3ab37715-1f8f-449d-bd22-4cfdc9d57651	chr7	123429071	123463937	1	1	0
3ab37715-1f8f-449d-bd22-4cfdc9d57651	chr7	123468470	159231948	2	1	1
3ab37715-1f8f-449d-bd22-4cfdc9d57651	chr7	159233474	159270413	3	2	1
3ab37715-1f8f-449d-bd22-4cfdc9d57651	chr7	159272409	159334386	2	1	1
3ab37715-1f8f-449d-bd22-4cfdc9d57651	chr8	61774	43625636	2	1	1
3ab37715-1f8f-449d-bd22-4cfdc9d57651	chr8	43628271	43660096	0	0	0
3ab37715-1f8f-449d-bd22-4cfdc9d57651	chr8	43663325	43707615	2	1	1
3ab37715-1f8f-449d-bd22-4cfdc9d57651	chr8	43708970	43809284	1	1	0
3ab37715-1f8f-449d-bd22-4cfdc9d57651	chr8	43810462	43834083	2	1	1
3ab37715-1f8f-449d-bd22-4cfdc9d57651	chr8	43835252	45979194	1	1	0
3ab37715-1f8f-449d-bd22-4cfdc9d57651	chr8	45980239	46348471	2	1	1
3ab37715-1f8f-449d-bd22-4cfdc9d57651	chr8	46349489	46364613	1	1	0
3ab37715-1f8f-449d-bd22-4cfdc9d57651	chr8	46366071	46449755	2	1	1
3ab37715-1f8f-449d-bd22-4cfdc9d57651	chr8	46451258	46510068	1	1	0
3ab37715-1f8f-449d-bd22-4cfdc9d57651	chr8	46511104	91146211	2	1	1
3ab37715-1f8f-449d-bd22-4cfdc9d57651	chr8	91148841	91165709	1	1	0
3ab37715-1f8f-449d-bd22-4cfdc9d57651	chr8	91167737	112717270	3	2	1
3ab37715-1f8f-449d-bd22-4cfdc9d57651	chr8	112718281	112732696	5	3	2
3ab37715-1f8f-449d-bd22-4cfdc9d57651	chr8	112734532	112883599	3	2	1
3ab37715-1f8f-449d-bd22-4cfdc9d57651	chr8	112885050	112907574	1	1	0
3ab37715-1f8f-449d-bd22-4cfdc9d57651	chr8	112909417	145078402	3	2	1
3ab37715-1f8f-449d-bd22-4cfdc9d57651	chr9	10469	44433	1	1	0
3ab37715-1f8f-449d-bd22-4cfdc9d57651	chr9	45440	10694541	2	1	1
3ab37715-1f8f-449d-bd22-4cfdc9d57651	chr9	10696215	10732803	1	1	0
3ab37715-1f8f-449d-bd22-4cfdc9d57651	chr9	10733891	26025380	2	1	1
3ab37715-1f8f-449d-bd22-4cfdc9d57651	chr9	26029402	26046292	1	1	0
3ab37715-1f8f-449d-bd22-4cfdc9d57651	chr9	26047517	29403299	2	1	1
3ab37715-1f8f-449d-bd22-4cfdc9d57651	chr9	29404374	29428467	1	1	0
3ab37715-1f8f-449d-bd22-4cfdc9d57651	chr9	29429574	31182804	2	1	1
3ab37715-1f8f-449d-bd22-4cfdc9d57651	chr9	31183882	31194705	1	1	0
3ab37715-1f8f-449d-bd22-4cfdc9d57651	chr9	31195817	40811679	2	1	1
3ab37715-1f8f-449d-bd22-4cfdc9d57651	chr9	40812747	40838309	0	0	0
3ab37715-1f8f-449d-bd22-4cfdc9d57651	chr9	40841042	40855935	1	1	0
3ab37715-1f8f-449d-bd22-4cfdc9d57651	chr9	40858288	40879410	2	1	1
3ab37715-1f8f-449d-bd22-4cfdc9d57651	chr9	40883195	40920004	1	1	0
3ab37715-1f8f-449d-bd22-4cfdc9d57651	chr9	40921758	64945770	2	1	1
3ab37715-1f8f-449d-bd22-4cfdc9d57651	chr9	64946789	64993512	0	0	0
3ab37715-1f8f-449d-bd22-4cfdc9d57651	chr9	64995132	73345225	2	1	1
3ab37715-1f8f-449d-bd22-4cfdc9d57651	chr9	73347608	73370868	0	0	0
3ab37715-1f8f-449d-bd22-4cfdc9d57651	chr9	73371970	138256233	2	1	1
3ab37715-1f8f-449d-bd22-4cfdc9d57651	chr10	15029	38486456	2	1	1
3ab37715-1f8f-449d-bd22-4cfdc9d57651	chr10	38487510	38503873	1	1	0
3ab37715-1f8f-449d-bd22-4cfdc9d57651	chr10	38505125	38582970	0	0	0
3ab37715-1f8f-449d-bd22-4cfdc9d57651	chr10	38584358	38591299	1	1	0
3ab37715-1f8f-449d-bd22-4cfdc9d57651	chr10	38592338	38659936	2	1	1
3ab37715-1f8f-449d-bd22-4cfdc9d57651	chr10	38661054	38725571	1	1	0
3ab37715-1f8f-449d-bd22-4cfdc9d57651	chr10	38726607	38791274	2	2	0
3ab37715-1f8f-449d-bd22-4cfdc9d57651	chr10	38792287	41701696	0	0	0
3ab37715-1f8f-449d-bd22-4cfdc9d57651	chr10	41703886	41839611	1	1	0
3ab37715-1f8f-449d-bd22-4cfdc9d57651	chr10	41840858	41883665	0	0	0
3ab37715-1f8f-449d-bd22-4cfdc9d57651	chr10	42103493	42152309	2	1	1
3ab37715-1f8f-449d-bd22-4cfdc9d57651	chr10	42153500	42171190	1	1	0
3ab37715-1f8f-449d-bd22-4cfdc9d57651	chr10	42172564	65691496	2	1	1
3ab37715-1f8f-449d-bd22-4cfdc9d57651	chr10	65692540	65710685	1	1	0
3ab37715-1f8f-449d-bd22-4cfdc9d57651	chr10	65711861	133787009	2	1	1
3ab37715-1f8f-449d-bd22-4cfdc9d57651	chr11	87268	48760378	2	1	1
3ab37715-1f8f-449d-bd22-4cfdc9d57651	chr11	48761388	48875076	1	1	0
3ab37715-1f8f-449d-bd22-4cfdc9d57651	chr11	48876244	50369189	2	1	1
3ab37715-1f8f-449d-bd22-4cfdc9d57651	chr11	50370293	50488006	1	1	0
3ab37715-1f8f-449d-bd22-4cfdc9d57651	chr11	50489316	50528510	2	1	1
3ab37715-1f8f-449d-bd22-4cfdc9d57651	chr11	50529629	50623718	0	0	0
3ab37715-1f8f-449d-bd22-4cfdc9d57651	chr11	50624783	54559586	1	1	0
3ab37715-1f8f-449d-bd22-4cfdc9d57651	chr11	54561602	54861114	2	1	1
3ab37715-1f8f-449d-bd22-4cfdc9d57651	chr11	54865107	55036331	1	1	0
3ab37715-1f8f-449d-bd22-4cfdc9d57651	chr11	55037363	55176099	2	1	1
3ab37715-1f8f-449d-bd22-4cfdc9d57651	chr11	55177344	55226075	1	1	0
3ab37715-1f8f-449d-bd22-4cfdc9d57651	chr11	55227499	59392127	2	1	1
3ab37715-1f8f-449d-bd22-4cfdc9d57651	chr11	59393395	59415292	1	1	0
3ab37715-1f8f-449d-bd22-4cfdc9d57651	chr11	59416719	80903990	2	1	1
3ab37715-1f8f-449d-bd22-4cfdc9d57651	chr11	80905105	80918732	1	1	0
3ab37715-1f8f-449d-bd22-4cfdc9d57651	chr11	80920016	87963766	2	1	1
3ab37715-1f8f-449d-bd22-4cfdc9d57651	chr11	87965013	88017535	1	1	0
3ab37715-1f8f-449d-bd22-4cfdc9d57651	chr11	88020000	135067739	2	1	1
3ab37715-1f8f-449d-bd22-4cfdc9d57651	chr11	135068926	135076424	1	1	0
3ab37715-1f8f-449d-bd22-4cfdc9d57651	chr12	11065	34435735	2	1	1
3ab37715-1f8f-449d-bd22-4cfdc9d57651	chr12	34436935	34585907	1	1	0
3ab37715-1f8f-449d-bd22-4cfdc9d57651	chr12	34587188	37595827	2	1	1
3ab37715-1f8f-449d-bd22-4cfdc9d57651	chr12	37596965	37661131	1	1	0
3ab37715-1f8f-449d-bd22-4cfdc9d57651	chr12	37662493	37662493	4	4	0
3ab37715-1f8f-449d-bd22-4cfdc9d57651	chr12	37663537	37718914	2	1	1
3ab37715-1f8f-449d-bd22-4cfdc9d57651	chr12	37720068	37736183	1	1	0
3ab37715-1f8f-449d-bd22-4cfdc9d57651	chr12	37737232	37820778	2	2	0
3ab37715-1f8f-449d-bd22-4cfdc9d57651	chr12	37823554	37871766	1	1	0
3ab37715-1f8f-449d-bd22-4cfdc9d57651	chr12	37872887	37900626	2	1	1
3ab37715-1f8f-449d-bd22-4cfdc9d57651	chr12	37901871	37922634	1	1	0
3ab37715-1f8f-449d-bd22-4cfdc9d57651	chr12	37923647	37938034	3	3	0
3ab37715-1f8f-449d-bd22-4cfdc9d57651	chr12	37939118	38019453	1	1	0
3ab37715-1f8f-449d-bd22-4cfdc9d57651	chr12	38021307	81715799	2	1	1
3ab37715-1f8f-449d-bd22-4cfdc9d57651	chr12	81716802	81728299	1	1	0
3ab37715-1f8f-449d-bd22-4cfdc9d57651	chr12	81729333	83655083	2	1	1
3ab37715-1f8f-449d-bd22-4cfdc9d57651	chr12	83656842	83667064	1	1	0
3ab37715-1f8f-449d-bd22-4cfdc9d57651	chr12	83668268	133252534	2	1	1
3ab37715-1f8f-449d-bd22-4cfdc9d57651	chr12	133254143	133264676	1	1	0
3ab37715-1f8f-449d-bd22-4cfdc9d57651	chr13	18445955	61833371	2	1	1
3ab37715-1f8f-449d-bd22-4cfdc9d57651	chr13	61835947	61850653	1	1	0
3ab37715-1f8f-449d-bd22-4cfdc9d57651	chr13	61852300	67558001	2	1	1
3ab37715-1f8f-449d-bd22-4cfdc9d57651	chr13	67559486	67571831	1	1	0
3ab37715-1f8f-449d-bd22-4cfdc9d57651	chr13	67573283	114343123	2	1	1
3ab37715-1f8f-449d-bd22-4cfdc9d57651	chr14	18223583	18383572	1	1	0
3ab37715-1f8f-449d-bd22-4cfdc9d57651	chr14	18385052	21592408	3	2	1
3ab37715-1f8f-449d-bd22-4cfdc9d57651	chr14	21593835	28036045	2	1	1
3ab37715-1f8f-449d-bd22-4cfdc9d57651	chr14	28037161	28061096	1	1	0
3ab37715-1f8f-449d-bd22-4cfdc9d57651	chr14	28063042	28299888	2	1	1
3ab37715-1f8f-449d-bd22-4cfdc9d57651	chr14	28300889	28797800	4	3	1
3ab37715-1f8f-449d-bd22-4cfdc9d57651	chr14	28799370	30869867	3	2	1
3ab37715-1f8f-449d-bd22-4cfdc9d57651	chr14	30870999	33857438	4	3	1
3ab37715-1f8f-449d-bd22-4cfdc9d57651	chr14	33862144	37121768	3	2	1
3ab37715-1f8f-449d-bd22-4cfdc9d57651	chr14	37122961	38110386	2	1	1
3ab37715-1f8f-449d-bd22-4cfdc9d57651	chr14	38112710	38253822	3	2	1
3ab37715-1f8f-449d-bd22-4cfdc9d57651	chr14	38256080	38291113	4	3	1
3ab37715-1f8f-449d-bd22-4cfdc9d57651	chr14	38292255	38974520	3	2	1
3ab37715-1f8f-449d-bd22-4cfdc9d57651	chr14	38976184	39968775	4	3	1
3ab37715-1f8f-449d-bd22-4cfdc9d57651	chr14	39970096	39986367	3	2	1
3ab37715-1f8f-449d-bd22-4cfdc9d57651	chr14	39987959	40816407	4	3	1
3ab37715-1f8f-449d-bd22-4cfdc9d57651	chr14	40817776	40834739	2	2	0
3ab37715-1f8f-449d-bd22-4cfdc9d57651	chr14	40835756	41785851	4	3	1
3ab37715-1f8f-449d-bd22-4cfdc9d57651	chr14	41787702	45948747	3	2	1
3ab37715-1f8f-449d-bd22-4cfdc9d57651	chr14	45950798	45972098	1	1	0
3ab37715-1f8f-449d-bd22-4cfdc9d57651	chr14	45973658	46121212	4	3	1
3ab37715-1f8f-449d-bd22-4cfdc9d57651	chr14	46122298	46154082	1	1	0
3ab37715-1f8f-449d-bd22-4cfdc9d57651	chr14	46155176	46487660	4	3	1
3ab37715-1f8f-449d-bd22-4cfdc9d57651	chr14	46488719	47434956	3	2	1
3ab37715-1f8f-449d-bd22-4cfdc9d57651	chr14	47436008	48084772	4	3	1
3ab37715-1f8f-449d-bd22-4cfdc9d57651	chr14	48085786	48830277	3	2	1
3ab37715-1f8f-449d-bd22-4cfdc9d57651	chr14	48831912	48853166	5	3	2
3ab37715-1f8f-449d-bd22-4cfdc9d57651	chr14	48854901	48951492	4	3	1
3ab37715-1f8f-449d-bd22-4cfdc9d57651	chr14	48954196	50405623	3	2	1
3ab37715-1f8f-449d-bd22-4cfdc9d57651	chr14	50408957	50903821	4	3	1
3ab37715-1f8f-449d-bd22-4cfdc9d57651	chr14	50905385	52504822	6	5	1
3ab37715-1f8f-449d-bd22-4cfdc9d57651	chr14	52505848	52952836	5	4	1
3ab37715-1f8f-449d-bd22-4cfdc9d57651	chr14	52956027	54802026	6	5	1
3ab37715-1f8f-449d-bd22-4cfdc9d57651	chr14	54805585	54822206	3	3	0
3ab37715-1f8f-449d-bd22-4cfdc9d57651	chr14	54823301	54841286	7	7	0
3ab37715-1f8f-449d-bd22-4cfdc9d57651	chr14	54842834	55681962	3	2	1
3ab37715-1f8f-449d-bd22-4cfdc9d57651	chr14	55683433	56120057	2	1	1
3ab37715-1f8f-449d-bd22-4cfdc9d57651	chr14	56121677	56132921	3	2	1
3ab37715-1f8f-449d-bd22-4cfdc9d57651	chr14	56134770	56398677	2	1	1
3ab37715-1f8f-449d-bd22-4cfdc9d57651	chr14	56399706	56432380	3	2	1
3ab37715-1f8f-449d-bd22-4cfdc9d57651	chr14	56433520	60453807	2	1	1
3ab37715-1f8f-449d-bd22-4cfdc9d57651	chr14	60454853	60525494	3	3	0
3ab37715-1f8f-449d-bd22-4cfdc9d57651	chr14	60527286	61336939	2	1	1
3ab37715-1f8f-449d-bd22-4cfdc9d57651	chr14	61340190	62309676	3	2	1
3ab37715-1f8f-449d-bd22-4cfdc9d57651	chr14	62310938	63999966	2	1	1
3ab37715-1f8f-449d-bd22-4cfdc9d57651	chr14	64002200	64358701	3	2	1
3ab37715-1f8f-449d-bd22-4cfdc9d57651	chr14	64360056	64762702	4	3	1
3ab37715-1f8f-449d-bd22-4cfdc9d57651	chr14	64764030	65606993	3	2	1
3ab37715-1f8f-449d-bd22-4cfdc9d57651	chr14	65608286	65905957	5	4	1
3ab37715-1f8f-449d-bd22-4cfdc9d57651	chr14	65906968	84528537	2	1	1
3ab37715-1f8f-449d-bd22-4cfdc9d57651	chr14	84531013	84541879	1	1	0
3ab37715-1f8f-449d-bd22-4cfdc9d57651	chr14	84543336	106880670	2	1	1
3ab37715-1f8f-449d-bd22-4cfdc9d57651	chr15	19795285	19881362	1	1	0
3ab37715-1f8f-449d-bd22-4cfdc9d57651	chr15	19883134	96925257	2	1	1
3ab37715-1f8f-449d-bd22-4cfdc9d57651	chr15	96926807	96939315	1	1	0
3ab37715-1f8f-449d-bd22-4cfdc9d57651	chr15	96940395	101980591	2	1	1
3ab37715-1f8f-449d-bd22-4cfdc9d57651	chr16	10291	16205898	2	1	1
3ab37715-1f8f-449d-bd22-4cfdc9d57651	chr16	16207673	16421226	1	1	0
3ab37715-1f8f-449d-bd22-4cfdc9d57651	chr16	16423996	29777142	2	1	1
3ab37715-1f8f-449d-bd22-4cfdc9d57651	chr16	29778696	29819105	1	1	0
3ab37715-1f8f-449d-bd22-4cfdc9d57651	chr16	29820817	32493961	2	1	1
3ab37715-1f8f-449d-bd22-4cfdc9d57651	chr16	32495407	32520534	1	1	0
3ab37715-1f8f-449d-bd22-4cfdc9d57651	chr16	32522398	32544444	0	0	0
3ab37715-1f8f-449d-bd22-4cfdc9d57651	chr16	32545549	32549108	1	1	0
3ab37715-1f8f-449d-bd22-4cfdc9d57651	chr16	32551088	32560610	2	2	0
3ab37715-1f8f-449d-bd22-4cfdc9d57651	chr16	32562254	32570344	1	1	0
3ab37715-1f8f-449d-bd22-4cfdc9d57651	chr16	32573031	32576304	0	0	0
3ab37715-1f8f-449d-bd22-4cfdc9d57651	chr16	32577583	35975237	2	1	1
3ab37715-1f8f-449d-bd22-4cfdc9d57651	chr16	35977163	46411236	0	0	0
3ab37715-1f8f-449d-bd22-4cfdc9d57651	chr16	46414989	64758041	2	1	1
3ab37715-1f8f-449d-bd22-4cfdc9d57651	chr16	64760331	64798906	1	1	0
3ab37715-1f8f-449d-bd22-4cfdc9d57651	chr16	64800138	90226358	2	1	1
3ab37715-1f8f-449d-bd22-4cfdc9d57651	chr17	151035	17206899	2	1	1
3ab37715-1f8f-449d-bd22-4cfdc9d57651	chr17	17208591	17601245	3	2	1
3ab37715-1f8f-449d-bd22-4cfdc9d57651	chr17	17602783	22726167	2	1	1
3ab37715-1f8f-449d-bd22-4cfdc9d57651	chr17	22727689	26943053	1	1	0
3ab37715-1f8f-449d-bd22-4cfdc9d57651	chr17	26944209	83237603	2	1	1
3ab37715-1f8f-449d-bd22-4cfdc9d57651	chr18	16444	1334798	2	1	1
3ab37715-1f8f-449d-bd22-4cfdc9d57651	chr18	1336422	1353550	1	1	0
3ab37715-1f8f-449d-bd22-4cfdc9d57651	chr18	1354690	15357277	2	1	1
3ab37715-1f8f-449d-bd22-4cfdc9d57651	chr18	15360238	15410360	1	1	0
3ab37715-1f8f-449d-bd22-4cfdc9d57651	chr18	20931967	38249566	2	1	1
3ab37715-1f8f-449d-bd22-4cfdc9d57651	chr18	38250708	38265297	1	1	0
3ab37715-1f8f-449d-bd22-4cfdc9d57651	chr18	38266391	80259190	2	1	1
3ab37715-1f8f-449d-bd22-4cfdc9d57651	chr19	157892	24190281	2	1	1
3ab37715-1f8f-449d-bd22-4cfdc9d57651	chr19	24191617	24215207	1	1	0
3ab37715-1f8f-449d-bd22-4cfdc9d57651	chr19	24216865	24322835	2	1	1
3ab37715-1f8f-449d-bd22-4cfdc9d57651	chr19	24324012	24353970	1	1	0
3ab37715-1f8f-449d-bd22-4cfdc9d57651	chr19	24355055	24385372	2	1	1
3ab37715-1f8f-449d-bd22-4cfdc9d57651	chr19	24387740	24411580	1	1	0
3ab37715-1f8f-449d-bd22-4cfdc9d57651	chr19	24412723	27272355	0	0	0
3ab37715-1f8f-449d-bd22-4cfdc9d57651	chr19	27273422	27487141	1	1	0
3ab37715-1f8f-449d-bd22-4cfdc9d57651	chr19	27488205	27577285	0	0	0
3ab37715-1f8f-449d-bd22-4cfdc9d57651	chr19	27578429	27620465	2	1	1
3ab37715-1f8f-449d-bd22-4cfdc9d57651	chr19	27621740	27630948	1	1	0
3ab37715-1f8f-449d-bd22-4cfdc9d57651	chr19	27631983	58607412	2	1	1
3ab37715-1f8f-449d-bd22-4cfdc9d57651	chr20	80457	26271811	2	1	1
3ab37715-1f8f-449d-bd22-4cfdc9d57651	chr20	26272879	26287332	1	1	0
3ab37715-1f8f-449d-bd22-4cfdc9d57651	chr20	26288489	26338301	0	0	0
3ab37715-1f8f-449d-bd22-4cfdc9d57651	chr20	30185390	31216243	2	1	1
3ab37715-1f8f-449d-bd22-4cfdc9d57651	chr20	31217402	31239568	1	1	0
3ab37715-1f8f-449d-bd22-4cfdc9d57651	chr20	31240586	64331516	2	1	1
3ab37715-1f8f-449d-bd22-4cfdc9d57651	chr21	7762688	8764929	1	1	0
3ab37715-1f8f-449d-bd22-4cfdc9d57651	chr21	8766083	10656569	2	1	1
3ab37715-1f8f-449d-bd22-4cfdc9d57651	chr21	10659216	12997134	1	1	0
3ab37715-1f8f-449d-bd22-4cfdc9d57651	chr21	12998616	18621839	2	1	1
3ab37715-1f8f-449d-bd22-4cfdc9d57651	chr21	18623700	18634032	0	0	0
3ab37715-1f8f-449d-bd22-4cfdc9d57651	chr21	18635035	46699722	2	1	1
3ab37715-1f8f-449d-bd22-4cfdc9d57651	chr22	15284540	50802392	2	1	1
3ab37715-1f8f-449d-bd22-4cfdc9d57651	chrX	2781514	32365352	2	1	1
3ab37715-1f8f-449d-bd22-4cfdc9d57651	chrX	32366491	32381022	3	2	1
3ab37715-1f8f-449d-bd22-4cfdc9d57651	chrX	32382060	58297212	2	1	1
3ab37715-1f8f-449d-bd22-4cfdc9d57651	chrX	58301951	62466729	1	1	0
3ab37715-1f8f-449d-bd22-4cfdc9d57651	chrX	62468203	62487634	0	0	0
3ab37715-1f8f-449d-bd22-4cfdc9d57651	chrX	62489181	62732687	1	1	0
3ab37715-1f8f-449d-bd22-4cfdc9d57651	chrX	62734553	121488719	2	1	1
3ab37715-1f8f-449d-bd22-4cfdc9d57651	chrX	121495327	121520043	1	1	0
3ab37715-1f8f-449d-bd22-4cfdc9d57651	chrX	121521252	121676537	2	1	1
3ab37715-1f8f-449d-bd22-4cfdc9d57651	chrX	121680891	121704333	1	1	0
3ab37715-1f8f-449d-bd22-4cfdc9d57651	chrX	121705337	155699751	2	1	1
