GDC_Aliquot	Chromosome	Start	End	Copy_Number	Major_Copy_Number	Minor_Copy_Number
de799385-c88e-4f46-a502-b0c4d6b0a6a9	chr1	13116	28518525	2	1	1
de799385-c88e-4f46-a502-b0c4d6b0a6a9	chr1	28520382	28537608	5	3	2
de799385-c88e-4f46-a502-b0c4d6b0a6a9	chr1	28539198	28589517	1	1	0
de799385-c88e-4f46-a502-b0c4d6b0a6a9	chr1	28590743	56165771	2	1	1
de799385-c88e-4f46-a502-b0c4d6b0a6a9	chr1	56166863	70033185	1	1	0
de799385-c88e-4f46-a502-b0c4d6b0a6a9	chr1	70034229	70059551	2	2	0
de799385-c88e-4f46-a502-b0c4d6b0a6a9	chr1	70063342	71742400	2	1	1
de799385-c88e-4f46-a502-b0c4d6b0a6a9	chr1	71744163	89084275	1	1	0
de799385-c88e-4f46-a502-b0c4d6b0a6a9	chr1	89085321	89881913	2	1	1
de799385-c88e-4f46-a502-b0c4d6b0a6a9	chr1	89883788	114194512	1	1	0
de799385-c88e-4f46-a502-b0c4d6b0a6a9	chr1	114195779	114274034	3	2	1
de799385-c88e-4f46-a502-b0c4d6b0a6a9	chr1	114276227	121742438	1	1	0
de799385-c88e-4f46-a502-b0c4d6b0a6a9	chr1	143417573	147458508	4	2	2
de799385-c88e-4f46-a502-b0c4d6b0a6a9	chr1	147459753	248945703	3	2	1
de799385-c88e-4f46-a502-b0c4d6b0a6a9	chr2	10587	205001189	2	1	1
de799385-c88e-4f46-a502-b0c4d6b0a6a9	chr2	205002237	205458369	1	1	0
de799385-c88e-4f46-a502-b0c4d6b0a6a9	chr2	205459553	242183243	2	1	1
de799385-c88e-4f46-a502-b0c4d6b0a6a9	chr3	18519	46659223	2	1	1
de799385-c88e-4f46-a502-b0c4d6b0a6a9	chr3	46660712	57877013	1	1	0
de799385-c88e-4f46-a502-b0c4d6b0a6a9	chr3	57878089	198181744	2	1	1
de799385-c88e-4f46-a502-b0c4d6b0a6a9	chr4	11961	17199184	2	1	1
de799385-c88e-4f46-a502-b0c4d6b0a6a9	chr4	17201672	17235764	4	3	1
de799385-c88e-4f46-a502-b0c4d6b0a6a9	chr4	17236896	190122722	2	1	1
de799385-c88e-4f46-a502-b0c4d6b0a6a9	chr5	11882	181363900	2	1	1
de799385-c88e-4f46-a502-b0c4d6b0a6a9	chr6	100116	396649	2	2	0
de799385-c88e-4f46-a502-b0c4d6b0a6a9	chr6	397937	76513790	2	1	1
de799385-c88e-4f46-a502-b0c4d6b0a6a9	chr6	76516518	170740469	1	1	0
de799385-c88e-4f46-a502-b0c4d6b0a6a9	chr7	20608	159334386	2	1	1
de799385-c88e-4f46-a502-b0c4d6b0a6a9	chr8	61774	145078402	2	1	1
de799385-c88e-4f46-a502-b0c4d6b0a6a9	chr9	10469	43070419	1	1	0
de799385-c88e-4f46-a502-b0c4d6b0a6a9	chr9	60839871	68393192	2	2	0
de799385-c88e-4f46-a502-b0c4d6b0a6a9	chr9	68394647	73061539	1	1	0
de799385-c88e-4f46-a502-b0c4d6b0a6a9	chr9	73062825	73074266	0	0	0
de799385-c88e-4f46-a502-b0c4d6b0a6a9	chr9	73076171	124564458	1	1	0
de799385-c88e-4f46-a502-b0c4d6b0a6a9	chr9	124565484	128277982	2	1	1
de799385-c88e-4f46-a502-b0c4d6b0a6a9	chr9	128279473	128301083	5	3	2
de799385-c88e-4f46-a502-b0c4d6b0a6a9	chr9	128303914	138256233	2	1	1
de799385-c88e-4f46-a502-b0c4d6b0a6a9	chr10	15029	133787009	2	1	1
de799385-c88e-4f46-a502-b0c4d6b0a6a9	chr11	87268	49971771	2	1	1
de799385-c88e-4f46-a502-b0c4d6b0a6a9	chr11	49972960	50774335	2	2	0
de799385-c88e-4f46-a502-b0c4d6b0a6a9	chr11	50775359	135076424	2	1	1
de799385-c88e-4f46-a502-b0c4d6b0a6a9	chr12	11065	109380530	3	2	1
de799385-c88e-4f46-a502-b0c4d6b0a6a9	chr12	109381555	133264676	1	1	0
de799385-c88e-4f46-a502-b0c4d6b0a6a9	chr13	18445955	114343123	2	1	1
de799385-c88e-4f46-a502-b0c4d6b0a6a9	chr14	18223583	106880670	2	1	1
de799385-c88e-4f46-a502-b0c4d6b0a6a9	chr15	19795285	24581132	2	1	1
de799385-c88e-4f46-a502-b0c4d6b0a6a9	chr15	24583566	29478306	1	1	0
de799385-c88e-4f46-a502-b0c4d6b0a6a9	chr15	29479549	38975707	3	2	1
de799385-c88e-4f46-a502-b0c4d6b0a6a9	chr15	38977189	45008983	1	1	0
de799385-c88e-4f46-a502-b0c4d6b0a6a9	chr15	45010440	46145787	3	2	1
de799385-c88e-4f46-a502-b0c4d6b0a6a9	chr15	46147279	46651679	2	1	1
de799385-c88e-4f46-a502-b0c4d6b0a6a9	chr15	46652736	48504140	3	2	1
de799385-c88e-4f46-a502-b0c4d6b0a6a9	chr15	48505227	48680811	2	1	1
de799385-c88e-4f46-a502-b0c4d6b0a6a9	chr15	48682025	48703189	3	2	1
de799385-c88e-4f46-a502-b0c4d6b0a6a9	chr15	48704877	49420952	2	1	1
de799385-c88e-4f46-a502-b0c4d6b0a6a9	chr15	49422120	55833380	4	2	2
de799385-c88e-4f46-a502-b0c4d6b0a6a9	chr15	55834620	57424190	3	2	1
de799385-c88e-4f46-a502-b0c4d6b0a6a9	chr15	57425639	61492296	2	1	1
de799385-c88e-4f46-a502-b0c4d6b0a6a9	chr15	61493451	82720095	1	1	0
de799385-c88e-4f46-a502-b0c4d6b0a6a9	chr15	82721485	83886639	2	1	1
de799385-c88e-4f46-a502-b0c4d6b0a6a9	chr15	83887871	88020640	3	2	1
de799385-c88e-4f46-a502-b0c4d6b0a6a9	chr15	88022837	88225451	1	1	0
de799385-c88e-4f46-a502-b0c4d6b0a6a9	chr15	88227143	88251628	2	2	0
de799385-c88e-4f46-a502-b0c4d6b0a6a9	chr15	88253311	88985945	3	2	1
de799385-c88e-4f46-a502-b0c4d6b0a6a9	chr15	88987136	89283265	2	1	1
de799385-c88e-4f46-a502-b0c4d6b0a6a9	chr15	89284446	89331835	4	2	2
de799385-c88e-4f46-a502-b0c4d6b0a6a9	chr15	89333005	89590768	2	1	1
de799385-c88e-4f46-a502-b0c4d6b0a6a9	chr15	89591941	90904456	3	2	1
de799385-c88e-4f46-a502-b0c4d6b0a6a9	chr15	90905785	92330622	2	1	1
de799385-c88e-4f46-a502-b0c4d6b0a6a9	chr15	92331792	94583573	3	2	1
de799385-c88e-4f46-a502-b0c4d6b0a6a9	chr15	94584718	94738260	1	1	0
de799385-c88e-4f46-a502-b0c4d6b0a6a9	chr15	94739740	101980591	2	1	1
de799385-c88e-4f46-a502-b0c4d6b0a6a9	chr16	10291	21507791	2	1	1
de799385-c88e-4f46-a502-b0c4d6b0a6a9	chr16	21508893	22708799	2	2	0
de799385-c88e-4f46-a502-b0c4d6b0a6a9	chr16	22710987	36045725	2	1	1
de799385-c88e-4f46-a502-b0c4d6b0a6a9	chr16	46380940	90226358	3	2	1
de799385-c88e-4f46-a502-b0c4d6b0a6a9	chr17	151035	21619693	1	1	0
de799385-c88e-4f46-a502-b0c4d6b0a6a9	chr17	21620931	83237603	2	1	1
de799385-c88e-4f46-a502-b0c4d6b0a6a9	chr18	16444	15410360	3	2	1
de799385-c88e-4f46-a502-b0c4d6b0a6a9	chr18	20931967	36758809	2	1	1
de799385-c88e-4f46-a502-b0c4d6b0a6a9	chr18	36759961	80259190	4	2	2
de799385-c88e-4f46-a502-b0c4d6b0a6a9	chr19	157892	971082	1	1	0
de799385-c88e-4f46-a502-b0c4d6b0a6a9	chr19	972248	2185652	0	0	0
de799385-c88e-4f46-a502-b0c4d6b0a6a9	chr19	2186758	21741643	2	1	1
de799385-c88e-4f46-a502-b0c4d6b0a6a9	chr19	21742689	22721674	1	1	0
de799385-c88e-4f46-a502-b0c4d6b0a6a9	chr19	22722831	58607412	2	1	1
de799385-c88e-4f46-a502-b0c4d6b0a6a9	chr20	80457	64331516	2	1	1
de799385-c88e-4f46-a502-b0c4d6b0a6a9	chr21	7762688	13022004	2	1	1
de799385-c88e-4f46-a502-b0c4d6b0a6a9	chr21	13023393	46699722	1	1	0
de799385-c88e-4f46-a502-b0c4d6b0a6a9	chr22	15284540	50802392	2	1	1
de799385-c88e-4f46-a502-b0c4d6b0a6a9	chrX	2781514	5634097	1	1	0
de799385-c88e-4f46-a502-b0c4d6b0a6a9	chrX	5635348	5668475	3	3	0
de799385-c88e-4f46-a502-b0c4d6b0a6a9	chrX	5669572	11127435	1	1	0
de799385-c88e-4f46-a502-b0c4d6b0a6a9	chrX	11128852	11159979	4	4	0
de799385-c88e-4f46-a502-b0c4d6b0a6a9	chrX	11161483	12137567	1	1	0
de799385-c88e-4f46-a502-b0c4d6b0a6a9	chrX	12139324	12159524	0	0	0
de799385-c88e-4f46-a502-b0c4d6b0a6a9	chrX	12160839	22370059	1	1	0
de799385-c88e-4f46-a502-b0c4d6b0a6a9	chrX	22371084	22377523	0	0	0
de799385-c88e-4f46-a502-b0c4d6b0a6a9	chrX	22378602	23656651	1	1	0
de799385-c88e-4f46-a502-b0c4d6b0a6a9	chrX	23657827	23705267	2	2	0
de799385-c88e-4f46-a502-b0c4d6b0a6a9	chrX	23706546	23706546	14	14	0
de799385-c88e-4f46-a502-b0c4d6b0a6a9	chrX	23707607	25669818	1	1	0
de799385-c88e-4f46-a502-b0c4d6b0a6a9	chrX	25670985	25788505	0	0	0
de799385-c88e-4f46-a502-b0c4d6b0a6a9	chrX	25789851	32311683	1	1	0
de799385-c88e-4f46-a502-b0c4d6b0a6a9	chrX	32312889	32319900	5	5	0
de799385-c88e-4f46-a502-b0c4d6b0a6a9	chrX	32321372	33197783	1	1	0
de799385-c88e-4f46-a502-b0c4d6b0a6a9	chrX	33199002	33227117	0	0	0
de799385-c88e-4f46-a502-b0c4d6b0a6a9	chrX	33228173	45874916	1	1	0
de799385-c88e-4f46-a502-b0c4d6b0a6a9	chrX	45877599	45888369	0	0	0
de799385-c88e-4f46-a502-b0c4d6b0a6a9	chrX	45889947	56162332	1	1	0
de799385-c88e-4f46-a502-b0c4d6b0a6a9	chrX	56165073	56220524	2	2	0
de799385-c88e-4f46-a502-b0c4d6b0a6a9	chrX	56222185	56720236	1	1	0
de799385-c88e-4f46-a502-b0c4d6b0a6a9	chrX	56723460	56732938	6	6	0
de799385-c88e-4f46-a502-b0c4d6b0a6a9	chrX	56734125	58042427	1	1	0
de799385-c88e-4f46-a502-b0c4d6b0a6a9	chrX	58044231	58052818	6	6	0
de799385-c88e-4f46-a502-b0c4d6b0a6a9	chrX	58054661	71038886	1	1	0
de799385-c88e-4f46-a502-b0c4d6b0a6a9	chrX	71040160	71062846	0	0	0
de799385-c88e-4f46-a502-b0c4d6b0a6a9	chrX	71063891	71092145	3	3	0
de799385-c88e-4f46-a502-b0c4d6b0a6a9	chrX	71093379	75573364	1	1	0
de799385-c88e-4f46-a502-b0c4d6b0a6a9	chrX	75577884	75620787	0	0	0
de799385-c88e-4f46-a502-b0c4d6b0a6a9	chrX	75622162	83322512	1	1	0
de799385-c88e-4f46-a502-b0c4d6b0a6a9	chrX	83328316	83390747	3	3	0
de799385-c88e-4f46-a502-b0c4d6b0a6a9	chrX	83395086	88386127	1	1	0
de799385-c88e-4f46-a502-b0c4d6b0a6a9	chrX	88387145	88407042	0	0	0
de799385-c88e-4f46-a502-b0c4d6b0a6a9	chrX	88408157	88997782	1	1	0
de799385-c88e-4f46-a502-b0c4d6b0a6a9	chrX	88999341	89043889	0	0	0
de799385-c88e-4f46-a502-b0c4d6b0a6a9	chrX	89045093	89641713	1	1	0
de799385-c88e-4f46-a502-b0c4d6b0a6a9	chrX	89643109	89689781	0	0	0
de799385-c88e-4f46-a502-b0c4d6b0a6a9	chrX	89691050	93249161	1	1	0
de799385-c88e-4f46-a502-b0c4d6b0a6a9	chrX	93250342	93282583	3	3	0
de799385-c88e-4f46-a502-b0c4d6b0a6a9	chrX	93284264	93318055	0	0	0
de799385-c88e-4f46-a502-b0c4d6b0a6a9	chrX	93319904	98997786	1	1	0
de799385-c88e-4f46-a502-b0c4d6b0a6a9	chrX	98999038	99113761	2	2	0
de799385-c88e-4f46-a502-b0c4d6b0a6a9	chrX	99114806	107148946	1	1	0
de799385-c88e-4f46-a502-b0c4d6b0a6a9	chrX	107152959	107163131	0	0	0
de799385-c88e-4f46-a502-b0c4d6b0a6a9	chrX	107165425	108868029	1	1	0
de799385-c88e-4f46-a502-b0c4d6b0a6a9	chrX	108871508	108881756	0	0	0
de799385-c88e-4f46-a502-b0c4d6b0a6a9	chrX	108883994	122741771	1	1	0
de799385-c88e-4f46-a502-b0c4d6b0a6a9	chrX	122743011	122776437	3	3	0
de799385-c88e-4f46-a502-b0c4d6b0a6a9	chrX	122777940	122793898	0	0	0
de799385-c88e-4f46-a502-b0c4d6b0a6a9	chrX	122796940	122820454	3	3	0
de799385-c88e-4f46-a502-b0c4d6b0a6a9	chrX	122821968	124639736	1	1	0
de799385-c88e-4f46-a502-b0c4d6b0a6a9	chrX	124642057	124649894	0	0	0
de799385-c88e-4f46-a502-b0c4d6b0a6a9	chrX	124651184	124695443	4	4	0
de799385-c88e-4f46-a502-b0c4d6b0a6a9	chrX	124698188	134732780	1	1	0
de799385-c88e-4f46-a502-b0c4d6b0a6a9	chrX	134734072	134842193	0	0	0
de799385-c88e-4f46-a502-b0c4d6b0a6a9	chrX	134846630	143219843	1	1	0
de799385-c88e-4f46-a502-b0c4d6b0a6a9	chrX	143221184	143236173	0	0	0
de799385-c88e-4f46-a502-b0c4d6b0a6a9	chrX	143238562	155699751	1	1	0
de799385-c88e-4f46-a502-b0c4d6b0a6a9	chrY	2789135	16683802	0	0	0
de799385-c88e-4f46-a502-b0c4d6b0a6a9	chrY	16685316	16926422	1	1	0
de799385-c88e-4f46-a502-b0c4d6b0a6a9	chrY	16928176	20671424	0	0	0
de799385-c88e-4f46-a502-b0c4d6b0a6a9	chrY	20673830	20747215	3	3	0
de799385-c88e-4f46-a502-b0c4d6b0a6a9	chrY	20756691	26622951	0	0	0
