GDC_Aliquot	Chromosome	Start	End	Num_Probes	Segment_Mean
a1a772f6-b856-4418-ab73-c06c44fc710e	1	62920	86341	11	-0.7537
a1a772f6-b856-4418-ab73-c06c44fc710e	1	98588	6590790	3045	0.0264
a1a772f6-b856-4418-ab73-c06c44fc710e	1	6591033	6591482	2	-1.41
a1a772f6-b856-4418-ab73-c06c44fc710e	1	6591668	15035860	4773	0.0197
a1a772f6-b856-4418-ab73-c06c44fc710e	1	15036048	15039744	2	-1.4519
a1a772f6-b856-4418-ab73-c06c44fc710e	1	15040194	16504325	811	0.0141
a1a772f6-b856-4418-ab73-c06c44fc710e	1	16505368	16766922	48	0.3304
a1a772f6-b856-4418-ab73-c06c44fc710e	1	16767520	21974705	3405	0.0215
a1a772f6-b856-4418-ab73-c06c44fc710e	1	21974983	22011632	12	-0.5782
a1a772f6-b856-4418-ab73-c06c44fc710e	1	22015896	34626073	6888	0.024
a1a772f6-b856-4418-ab73-c06c44fc710e	1	34637053	34638890	20	-0.7828
a1a772f6-b856-4418-ab73-c06c44fc710e	1	34648667	72303233	23773	0.0175
a1a772f6-b856-4418-ab73-c06c44fc710e	1	72303253	72345465	45	1.1265
a1a772f6-b856-4418-ab73-c06c44fc710e	1	72346221	103560608	20010	0.0183
a1a772f6-b856-4418-ab73-c06c44fc710e	1	103566616	103760781	34	0.8242
a1a772f6-b856-4418-ab73-c06c44fc710e	1	103760879	109684893	3569	0.0151
a1a772f6-b856-4418-ab73-c06c44fc710e	1	109690352	109697556	13	-1.0864
a1a772f6-b856-4418-ab73-c06c44fc710e	1	109702376	110834746	837	0.0242
a1a772f6-b856-4418-ab73-c06c44fc710e	1	110834943	110845604	38	-0.8065
a1a772f6-b856-4418-ab73-c06c44fc710e	1	110849445	112147704	1076	0.0304
a1a772f6-b856-4418-ab73-c06c44fc710e	1	112153343	112154619	23	-0.6859
a1a772f6-b856-4418-ab73-c06c44fc710e	1	112154754	143714499	5259	0.0113
a1a772f6-b856-4418-ab73-c06c44fc710e	1	143714665	143754798	22	0.5295
a1a772f6-b856-4418-ab73-c06c44fc710e	1	143759680	152583051	2326	0.0256
a1a772f6-b856-4418-ab73-c06c44fc710e	1	152583230	152614118	35	-1.974
a1a772f6-b856-4418-ab73-c06c44fc710e	1	152618018	152787202	167	0.0147
a1a772f6-b856-4418-ab73-c06c44fc710e	1	152789447	152795447	29	-0.431
a1a772f6-b856-4418-ab73-c06c44fc710e	1	152795471	193187149	27084	0.0174
a1a772f6-b856-4418-ab73-c06c44fc710e	1	193187187	193187218	3	-1.1957
a1a772f6-b856-4418-ab73-c06c44fc710e	1	193190593	194479104	942	0.0283
a1a772f6-b856-4418-ab73-c06c44fc710e	1	194482281	194485888	2	1.4363
a1a772f6-b856-4418-ab73-c06c44fc710e	1	194487886	196745743	1450	0.0187
a1a772f6-b856-4418-ab73-c06c44fc710e	1	196758720	196843377	59	-0.4475
a1a772f6-b856-4418-ab73-c06c44fc710e	1	196843400	196846661	2	4.1648
a1a772f6-b856-4418-ab73-c06c44fc710e	1	196847600	198335406	820	0.0171
a1a772f6-b856-4418-ab73-c06c44fc710e	1	198337730	198338649	3	-0.9978
a1a772f6-b856-4418-ab73-c06c44fc710e	1	198342229	214462706	11062	0.0231
a1a772f6-b856-4418-ab73-c06c44fc710e	1	214462826	214471964	16	-0.4627
a1a772f6-b856-4418-ab73-c06c44fc710e	1	214471977	229675422	9943	0.0198
a1a772f6-b856-4418-ab73-c06c44fc710e	1	229681109	229684449	3	-2.8969
a1a772f6-b856-4418-ab73-c06c44fc710e	1	229684709	248585893	13810	0.0198
a1a772f6-b856-4418-ab73-c06c44fc710e	1	248585918	248645808	33	-0.6781
a1a772f6-b856-4418-ab73-c06c44fc710e	1	248646068	248930189	139	0.0325
a1a772f6-b856-4418-ab73-c06c44fc710e	2	12784	34346	13	-0.1982
a1a772f6-b856-4418-ab73-c06c44fc710e	2	36862	3680971	2556	0.0144
a1a772f6-b856-4418-ab73-c06c44fc710e	2	3684956	3685683	4	-1.1807
a1a772f6-b856-4418-ab73-c06c44fc710e	2	3688948	4155990	414	0.01
a1a772f6-b856-4418-ab73-c06c44fc710e	2	4158097	4182472	44	0.2806
a1a772f6-b856-4418-ab73-c06c44fc710e	2	4187192	18717348	11147	0.0299
a1a772f6-b856-4418-ab73-c06c44fc710e	2	18721398	18721442	2	-1.3954
a1a772f6-b856-4418-ab73-c06c44fc710e	2	18724109	34460213	9918	0.0234
a1a772f6-b856-4418-ab73-c06c44fc710e	2	34466002	34497960	35	0.5022
a1a772f6-b856-4418-ab73-c06c44fc710e	2	34498023	34511990	12	0.8891
a1a772f6-b856-4418-ab73-c06c44fc710e	2	34512096	35742970	870	0.0194
a1a772f6-b856-4418-ab73-c06c44fc710e	2	35750907	35772438	10	0.6292
a1a772f6-b856-4418-ab73-c06c44fc710e	2	35775353	52527330	12124	0.0196
a1a772f6-b856-4418-ab73-c06c44fc710e	2	52527342	52527743	6	-1.355
a1a772f6-b856-4418-ab73-c06c44fc710e	2	52531615	86710564	21956	0.0221
a1a772f6-b856-4418-ab73-c06c44fc710e	2	86725947	86726731	2	-2.4843
a1a772f6-b856-4418-ab73-c06c44fc710e	2	86743283	97359885	1929	0.0191
a1a772f6-b856-4418-ab73-c06c44fc710e	2	97524284	97560849	15	-0.7992
a1a772f6-b856-4418-ab73-c06c44fc710e	2	97562741	152930971	33625	0.0257
a1a772f6-b856-4418-ab73-c06c44fc710e	2	152939554	152940256	2	-1.5709
a1a772f6-b856-4418-ab73-c06c44fc710e	2	152940270	193823021	24669	0.0225
a1a772f6-b856-4418-ab73-c06c44fc710e	2	193825580	193829074	2	1.9724
a1a772f6-b856-4418-ab73-c06c44fc710e	2	193837590	242147305	30204	0.0265
a1a772f6-b856-4418-ab73-c06c44fc710e	3	20930	6604856	5820	0.018
a1a772f6-b856-4418-ab73-c06c44fc710e	3	6609441	6611645	23	-0.8106
a1a772f6-b856-4418-ab73-c06c44fc710e	3	6613391	75403949	46853	0.0158
a1a772f6-b856-4418-ab73-c06c44fc710e	3	75407149	75590356	64	0.2586
a1a772f6-b856-4418-ab73-c06c44fc710e	3	75596233	81545929	3388	0.0223
a1a772f6-b856-4418-ab73-c06c44fc710e	3	81546941	81548156	3	-1.2832
a1a772f6-b856-4418-ab73-c06c44fc710e	3	81551646	89620865	4461	0.0216
a1a772f6-b856-4418-ab73-c06c44fc710e	3	89622183	89624990	8	-1.3009
a1a772f6-b856-4418-ab73-c06c44fc710e	3	89629449	99218940	3106	0.0193
a1a772f6-b856-4418-ab73-c06c44fc710e	3	99225614	99230457	35	-0.6168
a1a772f6-b856-4418-ab73-c06c44fc710e	3	99230464	125993496	16358	0.0156
a1a772f6-b856-4418-ab73-c06c44fc710e	3	125993720	125993872	4	0.988
a1a772f6-b856-4418-ab73-c06c44fc710e	3	125993886	140559887	8930	0.0162
a1a772f6-b856-4418-ab73-c06c44fc710e	3	140560039	140560160	3	-1.2853
a1a772f6-b856-4418-ab73-c06c44fc710e	3	140563242	162794951	13734	0.0158
a1a772f6-b856-4418-ab73-c06c44fc710e	3	162795304	162908207	68	-1.7229
a1a772f6-b856-4418-ab73-c06c44fc710e	3	162908784	175362822	7657	0.019
a1a772f6-b856-4418-ab73-c06c44fc710e	3	175362958	175363437	4	-1.0004
a1a772f6-b856-4418-ab73-c06c44fc710e	3	175363536	193160113	11513	0.0201
a1a772f6-b856-4418-ab73-c06c44fc710e	3	193160173	193165099	18	0.5452
a1a772f6-b856-4418-ab73-c06c44fc710e	3	193165114	194580848	923	0.0164
a1a772f6-b856-4418-ab73-c06c44fc710e	3	194584890	194595565	8	-1.1174
a1a772f6-b856-4418-ab73-c06c44fc710e	3	194596919	195558822	552	0.0141
a1a772f6-b856-4418-ab73-c06c44fc710e	3	195559056	195720051	26	-1.0546
a1a772f6-b856-4418-ab73-c06c44fc710e	3	195728637	195737444	14	-0.2478
a1a772f6-b856-4418-ab73-c06c44fc710e	3	195737636	195751823	6	-1.0142
a1a772f6-b856-4418-ab73-c06c44fc710e	3	195751990	195934679	79	-0.056
a1a772f6-b856-4418-ab73-c06c44fc710e	3	195963975	195974292	4	-1.4119
a1a772f6-b856-4418-ab73-c06c44fc710e	3	195974457	198169247	1082	0.0255
a1a772f6-b856-4418-ab73-c06c44fc710e	4	68929	10208766	5707	0.0137
a1a772f6-b856-4418-ab73-c06c44fc710e	4	10212536	10229874	29	2.1916
a1a772f6-b856-4418-ab73-c06c44fc710e	4	10232590	10233644	7	0.6355
a1a772f6-b856-4418-ab73-c06c44fc710e	4	10234518	10389091	171	0.0331
a1a772f6-b856-4418-ab73-c06c44fc710e	4	10390730	10399044	16	-0.6511
a1a772f6-b856-4418-ab73-c06c44fc710e	4	10401094	26287196	11542	0.0148
a1a772f6-b856-4418-ab73-c06c44fc710e	4	26290363	26293154	3	-1.6404
a1a772f6-b856-4418-ab73-c06c44fc710e	4	26293552	34777432	5241	0.0163
a1a772f6-b856-4418-ab73-c06c44fc710e	4	34784878	34822561	37	0.4825
a1a772f6-b856-4418-ab73-c06c44fc710e	4	34823103	61071220	15060	0.0134
a1a772f6-b856-4418-ab73-c06c44fc710e	4	61075217	61076234	2	-1.7086
a1a772f6-b856-4418-ab73-c06c44fc710e	4	61079968	63827261	1502	0.0168
a1a772f6-b856-4418-ab73-c06c44fc710e	4	63828222	63842540	29	0.4475
a1a772f6-b856-4418-ab73-c06c44fc710e	4	63850713	68506285	2873	0.0131
a1a772f6-b856-4418-ab73-c06c44fc710e	4	68509223	68639397	67	-0.3648
a1a772f6-b856-4418-ab73-c06c44fc710e	4	68640616	151868241	49812	0.0155
a1a772f6-b856-4418-ab73-c06c44fc710e	4	151868634	151871739	14	-0.9048
a1a772f6-b856-4418-ab73-c06c44fc710e	4	151873644	154881396	1950	0.0095
a1a772f6-b856-4418-ab73-c06c44fc710e	4	154881853	154881926	3	-2.8644
a1a772f6-b856-4418-ab73-c06c44fc710e	4	154882047	172066777	11014	0.017
a1a772f6-b856-4418-ab73-c06c44fc710e	4	172067997	172068382	12	0.9814
a1a772f6-b856-4418-ab73-c06c44fc710e	4	172074828	190106768	12084	0.0167
a1a772f6-b856-4418-ab73-c06c44fc710e	5	15532	685633	306	0.016
a1a772f6-b856-4418-ab73-c06c44fc710e	5	698256	773075	25	0.624
a1a772f6-b856-4418-ab73-c06c44fc710e	5	773432	8617568	6533	0.0079
a1a772f6-b856-4418-ab73-c06c44fc710e	5	8617883	8621214	2	-1.3299
a1a772f6-b856-4418-ab73-c06c44fc710e	5	8621679	11161513	2235	0.0098
a1a772f6-b856-4418-ab73-c06c44fc710e	5	11162524	11162659	3	-3.1593
a1a772f6-b856-4418-ab73-c06c44fc710e	5	11167165	15719113	3074	0.002
a1a772f6-b856-4418-ab73-c06c44fc710e	5	15719241	15720488	10	-0.9169
a1a772f6-b856-4418-ab73-c06c44fc710e	5	15723237	46191782	18473	0.0104
a1a772f6-b856-4418-ab73-c06c44fc710e	5	46195781	46199333	4	-1.4305
a1a772f6-b856-4418-ab73-c06c44fc710e	5	46209197	46251204	13	0.0697
a1a772f6-b856-4418-ab73-c06c44fc710e	5	46270906	46273400	8	1.2227
a1a772f6-b856-4418-ab73-c06c44fc710e	5	46278110	58033288	5079	0.011
a1a772f6-b856-4418-ab73-c06c44fc710e	5	58033703	58037706	28	-0.4086
a1a772f6-b856-4418-ab73-c06c44fc710e	5	58042530	156048095	60292	0.0145
a1a772f6-b856-4418-ab73-c06c44fc710e	5	156049762	156055719	14	-0.7273
a1a772f6-b856-4418-ab73-c06c44fc710e	5	156068240	177800550	14810	0.0166
a1a772f6-b856-4418-ab73-c06c44fc710e	5	177801578	177805604	2	-1.4026
a1a772f6-b856-4418-ab73-c06c44fc710e	5	177827964	178012562	42	0.0736
a1a772f6-b856-4418-ab73-c06c44fc710e	5	178050723	178054262	2	-1.5386
a1a772f6-b856-4418-ab73-c06c44fc710e	5	178055518	178676685	400	0.0294
a1a772f6-b856-4418-ab73-c06c44fc710e	5	178680689	178691854	6	-0.846
a1a772f6-b856-4418-ab73-c06c44fc710e	5	178692757	179639934	597	0.0296
a1a772f6-b856-4418-ab73-c06c44fc710e	5	179641462	179659493	9	0.6141
a1a772f6-b856-4418-ab73-c06c44fc710e	5	179668592	180934838	735	0.0195
a1a772f6-b856-4418-ab73-c06c44fc710e	5	180945168	180991103	22	0.6898
a1a772f6-b856-4418-ab73-c06c44fc710e	5	181006225	181363319	170	0.0306
a1a772f6-b856-4418-ab73-c06c44fc710e	6	149661	254283	101	-0.003
a1a772f6-b856-4418-ab73-c06c44fc710e	6	257353	303017	25	0.6005
a1a772f6-b856-4418-ab73-c06c44fc710e	6	303121	384109	79	0.1941
a1a772f6-b856-4418-ab73-c06c44fc710e	6	384521	2701830	1916	0.0168
a1a772f6-b856-4418-ab73-c06c44fc710e	6	2701887	2701901	2	-1.5404
a1a772f6-b856-4418-ab73-c06c44fc710e	6	2704200	6033698	2726	0.0107
a1a772f6-b856-4418-ab73-c06c44fc710e	6	6034077	6034203	2	-1.1661
a1a772f6-b856-4418-ab73-c06c44fc710e	6	6036812	7264834	1088	0.0165
a1a772f6-b856-4418-ab73-c06c44fc710e	6	7265822	7271371	2	-1.2103
a1a772f6-b856-4418-ab73-c06c44fc710e	6	7275693	7875982	485	0.0031
a1a772f6-b856-4418-ab73-c06c44fc710e	6	7876114	7879897	3	-1.1106
a1a772f6-b856-4418-ab73-c06c44fc710e	6	7881698	14836033	5228	0.014
a1a772f6-b856-4418-ab73-c06c44fc710e	6	14836334	14841727	7	-0.7722
a1a772f6-b856-4418-ab73-c06c44fc710e	6	14843529	17804886	2132	0.022
a1a772f6-b856-4418-ab73-c06c44fc710e	6	17806946	17807407	2	-1.4393
a1a772f6-b856-4418-ab73-c06c44fc710e	6	17808027	29875657	7868	0.0153
a1a772f6-b856-4418-ab73-c06c44fc710e	6	29876257	29882603	11	0.6857
a1a772f6-b856-4418-ab73-c06c44fc710e	6	29903859	32533522	1186	-0.0007
a1a772f6-b856-4418-ab73-c06c44fc710e	6	32540699	32550992	5	-1.2666
a1a772f6-b856-4418-ab73-c06c44fc710e	6	32559507	32656527	37	-0.2716
a1a772f6-b856-4418-ab73-c06c44fc710e	6	32656814	32658841	5	1.2187
a1a772f6-b856-4418-ab73-c06c44fc710e	6	32682835	32720838	37	-0.0165
a1a772f6-b856-4418-ab73-c06c44fc710e	6	32720855	32721076	2	-2.6464
a1a772f6-b856-4418-ab73-c06c44fc710e	6	32721547	32777750	53	-0.0687
a1a772f6-b856-4418-ab73-c06c44fc710e	6	32783837	32784185	2	-2.4849
a1a772f6-b856-4418-ab73-c06c44fc710e	6	32784272	54066353	13609	0.0132
a1a772f6-b856-4418-ab73-c06c44fc710e	6	54066432	54067057	6	-1.4302
a1a772f6-b856-4418-ab73-c06c44fc710e	6	54070550	78252909	13166	0.0168
a1a772f6-b856-4418-ab73-c06c44fc710e	6	78253157	78325457	114	0.4439
a1a772f6-b856-4418-ab73-c06c44fc710e	6	78325468	83715746	3409	0.0187
a1a772f6-b856-4418-ab73-c06c44fc710e	6	83716727	83722037	5	-0.9239
a1a772f6-b856-4418-ab73-c06c44fc710e	6	83724392	102251118	11466	0.0113
a1a772f6-b856-4418-ab73-c06c44fc710e	6	102251250	102271970	11	-0.5196
a1a772f6-b856-4418-ab73-c06c44fc710e	6	102274886	123913214	13140	0.0178
a1a772f6-b856-4418-ab73-c06c44fc710e	6	123914544	123915173	6	-0.8461
a1a772f6-b856-4418-ab73-c06c44fc710e	6	123915590	133945130	6573	0.0197
a1a772f6-b856-4418-ab73-c06c44fc710e	6	133947933	133948494	2	-2.2368
a1a772f6-b856-4418-ab73-c06c44fc710e	6	133950934	139099858	3584	0.015
a1a772f6-b856-4418-ab73-c06c44fc710e	6	139100600	139101546	2	-3.2683
a1a772f6-b856-4418-ab73-c06c44fc710e	6	139103986	170741917	21517	0.0157
a1a772f6-b856-4418-ab73-c06c44fc710e	7	43355	38251113	27371	0.0173
a1a772f6-b856-4418-ab73-c06c44fc710e	7	38254500	38326911	109	-0.2999
a1a772f6-b856-4418-ab73-c06c44fc710e	7	38331191	97777749	32873	0.0192
a1a772f6-b856-4418-ab73-c06c44fc710e	7	97788295	97788298	2	-2.2794
a1a772f6-b856-4418-ab73-c06c44fc710e	7	97791337	100731621	1261	0.0198
a1a772f6-b856-4418-ab73-c06c44fc710e	7	100731642	100735219	2	-1.6674
a1a772f6-b856-4418-ab73-c06c44fc710e	7	100753382	108222345	4292	0.0151
a1a772f6-b856-4418-ab73-c06c44fc710e	7	108222826	108222951	2	-1.7215
a1a772f6-b856-4418-ab73-c06c44fc710e	7	108226824	109793741	1024	0.026
a1a772f6-b856-4418-ab73-c06c44fc710e	7	109797035	109801155	24	-0.8201
a1a772f6-b856-4418-ab73-c06c44fc710e	7	109801187	109813853	11	-2.1787
a1a772f6-b856-4418-ab73-c06c44fc710e	7	109813925	111420729	1089	0.0206
a1a772f6-b856-4418-ab73-c06c44fc710e	7	111425236	111426603	6	-1.0395
a1a772f6-b856-4418-ab73-c06c44fc710e	7	111429358	134100424	13649	0.0205
a1a772f6-b856-4418-ab73-c06c44fc710e	7	134100442	134105690	23	-2.1952
a1a772f6-b856-4418-ab73-c06c44fc710e	7	134110881	134113790	8	-0.6797
a1a772f6-b856-4418-ab73-c06c44fc710e	7	134113805	142070732	5206	0.0146
a1a772f6-b856-4418-ab73-c06c44fc710e	7	142070827	142092108	26	0.6215
a1a772f6-b856-4418-ab73-c06c44fc710e	7	142092307	142378079	226	0.0203
a1a772f6-b856-4418-ab73-c06c44fc710e	7	142378284	142783177	217	-0.0987
a1a772f6-b856-4418-ab73-c06c44fc710e	7	142784177	143521765	455	0.0238
a1a772f6-b856-4418-ab73-c06c44fc710e	7	143529806	143603307	5	0.9519
a1a772f6-b856-4418-ab73-c06c44fc710e	7	143728285	145066130	772	0.0312
a1a772f6-b856-4418-ab73-c06c44fc710e	7	145066449	145073872	4	-0.9226
a1a772f6-b856-4418-ab73-c06c44fc710e	7	145083337	153450553	5095	0.0221
a1a772f6-b856-4418-ab73-c06c44fc710e	7	153450560	153450627	2	-2.4324
a1a772f6-b856-4418-ab73-c06c44fc710e	7	153450630	154598185	851	0.0146
a1a772f6-b856-4418-ab73-c06c44fc710e	7	154601461	154607903	4	-1.2967
a1a772f6-b856-4418-ab73-c06c44fc710e	7	154609120	159334314	3236	0.0285
a1a772f6-b856-4418-ab73-c06c44fc710e	8	81254	2844277	2039	0.0036
a1a772f6-b856-4418-ab73-c06c44fc710e	8	2844412	2846377	8	0.8851
a1a772f6-b856-4418-ab73-c06c44fc710e	8	2849649	5736745	3955	0.013
a1a772f6-b856-4418-ab73-c06c44fc710e	8	5741204	5746973	27	-0.8544
a1a772f6-b856-4418-ab73-c06c44fc710e	8	5749566	7167045	1695	0.0091
a1a772f6-b856-4418-ab73-c06c44fc710e	8	7172468	7185818	5	-1.1925
a1a772f6-b856-4418-ab73-c06c44fc710e	8	7296545	7981252	56	0.0486
a1a772f6-b856-4418-ab73-c06c44fc710e	8	7982198	8120447	9	0.8931
a1a772f6-b856-4418-ab73-c06c44fc710e	8	8120649	14426755	5004	0.0162
a1a772f6-b856-4418-ab73-c06c44fc710e	8	14427181	14428681	3	-1.105
a1a772f6-b856-4418-ab73-c06c44fc710e	8	14428696	14652059	223	0.011
a1a772f6-b856-4418-ab73-c06c44fc710e	8	14652523	14652565	3	-1.9616
a1a772f6-b856-4418-ab73-c06c44fc710e	8	14652887	16349505	1513	0.0187
a1a772f6-b856-4418-ab73-c06c44fc710e	8	16349543	16349614	6	-0.7355
a1a772f6-b856-4418-ab73-c06c44fc710e	8	16354575	16404726	48	0.0388
a1a772f6-b856-4418-ab73-c06c44fc710e	8	16404738	16421186	28	-0.734
a1a772f6-b856-4418-ab73-c06c44fc710e	8	16425078	25114672	6857	0.017
a1a772f6-b856-4418-ab73-c06c44fc710e	8	25116928	25133893	34	-0.2916
a1a772f6-b856-4418-ab73-c06c44fc710e	8	25134248	39373140	9012	0.0137
a1a772f6-b856-4418-ab73-c06c44fc710e	8	39378084	39529446	58	-2.0184
a1a772f6-b856-4418-ab73-c06c44fc710e	8	39530780	40914477	1073	0.0217
a1a772f6-b856-4418-ab73-c06c44fc710e	8	40920333	40920952	2	-2.2489
a1a772f6-b856-4418-ab73-c06c44fc710e	8	40926161	46613954	1692	0.0241
a1a772f6-b856-4418-ab73-c06c44fc710e	8	46615926	46624924	9	0.6527
a1a772f6-b856-4418-ab73-c06c44fc710e	8	46634473	57204927	6408	0.0192
a1a772f6-b856-4418-ab73-c06c44fc710e	8	57205493	57217466	3	-0.9727
a1a772f6-b856-4418-ab73-c06c44fc710e	8	57220239	63936079	4461	0.0202
a1a772f6-b856-4418-ab73-c06c44fc710e	8	63936340	63936561	6	0.7899
a1a772f6-b856-4418-ab73-c06c44fc710e	8	63936953	67635434	1881	0.019
a1a772f6-b856-4418-ab73-c06c44fc710e	8	67635897	67636071	5	-0.7465
a1a772f6-b856-4418-ab73-c06c44fc710e	8	67636165	73898232	4187	0.0155
a1a772f6-b856-4418-ab73-c06c44fc710e	8	73900433	73902026	2	-1.4705
a1a772f6-b856-4418-ab73-c06c44fc710e	8	73908361	111282809	22286	0.0156
a1a772f6-b856-4418-ab73-c06c44fc710e	8	111282852	111283016	3	-2.0427
a1a772f6-b856-4418-ab73-c06c44fc710e	8	111283031	141451594	21398	0.0179
a1a772f6-b856-4418-ab73-c06c44fc710e	8	141453371	141460110	6	-0.9907
a1a772f6-b856-4418-ab73-c06c44fc710e	8	141467652	145072769	1524	0.0304
a1a772f6-b856-4418-ab73-c06c44fc710e	9	46587	602903	508	0.0569
a1a772f6-b856-4418-ab73-c06c44fc710e	9	606699	607307	5	0.7482
a1a772f6-b856-4418-ab73-c06c44fc710e	9	607519	4015513	3538	0.0154
a1a772f6-b856-4418-ab73-c06c44fc710e	9	4015543	4015745	3	-1.1286
a1a772f6-b856-4418-ab73-c06c44fc710e	9	4015947	23361807	16380	0.0136
a1a772f6-b856-4418-ab73-c06c44fc710e	9	23363117	23373486	8	0.7882
a1a772f6-b856-4418-ab73-c06c44fc710e	9	23378490	41644288	10846	0.0201
a1a772f6-b856-4418-ab73-c06c44fc710e	9	41644336	41666811	5	-1.172
a1a772f6-b856-4418-ab73-c06c44fc710e	9	41703463	103481784	24873	0.0192
a1a772f6-b856-4418-ab73-c06c44fc710e	9	103481894	103491176	4	-1.3536
a1a772f6-b856-4418-ab73-c06c44fc710e	9	103493403	117496799	10868	0.0145
a1a772f6-b856-4418-ab73-c06c44fc710e	9	117497843	117498842	4	-1.4653
a1a772f6-b856-4418-ab73-c06c44fc710e	9	117501436	138200944	12477	0.0201
a1a772f6-b856-4418-ab73-c06c44fc710e	10	45792	1393017	817	0.0253
a1a772f6-b856-4418-ab73-c06c44fc710e	10	1400514	1410591	28	-0.977
a1a772f6-b856-4418-ab73-c06c44fc710e	10	1413348	13007885	10074	0.0245
a1a772f6-b856-4418-ab73-c06c44fc710e	10	13008005	13008170	5	-1.3412
a1a772f6-b856-4418-ab73-c06c44fc710e	10	13008428	65545353	33507	0.0191
a1a772f6-b856-4418-ab73-c06c44fc710e	10	65546321	65554672	30	0.4143
a1a772f6-b856-4418-ab73-c06c44fc710e	10	65554688	80234421	9478	0.0191
a1a772f6-b856-4418-ab73-c06c44fc710e	10	80234562	80237322	2	-2.9985
a1a772f6-b856-4418-ab73-c06c44fc710e	10	80237692	81118403	634	0.0127
a1a772f6-b856-4418-ab73-c06c44fc710e	10	81121574	81130027	10	-1.0693
a1a772f6-b856-4418-ab73-c06c44fc710e	10	81134713	133654968	36110	0.0209
a1a772f6-b856-4418-ab73-c06c44fc710e	11	198510	4217824	1739	0.039
a1a772f6-b856-4418-ab73-c06c44fc710e	11	4228783	4314648	25	-0.6268
a1a772f6-b856-4418-ab73-c06c44fc710e	11	4314837	4946420	656	0.0308
a1a772f6-b856-4418-ab73-c06c44fc710e	11	4947280	4954475	28	-1.5513
a1a772f6-b856-4418-ab73-c06c44fc710e	11	4955027	5762693	786	0.012
a1a772f6-b856-4418-ab73-c06c44fc710e	11	5766175	5788231	35	0.6299
a1a772f6-b856-4418-ab73-c06c44fc710e	11	5791130	6096746	244	-0.0364
a1a772f6-b856-4418-ab73-c06c44fc710e	11	6099417	6100864	2	-1.6631
a1a772f6-b856-4418-ab73-c06c44fc710e	11	6101273	18913287	9155	0.0212
a1a772f6-b856-4418-ab73-c06c44fc710e	11	18914707	18949866	60	-0.1988
a1a772f6-b856-4418-ab73-c06c44fc710e	11	18950075	55609178	21774	0.0141
a1a772f6-b856-4418-ab73-c06c44fc710e	11	55609186	55685533	47	-0.4479
a1a772f6-b856-4418-ab73-c06c44fc710e	11	55686100	57109774	956	0.0111
a1a772f6-b856-4418-ab73-c06c44fc710e	11	57110016	57110029	2	-1.2968
a1a772f6-b856-4418-ab73-c06c44fc710e	11	57110525	86594619	16807	0.0241
a1a772f6-b856-4418-ab73-c06c44fc710e	11	86594771	86595012	5	-0.9234
a1a772f6-b856-4418-ab73-c06c44fc710e	11	86604132	113301953	18429	0.0169
a1a772f6-b856-4418-ab73-c06c44fc710e	11	113305650	113305699	2	-1.525
a1a772f6-b856-4418-ab73-c06c44fc710e	11	113306160	135074876	16104	0.0163
a1a772f6-b856-4418-ab73-c06c44fc710e	12	51460	9477960	6175	0.0229
a1a772f6-b856-4418-ab73-c06c44fc710e	12	9481274	9575696	24	-1.7474
a1a772f6-b856-4418-ab73-c06c44fc710e	12	9582373	11368848	1190	0.0157
a1a772f6-b856-4418-ab73-c06c44fc710e	12	11368865	11402077	27	-0.9642
a1a772f6-b856-4418-ab73-c06c44fc710e	12	11407998	31112123	13987	0.0164
a1a772f6-b856-4418-ab73-c06c44fc710e	12	31116364	31254189	88	0.5794
a1a772f6-b856-4418-ab73-c06c44fc710e	12	31256945	45506042	6916	0.0177
a1a772f6-b856-4418-ab73-c06c44fc710e	12	45510655	45515754	4	-1.2616
a1a772f6-b856-4418-ab73-c06c44fc710e	12	45519509	70478895	15172	0.0151
a1a772f6-b856-4418-ab73-c06c44fc710e	12	70482534	70484247	8	-2.1581
a1a772f6-b856-4418-ab73-c06c44fc710e	12	70485605	103738242	21272	0.0162
a1a772f6-b856-4418-ab73-c06c44fc710e	12	103738587	103742538	9	-1.0931
a1a772f6-b856-4418-ab73-c06c44fc710e	12	103743532	131636170	19421	0.0143
a1a772f6-b856-4418-ab73-c06c44fc710e	12	131648039	131648790	13	-1.9089
a1a772f6-b856-4418-ab73-c06c44fc710e	12	131657925	133201603	559	0.0549
a1a772f6-b856-4418-ab73-c06c44fc710e	13	18452809	18833025	88	-0.0353
a1a772f6-b856-4418-ab73-c06c44fc710e	13	18833965	18835707	4	-1.4091
a1a772f6-b856-4418-ab73-c06c44fc710e	13	18842946	114342922	64079	0.0175
a1a772f6-b856-4418-ab73-c06c44fc710e	14	18239283	18646056	16	0.0303
a1a772f6-b856-4418-ab73-c06c44fc710e	14	18656322	19019303	14	0.8664
a1a772f6-b856-4418-ab73-c06c44fc710e	14	19049265	19689684	34	-0.1237
a1a772f6-b856-4418-ab73-c06c44fc710e	14	19732024	19954424	102	-0.3976
a1a772f6-b856-4418-ab73-c06c44fc710e	14	19955213	21937218	1373	0.0072
a1a772f6-b856-4418-ab73-c06c44fc710e	14	21940575	22506810	488	-0.2774
a1a772f6-b856-4418-ab73-c06c44fc710e	14	22506847	23257881	417	0.0007
a1a772f6-b856-4418-ab73-c06c44fc710e	14	23264516	23265459	3	-1.0653
a1a772f6-b856-4418-ab73-c06c44fc710e	14	23265641	41145917	11325	0.0189
a1a772f6-b856-4418-ab73-c06c44fc710e	14	41159026	41184774	10	-0.8172
a1a772f6-b856-4418-ab73-c06c44fc710e	14	41188046	45894199	2728	0.0166
a1a772f6-b856-4418-ab73-c06c44fc710e	14	45894378	45894681	2	-1.2198
a1a772f6-b856-4418-ab73-c06c44fc710e	14	45898131	69547262	15105	0.0167
a1a772f6-b856-4418-ab73-c06c44fc710e	14	69551330	69555750	9	-0.8553
a1a772f6-b856-4418-ab73-c06c44fc710e	14	69555996	73529070	2623	0.0136
a1a772f6-b856-4418-ab73-c06c44fc710e	14	73534419	73563196	10	1.4637
a1a772f6-b856-4418-ab73-c06c44fc710e	14	73563211	85098746	7599	0.0197
a1a772f6-b856-4418-ab73-c06c44fc710e	14	85098811	85099620	8	-0.636
a1a772f6-b856-4418-ab73-c06c44fc710e	14	85100404	89939229	3258	0.0221
a1a772f6-b856-4418-ab73-c06c44fc710e	14	89939658	89940309	3	-1.5583
a1a772f6-b856-4418-ab73-c06c44fc710e	14	89943009	102693192	8661	0.0168
a1a772f6-b856-4418-ab73-c06c44fc710e	14	102696595	102698717	2	-2.3489
a1a772f6-b856-4418-ab73-c06c44fc710e	14	102699980	106154301	1282	0.0152
a1a772f6-b856-4418-ab73-c06c44fc710e	14	106154876	106157688	3	-1.1172
a1a772f6-b856-4418-ab73-c06c44fc710e	14	106158294	106253393	34	-0.1564
a1a772f6-b856-4418-ab73-c06c44fc710e	14	106257142	106284182	15	0.379
a1a772f6-b856-4418-ab73-c06c44fc710e	14	106290131	106340102	23	-0.1118
a1a772f6-b856-4418-ab73-c06c44fc710e	14	106340305	106346129	6	0.7177
a1a772f6-b856-4418-ab73-c06c44fc710e	14	106360014	106418444	31	-0.0512
a1a772f6-b856-4418-ab73-c06c44fc710e	14	106423925	106475361	50	-2.1321
a1a772f6-b856-4418-ab73-c06c44fc710e	14	106487515	106877229	193	0.0207
a1a772f6-b856-4418-ab73-c06c44fc710e	15	19811075	20625071	136	-0.0971
a1a772f6-b856-4418-ab73-c06c44fc710e	15	20625279	22003073	43	-0.517
a1a772f6-b856-4418-ab73-c06c44fc710e	15	22005276	34421922	7250	0.0199
a1a772f6-b856-4418-ab73-c06c44fc710e	15	34430601	34526116	65	-0.8756
a1a772f6-b856-4418-ab73-c06c44fc710e	15	34570058	76042215	26116	0.0157
a1a772f6-b856-4418-ab73-c06c44fc710e	15	76048529	76052548	3	-1.0365
a1a772f6-b856-4418-ab73-c06c44fc710e	15	76056133	82533218	3993	0.0135
a1a772f6-b856-4418-ab73-c06c44fc710e	15	82533399	82533416	2	1.3206
a1a772f6-b856-4418-ab73-c06c44fc710e	15	82535443	83871429	750	0.0239
a1a772f6-b856-4418-ab73-c06c44fc710e	15	83871965	83878795	9	-0.6864
a1a772f6-b856-4418-ab73-c06c44fc710e	15	83879115	101864933	13185	0.0194
a1a772f6-b856-4418-ab73-c06c44fc710e	15	101880399	101928837	12	0.5105
a1a772f6-b856-4418-ab73-c06c44fc710e	16	10777	35225338	20166	0.02
a1a772f6-b856-4418-ab73-c06c44fc710e	16	35232200	35282548	25	0.8277
a1a772f6-b856-4418-ab73-c06c44fc710e	16	35282553	35282555	3	-0.508
a1a772f6-b856-4418-ab73-c06c44fc710e	16	35282935	35522700	140	0.839
a1a772f6-b856-4418-ab73-c06c44fc710e	16	35526596	60519407	9555	0.0154
a1a772f6-b856-4418-ab73-c06c44fc710e	16	60521634	60537315	9	-1.0506
a1a772f6-b856-4418-ab73-c06c44fc710e	16	60540490	75208831	8600	0.0167
a1a772f6-b856-4418-ab73-c06c44fc710e	16	75212144	75218408	4	-0.977
a1a772f6-b856-4418-ab73-c06c44fc710e	16	75220595	78337711	2724	0.0069
a1a772f6-b856-4418-ab73-c06c44fc710e	16	78338543	78347366	14	-2.4836
a1a772f6-b856-4418-ab73-c06c44fc710e	16	78349243	78350868	3	-1.0397
a1a772f6-b856-4418-ab73-c06c44fc710e	16	78351104	80970410	3070	0.0115
a1a772f6-b856-4418-ab73-c06c44fc710e	16	80971482	80971505	2	-1.225
a1a772f6-b856-4418-ab73-c06c44fc710e	16	80972861	83855218	3159	0.02
a1a772f6-b856-4418-ab73-c06c44fc710e	16	83856075	83858164	4	-1.0654
a1a772f6-b856-4418-ab73-c06c44fc710e	16	83858313	87923852	3452	0.0203
a1a772f6-b856-4418-ab73-c06c44fc710e	16	87924956	87946454	13	-1.1281
a1a772f6-b856-4418-ab73-c06c44fc710e	16	87948178	90096867	919	0.0411
a1a772f6-b856-4418-ab73-c06c44fc710e	17	150733	16508073	10373	0.0214
a1a772f6-b856-4418-ab73-c06c44fc710e	17	16509028	16511542	7	-0.7275
a1a772f6-b856-4418-ab73-c06c44fc710e	17	16513106	16750987	97	0.0365
a1a772f6-b856-4418-ab73-c06c44fc710e	17	16754017	16834846	11	0.5481
a1a772f6-b856-4418-ab73-c06c44fc710e	17	16838201	18414080	908	0.0358
a1a772f6-b856-4418-ab73-c06c44fc710e	17	18452078	18561272	26	-1.9214
a1a772f6-b856-4418-ab73-c06c44fc710e	17	18561907	36109735	6841	0.0213
a1a772f6-b856-4418-ab73-c06c44fc710e	17	36112585	36208249	36	0.5099
a1a772f6-b856-4418-ab73-c06c44fc710e	17	36460442	41266774	2527	0.0273
a1a772f6-b856-4418-ab73-c06c44fc710e	17	41266805	41273697	17	-0.536
a1a772f6-b856-4418-ab73-c06c44fc710e	17	41273905	41274279	5	-1.688
a1a772f6-b856-4418-ab73-c06c44fc710e	17	41276472	46117997	2520	0.0226
a1a772f6-b856-4418-ab73-c06c44fc710e	17	46118359	46275506	100	-0.2484
a1a772f6-b856-4418-ab73-c06c44fc710e	17	46276519	55544982	5347	0.0145
a1a772f6-b856-4418-ab73-c06c44fc710e	17	55545649	55549303	6	-0.9313
a1a772f6-b856-4418-ab73-c06c44fc710e	17	55549879	79367431	14608	0.02
a1a772f6-b856-4418-ab73-c06c44fc710e	17	79369452	79405969	21	0.6222
a1a772f6-b856-4418-ab73-c06c44fc710e	17	79406159	81139363	879	0.0331
a1a772f6-b856-4418-ab73-c06c44fc710e	17	81139641	81155301	6	-0.6755
a1a772f6-b856-4418-ab73-c06c44fc710e	17	81158113	83091923	715	0.026
a1a772f6-b856-4418-ab73-c06c44fc710e	18	48133	2275439	1625	0.0263
a1a772f6-b856-4418-ab73-c06c44fc710e	18	2276469	2278776	4	-1.202
a1a772f6-b856-4418-ab73-c06c44fc710e	18	2280229	44394050	23550	0.014
a1a772f6-b856-4418-ab73-c06c44fc710e	18	44394853	44398660	7	-0.8985
a1a772f6-b856-4418-ab73-c06c44fc710e	18	44402706	53740491	6603	0.0155
a1a772f6-b856-4418-ab73-c06c44fc710e	18	53740727	53740980	5	-1.1015
a1a772f6-b856-4418-ab73-c06c44fc710e	18	53741022	78900693	18251	0.0126
a1a772f6-b856-4418-ab73-c06c44fc710e	18	78902714	78904863	5	-0.9974
a1a772f6-b856-4418-ab73-c06c44fc710e	18	78906449	80257174	704	0.0174
a1a772f6-b856-4418-ab73-c06c44fc710e	19	90910	14928127	6101	0.0274
a1a772f6-b856-4418-ab73-c06c44fc710e	19	14934380	14938487	3	-1.5937
a1a772f6-b856-4418-ab73-c06c44fc710e	19	14940475	41551655	13789	0.0164
a1a772f6-b856-4418-ab73-c06c44fc710e	19	41553480	41555483	4	-1.0384
a1a772f6-b856-4418-ab73-c06c44fc710e	19	41555868	45244986	1897	0.0212
a1a772f6-b856-4418-ab73-c06c44fc710e	19	45245096	45245997	2	-1.3368
a1a772f6-b856-4418-ab73-c06c44fc710e	19	45253118	53013829	3926	0.0327
a1a772f6-b856-4418-ab73-c06c44fc710e	19	53015494	53041724	19	0.6945
a1a772f6-b856-4418-ab73-c06c44fc710e	19	53043602	55771003	1537	0.041
a1a772f6-b856-4418-ab73-c06c44fc710e	19	55771169	55771701	3	-1.0808
a1a772f6-b856-4418-ab73-c06c44fc710e	19	55774927	58429147	1785	0.0235
a1a772f6-b856-4418-ab73-c06c44fc710e	19	58432041	58433008	2	-3.8619
a1a772f6-b856-4418-ab73-c06c44fc710e	19	58434689	58586487	52	-0.0085
a1a772f6-b856-4418-ab73-c06c44fc710e	20	80664	1579916	1199	0.0285
a1a772f6-b856-4418-ab73-c06c44fc710e	20	1580141	1580353	5	0.8672
a1a772f6-b856-4418-ab73-c06c44fc710e	20	1580934	1613247	41	2.8591
a1a772f6-b856-4418-ab73-c06c44fc710e	20	1617300	42530501	25475	0.0163
a1a772f6-b856-4418-ab73-c06c44fc710e	20	42537815	42542448	5	-0.8643
a1a772f6-b856-4418-ab73-c06c44fc710e	20	42542559	54028329	8176	0.0194
a1a772f6-b856-4418-ab73-c06c44fc710e	20	54031269	54042112	37	-0.6872
a1a772f6-b856-4418-ab73-c06c44fc710e	20	54046035	64324800	7455	0.0197
a1a772f6-b856-4418-ab73-c06c44fc710e	21	10354168	46677045	23863	0.0218
a1a772f6-b856-4418-ab73-c06c44fc710e	22	15294547	36183164	13619	0.0188
a1a772f6-b856-4418-ab73-c06c44fc710e	22	36183513	36186514	2	-1.8206
a1a772f6-b856-4418-ab73-c06c44fc710e	22	36188665	38894915	1579	0.0218
a1a772f6-b856-4418-ab73-c06c44fc710e	22	38899250	38900899	3	1.0436
a1a772f6-b856-4418-ab73-c06c44fc710e	22	38903109	38909916	4	-0.2514
a1a772f6-b856-4418-ab73-c06c44fc710e	22	38910075	38947911	29	0.1546
a1a772f6-b856-4418-ab73-c06c44fc710e	22	38950674	38955461	5	-0.1275
a1a772f6-b856-4418-ab73-c06c44fc710e	22	38967614	38979302	24	-0.6211
a1a772f6-b856-4418-ab73-c06c44fc710e	22	38993700	50796027	8015	0.0224
a1a772f6-b856-4418-ab73-c06c44fc710e	X	251810	5240323	1874	0.0258
a1a772f6-b856-4418-ab73-c06c44fc710e	X	5242906	5244183	2	-1.5056
a1a772f6-b856-4418-ab73-c06c44fc710e	X	5247771	63193211	31682	0.0183
a1a772f6-b856-4418-ab73-c06c44fc710e	X	63250575	63278323	17	0.7145
a1a772f6-b856-4418-ab73-c06c44fc710e	X	63278395	155952689	50087	0.0172
a1a772f6-b856-4418-ab73-c06c44fc710e	Y	2782397	3442606	212	-3.091
a1a772f6-b856-4418-ab73-c06c44fc710e	Y	3460727	6071948	505	-2.6514
a1a772f6-b856-4418-ab73-c06c44fc710e	Y	6075631	56872112	5921	-3.2005
