GDC_Aliquot	Chromosome	Start	End	Copy_Number	Major_Copy_Number	Minor_Copy_Number
56ede771-6ddf-4dd2-9672-f93767b5a999	chr1	13116	5695087	4	2	2
56ede771-6ddf-4dd2-9672-f93767b5a999	chr1	5696896	44821300	3	2	1
56ede771-6ddf-4dd2-9672-f93767b5a999	chr1	44822855	119907659	2	1	1
56ede771-6ddf-4dd2-9672-f93767b5a999	chr1	119908729	121742438	4	3	1
56ede771-6ddf-4dd2-9672-f93767b5a999	chr1	143417573	143657620	7	4	3
56ede771-6ddf-4dd2-9672-f93767b5a999	chr1	143660801	143889810	5	3	2
56ede771-6ddf-4dd2-9672-f93767b5a999	chr1	143892077	145286246	6	3	3
56ede771-6ddf-4dd2-9672-f93767b5a999	chr1	145289853	163429208	4	2	2
56ede771-6ddf-4dd2-9672-f93767b5a999	chr1	163430587	163447162	9	5	4
56ede771-6ddf-4dd2-9672-f93767b5a999	chr1	163448376	196758931	4	2	2
56ede771-6ddf-4dd2-9672-f93767b5a999	chr1	196760077	196765024	1	1	0
56ede771-6ddf-4dd2-9672-f93767b5a999	chr1	196766255	196780615	0	0	0
56ede771-6ddf-4dd2-9672-f93767b5a999	chr1	196781854	248945703	4	2	2
56ede771-6ddf-4dd2-9672-f93767b5a999	chr2	10587	83616	3	2	1
56ede771-6ddf-4dd2-9672-f93767b5a999	chr2	85107	130310248	2	1	1
56ede771-6ddf-4dd2-9672-f93767b5a999	chr2	130311720	130645797	2	2	0
56ede771-6ddf-4dd2-9672-f93767b5a999	chr2	130647685	242183243	2	1	1
56ede771-6ddf-4dd2-9672-f93767b5a999	chr3	18519	25753281	2	1	1
56ede771-6ddf-4dd2-9672-f93767b5a999	chr3	25754398	25774830	0	0	0
56ede771-6ddf-4dd2-9672-f93767b5a999	chr3	25776121	198181744	2	1	1
56ede771-6ddf-4dd2-9672-f93767b5a999	chr4	11961	67948152	2	1	1
56ede771-6ddf-4dd2-9672-f93767b5a999	chr4	67949473	68508287	2	2	0
56ede771-6ddf-4dd2-9672-f93767b5a999	chr4	68509773	190122722	2	1	1
56ede771-6ddf-4dd2-9672-f93767b5a999	chr5	11882	676308	4	2	2
56ede771-6ddf-4dd2-9672-f93767b5a999	chr5	677547	1009576	4	3	1
56ede771-6ddf-4dd2-9672-f93767b5a999	chr5	1010845	45886589	4	2	2
56ede771-6ddf-4dd2-9672-f93767b5a999	chr5	45888402	45973112	6	3	3
56ede771-6ddf-4dd2-9672-f93767b5a999	chr5	45974430	45977619	5	5	0
56ede771-6ddf-4dd2-9672-f93767b5a999	chr5	45978876	46324157	6	3	3
56ede771-6ddf-4dd2-9672-f93767b5a999	chr5	46325283	52879390	5	3	2
56ede771-6ddf-4dd2-9672-f93767b5a999	chr5	52881116	84748606	4	2	2
56ede771-6ddf-4dd2-9672-f93767b5a999	chr5	84749742	85827672	3	2	1
56ede771-6ddf-4dd2-9672-f93767b5a999	chr5	85828782	181363900	4	2	2
56ede771-6ddf-4dd2-9672-f93767b5a999	chr6	100116	384970	4	3	1
56ede771-6ddf-4dd2-9672-f93767b5a999	chr6	386636	170740469	3	2	1
56ede771-6ddf-4dd2-9672-f93767b5a999	chr7	20608	116859976	4	2	2
56ede771-6ddf-4dd2-9672-f93767b5a999	chr7	116862574	121438585	3	3	0
56ede771-6ddf-4dd2-9672-f93767b5a999	chr7	121440228	131947833	2	2	0
56ede771-6ddf-4dd2-9672-f93767b5a999	chr7	131948897	132046945	4	4	0
56ede771-6ddf-4dd2-9672-f93767b5a999	chr7	132048908	136995240	2	2	0
56ede771-6ddf-4dd2-9672-f93767b5a999	chr7	136996609	142947434	3	2	1
56ede771-6ddf-4dd2-9672-f93767b5a999	chr7	142948527	142949908	2	2	0
56ede771-6ddf-4dd2-9672-f93767b5a999	chr7	142951186	143139347	3	3	0
56ede771-6ddf-4dd2-9672-f93767b5a999	chr7	143141763	159125666	5	4	1
56ede771-6ddf-4dd2-9672-f93767b5a999	chr7	159126751	159334386	7	5	2
56ede771-6ddf-4dd2-9672-f93767b5a999	chr8	61774	144616322	3	2	1
56ede771-6ddf-4dd2-9672-f93767b5a999	chr8	144617349	144831818	4	2	2
56ede771-6ddf-4dd2-9672-f93767b5a999	chr8	144833342	145078402	5	3	2
56ede771-6ddf-4dd2-9672-f93767b5a999	chr9	10469	22867194	1	1	0
56ede771-6ddf-4dd2-9672-f93767b5a999	chr9	22868316	26470077	2	2	0
56ede771-6ddf-4dd2-9672-f93767b5a999	chr9	26471188	26801743	1	1	0
56ede771-6ddf-4dd2-9672-f93767b5a999	chr9	26802863	32464137	2	1	1
56ede771-6ddf-4dd2-9672-f93767b5a999	chr9	32465448	33403472	1	1	0
56ede771-6ddf-4dd2-9672-f93767b5a999	chr9	33404610	42797155	2	2	0
56ede771-6ddf-4dd2-9672-f93767b5a999	chr9	42803461	42823306	5	4	1
56ede771-6ddf-4dd2-9672-f93767b5a999	chr9	42825763	64988379	3	3	0
56ede771-6ddf-4dd2-9672-f93767b5a999	chr9	64989457	138084124	2	1	1
56ede771-6ddf-4dd2-9672-f93767b5a999	chr9	138086545	138256233	4	2	2
56ede771-6ddf-4dd2-9672-f93767b5a999	chr10	15029	133787009	3	2	1
56ede771-6ddf-4dd2-9672-f93767b5a999	chr11	87268	135076424	3	2	1
56ede771-6ddf-4dd2-9672-f93767b5a999	chr12	11065	133264676	2	1	1
56ede771-6ddf-4dd2-9672-f93767b5a999	chr13	18445955	114343123	2	1	1
56ede771-6ddf-4dd2-9672-f93767b5a999	chr14	18223583	18958390	8	6	2
56ede771-6ddf-4dd2-9672-f93767b5a999	chr14	18967635	19828499	5	4	1
56ede771-6ddf-4dd2-9672-f93767b5a999	chr14	19830121	106880670	4	2	2
56ede771-6ddf-4dd2-9672-f93767b5a999	chr15	19795285	85297681	1	1	0
56ede771-6ddf-4dd2-9672-f93767b5a999	chr15	85298850	85321228	3	2	1
56ede771-6ddf-4dd2-9672-f93767b5a999	chr15	85322834	85436547	0	0	0
56ede771-6ddf-4dd2-9672-f93767b5a999	chr15	85438137	101980591	1	1	0
56ede771-6ddf-4dd2-9672-f93767b5a999	chr16	10291	33568964	5	4	1
56ede771-6ddf-4dd2-9672-f93767b5a999	chr16	33572745	36045725	7	4	3
56ede771-6ddf-4dd2-9672-f93767b5a999	chr16	46380940	48146072	4	4	0
56ede771-6ddf-4dd2-9672-f93767b5a999	chr16	48148602	67313837	3	3	0
56ede771-6ddf-4dd2-9672-f93767b5a999	chr16	67314890	69514885	4	2	2
56ede771-6ddf-4dd2-9672-f93767b5a999	chr16	69516190	79833296	3	3	0
56ede771-6ddf-4dd2-9672-f93767b5a999	chr16	79834602	79840413	0	0	0
56ede771-6ddf-4dd2-9672-f93767b5a999	chr16	79841571	79970607	1	1	0
56ede771-6ddf-4dd2-9672-f93767b5a999	chr16	79971745	80276142	3	3	0
56ede771-6ddf-4dd2-9672-f93767b5a999	chr16	80277443	88804559	1	1	0
56ede771-6ddf-4dd2-9672-f93767b5a999	chr16	88805821	90226358	2	1	1
56ede771-6ddf-4dd2-9672-f93767b5a999	chr17	151035	19234861	2	2	0
56ede771-6ddf-4dd2-9672-f93767b5a999	chr17	19237230	83237603	3	2	1
56ede771-6ddf-4dd2-9672-f93767b5a999	chr18	16444	15410360	3	2	1
56ede771-6ddf-4dd2-9672-f93767b5a999	chr18	20931967	26551695	4	3	1
56ede771-6ddf-4dd2-9672-f93767b5a999	chr18	26552871	59916388	2	1	1
56ede771-6ddf-4dd2-9672-f93767b5a999	chr18	59917777	59935567	0	0	0
56ede771-6ddf-4dd2-9672-f93767b5a999	chr18	59936651	80059915	2	1	1
56ede771-6ddf-4dd2-9672-f93767b5a999	chr18	80061114	80259190	3	2	1
56ede771-6ddf-4dd2-9672-f93767b5a999	chr19	157892	24332286	2	1	1
56ede771-6ddf-4dd2-9672-f93767b5a999	chr19	24336760	27558178	3	2	1
56ede771-6ddf-4dd2-9672-f93767b5a999	chr19	27559419	28812759	2	1	1
56ede771-6ddf-4dd2-9672-f93767b5a999	chr19	28814043	58607412	1	1	0
56ede771-6ddf-4dd2-9672-f93767b5a999	chr20	80457	64331516	4	2	2
56ede771-6ddf-4dd2-9672-f93767b5a999	chr21	7762688	9024502	4	2	2
56ede771-6ddf-4dd2-9672-f93767b5a999	chr21	9025711	13552533	2	1	1
56ede771-6ddf-4dd2-9672-f93767b5a999	chr21	13553761	16645447	0	0	0
56ede771-6ddf-4dd2-9672-f93767b5a999	chr21	16646505	46699722	2	1	1
56ede771-6ddf-4dd2-9672-f93767b5a999	chr22	15284540	27722817	1	1	0
56ede771-6ddf-4dd2-9672-f93767b5a999	chr22	27724165	28384463	0	0	0
56ede771-6ddf-4dd2-9672-f93767b5a999	chr22	28385770	50802392	2	1	1
56ede771-6ddf-4dd2-9672-f93767b5a999	chrX	2781514	7401894	2	1	1
56ede771-6ddf-4dd2-9672-f93767b5a999	chrX	7403092	7529070	6	6	0
56ede771-6ddf-4dd2-9672-f93767b5a999	chrX	7531080	155699751	3	2	1
