GDC_Aliquot	Chromosome	Start	End	Num_Probes	Segment_Mean
809d6661-c497-491a-810d-309546fa7b9a	1	62920	2793053	522	0.1508
809d6661-c497-491a-810d-309546fa7b9a	1	2794307	8911283	3935	0.0379
809d6661-c497-491a-810d-309546fa7b9a	1	8911966	8923700	5	-0.9446
809d6661-c497-491a-810d-309546fa7b9a	1	8923709	16542868	4186	0.0343
809d6661-c497-491a-810d-309546fa7b9a	1	16544783	16935302	108	-0.3427
809d6661-c497-491a-810d-309546fa7b9a	1	16935393	21992508	3347	0.0334
809d6661-c497-491a-810d-309546fa7b9a	1	21996664	22010750	5	-1.1877
809d6661-c497-491a-810d-309546fa7b9a	1	22011632	25256850	1912	0.0392
809d6661-c497-491a-810d-309546fa7b9a	1	25266637	25320455	24	0.6109
809d6661-c497-491a-810d-309546fa7b9a	1	25336819	36012683	5595	0.0424
809d6661-c497-491a-810d-309546fa7b9a	1	36031425	36270454	103	0.5906
809d6661-c497-491a-810d-309546fa7b9a	1	36272832	61648509	15744	0.0391
809d6661-c497-491a-810d-309546fa7b9a	1	61649279	61652515	2	-1.4591
809d6661-c497-491a-810d-309546fa7b9a	1	61654137	72318265	7313	0.048
809d6661-c497-491a-810d-309546fa7b9a	1	72318471	72345450	31	0.3968
809d6661-c497-491a-810d-309546fa7b9a	1	72345465	75585159	1933	0.0313
809d6661-c497-491a-810d-309546fa7b9a	1	75589078	75589169	2	-2.4649
809d6661-c497-491a-810d-309546fa7b9a	1	75593824	105470754	19026	0.0434
809d6661-c497-491a-810d-309546fa7b9a	1	105476583	105481448	19	-1.7647
809d6661-c497-491a-810d-309546fa7b9a	1	105481468	109684893	2635	0.042
809d6661-c497-491a-810d-309546fa7b9a	1	109690352	109697556	13	0.7065
809d6661-c497-491a-810d-309546fa7b9a	1	109702376	152582700	9582	0.0545
809d6661-c497-491a-810d-309546fa7b9a	1	152583051	152614100	35	0.5248
809d6661-c497-491a-810d-309546fa7b9a	1	152614118	152789447	169	0.0315
809d6661-c497-491a-810d-309546fa7b9a	1	152789463	152796224	36	0.7158
809d6661-c497-491a-810d-309546fa7b9a	1	152801429	158896783	3615	0.0495
809d6661-c497-491a-810d-309546fa7b9a	1	158898711	158899969	2	2.6494
809d6661-c497-491a-810d-309546fa7b9a	1	158905028	189679027	21121	0.0513
809d6661-c497-491a-810d-309546fa7b9a	1	189679353	189679397	2	-1.7026
809d6661-c497-491a-810d-309546fa7b9a	1	189682917	196769493	4742	0.0298
809d6661-c497-491a-810d-309546fa7b9a	1	196769506	196832720	53	-0.2991
809d6661-c497-491a-810d-309546fa7b9a	1	196843377	248524859	35647	0.0454
809d6661-c497-491a-810d-309546fa7b9a	1	248525264	248686496	60	0.3533
809d6661-c497-491a-810d-309546fa7b9a	1	248686511	248930189	121	0.0803
809d6661-c497-491a-810d-309546fa7b9a	2	12784	41011095	28945	0.0501
809d6661-c497-491a-810d-309546fa7b9a	2	41011303	41015728	17	-0.6689
809d6661-c497-491a-810d-309546fa7b9a	2	41015808	52516787	8185	0.0483
809d6661-c497-491a-810d-309546fa7b9a	2	52527330	52554404	40	0.9474
809d6661-c497-491a-810d-309546fa7b9a	2	52560811	130031201	43729	0.0458
809d6661-c497-491a-810d-309546fa7b9a	2	130036283	130036310	2	-1.9248
809d6661-c497-491a-810d-309546fa7b9a	2	130037806	130067885	8	-0.0763
809d6661-c497-491a-810d-309546fa7b9a	2	130068107	130116915	4	-1.0632
809d6661-c497-491a-810d-309546fa7b9a	2	130117303	131458124	425	0.0587
809d6661-c497-491a-810d-309546fa7b9a	2	131464435	131468795	3	-1.4038
809d6661-c497-491a-810d-309546fa7b9a	2	131472229	146106861	9103	0.037
809d6661-c497-491a-810d-309546fa7b9a	2	146106875	146109366	22	1.0606
809d6661-c497-491a-810d-309546fa7b9a	2	146120238	242147305	59084	0.0471
809d6661-c497-491a-810d-309546fa7b9a	3	20930	37935926	27635	0.0235
809d6661-c497-491a-810d-309546fa7b9a	3	37940617	37945651	20	-0.6047
809d6661-c497-491a-810d-309546fa7b9a	3	37946283	47437019	5850	0.0255
809d6661-c497-491a-810d-309546fa7b9a	3	47450332	47451230	2	-2.6733
809d6661-c497-491a-810d-309546fa7b9a	3	47455724	61009928	8251	0.0108
809d6661-c497-491a-810d-309546fa7b9a	3	61010124	61010264	2	-1.5297
809d6661-c497-491a-810d-309546fa7b9a	3	61010548	68675541	6041	0.0058
809d6661-c497-491a-810d-309546fa7b9a	3	68676600	68698262	17	1.1324
809d6661-c497-491a-810d-309546fa7b9a	3	68699607	90197950	13014	0.0116
809d6661-c497-491a-810d-309546fa7b9a	3	90198707	99218940	2894	0.0526
809d6661-c497-491a-810d-309546fa7b9a	3	99225614	99230577	38	0.4195
809d6661-c497-491a-810d-309546fa7b9a	3	99232120	131987852	19917	0.0474
809d6661-c497-491a-810d-309546fa7b9a	3	131989313	131989627	2	-2.2278
809d6661-c497-491a-810d-309546fa7b9a	3	131996155	158632329	16497	0.049
809d6661-c497-491a-810d-309546fa7b9a	3	158633095	158633756	2	-3.8196
809d6661-c497-491a-810d-309546fa7b9a	3	158641083	162807070	2619	0.0599
809d6661-c497-491a-810d-309546fa7b9a	3	162810842	162822702	10	0.9327
809d6661-c497-491a-810d-309546fa7b9a	3	162827928	162996729	120	0.0851
809d6661-c497-491a-810d-309546fa7b9a	3	162999939	163001774	2	1.4756
809d6661-c497-491a-810d-309546fa7b9a	3	163008371	193160113	19102	0.0514
809d6661-c497-491a-810d-309546fa7b9a	3	193160173	193165114	19	-1.3398
809d6661-c497-491a-810d-309546fa7b9a	3	193168646	194913439	1157	0.0491
809d6661-c497-491a-810d-309546fa7b9a	3	194913859	194921116	6	-0.9317
809d6661-c497-491a-810d-309546fa7b9a	3	194921751	198169247	1529	0.0486
809d6661-c497-491a-810d-309546fa7b9a	4	68929	4097949	1623	0.0647
809d6661-c497-491a-810d-309546fa7b9a	4	4101617	4151033	10	-0.7371
809d6661-c497-491a-810d-309546fa7b9a	4	4158336	6420749	1889	0.0438
809d6661-c497-491a-810d-309546fa7b9a	4	6421310	6421333	2	-1.6603
809d6661-c497-491a-810d-309546fa7b9a	4	6421471	10208766	2183	0.0574
809d6661-c497-491a-810d-309546fa7b9a	4	10212536	10229874	29	2.2059
809d6661-c497-491a-810d-309546fa7b9a	4	10232590	10389091	178	0.1079
809d6661-c497-491a-810d-309546fa7b9a	4	10390730	10399044	16	-0.5921
809d6661-c497-491a-810d-309546fa7b9a	4	10401094	12368261	1598	0.0313
809d6661-c497-491a-810d-309546fa7b9a	4	12368372	12384864	42	0.3217
809d6661-c497-491a-810d-309546fa7b9a	4	12384965	32392452	13800	0.0368
809d6661-c497-491a-810d-309546fa7b9a	4	32398929	32398977	4	1.2177
809d6661-c497-491a-810d-309546fa7b9a	4	32399891	34777403	1341	0.0238
809d6661-c497-491a-810d-309546fa7b9a	4	34777418	34819718	38	-0.3835
809d6661-c497-491a-810d-309546fa7b9a	4	34822561	63828222	16566	0.0469
809d6661-c497-491a-810d-309546fa7b9a	4	63831751	63850713	29	0.6027
809d6661-c497-491a-810d-309546fa7b9a	4	63851308	68389352	2850	0.0298
809d6661-c497-491a-810d-309546fa7b9a	4	68391041	68395346	4	1.7896
809d6661-c497-491a-810d-309546fa7b9a	4	68416487	68422424	5	-1.3261
809d6661-c497-491a-810d-309546fa7b9a	4	68429081	121360818	32145	0.0512
809d6661-c497-491a-810d-309546fa7b9a	4	121361313	121363980	28	-0.8301
809d6661-c497-491a-810d-309546fa7b9a	4	121369976	154881396	19683	0.0429
809d6661-c497-491a-810d-309546fa7b9a	4	154881853	154881926	3	-3.4723
809d6661-c497-491a-810d-309546fa7b9a	4	154882047	190106768	23112	0.0458
809d6661-c497-491a-810d-309546fa7b9a	5	15532	653625	287	0.7123
809d6661-c497-491a-810d-309546fa7b9a	5	653751	808932	51	0.9891
809d6661-c497-491a-810d-309546fa7b9a	5	817735	5475499	3866	0.695
809d6661-c497-491a-810d-309546fa7b9a	5	5475745	5475773	2	-0.6321
809d6661-c497-491a-810d-309546fa7b9a	5	5480686	7999405	2163	0.6995
809d6661-c497-491a-810d-309546fa7b9a	5	8006065	8565750	456	1.1115
809d6661-c497-491a-810d-309546fa7b9a	5	8566110	8712320	128	0.691
809d6661-c497-491a-810d-309546fa7b9a	5	8712376	9398525	629	1.0646
809d6661-c497-491a-810d-309546fa7b9a	5	9398824	9556349	132	1.2481
809d6661-c497-491a-810d-309546fa7b9a	5	9556582	9979013	383	0.9522
809d6661-c497-491a-810d-309546fa7b9a	5	9980062	10762445	614	1.113
809d6661-c497-491a-810d-309546fa7b9a	5	10762892	11966983	1035	0.7156
809d6661-c497-491a-810d-309546fa7b9a	5	11967510	12800777	448	0.4281
809d6661-c497-491a-810d-309546fa7b9a	5	12815668	12819964	9	-1.7301
809d6661-c497-491a-810d-309546fa7b9a	5	12824299	13869349	629	0.4114
809d6661-c497-491a-810d-309546fa7b9a	5	13870473	14745248	764	0.9461
809d6661-c497-491a-810d-309546fa7b9a	5	14746241	14982434	154	1.1229
809d6661-c497-491a-810d-309546fa7b9a	5	14983514	15331291	200	0.9534
809d6661-c497-491a-810d-309546fa7b9a	5	15332460	15332597	6	0.2107
809d6661-c497-491a-810d-309546fa7b9a	5	15332903	15496219	79	0.9935
809d6661-c497-491a-810d-309546fa7b9a	5	15502129	15582580	46	0.4046
809d6661-c497-491a-810d-309546fa7b9a	5	15583419	15738455	120	1.1427
809d6661-c497-491a-810d-309546fa7b9a	5	15738483	16888675	803	0.938
809d6661-c497-491a-810d-309546fa7b9a	5	16893308	17276480	236	0.4151
809d6661-c497-491a-810d-309546fa7b9a	5	17281582	17440413	95	0.9567
809d6661-c497-491a-810d-309546fa7b9a	5	17440474	17815684	197	0.7127
809d6661-c497-491a-810d-309546fa7b9a	5	17827436	18241107	268	0.0139
809d6661-c497-491a-810d-309546fa7b9a	5	18248377	18833524	375	0.6805
809d6661-c497-491a-810d-309546fa7b9a	5	18833579	19056248	143	0.8112
809d6661-c497-491a-810d-309546fa7b9a	5	19056440	19691377	406	0.6761
809d6661-c497-491a-810d-309546fa7b9a	5	19694989	19702093	2	-0.443
809d6661-c497-491a-810d-309546fa7b9a	5	19708404	19935328	133	0.7185
809d6661-c497-491a-810d-309546fa7b9a	5	19940024	19960432	19	1.2922
809d6661-c497-491a-810d-309546fa7b9a	5	19964255	20097175	59	0.7899
809d6661-c497-491a-810d-309546fa7b9a	5	20097191	20458409	227	1.1566
809d6661-c497-491a-810d-309546fa7b9a	5	20458495	20458544	2	-0.2387
809d6661-c497-491a-810d-309546fa7b9a	5	20458689	21376735	506	1.1077
809d6661-c497-491a-810d-309546fa7b9a	5	21377730	21377744	2	2.9303
809d6661-c497-491a-810d-309546fa7b9a	5	21385957	21449167	44	1.2202
809d6661-c497-491a-810d-309546fa7b9a	5	21451091	21452329	5	2.0791
809d6661-c497-491a-810d-309546fa7b9a	5	21452387	22403835	483	1.0905
809d6661-c497-491a-810d-309546fa7b9a	5	22408479	22631802	117	0.699
809d6661-c497-491a-810d-309546fa7b9a	5	22635413	22676165	13	1.1094
809d6661-c497-491a-810d-309546fa7b9a	5	22678528	23756982	689	0.6601
809d6661-c497-491a-810d-309546fa7b9a	5	23763381	23909739	80	0.9236
809d6661-c497-491a-810d-309546fa7b9a	5	23918874	25900453	1192	0.3314
809d6661-c497-491a-810d-309546fa7b9a	5	25903033	25903215	2	-1.3432
809d6661-c497-491a-810d-309546fa7b9a	5	25905889	27195624	782	0.3485
809d6661-c497-491a-810d-309546fa7b9a	5	27197208	27351896	74	0.8826
809d6661-c497-491a-810d-309546fa7b9a	5	27355563	27525800	101	1.2416
809d6661-c497-491a-810d-309546fa7b9a	5	27525809	27525880	6	1.8498
809d6661-c497-491a-810d-309546fa7b9a	5	27525913	27737509	100	1.2915
809d6661-c497-491a-810d-309546fa7b9a	5	27738535	29345484	966	0.937
809d6661-c497-491a-810d-309546fa7b9a	5	29345931	29521678	113	1.2394
809d6661-c497-491a-810d-309546fa7b9a	5	29525752	31382219	1267	0.9181
809d6661-c497-491a-810d-309546fa7b9a	5	31385829	32714555	953	1.2427
809d6661-c497-491a-810d-309546fa7b9a	5	32716483	33373819	433	0.9379
809d6661-c497-491a-810d-309546fa7b9a	5	33378106	34169914	542	1.468
809d6661-c497-491a-810d-309546fa7b9a	5	34170265	34526342	144	1.2649
809d6661-c497-491a-810d-309546fa7b9a	5	34526361	35106489	409	1.4936
809d6661-c497-491a-810d-309546fa7b9a	5	35114689	35420849	216	1.2535
809d6661-c497-491a-810d-309546fa7b9a	5	35421086	37255481	1200	1.495
809d6661-c497-491a-810d-309546fa7b9a	5	37259058	37638357	164	1.2311
809d6661-c497-491a-810d-309546fa7b9a	5	37639011	37672356	14	1.7041
809d6661-c497-491a-810d-309546fa7b9a	5	37673316	40223081	1914	1.2713
809d6661-c497-491a-810d-309546fa7b9a	5	40225863	40255202	21	1.1288
809d6661-c497-491a-810d-309546fa7b9a	5	40265373	40561256	173	0.7272
809d6661-c497-491a-810d-309546fa7b9a	5	40561463	42038249	919	1.1158
809d6661-c497-491a-810d-309546fa7b9a	5	42038312	42254682	117	0.7235
809d6661-c497-491a-810d-309546fa7b9a	5	42263046	43258068	509	1.1155
809d6661-c497-491a-810d-309546fa7b9a	5	43258426	44288787	464	0.9426
809d6661-c497-491a-810d-309546fa7b9a	5	44293306	44725058	228	0.455
809d6661-c497-491a-810d-309546fa7b9a	5	44727033	44924657	91	0.9101
809d6661-c497-491a-810d-309546fa7b9a	5	44932343	50146124	487	0.4764
809d6661-c497-491a-810d-309546fa7b9a	5	50151472	58025819	5055	0.0531
809d6661-c497-491a-810d-309546fa7b9a	5	58030200	58037706	32	2.2093
809d6661-c497-491a-810d-309546fa7b9a	5	58042530	69550476	7295	0.0435
809d6661-c497-491a-810d-309546fa7b9a	5	69571467	71010832	18	0.6679
809d6661-c497-491a-810d-309546fa7b9a	5	71010901	168658715	61531	0.043
809d6661-c497-491a-810d-309546fa7b9a	5	168659269	169447983	698	0.4132
809d6661-c497-491a-810d-309546fa7b9a	5	169448284	169558925	77	0.9599
809d6661-c497-491a-810d-309546fa7b9a	5	169559467	172533228	2193	1.2426
809d6661-c497-491a-810d-309546fa7b9a	5	172533534	173340291	498	1.5652
809d6661-c497-491a-810d-309546fa7b9a	5	173341330	173680756	305	1.1002
809d6661-c497-491a-810d-309546fa7b9a	5	173686158	174199650	410	1.3401
809d6661-c497-491a-810d-309546fa7b9a	5	174200576	175047524	674	1.1056
809d6661-c497-491a-810d-309546fa7b9a	5	175048109	175916541	667	0.717
809d6661-c497-491a-810d-309546fa7b9a	5	175919594	176246312	95	1.1288
809d6661-c497-491a-810d-309546fa7b9a	5	176256449	177574708	608	1.4275
809d6661-c497-491a-810d-309546fa7b9a	5	177574780	177711874	41	1.107
809d6661-c497-491a-810d-309546fa7b9a	5	177716932	177879634	17	0.0988
809d6661-c497-491a-810d-309546fa7b9a	5	177883336	178736568	467	1.2786
809d6661-c497-491a-810d-309546fa7b9a	5	178738451	179676725	593	0.9002
809d6661-c497-491a-810d-309546fa7b9a	5	179677049	179677599	5	-0.2397
809d6661-c497-491a-810d-309546fa7b9a	5	179678006	180879768	693	0.9464
809d6661-c497-491a-810d-309546fa7b9a	5	180895735	181363319	218	0.4569
809d6661-c497-491a-810d-309546fa7b9a	6	149661	10474607	8305	0.0472
809d6661-c497-491a-810d-309546fa7b9a	6	10474718	10475018	2	-1.4553
809d6661-c497-491a-810d-309546fa7b9a	6	10476296	11956753	1152	0.0644
809d6661-c497-491a-810d-309546fa7b9a	6	11957025	11959238	4	-1.1893
809d6661-c497-491a-810d-309546fa7b9a	6	11959961	29865090	12178	0.0473
809d6661-c497-491a-810d-309546fa7b9a	6	29865764	29869295	15	0.5332
809d6661-c497-491a-810d-309546fa7b9a	6	29869410	29907031	24	1.5217
809d6661-c497-491a-810d-309546fa7b9a	6	29909182	29931120	7	0.096
809d6661-c497-491a-810d-309546fa7b9a	6	29931900	29933799	5	0.9065
809d6661-c497-491a-810d-309546fa7b9a	6	29940692	31309909	642	0.0572
809d6661-c497-491a-810d-309546fa7b9a	6	31313046	31328674	12	1.0592
809d6661-c497-491a-810d-309546fa7b9a	6	31342147	32463515	497	0.0479
809d6661-c497-491a-810d-309546fa7b9a	6	32463775	32533522	19	1.9855
809d6661-c497-491a-810d-309546fa7b9a	6	32540699	32605994	16	0.7898
809d6661-c497-491a-810d-309546fa7b9a	6	32606237	33970222	832	0.0758
809d6661-c497-491a-810d-309546fa7b9a	6	33970966	33974928	7	-0.9864
809d6661-c497-491a-810d-309546fa7b9a	6	33976809	54066353	12894	0.0432
809d6661-c497-491a-810d-309546fa7b9a	6	54066432	54067057	6	-1.7164
809d6661-c497-491a-810d-309546fa7b9a	6	54070550	66295080	5332	0.0478
809d6661-c497-491a-810d-309546fa7b9a	6	66298369	66341309	60	-0.6139
809d6661-c497-491a-810d-309546fa7b9a	6	66344426	74823796	5620	0.0385
809d6661-c497-491a-810d-309546fa7b9a	6	74824464	74824465	2	1.7333
809d6661-c497-491a-810d-309546fa7b9a	6	74824680	76305231	858	0.0447
809d6661-c497-491a-810d-309546fa7b9a	6	76307183	76307209	3	1.3284
809d6661-c497-491a-810d-309546fa7b9a	6	76307276	76731101	300	0.0672
809d6661-c497-491a-810d-309546fa7b9a	6	76731220	76743040	17	0.9769
809d6661-c497-491a-810d-309546fa7b9a	6	76751356	78253172	977	0.0551
809d6661-c497-491a-810d-309546fa7b9a	6	78259348	78322875	109	0.5909
809d6661-c497-491a-810d-309546fa7b9a	6	78325223	103290101	15484	0.0436
809d6661-c497-491a-810d-309546fa7b9a	6	103290164	103312129	41	0.9717
809d6661-c497-491a-810d-309546fa7b9a	6	103312172	117335585	8590	0.0477
809d6661-c497-491a-810d-309546fa7b9a	6	117336555	170741917	35575	-0.5572
809d6661-c497-491a-810d-309546fa7b9a	7	43355	8786255	5067	0.0507
809d6661-c497-491a-810d-309546fa7b9a	7	8787540	8826367	50	-1.013
809d6661-c497-491a-810d-309546fa7b9a	7	8833366	38255395	22256	0.0453
809d6661-c497-491a-810d-309546fa7b9a	7	38258234	38356875	123	0.369
809d6661-c497-491a-810d-309546fa7b9a	7	38361356	45302258	4429	0.0432
809d6661-c497-491a-810d-309546fa7b9a	7	45302373	72182973	13522	0.0215
809d6661-c497-491a-810d-309546fa7b9a	7	72183011	142084696	41516	0.0461
809d6661-c497-491a-810d-309546fa7b9a	7	142087330	142092108	16	0.8175
809d6661-c497-491a-810d-309546fa7b9a	7	142092307	142345098	189	0.1119
809d6661-c497-491a-810d-309546fa7b9a	7	142347278	142347565	5	-0.905
809d6661-c497-491a-810d-309546fa7b9a	7	142356135	144264193	1016	0.0856
809d6661-c497-491a-810d-309546fa7b9a	7	144295437	144312471	3	-2.0785
809d6661-c497-491a-810d-309546fa7b9a	7	144326306	159334314	9653	0.0554
809d6661-c497-491a-810d-309546fa7b9a	8	81254	643041	322	0.03
809d6661-c497-491a-810d-309546fa7b9a	8	644944	645908	10	1.5892
809d6661-c497-491a-810d-309546fa7b9a	8	656117	7982198	7453	0.045
809d6661-c497-491a-810d-309546fa7b9a	8	8007744	8132772	10	-0.7224
809d6661-c497-491a-810d-309546fa7b9a	8	8139659	12418301	3261	0.0484
809d6661-c497-491a-810d-309546fa7b9a	8	12419769	12685224	34	-0.3027
809d6661-c497-491a-810d-309546fa7b9a	8	12691236	25114672	10386	0.0472
809d6661-c497-491a-810d-309546fa7b9a	8	25116928	25126818	27	0.5621
809d6661-c497-491a-810d-309546fa7b9a	8	25133589	39373140	9022	0.0427
809d6661-c497-491a-810d-309546fa7b9a	8	39378084	39529446	59	-1.994
809d6661-c497-491a-810d-309546fa7b9a	8	39530780	84345754	25878	0.0417
809d6661-c497-491a-810d-309546fa7b9a	8	84350648	84356431	19	-0.7419
809d6661-c497-491a-810d-309546fa7b9a	8	84358447	136881227	34072	0.0364
809d6661-c497-491a-810d-309546fa7b9a	8	136882257	136882271	2	-2.3898
809d6661-c497-491a-810d-309546fa7b9a	8	136888490	145072769	4976	0.0432
809d6661-c497-491a-810d-309546fa7b9a	9	46587	454023	333	0.0214
809d6661-c497-491a-810d-309546fa7b9a	9	454794	602903	175	0.6807
809d6661-c497-491a-810d-309546fa7b9a	9	606699	606961	4	1.8108
809d6661-c497-491a-810d-309546fa7b9a	9	607307	668887	127	0.6573
809d6661-c497-491a-810d-309546fa7b9a	9	669259	672786	12	0.0509
809d6661-c497-491a-810d-309546fa7b9a	9	672895	673512	5	-0.8335
809d6661-c497-491a-810d-309546fa7b9a	9	676055	3405843	2898	0.0078
809d6661-c497-491a-810d-309546fa7b9a	9	3407579	3408678	2	-2.6437
809d6661-c497-491a-810d-309546fa7b9a	9	3408858	23361807	16878	0.0182
809d6661-c497-491a-810d-309546fa7b9a	9	23363117	23373486	8	0.9875
809d6661-c497-491a-810d-309546fa7b9a	9	23378490	27236646	2800	-0.002
809d6661-c497-491a-810d-309546fa7b9a	9	27248179	27248646	5	-2.2949
809d6661-c497-491a-810d-309546fa7b9a	9	27248729	33005743	4309	0.0223
809d6661-c497-491a-810d-309546fa7b9a	9	33005759	33005765	2	-1.6248
809d6661-c497-491a-810d-309546fa7b9a	9	33007208	38439975	3272	0.0294
809d6661-c497-491a-810d-309546fa7b9a	9	38440757	38440949	3	-1.123
809d6661-c497-491a-810d-309546fa7b9a	9	38441589	40099591	366	0.0231
809d6661-c497-491a-810d-309546fa7b9a	9	40099921	42302534	129	-0.2313
809d6661-c497-491a-810d-309546fa7b9a	9	42302678	61647899	92	0.4901
809d6661-c497-491a-810d-309546fa7b9a	9	61665362	62917074	22	-0.0314
809d6661-c497-491a-810d-309546fa7b9a	9	62929035	63276793	5	-0.7089
809d6661-c497-491a-810d-309546fa7b9a	9	63343739	63580418	11	0.0851
809d6661-c497-491a-810d-309546fa7b9a	9	63590317	63590325	5	2.2048
809d6661-c497-491a-810d-309546fa7b9a	9	63592670	81352094	9688	0.0166
809d6661-c497-491a-810d-309546fa7b9a	9	81352512	81355522	2	-2.1104
809d6661-c497-491a-810d-309546fa7b9a	9	81355917	137361190	37959	0.0134
809d6661-c497-491a-810d-309546fa7b9a	9	137361266	137361381	2	-2.1118
809d6661-c497-491a-810d-309546fa7b9a	9	137378551	138200944	407	0.0086
809d6661-c497-491a-810d-309546fa7b9a	10	45792	2030221	1465	0.0527
809d6661-c497-491a-810d-309546fa7b9a	10	2030387	2030559	3	-1.7421
809d6661-c497-491a-810d-309546fa7b9a	10	2031213	17885034	13391	0.0502
809d6661-c497-491a-810d-309546fa7b9a	10	17896194	17910884	3	-2.0689
809d6661-c497-491a-810d-309546fa7b9a	10	17929793	24086334	4342	0.0459
809d6661-c497-491a-810d-309546fa7b9a	10	24088745	24089125	11	0.8453
809d6661-c497-491a-810d-309546fa7b9a	10	24089979	42195114	9896	0.0388
809d6661-c497-491a-810d-309546fa7b9a	10	42211513	42211528	2	-1.8432
809d6661-c497-491a-810d-309546fa7b9a	10	42222439	50070600	4310	0.0433
809d6661-c497-491a-810d-309546fa7b9a	10	50081224	50132160	4	-2.2524
809d6661-c497-491a-810d-309546fa7b9a	10	50144008	57069935	5137	0.0383
809d6661-c497-491a-810d-309546fa7b9a	10	57070549	57070852	2	-2.068
809d6661-c497-491a-810d-309546fa7b9a	10	57074543	65546518	5871	0.0445
809d6661-c497-491a-810d-309546fa7b9a	10	65548165	65563037	29	0.4774
809d6661-c497-491a-810d-309546fa7b9a	10	65563168	81573377	10387	0.0454
809d6661-c497-491a-810d-309546fa7b9a	10	81573891	86350490	3657	0.011
809d6661-c497-491a-810d-309546fa7b9a	10	86350568	114373778	18140	0.045
809d6661-c497-491a-810d-309546fa7b9a	10	114373833	114374022	2	-2.3499
809d6661-c497-491a-810d-309546fa7b9a	10	114374097	133654968	14051	0.0402
809d6661-c497-491a-810d-309546fa7b9a	11	198510	6094875	3509	0.0506
809d6661-c497-491a-810d-309546fa7b9a	11	6095613	6100864	5	-1.5075
809d6661-c497-491a-810d-309546fa7b9a	11	6101273	24420628	13576	0.0447
809d6661-c497-491a-810d-309546fa7b9a	11	24422703	24428711	6	-0.9905
809d6661-c497-491a-810d-309546fa7b9a	11	24433630	37733866	9482	0.0512
809d6661-c497-491a-810d-309546fa7b9a	11	37746263	37813411	39	0.5794
809d6661-c497-491a-810d-309546fa7b9a	11	37821027	48576870	6695	0.0356
809d6661-c497-491a-810d-309546fa7b9a	11	48579882	48581124	2	2.5005
809d6661-c497-491a-810d-309546fa7b9a	11	48584766	48684291	39	0.0457
809d6661-c497-491a-810d-309546fa7b9a	11	48688176	48712073	12	0.5766
809d6661-c497-491a-810d-309546fa7b9a	11	48712551	50112368	559	0.035
809d6661-c497-491a-810d-309546fa7b9a	11	50135077	50257892	67	0.5403
809d6661-c497-491a-810d-309546fa7b9a	11	50258763	50343073	50	0.0528
809d6661-c497-491a-810d-309546fa7b9a	11	50384671	50810146	78	0.543
809d6661-c497-491a-810d-309546fa7b9a	11	54554853	55595864	373	0.0164
809d6661-c497-491a-810d-309546fa7b9a	11	55606556	55685533	59	-1.8497
809d6661-c497-491a-810d-309546fa7b9a	11	55686100	89754781	19865	0.0466
809d6661-c497-491a-810d-309546fa7b9a	11	89759710	89796439	4	-1.1322
809d6661-c497-491a-810d-309546fa7b9a	11	89802300	91463881	996	0.018
809d6661-c497-491a-810d-309546fa7b9a	11	91470715	91499655	18	-0.5879
809d6661-c497-491a-810d-309546fa7b9a	11	91500066	135074876	31423	0.0452
809d6661-c497-491a-810d-309546fa7b9a	12	51460	11068125	7238	-0.0407
809d6661-c497-491a-810d-309546fa7b9a	12	11070111	11084237	7	0.8518
809d6661-c497-491a-810d-309546fa7b9a	12	11088689	22095740	7443	-0.0492
809d6661-c497-491a-810d-309546fa7b9a	12	22095754	22096272	9	0.6945
809d6661-c497-491a-810d-309546fa7b9a	12	22096280	27942560	4261	-0.0522
809d6661-c497-491a-810d-309546fa7b9a	12	27942625	27944711	10	-0.8758
809d6661-c497-491a-810d-309546fa7b9a	12	27950527	31664229	2749	-0.0562
809d6661-c497-491a-810d-309546fa7b9a	12	31664420	57421892	13372	-0.0289
809d6661-c497-491a-810d-309546fa7b9a	12	57422139	99398036	27029	-0.0538
809d6661-c497-491a-810d-309546fa7b9a	12	99401515	99404956	31	-0.659
809d6661-c497-491a-810d-309546fa7b9a	12	99409315	118589277	12939	-0.0529
809d6661-c497-491a-810d-309546fa7b9a	12	118593247	118593995	2	-2.6542
809d6661-c497-491a-810d-309546fa7b9a	12	118594121	133201603	9777	-0.0572
809d6661-c497-491a-810d-309546fa7b9a	13	18452809	22143673	2180	-0.533
809d6661-c497-491a-810d-309546fa7b9a	13	22143741	22143969	2	-2.5353
809d6661-c497-491a-810d-309546fa7b9a	13	22146259	37496233	11295	-0.5488
809d6661-c497-491a-810d-309546fa7b9a	13	37496998	37514250	20	0.3363
809d6661-c497-491a-810d-309546fa7b9a	13	37514472	53821103	10701	-0.5416
809d6661-c497-491a-810d-309546fa7b9a	13	53822796	59367663	3160	-0.0028
809d6661-c497-491a-810d-309546fa7b9a	13	59368034	61055830	1063	0.2986
809d6661-c497-491a-810d-309546fa7b9a	13	61056224	66598647	3238	0.018
809d6661-c497-491a-810d-309546fa7b9a	13	66602087	66603651	2	-1.4481
809d6661-c497-491a-810d-309546fa7b9a	13	66604212	71902850	3382	0.0234
809d6661-c497-491a-810d-309546fa7b9a	13	71903417	71906418	4	1.0749
809d6661-c497-491a-810d-309546fa7b9a	13	71906467	85274155	9033	0.041
809d6661-c497-491a-810d-309546fa7b9a	13	85275996	85276209	2	-1.6155
809d6661-c497-491a-810d-309546fa7b9a	13	85276509	92590162	4407	0.0209
809d6661-c497-491a-810d-309546fa7b9a	13	92590724	92591395	2	-1.9415
809d6661-c497-491a-810d-309546fa7b9a	13	92591564	102408843	6799	0.0373
809d6661-c497-491a-810d-309546fa7b9a	13	102412712	102413351	2	-1.7528
809d6661-c497-491a-810d-309546fa7b9a	13	102414471	114342922	8857	0.0268
809d6661-c497-491a-810d-309546fa7b9a	14	18239283	19011729	28	0.0209
809d6661-c497-491a-810d-309546fa7b9a	14	19012857	19294475	19	0.9361
809d6661-c497-491a-810d-309546fa7b9a	14	19298389	19689684	17	0.3041
809d6661-c497-491a-810d-309546fa7b9a	14	19732024	19955213	103	0.9137
809d6661-c497-491a-810d-309546fa7b9a	14	19956767	21965637	1393	0.0623
809d6661-c497-491a-810d-309546fa7b9a	14	21967373	22502281	459	0.2542
809d6661-c497-491a-810d-309546fa7b9a	14	22502607	73529070	32229	0.0505
809d6661-c497-491a-810d-309546fa7b9a	14	73534419	73554275	9	1.0929
809d6661-c497-491a-810d-309546fa7b9a	14	73563196	106433474	20927	0.0441
809d6661-c497-491a-810d-309546fa7b9a	14	106434898	106458421	37	0.4688
809d6661-c497-491a-810d-309546fa7b9a	14	106458677	106877229	202	0.0361
809d6661-c497-491a-810d-309546fa7b9a	15	19811075	20190276	56	0.0165
809d6661-c497-491a-810d-309546fa7b9a	15	20206125	20373168	32	0.3905
809d6661-c497-491a-810d-309546fa7b9a	15	20376198	20376202	5	-0.3506
809d6661-c497-491a-810d-309546fa7b9a	15	20376309	20670516	57	0.4391
809d6661-c497-491a-810d-309546fa7b9a	15	20670989	21271643	23	0.9691
809d6661-c497-491a-810d-309546fa7b9a	15	21272760	22413894	36	0.3458
809d6661-c497-491a-810d-309546fa7b9a	15	22455811	22659111	24	0.1092
809d6661-c497-491a-810d-309546fa7b9a	15	22663456	22666339	2	1.6841
809d6661-c497-491a-810d-309546fa7b9a	15	22684600	76586021	33684	0.0457
809d6661-c497-491a-810d-309546fa7b9a	15	76598900	76603434	22	0.8507
809d6661-c497-491a-810d-309546fa7b9a	15	76609838	101928837	17618	0.0456
809d6661-c497-491a-810d-309546fa7b9a	16	10777	5557889	2623	0.0598
809d6661-c497-491a-810d-309546fa7b9a	16	5558088	5558150	2	-1.6129
809d6661-c497-491a-810d-309546fa7b9a	16	5558336	14802340	8469	0.0484
809d6661-c497-491a-810d-309546fa7b9a	16	14803944	14803959	2	-2.1145
809d6661-c497-491a-810d-309546fa7b9a	16	14813001	14960024	34	0.0167
809d6661-c497-491a-810d-309546fa7b9a	16	14960331	14960501	4	-0.8591
809d6661-c497-491a-810d-309546fa7b9a	16	14964501	16474027	620	0.0692
809d6661-c497-491a-810d-309546fa7b9a	16	16474343	16666829	28	-0.6323
809d6661-c497-491a-810d-309546fa7b9a	16	16692214	18583078	992	0.0492
809d6661-c497-491a-810d-309546fa7b9a	16	18595356	18704933	10	-0.8111
809d6661-c497-491a-810d-309546fa7b9a	16	18705983	19933041	679	0.0874
809d6661-c497-491a-810d-309546fa7b9a	16	19934328	19954510	27	-0.799
809d6661-c497-491a-810d-309546fa7b9a	16	19954553	35225338	6675	0.0548
809d6661-c497-491a-810d-309546fa7b9a	16	35232200	35521195	167	0.4414
809d6661-c497-491a-810d-309546fa7b9a	16	35522700	55761136	6595	0.0393
809d6661-c497-491a-810d-309546fa7b9a	16	55762477	55788532	22	-0.7086
809d6661-c497-491a-810d-309546fa7b9a	16	55808442	55809606	5	0.3362
809d6661-c497-491a-810d-309546fa7b9a	16	55809810	55822948	7	0.8009
809d6661-c497-491a-810d-309546fa7b9a	16	55824881	60495481	2915	0.0511
809d6661-c497-491a-810d-309546fa7b9a	16	60499535	60504634	8	-0.6832
809d6661-c497-491a-810d-309546fa7b9a	16	60508061	70085726	5806	0.0376
809d6661-c497-491a-810d-309546fa7b9a	16	70085850	70164493	26	0.4395
809d6661-c497-491a-810d-309546fa7b9a	16	70177541	73714871	1827	0.0349
809d6661-c497-491a-810d-309546fa7b9a	16	73714995	73716528	4	-0.8194
809d6661-c497-491a-810d-309546fa7b9a	16	73717521	74363160	467	0.0274
809d6661-c497-491a-810d-309546fa7b9a	16	74364089	74422703	8	1.3506
809d6661-c497-491a-810d-309546fa7b9a	16	74431498	78337711	3202	0.0385
809d6661-c497-491a-810d-309546fa7b9a	16	78338543	78347366	14	1.0236
809d6661-c497-491a-810d-309546fa7b9a	16	78349243	80632324	2750	0.0353
809d6661-c497-491a-810d-309546fa7b9a	16	80632491	80638532	3	-1.5766
809d6661-c497-491a-810d-309546fa7b9a	16	80638807	84429919	3973	0.0377
809d6661-c497-491a-810d-309546fa7b9a	16	84429984	84448258	16	0.5882
809d6661-c497-491a-810d-309546fa7b9a	16	84448349	90096867	3878	0.0599
809d6661-c497-491a-810d-309546fa7b9a	17	150733	5789631	3019	-0.5171
809d6661-c497-491a-810d-309546fa7b9a	17	5789679	15214406	6749	-0.5678
809d6661-c497-491a-810d-309546fa7b9a	17	15225079	18379983	1610	-0.526
809d6661-c497-491a-810d-309546fa7b9a	17	18380170	18659407	58	-0.1781
809d6661-c497-491a-810d-309546fa7b9a	17	18666219	28346290	2188	-0.5036
809d6661-c497-491a-810d-309546fa7b9a	17	28348211	36514765	4732	0.0492
809d6661-c497-491a-810d-309546fa7b9a	17	36515878	36521030	2	-1.3171
809d6661-c497-491a-810d-309546fa7b9a	17	36521650	41266838	2461	0.0527
809d6661-c497-491a-810d-309546fa7b9a	17	41266851	41267053	5	-1.1387
809d6661-c497-491a-810d-309546fa7b9a	17	41267068	41273905	10	-0.0365
809d6661-c497-491a-810d-309546fa7b9a	17	41273921	41274279	4	-2.3521
809d6661-c497-491a-810d-309546fa7b9a	17	41276472	45497555	2151	0.0724
809d6661-c497-491a-810d-309546fa7b9a	17	45508731	45571138	4	-1.2932
809d6661-c497-491a-810d-309546fa7b9a	17	45571174	45582060	8	0.1995
809d6661-c497-491a-810d-309546fa7b9a	17	45587327	45598106	3	-1.6031
809d6661-c497-491a-810d-309546fa7b9a	17	45610956	45679654	38	-0.0314
809d6661-c497-491a-810d-309546fa7b9a	17	45680406	45680765	2	-2.9524
809d6661-c497-491a-810d-309546fa7b9a	17	45682353	76815153	18786	0.0461
809d6661-c497-491a-810d-309546fa7b9a	17	76817065	76835725	15	-1.1751
809d6661-c497-491a-810d-309546fa7b9a	17	76836454	83091923	3194	0.0464
809d6661-c497-491a-810d-309546fa7b9a	18	48133	66239612	40447	-0.5476
809d6661-c497-491a-810d-309546fa7b9a	18	66239629	66244352	11	-1.8792
809d6661-c497-491a-810d-309546fa7b9a	18	66244639	80257174	10264	-0.5458
809d6661-c497-491a-810d-309546fa7b9a	19	90910	15081571	6201	0.0606
809d6661-c497-491a-810d-309546fa7b9a	19	15082039	15105235	21	-0.4082
809d6661-c497-491a-810d-309546fa7b9a	19	15105387	35358420	10493	0.0353
809d6661-c497-491a-810d-309546fa7b9a	19	35364451	35370877	20	0.753
809d6661-c497-491a-810d-309546fa7b9a	19	35370946	38569386	1616	0.0431
809d6661-c497-491a-810d-309546fa7b9a	19	38572497	39223991	309	-0.2637
809d6661-c497-491a-810d-309546fa7b9a	19	39232892	45442121	3222	0.06
809d6661-c497-491a-810d-309546fa7b9a	19	45444916	47898691	1040	-0.2574
809d6661-c497-491a-810d-309546fa7b9a	19	47898902	47898966	3	-2.2165
809d6661-c497-491a-810d-309546fa7b9a	19	47959373	51350431	1636	-0.279
809d6661-c497-491a-810d-309546fa7b9a	19	51350865	54815158	2261	0.0536
809d6661-c497-491a-810d-309546fa7b9a	19	54819199	54837236	13	-1.1159
809d6661-c497-491a-810d-309546fa7b9a	19	54852069	58586487	2286	0.0507
809d6661-c497-491a-810d-309546fa7b9a	20	80664	1601561	1240	0.061
809d6661-c497-491a-810d-309546fa7b9a	20	1609611	1613247	5	-1.4454
809d6661-c497-491a-810d-309546fa7b9a	20	1617300	6986451	3989	0.0492
809d6661-c497-491a-810d-309546fa7b9a	20	6987083	6987171	2	1.5524
809d6661-c497-491a-810d-309546fa7b9a	20	6987495	34913386	16606	0.0324
809d6661-c497-491a-810d-309546fa7b9a	20	34915894	34921108	4	-1.1503
809d6661-c497-491a-810d-309546fa7b9a	20	34923580	51969392	11514	0.0463
809d6661-c497-491a-810d-309546fa7b9a	20	51971857	51972985	2	1.702
809d6661-c497-491a-810d-309546fa7b9a	20	51974644	55683994	2923	0.0413
809d6661-c497-491a-810d-309546fa7b9a	20	55684146	55684281	2	-1.4666
809d6661-c497-491a-810d-309546fa7b9a	20	55686503	64324800	6101	0.0331
809d6661-c497-491a-810d-309546fa7b9a	21	10354168	16116683	1789	0.0661
809d6661-c497-491a-810d-309546fa7b9a	21	16117188	16118118	3	-1.1537
809d6661-c497-491a-810d-309546fa7b9a	21	16119912	22278814	4506	0.0451
809d6661-c497-491a-810d-309546fa7b9a	21	22283580	22292338	9	-0.6757
809d6661-c497-491a-810d-309546fa7b9a	21	22294679	46677045	17559	0.0479
809d6661-c497-491a-810d-309546fa7b9a	22	15294547	15925481	37	-0.1219
809d6661-c497-491a-810d-309546fa7b9a	22	16392123	17153160	372	-0.4712
809d6661-c497-491a-810d-309546fa7b9a	22	17154599	17475723	228	-0.0693
809d6661-c497-491a-810d-309546fa7b9a	22	17476620	17585580	71	-0.477
809d6661-c497-491a-810d-309546fa7b9a	22	17585960	17876497	187	-0.0743
809d6661-c497-491a-810d-309546fa7b9a	22	17880174	17988131	78	-0.4487
809d6661-c497-491a-810d-309546fa7b9a	22	17989086	21768900	1855	-0.071
809d6661-c497-491a-810d-309546fa7b9a	22	21772549	22200684	475	-0.4447
809d6661-c497-491a-810d-309546fa7b9a	22	22200764	24709380	1482	-0.0886
809d6661-c497-491a-810d-309546fa7b9a	22	24710444	24776346	47	-0.5851
809d6661-c497-491a-810d-309546fa7b9a	22	24781230	24954120	123	-0.0426
809d6661-c497-491a-810d-309546fa7b9a	22	24957541	24993496	29	-0.4729
809d6661-c497-491a-810d-309546fa7b9a	22	24993617	25340705	280	-0.0852
809d6661-c497-491a-810d-309546fa7b9a	22	25340707	25349949	7	0.6603
809d6661-c497-491a-810d-309546fa7b9a	22	25350000	29136624	3273	-0.1044
809d6661-c497-491a-810d-309546fa7b9a	22	29136963	29751049	331	-0.4685
809d6661-c497-491a-810d-309546fa7b9a	22	29753163	32004591	1273	-0.0918
809d6661-c497-491a-810d-309546fa7b9a	22	32007331	33198806	951	-0.5136
809d6661-c497-491a-810d-309546fa7b9a	22	33205662	34988572	1706	-0.115
809d6661-c497-491a-810d-309546fa7b9a	22	34991116	41849786	4002	-0.48
809d6661-c497-491a-810d-309546fa7b9a	22	41855723	43264601	801	-0.0824
809d6661-c497-491a-810d-309546fa7b9a	22	43268338	45536399	1799	-0.497
809d6661-c497-491a-810d-309546fa7b9a	22	45542704	50796027	3874	-0.113
809d6661-c497-491a-810d-309546fa7b9a	X	251810	2748312	94	0.1496
809d6661-c497-491a-810d-309546fa7b9a	X	2785350	63456689	33439	-0.4094
809d6661-c497-491a-810d-309546fa7b9a	X	63466215	78201654	6355	0.2975
809d6661-c497-491a-810d-309546fa7b9a	X	78208341	78209306	2	-1.2926
809d6661-c497-491a-810d-309546fa7b9a	X	78213295	85574064	3950	0.2878
809d6661-c497-491a-810d-309546fa7b9a	X	85574910	91712745	3317	0.2354
809d6661-c497-491a-810d-309546fa7b9a	X	91715507	91716772	7	-0.9383
809d6661-c497-491a-810d-309546fa7b9a	X	91716890	92179862	157	0.2181
809d6661-c497-491a-810d-309546fa7b9a	X	92183751	94985800	1508	0.282
809d6661-c497-491a-810d-309546fa7b9a	X	94990897	96287707	727	0.3871
809d6661-c497-491a-810d-309546fa7b9a	X	96288186	97344521	649	0.2853
809d6661-c497-491a-810d-309546fa7b9a	X	97353093	97353557	2	-2.9601
809d6661-c497-491a-810d-309546fa7b9a	X	97357191	155952689	33332	0.2952
809d6661-c497-491a-810d-309546fa7b9a	Y	2782397	8632861	1960	-2.0236
809d6661-c497-491a-810d-309546fa7b9a	Y	8634195	8640707	3	-5.5689
809d6661-c497-491a-810d-309546fa7b9a	Y	8641028	12370379	784	-2.0905
809d6661-c497-491a-810d-309546fa7b9a	Y	12379790	12855016	235	-1.4702
809d6661-c497-491a-810d-309546fa7b9a	Y	12861815	56872112	3652	-2.122
