GDC_Aliquot	Chromosome	Start	End	Num_Probes	Segment_Mean
759b48e7-dcb2-4d67-ba3a-2f01ba3d9578	1	62920	98588	12	0.5735
759b48e7-dcb2-4d67-ba3a-2f01ba3d9578	1	98602	16494124	8631	0.0076
759b48e7-dcb2-4d67-ba3a-2f01ba3d9578	1	16504088	16643961	36	0.3353
759b48e7-dcb2-4d67-ba3a-2f01ba3d9578	1	16679239	16721984	12	-0.1343
759b48e7-dcb2-4d67-ba3a-2f01ba3d9578	1	16766762	16864367	16	0.4269
759b48e7-dcb2-4d67-ba3a-2f01ba3d9578	1	16868660	16934753	47	-0.5277
759b48e7-dcb2-4d67-ba3a-2f01ba3d9578	1	16934768	72297687	34009	0.0007
759b48e7-dcb2-4d67-ba3a-2f01ba3d9578	1	72302735	72345465	48	1.5023
759b48e7-dcb2-4d67-ba3a-2f01ba3d9578	1	72346221	103560608	19971	0.0052
759b48e7-dcb2-4d67-ba3a-2f01ba3d9578	1	103566616	103697364	31	0.5212
759b48e7-dcb2-4d67-ba3a-2f01ba3d9578	1	103717410	108223733	2894	0.0049
759b48e7-dcb2-4d67-ba3a-2f01ba3d9578	1	108226680	108274557	2	-2.6237
759b48e7-dcb2-4d67-ba3a-2f01ba3d9578	1	108310648	109677968	671	0.0212
759b48e7-dcb2-4d67-ba3a-2f01ba3d9578	1	109678117	109697556	16	-0.4416
759b48e7-dcb2-4d67-ba3a-2f01ba3d9578	1	109702376	112147704	1947	0.0083
759b48e7-dcb2-4d67-ba3a-2f01ba3d9578	1	112153343	112154375	17	0.4233
759b48e7-dcb2-4d67-ba3a-2f01ba3d9578	1	112154390	120385535	5070	0.0065
759b48e7-dcb2-4d67-ba3a-2f01ba3d9578	1	120414592	120885477	3	1.1313
759b48e7-dcb2-4d67-ba3a-2f01ba3d9578	1	120954128	152787202	2741	0.0168
759b48e7-dcb2-4d67-ba3a-2f01ba3d9578	1	152789447	152796224	37	0.6955
759b48e7-dcb2-4d67-ba3a-2f01ba3d9578	1	152801429	169247699	11270	0.0041
759b48e7-dcb2-4d67-ba3a-2f01ba3d9578	1	169264736	169272528	7	0.7894
759b48e7-dcb2-4d67-ba3a-2f01ba3d9578	1	169273163	186155262	11161	0.0022
759b48e7-dcb2-4d67-ba3a-2f01ba3d9578	1	186155842	186170819	4	1.1214
759b48e7-dcb2-4d67-ba3a-2f01ba3d9578	1	186172704	196745743	6986	0.0024
759b48e7-dcb2-4d67-ba3a-2f01ba3d9578	1	196758720	196854187	63	0.3719
759b48e7-dcb2-4d67-ba3a-2f01ba3d9578	1	196854483	209897717	8776	-0.0012
759b48e7-dcb2-4d67-ba3a-2f01ba3d9578	1	209908268	209913207	4	-0.9359
759b48e7-dcb2-4d67-ba3a-2f01ba3d9578	1	209920149	222847162	8936	0.0055
759b48e7-dcb2-4d67-ba3a-2f01ba3d9578	1	222849581	222850427	3	-2.5204
759b48e7-dcb2-4d67-ba3a-2f01ba3d9578	1	222853375	245995276	16320	0.0019
759b48e7-dcb2-4d67-ba3a-2f01ba3d9578	1	245998152	248930189	1756	0.0455
759b48e7-dcb2-4d67-ba3a-2f01ba3d9578	2	12784	4158097	2988	0.0131
759b48e7-dcb2-4d67-ba3a-2f01ba3d9578	2	4166274	4176429	42	-0.5066
759b48e7-dcb2-4d67-ba3a-2f01ba3d9578	2	4182472	86710564	56013	0.0115
759b48e7-dcb2-4d67-ba3a-2f01ba3d9578	2	86725947	86726731	2	-1.9701
759b48e7-dcb2-4d67-ba3a-2f01ba3d9578	2	86743283	106258266	7501	0.0084
759b48e7-dcb2-4d67-ba3a-2f01ba3d9578	2	106263639	106270952	14	0.5235
759b48e7-dcb2-4d67-ba3a-2f01ba3d9578	2	106271414	107824280	988	0.0014
759b48e7-dcb2-4d67-ba3a-2f01ba3d9578	2	107830513	107864451	2	-1.3237
759b48e7-dcb2-4d67-ba3a-2f01ba3d9578	2	107875632	128880504	12387	0.0144
759b48e7-dcb2-4d67-ba3a-2f01ba3d9578	2	128880904	128882741	15	-0.6656
759b48e7-dcb2-4d67-ba3a-2f01ba3d9578	2	128882755	152930971	14629	0.0124
759b48e7-dcb2-4d67-ba3a-2f01ba3d9578	2	152939554	152940270	3	-1.5145
759b48e7-dcb2-4d67-ba3a-2f01ba3d9578	2	152944055	242147305	54824	0.0099
759b48e7-dcb2-4d67-ba3a-2f01ba3d9578	3	20930	182919	154	0.0554
759b48e7-dcb2-4d67-ba3a-2f01ba3d9578	3	188339	191117	4	-0.8399
759b48e7-dcb2-4d67-ba3a-2f01ba3d9578	3	193194	6734917	5780	0.032
759b48e7-dcb2-4d67-ba3a-2f01ba3d9578	3	6735355	46750055	27215	0.0064
759b48e7-dcb2-4d67-ba3a-2f01ba3d9578	3	46751887	46807689	40	-0.761
759b48e7-dcb2-4d67-ba3a-2f01ba3d9578	3	46808099	59731422	7075	-0.008
759b48e7-dcb2-4d67-ba3a-2f01ba3d9578	3	59733232	60898822	1333	0.0584
759b48e7-dcb2-4d67-ba3a-2f01ba3d9578	3	60898987	68697013	6148	0.0059
759b48e7-dcb2-4d67-ba3a-2f01ba3d9578	3	68697108	68698262	14	-1.112
759b48e7-dcb2-4d67-ba3a-2f01ba3d9578	3	68699607	89337951	12609	0.001
759b48e7-dcb2-4d67-ba3a-2f01ba3d9578	3	89345442	89370231	51	-0.7327
759b48e7-dcb2-4d67-ba3a-2f01ba3d9578	3	89370771	99226004	3236	0.0022
759b48e7-dcb2-4d67-ba3a-2f01ba3d9578	3	99226188	99230225	18	-0.8314
759b48e7-dcb2-4d67-ba3a-2f01ba3d9578	3	99230232	125727821	16235	0.0036
759b48e7-dcb2-4d67-ba3a-2f01ba3d9578	3	125730683	125743486	9	-1.123
759b48e7-dcb2-4d67-ba3a-2f01ba3d9578	3	125747704	130067443	2464	0.0055
759b48e7-dcb2-4d67-ba3a-2f01ba3d9578	3	130067531	130088081	31	0.6254
759b48e7-dcb2-4d67-ba3a-2f01ba3d9578	3	130088155	158632329	17644	0.0082
759b48e7-dcb2-4d67-ba3a-2f01ba3d9578	3	158633095	158633756	2	1.3973
759b48e7-dcb2-4d67-ba3a-2f01ba3d9578	3	158641083	162790480	2602	0.0034
759b48e7-dcb2-4d67-ba3a-2f01ba3d9578	3	162794869	162908192	69	0.3543
759b48e7-dcb2-4d67-ba3a-2f01ba3d9578	3	162908207	171533554	5049	0.0108
759b48e7-dcb2-4d67-ba3a-2f01ba3d9578	3	171534436	171535967	3	-1.0901
759b48e7-dcb2-4d67-ba3a-2f01ba3d9578	3	171538125	193155915	14090	0.0113
759b48e7-dcb2-4d67-ba3a-2f01ba3d9578	3	193156018	193165114	22	-0.3755
759b48e7-dcb2-4d67-ba3a-2f01ba3d9578	3	193168646	195559056	1484	0.0134
759b48e7-dcb2-4d67-ba3a-2f01ba3d9578	3	195656271	195747892	44	-0.4039
759b48e7-dcb2-4d67-ba3a-2f01ba3d9578	3	195751823	198111566	1148	-0.0054
759b48e7-dcb2-4d67-ba3a-2f01ba3d9578	3	198118345	198169247	17	-0.3898
759b48e7-dcb2-4d67-ba3a-2f01ba3d9578	4	68929	1423144	530	0.0021
759b48e7-dcb2-4d67-ba3a-2f01ba3d9578	4	1505243	1822756	114	0.5418
759b48e7-dcb2-4d67-ba3a-2f01ba3d9578	4	1825246	4164791	992	0.0124
759b48e7-dcb2-4d67-ba3a-2f01ba3d9578	4	4165256	4165270	2	-1.3009
759b48e7-dcb2-4d67-ba3a-2f01ba3d9578	4	4165406	34777432	21058	0.0031
759b48e7-dcb2-4d67-ba3a-2f01ba3d9578	4	34784878	34823103	38	0.6433
759b48e7-dcb2-4d67-ba3a-2f01ba3d9578	4	34828250	62804351	15982	0.0063
759b48e7-dcb2-4d67-ba3a-2f01ba3d9578	4	62804836	62805944	6	-1.0182
759b48e7-dcb2-4d67-ba3a-2f01ba3d9578	4	62813912	68418873	3437	0.0062
759b48e7-dcb2-4d67-ba3a-2f01ba3d9578	4	68422420	68422424	3	-1.8223
759b48e7-dcb2-4d67-ba3a-2f01ba3d9578	4	68429081	68506285	12	-0.0534
759b48e7-dcb2-4d67-ba3a-2f01ba3d9578	4	68509223	68623617	66	0.6943
759b48e7-dcb2-4d67-ba3a-2f01ba3d9578	4	68639397	69265102	317	0.0644
759b48e7-dcb2-4d67-ba3a-2f01ba3d9578	4	69265191	69366081	50	-0.6977
759b48e7-dcb2-4d67-ba3a-2f01ba3d9578	4	69366304	86054941	10427	0.0039
759b48e7-dcb2-4d67-ba3a-2f01ba3d9578	4	86055238	86058611	18	-0.7928
759b48e7-dcb2-4d67-ba3a-2f01ba3d9578	4	86058791	115244948	17475	0.0045
759b48e7-dcb2-4d67-ba3a-2f01ba3d9578	4	115251455	115254098	11	-0.8719
759b48e7-dcb2-4d67-ba3a-2f01ba3d9578	4	115254152	160841954	27206	0.0026
759b48e7-dcb2-4d67-ba3a-2f01ba3d9578	4	160842284	160846662	4	-1.0131
759b48e7-dcb2-4d67-ba3a-2f01ba3d9578	4	160847028	160958989	103	-0.0079
759b48e7-dcb2-4d67-ba3a-2f01ba3d9578	4	160959045	160963756	18	-0.6808
759b48e7-dcb2-4d67-ba3a-2f01ba3d9578	4	160963767	171448195	6658	0.0084
759b48e7-dcb2-4d67-ba3a-2f01ba3d9578	4	171453733	171456307	9	1.3543
759b48e7-dcb2-4d67-ba3a-2f01ba3d9578	4	171456559	172065874	391	0.0078
759b48e7-dcb2-4d67-ba3a-2f01ba3d9578	4	172066242	172066777	9	0.2882
759b48e7-dcb2-4d67-ba3a-2f01ba3d9578	4	172067997	172068382	12	-1.7833
759b48e7-dcb2-4d67-ba3a-2f01ba3d9578	4	172074828	172501371	231	0.0071
759b48e7-dcb2-4d67-ba3a-2f01ba3d9578	4	172503796	172507492	7	0.8887
759b48e7-dcb2-4d67-ba3a-2f01ba3d9578	4	172519981	182647519	6872	0.0094
759b48e7-dcb2-4d67-ba3a-2f01ba3d9578	4	182650187	182652237	5	-1.0164
759b48e7-dcb2-4d67-ba3a-2f01ba3d9578	4	182652615	190106768	4944	0.0222
759b48e7-dcb2-4d67-ba3a-2f01ba3d9578	5	15532	685633	306	0.0496
759b48e7-dcb2-4d67-ba3a-2f01ba3d9578	5	698256	808932	32	0.6189
759b48e7-dcb2-4d67-ba3a-2f01ba3d9578	5	817735	7169363	5377	-0.0005
759b48e7-dcb2-4d67-ba3a-2f01ba3d9578	5	7177225	7189812	26	-0.8403
759b48e7-dcb2-4d67-ba3a-2f01ba3d9578	5	7202522	12800777	4437	0.0054
759b48e7-dcb2-4d67-ba3a-2f01ba3d9578	5	12815668	12838421	14	0.8056
759b48e7-dcb2-4d67-ba3a-2f01ba3d9578	5	12849089	27524345	9035	0.0024
759b48e7-dcb2-4d67-ba3a-2f01ba3d9578	5	27525283	27525913	10	-0.7104
759b48e7-dcb2-4d67-ba3a-2f01ba3d9578	5	27527372	45162551	11031	0.0028
759b48e7-dcb2-4d67-ba3a-2f01ba3d9578	5	45162580	50616443	575	0.0751
759b48e7-dcb2-4d67-ba3a-2f01ba3d9578	5	50621288	57471443	4474	0.0087
759b48e7-dcb2-4d67-ba3a-2f01ba3d9578	5	57476478	57480984	7	-0.9719
759b48e7-dcb2-4d67-ba3a-2f01ba3d9578	5	57488201	58033802	400	0.0299
759b48e7-dcb2-4d67-ba3a-2f01ba3d9578	5	58033929	58037089	21	-0.3718
759b48e7-dcb2-4d67-ba3a-2f01ba3d9578	5	58037128	69571467	7294	0.0067
759b48e7-dcb2-4d67-ba3a-2f01ba3d9578	5	69779150	69822308	4	1.3443
759b48e7-dcb2-4d67-ba3a-2f01ba3d9578	5	69937600	104515520	19509	0.0074
759b48e7-dcb2-4d67-ba3a-2f01ba3d9578	5	104524672	104524903	4	3.482
759b48e7-dcb2-4d67-ba3a-2f01ba3d9578	5	104525348	176033084	47492	0.0043
759b48e7-dcb2-4d67-ba3a-2f01ba3d9578	5	176038686	176042504	2	-2.4959
759b48e7-dcb2-4d67-ba3a-2f01ba3d9578	5	176043321	177800550	725	0.0078
759b48e7-dcb2-4d67-ba3a-2f01ba3d9578	5	177801578	177827964	3	1.4164
759b48e7-dcb2-4d67-ba3a-2f01ba3d9578	5	177832414	181082910	1871	0.0066
759b48e7-dcb2-4d67-ba3a-2f01ba3d9578	5	181083947	181100309	6	-0.9931
759b48e7-dcb2-4d67-ba3a-2f01ba3d9578	5	181105296	181363319	107	0.013
759b48e7-dcb2-4d67-ba3a-2f01ba3d9578	6	149661	258265	103	0.0385
759b48e7-dcb2-4d67-ba3a-2f01ba3d9578	6	260376	381149	98	0.2
759b48e7-dcb2-4d67-ba3a-2f01ba3d9578	6	382559	23057409	17488	0.0029
759b48e7-dcb2-4d67-ba3a-2f01ba3d9578	6	23060763	23060771	3	-1.1752
759b48e7-dcb2-4d67-ba3a-2f01ba3d9578	6	23064026	29869411	3941	0.0056
759b48e7-dcb2-4d67-ba3a-2f01ba3d9578	6	29869537	29881490	14	-1.0363
759b48e7-dcb2-4d67-ba3a-2f01ba3d9578	6	29882419	32533522	1190	0.0262
759b48e7-dcb2-4d67-ba3a-2f01ba3d9578	6	32540699	32541699	3	-1.5672
759b48e7-dcb2-4d67-ba3a-2f01ba3d9578	6	32549151	32634330	32	-0.3047
759b48e7-dcb2-4d67-ba3a-2f01ba3d9578	6	32634492	73882142	24081	0.0053
759b48e7-dcb2-4d67-ba3a-2f01ba3d9578	6	73882509	73887573	8	0.8465
759b48e7-dcb2-4d67-ba3a-2f01ba3d9578	6	73887625	78253157	2768	0.0087
759b48e7-dcb2-4d67-ba3a-2f01ba3d9578	6	78253172	78317528	102	0.3616
759b48e7-dcb2-4d67-ba3a-2f01ba3d9578	6	78317580	93757988	9896	0.007
759b48e7-dcb2-4d67-ba3a-2f01ba3d9578	6	93758123	95444034	834	0.0656
759b48e7-dcb2-4d67-ba3a-2f01ba3d9578	6	95445284	133945130	23832	0.0027
759b48e7-dcb2-4d67-ba3a-2f01ba3d9578	6	133947933	133948494	2	1.4776
759b48e7-dcb2-4d67-ba3a-2f01ba3d9578	6	133950934	167931821	23212	0.0068
759b48e7-dcb2-4d67-ba3a-2f01ba3d9578	6	167934598	168195239	179	0.5675
759b48e7-dcb2-4d67-ba3a-2f01ba3d9578	6	168196562	170741917	1680	0.0167
759b48e7-dcb2-4d67-ba3a-2f01ba3d9578	7	43355	38248326	27336	0.0113
759b48e7-dcb2-4d67-ba3a-2f01ba3d9578	7	38251092	38331733	113	0.2657
759b48e7-dcb2-4d67-ba3a-2f01ba3d9578	7	38332110	52478412	9623	-0.0001
759b48e7-dcb2-4d67-ba3a-2f01ba3d9578	7	52479053	52479844	2	-1.3827
759b48e7-dcb2-4d67-ba3a-2f01ba3d9578	7	52481192	54318812	1363	-0.0026
759b48e7-dcb2-4d67-ba3a-2f01ba3d9578	7	54318816	54318824	5	1.3324
759b48e7-dcb2-4d67-ba3a-2f01ba3d9578	7	54325795	57053307	1621	0.003
759b48e7-dcb2-4d67-ba3a-2f01ba3d9578	7	57060351	57088031	6	0.8834
759b48e7-dcb2-4d67-ba3a-2f01ba3d9578	7	57111465	63225772	688	0.0368
759b48e7-dcb2-4d67-ba3a-2f01ba3d9578	7	63228970	63310229	15	-0.8618
759b48e7-dcb2-4d67-ba3a-2f01ba3d9578	7	63369248	134100424	40845	0.0069
759b48e7-dcb2-4d67-ba3a-2f01ba3d9578	7	134100442	134110881	23	-1.6438
759b48e7-dcb2-4d67-ba3a-2f01ba3d9578	7	134110912	135520820	1050	-0.0014
759b48e7-dcb2-4d67-ba3a-2f01ba3d9578	7	135528920	135532059	6	-0.9585
759b48e7-dcb2-4d67-ba3a-2f01ba3d9578	7	135533045	142442624	4458	0.0024
759b48e7-dcb2-4d67-ba3a-2f01ba3d9578	7	142442973	142785320	163	0.1432
759b48e7-dcb2-4d67-ba3a-2f01ba3d9578	7	142785841	144013073	614	0.0058
759b48e7-dcb2-4d67-ba3a-2f01ba3d9578	7	144013116	144013534	3	-1.1073
759b48e7-dcb2-4d67-ba3a-2f01ba3d9578	7	144013984	144176284	138	0.0283
759b48e7-dcb2-4d67-ba3a-2f01ba3d9578	7	144176859	144249785	4	-0.5842
759b48e7-dcb2-4d67-ba3a-2f01ba3d9578	7	144255220	144264193	6	0.1908
759b48e7-dcb2-4d67-ba3a-2f01ba3d9578	7	144295437	144312471	3	1.4348
759b48e7-dcb2-4d67-ba3a-2f01ba3d9578	7	144326306	150643123	3874	0.0098
759b48e7-dcb2-4d67-ba3a-2f01ba3d9578	7	150643707	150644353	2	-1.4851
759b48e7-dcb2-4d67-ba3a-2f01ba3d9578	7	150644630	153130435	1415	0.0126
759b48e7-dcb2-4d67-ba3a-2f01ba3d9578	7	153132821	153133557	2	-1.4038
759b48e7-dcb2-4d67-ba3a-2f01ba3d9578	7	153134065	154635962	1149	0.0289
759b48e7-dcb2-4d67-ba3a-2f01ba3d9578	7	154636288	154636708	3	-0.9099
759b48e7-dcb2-4d67-ba3a-2f01ba3d9578	7	154637850	156599096	1578	0.0122
759b48e7-dcb2-4d67-ba3a-2f01ba3d9578	7	156600474	156601485	3	-1.2803
759b48e7-dcb2-4d67-ba3a-2f01ba3d9578	7	156602214	159334314	1623	0.018
759b48e7-dcb2-4d67-ba3a-2f01ba3d9578	8	81254	303531	95	0.0068
759b48e7-dcb2-4d67-ba3a-2f01ba3d9578	8	308508	312188	9	-1.055
759b48e7-dcb2-4d67-ba3a-2f01ba3d9578	8	315129	644973	220	0.0326
759b48e7-dcb2-4d67-ba3a-2f01ba3d9578	8	645220	645908	8	1.0382
759b48e7-dcb2-4d67-ba3a-2f01ba3d9578	8	656117	3926665	3020	0.0239
759b48e7-dcb2-4d67-ba3a-2f01ba3d9578	8	3929538	3932584	24	-0.6384
759b48e7-dcb2-4d67-ba3a-2f01ba3d9578	8	3933696	8120649	4412	0.0372
759b48e7-dcb2-4d67-ba3a-2f01ba3d9578	8	8132772	8139659	2	-1.4359
759b48e7-dcb2-4d67-ba3a-2f01ba3d9578	8	8196822	12143614	3225	0.0205
759b48e7-dcb2-4d67-ba3a-2f01ba3d9578	8	12176798	12376708	10	-0.8267
759b48e7-dcb2-4d67-ba3a-2f01ba3d9578	8	12376742	25116961	10433	0.008
759b48e7-dcb2-4d67-ba3a-2f01ba3d9578	8	25117007	25126708	23	-2.1102
759b48e7-dcb2-4d67-ba3a-2f01ba3d9578	8	25126735	39373140	9006	0.0001
759b48e7-dcb2-4d67-ba3a-2f01ba3d9578	8	39378084	39529446	57	-1.8696
759b48e7-dcb2-4d67-ba3a-2f01ba3d9578	8	39530780	40914477	1074	0.0062
759b48e7-dcb2-4d67-ba3a-2f01ba3d9578	8	40920333	40920952	2	1.0846
759b48e7-dcb2-4d67-ba3a-2f01ba3d9578	8	40926161	43555353	1442	-0.0025
759b48e7-dcb2-4d67-ba3a-2f01ba3d9578	8	43558812	46676693	290	0.1082
759b48e7-dcb2-4d67-ba3a-2f01ba3d9578	8	46677402	91862787	27243	0.0061
759b48e7-dcb2-4d67-ba3a-2f01ba3d9578	8	91862960	91863236	3	-1.0165
759b48e7-dcb2-4d67-ba3a-2f01ba3d9578	8	91865820	106002773	8702	0.0061
759b48e7-dcb2-4d67-ba3a-2f01ba3d9578	8	106005452	106496976	354	0.0914
759b48e7-dcb2-4d67-ba3a-2f01ba3d9578	8	106497409	111282237	2859	0.0053
759b48e7-dcb2-4d67-ba3a-2f01ba3d9578	8	111282441	111283031	6	1.8191
759b48e7-dcb2-4d67-ba3a-2f01ba3d9578	8	111288052	143217284	22257	0.0036
759b48e7-dcb2-4d67-ba3a-2f01ba3d9578	8	143217495	143228267	11	0.5307
759b48e7-dcb2-4d67-ba3a-2f01ba3d9578	8	143228432	145072769	633	0.0228
759b48e7-dcb2-4d67-ba3a-2f01ba3d9578	9	46587	6655056	6333	0.0199
759b48e7-dcb2-4d67-ba3a-2f01ba3d9578	9	6657192	6661406	2	-1.3715
759b48e7-dcb2-4d67-ba3a-2f01ba3d9578	9	6661613	23361807	14066	0.0112
759b48e7-dcb2-4d67-ba3a-2f01ba3d9578	9	23363117	23373486	8	-2.4461
759b48e7-dcb2-4d67-ba3a-2f01ba3d9578	9	23378490	24500842	794	-0.0067
759b48e7-dcb2-4d67-ba3a-2f01ba3d9578	9	24503818	24517684	20	-0.8071
759b48e7-dcb2-4d67-ba3a-2f01ba3d9578	9	24519686	39547492	9914	0.0024
759b48e7-dcb2-4d67-ba3a-2f01ba3d9578	9	39588611	40189830	10	0.6704
759b48e7-dcb2-4d67-ba3a-2f01ba3d9578	9	40228981	61531206	196	0.1112
759b48e7-dcb2-4d67-ba3a-2f01ba3d9578	9	61540407	61698704	30	-0.2376
759b48e7-dcb2-4d67-ba3a-2f01ba3d9578	9	61860031	62870556	12	0.0848
759b48e7-dcb2-4d67-ba3a-2f01ba3d9578	9	62877894	62929035	4	0.4712
759b48e7-dcb2-4d67-ba3a-2f01ba3d9578	9	63253816	63257894	2	-1.6365
759b48e7-dcb2-4d67-ba3a-2f01ba3d9578	9	63274174	87907679	14348	0.0042
759b48e7-dcb2-4d67-ba3a-2f01ba3d9578	9	87939236	87939304	2	-2.0184
759b48e7-dcb2-4d67-ba3a-2f01ba3d9578	9	87943042	135319522	32578	0.001
759b48e7-dcb2-4d67-ba3a-2f01ba3d9578	9	135322259	135324566	3	1.1044
759b48e7-dcb2-4d67-ba3a-2f01ba3d9578	9	135325951	138200944	1108	0.0189
759b48e7-dcb2-4d67-ba3a-2f01ba3d9578	10	45792	65546518	44380	0.0056
759b48e7-dcb2-4d67-ba3a-2f01ba3d9578	10	65548165	65554643	26	0.6573
759b48e7-dcb2-4d67-ba3a-2f01ba3d9578	10	65554672	80026241	9340	0.0057
759b48e7-dcb2-4d67-ba3a-2f01ba3d9578	10	80028348	80039780	8	-0.9201
759b48e7-dcb2-4d67-ba3a-2f01ba3d9578	10	80045490	133654968	36862	0.0003
759b48e7-dcb2-4d67-ba3a-2f01ba3d9578	11	198510	4940683	2398	0.0135
759b48e7-dcb2-4d67-ba3a-2f01ba3d9578	11	4940884	4955027	48	0.4225
759b48e7-dcb2-4d67-ba3a-2f01ba3d9578	11	4955042	5766175	783	0.0022
759b48e7-dcb2-4d67-ba3a-2f01ba3d9578	11	5766850	5788108	33	-0.6962
759b48e7-dcb2-4d67-ba3a-2f01ba3d9578	11	5788231	37110704	22855	0.0027
759b48e7-dcb2-4d67-ba3a-2f01ba3d9578	11	37111609	37112498	7	0.7642
759b48e7-dcb2-4d67-ba3a-2f01ba3d9578	11	37112518	48576870	7139	0.003
759b48e7-dcb2-4d67-ba3a-2f01ba3d9578	11	48579882	48581124	2	-1.7777
759b48e7-dcb2-4d67-ba3a-2f01ba3d9578	11	48584766	55172866	970	0.0209
759b48e7-dcb2-4d67-ba3a-2f01ba3d9578	11	55198132	55243668	8	-0.8054
759b48e7-dcb2-4d67-ba3a-2f01ba3d9578	11	55262739	55609035	209	0.0161
759b48e7-dcb2-4d67-ba3a-2f01ba3d9578	11	55609158	55707880	62	0.2693
759b48e7-dcb2-4d67-ba3a-2f01ba3d9578	11	55708084	59204304	2147	0.0094
759b48e7-dcb2-4d67-ba3a-2f01ba3d9578	11	59209238	59285989	42	0.562
759b48e7-dcb2-4d67-ba3a-2f01ba3d9578	11	59291652	93201167	19938	0.0031
759b48e7-dcb2-4d67-ba3a-2f01ba3d9578	11	93202996	93205318	3	-1.4005
759b48e7-dcb2-4d67-ba3a-2f01ba3d9578	11	93208587	94906284	1169	-0.0011
759b48e7-dcb2-4d67-ba3a-2f01ba3d9578	11	94908882	94912372	5	-1.1274
759b48e7-dcb2-4d67-ba3a-2f01ba3d9578	11	94916562	107359993	9011	0.0009
759b48e7-dcb2-4d67-ba3a-2f01ba3d9578	11	107367930	107368402	7	-0.7547
759b48e7-dcb2-4d67-ba3a-2f01ba3d9578	11	107381636	135074876	19912	0.0015
759b48e7-dcb2-4d67-ba3a-2f01ba3d9578	12	51460	8204911	5534	0.0045
759b48e7-dcb2-4d67-ba3a-2f01ba3d9578	12	8209454	8220161	9	0.7275
759b48e7-dcb2-4d67-ba3a-2f01ba3d9578	12	8241232	29006848	14164	0.0064
759b48e7-dcb2-4d67-ba3a-2f01ba3d9578	12	29010695	29011589	3	-1.2983
759b48e7-dcb2-4d67-ba3a-2f01ba3d9578	12	29015050	33148586	3055	0.0039
759b48e7-dcb2-4d67-ba3a-2f01ba3d9578	12	33148600	33154440	24	-0.8789
759b48e7-dcb2-4d67-ba3a-2f01ba3d9578	12	33155426	33407938	177	0.0161
759b48e7-dcb2-4d67-ba3a-2f01ba3d9578	12	33408119	37953126	707	0.084
759b48e7-dcb2-4d67-ba3a-2f01ba3d9578	12	37959924	83783571	28318	0.003
759b48e7-dcb2-4d67-ba3a-2f01ba3d9578	12	83786960	83786976	2	-1.6811
759b48e7-dcb2-4d67-ba3a-2f01ba3d9578	12	83787230	90089573	3591	0.0091
759b48e7-dcb2-4d67-ba3a-2f01ba3d9578	12	90097892	90098297	7	-1.0421
759b48e7-dcb2-4d67-ba3a-2f01ba3d9578	12	90099780	93050156	1989	-0.0026
759b48e7-dcb2-4d67-ba3a-2f01ba3d9578	12	93052874	93121403	55	-1.1098
759b48e7-dcb2-4d67-ba3a-2f01ba3d9578	12	93125974	99398014	4404	-0.0013
759b48e7-dcb2-4d67-ba3a-2f01ba3d9578	12	99398036	99404279	24	0.3274
759b48e7-dcb2-4d67-ba3a-2f01ba3d9578	12	99404284	133201603	22707	0.0078
759b48e7-dcb2-4d67-ba3a-2f01ba3d9578	13	18452809	31957984	9556	0.0089
759b48e7-dcb2-4d67-ba3a-2f01ba3d9578	13	31958485	31964286	18	-0.8649
759b48e7-dcb2-4d67-ba3a-2f01ba3d9578	13	31965910	37496998	3897	-0.0001
759b48e7-dcb2-4d67-ba3a-2f01ba3d9578	13	37497899	37510620	16	0.8183
759b48e7-dcb2-4d67-ba3a-2f01ba3d9578	13	37514193	57176962	12510	0.0081
759b48e7-dcb2-4d67-ba3a-2f01ba3d9578	13	57184136	57215580	35	-0.7739
759b48e7-dcb2-4d67-ba3a-2f01ba3d9578	13	57215875	77784995	13174	0.0095
759b48e7-dcb2-4d67-ba3a-2f01ba3d9578	13	77785414	77792760	2	-1.3882
759b48e7-dcb2-4d67-ba3a-2f01ba3d9578	13	77797755	105663858	18706	0.0045
759b48e7-dcb2-4d67-ba3a-2f01ba3d9578	13	105664476	105664629	4	-0.9915
759b48e7-dcb2-4d67-ba3a-2f01ba3d9578	13	105667023	114342922	6149	0.0065
759b48e7-dcb2-4d67-ba3a-2f01ba3d9578	14	18239283	21821194	1405	0.0177
759b48e7-dcb2-4d67-ba3a-2f01ba3d9578	14	21821426	22496054	588	0.1998
759b48e7-dcb2-4d67-ba3a-2f01ba3d9578	14	22496095	26120890	2335	0.0079
759b48e7-dcb2-4d67-ba3a-2f01ba3d9578	14	26121134	26126645	4	-0.8669
759b48e7-dcb2-4d67-ba3a-2f01ba3d9578	14	26126954	26314697	171	-0.0221
759b48e7-dcb2-4d67-ba3a-2f01ba3d9578	14	26314707	26314712	6	0.5313
759b48e7-dcb2-4d67-ba3a-2f01ba3d9578	14	26315707	26945019	360	-0.0152
759b48e7-dcb2-4d67-ba3a-2f01ba3d9578	14	26948474	26948488	2	-1.2763
759b48e7-dcb2-4d67-ba3a-2f01ba3d9578	14	26948645	37557550	6681	0.0006
759b48e7-dcb2-4d67-ba3a-2f01ba3d9578	14	37558382	37562603	3	-1.3417
759b48e7-dcb2-4d67-ba3a-2f01ba3d9578	14	37563308	37665374	42	-0.0557
759b48e7-dcb2-4d67-ba3a-2f01ba3d9578	14	37665599	37668971	3	-2.8112
759b48e7-dcb2-4d67-ba3a-2f01ba3d9578	14	37669965	41139155	2142	0.0178
759b48e7-dcb2-4d67-ba3a-2f01ba3d9578	14	41141293	41184774	13	-0.4798
759b48e7-dcb2-4d67-ba3a-2f01ba3d9578	14	41188046	73529070	20445	0.0036
759b48e7-dcb2-4d67-ba3a-2f01ba3d9578	14	73534419	73550834	8	-1.6263
759b48e7-dcb2-4d67-ba3a-2f01ba3d9578	14	73554275	106407612	20899	0.0001
759b48e7-dcb2-4d67-ba3a-2f01ba3d9578	14	106407614	106462183	52	-0.6177
759b48e7-dcb2-4d67-ba3a-2f01ba3d9578	14	106462724	106877229	195	0.044
759b48e7-dcb2-4d67-ba3a-2f01ba3d9578	15	19811075	20026653	47	-0.0502
759b48e7-dcb2-4d67-ba3a-2f01ba3d9578	15	20041119	20056983	3	-1.803
759b48e7-dcb2-4d67-ba3a-2f01ba3d9578	15	20059033	101928837	51458	0.0047
759b48e7-dcb2-4d67-ba3a-2f01ba3d9578	16	10777	12016	3	-1.5086
759b48e7-dcb2-4d67-ba3a-2f01ba3d9578	16	35827	6596638	3857	0.0072
759b48e7-dcb2-4d67-ba3a-2f01ba3d9578	16	6596972	6913769	425	0.0881
759b48e7-dcb2-4d67-ba3a-2f01ba3d9578	16	6914208	16269368	7462	0.0101
759b48e7-dcb2-4d67-ba3a-2f01ba3d9578	16	16419234	16541758	15	0.4328
759b48e7-dcb2-4d67-ba3a-2f01ba3d9578	16	16550385	18212128	1004	0.0347
759b48e7-dcb2-4d67-ba3a-2f01ba3d9578	16	18260900	18545889	6	0.729
759b48e7-dcb2-4d67-ba3a-2f01ba3d9578	16	18583078	19933041	689	-0.0029
759b48e7-dcb2-4d67-ba3a-2f01ba3d9578	16	19934328	19956040	29	-0.892
759b48e7-dcb2-4d67-ba3a-2f01ba3d9578	16	19958932	55761136	13427	0.0058
759b48e7-dcb2-4d67-ba3a-2f01ba3d9578	16	55762477	55788532	22	-0.6693
759b48e7-dcb2-4d67-ba3a-2f01ba3d9578	16	55808442	78337711	14273	0.0025
759b48e7-dcb2-4d67-ba3a-2f01ba3d9578	16	78338543	78350841	16	1.1263
759b48e7-dcb2-4d67-ba3a-2f01ba3d9578	16	78350868	83855128	6227	0.004
759b48e7-dcb2-4d67-ba3a-2f01ba3d9578	16	83855218	83858164	5	-0.8787
759b48e7-dcb2-4d67-ba3a-2f01ba3d9578	16	83858313	90096867	4383	0.0146
759b48e7-dcb2-4d67-ba3a-2f01ba3d9578	17	150733	1237871	554	0.0258
759b48e7-dcb2-4d67-ba3a-2f01ba3d9578	17	1244344	1276729	5	-0.7634
759b48e7-dcb2-4d67-ba3a-2f01ba3d9578	17	1277363	14020614	8202	0.0008
759b48e7-dcb2-4d67-ba3a-2f01ba3d9578	17	14030001	15935385	1337	0.0492
759b48e7-dcb2-4d67-ba3a-2f01ba3d9578	17	15935571	18455632	1289	-0.0037
759b48e7-dcb2-4d67-ba3a-2f01ba3d9578	17	18455635	18561907	25	-1.5818
759b48e7-dcb2-4d67-ba3a-2f01ba3d9578	17	18565883	41265456	9392	0.0125
759b48e7-dcb2-4d67-ba3a-2f01ba3d9578	17	41266762	41274279	24	-1.0175
759b48e7-dcb2-4d67-ba3a-2f01ba3d9578	17	41276472	46127007	2529	0.0028
759b48e7-dcb2-4d67-ba3a-2f01ba3d9578	17	46130778	46571001	99	-0.4801
759b48e7-dcb2-4d67-ba3a-2f01ba3d9578	17	46664059	83091923	21553	0.0047
759b48e7-dcb2-4d67-ba3a-2f01ba3d9578	18	48133	5840504	4129	0.0106
759b48e7-dcb2-4d67-ba3a-2f01ba3d9578	18	5843070	5843285	2	-1.1683
759b48e7-dcb2-4d67-ba3a-2f01ba3d9578	18	5844291	11301579	4174	0.0078
759b48e7-dcb2-4d67-ba3a-2f01ba3d9578	18	11305226	11305241	2	-2.0137
759b48e7-dcb2-4d67-ba3a-2f01ba3d9578	18	11306075	40678763	14460	0.0032
759b48e7-dcb2-4d67-ba3a-2f01ba3d9578	18	40680456	40685425	19	0.48
759b48e7-dcb2-4d67-ba3a-2f01ba3d9578	18	40688060	42471713	1212	0.0096
759b48e7-dcb2-4d67-ba3a-2f01ba3d9578	18	42476604	42477506	24	-0.6071
759b48e7-dcb2-4d67-ba3a-2f01ba3d9578	18	42477802	64543663	15206	0.0028
759b48e7-dcb2-4d67-ba3a-2f01ba3d9578	18	64544391	64544711	2	-1.5239
759b48e7-dcb2-4d67-ba3a-2f01ba3d9578	18	64550181	80257174	11464	0.0148
759b48e7-dcb2-4d67-ba3a-2f01ba3d9578	19	90910	20411869	8925	-0.0013
759b48e7-dcb2-4d67-ba3a-2f01ba3d9578	19	20413400	20533583	68	-0.7926
759b48e7-dcb2-4d67-ba3a-2f01ba3d9578	19	20538075	24274155	2138	0.0031
759b48e7-dcb2-4d67-ba3a-2f01ba3d9578	19	24278016	24281335	7	-0.9555
759b48e7-dcb2-4d67-ba3a-2f01ba3d9578	19	24282042	35365179	5573	-0.0006
759b48e7-dcb2-4d67-ba3a-2f01ba3d9578	19	35365304	35370877	16	0.5526
759b48e7-dcb2-4d67-ba3a-2f01ba3d9578	19	35370946	42879062	3718	0.0071
759b48e7-dcb2-4d67-ba3a-2f01ba3d9578	19	42882033	43020143	68	-0.7555
759b48e7-dcb2-4d67-ba3a-2f01ba3d9578	19	43020178	43193181	77	0.0437
759b48e7-dcb2-4d67-ba3a-2f01ba3d9578	19	43198881	43252085	22	-0.7594
759b48e7-dcb2-4d67-ba3a-2f01ba3d9578	19	43262507	58586487	8492	0.0035
759b48e7-dcb2-4d67-ba3a-2f01ba3d9578	20	80664	578519	355	0.0497
759b48e7-dcb2-4d67-ba3a-2f01ba3d9578	20	583055	856168	237	-0.0759
759b48e7-dcb2-4d67-ba3a-2f01ba3d9578	20	856433	1580353	612	0.03
759b48e7-dcb2-4d67-ba3a-2f01ba3d9578	20	1580934	1617460	43	-0.4359
759b48e7-dcb2-4d67-ba3a-2f01ba3d9578	20	1617690	60990189	39323	0.0035
759b48e7-dcb2-4d67-ba3a-2f01ba3d9578	20	60993969	61015145	50	0.6389
759b48e7-dcb2-4d67-ba3a-2f01ba3d9578	20	61015428	64324800	1745	0.0114
759b48e7-dcb2-4d67-ba3a-2f01ba3d9578	21	10354168	46677045	23834	0.007
759b48e7-dcb2-4d67-ba3a-2f01ba3d9578	22	15294547	22395652	3448	0.0288
759b48e7-dcb2-4d67-ba3a-2f01ba3d9578	22	22395791	22398545	11	0.7206
759b48e7-dcb2-4d67-ba3a-2f01ba3d9578	22	22402989	27493180	4020	0.0102
759b48e7-dcb2-4d67-ba3a-2f01ba3d9578	22	27493749	27498027	7	-0.9155
759b48e7-dcb2-4d67-ba3a-2f01ba3d9578	22	27498779	50796027	15786	0.0045
759b48e7-dcb2-4d67-ba3a-2f01ba3d9578	X	251810	129783366	68209	0.007
759b48e7-dcb2-4d67-ba3a-2f01ba3d9578	X	129783479	129784507	3	-2.8627
759b48e7-dcb2-4d67-ba3a-2f01ba3d9578	X	129785276	142981123	7503	0.0064
759b48e7-dcb2-4d67-ba3a-2f01ba3d9578	X	142981287	142983702	2	-1.7491
759b48e7-dcb2-4d67-ba3a-2f01ba3d9578	X	142984249	144544539	956	-0.0012
759b48e7-dcb2-4d67-ba3a-2f01ba3d9578	X	144549969	144551290	2	-2.8167
759b48e7-dcb2-4d67-ba3a-2f01ba3d9578	X	144553029	152225523	5210	0.0172
759b48e7-dcb2-4d67-ba3a-2f01ba3d9578	X	152225581	152225992	3	-1.9
759b48e7-dcb2-4d67-ba3a-2f01ba3d9578	X	152228054	155952689	1586	0.0034
759b48e7-dcb2-4d67-ba3a-2f01ba3d9578	Y	2782397	21924037	6337	-0.8949
759b48e7-dcb2-4d67-ba3a-2f01ba3d9578	Y	21961640	22197200	6	-1.9744
759b48e7-dcb2-4d67-ba3a-2f01ba3d9578	Y	22213784	23013519	94	-0.8438
759b48e7-dcb2-4d67-ba3a-2f01ba3d9578	Y	23014812	23029591	2	-2.9495
759b48e7-dcb2-4d67-ba3a-2f01ba3d9578	Y	23045484	56872112	198	-0.9292
