GDC_Aliquot	Chromosome	Start	End	Num_Probes	Segment_Mean
a4c5477c-3843-4230-8423-0bf5e8bd202c	1	62920	599171	20	0.5079
a4c5477c-3843-4230-8423-0bf5e8bd202c	1	668210	12802201	6482	-0.0459
a4c5477c-3843-4230-8423-0bf5e8bd202c	1	12806954	12868035	21	-0.6882
a4c5477c-3843-4230-8423-0bf5e8bd202c	1	12922922	15822848	1817	-0.0415
a4c5477c-3843-4230-8423-0bf5e8bd202c	1	15823420	15828515	11	0.5989
a4c5477c-3843-4230-8423-0bf5e8bd202c	1	15839166	16570326	301	-0.0334
a4c5477c-3843-4230-8423-0bf5e8bd202c	1	16583114	16863509	54	0.2341
a4c5477c-3843-4230-8423-0bf5e8bd202c	1	16864367	16935752	54	-0.4676
a4c5477c-3843-4230-8423-0bf5e8bd202c	1	16949746	25256850	5264	-0.0344
a4c5477c-3843-4230-8423-0bf5e8bd202c	1	25266637	25320198	22	-2.007
a4c5477c-3843-4230-8423-0bf5e8bd202c	1	25320253	41913113	9034	-0.0354
a4c5477c-3843-4230-8423-0bf5e8bd202c	1	41913382	72284670	19698	0.0103
a4c5477c-3843-4230-8423-0bf5e8bd202c	1	72290430	72297687	9	-2.9621
a4c5477c-3843-4230-8423-0bf5e8bd202c	1	72302735	72345450	47	0.8689
a4c5477c-3843-4230-8423-0bf5e8bd202c	1	72345465	108223733	22935	0.0175
a4c5477c-3843-4230-8423-0bf5e8bd202c	1	108226680	108274557	2	-2.9085
a4c5477c-3843-4230-8423-0bf5e8bd202c	1	108310648	108962290	346	0.0251
a4c5477c-3843-4230-8423-0bf5e8bd202c	1	108966266	108966416	2	-1.3382
a4c5477c-3843-4230-8423-0bf5e8bd202c	1	108966674	116677184	5215	0.0284
a4c5477c-3843-4230-8423-0bf5e8bd202c	1	116677322	121598439	2261	0.1187
a4c5477c-3843-4230-8423-0bf5e8bd202c	1	121601998	143748012	100	-0.6526
a4c5477c-3843-4230-8423-0bf5e8bd202c	1	143748074	152583051	2343	0.0531
a4c5477c-3843-4230-8423-0bf5e8bd202c	1	152583230	152614118	35	-1.9434
a4c5477c-3843-4230-8423-0bf5e8bd202c	1	152618018	167603321	10231	0.0455
a4c5477c-3843-4230-8423-0bf5e8bd202c	1	167603428	167604201	2	-2.937
a4c5477c-3843-4230-8423-0bf5e8bd202c	1	167604753	169247699	1256	0.0442
a4c5477c-3843-4230-8423-0bf5e8bd202c	1	169264736	169272528	7	-2.677
a4c5477c-3843-4230-8423-0bf5e8bd202c	1	169273163	174828195	3527	0.0449
a4c5477c-3843-4230-8423-0bf5e8bd202c	1	174828247	174832716	10	0.6937
a4c5477c-3843-4230-8423-0bf5e8bd202c	1	174832734	196762956	14649	0.0432
a4c5477c-3843-4230-8423-0bf5e8bd202c	1	196769493	196846661	57	0.3434
a4c5477c-3843-4230-8423-0bf5e8bd202c	1	196847600	209897717	8787	0.048
a4c5477c-3843-4230-8423-0bf5e8bd202c	1	209908268	209908720	2	-1.9963
a4c5477c-3843-4230-8423-0bf5e8bd202c	1	209910639	242972295	23281	0.0437
a4c5477c-3843-4230-8423-0bf5e8bd202c	1	242973026	243187175	49	0.3432
a4c5477c-3843-4230-8423-0bf5e8bd202c	1	243189078	248550567	3526	0.0501
a4c5477c-3843-4230-8423-0bf5e8bd202c	1	248572774	248633912	34	-0.7505
a4c5477c-3843-4230-8423-0bf5e8bd202c	1	248645563	248930189	140	0.0144
a4c5477c-3843-4230-8423-0bf5e8bd202c	2	12784	5595907	4187	-0.0007
a4c5477c-3843-4230-8423-0bf5e8bd202c	2	5596189	5596981	3	-2.565
a4c5477c-3843-4230-8423-0bf5e8bd202c	2	5597449	34466002	19905	0.0162
a4c5477c-3843-4230-8423-0bf5e8bd202c	2	34474248	34511990	46	-2.0167
a4c5477c-3843-4230-8423-0bf5e8bd202c	2	34512096	52531615	13016	0.0168
a4c5477c-3843-4230-8423-0bf5e8bd202c	2	52531630	52566244	39	-0.2976
a4c5477c-3843-4230-8423-0bf5e8bd202c	2	52566366	88848037	22616	0.0174
a4c5477c-3843-4230-8423-0bf5e8bd202c	2	88848170	101353857	3497	0.0747
a4c5477c-3843-4230-8423-0bf5e8bd202c	2	101354392	128880504	16711	0.0035
a4c5477c-3843-4230-8423-0bf5e8bd202c	2	128880904	128882741	15	-0.7997
a4c5477c-3843-4230-8423-0bf5e8bd202c	2	128882755	241841244	69385	0.0087
a4c5477c-3843-4230-8423-0bf5e8bd202c	2	241973315	242092368	103	-0.9569
a4c5477c-3843-4230-8423-0bf5e8bd202c	2	242095460	242147305	24	0.0002
a4c5477c-3843-4230-8423-0bf5e8bd202c	3	20930	1215076	995	0.009
a4c5477c-3843-4230-8423-0bf5e8bd202c	3	1215082	1215168	2	-2.5482
a4c5477c-3843-4230-8423-0bf5e8bd202c	3	1217795	6604856	4822	0.0013
a4c5477c-3843-4230-8423-0bf5e8bd202c	3	6609441	6611645	23	-1.0039
a4c5477c-3843-4230-8423-0bf5e8bd202c	3	6613391	11435913	3747	0.0044
a4c5477c-3843-4230-8423-0bf5e8bd202c	3	11436860	33005364	14888	-0.0398
a4c5477c-3843-4230-8423-0bf5e8bd202c	3	33005858	33007329	2	-3.5628
a4c5477c-3843-4230-8423-0bf5e8bd202c	3	33009209	75519398	28250	-0.0373
a4c5477c-3843-4230-8423-0bf5e8bd202c	3	75523398	75537654	6	-1.4516
a4c5477c-3843-4230-8423-0bf5e8bd202c	3	75546030	99225788	10982	-0.0332
a4c5477c-3843-4230-8423-0bf5e8bd202c	3	99225919	99232539	33	0.3401
a4c5477c-3843-4230-8423-0bf5e8bd202c	3	99232990	128662406	18071	-0.0303
a4c5477c-3843-4230-8423-0bf5e8bd202c	3	128665680	128693488	15	0.628
a4c5477c-3843-4230-8423-0bf5e8bd202c	3	128695318	130067443	628	-0.0498
a4c5477c-3843-4230-8423-0bf5e8bd202c	3	130067531	130087393	30	-0.6632
a4c5477c-3843-4230-8423-0bf5e8bd202c	3	130088081	130651904	382	-0.0355
a4c5477c-3843-4230-8423-0bf5e8bd202c	3	130653257	130653632	2	-1.0111
a4c5477c-3843-4230-8423-0bf5e8bd202c	3	130653939	132269794	1050	-0.0237
a4c5477c-3843-4230-8423-0bf5e8bd202c	3	132270020	132273893	5	-1.0496
a4c5477c-3843-4230-8423-0bf5e8bd202c	3	132273929	132276840	3	-2.8276
a4c5477c-3843-4230-8423-0bf5e8bd202c	3	132281633	133306023	681	-0.0177
a4c5477c-3843-4230-8423-0bf5e8bd202c	3	133306038	133306053	2	1.4321
a4c5477c-3843-4230-8423-0bf5e8bd202c	3	133306168	134315359	648	-0.0293
a4c5477c-3843-4230-8423-0bf5e8bd202c	3	134317451	134317578	2	-2.0047
a4c5477c-3843-4230-8423-0bf5e8bd202c	3	134317872	162815162	17510	-0.0327
a4c5477c-3843-4230-8423-0bf5e8bd202c	3	162816942	162822221	4	-1.132
a4c5477c-3843-4230-8423-0bf5e8bd202c	3	162822685	162822702	2	-3.1307
a4c5477c-3843-4230-8423-0bf5e8bd202c	3	162827928	162906109	46	0.2081
a4c5477c-3843-4230-8423-0bf5e8bd202c	3	162908192	162908815	4	-1.3365
a4c5477c-3843-4230-8423-0bf5e8bd202c	3	162910826	162996729	70	-0.0242
a4c5477c-3843-4230-8423-0bf5e8bd202c	3	162999939	163001774	2	-2.7684
a4c5477c-3843-4230-8423-0bf5e8bd202c	3	163008371	182890101	12065	-0.039
a4c5477c-3843-4230-8423-0bf5e8bd202c	3	182890563	182891775	2	-2.1518
a4c5477c-3843-4230-8423-0bf5e8bd202c	3	182891992	193160113	7029	-0.0377
a4c5477c-3843-4230-8423-0bf5e8bd202c	3	193160173	193165114	19	-1.2359
a4c5477c-3843-4230-8423-0bf5e8bd202c	3	193168646	195729069	1515	-0.0388
a4c5477c-3843-4230-8423-0bf5e8bd202c	3	195729085	195768362	19	-0.4533
a4c5477c-3843-4230-8423-0bf5e8bd202c	3	195768450	198169247	1159	-0.0148
a4c5477c-3843-4230-8423-0bf5e8bd202c	4	68929	10208766	5700	0.0408
a4c5477c-3843-4230-8423-0bf5e8bd202c	4	10221792	10229874	28	-2.2406
a4c5477c-3843-4230-8423-0bf5e8bd202c	4	10232590	10233644	7	-0.2617
a4c5477c-3843-4230-8423-0bf5e8bd202c	4	10234518	34777432	16979	0.0427
a4c5477c-3843-4230-8423-0bf5e8bd202c	4	34784878	34822561	37	-0.7544
a4c5477c-3843-4230-8423-0bf5e8bd202c	4	34823103	54346988	10592	0.0457
a4c5477c-3843-4230-8423-0bf5e8bd202c	4	54352220	189267889	83465	0.0045
a4c5477c-3843-4230-8423-0bf5e8bd202c	4	189273964	189278110	4	-2.9
a4c5477c-3843-4230-8423-0bf5e8bd202c	4	189278617	190106768	350	0.0267
a4c5477c-3843-4230-8423-0bf5e8bd202c	5	15532	5680920	4415	0.027
a4c5477c-3843-4230-8423-0bf5e8bd202c	5	5682419	5711859	26	0.5921
a4c5477c-3843-4230-8423-0bf5e8bd202c	5	5713522	12785139	5742	0.0415
a4c5477c-3843-4230-8423-0bf5e8bd202c	5	12785150	12849089	20	0.4389
a4c5477c-3843-4230-8423-0bf5e8bd202c	5	12857021	13636765	438	0.0325
a4c5477c-3843-4230-8423-0bf5e8bd202c	5	13637727	13642686	8	-1.0574
a4c5477c-3843-4230-8423-0bf5e8bd202c	5	13642817	58025759	25106	0.0462
a4c5477c-3843-4230-8423-0bf5e8bd202c	5	58025819	58037706	33	-0.627
a4c5477c-3843-4230-8423-0bf5e8bd202c	5	58042530	65756837	4777	0.0593
a4c5477c-3843-4230-8423-0bf5e8bd202c	5	65760824	65762770	2	-1.3918
a4c5477c-3843-4230-8423-0bf5e8bd202c	5	65763612	69571467	2518	0.0502
a4c5477c-3843-4230-8423-0bf5e8bd202c	5	69779150	71095426	24	0.4852
a4c5477c-3843-4230-8423-0bf5e8bd202c	5	71358245	105093203	19969	0.0514
a4c5477c-3843-4230-8423-0bf5e8bd202c	5	105097721	105167266	46	-0.8899
a4c5477c-3843-4230-8423-0bf5e8bd202c	5	105168236	119983052	10139	0.0532
a4c5477c-3843-4230-8423-0bf5e8bd202c	5	119983284	119991068	4	-1.572
a4c5477c-3843-4230-8423-0bf5e8bd202c	5	119992475	125579475	3723	0.0472
a4c5477c-3843-4230-8423-0bf5e8bd202c	5	125579900	140851964	8874	-0.0428
a4c5477c-3843-4230-8423-0bf5e8bd202c	5	140851980	140852254	6	-1.2706
a4c5477c-3843-4230-8423-0bf5e8bd202c	5	140861442	160445926	13210	-0.0426
a4c5477c-3843-4230-8423-0bf5e8bd202c	5	160447844	167296475	4509	0.0391
a4c5477c-3843-4230-8423-0bf5e8bd202c	5	167296775	167311238	3	-1.2456
a4c5477c-3843-4230-8423-0bf5e8bd202c	5	167312037	167410247	60	0.0088
a4c5477c-3843-4230-8423-0bf5e8bd202c	5	167410597	180391033	8753	0.1322
a4c5477c-3843-4230-8423-0bf5e8bd202c	5	180391920	180401607	11	-0.5374
a4c5477c-3843-4230-8423-0bf5e8bd202c	5	180406485	181363319	473	0.1584
a4c5477c-3843-4230-8423-0bf5e8bd202c	6	149661	294837	123	-0.0296
a4c5477c-3843-4230-8423-0bf5e8bd202c	6	302306	354489	46	-0.37
a4c5477c-3843-4230-8423-0bf5e8bd202c	6	355191	355198	2	-2.6187
a4c5477c-3843-4230-8423-0bf5e8bd202c	6	355360	16390611	12594	0.0102
a4c5477c-3843-4230-8423-0bf5e8bd202c	6	16390940	16399859	20	0.6338
a4c5477c-3843-4230-8423-0bf5e8bd202c	6	16400507	31313046	9547	0.0114
a4c5477c-3843-4230-8423-0bf5e8bd202c	6	31318499	31328176	8	-1.9461
a4c5477c-3843-4230-8423-0bf5e8bd202c	6	31328210	32462952	496	-0.0199
a4c5477c-3843-4230-8423-0bf5e8bd202c	6	32463198	32754977	140	-0.3489
a4c5477c-3843-4230-8423-0bf5e8bd202c	6	32762044	32836637	73	-0.0726
a4c5477c-3843-4230-8423-0bf5e8bd202c	6	32836793	39062058	3813	0.0205
a4c5477c-3843-4230-8423-0bf5e8bd202c	6	39062134	39062941	3	-1.2456
a4c5477c-3843-4230-8423-0bf5e8bd202c	6	39065289	49187407	6551	0.0173
a4c5477c-3843-4230-8423-0bf5e8bd202c	6	49187709	49190424	2	-1.4314
a4c5477c-3843-4230-8423-0bf5e8bd202c	6	49192014	54066353	3189	0.0164
a4c5477c-3843-4230-8423-0bf5e8bd202c	6	54066432	54067057	6	-1.6646
a4c5477c-3843-4230-8423-0bf5e8bd202c	6	54070550	62115040	2920	0.0099
a4c5477c-3843-4230-8423-0bf5e8bd202c	6	62119439	64627049	1306	-0.0369
a4c5477c-3843-4230-8423-0bf5e8bd202c	6	64637651	64639099	2	-2.6332
a4c5477c-3843-4230-8423-0bf5e8bd202c	6	64640883	65000836	239	-0.0391
a4c5477c-3843-4230-8423-0bf5e8bd202c	6	65001506	65003899	3	-1.6649
a4c5477c-3843-4230-8423-0bf5e8bd202c	6	65007491	76726815	7697	-0.0362
a4c5477c-3843-4230-8423-0bf5e8bd202c	6	76730151	76742972	20	0.5987
a4c5477c-3843-4230-8423-0bf5e8bd202c	6	76743040	78253172	978	-0.0393
a4c5477c-3843-4230-8423-0bf5e8bd202c	6	78259348	78325468	113	-0.789
a4c5477c-3843-4230-8423-0bf5e8bd202c	6	78329517	148180808	43825	-0.0331
a4c5477c-3843-4230-8423-0bf5e8bd202c	6	148185476	148185808	2	-1.7209
a4c5477c-3843-4230-8423-0bf5e8bd202c	6	148186119	170741917	15863	-0.0421
a4c5477c-3843-4230-8423-0bf5e8bd202c	7	43355	968155	231	0.0498
a4c5477c-3843-4230-8423-0bf5e8bd202c	7	972241	972332	2	-1.3548
a4c5477c-3843-4230-8423-0bf5e8bd202c	7	972467	1149589	98	-0.1191
a4c5477c-3843-4230-8423-0bf5e8bd202c	7	1152826	38248326	27032	0.0563
a4c5477c-3843-4230-8423-0bf5e8bd202c	7	38251092	38342370	119	-0.2803
a4c5477c-3843-4230-8423-0bf5e8bd202c	7	38345240	54305455	10995	0.0549
a4c5477c-3843-4230-8423-0bf5e8bd202c	7	54318812	54318824	6	1.137
a4c5477c-3843-4230-8423-0bf5e8bd202c	7	54325795	109800864	28469	0.0519
a4c5477c-3843-4230-8423-0bf5e8bd202c	7	109800865	109821603	28	-0.3255
a4c5477c-3843-4230-8423-0bf5e8bd202c	7	109821684	110502372	433	0.0381
a4c5477c-3843-4230-8423-0bf5e8bd202c	7	110502962	110503206	2	-1.6844
a4c5477c-3843-4230-8423-0bf5e8bd202c	7	110504610	134100424	14291	0.0539
a4c5477c-3843-4230-8423-0bf5e8bd202c	7	134100442	134105690	24	-0.5972
a4c5477c-3843-4230-8423-0bf5e8bd202c	7	134110881	142696008	5626	0.0488
a4c5477c-3843-4230-8423-0bf5e8bd202c	7	142696603	142809818	70	-0.1782
a4c5477c-3843-4230-8423-0bf5e8bd202c	7	142809831	150588016	4593	0.0521
a4c5477c-3843-4230-8423-0bf5e8bd202c	7	150588713	150604481	8	-0.8777
a4c5477c-3843-4230-8423-0bf5e8bd202c	7	150610834	153450553	1711	0.0546
a4c5477c-3843-4230-8423-0bf5e8bd202c	7	153450560	153450627	2	-2.9518
a4c5477c-3843-4230-8423-0bf5e8bd202c	7	153450630	159071067	3914	0.0431
a4c5477c-3843-4230-8423-0bf5e8bd202c	7	159073969	159074343	2	-1.3448
a4c5477c-3843-4230-8423-0bf5e8bd202c	7	159074523	159334314	175	0.0042
a4c5477c-3843-4230-8423-0bf5e8bd202c	8	81254	4137245	3692	-0.0617
a4c5477c-3843-4230-8423-0bf5e8bd202c	8	4140085	4144794	9	-0.9965
a4c5477c-3843-4230-8423-0bf5e8bd202c	8	4145131	4145783	10	-0.0985
a4c5477c-3843-4230-8423-0bf5e8bd202c	8	4145941	4145956	2	-2.4341
a4c5477c-3843-4230-8423-0bf5e8bd202c	8	4146039	5716836	2257	-0.0536
a4c5477c-3843-4230-8423-0bf5e8bd202c	8	5718947	5721284	10	-0.7297
a4c5477c-3843-4230-8423-0bf5e8bd202c	8	5723161	5741213	23	-0.1585
a4c5477c-3843-4230-8423-0bf5e8bd202c	8	5741242	5746973	25	-0.8314
a4c5477c-3843-4230-8423-0bf5e8bd202c	8	5749566	7141698	1690	-0.0533
a4c5477c-3843-4230-8423-0bf5e8bd202c	8	7152073	7380497	34	0.4272
a4c5477c-3843-4230-8423-0bf5e8bd202c	8	7396819	18991998	9162	-0.0471
a4c5477c-3843-4230-8423-0bf5e8bd202c	8	18994029	19001036	26	-0.9866
a4c5477c-3843-4230-8423-0bf5e8bd202c	8	19001217	25120977	4543	-0.0403
a4c5477c-3843-4230-8423-0bf5e8bd202c	8	25121022	25126818	16	0.4292
a4c5477c-3843-4230-8423-0bf5e8bd202c	8	25133589	38516861	8605	-0.0442
a4c5477c-3843-4230-8423-0bf5e8bd202c	8	38518884	39373140	410	-0.007
a4c5477c-3843-4230-8423-0bf5e8bd202c	8	39378084	39529446	59	0.6646
a4c5477c-3843-4230-8423-0bf5e8bd202c	8	39530780	41719010	1560	-0.0421
a4c5477c-3843-4230-8423-0bf5e8bd202c	8	41720510	63936079	12084	0.0154
a4c5477c-3843-4230-8423-0bf5e8bd202c	8	63936340	63936953	7	1.1305
a4c5477c-3843-4230-8423-0bf5e8bd202c	8	63937166	84345754	12228	0.0234
a4c5477c-3843-4230-8423-0bf5e8bd202c	8	84350648	84356431	19	-0.8013
a4c5477c-3843-4230-8423-0bf5e8bd202c	8	84358447	141364408	37475	0.0158
a4c5477c-3843-4230-8423-0bf5e8bd202c	8	141364907	145072769	1562	-0.0186
a4c5477c-3843-4230-8423-0bf5e8bd202c	9	46587	138200944	79509	-0.0355
a4c5477c-3843-4230-8423-0bf5e8bd202c	10	45792	480833	250	-0.0488
a4c5477c-3843-4230-8423-0bf5e8bd202c	10	484704	6748182	5555	0.0535
a4c5477c-3843-4230-8423-0bf5e8bd202c	10	6748814	6749230	3	-1.4257
a4c5477c-3843-4230-8423-0bf5e8bd202c	10	6750469	14552420	6570	0.0556
a4c5477c-3843-4230-8423-0bf5e8bd202c	10	14556461	14562733	11	-0.8253
a4c5477c-3843-4230-8423-0bf5e8bd202c	10	14568086	24086334	6808	0.0466
a4c5477c-3843-4230-8423-0bf5e8bd202c	10	24088745	24089125	11	0.9535
a4c5477c-3843-4230-8423-0bf5e8bd202c	10	24089979	25306444	813	0.0684
a4c5477c-3843-4230-8423-0bf5e8bd202c	10	25308379	25311279	2	-2.3773
a4c5477c-3843-4230-8423-0bf5e8bd202c	10	25312104	43384848	9792	0.0521
a4c5477c-3843-4230-8423-0bf5e8bd202c	10	43385385	46514459	1862	-0.0044
a4c5477c-3843-4230-8423-0bf5e8bd202c	10	46522514	46967412	59	0.3016
a4c5477c-3843-4230-8423-0bf5e8bd202c	10	47002596	82121629	23523	0.0028
a4c5477c-3843-4230-8423-0bf5e8bd202c	10	82124522	82128911	6	-1.0905
a4c5477c-3843-4230-8423-0bf5e8bd202c	10	82129864	133654968	35420	0.0026
a4c5477c-3843-4230-8423-0bf5e8bd202c	11	198510	4946420	2418	0.0157
a4c5477c-3843-4230-8423-0bf5e8bd202c	11	4947280	4954475	28	-1.5807
a4c5477c-3843-4230-8423-0bf5e8bd202c	11	4955027	48408848	30790	-0.0017
a4c5477c-3843-4230-8423-0bf5e8bd202c	11	48409947	55606572	1258	0.0418
a4c5477c-3843-4230-8423-0bf5e8bd202c	11	55606712	55685058	55	0.4946
a4c5477c-3843-4230-8423-0bf5e8bd202c	11	55685501	67708130	6226	0.0377
a4c5477c-3843-4230-8423-0bf5e8bd202c	11	67708154	67964485	65	-0.4811
a4c5477c-3843-4230-8423-0bf5e8bd202c	11	67964718	81792426	8287	0.053
a4c5477c-3843-4230-8423-0bf5e8bd202c	11	81792950	81806116	10	-0.7489
a4c5477c-3843-4230-8423-0bf5e8bd202c	11	81811590	110488499	19705	0.0485
a4c5477c-3843-4230-8423-0bf5e8bd202c	11	110490723	110494420	2	-1.7068
a4c5477c-3843-4230-8423-0bf5e8bd202c	11	110500145	118478918	5684	0.0468
a4c5477c-3843-4230-8423-0bf5e8bd202c	11	118479290	118479407	6	-0.7968
a4c5477c-3843-4230-8423-0bf5e8bd202c	11	118480386	127876620	6762	0.0481
a4c5477c-3843-4230-8423-0bf5e8bd202c	11	127877234	127877541	2	-1.8378
a4c5477c-3843-4230-8423-0bf5e8bd202c	11	127881799	133335317	4264	0.0502
a4c5477c-3843-4230-8423-0bf5e8bd202c	11	133335800	133336259	2	-1.9028
a4c5477c-3843-4230-8423-0bf5e8bd202c	11	133340959	134739499	1007	0.0377
a4c5477c-3843-4230-8423-0bf5e8bd202c	11	134739663	134740048	3	1.2423
a4c5477c-3843-4230-8423-0bf5e8bd202c	11	134740846	135074876	275	0.0286
a4c5477c-3843-4230-8423-0bf5e8bd202c	12	51460	9481274	6176	-0.0448
a4c5477c-3843-4230-8423-0bf5e8bd202c	12	9485313	9575696	23	-1.6219
a4c5477c-3843-4230-8423-0bf5e8bd202c	12	9582373	30082648	14305	-0.0291
a4c5477c-3843-4230-8423-0bf5e8bd202c	12	30086334	30090642	19	-0.8425
a4c5477c-3843-4230-8423-0bf5e8bd202c	12	30090657	33232895	2331	-0.0388
a4c5477c-3843-4230-8423-0bf5e8bd202c	12	33233822	33242483	6	0.7256
a4c5477c-3843-4230-8423-0bf5e8bd202c	12	33246118	34406374	681	-0.0153
a4c5477c-3843-4230-8423-0bf5e8bd202c	12	34423775	38037464	168	0.1174
a4c5477c-3843-4230-8423-0bf5e8bd202c	12	38038987	39083525	586	-0.0136
a4c5477c-3843-4230-8423-0bf5e8bd202c	12	39087759	39089311	5	-1.1684
a4c5477c-3843-4230-8423-0bf5e8bd202c	12	39094246	113908862	47116	-0.0317
a4c5477c-3843-4230-8423-0bf5e8bd202c	12	113910854	113911532	2	-1.8359
a4c5477c-3843-4230-8423-0bf5e8bd202c	12	113911913	120547612	4878	-0.041
a4c5477c-3843-4230-8423-0bf5e8bd202c	12	120548270	120550901	3	-1.6419
a4c5477c-3843-4230-8423-0bf5e8bd202c	12	120557343	122496412	924	-0.0392
a4c5477c-3843-4230-8423-0bf5e8bd202c	12	122496787	131635702	7049	0.0016
a4c5477c-3843-4230-8423-0bf5e8bd202c	12	131636170	131670006	21	0.4883
a4c5477c-3843-4230-8423-0bf5e8bd202c	12	131670109	133201603	552	0.0027
a4c5477c-3843-4230-8423-0bf5e8bd202c	13	18452809	18641527	25	0.1882
a4c5477c-3843-4230-8423-0bf5e8bd202c	13	18641534	37496998	13461	-0.0353
a4c5477c-3843-4230-8423-0bf5e8bd202c	13	37497899	37510620	16	-2.3002
a4c5477c-3843-4230-8423-0bf5e8bd202c	13	37514193	38478674	701	-0.0424
a4c5477c-3843-4230-8423-0bf5e8bd202c	13	38483435	38483919	2	-1.6898
a4c5477c-3843-4230-8423-0bf5e8bd202c	13	38490920	48957415	7323	-0.0348
a4c5477c-3843-4230-8423-0bf5e8bd202c	13	48959579	48962368	2	-3.1852
a4c5477c-3843-4230-8423-0bf5e8bd202c	13	48963569	57184181	4500	-0.0283
a4c5477c-3843-4230-8423-0bf5e8bd202c	13	57184255	57200966	27	0.3217
a4c5477c-3843-4230-8423-0bf5e8bd202c	13	57201082	63733331	3860	-0.0315
a4c5477c-3843-4230-8423-0bf5e8bd202c	13	63733347	63845058	47	0.4016
a4c5477c-3843-4230-8423-0bf5e8bd202c	13	63845422	82833582	12534	-0.0352
a4c5477c-3843-4230-8423-0bf5e8bd202c	13	82833808	96417790	8596	0.0458
a4c5477c-3843-4230-8423-0bf5e8bd202c	13	96417796	96418213	2	-1.7143
a4c5477c-3843-4230-8423-0bf5e8bd202c	13	96418857	114342922	13061	0.0495
a4c5477c-3843-4230-8423-0bf5e8bd202c	14	18239283	19185951	39	-0.0059
a4c5477c-3843-4230-8423-0bf5e8bd202c	14	19197351	19957752	132	0.2901
a4c5477c-3843-4230-8423-0bf5e8bd202c	14	19958388	21953454	1384	-0.0463
a4c5477c-3843-4230-8423-0bf5e8bd202c	14	21954753	22509114	477	-0.3185
a4c5477c-3843-4230-8423-0bf5e8bd202c	14	22509351	41141293	11732	-0.0299
a4c5477c-3843-4230-8423-0bf5e8bd202c	14	41141487	41207158	17	-0.6102
a4c5477c-3843-4230-8423-0bf5e8bd202c	14	41207293	47227057	3524	-0.0358
a4c5477c-3843-4230-8423-0bf5e8bd202c	14	47238133	47247780	8	-1.104
a4c5477c-3843-4230-8423-0bf5e8bd202c	14	47248244	66199325	12343	-0.0316
a4c5477c-3843-4230-8423-0bf5e8bd202c	14	66200482	66200937	2	-1.6017
a4c5477c-3843-4230-8423-0bf5e8bd202c	14	66207878	69551330	1948	-0.031
a4c5477c-3843-4230-8423-0bf5e8bd202c	14	69551651	69555567	5	-1.0126
a4c5477c-3843-4230-8423-0bf5e8bd202c	14	69555582	90841848	14027	-0.0357
a4c5477c-3843-4230-8423-0bf5e8bd202c	14	90842241	90849114	10	-0.8992
a4c5477c-3843-4230-8423-0bf5e8bd202c	14	90857098	106294689	9466	-0.0317
a4c5477c-3843-4230-8423-0bf5e8bd202c	14	106297265	106297273	3	1.7818
a4c5477c-3843-4230-8423-0bf5e8bd202c	14	106297409	106877229	295	-0.0513
a4c5477c-3843-4230-8423-0bf5e8bd202c	15	19811075	20376311	95	0.0792
a4c5477c-3843-4230-8423-0bf5e8bd202c	15	20380735	20642631	43	-0.2762
a4c5477c-3843-4230-8423-0bf5e8bd202c	15	20644306	30715942	4753	0.1016
a4c5477c-3843-4230-8423-0bf5e8bd202c	15	30716220	34434988	2544	0.0515
a4c5477c-3843-4230-8423-0bf5e8bd202c	15	34435421	34526116	59	-0.6569
a4c5477c-3843-4230-8423-0bf5e8bd202c	15	34570058	70147633	22941	0.056
a4c5477c-3843-4230-8423-0bf5e8bd202c	15	70148823	70148910	2	-1.4642
a4c5477c-3843-4230-8423-0bf5e8bd202c	15	70151862	75902048	3101	0.0485
a4c5477c-3843-4230-8423-0bf5e8bd202c	15	75904333	75904462	2	-1.3209
a4c5477c-3843-4230-8423-0bf5e8bd202c	15	75905659	76034453	66	0.0574
a4c5477c-3843-4230-8423-0bf5e8bd202c	15	76042215	76052548	4	-0.5956
a4c5477c-3843-4230-8423-0bf5e8bd202c	15	76056133	76191001	93	0.0624
a4c5477c-3843-4230-8423-0bf5e8bd202c	15	76192489	76192652	2	-1.1912
a4c5477c-3843-4230-8423-0bf5e8bd202c	15	76193195	76586021	217	0.0632
a4c5477c-3843-4230-8423-0bf5e8bd202c	15	76598900	76603434	22	0.8107
a4c5477c-3843-4230-8423-0bf5e8bd202c	15	76609838	101928837	17616	0.0478
a4c5477c-3843-4230-8423-0bf5e8bd202c	16	10777	18153433	12769	-0.0429
a4c5477c-3843-4230-8423-0bf5e8bd202c	16	18162067	18172683	3	-1.5436
a4c5477c-3843-4230-8423-0bf5e8bd202c	16	18192658	19933041	698	-0.038
a4c5477c-3843-4230-8423-0bf5e8bd202c	16	19934328	19956040	29	-3.1702
a4c5477c-3843-4230-8423-0bf5e8bd202c	16	19958932	20046578	68	-0.0616
a4c5477c-3843-4230-8423-0bf5e8bd202c	16	20047451	20047761	3	-0.8197
a4c5477c-3843-4230-8423-0bf5e8bd202c	16	20048355	20305540	214	-0.0267
a4c5477c-3843-4230-8423-0bf5e8bd202c	16	20307419	20308225	2	-1.9925
a4c5477c-3843-4230-8423-0bf5e8bd202c	16	20308765	22591547	1001	-0.0409
a4c5477c-3843-4230-8423-0bf5e8bd202c	16	22591843	22706983	64	-0.2916
a4c5477c-3843-4230-8423-0bf5e8bd202c	16	22707065	31050580	4710	-0.0352
a4c5477c-3843-4230-8423-0bf5e8bd202c	16	31062907	48508271	1847	0.0209
a4c5477c-3843-4230-8423-0bf5e8bd202c	16	48509973	48515099	2	-1.3882
a4c5477c-3843-4230-8423-0bf5e8bd202c	16	48520338	52376939	2768	0.0005
a4c5477c-3843-4230-8423-0bf5e8bd202c	16	52379038	52380779	2	-1.6855
a4c5477c-3843-4230-8423-0bf5e8bd202c	16	52383329	55762682	2761	0.0058
a4c5477c-3843-4230-8423-0bf5e8bd202c	16	55764310	55764867	3	1.7684
a4c5477c-3843-4230-8423-0bf5e8bd202c	16	55770436	78337711	14296	0.0045
a4c5477c-3843-4230-8423-0bf5e8bd202c	16	78338543	78347366	14	-2.3886
a4c5477c-3843-4230-8423-0bf5e8bd202c	16	78349243	90096867	10623	-0.0047
a4c5477c-3843-4230-8423-0bf5e8bd202c	17	150733	8339592	4535	-0.0407
a4c5477c-3843-4230-8423-0bf5e8bd202c	17	8344229	8344415	2	-2.0129
a4c5477c-3843-4230-8423-0bf5e8bd202c	17	8346140	18455635	6858	-0.0378
a4c5477c-3843-4230-8423-0bf5e8bd202c	17	18458372	18478497	10	-0.6408
a4c5477c-3843-4230-8423-0bf5e8bd202c	17	18483309	18529764	6	0.094
a4c5477c-3843-4230-8423-0bf5e8bd202c	17	18537646	18561907	8	-1.131
a4c5477c-3843-4230-8423-0bf5e8bd202c	17	18565883	22727748	1474	-0.0184
a4c5477c-3843-4230-8423-0bf5e8bd202c	17	22728414	41265456	7926	0.0477
a4c5477c-3843-4230-8423-0bf5e8bd202c	17	41266762	41274279	24	-1.2081
a4c5477c-3843-4230-8423-0bf5e8bd202c	17	41276472	46131308	2530	0.0506
a4c5477c-3843-4230-8423-0bf5e8bd202c	17	46135062	46707286	100	0.3598
a4c5477c-3843-4230-8423-0bf5e8bd202c	17	46707312	83091923	21568	0.0501
a4c5477c-3843-4230-8423-0bf5e8bd202c	18	48133	78539	4	0.9539
a4c5477c-3843-4230-8423-0bf5e8bd202c	18	85614	784612	549	-0.0491
a4c5477c-3843-4230-8423-0bf5e8bd202c	18	787398	788047	2	-1.6321
a4c5477c-3843-4230-8423-0bf5e8bd202c	18	792052	40678763	22236	-0.0344
a4c5477c-3843-4230-8423-0bf5e8bd202c	18	40680456	40689848	22	-0.7282
a4c5477c-3843-4230-8423-0bf5e8bd202c	18	40690108	66239629	17651	-0.0347
a4c5477c-3843-4230-8423-0bf5e8bd202c	18	66240197	66244352	10	-0.8839
a4c5477c-3843-4230-8423-0bf5e8bd202c	18	66244639	76769260	7959	-0.0402
a4c5477c-3843-4230-8423-0bf5e8bd202c	18	76769811	76781380	14	-0.841
a4c5477c-3843-4230-8423-0bf5e8bd202c	18	76782156	80257174	2300	-0.0413
a4c5477c-3843-4230-8423-0bf5e8bd202c	19	90910	20032213	8702	-0.034
a4c5477c-3843-4230-8423-0bf5e8bd202c	19	20034887	20041979	3	-1.5739
a4c5477c-3843-4230-8423-0bf5e8bd202c	19	20042954	24188665	2401	-0.0324
a4c5477c-3843-4230-8423-0bf5e8bd202c	19	24190281	31698191	3152	0.0482
a4c5477c-3843-4230-8423-0bf5e8bd202c	19	31700736	31701786	5	-2.3671
a4c5477c-3843-4230-8423-0bf5e8bd202c	19	31702241	31827349	97	0.0159
a4c5477c-3843-4230-8423-0bf5e8bd202c	19	31827427	31828823	2	-1.5135
a4c5477c-3843-4230-8423-0bf5e8bd202c	19	31828836	34646003	1853	0.049
a4c5477c-3843-4230-8423-0bf5e8bd202c	19	34646126	37737478	1673	-0.0332
a4c5477c-3843-4230-8423-0bf5e8bd202c	19	37744380	37749886	2	-1.4974
a4c5477c-3843-4230-8423-0bf5e8bd202c	19	37750388	37850859	55	0.0208
a4c5477c-3843-4230-8423-0bf5e8bd202c	19	37853484	37853577	2	-2.8662
a4c5477c-3843-4230-8423-0bf5e8bd202c	19	37855094	43209225	2660	-0.022
a4c5477c-3843-4230-8423-0bf5e8bd202c	19	43209582	43252085	16	-0.8283
a4c5477c-3843-4230-8423-0bf5e8bd202c	19	43262507	55766684	6650	-0.042
a4c5477c-3843-4230-8423-0bf5e8bd202c	19	55770704	55771663	4	-1.7093
a4c5477c-3843-4230-8423-0bf5e8bd202c	19	55771701	56658834	666	-0.0351
a4c5477c-3843-4230-8423-0bf5e8bd202c	19	56668317	56680602	9	-0.9311
a4c5477c-3843-4230-8423-0bf5e8bd202c	19	56687205	58586487	1164	-0.0415
a4c5477c-3843-4230-8423-0bf5e8bd202c	20	80664	1571811	1183	-0.0356
a4c5477c-3843-4230-8423-0bf5e8bd202c	20	1576544	1601561	57	-0.5974
a4c5477c-3843-4230-8423-0bf5e8bd202c	20	1609611	1617300	6	1.2162
a4c5477c-3843-4230-8423-0bf5e8bd202c	20	1617460	6609577	3659	-0.0442
a4c5477c-3843-4230-8423-0bf5e8bd202c	20	6610765	20012682	10874	0.0063
a4c5477c-3843-4230-8423-0bf5e8bd202c	20	20017118	20022917	3	-1.3774
a4c5477c-3843-4230-8423-0bf5e8bd202c	20	20023724	20600665	435	0.0066
a4c5477c-3843-4230-8423-0bf5e8bd202c	20	20602770	20607296	2	-1.4772
a4c5477c-3843-4230-8423-0bf5e8bd202c	20	20607613	26010660	3690	0.0042
a4c5477c-3843-4230-8423-0bf5e8bd202c	20	26037655	26076659	2	1.2755
a4c5477c-3843-4230-8423-0bf5e8bd202c	20	26076751	31570542	315	0.0406
a4c5477c-3843-4230-8423-0bf5e8bd202c	20	31577324	38382143	3521	-0.0322
a4c5477c-3843-4230-8423-0bf5e8bd202c	20	38382164	38383652	4	-1.6932
a4c5477c-3843-4230-8423-0bf5e8bd202c	20	38390010	64284715	18622	-0.04
a4c5477c-3843-4230-8423-0bf5e8bd202c	20	64323342	64324800	5	-1.0742
a4c5477c-3843-4230-8423-0bf5e8bd202c	21	10354168	26908194	9859	0.0334
a4c5477c-3843-4230-8423-0bf5e8bd202c	21	26910341	26910533	3	-1.7468
a4c5477c-3843-4230-8423-0bf5e8bd202c	21	26911285	46677045	14003	0.025
a4c5477c-3843-4230-8423-0bf5e8bd202c	22	15294547	23113179	3861	-0.0175
a4c5477c-3843-4230-8423-0bf5e8bd202c	22	23113629	23115843	2	-1.7744
a4c5477c-3843-4230-8423-0bf5e8bd202c	22	23124922	23987520	528	-0.0341
a4c5477c-3843-4230-8423-0bf5e8bd202c	22	23988078	23989773	2	-2.8729
a4c5477c-3843-4230-8423-0bf5e8bd202c	22	23990431	50796027	18881	-0.0206
a4c5477c-3843-4230-8423-0bf5e8bd202c	X	251810	13865524	8395	-0.0465
a4c5477c-3843-4230-8423-0bf5e8bd202c	X	13865895	23353269	5751	-0.0002
a4c5477c-3843-4230-8423-0bf5e8bd202c	X	23354308	58341779	19200	-0.0486
a4c5477c-3843-4230-8423-0bf5e8bd202c	X	58398391	155952689	50246	0.034
a4c5477c-3843-4230-8423-0bf5e8bd202c	Y	2782397	6249869	785	-2.6301
a4c5477c-3843-4230-8423-0bf5e8bd202c	Y	6252391	26077669	5684	-3.1297
a4c5477c-3843-4230-8423-0bf5e8bd202c	Y	26312501	56872112	171	-2.6064
