GDC_Aliquot	Chromosome	Start	End	Num_Probes	Segment_Mean
cef12e73-9728-40de-8cdc-7187dbc395f7	1	62920	462894	19	0.1794
cef12e73-9728-40de-8cdc-7187dbc395f7	1	599171	2013116	318	-0.0855
cef12e73-9728-40de-8cdc-7187dbc395f7	1	2016961	3291811	397	-0.2626
cef12e73-9728-40de-8cdc-7187dbc395f7	1	3296382	25256850	13271	-0.0833
cef12e73-9728-40de-8cdc-7187dbc395f7	1	25266637	25320455	24	-1.0984
cef12e73-9728-40de-8cdc-7187dbc395f7	1	25336819	30450576	2537	-0.0754
cef12e73-9728-40de-8cdc-7187dbc395f7	1	30450939	30452438	3	-1.706
cef12e73-9728-40de-8cdc-7187dbc395f7	1	30452713	34637053	2405	-0.0861
cef12e73-9728-40de-8cdc-7187dbc395f7	1	34637069	34637435	5	-1.2414
cef12e73-9728-40de-8cdc-7187dbc395f7	1	34637541	34638226	5	0.0676
cef12e73-9728-40de-8cdc-7187dbc395f7	1	34638263	34649941	11	-1.3073
cef12e73-9728-40de-8cdc-7187dbc395f7	1	34650960	45881707	6226	-0.0832
cef12e73-9728-40de-8cdc-7187dbc395f7	1	45890476	72290491	17466	-0.0129
cef12e73-9728-40de-8cdc-7187dbc395f7	1	72293529	72345465	54	0.7301
cef12e73-9728-40de-8cdc-7187dbc395f7	1	72346221	89009572	10897	-0.013
cef12e73-9728-40de-8cdc-7187dbc395f7	1	89012275	89012522	2	-2.7747
cef12e73-9728-40de-8cdc-7187dbc395f7	1	89015841	94107963	3045	-0.0189
cef12e73-9728-40de-8cdc-7187dbc395f7	1	94109224	112153343	11532	-0.2594
cef12e73-9728-40de-8cdc-7187dbc395f7	1	112153465	112163440	27	0.3913
cef12e73-9728-40de-8cdc-7187dbc395f7	1	112163460	115228995	1904	-0.246
cef12e73-9728-40de-8cdc-7187dbc395f7	1	115230541	115544106	201	-0.0169
cef12e73-9728-40de-8cdc-7187dbc395f7	1	115547733	115685599	106	-0.3063
cef12e73-9728-40de-8cdc-7187dbc395f7	1	115686742	116159406	341	0.0111
cef12e73-9728-40de-8cdc-7187dbc395f7	1	116161888	119138374	1841	-0.273
cef12e73-9728-40de-8cdc-7187dbc395f7	1	119140949	143494500	759	0.0186
cef12e73-9728-40de-8cdc-7187dbc395f7	1	143541857	143591902	30	0.8231
cef12e73-9728-40de-8cdc-7187dbc395f7	1	143594677	143927887	94	0.6138
cef12e73-9728-40de-8cdc-7187dbc395f7	1	143928045	145709808	34	0.2249
cef12e73-9728-40de-8cdc-7187dbc395f7	1	145711635	147076437	194	0.6214
cef12e73-9728-40de-8cdc-7187dbc395f7	1	147076494	147653935	400	0.8164
cef12e73-9728-40de-8cdc-7187dbc395f7	1	147659350	149845018	266	0.3342
cef12e73-9728-40de-8cdc-7187dbc395f7	1	149845205	149984051	53	0.7783
cef12e73-9728-40de-8cdc-7187dbc395f7	1	149985935	150124652	65	0.3663
cef12e73-9728-40de-8cdc-7187dbc395f7	1	150131878	150141905	6	1.0215
cef12e73-9728-40de-8cdc-7187dbc395f7	1	150147495	150265695	51	0.3906
cef12e73-9728-40de-8cdc-7187dbc395f7	1	150277766	150980885	341	0.7055
cef12e73-9728-40de-8cdc-7187dbc395f7	1	150981785	151373784	165	0.9047
cef12e73-9728-40de-8cdc-7187dbc395f7	1	151374998	151548255	112	1.1531
cef12e73-9728-40de-8cdc-7187dbc395f7	1	151550829	151665941	69	0.8875
cef12e73-9728-40de-8cdc-7187dbc395f7	1	151670336	152046138	231	0.5663
cef12e73-9728-40de-8cdc-7187dbc395f7	1	152053260	152394737	167	1.2834
cef12e73-9728-40de-8cdc-7187dbc395f7	1	152395177	152583051	155	0.9329
cef12e73-9728-40de-8cdc-7187dbc395f7	1	152583230	152614118	35	-0.213
cef12e73-9728-40de-8cdc-7187dbc395f7	1	152618018	152630845	28	0.9063
cef12e73-9728-40de-8cdc-7187dbc395f7	1	152630997	152631340	4	1.8893
cef12e73-9728-40de-8cdc-7187dbc395f7	1	152633571	152787202	134	1.0284
cef12e73-9728-40de-8cdc-7187dbc395f7	1	152789447	152805967	40	1.4139
cef12e73-9728-40de-8cdc-7187dbc395f7	1	152806050	153395857	473	1.0463
cef12e73-9728-40de-8cdc-7187dbc395f7	1	153395925	154002145	258	0.6565
cef12e73-9728-40de-8cdc-7187dbc395f7	1	154002766	154210937	89	0.9305
cef12e73-9728-40de-8cdc-7187dbc395f7	1	154211719	154780293	308	0.6553
cef12e73-9728-40de-8cdc-7187dbc395f7	1	154780991	155094807	164	0.8624
cef12e73-9728-40de-8cdc-7187dbc395f7	1	155106045	155300105	100	1.0861
cef12e73-9728-40de-8cdc-7187dbc395f7	1	155301865	155497486	85	0.9015
cef12e73-9728-40de-8cdc-7187dbc395f7	1	155500593	156078520	224	0.3263
cef12e73-9728-40de-8cdc-7187dbc395f7	1	156085218	156815564	350	0.808
cef12e73-9728-40de-8cdc-7187dbc395f7	1	156818694	157802248	681	0.5807
cef12e73-9728-40de-8cdc-7187dbc395f7	1	157804897	159431424	1190	0.0847
cef12e73-9728-40de-8cdc-7187dbc395f7	1	159434461	159805543	294	0.5859
cef12e73-9728-40de-8cdc-7187dbc395f7	1	159806098	160611717	514	0.8959
cef12e73-9728-40de-8cdc-7187dbc395f7	1	160612821	160829570	171	0.6219
cef12e73-9728-40de-8cdc-7187dbc395f7	1	160830538	162072523	674	0.9825
cef12e73-9728-40de-8cdc-7187dbc395f7	1	162073760	162206330	134	0.7594
cef12e73-9728-40de-8cdc-7187dbc395f7	1	162207979	162293246	81	0.956
cef12e73-9728-40de-8cdc-7187dbc395f7	1	162293480	162308652	10	0.427
cef12e73-9728-40de-8cdc-7187dbc395f7	1	162310935	165429607	2487	0.0693
cef12e73-9728-40de-8cdc-7187dbc395f7	1	165430340	165682265	263	0.3979
cef12e73-9728-40de-8cdc-7187dbc395f7	1	165682679	189300100	15839	0.0764
cef12e73-9728-40de-8cdc-7187dbc395f7	1	189301309	189577858	168	0.2883
cef12e73-9728-40de-8cdc-7187dbc395f7	1	189577974	196745692	4802	0.0929
cef12e73-9728-40de-8cdc-7187dbc395f7	1	196745743	196820098	45	0.6255
cef12e73-9728-40de-8cdc-7187dbc395f7	1	196820637	196832720	14	-0.0075
cef12e73-9728-40de-8cdc-7187dbc395f7	1	196843377	196936029	64	-0.6238
cef12e73-9728-40de-8cdc-7187dbc395f7	1	196940515	248550567	35474	0.0815
cef12e73-9728-40de-8cdc-7187dbc395f7	1	248572774	248646068	37	-0.3898
cef12e73-9728-40de-8cdc-7187dbc395f7	1	248661836	248930189	138	0.0945
cef12e73-9728-40de-8cdc-7187dbc395f7	2	12784	16411	3	-0.4118
cef12e73-9728-40de-8cdc-7187dbc395f7	2	21833	759749	527	0.2031
cef12e73-9728-40de-8cdc-7187dbc395f7	2	763174	1860345	674	0.1272
cef12e73-9728-40de-8cdc-7187dbc395f7	2	1861331	19532289	13524	0.236
cef12e73-9728-40de-8cdc-7187dbc395f7	2	19532385	20291451	596	0.34
cef12e73-9728-40de-8cdc-7187dbc395f7	2	20291560	24376304	2563	0.2409
cef12e73-9728-40de-8cdc-7187dbc395f7	2	24376335	24386596	12	0.8318
cef12e73-9728-40de-8cdc-7187dbc395f7	2	24386777	30403581	3463	0.2515
cef12e73-9728-40de-8cdc-7187dbc395f7	2	30404558	30407010	3	1.3536
cef12e73-9728-40de-8cdc-7187dbc395f7	2	30408221	34466002	2667	0.2288
cef12e73-9728-40de-8cdc-7187dbc395f7	2	34474248	34511990	45	-1.1699
cef12e73-9728-40de-8cdc-7187dbc395f7	2	34512096	35742319	867	0.2627
cef12e73-9728-40de-8cdc-7187dbc395f7	2	35742970	35762850	8	1.1853
cef12e73-9728-40de-8cdc-7187dbc395f7	2	35762881	52527743	12098	0.2433
cef12e73-9728-40de-8cdc-7187dbc395f7	2	52531615	52537117	11	0.9799
cef12e73-9728-40de-8cdc-7187dbc395f7	2	52537337	52554157	14	1.4642
cef12e73-9728-40de-8cdc-7187dbc395f7	2	52554188	52554404	8	1.0246
cef12e73-9728-40de-8cdc-7187dbc395f7	2	52560811	87117615	21955	0.2424
cef12e73-9728-40de-8cdc-7187dbc395f7	2	87134049	87725148	116	-0.482
cef12e73-9728-40de-8cdc-7187dbc395f7	2	87747102	94786880	888	0.2275
cef12e73-9728-40de-8cdc-7187dbc395f7	2	94788342	105237712	5528	0.0782
cef12e73-9728-40de-8cdc-7187dbc395f7	2	105238147	105764173	454	-0.1495
cef12e73-9728-40de-8cdc-7187dbc395f7	2	105764343	106258266	425	0.2734
cef12e73-9728-40de-8cdc-7187dbc395f7	2	106263639	106270952	14	0.8558
cef12e73-9728-40de-8cdc-7187dbc395f7	2	106271414	106542821	95	0.2173
cef12e73-9728-40de-8cdc-7187dbc395f7	2	106543727	109704919	2008	-0.1318
cef12e73-9728-40de-8cdc-7187dbc395f7	2	109743935	110044146	4	0.9227
cef12e73-9728-40de-8cdc-7187dbc395f7	2	110097158	110115274	9	-0.5645
cef12e73-9728-40de-8cdc-7187dbc395f7	2	110116811	111239034	437	-0.1365
cef12e73-9728-40de-8cdc-7187dbc395f7	2	111239208	111644640	114	0.2705
cef12e73-9728-40de-8cdc-7187dbc395f7	2	111645026	146104517	21083	-0.1378
cef12e73-9728-40de-8cdc-7187dbc395f7	2	146106836	146109366	24	1.0408
cef12e73-9728-40de-8cdc-7187dbc395f7	2	146120238	202764932	33871	-0.1377
cef12e73-9728-40de-8cdc-7187dbc395f7	2	202765696	207490231	2989	-0.2704
cef12e73-9728-40de-8cdc-7187dbc395f7	2	207490454	207494752	17	-1.9891
cef12e73-9728-40de-8cdc-7187dbc395f7	2	207494795	232377024	15826	-0.2705
cef12e73-9728-40de-8cdc-7187dbc395f7	2	232377193	232377633	5	1.2665
cef12e73-9728-40de-8cdc-7187dbc395f7	2	232377647	242147305	6196	-0.2708
cef12e73-9728-40de-8cdc-7187dbc395f7	3	20930	26384700	19811	0.0979
cef12e73-9728-40de-8cdc-7187dbc395f7	3	26392633	26397852	5	-1.334
cef12e73-9728-40de-8cdc-7187dbc395f7	3	26404482	52988877	15787	0.108
cef12e73-9728-40de-8cdc-7187dbc395f7	3	52988908	53005100	40	0.4665
cef12e73-9728-40de-8cdc-7187dbc395f7	3	53005201	61848641	6649	0.0806
cef12e73-9728-40de-8cdc-7187dbc395f7	3	61849081	61849268	2	-1.837
cef12e73-9728-40de-8cdc-7187dbc395f7	3	61850669	65202778	2887	0.0872
cef12e73-9728-40de-8cdc-7187dbc395f7	3	65203560	65224479	49	-0.6355
cef12e73-9728-40de-8cdc-7187dbc395f7	3	65224624	65922813	586	0.0736
cef12e73-9728-40de-8cdc-7187dbc395f7	3	65922974	66369078	213	0.4228
cef12e73-9728-40de-8cdc-7187dbc395f7	3	66369336	68697108	1626	0.0837
cef12e73-9728-40de-8cdc-7187dbc395f7	3	68697133	68700061	20	0.6459
cef12e73-9728-40de-8cdc-7187dbc395f7	3	68700090	94038851	13097	0.1032
cef12e73-9728-40de-8cdc-7187dbc395f7	3	94039597	98823182	2521	-0.1481
cef12e73-9728-40de-8cdc-7187dbc395f7	3	98825416	99215760	223	-0.3994
cef12e73-9728-40de-8cdc-7187dbc395f7	3	99217783	99232990	44	-0.0238
cef12e73-9728-40de-8cdc-7187dbc395f7	3	99233548	103963122	2643	-0.4042
cef12e73-9728-40de-8cdc-7187dbc395f7	3	103965800	160979654	35097	0.1001
cef12e73-9728-40de-8cdc-7187dbc395f7	3	160979945	162795304	1159	0.164
cef12e73-9728-40de-8cdc-7187dbc395f7	3	162795361	162910891	72	1.044
cef12e73-9728-40de-8cdc-7187dbc395f7	3	162911011	175347020	7587	0.1093
cef12e73-9728-40de-8cdc-7187dbc395f7	3	175347138	176340831	683	0.1894
cef12e73-9728-40de-8cdc-7187dbc395f7	3	176342461	193156958	10826	0.1016
cef12e73-9728-40de-8cdc-7187dbc395f7	3	193160113	193165114	20	1.9052
cef12e73-9728-40de-8cdc-7187dbc395f7	3	193168646	195703252	1494	0.1098
cef12e73-9728-40de-8cdc-7187dbc395f7	3	195703918	195751823	32	-0.3382
cef12e73-9728-40de-8cdc-7187dbc395f7	3	195751990	197011404	583	0.0949
cef12e73-9728-40de-8cdc-7187dbc395f7	3	197012082	197236741	114	0.3182
cef12e73-9728-40de-8cdc-7187dbc395f7	3	197237167	197856040	313	0.1721
cef12e73-9728-40de-8cdc-7187dbc395f7	3	197856500	198108567	132	0.3536
cef12e73-9728-40de-8cdc-7187dbc395f7	3	198108585	198169247	23	-0.1309
cef12e73-9728-40de-8cdc-7187dbc395f7	4	68929	3597723	1438	0.0236
cef12e73-9728-40de-8cdc-7187dbc395f7	4	3598142	3600457	2	-1.769
cef12e73-9728-40de-8cdc-7187dbc395f7	4	3607663	4121101	187	-0.0089
cef12e73-9728-40de-8cdc-7187dbc395f7	4	4133219	4163608	7	-0.8765
cef12e73-9728-40de-8cdc-7187dbc395f7	4	4164791	7435637	2592	0.0234
cef12e73-9728-40de-8cdc-7187dbc395f7	4	7436625	7465589	31	-0.4074
cef12e73-9728-40de-8cdc-7187dbc395f7	4	7468311	9455251	893	0.0187
cef12e73-9728-40de-8cdc-7187dbc395f7	4	9459504	9477699	6	1.1686
cef12e73-9728-40de-8cdc-7187dbc395f7	4	9484440	10228006	551	0.0263
cef12e73-9728-40de-8cdc-7187dbc395f7	4	10228296	10229433	10	0.6881
cef12e73-9728-40de-8cdc-7187dbc395f7	4	10229469	14233707	3203	0.0218
cef12e73-9728-40de-8cdc-7187dbc395f7	4	14234363	39063471	16775	-0.2125
cef12e73-9728-40de-8cdc-7187dbc395f7	4	39063488	40698556	863	0.0056
cef12e73-9728-40de-8cdc-7187dbc395f7	4	40701994	40702670	4	-1.6454
cef12e73-9728-40de-8cdc-7187dbc395f7	4	40703970	43806107	2039	-0.021
cef12e73-9728-40de-8cdc-7187dbc395f7	4	43810210	47680697	2160	-0.2042
cef12e73-9728-40de-8cdc-7187dbc395f7	4	47681439	48138421	270	-0.0389
cef12e73-9728-40de-8cdc-7187dbc395f7	4	48138440	48192246	133	0.1906
cef12e73-9728-40de-8cdc-7187dbc395f7	4	48193683	49087357	455	-0.0126
cef12e73-9728-40de-8cdc-7187dbc395f7	4	49091769	60461461	5685	0.1474
cef12e73-9728-40de-8cdc-7187dbc395f7	4	60461594	60465899	3	-1.1455
cef12e73-9728-40de-8cdc-7187dbc395f7	4	60469846	63828222	1891	0.1499
cef12e73-9728-40de-8cdc-7187dbc395f7	4	63831751	63840033	20	-0.5924
cef12e73-9728-40de-8cdc-7187dbc395f7	4	63841863	63842540	8	-2.6388
cef12e73-9728-40de-8cdc-7187dbc395f7	4	63850713	68352050	2829	0.1348
cef12e73-9728-40de-8cdc-7187dbc395f7	4	68352181	68509630	32	0.5744
cef12e73-9728-40de-8cdc-7187dbc395f7	4	68524574	69241068	367	0.1364
cef12e73-9728-40de-8cdc-7187dbc395f7	4	69252259	69363716	61	0.4754
cef12e73-9728-40de-8cdc-7187dbc395f7	4	69366081	90376936	13083	0.1041
cef12e73-9728-40de-8cdc-7187dbc395f7	4	90377770	107145001	9732	-0.0754
cef12e73-9728-40de-8cdc-7187dbc395f7	4	107145112	107155362	32	0.3146
cef12e73-9728-40de-8cdc-7187dbc395f7	4	107155376	114252472	4394	-0.0837
cef12e73-9728-40de-8cdc-7187dbc395f7	4	114252500	114263234	32	0.629
cef12e73-9728-40de-8cdc-7187dbc395f7	4	114264667	115243304	596	-0.0849
cef12e73-9728-40de-8cdc-7187dbc395f7	4	115244564	115269242	41	0.3475
cef12e73-9728-40de-8cdc-7187dbc395f7	4	115269684	137171085	12553	-0.0725
cef12e73-9728-40de-8cdc-7187dbc395f7	4	137171266	137173818	15	-0.6587
cef12e73-9728-40de-8cdc-7187dbc395f7	4	137173967	137261947	96	-0.1582
cef12e73-9728-40de-8cdc-7187dbc395f7	4	137261993	137267723	25	0.4225
cef12e73-9728-40de-8cdc-7187dbc395f7	4	137267746	143942046	4310	-0.0734
cef12e73-9728-40de-8cdc-7187dbc395f7	4	143955520	144051776	57	0.244
cef12e73-9728-40de-8cdc-7187dbc395f7	4	144051833	152969494	4972	-0.0916
cef12e73-9728-40de-8cdc-7187dbc395f7	4	152969583	153243677	224	0.0853
cef12e73-9728-40de-8cdc-7187dbc395f7	4	153243770	160950731	4957	-0.0802
cef12e73-9728-40de-8cdc-7187dbc395f7	4	160952454	161025320	86	0.2137
cef12e73-9728-40de-8cdc-7187dbc395f7	4	161025473	171448195	6589	-0.0778
cef12e73-9728-40de-8cdc-7187dbc395f7	4	171453733	171456573	11	2.3071
cef12e73-9728-40de-8cdc-7187dbc395f7	4	171456625	172066777	398	-0.0692
cef12e73-9728-40de-8cdc-7187dbc395f7	4	172067997	172068382	12	0.6652
cef12e73-9728-40de-8cdc-7187dbc395f7	4	172074828	172507320	235	-0.0291
cef12e73-9728-40de-8cdc-7187dbc395f7	4	172507437	172507492	2	1.9947
cef12e73-9728-40de-8cdc-7187dbc395f7	4	172519981	185474865	8696	-0.0879
cef12e73-9728-40de-8cdc-7187dbc395f7	4	185477075	185496535	15	-1.0443
cef12e73-9728-40de-8cdc-7187dbc395f7	4	185500412	188935933	2486	-0.0718
cef12e73-9728-40de-8cdc-7187dbc395f7	4	188939605	188940024	2	-2.0125
cef12e73-9728-40de-8cdc-7187dbc395f7	4	188940097	190106768	609	-0.0881
cef12e73-9728-40de-8cdc-7187dbc395f7	5	15532	685633	306	0.3507
cef12e73-9728-40de-8cdc-7187dbc395f7	5	698256	760915	20	1.2249
cef12e73-9728-40de-8cdc-7187dbc395f7	5	760969	1936329	624	0.3565
cef12e73-9728-40de-8cdc-7187dbc395f7	5	1936428	12800777	9210	0.4954
cef12e73-9728-40de-8cdc-7187dbc395f7	5	12815668	12838421	14	-0.9314
cef12e73-9728-40de-8cdc-7187dbc395f7	5	12849089	32102625	12036	0.5186
cef12e73-9728-40de-8cdc-7187dbc395f7	5	32106978	32158349	39	1.1589
cef12e73-9728-40de-8cdc-7187dbc395f7	5	32170181	46383233	8357	0.5258
cef12e73-9728-40de-8cdc-7187dbc395f7	5	46386290	50292898	41	0.1639
cef12e73-9728-40de-8cdc-7187dbc395f7	5	50299936	50987266	333	0.4773
cef12e73-9728-40de-8cdc-7187dbc395f7	5	50991478	51201784	123	-0.2138
cef12e73-9728-40de-8cdc-7187dbc395f7	5	51202114	58030200	4547	-0.0144
cef12e73-9728-40de-8cdc-7187dbc395f7	5	58030336	58045317	35	0.4847
cef12e73-9728-40de-8cdc-7187dbc395f7	5	58046293	62070485	2690	-0.0165
cef12e73-9728-40de-8cdc-7187dbc395f7	5	62071291	62964621	565	-0.2246
cef12e73-9728-40de-8cdc-7187dbc395f7	5	62967970	64942904	1050	-0.0665
cef12e73-9728-40de-8cdc-7187dbc395f7	5	64943696	65956184	595	-0.1761
cef12e73-9728-40de-8cdc-7187dbc395f7	5	65959844	67050898	796	0.159
cef12e73-9728-40de-8cdc-7187dbc395f7	5	67050963	70959079	1590	-0.2232
cef12e73-9728-40de-8cdc-7187dbc395f7	5	71010832	71358245	9	1.0012
cef12e73-9728-40de-8cdc-7187dbc395f7	5	71364924	99140048	16366	-0.2209
cef12e73-9728-40de-8cdc-7187dbc395f7	5	99141104	100209278	621	-0.1012
cef12e73-9728-40de-8cdc-7187dbc395f7	5	100209465	108096873	4835	-0.2083
cef12e73-9728-40de-8cdc-7187dbc395f7	5	108099625	108409675	188	-0.5429
cef12e73-9728-40de-8cdc-7187dbc395f7	5	108410421	180951710	47374	-0.227
cef12e73-9728-40de-8cdc-7187dbc395f7	5	180951888	181006225	19	0.5566
cef12e73-9728-40de-8cdc-7187dbc395f7	5	181006264	181363319	168	-0.3389
cef12e73-9728-40de-8cdc-7187dbc395f7	6	149661	181632	20	0.4285
cef12e73-9728-40de-8cdc-7187dbc395f7	6	184604	280399	95	0.2345
cef12e73-9728-40de-8cdc-7187dbc395f7	6	285695	382559	87	-0.1488
cef12e73-9728-40de-8cdc-7187dbc395f7	6	382897	535668	125	0.2139
cef12e73-9728-40de-8cdc-7187dbc395f7	6	542333	997495	409	0.3449
cef12e73-9728-40de-8cdc-7187dbc395f7	6	997827	29869411	20868	0.1523
cef12e73-9728-40de-8cdc-7187dbc395f7	6	29869537	29875657	7	-0.4138
cef12e73-9728-40de-8cdc-7187dbc395f7	6	29876257	29881490	7	-1.6034
cef12e73-9728-40de-8cdc-7187dbc395f7	6	29882419	30400680	258	0.0859
cef12e73-9728-40de-8cdc-7187dbc395f7	6	30400886	31297135	379	0.3358
cef12e73-9728-40de-8cdc-7187dbc395f7	6	31297485	31318528	26	0.1662
cef12e73-9728-40de-8cdc-7187dbc395f7	6	31318754	31328674	9	-1.0229
cef12e73-9728-40de-8cdc-7187dbc395f7	6	31342147	32444815	480	0.2374
cef12e73-9728-40de-8cdc-7187dbc395f7	6	32459971	32627455	66	1.0088
cef12e73-9728-40de-8cdc-7187dbc395f7	6	32633540	32722250	58	0.461
cef12e73-9728-40de-8cdc-7187dbc395f7	6	32723020	32723053	3	2.386
cef12e73-9728-40de-8cdc-7187dbc395f7	6	32732907	32807909	63	0.3976
cef12e73-9728-40de-8cdc-7187dbc395f7	6	32808310	32899215	64	0.1205
cef12e73-9728-40de-8cdc-7187dbc395f7	6	32901268	33922175	569	0.3454
cef12e73-9728-40de-8cdc-7187dbc395f7	6	33925375	33934876	4	-1.0577
cef12e73-9728-40de-8cdc-7187dbc395f7	6	33935299	35639371	918	0.3563
cef12e73-9728-40de-8cdc-7187dbc395f7	6	35640189	36089276	245	0.4848
cef12e73-9728-40de-8cdc-7187dbc395f7	6	36090191	44815958	5782	0.3491
cef12e73-9728-40de-8cdc-7187dbc395f7	6	44819889	55960697	7194	0.6179
cef12e73-9728-40de-8cdc-7187dbc395f7	6	55961357	55978862	10	-0.5221
cef12e73-9728-40de-8cdc-7187dbc395f7	6	55986080	61067062	1212	0.6192
cef12e73-9728-40de-8cdc-7187dbc395f7	6	61068113	61762676	278	0.177
cef12e73-9728-40de-8cdc-7187dbc395f7	6	61768312	63157790	740	0.3312
cef12e73-9728-40de-8cdc-7187dbc395f7	6	63160611	64190656	517	0.2532
cef12e73-9728-40de-8cdc-7187dbc395f7	6	64191455	64773422	336	0.4712
cef12e73-9728-40de-8cdc-7187dbc395f7	6	64774549	64954734	124	0.2488
cef12e73-9728-40de-8cdc-7187dbc395f7	6	64956017	65057375	61	0.418
cef12e73-9728-40de-8cdc-7187dbc395f7	6	65057727	66413934	945	0.5546
cef12e73-9728-40de-8cdc-7187dbc395f7	6	66416563	68414621	1428	0.4473
cef12e73-9728-40de-8cdc-7187dbc395f7	6	68414710	69848670	866	0.2403
cef12e73-9728-40de-8cdc-7187dbc395f7	6	69853152	72518622	1786	0.4289
cef12e73-9728-40de-8cdc-7187dbc395f7	6	72518705	76305231	2319	-0.2383
cef12e73-9728-40de-8cdc-7187dbc395f7	6	76307183	76307209	3	1.159
cef12e73-9728-40de-8cdc-7187dbc395f7	6	76307276	76711665	286	-0.2212
cef12e73-9728-40de-8cdc-7187dbc395f7	6	76711775	76742924	28	0.1398
cef12e73-9728-40de-8cdc-7187dbc395f7	6	76742956	77960602	776	-0.2457
cef12e73-9728-40de-8cdc-7187dbc395f7	6	77968467	78259348	202	0.2748
cef12e73-9728-40de-8cdc-7187dbc395f7	6	78259388	78336944	117	0.6819
cef12e73-9728-40de-8cdc-7187dbc395f7	6	78341897	78734023	265	0.295
cef12e73-9728-40de-8cdc-7187dbc395f7	6	78734565	93953142	9712	-0.2415
cef12e73-9728-40de-8cdc-7187dbc395f7	6	93953663	94893921	634	-0.1394
cef12e73-9728-40de-8cdc-7187dbc395f7	6	94895192	103286954	4809	-0.2463
cef12e73-9728-40de-8cdc-7187dbc395f7	6	103290101	103317855	49	0.5689
cef12e73-9728-40de-8cdc-7187dbc395f7	6	103320903	157358463	34665	-0.2407
cef12e73-9728-40de-8cdc-7187dbc395f7	6	157360232	157375044	3	1.1974
cef12e73-9728-40de-8cdc-7187dbc395f7	6	157375962	166874642	7049	-0.246
cef12e73-9728-40de-8cdc-7187dbc395f7	6	166874762	170202932	2061	-0.322
cef12e73-9728-40de-8cdc-7187dbc395f7	6	170204337	170741917	255	-0.2355
cef12e73-9728-40de-8cdc-7187dbc395f7	7	43355	665647	137	0.129
cef12e73-9728-40de-8cdc-7187dbc395f7	7	669137	3743266	1649	0.2967
cef12e73-9728-40de-8cdc-7187dbc395f7	7	3747679	6862089	1648	0.4289
cef12e73-9728-40de-8cdc-7187dbc395f7	7	6874832	6880208	5	-0.9184
cef12e73-9728-40de-8cdc-7187dbc395f7	7	6880649	7999327	968	0.4295
cef12e73-9728-40de-8cdc-7187dbc395f7	7	8001384	10710025	2139	0.342
cef12e73-9728-40de-8cdc-7187dbc395f7	7	10710236	11448045	591	0.1993
cef12e73-9728-40de-8cdc-7187dbc395f7	7	11448288	12938536	1239	0.3319
cef12e73-9728-40de-8cdc-7187dbc395f7	7	12942814	18747940	4572	0.4409
cef12e73-9728-40de-8cdc-7187dbc395f7	7	18748114	18748244	2	-0.9472
cef12e73-9728-40de-8cdc-7187dbc395f7	7	18748607	18983390	269	0.4274
cef12e73-9728-40de-8cdc-7187dbc395f7	7	18983572	19474724	584	0.519
cef12e73-9728-40de-8cdc-7187dbc395f7	7	19475700	29702399	7604	0.4219
cef12e73-9728-40de-8cdc-7187dbc395f7	7	29708621	30962925	794	0.511
cef12e73-9728-40de-8cdc-7187dbc395f7	7	30968389	32860937	1378	0.4146
cef12e73-9728-40de-8cdc-7187dbc395f7	7	32862428	35385637	1521	0.2711
cef12e73-9728-40de-8cdc-7187dbc395f7	7	35389855	42854955	5353	0.4822
cef12e73-9728-40de-8cdc-7187dbc395f7	7	42856204	43638371	538	0.7214
cef12e73-9728-40de-8cdc-7187dbc395f7	7	43643593	44093871	210	0.5702
cef12e73-9728-40de-8cdc-7187dbc395f7	7	44095295	49351430	3508	0.7394
cef12e73-9728-40de-8cdc-7187dbc395f7	7	49354023	49642277	205	0.8512
cef12e73-9728-40de-8cdc-7187dbc395f7	7	49643946	49656775	6	0.1665
cef12e73-9728-40de-8cdc-7187dbc395f7	7	49656871	51110648	1099	0.8076
cef12e73-9728-40de-8cdc-7187dbc395f7	7	51111486	52983635	1399	0.7301
cef12e73-9728-40de-8cdc-7187dbc395f7	7	52985194	54318812	962	0.3485
cef12e73-9728-40de-8cdc-7187dbc395f7	7	54318816	54318824	5	-2.2731
cef12e73-9728-40de-8cdc-7187dbc395f7	7	54325795	54495497	116	0.4735
cef12e73-9728-40de-8cdc-7187dbc395f7	7	54496771	55797490	1043	0.8173
cef12e73-9728-40de-8cdc-7187dbc395f7	7	55798074	55889994	42	0.4676
cef12e73-9728-40de-8cdc-7187dbc395f7	7	55890166	56693807	357	0.2302
cef12e73-9728-40de-8cdc-7187dbc395f7	7	56694420	56701121	3	-1.0046
cef12e73-9728-40de-8cdc-7187dbc395f7	7	56704473	62835861	591	0.2412
cef12e73-9728-40de-8cdc-7187dbc395f7	7	62865135	66964950	1512	-0.0898
cef12e73-9728-40de-8cdc-7187dbc395f7	7	66967878	67449168	198	0.28
cef12e73-9728-40de-8cdc-7187dbc395f7	7	67454301	67970545	365	0.4712
cef12e73-9728-40de-8cdc-7187dbc395f7	7	67971837	68930422	668	0.2432
cef12e73-9728-40de-8cdc-7187dbc395f7	7	68931301	76803341	3442	-0.0062
cef12e73-9728-40de-8cdc-7187dbc395f7	7	76803371	76977495	83	0.669
cef12e73-9728-40de-8cdc-7187dbc395f7	7	77080295	92401751	9936	0.0161
cef12e73-9728-40de-8cdc-7187dbc395f7	7	92402634	92516717	54	-0.2826
cef12e73-9728-40de-8cdc-7187dbc395f7	7	92518060	111126694	10862	0.0113
cef12e73-9728-40de-8cdc-7187dbc395f7	7	111127016	111669738	335	0.1588
cef12e73-9728-40de-8cdc-7187dbc395f7	7	111670103	123010572	6709	0.0104
cef12e73-9728-40de-8cdc-7187dbc395f7	7	123011174	123219288	139	0.2307
cef12e73-9728-40de-8cdc-7187dbc395f7	7	123221591	142049835	11853	0.0058
cef12e73-9728-40de-8cdc-7187dbc395f7	7	142052076	142087846	39	-0.4758
cef12e73-9728-40de-8cdc-7187dbc395f7	7	142088099	144176284	1207	-0.0249
cef12e73-9728-40de-8cdc-7187dbc395f7	7	144176859	144336758	15	-0.8973
cef12e73-9728-40de-8cdc-7187dbc395f7	7	144343967	149981371	3520	0.0047
cef12e73-9728-40de-8cdc-7187dbc395f7	7	149985533	149994252	4	-1.1522
cef12e73-9728-40de-8cdc-7187dbc395f7	7	149997294	154598185	2865	-0.0049
cef12e73-9728-40de-8cdc-7187dbc395f7	7	154601461	154607903	4	-1.4921
cef12e73-9728-40de-8cdc-7187dbc395f7	7	154609120	154636288	28	-0.0329
cef12e73-9728-40de-8cdc-7187dbc395f7	7	154636466	154636708	2	-2.0903
cef12e73-9728-40de-8cdc-7187dbc395f7	7	154637850	159334314	3201	-0.0218
cef12e73-9728-40de-8cdc-7187dbc395f7	8	81254	18995224	16870	-0.4101
cef12e73-9728-40de-8cdc-7187dbc395f7	8	18995341	19001036	19	-1.7705
cef12e73-9728-40de-8cdc-7187dbc395f7	8	19001217	32826507	9954	-0.3942
cef12e73-9728-40de-8cdc-7187dbc395f7	8	32828250	32830685	4	1.088
cef12e73-9728-40de-8cdc-7187dbc395f7	8	32830895	34083002	688	-0.4302
cef12e73-9728-40de-8cdc-7187dbc395f7	8	34085392	37809500	2119	-0.0486
cef12e73-9728-40de-8cdc-7187dbc395f7	8	37817347	38310849	190	0.3672
cef12e73-9728-40de-8cdc-7187dbc395f7	8	38313003	39389156	570	0.1811
cef12e73-9728-40de-8cdc-7187dbc395f7	8	39389592	39529446	57	-1.9946
cef12e73-9728-40de-8cdc-7187dbc395f7	8	39530780	42592313	2138	0.2186
cef12e73-9728-40de-8cdc-7187dbc395f7	8	42592576	46890357	772	0.3672
cef12e73-9728-40de-8cdc-7187dbc395f7	8	46895700	49960746	1558	0.4327
cef12e73-9728-40de-8cdc-7187dbc395f7	8	49961142	50100305	96	0.6511
cef12e73-9728-40de-8cdc-7187dbc395f7	8	50101169	53056814	1915	0.4346
cef12e73-9728-40de-8cdc-7187dbc395f7	8	53057258	53057277	2	1.7282
cef12e73-9728-40de-8cdc-7187dbc395f7	8	53057414	56144645	2042	0.44
cef12e73-9728-40de-8cdc-7187dbc395f7	8	56150074	64205982	5244	0.3449
cef12e73-9728-40de-8cdc-7187dbc395f7	8	64206020	111279123	28118	0.375
cef12e73-9728-40de-8cdc-7187dbc395f7	8	111279265	111282237	4	-0.2615
cef12e73-9728-40de-8cdc-7187dbc395f7	8	111282417	111283031	7	-1.8377
cef12e73-9728-40de-8cdc-7187dbc395f7	8	111288052	136645549	17687	0.3805
cef12e73-9728-40de-8cdc-7187dbc395f7	8	136645665	136665653	15	0.1693
cef12e73-9728-40de-8cdc-7187dbc395f7	8	136669376	136850192	176	-0.5226
cef12e73-9728-40de-8cdc-7187dbc395f7	8	136851164	141602954	3567	0.3537
cef12e73-9728-40de-8cdc-7187dbc395f7	8	141608883	142407360	470	0.2029
cef12e73-9728-40de-8cdc-7187dbc395f7	8	142407652	143227622	314	0.3779
cef12e73-9728-40de-8cdc-7187dbc395f7	8	143227655	143228432	7	1.189
cef12e73-9728-40de-8cdc-7187dbc395f7	8	143228447	143705094	167	0.3305
cef12e73-9728-40de-8cdc-7187dbc395f7	8	143734812	144080674	78	0.6
cef12e73-9728-40de-8cdc-7187dbc395f7	8	144080783	145072769	387	0.2845
cef12e73-9728-40de-8cdc-7187dbc395f7	9	46587	11512355	10861	0.2371
cef12e73-9728-40de-8cdc-7187dbc395f7	9	11516669	12722074	935	0.3323
cef12e73-9728-40de-8cdc-7187dbc395f7	9	12722358	24503818	9375	0.2355
cef12e73-9728-40de-8cdc-7187dbc395f7	9	24504127	24517684	19	-0.4794
cef12e73-9728-40de-8cdc-7187dbc395f7	9	24519686	24910632	301	0.2589
cef12e73-9728-40de-8cdc-7187dbc395f7	9	24911829	25690313	571	0.1439
cef12e73-9728-40de-8cdc-7187dbc395f7	9	25691034	39588611	9028	0.2478
cef12e73-9728-40de-8cdc-7187dbc395f7	9	39747848	40099591	7	-1.001
cef12e73-9728-40de-8cdc-7187dbc395f7	9	40099921	61405110	191	0.3073
cef12e73-9728-40de-8cdc-7187dbc395f7	9	61520021	61629689	28	-1.0536
cef12e73-9728-40de-8cdc-7187dbc395f7	9	61633080	67651028	161	0.2647
cef12e73-9728-40de-8cdc-7187dbc395f7	9	67720642	93707815	18077	-0.0874
cef12e73-9728-40de-8cdc-7187dbc395f7	9	93708429	93708675	2	-1.8729
cef12e73-9728-40de-8cdc-7187dbc395f7	9	93710664	102059000	5453	-0.0871
cef12e73-9728-40de-8cdc-7187dbc395f7	9	102059109	102233134	144	0.1174
cef12e73-9728-40de-8cdc-7187dbc395f7	9	102240207	105099443	2185	-0.0684
cef12e73-9728-40de-8cdc-7187dbc395f7	9	105100769	105231884	121	0.2555
cef12e73-9728-40de-8cdc-7187dbc395f7	9	105234262	105512650	174	0.4407
cef12e73-9728-40de-8cdc-7187dbc395f7	9	105524127	137356366	21238	-0.0839
cef12e73-9728-40de-8cdc-7187dbc395f7	9	137358233	137361381	7	0.9703
cef12e73-9728-40de-8cdc-7187dbc395f7	9	137378551	138200944	406	-0.0615
cef12e73-9728-40de-8cdc-7187dbc395f7	10	45792	1135683	627	0.4184
cef12e73-9728-40de-8cdc-7187dbc395f7	10	1136183	1138431	4	1.5378
cef12e73-9728-40de-8cdc-7187dbc395f7	10	1139366	6369395	4755	0.4515
cef12e73-9728-40de-8cdc-7187dbc395f7	10	6369412	6369519	4	1.6029
cef12e73-9728-40de-8cdc-7187dbc395f7	10	6376792	20495319	11517	0.4648
cef12e73-9728-40de-8cdc-7187dbc395f7	10	20501155	20526776	24	1.1459
cef12e73-9728-40de-8cdc-7187dbc395f7	10	20532967	24088745	2221	0.4583
cef12e73-9728-40de-8cdc-7187dbc395f7	10	24088746	24088753	6	-1.767
cef12e73-9728-40de-8cdc-7187dbc395f7	10	24088989	24119643	38	0.3034
cef12e73-9728-40de-8cdc-7187dbc395f7	10	24119726	26937062	1949	0.4782
cef12e73-9728-40de-8cdc-7187dbc395f7	10	26937169	26941064	12	1.0797
cef12e73-9728-40de-8cdc-7187dbc395f7	10	26941746	30957581	3014	0.4799
cef12e73-9728-40de-8cdc-7187dbc395f7	10	30962405	30962893	12	-0.1915
cef12e73-9728-40de-8cdc-7187dbc395f7	10	30962956	38783075	4821	0.4744
cef12e73-9728-40de-8cdc-7187dbc395f7	10	38783090	42855984	361	0.3551
cef12e73-9728-40de-8cdc-7187dbc395f7	10	42858107	46618028	2287	-0.1164
cef12e73-9728-40de-8cdc-7187dbc395f7	10	46631433	46967412	16	0.4594
cef12e73-9728-40de-8cdc-7187dbc395f7	10	47002596	50070600	1670	-0.1154
cef12e73-9728-40de-8cdc-7187dbc395f7	10	50081224	50132160	4	-2.4769
cef12e73-9728-40de-8cdc-7187dbc395f7	10	50144008	55112185	3744	-0.0939
cef12e73-9728-40de-8cdc-7187dbc395f7	10	55112616	56111995	677	0.013
cef12e73-9728-40de-8cdc-7187dbc395f7	10	56113194	130650652	50865	-0.1032
cef12e73-9728-40de-8cdc-7187dbc395f7	10	130658628	133654968	1837	-0.1793
cef12e73-9728-40de-8cdc-7187dbc395f7	11	198510	5766175	3219	-0.1309
cef12e73-9728-40de-8cdc-7187dbc395f7	11	5766850	5787909	32	-2.1847
cef12e73-9728-40de-8cdc-7187dbc395f7	11	5788108	18927562	9386	-0.1294
cef12e73-9728-40de-8cdc-7187dbc395f7	11	18927778	18940586	45	0.6706
cef12e73-9728-40de-8cdc-7187dbc395f7	11	18949158	32249769	9618	-0.1287
cef12e73-9728-40de-8cdc-7187dbc395f7	11	32253134	32391533	130	-0.4555
cef12e73-9728-40de-8cdc-7187dbc395f7	11	32391555	37009167	3552	-0.1371
cef12e73-9728-40de-8cdc-7187dbc395f7	11	37010380	37608889	404	-0.0103
cef12e73-9728-40de-8cdc-7187dbc395f7	11	37608916	50654242	7591	-0.1346
cef12e73-9728-40de-8cdc-7187dbc395f7	11	50675788	55595864	388	0.0618
cef12e73-9728-40de-8cdc-7187dbc395f7	11	55606556	55685533	59	0.8768
cef12e73-9728-40de-8cdc-7187dbc395f7	11	55686100	60772344	3101	0.1118
cef12e73-9728-40de-8cdc-7187dbc395f7	11	60782493	61331857	332	0.3049
cef12e73-9728-40de-8cdc-7187dbc395f7	11	61344930	61564160	92	0.0672
cef12e73-9728-40de-8cdc-7187dbc395f7	11	61565703	64163853	1321	0.3098
cef12e73-9728-40de-8cdc-7187dbc395f7	11	64168158	64619054	189	-0.1658
cef12e73-9728-40de-8cdc-7187dbc395f7	11	64629264	65951146	503	0.2881
cef12e73-9728-40de-8cdc-7187dbc395f7	11	65953878	66516861	243	-0.0943
cef12e73-9728-40de-8cdc-7187dbc395f7	11	66519912	67981787	491	0.3092
cef12e73-9728-40de-8cdc-7187dbc395f7	11	67981851	70159535	1185	0.4803
cef12e73-9728-40de-8cdc-7187dbc395f7	11	70164035	71413620	693	0.3336
cef12e73-9728-40de-8cdc-7187dbc395f7	11	71416865	76787089	2786	-0.1176
cef12e73-9728-40de-8cdc-7187dbc395f7	11	76787325	78498833	891	0.5079
cef12e73-9728-40de-8cdc-7187dbc395f7	11	78499943	79282708	636	-0.1153
cef12e73-9728-40de-8cdc-7187dbc395f7	11	79290404	84287374	3728	0.3295
cef12e73-9728-40de-8cdc-7187dbc395f7	11	84290680	84669578	234	-0.1322
cef12e73-9728-40de-8cdc-7187dbc395f7	11	84670494	85320257	478	0.3549
cef12e73-9728-40de-8cdc-7187dbc395f7	11	85330862	89733564	2890	-0.1244
cef12e73-9728-40de-8cdc-7187dbc395f7	11	89734053	89966336	24	0.3171
cef12e73-9728-40de-8cdc-7187dbc395f7	11	90043678	90077170	4	-1.8665
cef12e73-9728-40de-8cdc-7187dbc395f7	11	90085142	93166294	2225	-0.1303
cef12e73-9728-40de-8cdc-7187dbc395f7	11	93166399	93203392	50	0.2019
cef12e73-9728-40de-8cdc-7187dbc395f7	11	93205318	134423549	29518	-0.1214
cef12e73-9728-40de-8cdc-7187dbc395f7	11	134424235	134755445	295	-0.2902
cef12e73-9728-40de-8cdc-7187dbc395f7	11	134755564	134982384	178	-0.134
cef12e73-9728-40de-8cdc-7187dbc395f7	11	134983217	134987395	3	-1.4233
cef12e73-9728-40de-8cdc-7187dbc395f7	11	134987484	135074876	61	-0.1731
cef12e73-9728-40de-8cdc-7187dbc395f7	12	51460	201405	84	-0.1173
cef12e73-9728-40de-8cdc-7187dbc395f7	12	206267	218952	6	1.043
cef12e73-9728-40de-8cdc-7187dbc395f7	12	219474	9477960	6073	-0.1203
cef12e73-9728-40de-8cdc-7187dbc395f7	12	9481274	9575696	24	1.459
cef12e73-9728-40de-8cdc-7187dbc395f7	12	9582373	11066824	1031	-0.109
cef12e73-9728-40de-8cdc-7187dbc395f7	12	11068125	11108736	14	-1.162
cef12e73-9728-40de-8cdc-7187dbc395f7	12	11114232	16262764	3672	-0.1173
cef12e73-9728-40de-8cdc-7187dbc395f7	12	16266471	16268391	3	-1.8659
cef12e73-9728-40de-8cdc-7187dbc395f7	12	16275623	33148472	11815	-0.1162
cef12e73-9728-40de-8cdc-7187dbc395f7	12	33148492	33154031	24	-1.0843
cef12e73-9728-40de-8cdc-7187dbc395f7	12	33154144	45510655	5574	-0.1027
cef12e73-9728-40de-8cdc-7187dbc395f7	12	45512057	45515754	3	-2.0883
cef12e73-9728-40de-8cdc-7187dbc395f7	12	45519509	63716253	10668	-0.1043
cef12e73-9728-40de-8cdc-7187dbc395f7	12	63717757	63742874	10	-0.8879
cef12e73-9728-40de-8cdc-7187dbc395f7	12	63749408	80446147	10792	-0.0933
cef12e73-9728-40de-8cdc-7187dbc395f7	12	80446276	80456533	2	-2.7077
cef12e73-9728-40de-8cdc-7187dbc395f7	12	80458189	127949500	31019	-0.0983
cef12e73-9728-40de-8cdc-7187dbc395f7	12	127949763	130643445	2441	-0.1712
cef12e73-9728-40de-8cdc-7187dbc395f7	12	130643843	133201603	1373	-0.1066
cef12e73-9728-40de-8cdc-7187dbc395f7	13	18452809	18641821	27	0.1252
cef12e73-9728-40de-8cdc-7187dbc395f7	13	18647104	19547319	503	0.4236
cef12e73-9728-40de-8cdc-7187dbc395f7	13	19549755	19549770	2	-1.2291
cef12e73-9728-40de-8cdc-7187dbc395f7	13	19550361	20975999	819	0.4114
cef12e73-9728-40de-8cdc-7187dbc395f7	13	20976229	23058721	1503	0.2971
cef12e73-9728-40de-8cdc-7187dbc395f7	13	23058737	23059376	10	-0.3339
cef12e73-9728-40de-8cdc-7187dbc395f7	13	23064056	24518643	1190	0.2765
cef12e73-9728-40de-8cdc-7187dbc395f7	13	24519512	37501828	9402	-0.1787
cef12e73-9728-40de-8cdc-7187dbc395f7	13	37502130	37510620	12	-1.9098
cef12e73-9728-40de-8cdc-7187dbc395f7	13	37514193	52778906	9982	-0.1678
cef12e73-9728-40de-8cdc-7187dbc395f7	13	52785718	52789836	7	-1.2327
cef12e73-9728-40de-8cdc-7187dbc395f7	13	52792000	57184136	2504	-0.1568
cef12e73-9728-40de-8cdc-7187dbc395f7	13	57184155	57204246	33	-0.7991
cef12e73-9728-40de-8cdc-7187dbc395f7	13	57215580	68664023	6862	-0.1592
cef12e73-9728-40de-8cdc-7187dbc395f7	13	68667947	68690553	41	0.1804
cef12e73-9728-40de-8cdc-7187dbc395f7	13	68694110	98891644	19724	-0.165
cef12e73-9728-40de-8cdc-7187dbc395f7	13	98891879	100669702	1043	0.2828
cef12e73-9728-40de-8cdc-7187dbc395f7	13	100671839	103974905	2795	-0.1647
cef12e73-9728-40de-8cdc-7187dbc395f7	13	103975329	105491506	1202	0.0812
cef12e73-9728-40de-8cdc-7187dbc395f7	13	105493185	106397800	764	0.7551
cef12e73-9728-40de-8cdc-7187dbc395f7	13	106398315	107245262	622	1.0055
cef12e73-9728-40de-8cdc-7187dbc395f7	13	107248689	107249633	2	-0.6142
cef12e73-9728-40de-8cdc-7187dbc395f7	13	107249799	109340802	1736	0.9975
cef12e73-9728-40de-8cdc-7187dbc395f7	13	109340834	110584987	1066	0.7329
cef12e73-9728-40de-8cdc-7187dbc395f7	13	110585120	111164252	406	1.0031
cef12e73-9728-40de-8cdc-7187dbc395f7	13	111165318	112957040	1086	-0.4861
cef12e73-9728-40de-8cdc-7187dbc395f7	13	112957544	112999532	22	-0.779
cef12e73-9728-40de-8cdc-7187dbc395f7	13	113017050	113017083	2	-2.3708
cef12e73-9728-40de-8cdc-7187dbc395f7	13	113019631	114342922	572	-0.5267
cef12e73-9728-40de-8cdc-7187dbc395f7	14	18239283	19669187	62	0.2506
cef12e73-9728-40de-8cdc-7187dbc395f7	14	19675350	19964642	115	0.5258
cef12e73-9728-40de-8cdc-7187dbc395f7	14	19964829	20384611	282	0.1938
cef12e73-9728-40de-8cdc-7187dbc395f7	14	20384637	20507877	113	0.1002
cef12e73-9728-40de-8cdc-7187dbc395f7	14	20508303	20997529	363	-0.1808
cef12e73-9728-40de-8cdc-7187dbc395f7	14	20998622	30629078	6018	-0.0057
cef12e73-9728-40de-8cdc-7187dbc395f7	14	30632137	31418351	391	1.1469
cef12e73-9728-40de-8cdc-7187dbc395f7	14	31424411	33834508	1876	0.0105
cef12e73-9728-40de-8cdc-7187dbc395f7	14	33836389	34197734	237	0.7006
cef12e73-9728-40de-8cdc-7187dbc395f7	14	34200449	34402426	180	1.6518
cef12e73-9728-40de-8cdc-7187dbc395f7	14	34404552	34521938	52	1.051
cef12e73-9728-40de-8cdc-7187dbc395f7	14	34521995	34527440	6	0.1772
cef12e73-9728-40de-8cdc-7187dbc395f7	14	34527508	34842066	151	1.1639
cef12e73-9728-40de-8cdc-7187dbc395f7	14	34843708	36409179	872	1.7978
cef12e73-9728-40de-8cdc-7187dbc395f7	14	36411726	36527271	79	1.2668
cef12e73-9728-40de-8cdc-7187dbc395f7	14	36531251	37021723	446	0.0526
cef12e73-9728-40de-8cdc-7187dbc395f7	14	37025694	37032038	9	1.3184
cef12e73-9728-40de-8cdc-7187dbc395f7	14	37036245	38157833	592	0.0185
cef12e73-9728-40de-8cdc-7187dbc395f7	14	38160443	40435574	1350	-0.1889
cef12e73-9728-40de-8cdc-7187dbc395f7	14	40436598	40966008	342	0.2538
cef12e73-9728-40de-8cdc-7187dbc395f7	14	40966485	41515633	427	-0.1637
cef12e73-9728-40de-8cdc-7187dbc395f7	14	41524794	42527398	621	0.236
cef12e73-9728-40de-8cdc-7187dbc395f7	14	42528104	45804580	1808	-0.1661
cef12e73-9728-40de-8cdc-7187dbc395f7	14	45807340	45934348	77	0.2071
cef12e73-9728-40de-8cdc-7187dbc395f7	14	45937167	49308538	2017	-0.1581
cef12e73-9728-40de-8cdc-7187dbc395f7	14	49308680	51405235	1249	-0.073
cef12e73-9728-40de-8cdc-7187dbc395f7	14	51405736	58367674	4857	0.0994
cef12e73-9728-40de-8cdc-7187dbc395f7	14	58367867	59154349	520	-0.183
cef12e73-9728-40de-8cdc-7187dbc395f7	14	59154362	62000415	1675	0.1615
cef12e73-9728-40de-8cdc-7187dbc395f7	14	62000595	62248514	187	-0.1817
cef12e73-9728-40de-8cdc-7187dbc395f7	14	62249072	65765884	2285	0.1631
cef12e73-9728-40de-8cdc-7187dbc395f7	14	65766151	67742003	1059	-0.1771
cef12e73-9728-40de-8cdc-7187dbc395f7	14	67744266	68665547	607	0.1721
cef12e73-9728-40de-8cdc-7187dbc395f7	14	68669036	88094954	12836	-0.1789
cef12e73-9728-40de-8cdc-7187dbc395f7	14	88101573	88108760	4	-2.2117
cef12e73-9728-40de-8cdc-7187dbc395f7	14	88109798	106877229	11489	-0.1907
cef12e73-9728-40de-8cdc-7187dbc395f7	15	19811075	22299523	206	-0.1396
cef12e73-9728-40de-8cdc-7187dbc395f7	15	22385639	23199669	316	0.1386
cef12e73-9728-40de-8cdc-7187dbc395f7	15	23396367	24424598	674	-0.2946
cef12e73-9728-40de-8cdc-7187dbc395f7	15	24429604	24473026	33	-0.9058
cef12e73-9728-40de-8cdc-7187dbc395f7	15	24473449	30230885	3591	-0.2691
cef12e73-9728-40de-8cdc-7187dbc395f7	15	30231102	30307497	14	0.4944
cef12e73-9728-40de-8cdc-7187dbc395f7	15	30313650	76586021	28968	-0.2461
cef12e73-9728-40de-8cdc-7187dbc395f7	15	76598900	76603434	22	0.7275
cef12e73-9728-40de-8cdc-7187dbc395f7	15	76609838	83871429	4396	-0.2426
cef12e73-9728-40de-8cdc-7187dbc395f7	15	83871965	83874798	7	-1.4226
cef12e73-9728-40de-8cdc-7187dbc395f7	15	83878525	99962088	11626	-0.2474
cef12e73-9728-40de-8cdc-7187dbc395f7	15	99962160	100176119	217	-0.4456
cef12e73-9728-40de-8cdc-7187dbc395f7	15	100182082	101928837	1311	-0.2572
cef12e73-9728-40de-8cdc-7187dbc395f7	16	10777	391809	185	-0.2298
cef12e73-9728-40de-8cdc-7187dbc395f7	16	395897	16268505	11538	-0.1193
cef12e73-9728-40de-8cdc-7187dbc395f7	16	16269368	16614737	30	0.4368
cef12e73-9728-40de-8cdc-7187dbc395f7	16	16620150	18073660	975	-0.1829
cef12e73-9728-40de-8cdc-7187dbc395f7	16	18078624	18714714	35	0.6234
cef12e73-9728-40de-8cdc-7187dbc395f7	16	18730788	35210069	7360	-0.0979
cef12e73-9728-40de-8cdc-7187dbc395f7	16	35210725	35811680	257	-0.3341
cef12e73-9728-40de-8cdc-7187dbc395f7	16	35811910	55762477	6510	-0.232
cef12e73-9728-40de-8cdc-7187dbc395f7	16	55762598	55788532	21	-0.7863
cef12e73-9728-40de-8cdc-7187dbc395f7	16	55808442	62639467	4286	-0.2189
cef12e73-9728-40de-8cdc-7187dbc395f7	16	62639541	66338909	2742	-0.2919
cef12e73-9728-40de-8cdc-7187dbc395f7	16	66338983	76879667	5679	-0.2545
cef12e73-9728-40de-8cdc-7187dbc395f7	16	76879983	83995067	7854	-0.2941
cef12e73-9728-40de-8cdc-7187dbc395f7	16	83995248	84860675	789	-0.386
cef12e73-9728-40de-8cdc-7187dbc395f7	16	84860769	90096867	3486	-0.286
cef12e73-9728-40de-8cdc-7187dbc395f7	17	150733	21615833	12638	-0.1277
cef12e73-9728-40de-8cdc-7187dbc395f7	17	21620905	27068665	277	0.1325
cef12e73-9728-40de-8cdc-7187dbc395f7	17	27069120	29660223	1247	0.4528
cef12e73-9728-40de-8cdc-7187dbc395f7	17	29664186	33960978	2511	0.2773
cef12e73-9728-40de-8cdc-7187dbc395f7	17	33960990	34275518	287	0.4542
cef12e73-9728-40de-8cdc-7187dbc395f7	17	34275896	34359649	60	0.3169
cef12e73-9728-40de-8cdc-7187dbc395f7	17	34359668	34566778	247	0.1369
cef12e73-9728-40de-8cdc-7187dbc395f7	17	34567128	34571898	6	0.7428
cef12e73-9728-40de-8cdc-7187dbc395f7	17	34572233	35965973	814	0.2849
cef12e73-9728-40de-8cdc-7187dbc395f7	17	35966147	36476767	177	0.065
cef12e73-9728-40de-8cdc-7187dbc395f7	17	36480144	37004538	424	0.2825
cef12e73-9728-40de-8cdc-7187dbc395f7	17	37006748	38312348	551	0.0833
cef12e73-9728-40de-8cdc-7187dbc395f7	17	38314737	38542361	115	0.3127
cef12e73-9728-40de-8cdc-7187dbc395f7	17	38550545	40406865	878	0.0967
cef12e73-9728-40de-8cdc-7187dbc395f7	17	40408095	41251729	532	-0.1174
cef12e73-9728-40de-8cdc-7187dbc395f7	17	41257158	41276864	35	0.2465
cef12e73-9728-40de-8cdc-7187dbc395f7	17	41276907	41295789	22	-0.2587
cef12e73-9728-40de-8cdc-7187dbc395f7	17	41296187	41302314	4	-1.0954
cef12e73-9728-40de-8cdc-7187dbc395f7	17	41302641	42297717	573	-0.0786
cef12e73-9728-40de-8cdc-7187dbc395f7	17	42298824	43105199	426	0.1093
cef12e73-9728-40de-8cdc-7187dbc395f7	17	43105209	44311540	585	0.438
cef12e73-9728-40de-8cdc-7187dbc395f7	17	44312260	44611102	128	0.1297
cef12e73-9728-40de-8cdc-7187dbc395f7	17	44615145	44616498	3	-0.7029
cef12e73-9728-40de-8cdc-7187dbc395f7	17	44616999	45497555	400	0.1259
cef12e73-9728-40de-8cdc-7187dbc395f7	17	45508731	45571174	5	-1.0064
cef12e73-9728-40de-8cdc-7187dbc395f7	17	45577724	45815607	143	0.0607
cef12e73-9728-40de-8cdc-7187dbc395f7	17	45815790	47881145	916	-0.0865
cef12e73-9728-40de-8cdc-7187dbc395f7	17	47883296	51402681	1854	0.3092
cef12e73-9728-40de-8cdc-7187dbc395f7	17	51402945	57251852	4265	-0.1266
cef12e73-9728-40de-8cdc-7187dbc395f7	17	57258794	59927490	1478	0.2927
cef12e73-9728-40de-8cdc-7187dbc395f7	17	59928121	61038032	523	-0.1117
cef12e73-9728-40de-8cdc-7187dbc395f7	17	61040231	61052523	7	-1.0475
cef12e73-9728-40de-8cdc-7187dbc395f7	17	61053818	63411421	1139	-0.1219
cef12e73-9728-40de-8cdc-7187dbc395f7	17	63413883	64766141	633	0.2903
cef12e73-9728-40de-8cdc-7187dbc395f7	17	64769796	65206902	182	0.6028
cef12e73-9728-40de-8cdc-7187dbc395f7	17	65207926	66135168	616	0.7504
cef12e73-9728-40de-8cdc-7187dbc395f7	17	66135592	67788837	1146	0.6051
cef12e73-9728-40de-8cdc-7187dbc395f7	17	67795077	68393505	262	0.2563
cef12e73-9728-40de-8cdc-7187dbc395f7	17	68394683	69275799	607	-0.1432
cef12e73-9728-40de-8cdc-7187dbc395f7	17	69277261	69400600	59	0.2615
cef12e73-9728-40de-8cdc-7187dbc395f7	17	69401587	69929620	342	0.6115
cef12e73-9728-40de-8cdc-7187dbc395f7	17	69929665	70078554	115	0.3505
cef12e73-9728-40de-8cdc-7187dbc395f7	17	70081252	71090269	811	-0.1246
cef12e73-9728-40de-8cdc-7187dbc395f7	17	71090630	71644433	455	0.296
cef12e73-9728-40de-8cdc-7187dbc395f7	17	71648376	71993389	270	0.6084
cef12e73-9728-40de-8cdc-7187dbc395f7	17	71994059	73820787	1428	0.2863
cef12e73-9728-40de-8cdc-7187dbc395f7	17	73829384	74123676	220	0.1382
cef12e73-9728-40de-8cdc-7187dbc395f7	17	74127902	74788491	387	0.275
cef12e73-9728-40de-8cdc-7187dbc395f7	17	74788510	76397600	697	0.4568
cef12e73-9728-40de-8cdc-7187dbc395f7	17	76405270	76914310	302	0.0971
cef12e73-9728-40de-8cdc-7187dbc395f7	17	76917127	76919740	9	-0.553
cef12e73-9728-40de-8cdc-7187dbc395f7	17	76920005	76930670	9	-0.0332
cef12e73-9728-40de-8cdc-7187dbc395f7	17	76933916	76938036	4	-0.471
cef12e73-9728-40de-8cdc-7187dbc395f7	17	76938327	78040668	687	0.0881
cef12e73-9728-40de-8cdc-7187dbc395f7	17	78041127	78634082	338	-0.1344
cef12e73-9728-40de-8cdc-7187dbc395f7	17	78634453	79158854	297	0.1489
cef12e73-9728-40de-8cdc-7187dbc395f7	17	79159586	79232926	37	-0.2688
cef12e73-9728-40de-8cdc-7187dbc395f7	17	79233380	83010752	1730	0.1427
cef12e73-9728-40de-8cdc-7187dbc395f7	17	83011494	83091923	34	-0.0844
cef12e73-9728-40de-8cdc-7187dbc395f7	18	48133	1725757	1173	0.4287
cef12e73-9728-40de-8cdc-7187dbc395f7	18	1726602	3829144	1494	0.6199
cef12e73-9728-40de-8cdc-7187dbc395f7	18	3829406	20971897	7719	0.4372
cef12e73-9728-40de-8cdc-7187dbc395f7	18	20973647	23058130	1017	0.1751
cef12e73-9728-40de-8cdc-7187dbc395f7	18	23059491	23201366	86	0.3902
cef12e73-9728-40de-8cdc-7187dbc395f7	18	23202082	23209210	7	-0.7279
cef12e73-9728-40de-8cdc-7187dbc395f7	18	23209973	23623943	237	-0.133
cef12e73-9728-40de-8cdc-7187dbc395f7	18	23625602	24425932	500	0.0629
cef12e73-9728-40de-8cdc-7187dbc395f7	18	24425948	40678118	10479	-0.1249
cef12e73-9728-40de-8cdc-7187dbc395f7	18	40678132	40689534	34	0.3684
cef12e73-9728-40de-8cdc-7187dbc395f7	18	40689848	65441698	16993	-0.1213
cef12e73-9728-40de-8cdc-7187dbc395f7	18	65441836	73569353	5996	-0.0875
cef12e73-9728-40de-8cdc-7187dbc395f7	18	73569377	79513891	4482	-0.1384
cef12e73-9728-40de-8cdc-7187dbc395f7	18	79517719	80257174	377	-0.5155
cef12e73-9728-40de-8cdc-7187dbc395f7	19	90910	27375513	11159	-0.1057
cef12e73-9728-40de-8cdc-7187dbc395f7	19	27390278	28500385	676	-0.7081
cef12e73-9728-40de-8cdc-7187dbc395f7	19	28502553	35358407	4846	-0.0994
cef12e73-9728-40de-8cdc-7187dbc395f7	19	35358420	35370268	18	-0.6662
cef12e73-9728-40de-8cdc-7187dbc395f7	19	35370747	44666041	4833	-0.1105
cef12e73-9728-40de-8cdc-7187dbc395f7	19	44671727	45317927	265	0.0962
cef12e73-9728-40de-8cdc-7187dbc395f7	19	45322368	53764620	4452	-0.0885
cef12e73-9728-40de-8cdc-7187dbc395f7	19	53764821	53784549	10	0.7205
cef12e73-9728-40de-8cdc-7187dbc395f7	19	53785188	58222964	2631	-0.115
cef12e73-9728-40de-8cdc-7187dbc395f7	19	58223917	58586487	182	0.3003
cef12e73-9728-40de-8cdc-7187dbc395f7	20	80664	80941	9	0.8111
cef12e73-9728-40de-8cdc-7187dbc395f7	20	81034	84659	8	-0.0483
cef12e73-9728-40de-8cdc-7187dbc395f7	20	84916	30185676	19947	-0.3359
cef12e73-9728-40de-8cdc-7187dbc395f7	20	30193847	40169864	4972	-0.0113
cef12e73-9728-40de-8cdc-7187dbc395f7	20	40170943	63567905	17043	0.0563
cef12e73-9728-40de-8cdc-7187dbc395f7	20	63578528	64324800	321	-0.0106
cef12e73-9728-40de-8cdc-7187dbc395f7	21	10354168	10558331	52	0.1671
cef12e73-9728-40de-8cdc-7187dbc395f7	21	10559033	13099842	52	0.6269
cef12e73-9728-40de-8cdc-7187dbc395f7	21	13101978	21327172	5459	0.2122
cef12e73-9728-40de-8cdc-7187dbc395f7	21	21329525	21676927	243	0.3601
cef12e73-9728-40de-8cdc-7187dbc395f7	21	21677539	21677661	2	-0.8862
cef12e73-9728-40de-8cdc-7187dbc395f7	21	21678383	22905742	921	0.3818
cef12e73-9728-40de-8cdc-7187dbc395f7	21	22905766	23078513	162	0.554
cef12e73-9728-40de-8cdc-7187dbc395f7	21	23078526	28831033	4412	0.3383
cef12e73-9728-40de-8cdc-7187dbc395f7	21	28840396	29032634	138	0.0562
cef12e73-9728-40de-8cdc-7187dbc395f7	21	29033442	36196405	5025	0.112
cef12e73-9728-40de-8cdc-7187dbc395f7	21	36196566	39046662	2249	0.1819
cef12e73-9728-40de-8cdc-7187dbc395f7	21	39046903	44602612	3862	0.0589
cef12e73-9728-40de-8cdc-7187dbc395f7	21	44603656	44603796	4	1.1546
cef12e73-9728-40de-8cdc-7187dbc395f7	21	44603809	45242946	395	0.0838
cef12e73-9728-40de-8cdc-7187dbc395f7	21	45243875	45613720	194	-0.1006
cef12e73-9728-40de-8cdc-7187dbc395f7	21	45616962	46600188	563	0.0538
cef12e73-9728-40de-8cdc-7187dbc395f7	21	46601742	46603422	4	1.0879
cef12e73-9728-40de-8cdc-7187dbc395f7	21	46605881	46677045	62	-0.0203
cef12e73-9728-40de-8cdc-7187dbc395f7	22	15294547	18818348	1137	-0.0506
cef12e73-9728-40de-8cdc-7187dbc395f7	22	18822581	20317011	870	-0.1623
cef12e73-9728-40de-8cdc-7187dbc395f7	22	20317120	22655341	1562	0.0045
cef12e73-9728-40de-8cdc-7187dbc395f7	22	22655471	23431773	499	-0.1302
cef12e73-9728-40de-8cdc-7187dbc395f7	22	23432438	24481808	580	0.0353
cef12e73-9728-40de-8cdc-7187dbc395f7	22	24482250	24495387	11	-0.5628
cef12e73-9728-40de-8cdc-7187dbc395f7	22	24496892	24685371	86	-0.0254
cef12e73-9728-40de-8cdc-7187dbc395f7	22	24686148	24686548	2	-1.0665
cef12e73-9728-40de-8cdc-7187dbc395f7	22	24686567	25090269	305	0.0274
cef12e73-9728-40de-8cdc-7187dbc395f7	22	25090566	25308263	174	-0.149
cef12e73-9728-40de-8cdc-7187dbc395f7	22	25309347	25325879	14	0.3259
cef12e73-9728-40de-8cdc-7187dbc395f7	22	25330708	25339932	14	-0.3216
cef12e73-9728-40de-8cdc-7187dbc395f7	22	25339978	25340705	4	0.5391
cef12e73-9728-40de-8cdc-7187dbc395f7	22	25340707	25376452	53	-0.4052
cef12e73-9728-40de-8cdc-7187dbc395f7	22	25376626	31389295	4461	-0.1729
cef12e73-9728-40de-8cdc-7187dbc395f7	22	31393025	33778960	1853	-0.2414
cef12e73-9728-40de-8cdc-7187dbc395f7	22	33778975	33778986	2	-1.8493
cef12e73-9728-40de-8cdc-7187dbc395f7	22	33778998	38998468	3615	-0.2234
cef12e73-9728-40de-8cdc-7187dbc395f7	22	38999277	39007789	8	0.7795
cef12e73-9728-40de-8cdc-7187dbc395f7	22	39007816	48940621	6795	-0.2257
cef12e73-9728-40de-8cdc-7187dbc395f7	22	48942510	50710768	1158	-0.3577
cef12e73-9728-40de-8cdc-7187dbc395f7	22	50711900	50796027	32	-0.0553
cef12e73-9728-40de-8cdc-7187dbc395f7	X	251810	5870294	2413	-0.1117
cef12e73-9728-40de-8cdc-7187dbc395f7	X	5870473	10236845	3343	-0.2053
cef12e73-9728-40de-8cdc-7187dbc395f7	X	10237424	10658638	274	0.2347
cef12e73-9728-40de-8cdc-7187dbc395f7	X	10660118	11554480	502	0.4129
cef12e73-9728-40de-8cdc-7187dbc395f7	X	11554871	11806105	185	0.2351
cef12e73-9728-40de-8cdc-7187dbc395f7	X	11807080	18559510	4470	-0.1003
cef12e73-9728-40de-8cdc-7187dbc395f7	X	18562370	19110317	286	0.2563
cef12e73-9728-40de-8cdc-7187dbc395f7	X	19119877	21631864	1229	0.4498
cef12e73-9728-40de-8cdc-7187dbc395f7	X	21637212	24912868	2382	-0.0861
cef12e73-9728-40de-8cdc-7187dbc395f7	X	24916917	29385549	2804	-0.1412
cef12e73-9728-40de-8cdc-7187dbc395f7	X	29387154	30615426	806	-0.0988
cef12e73-9728-40de-8cdc-7187dbc395f7	X	30620206	31445190	550	0.2853
cef12e73-9728-40de-8cdc-7187dbc395f7	X	31445662	32633248	892	-0.1124
cef12e73-9728-40de-8cdc-7187dbc395f7	X	32633922	33763724	824	0.1307
cef12e73-9728-40de-8cdc-7187dbc395f7	X	33763797	34052170	203	-0.1284
cef12e73-9728-40de-8cdc-7187dbc395f7	X	34055308	34938661	581	0.3756
cef12e73-9728-40de-8cdc-7187dbc395f7	X	34939104	35100607	83	0.6114
cef12e73-9728-40de-8cdc-7187dbc395f7	X	35106832	36534372	848	0.3588
cef12e73-9728-40de-8cdc-7187dbc395f7	X	36535042	40706197	2385	-0.1461
cef12e73-9728-40de-8cdc-7187dbc395f7	X	40706592	43095803	1238	0.1039
cef12e73-9728-40de-8cdc-7187dbc395f7	X	43097266	44459572	786	-0.1453
cef12e73-9728-40de-8cdc-7187dbc395f7	X	44459944	45315565	402	0.0523
cef12e73-9728-40de-8cdc-7187dbc395f7	X	45316170	45341486	13	-0.1744
cef12e73-9728-40de-8cdc-7187dbc395f7	X	45344655	45923648	314	0.2189
cef12e73-9728-40de-8cdc-7187dbc395f7	X	45923705	45929042	4	-0.6906
cef12e73-9728-40de-8cdc-7187dbc395f7	X	45935054	46630395	350	0.2104
cef12e73-9728-40de-8cdc-7187dbc395f7	X	46634865	46834407	99	-0.1668
cef12e73-9728-40de-8cdc-7187dbc395f7	X	46834905	48082125	657	0.3053
cef12e73-9728-40de-8cdc-7187dbc395f7	X	48082372	48121492	27	-0.0198
cef12e73-9728-40de-8cdc-7187dbc395f7	X	48128795	49316820	468	0.2819
cef12e73-9728-40de-8cdc-7187dbc395f7	X	49317189	55953190	2725	-0.136
cef12e73-9728-40de-8cdc-7187dbc395f7	X	55954670	64289768	1668	-0.0712
cef12e73-9728-40de-8cdc-7187dbc395f7	X	64292292	68056581	1743	-0.1661
cef12e73-9728-40de-8cdc-7187dbc395f7	X	68057805	127178339	31038	0.0308
cef12e73-9728-40de-8cdc-7187dbc395f7	X	127178631	131319940	2288	0.0996
cef12e73-9728-40de-8cdc-7187dbc395f7	X	131320394	134860414	1777	0.018
cef12e73-9728-40de-8cdc-7187dbc395f7	X	134863728	151869339	10878	-0.005
cef12e73-9728-40de-8cdc-7187dbc395f7	X	151870250	151873772	5	-1.0507
cef12e73-9728-40de-8cdc-7187dbc395f7	X	151874334	152012514	93	-0.0203
cef12e73-9728-40de-8cdc-7187dbc395f7	X	152013074	152731128	362	0.0425
cef12e73-9728-40de-8cdc-7187dbc395f7	X	152731141	154735928	945	0.1479
cef12e73-9728-40de-8cdc-7187dbc395f7	X	154740034	155439991	275	0.2921
cef12e73-9728-40de-8cdc-7187dbc395f7	X	155442667	155952689	141	0.1082
cef12e73-9728-40de-8cdc-7187dbc395f7	Y	2782397	13478396	3265	-2.4666
cef12e73-9728-40de-8cdc-7187dbc395f7	Y	13478462	13482643	3	-6.9424
cef12e73-9728-40de-8cdc-7187dbc395f7	Y	13483009	56872112	3371	-2.5474
