GDC_Aliquot	Chromosome	Start	End	Num_Probes	Segment_Mean
0e6621cc-bb2f-4e62-a0d7-ad9c93ce5bd4	1	62920	266187	17	0.0688
0e6621cc-bb2f-4e62-a0d7-ad9c93ce5bd4	1	462795	599171	3	1.8593
0e6621cc-bb2f-4e62-a0d7-ad9c93ce5bd4	1	668210	9529354	4798	0.2575
0e6621cc-bb2f-4e62-a0d7-ad9c93ce5bd4	1	9536422	9536806	2	-1.6484
0e6621cc-bb2f-4e62-a0d7-ad9c93ce5bd4	1	9542315	16480031	3807	0.2491
0e6621cc-bb2f-4e62-a0d7-ad9c93ce5bd4	1	16480430	16877002	75	0.6646
0e6621cc-bb2f-4e62-a0d7-ad9c93ce5bd4	1	16883108	25256850	5313	0.2494
0e6621cc-bb2f-4e62-a0d7-ad9c93ce5bd4	1	25266637	25336819	25	0.8963
0e6621cc-bb2f-4e62-a0d7-ad9c93ce5bd4	1	25336853	28239050	1240	0.2891
0e6621cc-bb2f-4e62-a0d7-ad9c93ce5bd4	1	28239731	40344186	6802	0.2395
0e6621cc-bb2f-4e62-a0d7-ad9c93ce5bd4	1	40349245	40555364	108	0.3426
0e6621cc-bb2f-4e62-a0d7-ad9c93ce5bd4	1	40556404	40562538	4	-0.8821
0e6621cc-bb2f-4e62-a0d7-ad9c93ce5bd4	1	40563254	45672664	2961	0.2564
0e6621cc-bb2f-4e62-a0d7-ad9c93ce5bd4	1	45673980	60889725	9692	-0.5318
0e6621cc-bb2f-4e62-a0d7-ad9c93ce5bd4	1	60890295	60890385	2	-2.7602
0e6621cc-bb2f-4e62-a0d7-ad9c93ce5bd4	1	60893723	72303233	7870	-0.51
0e6621cc-bb2f-4e62-a0d7-ad9c93ce5bd4	1	72303253	72345450	44	-1.3253
0e6621cc-bb2f-4e62-a0d7-ad9c93ce5bd4	1	72345465	75810267	2088	-0.4526
0e6621cc-bb2f-4e62-a0d7-ad9c93ce5bd4	1	75811179	102260843	17195	-0.4933
0e6621cc-bb2f-4e62-a0d7-ad9c93ce5bd4	1	102261246	105470754	1632	-0.4336
0e6621cc-bb2f-4e62-a0d7-ad9c93ce5bd4	1	105476583	105479753	17	0.3065
0e6621cc-bb2f-4e62-a0d7-ad9c93ce5bd4	1	105481433	109679105	2632	-0.4813
0e6621cc-bb2f-4e62-a0d7-ad9c93ce5bd4	1	109684695	109697556	15	1.2466
0e6621cc-bb2f-4e62-a0d7-ad9c93ce5bd4	1	109702376	111289583	1220	-0.4899
0e6621cc-bb2f-4e62-a0d7-ad9c93ce5bd4	1	111291443	111291867	7	0.3933
0e6621cc-bb2f-4e62-a0d7-ad9c93ce5bd4	1	111292111	112147704	718	-0.5339
0e6621cc-bb2f-4e62-a0d7-ad9c93ce5bd4	1	112153343	112154619	23	-1.4101
0e6621cc-bb2f-4e62-a0d7-ad9c93ce5bd4	1	112154754	119981332	5031	-0.5146
0e6621cc-bb2f-4e62-a0d7-ad9c93ce5bd4	1	119984738	121431111	49	-0.0175
0e6621cc-bb2f-4e62-a0d7-ad9c93ce5bd4	1	121433808	121601998	71	-0.412
0e6621cc-bb2f-4e62-a0d7-ad9c93ce5bd4	1	121705338	148263512	937	0.6347
0e6621cc-bb2f-4e62-a0d7-ad9c93ce5bd4	1	148263635	152583051	1508	0.5317
0e6621cc-bb2f-4e62-a0d7-ad9c93ce5bd4	1	152583230	152614100	34	-1.4234
0e6621cc-bb2f-4e62-a0d7-ad9c93ce5bd4	1	152614118	153705466	832	0.5198
0e6621cc-bb2f-4e62-a0d7-ad9c93ce5bd4	1	153705621	153715580	3	1.7309
0e6621cc-bb2f-4e62-a0d7-ad9c93ce5bd4	1	153719014	174827267	14182	0.5309
0e6621cc-bb2f-4e62-a0d7-ad9c93ce5bd4	1	174827418	174832716	17	-0.4335
0e6621cc-bb2f-4e62-a0d7-ad9c93ce5bd4	1	174832734	187017759	8163	0.5292
0e6621cc-bb2f-4e62-a0d7-ad9c93ce5bd4	1	187019066	193186662	4080	0.5846
0e6621cc-bb2f-4e62-a0d7-ad9c93ce5bd4	1	193187149	193187218	4	-0.5435
0e6621cc-bb2f-4e62-a0d7-ad9c93ce5bd4	1	193190593	196745743	2395	0.5929
0e6621cc-bb2f-4e62-a0d7-ad9c93ce5bd4	1	196758720	196832525	57	-0.2917
0e6621cc-bb2f-4e62-a0d7-ad9c93ce5bd4	1	196832720	196846661	4	1.7556
0e6621cc-bb2f-4e62-a0d7-ad9c93ce5bd4	1	196847600	199808621	1808	0.5837
0e6621cc-bb2f-4e62-a0d7-ad9c93ce5bd4	1	199809515	204543459	3214	0.5042
0e6621cc-bb2f-4e62-a0d7-ad9c93ce5bd4	1	204543476	204592489	62	0.2899
0e6621cc-bb2f-4e62-a0d7-ad9c93ce5bd4	1	204593267	207399886	1695	0.5239
0e6621cc-bb2f-4e62-a0d7-ad9c93ce5bd4	1	207399990	207400042	2	1.7709
0e6621cc-bb2f-4e62-a0d7-ad9c93ce5bd4	1	207400303	209897717	2007	0.5184
0e6621cc-bb2f-4e62-a0d7-ad9c93ce5bd4	1	209908268	209908720	2	-1.6613
0e6621cc-bb2f-4e62-a0d7-ad9c93ce5bd4	1	209910639	212826477	1947	0.5131
0e6621cc-bb2f-4e62-a0d7-ad9c93ce5bd4	1	212831113	212837094	8	-0.3041
0e6621cc-bb2f-4e62-a0d7-ad9c93ce5bd4	1	212841111	214464465	1141	0.5223
0e6621cc-bb2f-4e62-a0d7-ad9c93ce5bd4	1	214465093	214465114	2	-1.2585
0e6621cc-bb2f-4e62-a0d7-ad9c93ce5bd4	1	214465910	220812486	4500	0.5649
0e6621cc-bb2f-4e62-a0d7-ad9c93ce5bd4	1	220815148	237263249	11186	0.5252
0e6621cc-bb2f-4e62-a0d7-ad9c93ce5bd4	1	237264044	238691981	1183	0.5613
0e6621cc-bb2f-4e62-a0d7-ad9c93ce5bd4	1	238692338	238692794	3	-0.8563
0e6621cc-bb2f-4e62-a0d7-ad9c93ce5bd4	1	238699149	245721469	5040	0.5429
0e6621cc-bb2f-4e62-a0d7-ad9c93ce5bd4	1	245726031	247147087	983	0.2997
0e6621cc-bb2f-4e62-a0d7-ad9c93ce5bd4	1	247149096	247642766	317	0.5292
0e6621cc-bb2f-4e62-a0d7-ad9c93ce5bd4	1	247643628	248359594	464	0.6485
0e6621cc-bb2f-4e62-a0d7-ad9c93ce5bd4	1	248360252	248550567	74	0.4863
0e6621cc-bb2f-4e62-a0d7-ad9c93ce5bd4	1	248572774	248645808	36	0.0136
0e6621cc-bb2f-4e62-a0d7-ad9c93ce5bd4	1	248646068	248930189	139	0.5777
0e6621cc-bb2f-4e62-a0d7-ad9c93ce5bd4	2	12784	1751160	1132	0.0028
0e6621cc-bb2f-4e62-a0d7-ad9c93ce5bd4	2	1751351	3201202	1120	-0.1054
0e6621cc-bb2f-4e62-a0d7-ad9c93ce5bd4	2	3204763	3263267	52	0.1667
0e6621cc-bb2f-4e62-a0d7-ad9c93ce5bd4	2	3263281	4158097	680	-0.0964
0e6621cc-bb2f-4e62-a0d7-ad9c93ce5bd4	2	4166274	4176429	42	-0.6567
0e6621cc-bb2f-4e62-a0d7-ad9c93ce5bd4	2	4182472	35750907	21970	-0.0688
0e6621cc-bb2f-4e62-a0d7-ad9c93ce5bd4	2	35752724	35762881	7	1.1985
0e6621cc-bb2f-4e62-a0d7-ad9c93ce5bd4	2	35772407	37306230	1235	-0.0561
0e6621cc-bb2f-4e62-a0d7-ad9c93ce5bd4	2	37309881	38033607	562	0.0495
0e6621cc-bb2f-4e62-a0d7-ad9c93ce5bd4	2	38033887	39896764	1186	-0.0914
0e6621cc-bb2f-4e62-a0d7-ad9c93ce5bd4	2	39901737	41696208	1496	-0.0189
0e6621cc-bb2f-4e62-a0d7-ad9c93ce5bd4	2	41699605	42406144	585	-0.0893
0e6621cc-bb2f-4e62-a0d7-ad9c93ce5bd4	2	42408238	42419010	8	-1.1728
0e6621cc-bb2f-4e62-a0d7-ad9c93ce5bd4	2	42423068	52537091	7066	-0.0518
0e6621cc-bb2f-4e62-a0d7-ad9c93ce5bd4	2	52537117	52554188	16	-0.7953
0e6621cc-bb2f-4e62-a0d7-ad9c93ce5bd4	2	52554236	58591335	4214	-0.027
0e6621cc-bb2f-4e62-a0d7-ad9c93ce5bd4	2	58591353	76124290	10974	-0.0663
0e6621cc-bb2f-4e62-a0d7-ad9c93ce5bd4	2	76128839	87117615	6822	-0.0326
0e6621cc-bb2f-4e62-a0d7-ad9c93ce5bd4	2	87134049	87747102	117	0.5373
0e6621cc-bb2f-4e62-a0d7-ad9c93ce5bd4	2	87835245	88971739	568	-0.0861
0e6621cc-bb2f-4e62-a0d7-ad9c93ce5bd4	2	88975303	90053181	129	0.0936
0e6621cc-bb2f-4e62-a0d7-ad9c93ce5bd4	2	90053630	90071909	8	-0.4686
0e6621cc-bb2f-4e62-a0d7-ad9c93ce5bd4	2	90075138	95416225	395	0.1958
0e6621cc-bb2f-4e62-a0d7-ad9c93ce5bd4	2	95416301	95736378	85	0.4517
0e6621cc-bb2f-4e62-a0d7-ad9c93ce5bd4	2	95740688	97157088	499	0.249
0e6621cc-bb2f-4e62-a0d7-ad9c93ce5bd4	2	97160405	97355911	42	0.5709
0e6621cc-bb2f-4e62-a0d7-ad9c93ce5bd4	2	97357159	111541447	8232	0.2565
0e6621cc-bb2f-4e62-a0d7-ad9c93ce5bd4	2	111553264	111616265	13	0.8171
0e6621cc-bb2f-4e62-a0d7-ad9c93ce5bd4	2	111617900	112918804	699	0.2485
0e6621cc-bb2f-4e62-a0d7-ad9c93ce5bd4	2	112918994	117574253	2851	0.3086
0e6621cc-bb2f-4e62-a0d7-ad9c93ce5bd4	2	117576424	123327886	3742	0.2389
0e6621cc-bb2f-4e62-a0d7-ad9c93ce5bd4	2	123328233	126235674	1821	0.3369
0e6621cc-bb2f-4e62-a0d7-ad9c93ce5bd4	2	126236093	127094445	593	0.2318
0e6621cc-bb2f-4e62-a0d7-ad9c93ce5bd4	2	127099470	127100187	2	-0.9584
0e6621cc-bb2f-4e62-a0d7-ad9c93ce5bd4	2	127100370	130026710	1917	0.2572
0e6621cc-bb2f-4e62-a0d7-ad9c93ce5bd4	2	130031187	130280612	54	0.5414
0e6621cc-bb2f-4e62-a0d7-ad9c93ce5bd4	2	130281566	132002227	593	0.2602
0e6621cc-bb2f-4e62-a0d7-ad9c93ce5bd4	2	132002751	132605398	279	0.3683
0e6621cc-bb2f-4e62-a0d7-ad9c93ce5bd4	2	132608580	136756499	2767	0.265
0e6621cc-bb2f-4e62-a0d7-ad9c93ce5bd4	2	136756835	146104517	5849	0.3047
0e6621cc-bb2f-4e62-a0d7-ad9c93ce5bd4	2	146106836	146109366	24	0.9604
0e6621cc-bb2f-4e62-a0d7-ad9c93ce5bd4	2	146120238	153183720	4358	0.2715
0e6621cc-bb2f-4e62-a0d7-ad9c93ce5bd4	2	153186039	158319826	2931	0.3137
0e6621cc-bb2f-4e62-a0d7-ad9c93ce5bd4	2	158321477	183929124	15997	0.2765
0e6621cc-bb2f-4e62-a0d7-ad9c93ce5bd4	2	183929673	183937576	15	-0.5032
0e6621cc-bb2f-4e62-a0d7-ad9c93ce5bd4	2	183937588	196253773	6934	0.3046
0e6621cc-bb2f-4e62-a0d7-ad9c93ce5bd4	2	196255322	207490231	6740	0.266
0e6621cc-bb2f-4e62-a0d7-ad9c93ce5bd4	2	207490454	207494612	16	-0.7168
0e6621cc-bb2f-4e62-a0d7-ad9c93ce5bd4	2	207494752	214697209	4574	0.3005
0e6621cc-bb2f-4e62-a0d7-ad9c93ce5bd4	2	214697853	221606293	4528	0.2547
0e6621cc-bb2f-4e62-a0d7-ad9c93ce5bd4	2	221606740	221606796	2	1.8988
0e6621cc-bb2f-4e62-a0d7-ad9c93ce5bd4	2	221607842	227375482	3815	0.2735
0e6621cc-bb2f-4e62-a0d7-ad9c93ce5bd4	2	227381813	227389512	5	1.1709
0e6621cc-bb2f-4e62-a0d7-ad9c93ce5bd4	2	227389556	241531662	8968	0.2514
0e6621cc-bb2f-4e62-a0d7-ad9c93ce5bd4	2	241531780	242125399	191	0.3795
0e6621cc-bb2f-4e62-a0d7-ad9c93ce5bd4	2	242126223	242147305	3	-0.1808
0e6621cc-bb2f-4e62-a0d7-ad9c93ce5bd4	3	20930	1286777	1077	-0.0177
0e6621cc-bb2f-4e62-a0d7-ad9c93ce5bd4	3	1286790	2741021	1301	0.0493
0e6621cc-bb2f-4e62-a0d7-ad9c93ce5bd4	3	2741660	4062494	1275	-0.045
0e6621cc-bb2f-4e62-a0d7-ad9c93ce5bd4	3	4062797	4298691	200	0.114
0e6621cc-bb2f-4e62-a0d7-ad9c93ce5bd4	3	4300669	5488185	977	-0.0791
0e6621cc-bb2f-4e62-a0d7-ad9c93ce5bd4	3	5489804	7403943	1670	0.0116
0e6621cc-bb2f-4e62-a0d7-ad9c93ce5bd4	3	7405637	8948676	1370	-0.0446
0e6621cc-bb2f-4e62-a0d7-ad9c93ce5bd4	3	8949351	16194636	5015	-0.0752
0e6621cc-bb2f-4e62-a0d7-ad9c93ce5bd4	3	16195240	16199877	11	0.5154
0e6621cc-bb2f-4e62-a0d7-ad9c93ce5bd4	3	16202089	17225109	712	-0.0725
0e6621cc-bb2f-4e62-a0d7-ad9c93ce5bd4	3	17227777	37935926	14010	-0.0399
0e6621cc-bb2f-4e62-a0d7-ad9c93ce5bd4	3	37940617	37945392	17	-1.3097
0e6621cc-bb2f-4e62-a0d7-ad9c93ce5bd4	3	37945437	46008216	5054	-0.068
0e6621cc-bb2f-4e62-a0d7-ad9c93ce5bd4	3	46008344	46016746	7	-1.0445
0e6621cc-bb2f-4e62-a0d7-ad9c93ce5bd4	3	46016764	59746285	7598	-0.0706
0e6621cc-bb2f-4e62-a0d7-ad9c93ce5bd4	3	59746822	60607127	1030	0.0128
0e6621cc-bb2f-4e62-a0d7-ad9c93ce5bd4	3	60607295	60607409	2	-2.3364
0e6621cc-bb2f-4e62-a0d7-ad9c93ce5bd4	3	60610610	61010548	402	0.0564
0e6621cc-bb2f-4e62-a0d7-ad9c93ce5bd4	3	61015254	65203803	3569	-0.0648
0e6621cc-bb2f-4e62-a0d7-ad9c93ce5bd4	3	65203969	65234820	62	0.183
0e6621cc-bb2f-4e62-a0d7-ad9c93ce5bd4	3	65237197	68697013	2408	-0.0597
0e6621cc-bb2f-4e62-a0d7-ad9c93ce5bd4	3	68697108	68698262	14	1.3335
0e6621cc-bb2f-4e62-a0d7-ad9c93ce5bd4	3	68699607	69987610	1095	-0.0566
0e6621cc-bb2f-4e62-a0d7-ad9c93ce5bd4	3	69987966	69991393	6	0.8026
0e6621cc-bb2f-4e62-a0d7-ad9c93ce5bd4	3	69992952	75400463	3775	-0.0641
0e6621cc-bb2f-4e62-a0d7-ad9c93ce5bd4	3	75400682	75511990	52	0.249
0e6621cc-bb2f-4e62-a0d7-ad9c93ce5bd4	3	75519398	75547095	9	1.0213
0e6621cc-bb2f-4e62-a0d7-ad9c93ce5bd4	3	75559488	75782481	47	0.2739
0e6621cc-bb2f-4e62-a0d7-ad9c93ce5bd4	3	75793727	84649532	4927	-0.0192
0e6621cc-bb2f-4e62-a0d7-ad9c93ce5bd4	3	84649683	84653449	23	0.431
0e6621cc-bb2f-4e62-a0d7-ad9c93ce5bd4	3	84657133	122900445	20408	-0.0324
0e6621cc-bb2f-4e62-a0d7-ad9c93ce5bd4	3	122902265	128548375	3613	-0.0928
0e6621cc-bb2f-4e62-a0d7-ad9c93ce5bd4	3	128551050	130041779	695	-0.0512
0e6621cc-bb2f-4e62-a0d7-ad9c93ce5bd4	3	130044016	130092419	46	0.6377
0e6621cc-bb2f-4e62-a0d7-ad9c93ce5bd4	3	130092428	130375478	140	-0.0254
0e6621cc-bb2f-4e62-a0d7-ad9c93ce5bd4	3	130377713	130377726	2	1.4996
0e6621cc-bb2f-4e62-a0d7-ad9c93ce5bd4	3	130378038	143183050	7885	-0.0594
0e6621cc-bb2f-4e62-a0d7-ad9c93ce5bd4	3	143183223	148897921	3661	-0.0086
0e6621cc-bb2f-4e62-a0d7-ad9c93ce5bd4	3	148898017	162790480	8559	-0.0451
0e6621cc-bb2f-4e62-a0d7-ad9c93ce5bd4	3	162794869	162807070	12	-0.8648
0e6621cc-bb2f-4e62-a0d7-ad9c93ce5bd4	3	162810842	162822702	10	0.4535
0e6621cc-bb2f-4e62-a0d7-ad9c93ce5bd4	3	162827928	162908207	48	-0.6
0e6621cc-bb2f-4e62-a0d7-ad9c93ce5bd4	3	162908784	167787844	2688	0.0033
0e6621cc-bb2f-4e62-a0d7-ad9c93ce5bd4	3	167792684	171204570	2118	-0.0681
0e6621cc-bb2f-4e62-a0d7-ad9c93ce5bd4	3	171209872	178307940	4671	-0.0213
0e6621cc-bb2f-4e62-a0d7-ad9c93ce5bd4	3	178313576	179046865	437	-0.5037
0e6621cc-bb2f-4e62-a0d7-ad9c93ce5bd4	3	179063469	184326734	3003	-0.0431
0e6621cc-bb2f-4e62-a0d7-ad9c93ce5bd4	3	184331611	185634894	689	-0.5316
0e6621cc-bb2f-4e62-a0d7-ad9c93ce5bd4	3	185638214	186668350	781	-0.0785
0e6621cc-bb2f-4e62-a0d7-ad9c93ce5bd4	3	186668636	186711219	59	0.1447
0e6621cc-bb2f-4e62-a0d7-ad9c93ce5bd4	3	186716473	187869587	871	-0.0777
0e6621cc-bb2f-4e62-a0d7-ad9c93ce5bd4	3	187869686	187876304	6	0.7916
0e6621cc-bb2f-4e62-a0d7-ad9c93ce5bd4	3	187877176	193160113	3832	-0.0485
0e6621cc-bb2f-4e62-a0d7-ad9c93ce5bd4	3	193160173	193165114	19	1.1952
0e6621cc-bb2f-4e62-a0d7-ad9c93ce5bd4	3	193168646	193298490	89	0.0298
0e6621cc-bb2f-4e62-a0d7-ad9c93ce5bd4	3	193300896	196667647	1856	-0.0757
0e6621cc-bb2f-4e62-a0d7-ad9c93ce5bd4	3	196670561	198169247	745	0.0128
0e6621cc-bb2f-4e62-a0d7-ad9c93ce5bd4	4	68929	1790291	627	0.0123
0e6621cc-bb2f-4e62-a0d7-ad9c93ce5bd4	4	1791556	1796125	2	-1.7152
0e6621cc-bb2f-4e62-a0d7-ad9c93ce5bd4	4	1796225	3884081	940	-0.0218
0e6621cc-bb2f-4e62-a0d7-ad9c93ce5bd4	4	3896017	4176082	76	0.2196
0e6621cc-bb2f-4e62-a0d7-ad9c93ce5bd4	4	4180275	10221792	4058	-0.0287
0e6621cc-bb2f-4e62-a0d7-ad9c93ce5bd4	4	10222004	10232642	29	-1.6971
0e6621cc-bb2f-4e62-a0d7-ad9c93ce5bd4	4	10232984	10233644	5	-0.5252
0e6621cc-bb2f-4e62-a0d7-ad9c93ce5bd4	4	10234518	14194917	3166	0.0005
0e6621cc-bb2f-4e62-a0d7-ad9c93ce5bd4	4	14198475	14198567	2	-1.5034
0e6621cc-bb2f-4e62-a0d7-ad9c93ce5bd4	4	14199885	27777538	9484	0.007
0e6621cc-bb2f-4e62-a0d7-ad9c93ce5bd4	4	27781445	27783535	5	-0.867
0e6621cc-bb2f-4e62-a0d7-ad9c93ce5bd4	4	27789246	35782177	4961	0.0476
0e6621cc-bb2f-4e62-a0d7-ad9c93ce5bd4	4	35783398	49152752	8357	0.0192
0e6621cc-bb2f-4e62-a0d7-ad9c93ce5bd4	4	49159741	49656206	24	0.5331
0e6621cc-bb2f-4e62-a0d7-ad9c93ce5bd4	4	49656595	52872244	566	-0.0168
0e6621cc-bb2f-4e62-a0d7-ad9c93ce5bd4	4	52872349	52872357	2	-2.6864
0e6621cc-bb2f-4e62-a0d7-ad9c93ce5bd4	4	52873095	56677910	2616	-0.0175
0e6621cc-bb2f-4e62-a0d7-ad9c93ce5bd4	4	56678044	56678070	3	1.0026
0e6621cc-bb2f-4e62-a0d7-ad9c93ce5bd4	4	56678119	57728249	830	0.0013
0e6621cc-bb2f-4e62-a0d7-ad9c93ce5bd4	4	57730494	60631418	1776	0.0603
0e6621cc-bb2f-4e62-a0d7-ad9c93ce5bd4	4	60635111	60635552	2	-1.6172
0e6621cc-bb2f-4e62-a0d7-ad9c93ce5bd4	4	60638258	63281375	1458	0.0466
0e6621cc-bb2f-4e62-a0d7-ad9c93ce5bd4	4	63285942	63286195	2	-1.2789
0e6621cc-bb2f-4e62-a0d7-ad9c93ce5bd4	4	63288849	63831812	311	0.1137
0e6621cc-bb2f-4e62-a0d7-ad9c93ce5bd4	4	63831891	63839810	13	0.6498
0e6621cc-bb2f-4e62-a0d7-ad9c93ce5bd4	4	63839893	68880076	3053	0.0516
0e6621cc-bb2f-4e62-a0d7-ad9c93ce5bd4	4	68884032	68884070	2	-1.6658
0e6621cc-bb2f-4e62-a0d7-ad9c93ce5bd4	4	68886430	69155742	167	0.0639
0e6621cc-bb2f-4e62-a0d7-ad9c93ce5bd4	4	69163466	69385210	108	0.2966
0e6621cc-bb2f-4e62-a0d7-ad9c93ce5bd4	4	69386698	70119308	471	0.0752
0e6621cc-bb2f-4e62-a0d7-ad9c93ce5bd4	4	70119484	73403971	1881	0.0203
0e6621cc-bb2f-4e62-a0d7-ad9c93ce5bd4	4	73406448	76712911	2135	0.3636
0e6621cc-bb2f-4e62-a0d7-ad9c93ce5bd4	4	76715490	76773914	43	0.6352
0e6621cc-bb2f-4e62-a0d7-ad9c93ce5bd4	4	76781818	77512417	649	0.3589
0e6621cc-bb2f-4e62-a0d7-ad9c93ce5bd4	4	77513892	114252544	22126	-0.0383
0e6621cc-bb2f-4e62-a0d7-ad9c93ce5bd4	4	114254167	114254223	4	1.4487
0e6621cc-bb2f-4e62-a0d7-ad9c93ce5bd4	4	114254238	114258385	13	0.6735
0e6621cc-bb2f-4e62-a0d7-ad9c93ce5bd4	4	114258482	114261019	6	1.3356
0e6621cc-bb2f-4e62-a0d7-ad9c93ce5bd4	4	114263073	114725254	308	-0.0175
0e6621cc-bb2f-4e62-a0d7-ad9c93ce5bd4	4	114734335	115636150	550	-0.4418
0e6621cc-bb2f-4e62-a0d7-ad9c93ce5bd4	4	115636536	121360818	3478	-0.0221
0e6621cc-bb2f-4e62-a0d7-ad9c93ce5bd4	4	121361313	121362996	23	-1.0457
0e6621cc-bb2f-4e62-a0d7-ad9c93ce5bd4	4	121363014	124538250	1735	-0.0508
0e6621cc-bb2f-4e62-a0d7-ad9c93ce5bd4	4	124539196	124541780	3	-1.5065
0e6621cc-bb2f-4e62-a0d7-ad9c93ce5bd4	4	124541870	129141596	2620	-0.0314
0e6621cc-bb2f-4e62-a0d7-ad9c93ce5bd4	4	129146391	129147005	2	-2.2516
0e6621cc-bb2f-4e62-a0d7-ad9c93ce5bd4	4	129151408	137768719	4981	0.0013
0e6621cc-bb2f-4e62-a0d7-ad9c93ce5bd4	4	137768884	155673116	10843	-0.0544
0e6621cc-bb2f-4e62-a0d7-ad9c93ce5bd4	4	155673210	168034700	7900	-0.0203
0e6621cc-bb2f-4e62-a0d7-ad9c93ce5bd4	4	168041037	168042363	7	-0.9187
0e6621cc-bb2f-4e62-a0d7-ad9c93ce5bd4	4	168042608	168064315	31	0.2518
0e6621cc-bb2f-4e62-a0d7-ad9c93ce5bd4	4	168064410	170323657	1458	-0.0652
0e6621cc-bb2f-4e62-a0d7-ad9c93ce5bd4	4	170324078	170365943	25	0.3363
0e6621cc-bb2f-4e62-a0d7-ad9c93ce5bd4	4	170366099	171448195	675	-0.0216
0e6621cc-bb2f-4e62-a0d7-ad9c93ce5bd4	4	171453733	171456625	12	0.9878
0e6621cc-bb2f-4e62-a0d7-ad9c93ce5bd4	4	171459220	190106768	12487	-0.0189
0e6621cc-bb2f-4e62-a0d7-ad9c93ce5bd4	5	15532	15387314	11972	-0.0612
0e6621cc-bb2f-4e62-a0d7-ad9c93ce5bd4	5	15390500	20506802	3222	-0.0216
0e6621cc-bb2f-4e62-a0d7-ad9c93ce5bd4	5	20507006	20560639	40	0.306
0e6621cc-bb2f-4e62-a0d7-ad9c93ce5bd4	5	20561417	21449167	467	0.0119
0e6621cc-bb2f-4e62-a0d7-ad9c93ce5bd4	5	21451091	21451168	2	-1.1181
0e6621cc-bb2f-4e62-a0d7-ad9c93ce5bd4	5	21451855	21451889	2	-2.7202
0e6621cc-bb2f-4e62-a0d7-ad9c93ce5bd4	5	21452329	30650833	5379	-0.0067
0e6621cc-bb2f-4e62-a0d7-ad9c93ce5bd4	5	30651205	33974400	2436	-0.0707
0e6621cc-bb2f-4e62-a0d7-ad9c93ce5bd4	5	33974571	34778252	450	0.094
0e6621cc-bb2f-4e62-a0d7-ad9c93ce5bd4	5	34781746	37463644	1689	-0.0656
0e6621cc-bb2f-4e62-a0d7-ad9c93ce5bd4	5	37468260	37506230	17	0.4476
0e6621cc-bb2f-4e62-a0d7-ad9c93ce5bd4	5	37506492	39682430	1592	-0.0648
0e6621cc-bb2f-4e62-a0d7-ad9c93ce5bd4	5	39691505	39692063	2	-1.3663
0e6621cc-bb2f-4e62-a0d7-ad9c93ce5bd4	5	39692230	45343708	3089	-0.0482
0e6621cc-bb2f-4e62-a0d7-ad9c93ce5bd4	5	45345801	50696596	521	0.0519
0e6621cc-bb2f-4e62-a0d7-ad9c93ce5bd4	5	50696717	69528390	12170	-0.0501
0e6621cc-bb2f-4e62-a0d7-ad9c93ce5bd4	5	69529174	71358245	30	0.5047
0e6621cc-bb2f-4e62-a0d7-ad9c93ce5bd4	5	71364924	82079206	6859	-0.0716
0e6621cc-bb2f-4e62-a0d7-ad9c93ce5bd4	5	82085460	121597282	24352	-0.0284
0e6621cc-bb2f-4e62-a0d7-ad9c93ce5bd4	5	121600538	121600905	4	-1.4572
0e6621cc-bb2f-4e62-a0d7-ad9c93ce5bd4	5	121608865	132091468	6392	-0.0382
0e6621cc-bb2f-4e62-a0d7-ad9c93ce5bd4	5	132093587	152135825	12677	-0.0679
0e6621cc-bb2f-4e62-a0d7-ad9c93ce5bd4	5	152135909	152140710	14	-0.8413
0e6621cc-bb2f-4e62-a0d7-ad9c93ce5bd4	5	152140861	156154727	2733	-0.0523
0e6621cc-bb2f-4e62-a0d7-ad9c93ce5bd4	5	156155758	156156127	2	-1.5889
0e6621cc-bb2f-4e62-a0d7-ad9c93ce5bd4	5	156162642	161166741	3474	-0.0638
0e6621cc-bb2f-4e62-a0d7-ad9c93ce5bd4	5	161166878	167001241	3764	-0.0156
0e6621cc-bb2f-4e62-a0d7-ad9c93ce5bd4	5	167007593	178680821	7941	-0.0752
0e6621cc-bb2f-4e62-a0d7-ad9c93ce5bd4	5	178682974	178686162	3	-1.5482
0e6621cc-bb2f-4e62-a0d7-ad9c93ce5bd4	5	178691854	180947523	1346	-0.0647
0e6621cc-bb2f-4e62-a0d7-ad9c93ce5bd4	5	180951710	181006225	20	-0.6731
0e6621cc-bb2f-4e62-a0d7-ad9c93ce5bd4	5	181006264	181363319	169	0.0176
0e6621cc-bb2f-4e62-a0d7-ad9c93ce5bd4	6	149661	249810	90	0.361
0e6621cc-bb2f-4e62-a0d7-ad9c93ce5bd4	6	250561	350620	76	0.7538
0e6621cc-bb2f-4e62-a0d7-ad9c93ce5bd4	6	351304	1007188	580	0.4047
0e6621cc-bb2f-4e62-a0d7-ad9c93ce5bd4	6	1008068	24655172	18131	0.3104
0e6621cc-bb2f-4e62-a0d7-ad9c93ce5bd4	6	24658944	29869295	2778	0.343
0e6621cc-bb2f-4e62-a0d7-ad9c93ce5bd4	6	29869410	29980974	65	0.6025
0e6621cc-bb2f-4e62-a0d7-ad9c93ce5bd4	6	29983234	31318528	617	0.3572
0e6621cc-bb2f-4e62-a0d7-ad9c93ce5bd4	6	31318754	31328674	9	-1.1746
0e6621cc-bb2f-4e62-a0d7-ad9c93ce5bd4	6	31342147	32486746	503	0.3811
0e6621cc-bb2f-4e62-a0d7-ad9c93ce5bd4	6	32488906	32634330	48	-0.4003
0e6621cc-bb2f-4e62-a0d7-ad9c93ce5bd4	6	32634492	32718419	48	0.462
0e6621cc-bb2f-4e62-a0d7-ad9c93ce5bd4	6	32720838	32721076	3	-1.3473
0e6621cc-bb2f-4e62-a0d7-ad9c93ce5bd4	6	32721547	32723053	8	-0.1645
0e6621cc-bb2f-4e62-a0d7-ad9c93ce5bd4	6	32732907	45134813	7840	0.3042
0e6621cc-bb2f-4e62-a0d7-ad9c93ce5bd4	6	45138948	45146133	2	-1.5206
0e6621cc-bb2f-4e62-a0d7-ad9c93ce5bd4	6	45148411	58432750	8033	0.3318
0e6621cc-bb2f-4e62-a0d7-ad9c93ce5bd4	6	60351931	61537987	345	-0.2497
0e6621cc-bb2f-4e62-a0d7-ad9c93ce5bd4	6	61539254	66298393	2761	-0.3985
0e6621cc-bb2f-4e62-a0d7-ad9c93ce5bd4	6	66299130	66338736	55	-1.9626
0e6621cc-bb2f-4e62-a0d7-ad9c93ce5bd4	6	66339513	73882142	4994	-0.4265
0e6621cc-bb2f-4e62-a0d7-ad9c93ce5bd4	6	73882509	73887625	9	-1.3158
0e6621cc-bb2f-4e62-a0d7-ad9c93ce5bd4	6	73891694	76305231	1471	-0.4301
0e6621cc-bb2f-4e62-a0d7-ad9c93ce5bd4	6	76307183	76307360	8	0.4865
0e6621cc-bb2f-4e62-a0d7-ad9c93ce5bd4	6	76312261	103286928	16853	-0.4195
0e6621cc-bb2f-4e62-a0d7-ad9c93ce5bd4	6	103286941	103317836	51	0.3102
0e6621cc-bb2f-4e62-a0d7-ad9c93ce5bd4	6	103317855	104247602	565	-0.3814
0e6621cc-bb2f-4e62-a0d7-ad9c93ce5bd4	6	104248912	114216286	6303	-0.4607
0e6621cc-bb2f-4e62-a0d7-ad9c93ce5bd4	6	114217819	124114796	5795	-0.4209
0e6621cc-bb2f-4e62-a0d7-ad9c93ce5bd4	6	124114927	124137876	15	0.4479
0e6621cc-bb2f-4e62-a0d7-ad9c93ce5bd4	6	124140301	139896447	10448	-0.4555
0e6621cc-bb2f-4e62-a0d7-ad9c93ce5bd4	6	139896725	141947933	1029	-0.3824
0e6621cc-bb2f-4e62-a0d7-ad9c93ce5bd4	6	141948318	170599922	19932	-0.465
0e6621cc-bb2f-4e62-a0d7-ad9c93ce5bd4	6	170600274	170741917	5	0.2079
0e6621cc-bb2f-4e62-a0d7-ad9c93ce5bd4	7	43355	3598928	1675	-0.0465
0e6621cc-bb2f-4e62-a0d7-ad9c93ce5bd4	7	3605313	3605411	2	-1.5782
0e6621cc-bb2f-4e62-a0d7-ad9c93ce5bd4	7	3608667	6707975	1711	-0.0435
0e6621cc-bb2f-4e62-a0d7-ad9c93ce5bd4	7	6708424	20046762	10845	-0.0052
0e6621cc-bb2f-4e62-a0d7-ad9c93ce5bd4	7	20046893	22395161	1817	-0.047
0e6621cc-bb2f-4e62-a0d7-ad9c93ce5bd4	7	22395853	22396868	2	-3.3129
0e6621cc-bb2f-4e62-a0d7-ad9c93ce5bd4	7	22399135	38234132	11292	-0.057
0e6621cc-bb2f-4e62-a0d7-ad9c93ce5bd4	7	38238544	38368593	140	0.1952
0e6621cc-bb2f-4e62-a0d7-ad9c93ce5bd4	7	38368878	42828197	3014	-0.0614
0e6621cc-bb2f-4e62-a0d7-ad9c93ce5bd4	7	42828509	43216991	256	0.0832
0e6621cc-bb2f-4e62-a0d7-ad9c93ce5bd4	7	43217119	48541346	3456	-0.0634
0e6621cc-bb2f-4e62-a0d7-ad9c93ce5bd4	7	48542256	48552429	8	-0.8069
0e6621cc-bb2f-4e62-a0d7-ad9c93ce5bd4	7	48560583	49749985	846	-0.0209
0e6621cc-bb2f-4e62-a0d7-ad9c93ce5bd4	7	49751019	51493506	1259	-0.0789
0e6621cc-bb2f-4e62-a0d7-ad9c93ce5bd4	7	51493840	54305455	2141	-0.0191
0e6621cc-bb2f-4e62-a0d7-ad9c93ce5bd4	7	54318812	54318824	6	-1.453
0e6621cc-bb2f-4e62-a0d7-ad9c93ce5bd4	7	54325795	56641649	1525	-0.067
0e6621cc-bb2f-4e62-a0d7-ad9c93ce5bd4	7	56641973	65714988	1705	0.0405
0e6621cc-bb2f-4e62-a0d7-ad9c93ce5bd4	7	65718529	70858428	2833	-0.0789
0e6621cc-bb2f-4e62-a0d7-ad9c93ce5bd4	7	70858782	70900466	33	0.6685
0e6621cc-bb2f-4e62-a0d7-ad9c93ce5bd4	7	70900603	159334314	53225	-0.0417
0e6621cc-bb2f-4e62-a0d7-ad9c93ce5bd4	8	81254	163380	3	0.7817
0e6621cc-bb2f-4e62-a0d7-ad9c93ce5bd4	8	208062	643041	319	0.3433
0e6621cc-bb2f-4e62-a0d7-ad9c93ce5bd4	8	644944	645875	8	1.2186
0e6621cc-bb2f-4e62-a0d7-ad9c93ce5bd4	8	645892	645908	2	4.4423
0e6621cc-bb2f-4e62-a0d7-ad9c93ce5bd4	8	656117	1418902	565	0.2848
0e6621cc-bb2f-4e62-a0d7-ad9c93ce5bd4	8	1419196	1419436	2	-1.4286
0e6621cc-bb2f-4e62-a0d7-ad9c93ce5bd4	8	1419522	2038435	471	0.2249
0e6621cc-bb2f-4e62-a0d7-ad9c93ce5bd4	8	2043999	4130449	2312	0.305
0e6621cc-bb2f-4e62-a0d7-ad9c93ce5bd4	8	4130698	4141366	11	0.8833
0e6621cc-bb2f-4e62-a0d7-ad9c93ce5bd4	8	4144463	4337458	480	0.3314
0e6621cc-bb2f-4e62-a0d7-ad9c93ce5bd4	8	4337716	4337999	7	-0.7092
0e6621cc-bb2f-4e62-a0d7-ad9c93ce5bd4	8	4340997	8528287	3903	0.3358
0e6621cc-bb2f-4e62-a0d7-ad9c93ce5bd4	8	8528640	8528847	3	-1.9286
0e6621cc-bb2f-4e62-a0d7-ad9c93ce5bd4	8	8528932	17576830	7513	0.3047
0e6621cc-bb2f-4e62-a0d7-ad9c93ce5bd4	8	17578399	18406981	787	0.2632
0e6621cc-bb2f-4e62-a0d7-ad9c93ce5bd4	8	18407644	18413675	5	1.1118
0e6621cc-bb2f-4e62-a0d7-ad9c93ce5bd4	8	18413877	25117062	5081	0.2588
0e6621cc-bb2f-4e62-a0d7-ad9c93ce5bd4	8	25117985	25126818	23	0.9882
0e6621cc-bb2f-4e62-a0d7-ad9c93ce5bd4	8	25133589	38455679	8532	0.2623
0e6621cc-bb2f-4e62-a0d7-ad9c93ce5bd4	8	38456862	38463814	40	0.5622
0e6621cc-bb2f-4e62-a0d7-ad9c93ce5bd4	8	38463910	39368830	443	0.2746
0e6621cc-bb2f-4e62-a0d7-ad9c93ce5bd4	8	39372664	39530780	63	1.1626
0e6621cc-bb2f-4e62-a0d7-ad9c93ce5bd4	8	39531260	43749343	2550	0.2598
0e6621cc-bb2f-4e62-a0d7-ad9c93ce5bd4	8	43766749	46012735	42	0.5874
0e6621cc-bb2f-4e62-a0d7-ad9c93ce5bd4	8	46014827	46252963	70	0.2591
0e6621cc-bb2f-4e62-a0d7-ad9c93ce5bd4	8	46258733	46261056	2	-1.4478
0e6621cc-bb2f-4e62-a0d7-ad9c93ce5bd4	8	46261373	54493694	4757	0.2774
0e6621cc-bb2f-4e62-a0d7-ad9c93ce5bd4	8	54501764	57458599	1950	0.5487
0e6621cc-bb2f-4e62-a0d7-ad9c93ce5bd4	8	57458876	57506080	51	0.8068
0e6621cc-bb2f-4e62-a0d7-ad9c93ce5bd4	8	57506228	60090635	1718	0.5627
0e6621cc-bb2f-4e62-a0d7-ad9c93ce5bd4	8	60090800	60091538	8	1.1653
0e6621cc-bb2f-4e62-a0d7-ad9c93ce5bd4	8	60091657	67635325	4380	0.5514
0e6621cc-bb2f-4e62-a0d7-ad9c93ce5bd4	8	67635382	67636342	12	0.0442
0e6621cc-bb2f-4e62-a0d7-ad9c93ce5bd4	8	67636412	69288938	1145	0.5657
0e6621cc-bb2f-4e62-a0d7-ad9c93ce5bd4	8	69294368	69296082	8	-0.0761
0e6621cc-bb2f-4e62-a0d7-ad9c93ce5bd4	8	69299337	71300130	1203	0.5297
0e6621cc-bb2f-4e62-a0d7-ad9c93ce5bd4	8	71303076	71304364	8	-2.2449
0e6621cc-bb2f-4e62-a0d7-ad9c93ce5bd4	8	71307628	71502151	139	0.5844
0e6621cc-bb2f-4e62-a0d7-ad9c93ce5bd4	8	71502919	73636042	1558	0.264
0e6621cc-bb2f-4e62-a0d7-ad9c93ce5bd4	8	73643041	80211427	3909	0.5704
0e6621cc-bb2f-4e62-a0d7-ad9c93ce5bd4	8	80211546	86399280	3439	0.2833
0e6621cc-bb2f-4e62-a0d7-ad9c93ce5bd4	8	86416772	91962589	3191	0.5662
0e6621cc-bb2f-4e62-a0d7-ad9c93ce5bd4	8	91962632	105646350	8473	0.5278
0e6621cc-bb2f-4e62-a0d7-ad9c93ce5bd4	8	105646649	106007604	186	0.6211
0e6621cc-bb2f-4e62-a0d7-ad9c93ce5bd4	8	106010127	106011531	3	1.7207
0e6621cc-bb2f-4e62-a0d7-ad9c93ce5bd4	8	106013055	116067158	5963	0.5912
0e6621cc-bb2f-4e62-a0d7-ad9c93ce5bd4	8	116067160	145072769	20174	0.5383
0e6621cc-bb2f-4e62-a0d7-ad9c93ce5bd4	9	46587	543590	419	0.0747
0e6621cc-bb2f-4e62-a0d7-ad9c93ce5bd4	9	543631	548438	5	-0.8367
0e6621cc-bb2f-4e62-a0d7-ad9c93ce5bd4	9	549750	602903	83	0.0536
0e6621cc-bb2f-4e62-a0d7-ad9c93ce5bd4	9	606699	606961	4	-1.8878
0e6621cc-bb2f-4e62-a0d7-ad9c93ce5bd4	9	607307	1407240	912	-0.003
0e6621cc-bb2f-4e62-a0d7-ad9c93ce5bd4	9	1413398	1446459	35	-0.0472
0e6621cc-bb2f-4e62-a0d7-ad9c93ce5bd4	9	1446987	1450010	10	-0.8362
0e6621cc-bb2f-4e62-a0d7-ad9c93ce5bd4	9	1450274	5074740	3762	-0.0426
0e6621cc-bb2f-4e62-a0d7-ad9c93ce5bd4	9	5074780	5106023	42	0.0957
0e6621cc-bb2f-4e62-a0d7-ad9c93ce5bd4	9	5106680	5106800	6	0.7975
0e6621cc-bb2f-4e62-a0d7-ad9c93ce5bd4	9	5108574	5235589	101	0.1374
0e6621cc-bb2f-4e62-a0d7-ad9c93ce5bd4	9	5236822	8900067	3152	-0.0335
0e6621cc-bb2f-4e62-a0d7-ad9c93ce5bd4	9	8901739	12144858	2833	0.027
0e6621cc-bb2f-4e62-a0d7-ad9c93ce5bd4	9	12144878	12147460	4	-1.7998
0e6621cc-bb2f-4e62-a0d7-ad9c93ce5bd4	9	12148057	12240531	79	0.0577
0e6621cc-bb2f-4e62-a0d7-ad9c93ce5bd4	9	12241558	12241927	4	-1.0914
0e6621cc-bb2f-4e62-a0d7-ad9c93ce5bd4	9	12242880	12326564	80	0.0615
0e6621cc-bb2f-4e62-a0d7-ad9c93ce5bd4	9	12328717	12333231	3	1.0403
0e6621cc-bb2f-4e62-a0d7-ad9c93ce5bd4	9	12333266	13639093	943	-0.0132
0e6621cc-bb2f-4e62-a0d7-ad9c93ce5bd4	9	13641390	13650065	9	0.525
0e6621cc-bb2f-4e62-a0d7-ad9c93ce5bd4	9	13650512	14866523	1134	-0.0448
0e6621cc-bb2f-4e62-a0d7-ad9c93ce5bd4	9	14867271	14868655	3	-1.3475
0e6621cc-bb2f-4e62-a0d7-ad9c93ce5bd4	9	14869181	16897590	1665	-0.0673
0e6621cc-bb2f-4e62-a0d7-ad9c93ce5bd4	9	16897687	16912437	40	0.2549
0e6621cc-bb2f-4e62-a0d7-ad9c93ce5bd4	9	16912450	23361807	5089	-0.0354
0e6621cc-bb2f-4e62-a0d7-ad9c93ce5bd4	9	23363117	23373486	8	0.9832
0e6621cc-bb2f-4e62-a0d7-ad9c93ce5bd4	9	23378490	32348848	6635	-0.0192
0e6621cc-bb2f-4e62-a0d7-ad9c93ce5bd4	9	32349946	38734387	4002	-0.0729
0e6621cc-bb2f-4e62-a0d7-ad9c93ce5bd4	9	38736900	42042339	213	0.1127
0e6621cc-bb2f-4e62-a0d7-ad9c93ce5bd4	9	42046831	42720266	47	-0.235
0e6621cc-bb2f-4e62-a0d7-ad9c93ce5bd4	9	42726239	68328914	242	0.2687
0e6621cc-bb2f-4e62-a0d7-ad9c93ce5bd4	9	68335112	69476351	927	-0.0734
0e6621cc-bb2f-4e62-a0d7-ad9c93ce5bd4	9	69482739	81023031	8374	-0.0381
0e6621cc-bb2f-4e62-a0d7-ad9c93ce5bd4	9	81026631	101894145	14138	-0.0627
0e6621cc-bb2f-4e62-a0d7-ad9c93ce5bd4	9	101894285	104609599	2028	0.0131
0e6621cc-bb2f-4e62-a0d7-ad9c93ce5bd4	9	104609854	138200944	22444	-0.0634
0e6621cc-bb2f-4e62-a0d7-ad9c93ce5bd4	10	45792	2520136	1917	0.2866
0e6621cc-bb2f-4e62-a0d7-ad9c93ce5bd4	10	2520450	2520561	2	-2.3824
0e6621cc-bb2f-4e62-a0d7-ad9c93ce5bd4	10	2528802	2877400	383	0.3372
0e6621cc-bb2f-4e62-a0d7-ad9c93ce5bd4	10	2877720	2877782	3	-1.06
0e6621cc-bb2f-4e62-a0d7-ad9c93ce5bd4	10	2880574	3094130	218	0.4048
0e6621cc-bb2f-4e62-a0d7-ad9c93ce5bd4	10	3094525	24086334	16672	0.2842
0e6621cc-bb2f-4e62-a0d7-ad9c93ce5bd4	10	24088745	24089125	11	-1.7703
0e6621cc-bb2f-4e62-a0d7-ad9c93ce5bd4	10	24089979	38752615	9850	0.2708
0e6621cc-bb2f-4e62-a0d7-ad9c93ce5bd4	10	38752733	42432172	126	0.4561
0e6621cc-bb2f-4e62-a0d7-ad9c93ce5bd4	10	42433668	46324033	2481	0.2716
0e6621cc-bb2f-4e62-a0d7-ad9c93ce5bd4	10	46324327	46554143	50	0.6235
0e6621cc-bb2f-4e62-a0d7-ad9c93ce5bd4	10	46554197	47437705	310	0.2889
0e6621cc-bb2f-4e62-a0d7-ad9c93ce5bd4	10	47460004	47680348	7	0.9668
0e6621cc-bb2f-4e62-a0d7-ad9c93ce5bd4	10	47684886	50070600	1388	0.2595
0e6621cc-bb2f-4e62-a0d7-ad9c93ce5bd4	10	50081224	50132160	4	-1.9191
0e6621cc-bb2f-4e62-a0d7-ad9c93ce5bd4	10	50144008	57643175	5585	0.3286
0e6621cc-bb2f-4e62-a0d7-ad9c93ce5bd4	10	57643864	59605724	1399	0.2835
0e6621cc-bb2f-4e62-a0d7-ad9c93ce5bd4	10	59606045	59613686	27	-0.0883
0e6621cc-bb2f-4e62-a0d7-ad9c93ce5bd4	10	59613882	64845345	3514	0.2841
0e6621cc-bb2f-4e62-a0d7-ad9c93ce5bd4	10	64845375	65548178	482	0.3273
0e6621cc-bb2f-4e62-a0d7-ad9c93ce5bd4	10	65548193	65554688	26	0.7458
0e6621cc-bb2f-4e62-a0d7-ad9c93ce5bd4	10	65563037	66952040	1086	0.3326
0e6621cc-bb2f-4e62-a0d7-ad9c93ce5bd4	10	66952144	66952355	2	-1.2699
0e6621cc-bb2f-4e62-a0d7-ad9c93ce5bd4	10	66952403	67630149	399	0.3401
0e6621cc-bb2f-4e62-a0d7-ad9c93ce5bd4	10	67642104	76493093	5298	0.2543
0e6621cc-bb2f-4e62-a0d7-ad9c93ce5bd4	10	76497303	76497852	2	2.3096
0e6621cc-bb2f-4e62-a0d7-ad9c93ce5bd4	10	76501509	79424674	2388	0.2515
0e6621cc-bb2f-4e62-a0d7-ad9c93ce5bd4	10	79425207	83725642	2940	0.3113
0e6621cc-bb2f-4e62-a0d7-ad9c93ce5bd4	10	83725717	105854440	13920	0.2685
0e6621cc-bb2f-4e62-a0d7-ad9c93ce5bd4	10	105857359	105959154	111	0.4408
0e6621cc-bb2f-4e62-a0d7-ad9c93ce5bd4	10	105959174	107430284	1126	0.2701
0e6621cc-bb2f-4e62-a0d7-ad9c93ce5bd4	10	107430384	108597177	941	0.3355
0e6621cc-bb2f-4e62-a0d7-ad9c93ce5bd4	10	108598603	130418268	15966	0.2629
0e6621cc-bb2f-4e62-a0d7-ad9c93ce5bd4	10	130418877	133654968	2042	0.3207
0e6621cc-bb2f-4e62-a0d7-ad9c93ce5bd4	11	198510	4208752	1726	-0.0583
0e6621cc-bb2f-4e62-a0d7-ad9c93ce5bd4	11	4209873	4369227	49	0.2845
0e6621cc-bb2f-4e62-a0d7-ad9c93ce5bd4	11	4370044	4942489	634	-0.0706
0e6621cc-bb2f-4e62-a0d7-ad9c93ce5bd4	11	4942873	4954475	37	-0.5328
0e6621cc-bb2f-4e62-a0d7-ad9c93ce5bd4	11	4955027	11546677	5084	-0.0666
0e6621cc-bb2f-4e62-a0d7-ad9c93ce5bd4	11	11547381	11547902	2	-2.303
0e6621cc-bb2f-4e62-a0d7-ad9c93ce5bd4	11	11548725	16467098	3530	-0.0613
0e6621cc-bb2f-4e62-a0d7-ad9c93ce5bd4	11	16468451	20665185	3187	-0.0956
0e6621cc-bb2f-4e62-a0d7-ad9c93ce5bd4	11	20672393	31371747	7541	-0.045
0e6621cc-bb2f-4e62-a0d7-ad9c93ce5bd4	11	31372721	31375533	2	-1.9961
0e6621cc-bb2f-4e62-a0d7-ad9c93ce5bd4	11	31376660	36417687	3825	-0.0717
0e6621cc-bb2f-4e62-a0d7-ad9c93ce5bd4	11	36419719	36420203	2	-1.3632
0e6621cc-bb2f-4e62-a0d7-ad9c93ce5bd4	11	36420695	36954020	401	-0.0626
0e6621cc-bb2f-4e62-a0d7-ad9c93ce5bd4	11	36957348	36957953	3	-1.188
0e6621cc-bb2f-4e62-a0d7-ad9c93ce5bd4	11	36958355	37105744	93	0.0375
0e6621cc-bb2f-4e62-a0d7-ad9c93ce5bd4	11	37105800	37106099	5	-0.9891
0e6621cc-bb2f-4e62-a0d7-ad9c93ce5bd4	11	37106251	37121624	43	-0.1753
0e6621cc-bb2f-4e62-a0d7-ad9c93ce5bd4	11	37121875	42576894	3576	-0.0252
0e6621cc-bb2f-4e62-a0d7-ad9c93ce5bd4	11	42577643	45379862	2060	-0.0957
0e6621cc-bb2f-4e62-a0d7-ad9c93ce5bd4	11	45381885	48379256	1396	0.2472
0e6621cc-bb2f-4e62-a0d7-ad9c93ce5bd4	11	48380761	48907090	181	0.4236
0e6621cc-bb2f-4e62-a0d7-ad9c93ce5bd4	11	48908166	49910164	460	0.2478
0e6621cc-bb2f-4e62-a0d7-ad9c93ce5bd4	11	49910482	50792187	248	0.385
0e6621cc-bb2f-4e62-a0d7-ad9c93ce5bd4	11	50810146	55608547	379	0.0953
0e6621cc-bb2f-4e62-a0d7-ad9c93ce5bd4	11	55608760	55701077	61	0.4243
0e6621cc-bb2f-4e62-a0d7-ad9c93ce5bd4	11	55701206	56058715	270	-0.0356
0e6621cc-bb2f-4e62-a0d7-ad9c93ce5bd4	11	56059818	56444297	243	0.0637
0e6621cc-bb2f-4e62-a0d7-ad9c93ce5bd4	11	56446732	64884458	4614	-0.0622
0e6621cc-bb2f-4e62-a0d7-ad9c93ce5bd4	11	64886292	64895755	3	-1.4801
0e6621cc-bb2f-4e62-a0d7-ad9c93ce5bd4	11	64897000	67529387	1012	-0.0409
0e6621cc-bb2f-4e62-a0d7-ad9c93ce5bd4	11	67530395	68001326	145	0.1563
0e6621cc-bb2f-4e62-a0d7-ad9c93ce5bd4	11	68002597	80250428	6949	-0.0895
0e6621cc-bb2f-4e62-a0d7-ad9c93ce5bd4	11	80250607	108878581	20013	-0.0336
0e6621cc-bb2f-4e62-a0d7-ad9c93ce5bd4	11	108881353	109945115	647	-0.0551
0e6621cc-bb2f-4e62-a0d7-ad9c93ce5bd4	11	109946218	132831454	16666	-0.0851
0e6621cc-bb2f-4e62-a0d7-ad9c93ce5bd4	11	132832065	135074876	1701	-0.0237
0e6621cc-bb2f-4e62-a0d7-ad9c93ce5bd4	12	51460	1374172	772	-0.0298
0e6621cc-bb2f-4e62-a0d7-ad9c93ce5bd4	12	1377470	1377588	2	-1.7632
0e6621cc-bb2f-4e62-a0d7-ad9c93ce5bd4	12	1377719	8157111	4748	-0.0826
0e6621cc-bb2f-4e62-a0d7-ad9c93ce5bd4	12	8157472	8423870	88	0.2686
0e6621cc-bb2f-4e62-a0d7-ad9c93ce5bd4	12	8428232	9477960	562	-0.0575
0e6621cc-bb2f-4e62-a0d7-ad9c93ce5bd4	12	9481274	9562969	23	-1.3993
0e6621cc-bb2f-4e62-a0d7-ad9c93ce5bd4	12	9575696	25493245	10995	-0.0445
0e6621cc-bb2f-4e62-a0d7-ad9c93ce5bd4	12	25496253	25501511	9	-0.901
0e6621cc-bb2f-4e62-a0d7-ad9c93ce5bd4	12	25502588	29010695	2519	-0.0507
0e6621cc-bb2f-4e62-a0d7-ad9c93ce5bd4	12	29011388	29011589	2	-1.6496
0e6621cc-bb2f-4e62-a0d7-ad9c93ce5bd4	12	29015050	33137723	3050	-0.058
0e6621cc-bb2f-4e62-a0d7-ad9c93ce5bd4	12	33140973	33162724	47	0.3408
0e6621cc-bb2f-4e62-a0d7-ad9c93ce5bd4	12	33164638	38829764	1326	0.0468
0e6621cc-bb2f-4e62-a0d7-ad9c93ce5bd4	12	38834281	45510655	4242	-0.0432
0e6621cc-bb2f-4e62-a0d7-ad9c93ce5bd4	12	45512057	45515754	3	-2.01
0e6621cc-bb2f-4e62-a0d7-ad9c93ce5bd4	12	45519509	70206762	15008	-0.0496
0e6621cc-bb2f-4e62-a0d7-ad9c93ce5bd4	12	70207508	92395153	13778	-0.024
0e6621cc-bb2f-4e62-a0d7-ad9c93ce5bd4	12	92395621	99402073	4909	-0.0578
0e6621cc-bb2f-4e62-a0d7-ad9c93ce5bd4	12	99402408	99402607	9	0.8587
0e6621cc-bb2f-4e62-a0d7-ad9c93ce5bd4	12	99402782	103394562	2465	-0.0475
0e6621cc-bb2f-4e62-a0d7-ad9c93ce5bd4	12	103397413	104450927	765	-0.0947
0e6621cc-bb2f-4e62-a0d7-ad9c93ce5bd4	12	104453536	104453705	2	-1.7419
0e6621cc-bb2f-4e62-a0d7-ad9c93ce5bd4	12	104454631	115791275	7764	-0.074
0e6621cc-bb2f-4e62-a0d7-ad9c93ce5bd4	12	115794358	115807661	33	0.2591
0e6621cc-bb2f-4e62-a0d7-ad9c93ce5bd4	12	115808060	126091717	6250	-0.0745
0e6621cc-bb2f-4e62-a0d7-ad9c93ce5bd4	12	126092087	126092104	2	-2.0189
0e6621cc-bb2f-4e62-a0d7-ad9c93ce5bd4	12	126092138	126309261	184	-0.088
0e6621cc-bb2f-4e62-a0d7-ad9c93ce5bd4	12	126309434	127745264	1281	-0.0524
0e6621cc-bb2f-4e62-a0d7-ad9c93ce5bd4	12	127745652	128427293	654	0.0367
0e6621cc-bb2f-4e62-a0d7-ad9c93ce5bd4	12	128427850	129309805	781	-0.0775
0e6621cc-bb2f-4e62-a0d7-ad9c93ce5bd4	12	129310585	129895576	542	0.0714
0e6621cc-bb2f-4e62-a0d7-ad9c93ce5bd4	12	129898264	133201603	2002	-0.062
0e6621cc-bb2f-4e62-a0d7-ad9c93ce5bd4	13	18452809	18831892	87	-0.5217
0e6621cc-bb2f-4e62-a0d7-ad9c93ce5bd4	13	18833025	19375721	342	-1.1166
0e6621cc-bb2f-4e62-a0d7-ad9c93ce5bd4	13	19378046	19897837	259	-0.8733
0e6621cc-bb2f-4e62-a0d7-ad9c93ce5bd4	13	19897857	21096588	711	-1.1552
0e6621cc-bb2f-4e62-a0d7-ad9c93ce5bd4	13	21098549	21098586	2	-5.9916
0e6621cc-bb2f-4e62-a0d7-ad9c93ce5bd4	13	21098640	21372511	205	-1.1208
0e6621cc-bb2f-4e62-a0d7-ad9c93ce5bd4	13	21373175	37496233	11820	-0.4395
0e6621cc-bb2f-4e62-a0d7-ad9c93ce5bd4	13	37496998	37514237	19	0.2509
0e6621cc-bb2f-4e62-a0d7-ad9c93ce5bd4	13	37514250	44889690	5212	-0.4216
0e6621cc-bb2f-4e62-a0d7-ad9c93ce5bd4	13	44890187	44890707	2	-2.3509
0e6621cc-bb2f-4e62-a0d7-ad9c93ce5bd4	13	44890722	48144610	2119	-0.4293
0e6621cc-bb2f-4e62-a0d7-ad9c93ce5bd4	13	48148483	48151924	3	-2.2662
0e6621cc-bb2f-4e62-a0d7-ad9c93ce5bd4	13	48152083	48195336	26	-0.5011
0e6621cc-bb2f-4e62-a0d7-ad9c93ce5bd4	13	48198487	52712815	2577	-0.3855
0e6621cc-bb2f-4e62-a0d7-ad9c93ce5bd4	13	52712849	53746277	683	-0.4755
0e6621cc-bb2f-4e62-a0d7-ad9c93ce5bd4	13	53756655	57139094	1865	-0.3625
0e6621cc-bb2f-4e62-a0d7-ad9c93ce5bd4	13	57139099	57139232	3	1.2109
0e6621cc-bb2f-4e62-a0d7-ad9c93ce5bd4	13	57174890	71929213	9043	-0.3818
0e6621cc-bb2f-4e62-a0d7-ad9c93ce5bd4	13	71929285	80477741	6001	-0.4239
0e6621cc-bb2f-4e62-a0d7-ad9c93ce5bd4	13	80478463	88185056	4634	-0.3693
0e6621cc-bb2f-4e62-a0d7-ad9c93ce5bd4	13	88191834	89661338	850	0.4478
0e6621cc-bb2f-4e62-a0d7-ad9c93ce5bd4	13	89662112	109148536	14232	-0.4234
0e6621cc-bb2f-4e62-a0d7-ad9c93ce5bd4	13	109149084	113246045	2882	-0.4772
0e6621cc-bb2f-4e62-a0d7-ad9c93ce5bd4	13	113246351	114342922	445	-0.4153
0e6621cc-bb2f-4e62-a0d7-ad9c93ce5bd4	14	18239283	19954424	166	-0.1029
0e6621cc-bb2f-4e62-a0d7-ad9c93ce5bd4	14	19955213	20154789	130	-0.4098
0e6621cc-bb2f-4e62-a0d7-ad9c93ce5bd4	14	20154828	21478376	894	-0.5091
0e6621cc-bb2f-4e62-a0d7-ad9c93ce5bd4	14	21479698	23251203	1244	-0.3965
0e6621cc-bb2f-4e62-a0d7-ad9c93ce5bd4	14	23252548	23977508	443	-0.5234
0e6621cc-bb2f-4e62-a0d7-ad9c93ce5bd4	14	23982222	24041000	47	-0.1775
0e6621cc-bb2f-4e62-a0d7-ad9c93ce5bd4	14	24044708	26357962	1595	-0.502
0e6621cc-bb2f-4e62-a0d7-ad9c93ce5bd4	14	26360065	29562433	1834	-0.4383
0e6621cc-bb2f-4e62-a0d7-ad9c93ce5bd4	14	29563241	37248429	5052	-0.5036
0e6621cc-bb2f-4e62-a0d7-ad9c93ce5bd4	14	37248588	46367684	5340	-0.428
0e6621cc-bb2f-4e62-a0d7-ad9c93ce5bd4	14	46367909	46477174	87	-1.4338
0e6621cc-bb2f-4e62-a0d7-ad9c93ce5bd4	14	46477221	72270236	16483	-0.4928
0e6621cc-bb2f-4e62-a0d7-ad9c93ce5bd4	14	72270261	72270471	5	-1.6083
0e6621cc-bb2f-4e62-a0d7-ad9c93ce5bd4	14	72272356	79139270	4573	-0.5156
0e6621cc-bb2f-4e62-a0d7-ad9c93ce5bd4	14	79139354	79145374	2	-2.7789
0e6621cc-bb2f-4e62-a0d7-ad9c93ce5bd4	14	79147240	89004925	6472	-0.4754
0e6621cc-bb2f-4e62-a0d7-ad9c93ce5bd4	14	89005676	105542308	10426	-0.5238
0e6621cc-bb2f-4e62-a0d7-ad9c93ce5bd4	14	105544971	106117522	135	-0.2949
0e6621cc-bb2f-4e62-a0d7-ad9c93ce5bd4	14	106117964	106340102	96	0.3145
0e6621cc-bb2f-4e62-a0d7-ad9c93ce5bd4	14	106340305	106407604	31	-0.4
0e6621cc-bb2f-4e62-a0d7-ad9c93ce5bd4	14	106407609	106462724	55	-0.0933
0e6621cc-bb2f-4e62-a0d7-ad9c93ce5bd4	14	106475361	106877229	194	-0.4943
0e6621cc-bb2f-4e62-a0d7-ad9c93ce5bd4	15	19811075	20001686	45	0.1346
0e6621cc-bb2f-4e62-a0d7-ad9c93ce5bd4	15	20011702	20064520	9	-1.0004
0e6621cc-bb2f-4e62-a0d7-ad9c93ce5bd4	15	20187568	20670989	97	-0.0657
0e6621cc-bb2f-4e62-a0d7-ad9c93ce5bd4	15	20981071	21266108	18	0.5156
0e6621cc-bb2f-4e62-a0d7-ad9c93ce5bd4	15	21266481	24069723	859	-0.0543
0e6621cc-bb2f-4e62-a0d7-ad9c93ce5bd4	15	24072186	24593312	264	0.0783
0e6621cc-bb2f-4e62-a0d7-ad9c93ce5bd4	15	24593489	27853978	2432	-0.0704
0e6621cc-bb2f-4e62-a0d7-ad9c93ce5bd4	15	27855797	30157841	1109	0.0451
0e6621cc-bb2f-4e62-a0d7-ad9c93ce5bd4	15	30158166	32151854	1078	-0.0387
0e6621cc-bb2f-4e62-a0d7-ad9c93ce5bd4	15	32179735	32323432	18	-1.1663
0e6621cc-bb2f-4e62-a0d7-ad9c93ce5bd4	15	32339520	34368215	1488	-0.083
0e6621cc-bb2f-4e62-a0d7-ad9c93ce5bd4	15	34371906	34577438	81	0.2449
0e6621cc-bb2f-4e62-a0d7-ad9c93ce5bd4	15	34578022	58148921	14769	-0.0577
0e6621cc-bb2f-4e62-a0d7-ad9c93ce5bd4	15	58149891	58151231	3	-1.4552
0e6621cc-bb2f-4e62-a0d7-ad9c93ce5bd4	15	58152148	63630553	4211	-0.0794
0e6621cc-bb2f-4e62-a0d7-ad9c93ce5bd4	15	63632869	63639415	4	-1.4935
0e6621cc-bb2f-4e62-a0d7-ad9c93ce5bd4	15	63642657	68175145	2588	-0.0621
0e6621cc-bb2f-4e62-a0d7-ad9c93ce5bd4	15	68179512	68462863	231	-0.5617
0e6621cc-bb2f-4e62-a0d7-ad9c93ce5bd4	15	68463036	68463822	3	0.6546
0e6621cc-bb2f-4e62-a0d7-ad9c93ce5bd4	15	68464362	69549545	664	-0.5015
0e6621cc-bb2f-4e62-a0d7-ad9c93ce5bd4	15	69553153	70169671	469	-0.0884
0e6621cc-bb2f-4e62-a0d7-ad9c93ce5bd4	15	70170326	70170613	2	-1.45
0e6621cc-bb2f-4e62-a0d7-ad9c93ce5bd4	15	70178924	76599286	3471	-0.0667
0e6621cc-bb2f-4e62-a0d7-ad9c93ce5bd4	15	76599400	76609838	20	-1.7157
0e6621cc-bb2f-4e62-a0d7-ad9c93ce5bd4	15	76609853	84159599	4594	-0.0683
0e6621cc-bb2f-4e62-a0d7-ad9c93ce5bd4	15	84192594	84246373	2	-2.6235
0e6621cc-bb2f-4e62-a0d7-ad9c93ce5bd4	15	84388504	84553803	17	0.2554
0e6621cc-bb2f-4e62-a0d7-ad9c93ce5bd4	15	84554167	101729973	12912	-0.0494
0e6621cc-bb2f-4e62-a0d7-ad9c93ce5bd4	15	101730323	101928837	86	0.1551
0e6621cc-bb2f-4e62-a0d7-ad9c93ce5bd4	16	10777	6591117	3853	0.282
0e6621cc-bb2f-4e62-a0d7-ad9c93ce5bd4	16	6591632	7267929	908	0.3806
0e6621cc-bb2f-4e62-a0d7-ad9c93ce5bd4	16	7268073	14877558	6353	0.2539
0e6621cc-bb2f-4e62-a0d7-ad9c93ce5bd4	16	14879136	18083464	1651	0.3631
0e6621cc-bb2f-4e62-a0d7-ad9c93ce5bd4	16	18088127	18153433	7	-0.6709
0e6621cc-bb2f-4e62-a0d7-ad9c93ce5bd4	16	18162067	19021095	133	0.3986
0e6621cc-bb2f-4e62-a0d7-ad9c93ce5bd4	16	19021458	22620059	1899	0.2673
0e6621cc-bb2f-4e62-a0d7-ad9c93ce5bd4	16	22620078	22769271	113	0.481
0e6621cc-bb2f-4e62-a0d7-ad9c93ce5bd4	16	22770649	31770068	4957	0.2568
0e6621cc-bb2f-4e62-a0d7-ad9c93ce5bd4	16	31777482	35514333	462	0.3712
0e6621cc-bb2f-4e62-a0d7-ad9c93ce5bd4	16	35517893	35521195	3	-0.9656
0e6621cc-bb2f-4e62-a0d7-ad9c93ce5bd4	16	35522700	35897784	120	0.4534
0e6621cc-bb2f-4e62-a0d7-ad9c93ce5bd4	16	35898778	58806980	8314	0.2517
0e6621cc-bb2f-4e62-a0d7-ad9c93ce5bd4	16	58808347	65255830	4336	0.3106
0e6621cc-bb2f-4e62-a0d7-ad9c93ce5bd4	16	65258317	78337711	8133	0.2675
0e6621cc-bb2f-4e62-a0d7-ad9c93ce5bd4	16	78338543	78345778	13	-1.7991
0e6621cc-bb2f-4e62-a0d7-ad9c93ce5bd4	16	78349243	84217136	6509	0.2835
0e6621cc-bb2f-4e62-a0d7-ad9c93ce5bd4	16	84218184	84893373	643	0.3705
0e6621cc-bb2f-4e62-a0d7-ad9c93ce5bd4	16	84900412	85058258	124	0.2483
0e6621cc-bb2f-4e62-a0d7-ad9c93ce5bd4	16	85058790	85059142	5	-1.4863
0e6621cc-bb2f-4e62-a0d7-ad9c93ce5bd4	16	85059286	86119821	805	0.2562
0e6621cc-bb2f-4e62-a0d7-ad9c93ce5bd4	16	86120258	86120372	2	-1.2076
0e6621cc-bb2f-4e62-a0d7-ad9c93ce5bd4	16	86120408	90096867	2535	0.2652
0e6621cc-bb2f-4e62-a0d7-ad9c93ce5bd4	17	150733	5207156	2660	-0.4608
0e6621cc-bb2f-4e62-a0d7-ad9c93ce5bd4	17	5209686	14285476	6256	-0.5325
0e6621cc-bb2f-4e62-a0d7-ad9c93ce5bd4	17	14286376	15885396	1135	-0.4157
0e6621cc-bb2f-4e62-a0d7-ad9c93ce5bd4	17	15895281	16687959	383	-0.5335
0e6621cc-bb2f-4e62-a0d7-ad9c93ce5bd4	17	16708434	16838470	24	-0.0769
0e6621cc-bb2f-4e62-a0d7-ad9c93ce5bd4	17	16853833	17676547	511	-0.5427
0e6621cc-bb2f-4e62-a0d7-ad9c93ce5bd4	17	17679495	18455632	394	-0.4497
0e6621cc-bb2f-4e62-a0d7-ad9c93ce5bd4	17	18455635	18478497	11	-1.8243
0e6621cc-bb2f-4e62-a0d7-ad9c93ce5bd4	17	18483309	22720241	1484	-0.4532
0e6621cc-bb2f-4e62-a0d7-ad9c93ce5bd4	17	22727748	33632376	3523	-0.069
0e6621cc-bb2f-4e62-a0d7-ad9c93ce5bd4	17	33633617	34608994	932	0.0326
0e6621cc-bb2f-4e62-a0d7-ad9c93ce5bd4	17	34609520	36109315	908	-0.0583
0e6621cc-bb2f-4e62-a0d7-ad9c93ce5bd4	17	36109735	36157718	35	1.6071
0e6621cc-bb2f-4e62-a0d7-ad9c93ce5bd4	17	36200725	41266851	2533	-0.0662
0e6621cc-bb2f-4e62-a0d7-ad9c93ce5bd4	17	41266901	41273697	13	-0.6589
0e6621cc-bb2f-4e62-a0d7-ad9c93ce5bd4	17	41273905	41274198	4	-2.2396
0e6621cc-bb2f-4e62-a0d7-ad9c93ce5bd4	17	41274279	52998147	6277	-0.0561
0e6621cc-bb2f-4e62-a0d7-ad9c93ce5bd4	17	52999795	53232116	145	0.1257
0e6621cc-bb2f-4e62-a0d7-ad9c93ce5bd4	17	53232210	55187636	1243	-0.0275
0e6621cc-bb2f-4e62-a0d7-ad9c93ce5bd4	17	55187759	73838033	11779	-0.072
0e6621cc-bb2f-4e62-a0d7-ad9c93ce5bd4	17	73838553	83091923	4747	-0.0394
0e6621cc-bb2f-4e62-a0d7-ad9c93ce5bd4	18	48133	6794022	4833	-0.0357
0e6621cc-bb2f-4e62-a0d7-ad9c93ce5bd4	18	6794273	14100458	5209	-0.0848
0e6621cc-bb2f-4e62-a0d7-ad9c93ce5bd4	18	14101338	21294114	495	0.0357
0e6621cc-bb2f-4e62-a0d7-ad9c93ce5bd4	18	21294521	27088869	3581	-0.0753
0e6621cc-bb2f-4e62-a0d7-ad9c93ce5bd4	18	27089331	35738525	5370	-0.0301
0e6621cc-bb2f-4e62-a0d7-ad9c93ce5bd4	18	35739216	37609247	1297	-0.0858
0e6621cc-bb2f-4e62-a0d7-ad9c93ce5bd4	18	37613790	40677896	1988	-0.0359
0e6621cc-bb2f-4e62-a0d7-ad9c93ce5bd4	18	40677910	40678371	8	-0.7693
0e6621cc-bb2f-4e62-a0d7-ad9c93ce5bd4	18	40678426	42471713	1242	-0.0245
0e6621cc-bb2f-4e62-a0d7-ad9c93ce5bd4	18	42476604	42477802	25	-0.8977
0e6621cc-bb2f-4e62-a0d7-ad9c93ce5bd4	18	42478430	44200850	1026	0.0008
0e6621cc-bb2f-4e62-a0d7-ad9c93ce5bd4	18	44201128	59127306	10238	-0.0735
0e6621cc-bb2f-4e62-a0d7-ad9c93ce5bd4	18	59128512	59135318	5	-1.7492
0e6621cc-bb2f-4e62-a0d7-ad9c93ce5bd4	18	59135866	63737073	3360	-0.059
0e6621cc-bb2f-4e62-a0d7-ad9c93ce5bd4	18	63737230	73936092	7518	-0.006
0e6621cc-bb2f-4e62-a0d7-ad9c93ce5bd4	18	73940557	80110633	4446	-0.0621
0e6621cc-bb2f-4e62-a0d7-ad9c93ce5bd4	18	80111041	80119205	8	-0.8903
0e6621cc-bb2f-4e62-a0d7-ad9c93ce5bd4	18	80119477	80257174	82	-0.0432
0e6621cc-bb2f-4e62-a0d7-ad9c93ce5bd4	19	90910	5506648	1584	-0.4803
0e6621cc-bb2f-4e62-a0d7-ad9c93ce5bd4	19	5510228	5510569	2	-3.5723
0e6621cc-bb2f-4e62-a0d7-ad9c93ce5bd4	19	5510642	19666929	6873	-0.4721
0e6621cc-bb2f-4e62-a0d7-ad9c93ce5bd4	19	19667045	21063815	804	-0.3243
0e6621cc-bb2f-4e62-a0d7-ad9c93ce5bd4	19	21064698	22053417	567	-0.4524
0e6621cc-bb2f-4e62-a0d7-ad9c93ce5bd4	19	22053537	22450959	224	-0.2962
0e6621cc-bb2f-4e62-a0d7-ad9c93ce5bd4	19	22451517	24174509	1019	-0.4654
0e6621cc-bb2f-4e62-a0d7-ad9c93ce5bd4	19	24174791	24400510	64	-0.1819
0e6621cc-bb2f-4e62-a0d7-ad9c93ce5bd4	19	24413948	27707365	72	0.2216
0e6621cc-bb2f-4e62-a0d7-ad9c93ce5bd4	19	27707531	34239994	4745	-0.0904
0e6621cc-bb2f-4e62-a0d7-ad9c93ce5bd4	19	34243075	34243204	5	-1.1064
0e6621cc-bb2f-4e62-a0d7-ad9c93ce5bd4	19	34246231	42786621	4428	-0.0491
0e6621cc-bb2f-4e62-a0d7-ad9c93ce5bd4	19	42790238	43092819	131	0.7545
0e6621cc-bb2f-4e62-a0d7-ad9c93ce5bd4	19	43099219	51628560	4217	-0.0535
0e6621cc-bb2f-4e62-a0d7-ad9c93ce5bd4	19	51639099	51644944	11	-1.3868
0e6621cc-bb2f-4e62-a0d7-ad9c93ce5bd4	19	51651652	58586487	4333	-0.0432
0e6621cc-bb2f-4e62-a0d7-ad9c93ce5bd4	20	80664	1587437	1211	0.2959
0e6621cc-bb2f-4e62-a0d7-ad9c93ce5bd4	20	1590091	1613247	33	-0.2642
0e6621cc-bb2f-4e62-a0d7-ad9c93ce5bd4	20	1617300	3596402	1440	0.2452
0e6621cc-bb2f-4e62-a0d7-ad9c93ce5bd4	20	3597509	8104424	3390	0.2796
0e6621cc-bb2f-4e62-a0d7-ad9c93ce5bd4	20	8104743	8614670	398	0.3988
0e6621cc-bb2f-4e62-a0d7-ad9c93ce5bd4	20	8614686	13046665	3606	0.2724
0e6621cc-bb2f-4e62-a0d7-ad9c93ce5bd4	20	13049116	13049214	2	1.6664
0e6621cc-bb2f-4e62-a0d7-ad9c93ce5bd4	20	13054057	17172418	3356	0.2829
0e6621cc-bb2f-4e62-a0d7-ad9c93ce5bd4	20	17173151	23746067	5040	0.2411
0e6621cc-bb2f-4e62-a0d7-ad9c93ce5bd4	20	23746402	23804620	39	0.5541
0e6621cc-bb2f-4e62-a0d7-ad9c93ce5bd4	20	23805932	26229118	1456	0.2531
0e6621cc-bb2f-4e62-a0d7-ad9c93ce5bd4	20	26229816	30374604	77	0.4881
0e6621cc-bb2f-4e62-a0d7-ad9c93ce5bd4	20	30377631	42590864	6702	0.2396
0e6621cc-bb2f-4e62-a0d7-ad9c93ce5bd4	20	42591457	42636782	68	0.4874
0e6621cc-bb2f-4e62-a0d7-ad9c93ce5bd4	20	42636853	54028329	8062	0.245
0e6621cc-bb2f-4e62-a0d7-ad9c93ce5bd4	20	54031269	54042112	37	-0.4127
0e6621cc-bb2f-4e62-a0d7-ad9c93ce5bd4	20	54046035	64324800	7453	0.2439
0e6621cc-bb2f-4e62-a0d7-ad9c93ce5bd4	21	10354168	10558331	52	-0.1906
0e6621cc-bb2f-4e62-a0d7-ad9c93ce5bd4	21	10559033	13028413	44	-0.7668
0e6621cc-bb2f-4e62-a0d7-ad9c93ce5bd4	21	13028693	13955114	215	0.1686
0e6621cc-bb2f-4e62-a0d7-ad9c93ce5bd4	21	13956012	28281352	10590	-0.0167
0e6621cc-bb2f-4e62-a0d7-ad9c93ce5bd4	21	28282187	28296300	8	0.2654
0e6621cc-bb2f-4e62-a0d7-ad9c93ce5bd4	21	28297082	46472758	12755	-0.0718
0e6621cc-bb2f-4e62-a0d7-ad9c93ce5bd4	21	46474792	46677045	188	0.0021
0e6621cc-bb2f-4e62-a0d7-ad9c93ce5bd4	22	15294547	17019000	304	0.1077
0e6621cc-bb2f-4e62-a0d7-ad9c93ce5bd4	22	17019146	18760927	832	-0.0645
0e6621cc-bb2f-4e62-a0d7-ad9c93ce5bd4	22	18760941	18822581	4	-0.9089
0e6621cc-bb2f-4e62-a0d7-ad9c93ce5bd4	22	18822597	23362282	2884	0.0409
0e6621cc-bb2f-4e62-a0d7-ad9c93ce5bd4	22	23362693	23987520	370	-0.0397
0e6621cc-bb2f-4e62-a0d7-ad9c93ce5bd4	22	23988078	23989773	2	-3.076
0e6621cc-bb2f-4e62-a0d7-ad9c93ce5bd4	22	23990431	24685371	353	-0.0736
0e6621cc-bb2f-4e62-a0d7-ad9c93ce5bd4	22	24686148	24686567	3	-1.6665
0e6621cc-bb2f-4e62-a0d7-ad9c93ce5bd4	22	24691707	24692259	5	0.1764
0e6621cc-bb2f-4e62-a0d7-ad9c93ce5bd4	22	24692338	24693061	6	-0.6554
0e6621cc-bb2f-4e62-a0d7-ad9c93ce5bd4	22	24693411	25225156	421	-0.0708
0e6621cc-bb2f-4e62-a0d7-ad9c93ce5bd4	22	25225624	25602486	375	0.0458
0e6621cc-bb2f-4e62-a0d7-ad9c93ce5bd4	22	25608085	40749600	10545	-0.0836
0e6621cc-bb2f-4e62-a0d7-ad9c93ce5bd4	22	40751321	40756027	3	-2.1269
0e6621cc-bb2f-4e62-a0d7-ad9c93ce5bd4	22	40757172	42413670	979	-0.0692
0e6621cc-bb2f-4e62-a0d7-ad9c93ce5bd4	22	42419292	42421086	7	0.4576
0e6621cc-bb2f-4e62-a0d7-ad9c93ce5bd4	22	42421646	42496576	41	0.1164
0e6621cc-bb2f-4e62-a0d7-ad9c93ce5bd4	22	42496590	42559782	28	0.5466
0e6621cc-bb2f-4e62-a0d7-ad9c93ce5bd4	22	42561282	48934911	4902	-0.0824
0e6621cc-bb2f-4e62-a0d7-ad9c93ce5bd4	22	48935200	50796027	1197	0.0112
0e6621cc-bb2f-4e62-a0d7-ad9c93ce5bd4	X	251810	7641953	3728	0.0791
0e6621cc-bb2f-4e62-a0d7-ad9c93ce5bd4	X	7643017	7643674	6	-3.5843
0e6621cc-bb2f-4e62-a0d7-ad9c93ce5bd4	X	7643675	12916815	3971	-0.0122
0e6621cc-bb2f-4e62-a0d7-ad9c93ce5bd4	X	12916854	12921827	5	-4.0246
0e6621cc-bb2f-4e62-a0d7-ad9c93ce5bd4	X	12922694	155952689	75516	0.0493
0e6621cc-bb2f-4e62-a0d7-ad9c93ce5bd4	Y	2782397	56872112	6638	-0.7389
