GDC_Aliquot	Chromosome	Start	End	Num_Probes	Segment_Mean
5aede5d3-228b-450a-b42a-8b834cd18bc9	1	62920	13471025	6552	0.0693
5aede5d3-228b-450a-b42a-8b834cd18bc9	1	13471243	15822848	1776	-0.0253
5aede5d3-228b-450a-b42a-8b834cd18bc9	1	15823420	15827430	7	-1.5771
5aede5d3-228b-450a-b42a-8b834cd18bc9	1	15827706	41829189	14636	-0.0175
5aede5d3-228b-450a-b42a-8b834cd18bc9	1	41829784	45642819	2149	0.1122
5aede5d3-228b-450a-b42a-8b834cd18bc9	1	45643632	57984784	7653	0.007
5aede5d3-228b-450a-b42a-8b834cd18bc9	1	57985785	57986642	2	-1.4659
5aede5d3-228b-450a-b42a-8b834cd18bc9	1	57987632	58017271	34	0.0012
5aede5d3-228b-450a-b42a-8b834cd18bc9	1	58017382	58018605	4	-1.1156
5aede5d3-228b-450a-b42a-8b834cd18bc9	1	58018792	69695524	8362	0.0133
5aede5d3-228b-450a-b42a-8b834cd18bc9	1	69707659	72302815	1550	0.1213
5aede5d3-228b-450a-b42a-8b834cd18bc9	1	72303233	72345465	46	-1.4502
5aede5d3-228b-450a-b42a-8b834cd18bc9	1	72346221	74075049	1045	0.1134
5aede5d3-228b-450a-b42a-8b834cd18bc9	1	74075136	76253886	1411	0.2235
5aede5d3-228b-450a-b42a-8b834cd18bc9	1	76257617	78341987	1315	0.1328
5aede5d3-228b-450a-b42a-8b834cd18bc9	1	78343374	86352656	5373	0.0196
5aede5d3-228b-450a-b42a-8b834cd18bc9	1	86361854	86567926	152	0.1223
5aede5d3-228b-450a-b42a-8b834cd18bc9	1	86568908	87508127	559	0.2492
5aede5d3-228b-450a-b42a-8b834cd18bc9	1	87512134	92672970	3322	0.117
5aede5d3-228b-450a-b42a-8b834cd18bc9	1	92678263	94123436	813	0.226
5aede5d3-228b-450a-b42a-8b834cd18bc9	1	94123939	95072297	745	0.0222
5aede5d3-228b-450a-b42a-8b834cd18bc9	1	95073520	103560608	5220	-0.1095
5aede5d3-228b-450a-b42a-8b834cd18bc9	1	103566616	103586648	16	0.7467
5aede5d3-228b-450a-b42a-8b834cd18bc9	1	103587546	103697067	14	0.3935
5aede5d3-228b-450a-b42a-8b834cd18bc9	1	103697364	103760781	4	0.98
5aede5d3-228b-450a-b42a-8b834cd18bc9	1	103760879	112147704	5517	-0.1164
5aede5d3-228b-450a-b42a-8b834cd18bc9	1	112153343	112154768	25	0.6288
5aede5d3-228b-450a-b42a-8b834cd18bc9	1	112163334	118626741	4099	-0.1214
5aede5d3-228b-450a-b42a-8b834cd18bc9	1	118626825	118674883	32	0.0778
5aede5d3-228b-450a-b42a-8b834cd18bc9	1	118675052	121705338	1018	0.2015
5aede5d3-228b-450a-b42a-8b834cd18bc9	1	143459641	143942271	128	1.1455
5aede5d3-228b-450a-b42a-8b834cd18bc9	1	144432083	145642990	18	0.1582
5aede5d3-228b-450a-b42a-8b834cd18bc9	1	145664420	146174153	164	0.5785
5aede5d3-228b-450a-b42a-8b834cd18bc9	1	146250588	151864388	1692	0.4139
5aede5d3-228b-450a-b42a-8b834cd18bc9	1	151867493	152796224	678	0.5985
5aede5d3-228b-450a-b42a-8b834cd18bc9	1	152801429	162224786	5744	0.419
5aede5d3-228b-450a-b42a-8b834cd18bc9	1	162225948	163144568	762	0.5391
5aede5d3-228b-450a-b42a-8b834cd18bc9	1	163145118	165151396	1512	0.4374
5aede5d3-228b-450a-b42a-8b834cd18bc9	1	165155668	180770888	10739	0.2521
5aede5d3-228b-450a-b42a-8b834cd18bc9	1	180779181	180784347	5	-0.6292
5aede5d3-228b-450a-b42a-8b834cd18bc9	1	180786525	196740316	10660	0.248
5aede5d3-228b-450a-b42a-8b834cd18bc9	1	196740630	196830158	58	-0.1859
5aede5d3-228b-450a-b42a-8b834cd18bc9	1	196830375	202616454	3702	0.2478
5aede5d3-228b-450a-b42a-8b834cd18bc9	1	202618922	239310665	25479	0.1597
5aede5d3-228b-450a-b42a-8b834cd18bc9	1	239310714	239310846	2	-1.344
5aede5d3-228b-450a-b42a-8b834cd18bc9	1	239315768	244462758	3770	0.161
5aede5d3-228b-450a-b42a-8b834cd18bc9	1	244463308	248546369	2649	0.2223
5aede5d3-228b-450a-b42a-8b834cd18bc9	1	248550567	248645808	37	-0.7022
5aede5d3-228b-450a-b42a-8b834cd18bc9	1	248646068	248702256	30	0.2095
5aede5d3-228b-450a-b42a-8b834cd18bc9	1	248702580	248703943	5	-0.9989
5aede5d3-228b-450a-b42a-8b834cd18bc9	1	248704056	248930189	103	0.2092
5aede5d3-228b-450a-b42a-8b834cd18bc9	2	12784	7190261	5655	0.0633
5aede5d3-228b-450a-b42a-8b834cd18bc9	2	7190514	11877994	3339	0.1466
5aede5d3-228b-450a-b42a-8b834cd18bc9	2	11881316	11882677	2	-2.2013
5aede5d3-228b-450a-b42a-8b834cd18bc9	2	11897053	14563570	2026	0.1333
5aede5d3-228b-450a-b42a-8b834cd18bc9	2	14564825	14569968	12	-1.0469
5aede5d3-228b-450a-b42a-8b834cd18bc9	2	14570240	16229168	1154	0.1566
5aede5d3-228b-450a-b42a-8b834cd18bc9	2	16229184	16276016	46	0.4594
5aede5d3-228b-450a-b42a-8b834cd18bc9	2	16276762	34245535	11680	0.1482
5aede5d3-228b-450a-b42a-8b834cd18bc9	2	34246314	34466002	140	0.0639
5aede5d3-228b-450a-b42a-8b834cd18bc9	2	34474248	34512096	47	-1.8131
5aede5d3-228b-450a-b42a-8b834cd18bc9	2	34512489	52516787	12985	0.0902
5aede5d3-228b-450a-b42a-8b834cd18bc9	2	52527330	52554404	40	0.7188
5aede5d3-228b-450a-b42a-8b834cd18bc9	2	52560811	59411121	4770	0.0888
5aede5d3-228b-450a-b42a-8b834cd18bc9	2	59416363	59417321	2	-1.2824
5aede5d3-228b-450a-b42a-8b834cd18bc9	2	59417707	63156829	2124	0.0817
5aede5d3-228b-450a-b42a-8b834cd18bc9	2	63159126	68393798	3547	-0.0265
5aede5d3-228b-450a-b42a-8b834cd18bc9	2	68394692	68394710	2	-1.698
5aede5d3-228b-450a-b42a-8b834cd18bc9	2	68394764	73684244	3092	-0.0422
5aede5d3-228b-450a-b42a-8b834cd18bc9	2	73684396	82597124	5989	-0.1198
5aede5d3-228b-450a-b42a-8b834cd18bc9	2	82599931	82603145	2	-2.3122
5aede5d3-228b-450a-b42a-8b834cd18bc9	2	82603674	89972328	3216	-0.1194
5aede5d3-228b-450a-b42a-8b834cd18bc9	2	89972503	90228255	118	0.0058
5aede5d3-228b-450a-b42a-8b834cd18bc9	2	90230139	94940653	151	0.0867
5aede5d3-228b-450a-b42a-8b834cd18bc9	2	94941795	97556965	807	0.1681
5aede5d3-228b-450a-b42a-8b834cd18bc9	2	97558603	103851483	3817	0.0674
5aede5d3-228b-450a-b42a-8b834cd18bc9	2	103855268	106263639	1734	-0.0142
5aede5d3-228b-450a-b42a-8b834cd18bc9	2	106264257	106270799	12	-1.7433
5aede5d3-228b-450a-b42a-8b834cd18bc9	2	106270952	146104517	23765	-0.0184
5aede5d3-228b-450a-b42a-8b834cd18bc9	2	146106836	146109366	24	0.9092
5aede5d3-228b-450a-b42a-8b834cd18bc9	2	146120238	156631765	6326	-0.0163
5aede5d3-228b-450a-b42a-8b834cd18bc9	2	156636819	237961941	50312	-0.1077
5aede5d3-228b-450a-b42a-8b834cd18bc9	2	237963998	242103439	2267	-0.2713
5aede5d3-228b-450a-b42a-8b834cd18bc9	2	242103632	242147305	16	0.0021
5aede5d3-228b-450a-b42a-8b834cd18bc9	3	20930	46751887	33121	-0.0106
5aede5d3-228b-450a-b42a-8b834cd18bc9	3	46760327	46807689	39	-0.9576
5aede5d3-228b-450a-b42a-8b834cd18bc9	3	46808099	58270698	6112	0.0016
5aede5d3-228b-450a-b42a-8b834cd18bc9	3	58271024	67805917	7870	-0.1008
5aede5d3-228b-450a-b42a-8b834cd18bc9	3	67808618	68458007	383	0.0159
5aede5d3-228b-450a-b42a-8b834cd18bc9	3	68458144	68697013	171	-0.1099
5aede5d3-228b-450a-b42a-8b834cd18bc9	3	68697108	68698262	14	-1.3152
5aede5d3-228b-450a-b42a-8b834cd18bc9	3	68699607	71036295	1795	-0.0949
5aede5d3-228b-450a-b42a-8b834cd18bc9	3	71038330	71720705	473	-0.0241
5aede5d3-228b-450a-b42a-8b834cd18bc9	3	71720992	72901959	894	-0.1287
5aede5d3-228b-450a-b42a-8b834cd18bc9	3	72902481	73246441	219	0.0265
5aede5d3-228b-450a-b42a-8b834cd18bc9	3	73247297	75500567	1529	-0.1048
5aede5d3-228b-450a-b42a-8b834cd18bc9	3	75500795	75547095	13	0.8074
5aede5d3-228b-450a-b42a-8b834cd18bc9	3	75559488	81545929	3389	-0.1139
5aede5d3-228b-450a-b42a-8b834cd18bc9	3	81546941	81548156	3	-1.3973
5aede5d3-228b-450a-b42a-8b834cd18bc9	3	81551646	84053071	1271	-0.1092
5aede5d3-228b-450a-b42a-8b834cd18bc9	3	84056282	84057015	2	-1.4581
5aede5d3-228b-450a-b42a-8b834cd18bc9	3	84061816	86406705	1332	-0.1223
5aede5d3-228b-450a-b42a-8b834cd18bc9	3	86406843	87569268	647	0.0159
5aede5d3-228b-450a-b42a-8b834cd18bc9	3	87570173	87678394	57	0.9715
5aede5d3-228b-450a-b42a-8b834cd18bc9	3	87680735	89237009	880	0.6143
5aede5d3-228b-450a-b42a-8b834cd18bc9	3	89246299	89246502	2	-0.6788
5aede5d3-228b-450a-b42a-8b834cd18bc9	3	89247018	90156090	477	0.5924
5aede5d3-228b-450a-b42a-8b834cd18bc9	3	90162349	93807813	57	0.8733
5aede5d3-228b-450a-b42a-8b834cd18bc9	3	93808615	103890842	5497	0.2287
5aede5d3-228b-450a-b42a-8b834cd18bc9	3	103893978	103903074	8	-0.7291
5aede5d3-228b-450a-b42a-8b834cd18bc9	3	103911094	108677809	3038	0.2194
5aede5d3-228b-450a-b42a-8b834cd18bc9	3	108681803	108682299	2	-1.0733
5aede5d3-228b-450a-b42a-8b834cd18bc9	3	108682536	118273652	6111	0.2115
5aede5d3-228b-450a-b42a-8b834cd18bc9	3	118273998	118274237	2	-1.3095
5aede5d3-228b-450a-b42a-8b834cd18bc9	3	118276928	130044016	6899	0.2105
5aede5d3-228b-450a-b42a-8b834cd18bc9	3	130044855	130075961	31	-0.0788
5aede5d3-228b-450a-b42a-8b834cd18bc9	3	130079892	162790480	20253	0.2158
5aede5d3-228b-450a-b42a-8b834cd18bc9	3	162794869	162906065	66	0.6865
5aede5d3-228b-450a-b42a-8b834cd18bc9	3	162906093	162996729	76	0.1376
5aede5d3-228b-450a-b42a-8b834cd18bc9	3	162999939	163001774	2	-2.5211
5aede5d3-228b-450a-b42a-8b834cd18bc9	3	163008371	169631156	3827	0.1881
5aede5d3-228b-450a-b42a-8b834cd18bc9	3	169632074	169632816	2	1.9202
5aede5d3-228b-450a-b42a-8b834cd18bc9	3	169634670	175362822	3736	0.1969
5aede5d3-228b-450a-b42a-8b834cd18bc9	3	175362958	175363536	5	-0.8735
5aede5d3-228b-450a-b42a-8b834cd18bc9	3	175368999	186463737	6582	0.1931
5aede5d3-228b-450a-b42a-8b834cd18bc9	3	186463815	186476220	5	1.1659
5aede5d3-228b-450a-b42a-8b834cd18bc9	3	186477534	193160113	4904	0.1944
5aede5d3-228b-450a-b42a-8b834cd18bc9	3	193160173	193165114	19	-1.0969
5aede5d3-228b-450a-b42a-8b834cd18bc9	3	193168646	195691392	1486	0.1951
5aede5d3-228b-450a-b42a-8b834cd18bc9	3	195695418	195747892	38	0.688
5aede5d3-228b-450a-b42a-8b834cd18bc9	3	195751823	198169247	1165	0.2044
5aede5d3-228b-450a-b42a-8b834cd18bc9	4	68929	10208766	5690	-0.1244
5aede5d3-228b-450a-b42a-8b834cd18bc9	4	10221792	10229874	28	3.5533
5aede5d3-228b-450a-b42a-8b834cd18bc9	4	10232590	10233644	7	0.9303
5aede5d3-228b-450a-b42a-8b834cd18bc9	4	10234518	10270469	40	-0.0866
5aede5d3-228b-450a-b42a-8b834cd18bc9	4	10271164	10273370	10	-1.0373
5aede5d3-228b-450a-b42a-8b834cd18bc9	4	10274358	10389091	118	-0.1074
5aede5d3-228b-450a-b42a-8b834cd18bc9	4	10390730	10399044	16	-0.7838
5aede5d3-228b-450a-b42a-8b834cd18bc9	4	10401094	34777340	16752	-0.1184
5aede5d3-228b-450a-b42a-8b834cd18bc9	4	34777353	34828291	45	0.2502
5aede5d3-228b-450a-b42a-8b834cd18bc9	4	34828306	48701959	8787	-0.1173
5aede5d3-228b-450a-b42a-8b834cd18bc9	4	48703834	53417146	1051	-0.0479
5aede5d3-228b-450a-b42a-8b834cd18bc9	4	53417328	54255072	598	-0.0977
5aede5d3-228b-450a-b42a-8b834cd18bc9	4	54255104	61071220	4583	0.0248
5aede5d3-228b-450a-b42a-8b834cd18bc9	4	61075217	61076234	2	1.2157
5aede5d3-228b-450a-b42a-8b834cd18bc9	4	61079968	62239737	634	0.0166
5aede5d3-228b-450a-b42a-8b834cd18bc9	4	62244971	68395346	3748	-0.1216
5aede5d3-228b-450a-b42a-8b834cd18bc9	4	68416487	68422424	5	1.1242
5aede5d3-228b-450a-b42a-8b834cd18bc9	4	68429081	68686026	85	-0.334
5aede5d3-228b-450a-b42a-8b834cd18bc9	4	68725894	69255175	303	-0.0899
5aede5d3-228b-450a-b42a-8b834cd18bc9	4	69255532	69366406	59	-0.6754
5aede5d3-228b-450a-b42a-8b834cd18bc9	4	69370433	81748408	7669	-0.1126
5aede5d3-228b-450a-b42a-8b834cd18bc9	4	81750016	81750209	4	-1.3146
5aede5d3-228b-450a-b42a-8b834cd18bc9	4	81750784	84161085	1523	-0.1209
5aede5d3-228b-450a-b42a-8b834cd18bc9	4	84161141	84161878	3	-1.6733
5aede5d3-228b-450a-b42a-8b834cd18bc9	4	84162172	110083375	15400	-0.1073
5aede5d3-228b-450a-b42a-8b834cd18bc9	4	110083510	110083850	3	-1.9232
5aede5d3-228b-450a-b42a-8b834cd18bc9	4	110085282	128376263	10972	-0.1131
5aede5d3-228b-450a-b42a-8b834cd18bc9	4	128379069	132811394	2524	-0.2538
5aede5d3-228b-450a-b42a-8b834cd18bc9	4	132819587	188235261	35043	-0.1101
5aede5d3-228b-450a-b42a-8b834cd18bc9	4	188238660	188880251	537	0.0124
5aede5d3-228b-450a-b42a-8b834cd18bc9	4	188884224	190106768	645	-0.0987
5aede5d3-228b-450a-b42a-8b834cd18bc9	5	15532	27082	6	-0.1174
5aede5d3-228b-450a-b42a-8b834cd18bc9	5	29341	3788170	2717	0.2624
5aede5d3-228b-450a-b42a-8b834cd18bc9	5	3789748	3789772	2	-1.5643
5aede5d3-228b-450a-b42a-8b834cd18bc9	5	3790651	8115720	3715	0.2355
5aede5d3-228b-450a-b42a-8b834cd18bc9	5	8117676	8117733	2	-1.3534
5aede5d3-228b-450a-b42a-8b834cd18bc9	5	8121212	12800777	3734	0.2582
5aede5d3-228b-450a-b42a-8b834cd18bc9	5	12815668	12838421	14	-1.2017
5aede5d3-228b-450a-b42a-8b834cd18bc9	5	12849089	17601444	3169	0.2399
5aede5d3-228b-450a-b42a-8b834cd18bc9	5	17601619	17642442	18	-0.7051
5aede5d3-228b-450a-b42a-8b834cd18bc9	5	17655029	20462565	1774	0.2233
5aede5d3-228b-450a-b42a-8b834cd18bc9	5	20463985	20464618	6	-0.4606
5aede5d3-228b-450a-b42a-8b834cd18bc9	5	20464869	21376735	489	0.2247
5aede5d3-228b-450a-b42a-8b834cd18bc9	5	21377730	21377744	2	1.89
5aede5d3-228b-450a-b42a-8b834cd18bc9	5	21385957	34700599	8247	0.2284
5aede5d3-228b-450a-b42a-8b834cd18bc9	5	34700960	34701084	2	-1.5388
5aede5d3-228b-450a-b42a-8b834cd18bc9	5	34703258	50287911	6789	0.2396
5aede5d3-228b-450a-b42a-8b834cd18bc9	5	50290047	55643243	3353	0.1007
5aede5d3-228b-450a-b42a-8b834cd18bc9	5	55648434	55653361	4	-1.2787
5aede5d3-228b-450a-b42a-8b834cd18bc9	5	55654016	56668438	753	0.1077
5aede5d3-228b-450a-b42a-8b834cd18bc9	5	56669014	58034094	910	-0.0127
5aede5d3-228b-450a-b42a-8b834cd18bc9	5	58034306	58037706	21	-0.5668
5aede5d3-228b-450a-b42a-8b834cd18bc9	5	58042530	69550476	7290	-0.0002
5aede5d3-228b-450a-b42a-8b834cd18bc9	5	69571467	69822308	5	1.5029
5aede5d3-228b-450a-b42a-8b834cd18bc9	5	69937600	75299832	2564	-0.0049
5aede5d3-228b-450a-b42a-8b834cd18bc9	5	75299848	79493832	2778	-0.1306
5aede5d3-228b-450a-b42a-8b834cd18bc9	5	79495576	79510352	4	-2.1731
5aede5d3-228b-450a-b42a-8b834cd18bc9	5	79511053	82122944	1542	-0.1447
5aede5d3-228b-450a-b42a-8b834cd18bc9	5	82123459	82131663	3	-2.7392
5aede5d3-228b-450a-b42a-8b834cd18bc9	5	82132219	112898713	18165	-0.1324
5aede5d3-228b-450a-b42a-8b834cd18bc9	5	112898852	181363319	44587	-0.007
5aede5d3-228b-450a-b42a-8b834cd18bc9	6	149661	250619	92	0.2538
5aede5d3-228b-450a-b42a-8b834cd18bc9	6	251566	375759	105	0.4622
5aede5d3-228b-450a-b42a-8b834cd18bc9	6	376937	6025978	4641	0.2467
5aede5d3-228b-450a-b42a-8b834cd18bc9	6	6033698	6034203	3	-1.8664
5aede5d3-228b-450a-b42a-8b834cd18bc9	6	6036812	10815112	3682	0.2393
5aede5d3-228b-450a-b42a-8b834cd18bc9	6	10816673	10816918	2	-1.1348
5aede5d3-228b-450a-b42a-8b834cd18bc9	6	10817272	13197991	1880	0.2414
5aede5d3-228b-450a-b42a-8b834cd18bc9	6	13198665	13201333	2	-0.9282
5aede5d3-228b-450a-b42a-8b834cd18bc9	6	13201661	22694600	7038	0.2356
5aede5d3-228b-450a-b42a-8b834cd18bc9	6	22695254	24341541	1167	0.1175
5aede5d3-228b-450a-b42a-8b834cd18bc9	6	24341864	25436097	788	0.2194
5aede5d3-228b-450a-b42a-8b834cd18bc9	6	25436120	29869295	2221	0.0164
5aede5d3-228b-450a-b42a-8b834cd18bc9	6	29869410	29881490	16	-0.8234
5aede5d3-228b-450a-b42a-8b834cd18bc9	6	29882419	33993664	2067	-0.0041
5aede5d3-228b-450a-b42a-8b834cd18bc9	6	33997657	34366022	173	0.2019
5aede5d3-228b-450a-b42a-8b834cd18bc9	6	34372529	34617432	156	-0.0147
5aede5d3-228b-450a-b42a-8b834cd18bc9	6	34624954	34985133	175	0.2298
5aede5d3-228b-450a-b42a-8b834cd18bc9	6	34992869	38106468	1888	-0.0165
5aede5d3-228b-450a-b42a-8b834cd18bc9	6	38108388	41157402	2333	0.2212
5aede5d3-228b-450a-b42a-8b834cd18bc9	6	41160234	41253267	66	0.0141
5aede5d3-228b-450a-b42a-8b834cd18bc9	6	41255188	41393422	104	0.1914
5aede5d3-228b-450a-b42a-8b834cd18bc9	6	41393846	41778821	261	-0.0025
5aede5d3-228b-450a-b42a-8b834cd18bc9	6	41783613	45709361	2202	0.1169
5aede5d3-228b-450a-b42a-8b834cd18bc9	6	45710329	50043333	2780	0.0155
5aede5d3-228b-450a-b42a-8b834cd18bc9	6	50044884	50925015	509	0.1345
5aede5d3-228b-450a-b42a-8b834cd18bc9	6	50925538	50925578	2	1.4674
5aede5d3-228b-450a-b42a-8b834cd18bc9	6	50931560	51540171	363	0.1254
5aede5d3-228b-450a-b42a-8b834cd18bc9	6	51540337	51808503	196	0.3411
5aede5d3-228b-450a-b42a-8b834cd18bc9	6	51808641	51809363	3	-0.499
5aede5d3-228b-450a-b42a-8b834cd18bc9	6	51809645	52797873	693	0.3202
5aede5d3-228b-450a-b42a-8b834cd18bc9	6	52797896	56295010	2366	0.2343
5aede5d3-228b-450a-b42a-8b834cd18bc9	6	56297875	58258968	719	0.0956
5aede5d3-228b-450a-b42a-8b834cd18bc9	6	58267378	61143242	337	0.2843
5aede5d3-228b-450a-b42a-8b834cd18bc9	6	61143256	66328153	2890	0.0175
5aede5d3-228b-450a-b42a-8b834cd18bc9	6	66331020	66333299	7	-0.7506
5aede5d3-228b-450a-b42a-8b834cd18bc9	6	66333342	70763935	2961	0.0064
5aede5d3-228b-450a-b42a-8b834cd18bc9	6	70765327	70765599	2	-1.6873
5aede5d3-228b-450a-b42a-8b834cd18bc9	6	70765652	78253157	4810	0.0137
5aede5d3-228b-450a-b42a-8b834cd18bc9	6	78253172	78325310	111	0.546
5aede5d3-228b-450a-b42a-8b834cd18bc9	6	78325457	79614117	788	0.0248
5aede5d3-228b-450a-b42a-8b834cd18bc9	6	79615147	79615517	2	-1.3559
5aede5d3-228b-450a-b42a-8b834cd18bc9	6	79615613	81806860	1523	0.0271
5aede5d3-228b-450a-b42a-8b834cd18bc9	6	81807251	105333663	14442	0.2245
5aede5d3-228b-450a-b42a-8b834cd18bc9	6	105334179	123913061	11205	-0.1146
5aede5d3-228b-450a-b42a-8b834cd18bc9	6	123913214	123915173	7	-1.0634
5aede5d3-228b-450a-b42a-8b834cd18bc9	6	123915590	133163732	5997	-0.1127
5aede5d3-228b-450a-b42a-8b834cd18bc9	6	133165891	133945130	560	0.0238
5aede5d3-228b-450a-b42a-8b834cd18bc9	6	133947933	133948494	2	-1.6339
5aede5d3-228b-450a-b42a-8b834cd18bc9	6	133950934	143218696	5866	-0.0096
5aede5d3-228b-450a-b42a-8b834cd18bc9	6	143227144	143227440	3	1.0316
5aede5d3-228b-450a-b42a-8b834cd18bc9	6	143228784	148525869	3582	0.0031
5aede5d3-228b-450a-b42a-8b834cd18bc9	6	148528293	148530173	3	-1.5629
5aede5d3-228b-450a-b42a-8b834cd18bc9	6	148530201	156763401	5921	-0.0017
5aede5d3-228b-450a-b42a-8b834cd18bc9	6	156764318	156943249	121	-0.2617
5aede5d3-228b-450a-b42a-8b834cd18bc9	6	156944315	170741917	9541	-0.0056
5aede5d3-228b-450a-b42a-8b834cd18bc9	7	43355	54318816	38448	0.1237
5aede5d3-228b-450a-b42a-8b834cd18bc9	7	54318817	54318824	4	-1.9596
5aede5d3-228b-450a-b42a-8b834cd18bc9	7	54325795	63582683	2343	0.1346
5aede5d3-228b-450a-b42a-8b834cd18bc9	7	63594363	95856043	18247	0.0112
5aede5d3-228b-450a-b42a-8b834cd18bc9	7	95858746	95859185	2	-2.1146
5aede5d3-228b-450a-b42a-8b834cd18bc9	7	95860200	97756261	1194	0.0135
5aede5d3-228b-450a-b42a-8b834cd18bc9	7	97756328	97773163	21	-0.5371
5aede5d3-228b-450a-b42a-8b834cd18bc9	7	97774928	116294646	10520	0.0144
5aede5d3-228b-450a-b42a-8b834cd18bc9	7	116294957	116301524	5	-1.2364
5aede5d3-228b-450a-b42a-8b834cd18bc9	7	116301612	126404920	6111	0.0231
5aede5d3-228b-450a-b42a-8b834cd18bc9	7	126405428	126406561	12	-1.1747
5aede5d3-228b-450a-b42a-8b834cd18bc9	7	126406822	159325204	20787	0.008
5aede5d3-228b-450a-b42a-8b834cd18bc9	7	159325469	159334314	11	0.3142
5aede5d3-228b-450a-b42a-8b834cd18bc9	8	81254	2107304	1444	-0.0891
5aede5d3-228b-450a-b42a-8b834cd18bc9	8	2107592	2107647	2	-1.8766
5aede5d3-228b-450a-b42a-8b834cd18bc9	8	2107998	6039087	4931	-0.0863
5aede5d3-228b-450a-b42a-8b834cd18bc9	8	6039489	6040573	3	-1.6174
5aede5d3-228b-450a-b42a-8b834cd18bc9	8	6041326	39373140	24059	-0.0721
5aede5d3-228b-450a-b42a-8b834cd18bc9	8	39378084	39529446	58	-2.1242
5aede5d3-228b-450a-b42a-8b834cd18bc9	8	39530780	40914477	1072	-0.0876
5aede5d3-228b-450a-b42a-8b834cd18bc9	8	40920333	40920952	2	-1.7027
5aede5d3-228b-450a-b42a-8b834cd18bc9	8	40926161	46609495	1691	-0.1134
5aede5d3-228b-450a-b42a-8b834cd18bc9	8	46613954	46634473	11	0.6572
5aede5d3-228b-450a-b42a-8b834cd18bc9	8	46635727	81367506	21361	-0.1098
5aede5d3-228b-450a-b42a-8b834cd18bc9	8	81368418	85161655	2118	0.028
5aede5d3-228b-450a-b42a-8b834cd18bc9	8	85168063	111282441	15668	-0.0976
5aede5d3-228b-450a-b42a-8b834cd18bc9	8	111282809	111283031	5	-1.0589
5aede5d3-228b-450a-b42a-8b834cd18bc9	8	111288052	136665653	17709	-0.1004
5aede5d3-228b-450a-b42a-8b834cd18bc9	8	136669376	136804712	106	-1.1587
5aede5d3-228b-450a-b42a-8b834cd18bc9	8	136805041	136806630	5	-2.2045
5aede5d3-228b-450a-b42a-8b834cd18bc9	8	136806840	136842783	52	-0.9818
5aede5d3-228b-450a-b42a-8b834cd18bc9	8	136844071	145072769	4994	-0.1011
5aede5d3-228b-450a-b42a-8b834cd18bc9	9	46587	12554856	11670	-0.1469
5aede5d3-228b-450a-b42a-8b834cd18bc9	9	12556594	12562294	3	-3.5334
5aede5d3-228b-450a-b42a-8b834cd18bc9	9	12565520	39146321	19404	-0.1235
5aede5d3-228b-450a-b42a-8b834cd18bc9	9	39214987	39547492	34	0.0394
5aede5d3-228b-450a-b42a-8b834cd18bc9	9	39588611	39840169	6	0.8562
5aede5d3-228b-450a-b42a-8b834cd18bc9	9	40018947	67915741	389	0.0213
5aede5d3-228b-450a-b42a-8b834cd18bc9	9	68318441	94085442	18296	-0.1123
5aede5d3-228b-450a-b42a-8b834cd18bc9	9	94086855	94761063	364	0.0244
5aede5d3-228b-450a-b42a-8b834cd18bc9	9	94762063	104861961	6960	-0.1141
5aede5d3-228b-450a-b42a-8b834cd18bc9	9	104863031	110262162	4230	0.1217
5aede5d3-228b-450a-b42a-8b834cd18bc9	9	110262509	110265889	3	-1.0682
5aede5d3-228b-450a-b42a-8b834cd18bc9	9	110270151	126391231	11610	0.1206
5aede5d3-228b-450a-b42a-8b834cd18bc9	9	126391612	135319522	5274	0.0816
5aede5d3-228b-450a-b42a-8b834cd18bc9	9	135322259	135324566	3	1.1291
5aede5d3-228b-450a-b42a-8b834cd18bc9	9	135325951	138058464	996	0.0903
5aede5d3-228b-450a-b42a-8b834cd18bc9	9	138061095	138200944	111	0.152
5aede5d3-228b-450a-b42a-8b834cd18bc9	10	45792	127426	43	0.1505
5aede5d3-228b-450a-b42a-8b834cd18bc9	10	130068	2022900	1408	0.2854
5aede5d3-228b-450a-b42a-8b834cd18bc9	10	2022931	3120861	1094	0.4054
5aede5d3-228b-450a-b42a-8b834cd18bc9	10	3120895	24086334	16629	0.2945
5aede5d3-228b-450a-b42a-8b834cd18bc9	10	24088745	24089125	11	-1.5747
5aede5d3-228b-450a-b42a-8b834cd18bc9	10	24089979	28763261	3229	0.2948
5aede5d3-228b-450a-b42a-8b834cd18bc9	10	28764209	43707294	7576	0.3635
5aede5d3-228b-450a-b42a-8b834cd18bc9	10	43710658	45757597	1410	0.0872
5aede5d3-228b-450a-b42a-8b834cd18bc9	10	45761333	45936113	5	-0.6654
5aede5d3-228b-450a-b42a-8b834cd18bc9	10	45998155	46332377	226	0.1127
5aede5d3-228b-450a-b42a-8b834cd18bc9	10	46333369	46446817	5	1.5961
5aede5d3-228b-450a-b42a-8b834cd18bc9	10	46489651	46522514	3	0.3044
5aede5d3-228b-450a-b42a-8b834cd18bc9	10	46522571	46526086	12	-0.3659
5aede5d3-228b-450a-b42a-8b834cd18bc9	10	46526248	46526920	4	0.2077
5aede5d3-228b-450a-b42a-8b834cd18bc9	10	46527206	46708198	33	0.7584
5aede5d3-228b-450a-b42a-8b834cd18bc9	10	46780843	64326958	11830	0.0912
5aede5d3-228b-450a-b42a-8b834cd18bc9	10	64327767	65548259	846	0.169
5aede5d3-228b-450a-b42a-8b834cd18bc9	10	65548272	65554688	24	-0.5519
5aede5d3-228b-450a-b42a-8b834cd18bc9	10	65563037	72901283	4906	0.1602
5aede5d3-228b-450a-b42a-8b834cd18bc9	10	72902294	80234562	4562	0.0998
5aede5d3-228b-450a-b42a-8b834cd18bc9	10	80237322	133654968	36666	-0.1141
5aede5d3-228b-450a-b42a-8b834cd18bc9	11	198510	253390	35	-0.0011
5aede5d3-228b-450a-b42a-8b834cd18bc9	11	253662	254010	3	-1.135
5aede5d3-228b-450a-b42a-8b834cd18bc9	11	254064	1623210	441	-0.042
5aede5d3-228b-450a-b42a-8b834cd18bc9	11	1623675	1627418	5	-1.1446
5aede5d3-228b-450a-b42a-8b834cd18bc9	11	1628657	2764127	463	-0.0251
5aede5d3-228b-450a-b42a-8b834cd18bc9	11	2764161	2764312	2	-1.342
5aede5d3-228b-450a-b42a-8b834cd18bc9	11	2765072	4274526	794	-0.0329
5aede5d3-228b-450a-b42a-8b834cd18bc9	11	4280126	4280146	3	-1.5639
5aede5d3-228b-450a-b42a-8b834cd18bc9	11	4280161	26094019	16637	-0.019
5aede5d3-228b-450a-b42a-8b834cd18bc9	11	26096420	44278291	12492	-0.1109
5aede5d3-228b-450a-b42a-8b834cd18bc9	11	44279998	44284831	8	-1.349
5aede5d3-228b-450a-b42a-8b834cd18bc9	11	44285357	50140397	2960	-0.1139
5aede5d3-228b-450a-b42a-8b834cd18bc9	11	50140545	50743447	183	-0.0081
5aede5d3-228b-450a-b42a-8b834cd18bc9	11	50775865	55172866	171	0.1749
5aede5d3-228b-450a-b42a-8b834cd18bc9	11	55198132	55268996	14	-0.4041
5aede5d3-228b-450a-b42a-8b834cd18bc9	11	55271781	55608785	200	0.1682
5aede5d3-228b-450a-b42a-8b834cd18bc9	11	55608804	55685533	52	0.5632
5aede5d3-228b-450a-b42a-8b834cd18bc9	11	55686100	56118743	329	0.2452
5aede5d3-228b-450a-b42a-8b834cd18bc9	11	56120054	68637532	6237	0.0005
5aede5d3-228b-450a-b42a-8b834cd18bc9	11	68640536	71641093	1725	-0.2685
5aede5d3-228b-450a-b42a-8b834cd18bc9	11	71645745	71915556	82	-0.0593
5aede5d3-228b-450a-b42a-8b834cd18bc9	11	71916162	74663408	1381	-0.2511
5aede5d3-228b-450a-b42a-8b834cd18bc9	11	74664430	77969239	1778	-0.0098
5aede5d3-228b-450a-b42a-8b834cd18bc9	11	77969353	78284097	178	-0.1477
5aede5d3-228b-450a-b42a-8b834cd18bc9	11	78284396	79202779	689	0.0059
5aede5d3-228b-450a-b42a-8b834cd18bc9	11	79203696	80256469	833	-0.0997
5aede5d3-228b-450a-b42a-8b834cd18bc9	11	80256504	80256520	2	-2.5999
5aede5d3-228b-450a-b42a-8b834cd18bc9	11	80256642	80375408	124	-0.0702
5aede5d3-228b-450a-b42a-8b834cd18bc9	11	80375730	80449886	79	-0.2767
5aede5d3-228b-450a-b42a-8b834cd18bc9	11	80451271	81015401	378	-0.0764
5aede5d3-228b-450a-b42a-8b834cd18bc9	11	81015896	81792426	723	-0.2454
5aede5d3-228b-450a-b42a-8b834cd18bc9	11	81792950	81806116	10	-1.2816
5aede5d3-228b-450a-b42a-8b834cd18bc9	11	81811590	92083177	6660	-0.2396
5aede5d3-228b-450a-b42a-8b834cd18bc9	11	92083437	101723653	7268	-0.1095
5aede5d3-228b-450a-b42a-8b834cd18bc9	11	101727129	101727233	4	1.3128
5aede5d3-228b-450a-b42a-8b834cd18bc9	11	101727481	135074876	23678	-0.1127
5aede5d3-228b-450a-b42a-8b834cd18bc9	12	51460	8289689	5553	0.0846
5aede5d3-228b-450a-b42a-8b834cd18bc9	12	8296516	8300870	3	1.4011
5aede5d3-228b-450a-b42a-8b834cd18bc9	12	8307348	9481274	610	0.1039
5aede5d3-228b-450a-b42a-8b834cd18bc9	12	9485313	9562969	22	1.0306
5aede5d3-228b-450a-b42a-8b834cd18bc9	12	9575696	27091466	12120	0.0904
5aede5d3-228b-450a-b42a-8b834cd18bc9	12	27094636	27269953	99	0.0071
5aede5d3-228b-450a-b42a-8b834cd18bc9	12	27271338	27271598	3	-1.2126
5aede5d3-228b-450a-b42a-8b834cd18bc9	12	27273546	30081111	2058	0.0032
5aede5d3-228b-450a-b42a-8b834cd18bc9	12	30082346	30082648	3	-1.1163
5aede5d3-228b-450a-b42a-8b834cd18bc9	12	30086334	33536744	2547	0.0033
5aede5d3-228b-450a-b42a-8b834cd18bc9	12	33536914	45510655	5333	0.1172
5aede5d3-228b-450a-b42a-8b834cd18bc9	12	45512057	45514957	2	1.4191
5aede5d3-228b-450a-b42a-8b834cd18bc9	12	45515754	58327448	7185	0.1138
5aede5d3-228b-450a-b42a-8b834cd18bc9	12	58336368	58336379	2	-1.6678
5aede5d3-228b-450a-b42a-8b834cd18bc9	12	58337065	60478823	1479	0.1231
5aede5d3-228b-450a-b42a-8b834cd18bc9	12	60480818	60483567	6	-1.2301
5aede5d3-228b-450a-b42a-8b834cd18bc9	12	60486777	61066054	294	0.1262
5aede5d3-228b-450a-b42a-8b834cd18bc9	12	61069122	70478078	6179	0.0374
5aede5d3-228b-450a-b42a-8b834cd18bc9	12	70478895	70484247	9	-0.8215
5aede5d3-228b-450a-b42a-8b834cd18bc9	12	70485605	72848336	1512	0.045
5aede5d3-228b-450a-b42a-8b834cd18bc9	12	72851624	72851625	2	-1.497
5aede5d3-228b-450a-b42a-8b834cd18bc9	12	72859412	108486574	23250	0.0352
5aede5d3-228b-450a-b42a-8b834cd18bc9	12	108487236	125853620	10779	0.0072
5aede5d3-228b-450a-b42a-8b834cd18bc9	12	125853758	127512471	1507	0.0274
5aede5d3-228b-450a-b42a-8b834cd18bc9	12	127512866	127512947	2	-1.7336
5aede5d3-228b-450a-b42a-8b834cd18bc9	12	127512967	132739997	3935	0.039
5aede5d3-228b-450a-b42a-8b834cd18bc9	12	132740347	133201603	208	0.0873
5aede5d3-228b-450a-b42a-8b834cd18bc9	13	18452809	18864691	99	0.0321
5aede5d3-228b-450a-b42a-8b834cd18bc9	13	18874255	63650072	29684	-0.1059
5aede5d3-228b-450a-b42a-8b834cd18bc9	13	63650659	63662559	9	-0.9173
5aede5d3-228b-450a-b42a-8b834cd18bc9	13	63665430	71902850	5166	-0.0932
5aede5d3-228b-450a-b42a-8b834cd18bc9	13	71903417	71906418	4	0.9396
5aede5d3-228b-450a-b42a-8b834cd18bc9	13	71906467	87765864	10406	-0.0877
5aede5d3-228b-450a-b42a-8b834cd18bc9	13	87769458	88713342	543	-0.0804
5aede5d3-228b-450a-b42a-8b834cd18bc9	13	88713583	93742331	3293	-0.028
5aede5d3-228b-450a-b42a-8b834cd18bc9	13	93742700	114342922	14786	-0.0697
5aede5d3-228b-450a-b42a-8b834cd18bc9	14	18239283	19110634	33	-0.1264
5aede5d3-228b-450a-b42a-8b834cd18bc9	14	19134873	19957350	136	-0.5202
5aede5d3-228b-450a-b42a-8b834cd18bc9	14	19957701	21655758	1123	-0.1171
5aede5d3-228b-450a-b42a-8b834cd18bc9	14	21655890	21910680	192	0.4549
5aede5d3-228b-450a-b42a-8b834cd18bc9	14	21910958	25901654	2699	0.3177
5aede5d3-228b-450a-b42a-8b834cd18bc9	14	25901760	26314709	322	0.5338
5aede5d3-228b-450a-b42a-8b834cd18bc9	14	26314710	26314711	2	-1.2911
5aede5d3-228b-450a-b42a-8b834cd18bc9	14	26314712	28732569	1416	0.4877
5aede5d3-228b-450a-b42a-8b834cd18bc9	14	28732672	29563241	434	0.8939
5aede5d3-228b-450a-b42a-8b834cd18bc9	14	29563431	29815829	160	1.0309
5aede5d3-228b-450a-b42a-8b834cd18bc9	14	29820825	30362023	317	1.1915
5aede5d3-228b-450a-b42a-8b834cd18bc9	14	30362315	30438974	55	1.4589
5aede5d3-228b-450a-b42a-8b834cd18bc9	14	30439650	31584999	562	1.1623
5aede5d3-228b-450a-b42a-8b834cd18bc9	14	31585360	34105277	1980	1.0871
5aede5d3-228b-450a-b42a-8b834cd18bc9	14	34106054	34502615	270	0.9201
5aede5d3-228b-450a-b42a-8b834cd18bc9	14	34502916	34704418	99	0.7005
5aede5d3-228b-450a-b42a-8b834cd18bc9	14	34707524	35841899	536	0.4849
5aede5d3-228b-450a-b42a-8b834cd18bc9	14	35845261	40139724	2694	0.6504
5aede5d3-228b-450a-b42a-8b834cd18bc9	14	40144718	40147715	2	-2.5655
5aede5d3-228b-450a-b42a-8b834cd18bc9	14	40148961	43192655	2005	0.6363
5aede5d3-228b-450a-b42a-8b834cd18bc9	14	43194113	43551545	177	0.4763
5aede5d3-228b-450a-b42a-8b834cd18bc9	14	43554631	43607265	20	0.7469
5aede5d3-228b-450a-b42a-8b834cd18bc9	14	43611133	43619320	3	-0.2577
5aede5d3-228b-450a-b42a-8b834cd18bc9	14	43620406	45758621	1179	0.3219
5aede5d3-228b-450a-b42a-8b834cd18bc9	14	45761709	46121707	216	0.1991
5aede5d3-228b-450a-b42a-8b834cd18bc9	14	46122855	46122974	2	-1.5459
5aede5d3-228b-450a-b42a-8b834cd18bc9	14	46123697	47202124	637	0.2228
5aede5d3-228b-450a-b42a-8b834cd18bc9	14	47204592	47369091	100	0.4244
5aede5d3-228b-450a-b42a-8b834cd18bc9	14	47376123	52469469	3284	-0.1136
5aede5d3-228b-450a-b42a-8b834cd18bc9	14	52471369	52539056	30	0.3544
5aede5d3-228b-450a-b42a-8b834cd18bc9	14	52541498	60589222	5310	-0.1103
5aede5d3-228b-450a-b42a-8b834cd18bc9	14	60591424	60592418	2	-1.4153
5aede5d3-228b-450a-b42a-8b834cd18bc9	14	60599500	70649723	6250	-0.116
5aede5d3-228b-450a-b42a-8b834cd18bc9	14	70650766	73540003	1941	0.0137
5aede5d3-228b-450a-b42a-8b834cd18bc9	14	73540147	73550834	6	-1.2531
5aede5d3-228b-450a-b42a-8b834cd18bc9	14	73554275	106877229	21126	0.0128
5aede5d3-228b-450a-b42a-8b834cd18bc9	15	19811075	22272411	198	0.2163
5aede5d3-228b-450a-b42a-8b834cd18bc9	15	22278707	24429740	998	-0.1059
5aede5d3-228b-450a-b42a-8b834cd18bc9	15	24429986	24473026	31	-0.774
5aede5d3-228b-450a-b42a-8b834cd18bc9	15	24473449	85965728	38138	-0.1169
5aede5d3-228b-450a-b42a-8b834cd18bc9	15	85968663	85977902	7	-1.2243
5aede5d3-228b-450a-b42a-8b834cd18bc9	15	85978606	101894806	12051	-0.1056
5aede5d3-228b-450a-b42a-8b834cd18bc9	15	101900719	101928837	4	0.5708
5aede5d3-228b-450a-b42a-8b834cd18bc9	16	10777	44808	13	-0.2844
5aede5d3-228b-450a-b42a-8b834cd18bc9	16	45481	19933041	13428	0.0068
5aede5d3-228b-450a-b42a-8b834cd18bc9	16	19934328	19956040	29	-2.9344
5aede5d3-228b-450a-b42a-8b834cd18bc9	16	19958932	22576729	1282	0.0115
5aede5d3-228b-450a-b42a-8b834cd18bc9	16	22579557	22679364	51	-0.2486
5aede5d3-228b-450a-b42a-8b834cd18bc9	16	22680000	31986876	5112	-0.004
5aede5d3-228b-450a-b42a-8b834cd18bc9	16	31994320	33340712	59	0.3403
5aede5d3-228b-450a-b42a-8b834cd18bc9	16	33640096	35225230	154	-0.0328
5aede5d3-228b-450a-b42a-8b834cd18bc9	16	35225338	35557372	187	-0.1543
5aede5d3-228b-450a-b42a-8b834cd18bc9	16	35557420	55762682	6573	0.0119
5aede5d3-228b-450a-b42a-8b834cd18bc9	16	55764310	55764867	3	3.3076
5aede5d3-228b-450a-b42a-8b834cd18bc9	16	55770436	55775312	6	1.1498
5aede5d3-228b-450a-b42a-8b834cd18bc9	16	55775554	60033450	2657	0.0089
5aede5d3-228b-450a-b42a-8b834cd18bc9	16	60039596	78337711	11601	-0.2326
5aede5d3-228b-450a-b42a-8b834cd18bc9	16	78338543	78347366	14	-2.0791
5aede5d3-228b-450a-b42a-8b834cd18bc9	16	78349243	90096867	10592	-0.2374
5aede5d3-228b-450a-b42a-8b834cd18bc9	17	150733	920583	415	0.0829
5aede5d3-228b-450a-b42a-8b834cd18bc9	17	924783	19594577	11343	-0.0037
5aede5d3-228b-450a-b42a-8b834cd18bc9	17	19596423	19635134	30	-1.0476
5aede5d3-228b-450a-b42a-8b834cd18bc9	17	19635445	41265433	8997	-0.0036
5aede5d3-228b-450a-b42a-8b834cd18bc9	17	41265456	41274198	24	1.7325
5aede5d3-228b-450a-b42a-8b834cd18bc9	17	41274279	46136346	2536	0.0014
5aede5d3-228b-450a-b42a-8b834cd18bc9	17	46136800	46284643	86	-0.3974
5aede5d3-228b-450a-b42a-8b834cd18bc9	17	46284997	46571001	8	0.6919
5aede5d3-228b-450a-b42a-8b834cd18bc9	17	46664059	67400884	12175	0.0029
5aede5d3-228b-450a-b42a-8b834cd18bc9	17	67400886	80633498	8381	0.1188
5aede5d3-228b-450a-b42a-8b834cd18bc9	17	80634938	80639707	8	0.9385
5aede5d3-228b-450a-b42a-8b834cd18bc9	17	80641024	83091923	961	0.0881
5aede5d3-228b-450a-b42a-8b834cd18bc9	18	48133	155566	25	0.3138
5aede5d3-228b-450a-b42a-8b834cd18bc9	18	156943	693159	468	0.1234
5aede5d3-228b-450a-b42a-8b834cd18bc9	18	693245	2493697	1275	0.2256
5aede5d3-228b-450a-b42a-8b834cd18bc9	18	2496330	9661018	5206	0.1092
5aede5d3-228b-450a-b42a-8b834cd18bc9	18	9661213	11183854	1245	0.2076
5aede5d3-228b-450a-b42a-8b834cd18bc9	18	11183983	11708399	333	0.5229
5aede5d3-228b-450a-b42a-8b834cd18bc9	18	11717549	12163130	302	0.6838
5aede5d3-228b-450a-b42a-8b834cd18bc9	18	12167032	12594285	208	0.4962
5aede5d3-228b-450a-b42a-8b834cd18bc9	18	12598418	13705731	689	0.1779
5aede5d3-228b-450a-b42a-8b834cd18bc9	18	13705813	14362423	341	0.3486
5aede5d3-228b-450a-b42a-8b834cd18bc9	18	14363581	20980393	308	0.1108
5aede5d3-228b-450a-b42a-8b834cd18bc9	18	20980457	21101332	51	-0.0304
5aede5d3-228b-450a-b42a-8b834cd18bc9	18	21102140	23046473	962	-0.1275
5aede5d3-228b-450a-b42a-8b834cd18bc9	18	23053724	23244409	127	0.0186
5aede5d3-228b-450a-b42a-8b834cd18bc9	18	23250502	27894064	3062	-0.2408
5aede5d3-228b-450a-b42a-8b834cd18bc9	18	27898394	27928435	27	0.122
5aede5d3-228b-450a-b42a-8b834cd18bc9	18	27933079	27949291	14	-0.2579
5aede5d3-228b-450a-b42a-8b834cd18bc9	18	27952020	28213081	156	0.222
5aede5d3-228b-450a-b42a-8b834cd18bc9	18	28219843	38056863	6247	-0.24
5aede5d3-228b-450a-b42a-8b834cd18bc9	18	38056901	62237430	16497	-0.1125
5aede5d3-228b-450a-b42a-8b834cd18bc9	18	62239760	62520630	181	0.2985
5aede5d3-228b-450a-b42a-8b834cd18bc9	18	62525865	63708285	872	0.4726
5aede5d3-228b-450a-b42a-8b834cd18bc9	18	63708396	66095064	1694	0.2947
5aede5d3-228b-450a-b42a-8b834cd18bc9	18	66099904	66100686	3	-2.6043
5aede5d3-228b-450a-b42a-8b834cd18bc9	18	66108359	68036625	1357	0.293
5aede5d3-228b-450a-b42a-8b834cd18bc9	18	68038547	68798652	607	0.2082
5aede5d3-228b-450a-b42a-8b834cd18bc9	18	68804146	80257174	8398	0.3095
5aede5d3-228b-450a-b42a-8b834cd18bc9	19	90910	7380747	2513	-0.041
5aede5d3-228b-450a-b42a-8b834cd18bc9	19	7386414	7386990	2	-1.4639
5aede5d3-228b-450a-b42a-8b834cd18bc9	19	7389136	15673342	4072	-0.0331
5aede5d3-228b-450a-b42a-8b834cd18bc9	19	15679275	15680807	2	-1.702
5aede5d3-228b-450a-b42a-8b834cd18bc9	19	15680854	17119186	830	-0.0385
5aede5d3-228b-450a-b42a-8b834cd18bc9	19	17119389	17393064	117	-0.2385
5aede5d3-228b-450a-b42a-8b834cd18bc9	19	17402906	19698338	942	-0.035
5aede5d3-228b-450a-b42a-8b834cd18bc9	19	19701028	21018960	773	0.0747
5aede5d3-228b-450a-b42a-8b834cd18bc9	19	21029303	21421067	224	-0.0594
5aede5d3-228b-450a-b42a-8b834cd18bc9	19	21427649	22098847	388	-0.2608
5aede5d3-228b-450a-b42a-8b834cd18bc9	19	22103300	22137090	39	0.1491
5aede5d3-228b-450a-b42a-8b834cd18bc9	19	22137207	24274022	1221	-0.2351
5aede5d3-228b-450a-b42a-8b834cd18bc9	19	24274155	27706033	97	0.0083
5aede5d3-228b-450a-b42a-8b834cd18bc9	19	27707365	27809100	36	0.2965
5aede5d3-228b-450a-b42a-8b834cd18bc9	19	27813670	30793899	2296	0.1742
5aede5d3-228b-450a-b42a-8b834cd18bc9	19	30797211	30797633	2	-1.2773
5aede5d3-228b-450a-b42a-8b834cd18bc9	19	30799692	32381281	1209	0.201
5aede5d3-228b-450a-b42a-8b834cd18bc9	19	32386219	37593066	3038	0.3525
5aede5d3-228b-450a-b42a-8b834cd18bc9	19	37600882	37849175	121	-0.1547
5aede5d3-228b-450a-b42a-8b834cd18bc9	19	37850859	37853577	3	-2.1091
5aede5d3-228b-450a-b42a-8b834cd18bc9	19	37855094	39095008	651	-0.1392
5aede5d3-228b-450a-b42a-8b834cd18bc9	19	39097627	39251987	68	0.3173
5aede5d3-228b-450a-b42a-8b834cd18bc9	19	39252450	40485856	663	0.2145
5aede5d3-228b-450a-b42a-8b834cd18bc9	19	40485881	42786621	1089	0.3655
5aede5d3-228b-450a-b42a-8b834cd18bc9	19	42790238	43029369	108	-0.7099
5aede5d3-228b-450a-b42a-8b834cd18bc9	19	43029974	43056224	9	-0.0463
5aede5d3-228b-450a-b42a-8b834cd18bc9	19	43057570	43642778	290	0.4066
5aede5d3-228b-450a-b42a-8b834cd18bc9	19	43644098	44729108	780	0.195
5aede5d3-228b-450a-b42a-8b834cd18bc9	19	44729652	44849162	42	0.4792
5aede5d3-228b-450a-b42a-8b834cd18bc9	19	44855891	45309680	179	0.1663
5aede5d3-228b-450a-b42a-8b834cd18bc9	19	45313289	45379704	23	0.3991
5aede5d3-228b-450a-b42a-8b834cd18bc9	19	45379997	50537159	2244	-0.1311
5aede5d3-228b-450a-b42a-8b834cd18bc9	19	50544642	53545177	2032	0.099
5aede5d3-228b-450a-b42a-8b834cd18bc9	19	53545587	53839317	195	0.2393
5aede5d3-228b-450a-b42a-8b834cd18bc9	19	53841580	55761691	945	0.0865
5aede5d3-228b-450a-b42a-8b834cd18bc9	19	55766684	55771701	6	-0.6668
5aede5d3-228b-450a-b42a-8b834cd18bc9	19	55774927	58586487	1837	0.1013
5aede5d3-228b-450a-b42a-8b834cd18bc9	20	80664	1580353	1204	-0.0841
5aede5d3-228b-450a-b42a-8b834cd18bc9	20	1580934	1601561	36	0.6649
5aede5d3-228b-450a-b42a-8b834cd18bc9	20	1609611	6103540	3261	-0.0956
5aede5d3-228b-450a-b42a-8b834cd18bc9	20	6104551	26206877	15439	0.0404
5aede5d3-228b-450a-b42a-8b834cd18bc9	20	26215123	33676769	1345	0.2307
5aede5d3-228b-450a-b42a-8b834cd18bc9	20	33682424	35193623	676	0.0093
5aede5d3-228b-450a-b42a-8b834cd18bc9	20	35194539	38456021	1806	0.0762
5aede5d3-228b-450a-b42a-8b834cd18bc9	20	38457349	39355034	546	0.0111
5aede5d3-228b-450a-b42a-8b834cd18bc9	20	39355117	41540115	1527	0.1136
5aede5d3-228b-450a-b42a-8b834cd18bc9	20	41540911	42055853	395	0.2908
5aede5d3-228b-450a-b42a-8b834cd18bc9	20	42057214	48912952	5032	0.2085
5aede5d3-228b-450a-b42a-8b834cd18bc9	20	48913376	49918714	596	0.274
5aede5d3-228b-450a-b42a-8b834cd18bc9	20	49920810	51162448	845	0.3658
5aede5d3-228b-450a-b42a-8b834cd18bc9	20	51163062	51775452	460	0.2504
5aede5d3-228b-450a-b42a-8b834cd18bc9	20	51775770	53167766	1023	0.3272
5aede5d3-228b-450a-b42a-8b834cd18bc9	20	53167831	53622513	329	0.516
5aede5d3-228b-450a-b42a-8b834cd18bc9	20	53622571	54028329	324	0.1807
5aede5d3-228b-450a-b42a-8b834cd18bc9	20	54031269	54042112	37	-0.7888
5aede5d3-228b-450a-b42a-8b834cd18bc9	20	54046035	55186461	988	0.2116
5aede5d3-228b-450a-b42a-8b834cd18bc9	20	55186866	55682857	360	0.3932
5aede5d3-228b-450a-b42a-8b834cd18bc9	20	55683132	55799767	116	0.2445
5aede5d3-228b-450a-b42a-8b834cd18bc9	20	55799798	56264492	376	0.4237
5aede5d3-228b-450a-b42a-8b834cd18bc9	20	56264799	58950423	2110	0.2014
5aede5d3-228b-450a-b42a-8b834cd18bc9	20	58950725	59154379	117	0.4005
5aede5d3-228b-450a-b42a-8b834cd18bc9	20	59154800	59303725	105	0.2014
5aede5d3-228b-450a-b42a-8b834cd18bc9	20	59305323	61082443	1614	0.3984
5aede5d3-228b-450a-b42a-8b834cd18bc9	20	61083119	61084232	4	-1.0921
5aede5d3-228b-450a-b42a-8b834cd18bc9	20	61085348	61876087	618	0.3754
5aede5d3-228b-450a-b42a-8b834cd18bc9	20	61876753	64324800	1038	0.219
5aede5d3-228b-450a-b42a-8b834cd18bc9	21	10354168	24898571	8391	0.0908
5aede5d3-228b-450a-b42a-8b834cd18bc9	21	24899405	24905440	3	3.1907
5aede5d3-228b-450a-b42a-8b834cd18bc9	21	24908736	46677045	15445	0.1014
5aede5d3-228b-450a-b42a-8b834cd18bc9	22	15294547	17014661	301	0.1123
5aede5d3-228b-450a-b42a-8b834cd18bc9	22	17018144	17018618	2	1.8062
5aede5d3-228b-450a-b42a-8b834cd18bc9	22	17019000	23987520	4086	0.0805
5aede5d3-228b-450a-b42a-8b834cd18bc9	22	23988078	23989773	2	-2.9343
5aede5d3-228b-450a-b42a-8b834cd18bc9	22	23990431	25985447	1539	0.0556
5aede5d3-228b-450a-b42a-8b834cd18bc9	22	25986008	26728206	680	0.1421
5aede5d3-228b-450a-b42a-8b834cd18bc9	22	26728779	26729800	2	-1.1333
5aede5d3-228b-450a-b42a-8b834cd18bc9	22	26729875	28744247	1649	0.1425
5aede5d3-228b-450a-b42a-8b834cd18bc9	22	28744738	29309892	349	0.0864
5aede5d3-228b-450a-b42a-8b834cd18bc9	22	29310705	29992769	374	-0.1644
5aede5d3-228b-450a-b42a-8b834cd18bc9	22	29993167	33777419	2645	-0.0171
5aede5d3-228b-450a-b42a-8b834cd18bc9	22	33778960	33778986	3	-2.5439
5aede5d3-228b-450a-b42a-8b834cd18bc9	22	33778998	38894915	3543	-0.042
5aede5d3-228b-450a-b42a-8b834cd18bc9	22	38899250	38900899	3	-2.71
5aede5d3-228b-450a-b42a-8b834cd18bc9	22	38903109	42517914	1958	-0.0544
5aede5d3-228b-450a-b42a-8b834cd18bc9	22	42518968	42570693	22	-0.5978
5aede5d3-228b-450a-b42a-8b834cd18bc9	22	42577195	48965059	4922	-0.0522
5aede5d3-228b-450a-b42a-8b834cd18bc9	22	48967938	50419691	970	0.0116
5aede5d3-228b-450a-b42a-8b834cd18bc9	22	50419858	50796027	192	0.0446
5aede5d3-228b-450a-b42a-8b834cd18bc9	X	251810	531761	29	0.1116
5aede5d3-228b-450a-b42a-8b834cd18bc9	X	554401	5779660	2295	-0.0698
5aede5d3-228b-450a-b42a-8b834cd18bc9	X	5781049	5781353	2	-2.2545
5aede5d3-228b-450a-b42a-8b834cd18bc9	X	5783136	7641450	1416	-0.0691
5aede5d3-228b-450a-b42a-8b834cd18bc9	X	7641953	7643017	2	-3.5838
5aede5d3-228b-450a-b42a-8b834cd18bc9	X	7643064	25718213	11823	-0.0787
5aede5d3-228b-450a-b42a-8b834cd18bc9	X	25718315	25725589	2	-1.918
5aede5d3-228b-450a-b42a-8b834cd18bc9	X	25726964	34026256	5597	-0.0764
5aede5d3-228b-450a-b42a-8b834cd18bc9	X	34028436	34052170	23	-1.1556
5aede5d3-228b-450a-b42a-8b834cd18bc9	X	34055308	37941229	2126	-0.0629
5aede5d3-228b-450a-b42a-8b834cd18bc9	X	37941356	37947169	2	-1.6525
5aede5d3-228b-450a-b42a-8b834cd18bc9	X	37947200	58438725	9975	-0.0789
5aede5d3-228b-450a-b42a-8b834cd18bc9	X	58438770	67728163	2134	0.1945
5aede5d3-228b-450a-b42a-8b834cd18bc9	X	67731100	155403210	47877	0.068
5aede5d3-228b-450a-b42a-8b834cd18bc9	X	155403981	155952689	148	0.162
5aede5d3-228b-450a-b42a-8b834cd18bc9	Y	2782397	6071948	718	-2.5573
5aede5d3-228b-450a-b42a-8b834cd18bc9	Y	6075631	7717398	597	-2.9056
5aede5d3-228b-450a-b42a-8b834cd18bc9	Y	7719096	9584883	956	-3.2173
5aede5d3-228b-450a-b42a-8b834cd18bc9	Y	9586404	13478396	993	-2.8928
5aede5d3-228b-450a-b42a-8b834cd18bc9	Y	13478462	13482643	3	-7.6945
5aede5d3-228b-450a-b42a-8b834cd18bc9	Y	13483009	17058562	1755	-2.9696
5aede5d3-228b-450a-b42a-8b834cd18bc9	Y	17067455	17067660	3	-7.6945
5aede5d3-228b-450a-b42a-8b834cd18bc9	Y	17070391	25169825	1435	-3.0274
5aede5d3-228b-450a-b42a-8b834cd18bc9	Y	25472063	56872112	178	-2.5347
