GDC_Aliquot	Chromosome	Start	End	Copy_Number	Major_Copy_Number	Minor_Copy_Number
8a378a0d-4f1b-434b-bb5d-1c58464508c7	chr1	13116	248945703	2	1	1
8a378a0d-4f1b-434b-bb5d-1c58464508c7	chr2	10587	40619651	2	1	1
8a378a0d-4f1b-434b-bb5d-1c58464508c7	chr2	40621410	40631614	1	1	0
8a378a0d-4f1b-434b-bb5d-1c58464508c7	chr2	40632788	88956953	2	1	1
8a378a0d-4f1b-434b-bb5d-1c58464508c7	chr2	88958027	88964322	2	2	0
8a378a0d-4f1b-434b-bb5d-1c58464508c7	chr2	88965490	88983148	2	1	1
8a378a0d-4f1b-434b-bb5d-1c58464508c7	chr2	88984236	89146473	2	2	0
8a378a0d-4f1b-434b-bb5d-1c58464508c7	chr2	89147749	111284586	2	1	1
8a378a0d-4f1b-434b-bb5d-1c58464508c7	chr2	111286488	111462782	2	2	0
8a378a0d-4f1b-434b-bb5d-1c58464508c7	chr2	111467526	158206635	2	1	1
8a378a0d-4f1b-434b-bb5d-1c58464508c7	chr2	158207818	162582512	3	2	1
8a378a0d-4f1b-434b-bb5d-1c58464508c7	chr2	162584450	242183243	2	1	1
8a378a0d-4f1b-434b-bb5d-1c58464508c7	chr3	18519	198181744	2	1	1
8a378a0d-4f1b-434b-bb5d-1c58464508c7	chr4	11961	26070760	2	1	1
8a378a0d-4f1b-434b-bb5d-1c58464508c7	chr4	26073126	28280705	3	2	1
8a378a0d-4f1b-434b-bb5d-1c58464508c7	chr4	28281731	36456706	2	1	1
8a378a0d-4f1b-434b-bb5d-1c58464508c7	chr4	36458154	41156839	3	2	1
8a378a0d-4f1b-434b-bb5d-1c58464508c7	chr4	41158939	190122722	2	1	1
8a378a0d-4f1b-434b-bb5d-1c58464508c7	chr5	11882	45773000	3	2	1
8a378a0d-4f1b-434b-bb5d-1c58464508c7	chr5	45774908	45777793	2	2	0
8a378a0d-4f1b-434b-bb5d-1c58464508c7	chr5	45779451	45905895	3	2	1
8a378a0d-4f1b-434b-bb5d-1c58464508c7	chr5	45907125	46055056	2	2	0
8a378a0d-4f1b-434b-bb5d-1c58464508c7	chr5	46057970	46086964	1	1	0
8a378a0d-4f1b-434b-bb5d-1c58464508c7	chr5	46088021	46253335	2	2	0
8a378a0d-4f1b-434b-bb5d-1c58464508c7	chr5	46254526	46317308	1	1	0
8a378a0d-4f1b-434b-bb5d-1c58464508c7	chr5	46318376	50132078	3	3	0
8a378a0d-4f1b-434b-bb5d-1c58464508c7	chr5	50133353	50251254	2	2	0
8a378a0d-4f1b-434b-bb5d-1c58464508c7	chr5	50253222	181363900	2	1	1
8a378a0d-4f1b-434b-bb5d-1c58464508c7	chr6	100116	26122225	2	1	1
8a378a0d-4f1b-434b-bb5d-1c58464508c7	chr6	26123311	26133388	4	2	2
8a378a0d-4f1b-434b-bb5d-1c58464508c7	chr6	26134444	58422280	2	1	1
8a378a0d-4f1b-434b-bb5d-1c58464508c7	chr6	58423458	58440880	1	1	0
8a378a0d-4f1b-434b-bb5d-1c58464508c7	chr6	58442443	61294746	2	1	1
8a378a0d-4f1b-434b-bb5d-1c58464508c7	chr6	61297402	61472645	1	1	0
8a378a0d-4f1b-434b-bb5d-1c58464508c7	chr6	61473996	61492002	2	2	0
8a378a0d-4f1b-434b-bb5d-1c58464508c7	chr6	61493041	61518560	1	1	0
8a378a0d-4f1b-434b-bb5d-1c58464508c7	chr6	61519697	144002435	2	1	1
8a378a0d-4f1b-434b-bb5d-1c58464508c7	chr6	144003440	150410519	3	2	1
8a378a0d-4f1b-434b-bb5d-1c58464508c7	chr6	150411559	150862035	2	1	1
8a378a0d-4f1b-434b-bb5d-1c58464508c7	chr6	150863347	151621618	3	2	1
8a378a0d-4f1b-434b-bb5d-1c58464508c7	chr6	151622842	170740469	2	1	1
8a378a0d-4f1b-434b-bb5d-1c58464508c7	chr7	20608	114706482	2	1	1
8a378a0d-4f1b-434b-bb5d-1c58464508c7	chr7	114708201	115885671	3	2	1
8a378a0d-4f1b-434b-bb5d-1c58464508c7	chr7	115887010	116312771	2	1	1
8a378a0d-4f1b-434b-bb5d-1c58464508c7	chr7	116315043	118638852	3	2	1
8a378a0d-4f1b-434b-bb5d-1c58464508c7	chr7	118640056	122667279	2	1	1
8a378a0d-4f1b-434b-bb5d-1c58464508c7	chr7	122668938	123452248	3	2	1
8a378a0d-4f1b-434b-bb5d-1c58464508c7	chr7	123457140	123479936	3	3	0
8a378a0d-4f1b-434b-bb5d-1c58464508c7	chr7	123482319	159334386	2	1	1
8a378a0d-4f1b-434b-bb5d-1c58464508c7	chr8	61774	46457960	2	1	1
8a378a0d-4f1b-434b-bb5d-1c58464508c7	chr8	46459139	46542280	1	1	0
8a378a0d-4f1b-434b-bb5d-1c58464508c7	chr8	46544491	69240663	2	1	1
8a378a0d-4f1b-434b-bb5d-1c58464508c7	chr8	69241883	69248374	1	1	0
8a378a0d-4f1b-434b-bb5d-1c58464508c7	chr8	69249506	86172895	2	1	1
8a378a0d-4f1b-434b-bb5d-1c58464508c7	chr8	86173986	100114189	3	2	1
8a378a0d-4f1b-434b-bb5d-1c58464508c7	chr8	100115399	117744017	2	1	1
8a378a0d-4f1b-434b-bb5d-1c58464508c7	chr8	117745835	119981380	3	2	1
8a378a0d-4f1b-434b-bb5d-1c58464508c7	chr8	119984993	127546912	2	1	1
8a378a0d-4f1b-434b-bb5d-1c58464508c7	chr8	127548444	128478493	3	2	1
8a378a0d-4f1b-434b-bb5d-1c58464508c7	chr8	128480072	136009977	2	1	1
8a378a0d-4f1b-434b-bb5d-1c58464508c7	chr8	136011103	136890164	3	2	1
8a378a0d-4f1b-434b-bb5d-1c58464508c7	chr8	136891267	145078402	2	1	1
8a378a0d-4f1b-434b-bb5d-1c58464508c7	chr9	10469	9408460	2	1	1
8a378a0d-4f1b-434b-bb5d-1c58464508c7	chr9	9409606	9426049	1	1	0
8a378a0d-4f1b-434b-bb5d-1c58464508c7	chr9	9427091	64829528	2	1	1
8a378a0d-4f1b-434b-bb5d-1c58464508c7	chr9	64835382	64843681	5	5	0
8a378a0d-4f1b-434b-bb5d-1c58464508c7	chr9	64847204	64861792	4	4	0
8a378a0d-4f1b-434b-bb5d-1c58464508c7	chr9	64862934	64865107	6	6	0
8a378a0d-4f1b-434b-bb5d-1c58464508c7	chr9	64866666	138256233	2	1	1
8a378a0d-4f1b-434b-bb5d-1c58464508c7	chr10	15029	133787009	2	1	1
8a378a0d-4f1b-434b-bb5d-1c58464508c7	chr11	87268	48707598	2	1	1
8a378a0d-4f1b-434b-bb5d-1c58464508c7	chr11	48708785	48837300	1	1	0
8a378a0d-4f1b-434b-bb5d-1c58464508c7	chr11	48838937	68700510	2	1	1
8a378a0d-4f1b-434b-bb5d-1c58464508c7	chr11	68702838	70072609	4	3	1
8a378a0d-4f1b-434b-bb5d-1c58464508c7	chr11	70073750	71531667	3	2	1
8a378a0d-4f1b-434b-bb5d-1c58464508c7	chr11	71532884	72691344	2	1	1
8a378a0d-4f1b-434b-bb5d-1c58464508c7	chr11	72692550	75966359	3	2	1
8a378a0d-4f1b-434b-bb5d-1c58464508c7	chr11	75967603	79713209	4	3	1
8a378a0d-4f1b-434b-bb5d-1c58464508c7	chr11	79714577	81769844	3	2	1
8a378a0d-4f1b-434b-bb5d-1c58464508c7	chr11	81770926	83679356	4	3	1
8a378a0d-4f1b-434b-bb5d-1c58464508c7	chr11	83682807	94565340	3	2	1
8a378a0d-4f1b-434b-bb5d-1c58464508c7	chr11	94567024	95195938	5	4	1
8a378a0d-4f1b-434b-bb5d-1c58464508c7	chr11	95205839	102249153	3	2	1
8a378a0d-4f1b-434b-bb5d-1c58464508c7	chr11	102253017	102363015	4	3	1
8a378a0d-4f1b-434b-bb5d-1c58464508c7	chr11	102364190	102954097	5	4	1
8a378a0d-4f1b-434b-bb5d-1c58464508c7	chr11	102955810	135076424	2	1	1
8a378a0d-4f1b-434b-bb5d-1c58464508c7	chr12	11065	34648336	2	1	1
8a378a0d-4f1b-434b-bb5d-1c58464508c7	chr12	34649702	34703269	1	1	0
8a378a0d-4f1b-434b-bb5d-1c58464508c7	chr12	37463012	37688358	2	1	1
8a378a0d-4f1b-434b-bb5d-1c58464508c7	chr12	37689809	38026753	1	1	0
8a378a0d-4f1b-434b-bb5d-1c58464508c7	chr12	38027934	133264676	2	1	1
8a378a0d-4f1b-434b-bb5d-1c58464508c7	chr13	18445955	65892069	2	1	1
8a378a0d-4f1b-434b-bb5d-1c58464508c7	chr13	65893170	65909706	1	1	0
8a378a0d-4f1b-434b-bb5d-1c58464508c7	chr13	65911263	113905538	2	1	1
8a378a0d-4f1b-434b-bb5d-1c58464508c7	chr13	113907634	114343123	3	2	1
8a378a0d-4f1b-434b-bb5d-1c58464508c7	chr14	18223583	27885473	2	1	1
8a378a0d-4f1b-434b-bb5d-1c58464508c7	chr14	27886637	27899053	1	1	0
8a378a0d-4f1b-434b-bb5d-1c58464508c7	chr14	27900200	30369516	2	1	1
8a378a0d-4f1b-434b-bb5d-1c58464508c7	chr14	30370810	31478754	3	2	1
8a378a0d-4f1b-434b-bb5d-1c58464508c7	chr14	31479823	47135412	2	1	1
8a378a0d-4f1b-434b-bb5d-1c58464508c7	chr14	47137526	47766310	3	2	1
8a378a0d-4f1b-434b-bb5d-1c58464508c7	chr14	47767340	105764562	2	1	1
8a378a0d-4f1b-434b-bb5d-1c58464508c7	chr14	105765687	106503013	1	1	0
8a378a0d-4f1b-434b-bb5d-1c58464508c7	chr14	106504017	106880670	2	1	1
8a378a0d-4f1b-434b-bb5d-1c58464508c7	chr15	19795285	101980591	2	1	1
8a378a0d-4f1b-434b-bb5d-1c58464508c7	chr16	10291	32802510	2	1	1
8a378a0d-4f1b-434b-bb5d-1c58464508c7	chr16	32805943	32879947	1	1	0
8a378a0d-4f1b-434b-bb5d-1c58464508c7	chr16	32882559	90226358	2	1	1
8a378a0d-4f1b-434b-bb5d-1c58464508c7	chr17	151035	83237603	2	1	1
8a378a0d-4f1b-434b-bb5d-1c58464508c7	chr18	16444	80259190	2	1	1
8a378a0d-4f1b-434b-bb5d-1c58464508c7	chr19	157892	27444808	2	1	1
8a378a0d-4f1b-434b-bb5d-1c58464508c7	chr19	27446020	27627427	1	1	0
8a378a0d-4f1b-434b-bb5d-1c58464508c7	chr19	27628480	58607412	2	1	1
8a378a0d-4f1b-434b-bb5d-1c58464508c7	chr20	80457	40616329	2	1	1
8a378a0d-4f1b-434b-bb5d-1c58464508c7	chr20	40617970	40628962	4	2	2
8a378a0d-4f1b-434b-bb5d-1c58464508c7	chr20	40630638	64331516	2	1	1
8a378a0d-4f1b-434b-bb5d-1c58464508c7	chr21	7762688	46699722	2	1	1
8a378a0d-4f1b-434b-bb5d-1c58464508c7	chr22	15284540	19636467	2	1	1
8a378a0d-4f1b-434b-bb5d-1c58464508c7	chr22	19638733	19829842	3	2	1
8a378a0d-4f1b-434b-bb5d-1c58464508c7	chr22	19831186	22850324	2	1	1
8a378a0d-4f1b-434b-bb5d-1c58464508c7	chr22	22851968	22908302	1	1	0
8a378a0d-4f1b-434b-bb5d-1c58464508c7	chr22	22909432	22920188	2	2	0
8a378a0d-4f1b-434b-bb5d-1c58464508c7	chr22	22921330	50802392	2	1	1
8a378a0d-4f1b-434b-bb5d-1c58464508c7	chrX	2781514	4724383	1	1	0
8a378a0d-4f1b-434b-bb5d-1c58464508c7	chrX	4725614	4732985	0	0	0
8a378a0d-4f1b-434b-bb5d-1c58464508c7	chrX	4734835	6175748	1	1	0
8a378a0d-4f1b-434b-bb5d-1c58464508c7	chrX	6177630	6189800	2	2	0
8a378a0d-4f1b-434b-bb5d-1c58464508c7	chrX	6190938	6844917	1	1	0
8a378a0d-4f1b-434b-bb5d-1c58464508c7	chrX	6846364	6881850	2	2	0
8a378a0d-4f1b-434b-bb5d-1c58464508c7	chrX	6882945	22449374	1	1	0
8a378a0d-4f1b-434b-bb5d-1c58464508c7	chrX	22450792	22459676	0	0	0
8a378a0d-4f1b-434b-bb5d-1c58464508c7	chrX	22461262	22485494	2	2	0
8a378a0d-4f1b-434b-bb5d-1c58464508c7	chrX	22486640	26601172	1	1	0
8a378a0d-4f1b-434b-bb5d-1c58464508c7	chrX	26602777	26613148	0	0	0
8a378a0d-4f1b-434b-bb5d-1c58464508c7	chrX	26615349	30438794	1	1	0
8a378a0d-4f1b-434b-bb5d-1c58464508c7	chrX	30440438	30453594	2	2	0
8a378a0d-4f1b-434b-bb5d-1c58464508c7	chrX	30454661	38858489	1	1	0
8a378a0d-4f1b-434b-bb5d-1c58464508c7	chrX	38861118	38911249	2	2	0
8a378a0d-4f1b-434b-bb5d-1c58464508c7	chrX	38912366	40468943	1	1	0
8a378a0d-4f1b-434b-bb5d-1c58464508c7	chrX	40473034	40518174	2	2	0
8a378a0d-4f1b-434b-bb5d-1c58464508c7	chrX	40519541	55639031	1	1	0
8a378a0d-4f1b-434b-bb5d-1c58464508c7	chrX	55642556	55668049	2	2	0
8a378a0d-4f1b-434b-bb5d-1c58464508c7	chrX	55670124	75349977	1	1	0
8a378a0d-4f1b-434b-bb5d-1c58464508c7	chrX	75351123	75363350	2	2	0
8a378a0d-4f1b-434b-bb5d-1c58464508c7	chrX	75365445	85113045	1	1	0
8a378a0d-4f1b-434b-bb5d-1c58464508c7	chrX	85115498	85123783	3	3	0
8a378a0d-4f1b-434b-bb5d-1c58464508c7	chrX	85124805	87316577	1	1	0
8a378a0d-4f1b-434b-bb5d-1c58464508c7	chrX	87317954	87326526	2	2	0
8a378a0d-4f1b-434b-bb5d-1c58464508c7	chrX	87327846	98164285	1	1	0
8a378a0d-4f1b-434b-bb5d-1c58464508c7	chrX	98165402	98191611	0	0	0
8a378a0d-4f1b-434b-bb5d-1c58464508c7	chrX	98196882	104975389	1	1	0
8a378a0d-4f1b-434b-bb5d-1c58464508c7	chrX	104976832	104993069	0	0	0
8a378a0d-4f1b-434b-bb5d-1c58464508c7	chrX	104996096	105143717	1	1	0
8a378a0d-4f1b-434b-bb5d-1c58464508c7	chrX	105145153	105155721	0	0	0
8a378a0d-4f1b-434b-bb5d-1c58464508c7	chrX	105157180	122049881	1	1	0
8a378a0d-4f1b-434b-bb5d-1c58464508c7	chrX	122052917	122070938	0	0	0
8a378a0d-4f1b-434b-bb5d-1c58464508c7	chrX	122072417	126706908	1	1	0
8a378a0d-4f1b-434b-bb5d-1c58464508c7	chrX	126708273	126717178	2	2	0
8a378a0d-4f1b-434b-bb5d-1c58464508c7	chrX	126718548	130076074	1	1	0
8a378a0d-4f1b-434b-bb5d-1c58464508c7	chrX	130077731	130091762	0	0	0
8a378a0d-4f1b-434b-bb5d-1c58464508c7	chrX	130092939	139611980	1	1	0
8a378a0d-4f1b-434b-bb5d-1c58464508c7	chrX	139614086	139625995	0	0	0
8a378a0d-4f1b-434b-bb5d-1c58464508c7	chrX	139628267	141756074	1	1	0
8a378a0d-4f1b-434b-bb5d-1c58464508c7	chrX	141757106	141764528	3	3	0
8a378a0d-4f1b-434b-bb5d-1c58464508c7	chrX	141765634	155699751	1	1	0
8a378a0d-4f1b-434b-bb5d-1c58464508c7	chrY	2789135	8578766	1	1	0
8a378a0d-4f1b-434b-bb5d-1c58464508c7	chrY	8580474	8693327	0	0	0
8a378a0d-4f1b-434b-bb5d-1c58464508c7	chrY	8704109	9573219	1	1	0
8a378a0d-4f1b-434b-bb5d-1c58464508c7	chrY	9593964	9980729	2	2	0
8a378a0d-4f1b-434b-bb5d-1c58464508c7	chrY	9983133	12638737	1	1	0
8a378a0d-4f1b-434b-bb5d-1c58464508c7	chrY	12656748	12733156	2	2	0
8a378a0d-4f1b-434b-bb5d-1c58464508c7	chrY	12738407	26622951	1	1	0
