GDC_Aliquot	Chromosome	Start	End	Num_Probes	Segment_Mean
1da20181-a246-49e3-a0bd-8542a96b3243	1	62920	668210	21	-0.5957
1da20181-a246-49e3-a0bd-8542a96b3243	1	771719	25256850	13996	0.0153
1da20181-a246-49e3-a0bd-8542a96b3243	1	25266637	25320455	24	0.5917
1da20181-a246-49e3-a0bd-8542a96b3243	1	25336819	27091654	750	0.0276
1da20181-a246-49e3-a0bd-8542a96b3243	1	27097451	54007787	14892	0.0987
1da20181-a246-49e3-a0bd-8542a96b3243	1	54007843	61464390	5625	0.025
1da20181-a246-49e3-a0bd-8542a96b3243	1	61464925	61465789	3	1.1087
1da20181-a246-49e3-a0bd-8542a96b3243	1	61466240	61609847	126	-0.0076
1da20181-a246-49e3-a0bd-8542a96b3243	1	61612940	61613080	2	-1.3585
1da20181-a246-49e3-a0bd-8542a96b3243	1	61613517	61647430	30	0.0492
1da20181-a246-49e3-a0bd-8542a96b3243	1	61648334	61652515	4	-1.0708
1da20181-a246-49e3-a0bd-8542a96b3243	1	61654137	72297687	7286	0.022
1da20181-a246-49e3-a0bd-8542a96b3243	1	72302735	72345450	47	0.5277
1da20181-a246-49e3-a0bd-8542a96b3243	1	72345465	83659601	7261	0.0273
1da20181-a246-49e3-a0bd-8542a96b3243	1	83660647	83661409	3	-1.2568
1da20181-a246-49e3-a0bd-8542a96b3243	1	83666331	94668661	7129	0.0345
1da20181-a246-49e3-a0bd-8542a96b3243	1	94668741	94669803	5	-1.1333
1da20181-a246-49e3-a0bd-8542a96b3243	1	94669875	105478597	6533	0.0333
1da20181-a246-49e3-a0bd-8542a96b3243	1	105478759	105479753	10	-0.63
1da20181-a246-49e3-a0bd-8542a96b3243	1	105481433	107349743	1259	0.0358
1da20181-a246-49e3-a0bd-8542a96b3243	1	107352454	119984738	8402	-0.038
1da20181-a246-49e3-a0bd-8542a96b3243	1	119984772	121705338	120	0.045
1da20181-a246-49e3-a0bd-8542a96b3243	1	143459641	150769129	1437	1.0874
1da20181-a246-49e3-a0bd-8542a96b3243	1	150772536	152436200	879	0.9948
1da20181-a246-49e3-a0bd-8542a96b3243	1	152436726	152583051	128	1.1802
1da20181-a246-49e3-a0bd-8542a96b3243	1	152583230	152614118	35	0.0364
1da20181-a246-49e3-a0bd-8542a96b3243	1	152618018	152787202	166	1.1268
1da20181-a246-49e3-a0bd-8542a96b3243	1	152789447	152796224	37	-0.2352
1da20181-a246-49e3-a0bd-8542a96b3243	1	152801429	153018584	167	1.2295
1da20181-a246-49e3-a0bd-8542a96b3243	1	153023248	154037222	587	0.9181
1da20181-a246-49e3-a0bd-8542a96b3243	1	154040059	154108582	30	1.1499
1da20181-a246-49e3-a0bd-8542a96b3243	1	154116932	161363458	4404	0.2885
1da20181-a246-49e3-a0bd-8542a96b3243	1	161363511	167018761	4361	0.2423
1da20181-a246-49e3-a0bd-8542a96b3243	1	167019041	169247699	1721	0.2668
1da20181-a246-49e3-a0bd-8542a96b3243	1	169264736	169272528	7	1.3696
1da20181-a246-49e3-a0bd-8542a96b3243	1	169273163	189271188	13152	0.2546
1da20181-a246-49e3-a0bd-8542a96b3243	1	189271397	189577840	185	0.403
1da20181-a246-49e3-a0bd-8542a96b3243	1	189577858	194479104	3361	0.2514
1da20181-a246-49e3-a0bd-8542a96b3243	1	194482281	194485888	2	-1.9903
1da20181-a246-49e3-a0bd-8542a96b3243	1	194487886	196742057	1447	0.2531
1da20181-a246-49e3-a0bd-8542a96b3243	1	196745692	196832720	60	0.8431
1da20181-a246-49e3-a0bd-8542a96b3243	1	196843377	199138574	1374	0.2632
1da20181-a246-49e3-a0bd-8542a96b3243	1	199142235	199143883	8	-1.0867
1da20181-a246-49e3-a0bd-8542a96b3243	1	199144712	209897717	7400	0.268
1da20181-a246-49e3-a0bd-8542a96b3243	1	209908268	209908720	2	-1.6157
1da20181-a246-49e3-a0bd-8542a96b3243	1	209910639	218004190	5660	0.2525
1da20181-a246-49e3-a0bd-8542a96b3243	1	218006249	218008915	7	-0.8118
1da20181-a246-49e3-a0bd-8542a96b3243	1	218020173	228667018	6663	0.2584
1da20181-a246-49e3-a0bd-8542a96b3243	1	228671781	228671795	2	-1.1821
1da20181-a246-49e3-a0bd-8542a96b3243	1	228672619	230684884	1510	0.2673
1da20181-a246-49e3-a0bd-8542a96b3243	1	230685738	230686250	3	-1.4827
1da20181-a246-49e3-a0bd-8542a96b3243	1	230687157	232304936	1140	0.2862
1da20181-a246-49e3-a0bd-8542a96b3243	1	232305015	244526592	9232	0.2478
1da20181-a246-49e3-a0bd-8542a96b3243	1	244526774	248930189	2799	0.2888
1da20181-a246-49e3-a0bd-8542a96b3243	2	12784	4168879	2994	0.2115
1da20181-a246-49e3-a0bd-8542a96b3243	2	4169315	4175577	30	-0.2673
1da20181-a246-49e3-a0bd-8542a96b3243	2	4175922	28873941	17144	0.2201
1da20181-a246-49e3-a0bd-8542a96b3243	2	28874771	28880941	7	-1.0626
1da20181-a246-49e3-a0bd-8542a96b3243	2	28884780	50196469	15284	0.2216
1da20181-a246-49e3-a0bd-8542a96b3243	2	50196558	50231939	29	-0.1036
1da20181-a246-49e3-a0bd-8542a96b3243	2	50237345	50550364	252	-0.3975
1da20181-a246-49e3-a0bd-8542a96b3243	2	50553783	50720674	152	0.0008
1da20181-a246-49e3-a0bd-8542a96b3243	2	50721281	51133337	276	-0.3846
1da20181-a246-49e3-a0bd-8542a96b3243	2	51136217	51136230	2	-2.0179
1da20181-a246-49e3-a0bd-8542a96b3243	2	51136261	52265431	754	-0.3989
1da20181-a246-49e3-a0bd-8542a96b3243	2	52268661	52325159	40	-0.0985
1da20181-a246-49e3-a0bd-8542a96b3243	2	52325885	52510874	140	-0.4654
1da20181-a246-49e3-a0bd-8542a96b3243	2	52510912	52580429	64	0.0718
1da20181-a246-49e3-a0bd-8542a96b3243	2	52581328	52584576	3	1.0941
1da20181-a246-49e3-a0bd-8542a96b3243	2	52584592	52683724	75	-0.0269
1da20181-a246-49e3-a0bd-8542a96b3243	2	52683965	52704197	18	-0.4446
1da20181-a246-49e3-a0bd-8542a96b3243	2	52704818	52829261	127	-0.1067
1da20181-a246-49e3-a0bd-8542a96b3243	2	52829408	52987600	126	-0.3736
1da20181-a246-49e3-a0bd-8542a96b3243	2	52991715	53038991	40	-0.1324
1da20181-a246-49e3-a0bd-8542a96b3243	2	53040058	89102934	22292	-0.0358
1da20181-a246-49e3-a0bd-8542a96b3243	2	89103940	92068872	241	-0.3273
1da20181-a246-49e3-a0bd-8542a96b3243	2	92078382	97359885	882	-0.0163
1da20181-a246-49e3-a0bd-8542a96b3243	2	97524284	97545247	8	-1.0519
1da20181-a246-49e3-a0bd-8542a96b3243	2	97545726	100129365	1410	-0.0323
1da20181-a246-49e3-a0bd-8542a96b3243	2	100129745	100274941	107	0.2553
1da20181-a246-49e3-a0bd-8542a96b3243	2	100275556	113768406	7925	-0.0444
1da20181-a246-49e3-a0bd-8542a96b3243	2	113771300	153635000	24595	-0.0773
1da20181-a246-49e3-a0bd-8542a96b3243	2	153635647	154726291	652	-0.4403
1da20181-a246-49e3-a0bd-8542a96b3243	2	154728814	159102108	2491	-0.087
1da20181-a246-49e3-a0bd-8542a96b3243	2	159103831	159104461	2	1.8162
1da20181-a246-49e3-a0bd-8542a96b3243	2	159106775	181319143	13908	-0.0896
1da20181-a246-49e3-a0bd-8542a96b3243	2	181322108	183206853	1129	-0.4604
1da20181-a246-49e3-a0bd-8542a96b3243	2	183209675	183372319	99	-0.0755
1da20181-a246-49e3-a0bd-8542a96b3243	2	183374308	186698043	1937	-0.4132
1da20181-a246-49e3-a0bd-8542a96b3243	2	186702489	190494253	2106	-0.0746
1da20181-a246-49e3-a0bd-8542a96b3243	2	190494278	194112024	2026	0.054
1da20181-a246-49e3-a0bd-8542a96b3243	2	194122969	194124834	3	1.5226
1da20181-a246-49e3-a0bd-8542a96b3243	2	194124876	194736377	337	0.0339
1da20181-a246-49e3-a0bd-8542a96b3243	2	194746370	195300105	327	0.1737
1da20181-a246-49e3-a0bd-8542a96b3243	2	195301742	206705079	6750	0.0384
1da20181-a246-49e3-a0bd-8542a96b3243	2	206705398	206709843	2	-2.7643
1da20181-a246-49e3-a0bd-8542a96b3243	2	206710220	207490231	528	0.0462
1da20181-a246-49e3-a0bd-8542a96b3243	2	207490454	207494612	16	-0.7455
1da20181-a246-49e3-a0bd-8542a96b3243	2	207494752	229684339	14461	0.04
1da20181-a246-49e3-a0bd-8542a96b3243	2	229684697	236921030	4575	0.0745
1da20181-a246-49e3-a0bd-8542a96b3243	2	236922716	237489625	416	0.038
1da20181-a246-49e3-a0bd-8542a96b3243	2	237489865	237537160	38	0.1254
1da20181-a246-49e3-a0bd-8542a96b3243	2	237540069	237599652	38	0.3795
1da20181-a246-49e3-a0bd-8542a96b3243	2	237600630	242147305	2544	0.0884
1da20181-a246-49e3-a0bd-8542a96b3243	3	20930	45501733	32298	-0.3362
1da20181-a246-49e3-a0bd-8542a96b3243	3	45504132	52988877	3383	-0.2703
1da20181-a246-49e3-a0bd-8542a96b3243	3	52988908	53005473	45	-0.7155
1da20181-a246-49e3-a0bd-8542a96b3243	3	53005661	59156971	4058	-0.3417
1da20181-a246-49e3-a0bd-8542a96b3243	3	59158547	84053071	17575	-0.0463
1da20181-a246-49e3-a0bd-8542a96b3243	3	84056282	84057015	2	-3.5222
1da20181-a246-49e3-a0bd-8542a96b3243	3	84061816	84650607	302	-0.0698
1da20181-a246-49e3-a0bd-8542a96b3243	3	84650642	84652985	12	-1.5968
1da20181-a246-49e3-a0bd-8542a96b3243	3	84653010	94450692	3419	-0.04
1da20181-a246-49e3-a0bd-8542a96b3243	3	94459891	95901035	780	-0.3779
1da20181-a246-49e3-a0bd-8542a96b3243	3	95905363	96334847	230	-0.0555
1da20181-a246-49e3-a0bd-8542a96b3243	3	96337415	99218940	1542	-0.382
1da20181-a246-49e3-a0bd-8542a96b3243	3	99225614	99226455	14	-1.0821
1da20181-a246-49e3-a0bd-8542a96b3243	3	99226551	99230212	13	-1.9968
1da20181-a246-49e3-a0bd-8542a96b3243	3	99230225	107316951	4771	-0.386
1da20181-a246-49e3-a0bd-8542a96b3243	3	107317337	107320614	2	-2.1278
1da20181-a246-49e3-a0bd-8542a96b3243	3	107324165	113557965	3926	-0.3913
1da20181-a246-49e3-a0bd-8542a96b3243	3	113558161	113562148	3	-1.7714
1da20181-a246-49e3-a0bd-8542a96b3243	3	113564431	126942240	8284	-0.3849
1da20181-a246-49e3-a0bd-8542a96b3243	3	126942356	130044016	1711	-0.3306
1da20181-a246-49e3-a0bd-8542a96b3243	3	130044855	130075961	31	0.0438
1da20181-a246-49e3-a0bd-8542a96b3243	3	130079892	130174126	36	-0.1977
1da20181-a246-49e3-a0bd-8542a96b3243	3	130176612	131987852	1137	-0.3964
1da20181-a246-49e3-a0bd-8542a96b3243	3	131989313	131989627	2	-2.0939
1da20181-a246-49e3-a0bd-8542a96b3243	3	131996155	133226517	868	-0.382
1da20181-a246-49e3-a0bd-8542a96b3243	3	133230735	133333629	110	-1.5815
1da20181-a246-49e3-a0bd-8542a96b3243	3	133341681	136581890	1966	-0.3903
1da20181-a246-49e3-a0bd-8542a96b3243	3	136584317	139312459	1403	-0.043
1da20181-a246-49e3-a0bd-8542a96b3243	3	139312931	162795361	14734	-0.3971
1da20181-a246-49e3-a0bd-8542a96b3243	3	162795671	162898127	60	-1.0875
1da20181-a246-49e3-a0bd-8542a96b3243	3	162906054	195559056	20649	-0.3873
1da20181-a246-49e3-a0bd-8542a96b3243	3	195656271	195752877	47	0.1752
1da20181-a246-49e3-a0bd-8542a96b3243	3	195754940	198169247	1162	-0.3607
1da20181-a246-49e3-a0bd-8542a96b3243	4	68929	2369382	856	0.1141
1da20181-a246-49e3-a0bd-8542a96b3243	4	2370203	2373589	3	-1.373
1da20181-a246-49e3-a0bd-8542a96b3243	4	2383585	9455251	4300	0.1093
1da20181-a246-49e3-a0bd-8542a96b3243	4	9459504	9477699	6	1.5331
1da20181-a246-49e3-a0bd-8542a96b3243	4	9484440	10208766	539	0.0644
1da20181-a246-49e3-a0bd-8542a96b3243	4	10212536	10229874	29	-2.0624
1da20181-a246-49e3-a0bd-8542a96b3243	4	10232590	10233644	7	-0.5824
1da20181-a246-49e3-a0bd-8542a96b3243	4	10234518	10389091	171	0.067
1da20181-a246-49e3-a0bd-8542a96b3243	4	10390730	10399044	16	0.7522
1da20181-a246-49e3-a0bd-8542a96b3243	4	10401094	18940103	6444	0.0711
1da20181-a246-49e3-a0bd-8542a96b3243	4	18942090	18966723	23	-0.8893
1da20181-a246-49e3-a0bd-8542a96b3243	4	18969668	34777353	10297	0.0647
1da20181-a246-49e3-a0bd-8542a96b3243	4	34777382	34822561	41	0.7969
1da20181-a246-49e3-a0bd-8542a96b3243	4	34823103	57819109	13066	0.0748
1da20181-a246-49e3-a0bd-8542a96b3243	4	57819540	57828323	6	-1.0629
1da20181-a246-49e3-a0bd-8542a96b3243	4	57830345	68509237	6370	0.0697
1da20181-a246-49e3-a0bd-8542a96b3243	4	68509442	68734147	77	-0.2081
1da20181-a246-49e3-a0bd-8542a96b3243	4	68735305	69252259	294	0.1067
1da20181-a246-49e3-a0bd-8542a96b3243	4	69252275	69459710	115	0.3049
1da20181-a246-49e3-a0bd-8542a96b3243	4	69459889	137171085	40479	0.0647
1da20181-a246-49e3-a0bd-8542a96b3243	4	137171266	137171651	8	-0.842
1da20181-a246-49e3-a0bd-8542a96b3243	4	137171753	137261389	91	0.0539
1da20181-a246-49e3-a0bd-8542a96b3243	4	137261459	137268623	39	0.4392
1da20181-a246-49e3-a0bd-8542a96b3243	4	137268677	143667053	4152	0.0545
1da20181-a246-49e3-a0bd-8542a96b3243	4	143668344	160939779	10389	-0.0723
1da20181-a246-49e3-a0bd-8542a96b3243	4	160942741	160964197	58	0.2276
1da20181-a246-49e3-a0bd-8542a96b3243	4	160966393	171448195	6645	-0.0732
1da20181-a246-49e3-a0bd-8542a96b3243	4	171453733	171456293	8	2.4981
1da20181-a246-49e3-a0bd-8542a96b3243	4	171456307	181711123	6747	-0.0707
1da20181-a246-49e3-a0bd-8542a96b3243	4	181713010	183404974	1268	-0.4263
1da20181-a246-49e3-a0bd-8542a96b3243	4	183405416	183405472	2	-2.6361
1da20181-a246-49e3-a0bd-8542a96b3243	4	183409766	189267889	4101	-0.4025
1da20181-a246-49e3-a0bd-8542a96b3243	4	189273964	189278110	4	-2.4235
1da20181-a246-49e3-a0bd-8542a96b3243	4	189278617	190106768	350	-0.4102
1da20181-a246-49e3-a0bd-8542a96b3243	5	15532	698357	308	0.4938
1da20181-a246-49e3-a0bd-8542a96b3243	5	698390	800724	27	-0.1035
1da20181-a246-49e3-a0bd-8542a96b3243	5	801456	8662569	6566	0.4022
1da20181-a246-49e3-a0bd-8542a96b3243	5	8664635	8770597	107	-0.2715
1da20181-a246-49e3-a0bd-8542a96b3243	5	8776997	10462985	1458	0.3981
1da20181-a246-49e3-a0bd-8542a96b3243	5	10466630	16173033	3974	-0.7931
1da20181-a246-49e3-a0bd-8542a96b3243	5	16175370	21445849	3241	0.4233
1da20181-a246-49e3-a0bd-8542a96b3243	5	21445950	21452329	8	1.282
1da20181-a246-49e3-a0bd-8542a96b3243	5	21452387	27509274	3524	0.411
1da20181-a246-49e3-a0bd-8542a96b3243	5	27521042	27528507	15	-1.0821
1da20181-a246-49e3-a0bd-8542a96b3243	5	27533552	29610334	1225	0.422
1da20181-a246-49e3-a0bd-8542a96b3243	5	29611139	39663878	6771	0.3469
1da20181-a246-49e3-a0bd-8542a96b3243	5	39664128	45861632	3318	0.1377
1da20181-a246-49e3-a0bd-8542a96b3243	5	45864263	46251204	83	0.3447
1da20181-a246-49e3-a0bd-8542a96b3243	5	46270906	46273400	8	-2.0106
1da20181-a246-49e3-a0bd-8542a96b3243	5	46278110	50696596	221	-0.0194
1da20181-a246-49e3-a0bd-8542a96b3243	5	50696717	53457222	1763	-0.2295
1da20181-a246-49e3-a0bd-8542a96b3243	5	53457303	54532265	696	-0.0556
1da20181-a246-49e3-a0bd-8542a96b3243	5	54533698	56171328	1019	-0.1622
1da20181-a246-49e3-a0bd-8542a96b3243	5	56172641	56361118	167	-0.0565
1da20181-a246-49e3-a0bd-8542a96b3243	5	56361148	57648085	928	0.0811
1da20181-a246-49e3-a0bd-8542a96b3243	5	57648226	58782762	867	-0.1219
1da20181-a246-49e3-a0bd-8542a96b3243	5	58783084	59091920	254	0.0377
1da20181-a246-49e3-a0bd-8542a96b3243	5	59091935	59552471	401	-0.1242
1da20181-a246-49e3-a0bd-8542a96b3243	5	59553155	138024023	47533	-0.3001
1da20181-a246-49e3-a0bd-8542a96b3243	5	138028005	141738228	1658	-0.2281
1da20181-a246-49e3-a0bd-8542a96b3243	5	141739052	167653975	17554	-0.3047
1da20181-a246-49e3-a0bd-8542a96b3243	5	167655000	167661033	12	-1.6059
1da20181-a246-49e3-a0bd-8542a96b3243	5	167663529	169219717	1313	-0.3117
1da20181-a246-49e3-a0bd-8542a96b3243	5	169220500	169220596	2	-1.8714
1da20181-a246-49e3-a0bd-8542a96b3243	5	169222617	171210468	1507	-0.3137
1da20181-a246-49e3-a0bd-8542a96b3243	5	171213458	178680821	4680	-0.2572
1da20181-a246-49e3-a0bd-8542a96b3243	5	178682974	178686162	3	-2.234
1da20181-a246-49e3-a0bd-8542a96b3243	5	178691854	180947523	1346	-0.2197
1da20181-a246-49e3-a0bd-8542a96b3243	5	180951710	181006264	21	0.3826
1da20181-a246-49e3-a0bd-8542a96b3243	5	181015400	181363319	168	-0.3242
1da20181-a246-49e3-a0bd-8542a96b3243	6	149661	267693	109	0.0771
1da20181-a246-49e3-a0bd-8542a96b3243	6	271773	285695	7	-0.9059
1da20181-a246-49e3-a0bd-8542a96b3243	6	286393	2701830	2003	0.0636
1da20181-a246-49e3-a0bd-8542a96b3243	6	2701887	2701901	2	-1.5212
1da20181-a246-49e3-a0bd-8542a96b3243	6	2704200	9525640	5483	0.0672
1da20181-a246-49e3-a0bd-8542a96b3243	6	9528280	9528811	2	-1.5359
1da20181-a246-49e3-a0bd-8542a96b3243	6	9530983	29950810	14077	0.055
1da20181-a246-49e3-a0bd-8542a96b3243	6	29953297	29953350	2	1.8057
1da20181-a246-49e3-a0bd-8542a96b3243	6	29953446	31318528	628	0.084
1da20181-a246-49e3-a0bd-8542a96b3243	6	31318754	31328674	9	-1.4316
1da20181-a246-49e3-a0bd-8542a96b3243	6	31342147	32656814	559	0.0544
1da20181-a246-49e3-a0bd-8542a96b3243	6	32657318	32658841	4	-1.4345
1da20181-a246-49e3-a0bd-8542a96b3243	6	32682835	37660421	2957	0.0885
1da20181-a246-49e3-a0bd-8542a96b3243	6	37661573	41167712	2614	0.0232
1da20181-a246-49e3-a0bd-8542a96b3243	6	41171351	45231246	2345	0.0674
1da20181-a246-49e3-a0bd-8542a96b3243	6	45234837	54066269	5774	0.018
1da20181-a246-49e3-a0bd-8542a96b3243	6	54066286	54066621	6	0.6638
1da20181-a246-49e3-a0bd-8542a96b3243	6	54067005	54067057	2	2.6903
1da20181-a246-49e3-a0bd-8542a96b3243	6	54070550	65411803	4728	0.0247
1da20181-a246-49e3-a0bd-8542a96b3243	6	65412156	65412175	2	-2.0202
1da20181-a246-49e3-a0bd-8542a96b3243	6	65412219	71175455	3882	0.0245
1da20181-a246-49e3-a0bd-8542a96b3243	6	71180534	71180686	3	-1.1779
1da20181-a246-49e3-a0bd-8542a96b3243	6	71181055	76305231	3235	0.0145
1da20181-a246-49e3-a0bd-8542a96b3243	6	76307183	76307209	3	-1.0462
1da20181-a246-49e3-a0bd-8542a96b3243	6	76307276	76742956	315	0.0318
1da20181-a246-49e3-a0bd-8542a96b3243	6	76742972	76758749	5	0.7794
1da20181-a246-49e3-a0bd-8542a96b3243	6	76758871	78253172	973	0.0165
1da20181-a246-49e3-a0bd-8542a96b3243	6	78259348	78325468	111	-0.7101
1da20181-a246-49e3-a0bd-8542a96b3243	6	78329517	93992140	10036	0.0168
1da20181-a246-49e3-a0bd-8542a96b3243	6	93992570	94802521	544	0.1169
1da20181-a246-49e3-a0bd-8542a96b3243	6	94802697	103286954	4876	0.0146
1da20181-a246-49e3-a0bd-8542a96b3243	6	103290101	103314186	46	-0.9923
1da20181-a246-49e3-a0bd-8542a96b3243	6	103317795	124110629	12677	0.0143
1da20181-a246-49e3-a0bd-8542a96b3243	6	124114796	124149616	21	0.7794
1da20181-a246-49e3-a0bd-8542a96b3243	6	124150388	170741917	31431	0.0172
1da20181-a246-49e3-a0bd-8542a96b3243	7	43355	148300	90	-0.235
1da20181-a246-49e3-a0bd-8542a96b3243	7	155066	158626	10	-1.1762
1da20181-a246-49e3-a0bd-8542a96b3243	7	161442	10120388	6067	-0.1464
1da20181-a246-49e3-a0bd-8542a96b3243	7	10120482	14147898	3291	-0.0437
1da20181-a246-49e3-a0bd-8542a96b3243	7	14148044	14833556	490	-0.4186
1da20181-a246-49e3-a0bd-8542a96b3243	7	14835174	15086528	179	-0.1101
1da20181-a246-49e3-a0bd-8542a96b3243	7	15086860	17714258	2142	0.2394
1da20181-a246-49e3-a0bd-8542a96b3243	7	17715264	38271765	15078	0.1125
1da20181-a246-49e3-a0bd-8542a96b3243	7	38277969	38347190	109	0.3738
1da20181-a246-49e3-a0bd-8542a96b3243	7	38347211	54318812	10978	0.1255
1da20181-a246-49e3-a0bd-8542a96b3243	7	54318816	54318824	5	-1.6377
1da20181-a246-49e3-a0bd-8542a96b3243	7	54325795	62332999	2068	0.1332
1da20181-a246-49e3-a0bd-8542a96b3243	7	62526795	62553949	8	0.2028
1da20181-a246-49e3-a0bd-8542a96b3243	7	62553951	63255713	248	0.6859
1da20181-a246-49e3-a0bd-8542a96b3243	7	63259838	70955452	3801	0.1907
1da20181-a246-49e3-a0bd-8542a96b3243	7	70958264	70961155	2	-2.3875
1da20181-a246-49e3-a0bd-8542a96b3243	7	70963257	88781418	9932	0.1902
1da20181-a246-49e3-a0bd-8542a96b3243	7	88781726	89309970	360	0.3005
1da20181-a246-49e3-a0bd-8542a96b3243	7	89311851	109793741	11997	0.1937
1da20181-a246-49e3-a0bd-8542a96b3243	7	109797035	109797715	15	0.7064
1da20181-a246-49e3-a0bd-8542a96b3243	7	109797717	109801155	9	0.1372
1da20181-a246-49e3-a0bd-8542a96b3243	7	109801187	109813853	11	1.0497
1da20181-a246-49e3-a0bd-8542a96b3243	7	109813925	126406489	10026	0.1876
1da20181-a246-49e3-a0bd-8542a96b3243	7	126406546	126406822	3	1.9075
1da20181-a246-49e3-a0bd-8542a96b3243	7	126406823	144264193	11163	0.1888
1da20181-a246-49e3-a0bd-8542a96b3243	7	144295437	144306653	2	2.0786
1da20181-a246-49e3-a0bd-8542a96b3243	7	144312471	154598185	6413	0.1943
1da20181-a246-49e3-a0bd-8542a96b3243	7	154601461	154607903	4	1.2018
1da20181-a246-49e3-a0bd-8542a96b3243	7	154609120	159326530	3231	0.2086
1da20181-a246-49e3-a0bd-8542a96b3243	7	159326564	159334314	4	-0.2848
1da20181-a246-49e3-a0bd-8542a96b3243	8	81254	643041	322	-0.1218
1da20181-a246-49e3-a0bd-8542a96b3243	8	644944	645908	10	0.7684
1da20181-a246-49e3-a0bd-8542a96b3243	8	656117	25114437	21123	-0.0542
1da20181-a246-49e3-a0bd-8542a96b3243	8	25114672	25126708	26	0.4908
1da20181-a246-49e3-a0bd-8542a96b3243	8	25126735	28323164	2502	-0.0573
1da20181-a246-49e3-a0bd-8542a96b3243	8	28325075	28428554	58	0.2822
1da20181-a246-49e3-a0bd-8542a96b3243	8	28429061	37190660	5316	-0.0694
1da20181-a246-49e3-a0bd-8542a96b3243	8	37190716	39389156	1133	-0.401
1da20181-a246-49e3-a0bd-8542a96b3243	8	39389592	39529446	55	-0.931
1da20181-a246-49e3-a0bd-8542a96b3243	8	39530780	41784416	1621	-0.4165
1da20181-a246-49e3-a0bd-8542a96b3243	8	41784646	46524995	1100	-0.3374
1da20181-a246-49e3-a0bd-8542a96b3243	8	46536420	60546758	8713	-0.4228
1da20181-a246-49e3-a0bd-8542a96b3243	8	60546837	67231644	3864	0.5512
1da20181-a246-49e3-a0bd-8542a96b3243	8	67235333	70040504	1885	1.3744
1da20181-a246-49e3-a0bd-8542a96b3243	8	70041692	70042119	3	-0.072
1da20181-a246-49e3-a0bd-8542a96b3243	8	70042441	70985440	451	1.4055
1da20181-a246-49e3-a0bd-8542a96b3243	8	70986095	71300130	246	1.5385
1da20181-a246-49e3-a0bd-8542a96b3243	8	71303076	71304364	8	-0.3922
1da20181-a246-49e3-a0bd-8542a96b3243	8	71307628	71308086	3	1.368
1da20181-a246-49e3-a0bd-8542a96b3243	8	71310086	72935904	1188	1.5994
1da20181-a246-49e3-a0bd-8542a96b3243	8	72938404	73659709	514	1.0301
1da20181-a246-49e3-a0bd-8542a96b3243	8	73662274	74058014	198	1.6247
1da20181-a246-49e3-a0bd-8542a96b3243	8	74060887	74114730	39	1.1139
1da20181-a246-49e3-a0bd-8542a96b3243	8	74116429	74680247	396	1.5943
1da20181-a246-49e3-a0bd-8542a96b3243	8	74683050	74739429	39	1.1916
1da20181-a246-49e3-a0bd-8542a96b3243	8	74739979	74751315	5	0.9158
1da20181-a246-49e3-a0bd-8542a96b3243	8	74760292	78958583	2463	-0.4455
1da20181-a246-49e3-a0bd-8542a96b3243	8	78962267	82223260	1896	1.0609
1da20181-a246-49e3-a0bd-8542a96b3243	8	82227924	83507345	704	0.5698
1da20181-a246-49e3-a0bd-8542a96b3243	8	83507853	84751695	750	1.0934
1da20181-a246-49e3-a0bd-8542a96b3243	8	84754613	87634640	1508	0.5409
1da20181-a246-49e3-a0bd-8542a96b3243	8	87644072	88748700	609	1.0505
1da20181-a246-49e3-a0bd-8542a96b3243	8	88748862	89414089	498	1.6718
1da20181-a246-49e3-a0bd-8542a96b3243	8	89415271	89558279	56	2.0977
1da20181-a246-49e3-a0bd-8542a96b3243	8	89558478	89739091	123	1.6568
1da20181-a246-49e3-a0bd-8542a96b3243	8	89742114	106119169	9944	1.0534
1da20181-a246-49e3-a0bd-8542a96b3243	8	106120030	106172738	31	1.9041
1da20181-a246-49e3-a0bd-8542a96b3243	8	106176422	106781067	429	1.0867
1da20181-a246-49e3-a0bd-8542a96b3243	8	106794186	106838425	31	1.6658
1da20181-a246-49e3-a0bd-8542a96b3243	8	106840037	107035357	175	0.9934
1da20181-a246-49e3-a0bd-8542a96b3243	8	107038783	107065371	21	1.796
1da20181-a246-49e3-a0bd-8542a96b3243	8	107067847	107093645	23	1.0523
1da20181-a246-49e3-a0bd-8542a96b3243	8	107095699	107125415	28	1.7686
1da20181-a246-49e3-a0bd-8542a96b3243	8	107129293	107973686	566	1.0357
1da20181-a246-49e3-a0bd-8542a96b3243	8	107979930	108054354	49	1.8424
1da20181-a246-49e3-a0bd-8542a96b3243	8	108059777	110457894	1347	1.0572
1da20181-a246-49e3-a0bd-8542a96b3243	8	110466670	111282050	442	1.8119
1da20181-a246-49e3-a0bd-8542a96b3243	8	111282065	111282809	4	0.3131
1da20181-a246-49e3-a0bd-8542a96b3243	8	111282852	111949779	336	1.7579
1da20181-a246-49e3-a0bd-8542a96b3243	8	111950121	111983761	24	1.0539
1da20181-a246-49e3-a0bd-8542a96b3243	8	111992011	112052505	43	2.5563
1da20181-a246-49e3-a0bd-8542a96b3243	8	112054152	112140764	32	1.0193
1da20181-a246-49e3-a0bd-8542a96b3243	8	112142474	112634680	301	-0.4734
1da20181-a246-49e3-a0bd-8542a96b3243	8	112636667	112793292	65	1.233
1da20181-a246-49e3-a0bd-8542a96b3243	8	112795430	113149794	202	-0.4118
1da20181-a246-49e3-a0bd-8542a96b3243	8	113158627	113561897	207	1.9083
1da20181-a246-49e3-a0bd-8542a96b3243	8	113567382	113567383	2	-0.0691
1da20181-a246-49e3-a0bd-8542a96b3243	8	113580472	114619814	612	1.826
1da20181-a246-49e3-a0bd-8542a96b3243	8	114622258	114629502	35	-0.3434
1da20181-a246-49e3-a0bd-8542a96b3243	8	114638468	115523749	567	1.8147
1da20181-a246-49e3-a0bd-8542a96b3243	8	115524831	116574912	613	1.3169
1da20181-a246-49e3-a0bd-8542a96b3243	8	116575094	116655523	83	1.0348
1da20181-a246-49e3-a0bd-8542a96b3243	8	116655926	117230987	373	1.3109
1da20181-a246-49e3-a0bd-8542a96b3243	8	117231952	121077314	2715	1.6383
1da20181-a246-49e3-a0bd-8542a96b3243	8	121080951	121722464	438	1.233
1da20181-a246-49e3-a0bd-8542a96b3243	8	121724077	121892557	111	1.6852
1da20181-a246-49e3-a0bd-8542a96b3243	8	121892666	122517390	423	1.2399
1da20181-a246-49e3-a0bd-8542a96b3243	8	122518183	122703178	143	1.8374
1da20181-a246-49e3-a0bd-8542a96b3243	8	122703516	123746033	716	2.0695
1da20181-a246-49e3-a0bd-8542a96b3243	8	123746070	126757902	2091	2.2858
1da20181-a246-49e3-a0bd-8542a96b3243	8	126758863	127806155	798	2.5731
1da20181-a246-49e3-a0bd-8542a96b3243	8	127806763	128580419	627	2.2885
1da20181-a246-49e3-a0bd-8542a96b3243	8	128582669	128636757	47	2.7346
1da20181-a246-49e3-a0bd-8542a96b3243	8	128648157	129234603	340	1.3228
1da20181-a246-49e3-a0bd-8542a96b3243	8	129235009	129621919	277	2.0087
1da20181-a246-49e3-a0bd-8542a96b3243	8	129622040	130029763	255	1.7717
1da20181-a246-49e3-a0bd-8542a96b3243	8	130036895	130607810	369	1.1653
1da20181-a246-49e3-a0bd-8542a96b3243	8	130608068	130635918	25	0.1631
1da20181-a246-49e3-a0bd-8542a96b3243	8	130638567	130958119	329	1.6751
1da20181-a246-49e3-a0bd-8542a96b3243	8	130959039	131147959	139	2.0487
1da20181-a246-49e3-a0bd-8542a96b3243	8	131148728	131196721	23	1.2546
1da20181-a246-49e3-a0bd-8542a96b3243	8	131197679	131484937	200	0.2368
1da20181-a246-49e3-a0bd-8542a96b3243	8	131495184	132937006	1082	1.3008
1da20181-a246-49e3-a0bd-8542a96b3243	8	132940279	133161042	261	0.2181
1da20181-a246-49e3-a0bd-8542a96b3243	8	133161244	133162997	6	-0.5003
1da20181-a246-49e3-a0bd-8542a96b3243	8	133163188	133782580	554	0.2111
1da20181-a246-49e3-a0bd-8542a96b3243	8	133787318	134614029	761	1.2562
1da20181-a246-49e3-a0bd-8542a96b3243	8	134614501	134789180	143	0.1853
1da20181-a246-49e3-a0bd-8542a96b3243	8	134790275	134848158	33	1.3857
1da20181-a246-49e3-a0bd-8542a96b3243	8	134848702	135611528	525	1.7468
1da20181-a246-49e3-a0bd-8542a96b3243	8	135611941	135734738	99	1.27
1da20181-a246-49e3-a0bd-8542a96b3243	8	135736535	135737719	3	-0.3242
1da20181-a246-49e3-a0bd-8542a96b3243	8	135744611	135775049	20	1.4778
1da20181-a246-49e3-a0bd-8542a96b3243	8	135776965	136253453	387	-0.4566
1da20181-a246-49e3-a0bd-8542a96b3243	8	136260535	136350082	86	1.3664
1da20181-a246-49e3-a0bd-8542a96b3243	8	136351073	137325919	721	-0.3947
1da20181-a246-49e3-a0bd-8542a96b3243	8	137328009	137722241	346	1.291
1da20181-a246-49e3-a0bd-8542a96b3243	8	137724911	139582115	1657	0.1917
1da20181-a246-49e3-a0bd-8542a96b3243	8	139584307	139628838	46	1.2961
1da20181-a246-49e3-a0bd-8542a96b3243	8	139632105	140080625	333	-0.3504
1da20181-a246-49e3-a0bd-8542a96b3243	8	140082621	140096123	10	1.3528
1da20181-a246-49e3-a0bd-8542a96b3243	8	140102018	140128916	21	-0.3566
1da20181-a246-49e3-a0bd-8542a96b3243	8	140129623	140146198	11	1.535
1da20181-a246-49e3-a0bd-8542a96b3243	8	140150015	141878711	1000	-0.3766
1da20181-a246-49e3-a0bd-8542a96b3243	8	141882042	141937932	41	1.2848
1da20181-a246-49e3-a0bd-8542a96b3243	8	141940792	142229995	176	-0.3688
1da20181-a246-49e3-a0bd-8542a96b3243	8	142230292	142288817	18	1.2537
1da20181-a246-49e3-a0bd-8542a96b3243	8	142295441	143587222	484	0.2494
1da20181-a246-49e3-a0bd-8542a96b3243	8	143591552	144427623	245	-0.3003
1da20181-a246-49e3-a0bd-8542a96b3243	8	144440133	144462092	18	1.2996
1da20181-a246-49e3-a0bd-8542a96b3243	8	144470123	145072769	260	-0.4019
1da20181-a246-49e3-a0bd-8542a96b3243	9	46587	250453	85	-0.0817
1da20181-a246-49e3-a0bd-8542a96b3243	9	250576	10403105	9866	-0.1978
1da20181-a246-49e3-a0bd-8542a96b3243	9	10404138	10404986	2	1.5119
1da20181-a246-49e3-a0bd-8542a96b3243	9	10407943	22492890	9864	-0.209
1da20181-a246-49e3-a0bd-8542a96b3243	9	22501914	22502700	2	-3.3649
1da20181-a246-49e3-a0bd-8542a96b3243	9	22509341	23361807	579	-0.2114
1da20181-a246-49e3-a0bd-8542a96b3243	9	23363117	23373486	8	-1.8745
1da20181-a246-49e3-a0bd-8542a96b3243	9	23378490	33124874	7211	-0.2035
1da20181-a246-49e3-a0bd-8542a96b3243	9	33125281	37005564	2230	-0.1491
1da20181-a246-49e3-a0bd-8542a96b3243	9	37005787	38439975	927	-0.1954
1da20181-a246-49e3-a0bd-8542a96b3243	9	38440757	38440949	3	-3.2558
1da20181-a246-49e3-a0bd-8542a96b3243	9	38441589	39464004	339	-0.1627
1da20181-a246-49e3-a0bd-8542a96b3243	9	39464177	61405110	217	-0.0352
1da20181-a246-49e3-a0bd-8542a96b3243	9	61520021	61668104	32	0.816
1da20181-a246-49e3-a0bd-8542a96b3243	9	61680289	63580418	36	-0.1766
1da20181-a246-49e3-a0bd-8542a96b3243	9	63590317	63592813	7	1.3424
1da20181-a246-49e3-a0bd-8542a96b3243	9	63614182	63742899	33	0.1022
1da20181-a246-49e3-a0bd-8542a96b3243	9	63746895	76535422	6063	-0.0748
1da20181-a246-49e3-a0bd-8542a96b3243	9	76535746	76545547	13	-0.8106
1da20181-a246-49e3-a0bd-8542a96b3243	9	76548592	85112728	6175	-0.0716
1da20181-a246-49e3-a0bd-8542a96b3243	9	85113635	85114114	2	-1.7253
1da20181-a246-49e3-a0bd-8542a96b3243	9	85115650	87907679	2042	-0.07
1da20181-a246-49e3-a0bd-8542a96b3243	9	87939236	87939304	2	-2.4177
1da20181-a246-49e3-a0bd-8542a96b3243	9	87943042	122577985	25002	-0.056
1da20181-a246-49e3-a0bd-8542a96b3243	9	122578672	138200944	8686	-0.0009
1da20181-a246-49e3-a0bd-8542a96b3243	10	45792	30957563	24197	0.3628
1da20181-a246-49e3-a0bd-8542a96b3243	10	30957581	30962809	11	-0.3349
1da20181-a246-49e3-a0bd-8542a96b3243	10	30962850	38702069	4799	0.3595
1da20181-a246-49e3-a0bd-8542a96b3243	10	38702193	38706915	5	-0.5887
1da20181-a246-49e3-a0bd-8542a96b3243	10	38707235	42339893	84	0.3409
1da20181-a246-49e3-a0bd-8542a96b3243	10	42350947	42355411	2	-0.7773
1da20181-a246-49e3-a0bd-8542a96b3243	10	42357675	43398891	698	0.3584
1da20181-a246-49e3-a0bd-8542a96b3243	10	43399153	46522571	1850	0.3279
1da20181-a246-49e3-a0bd-8542a96b3243	10	46525652	46657149	44	0.0037
1da20181-a246-49e3-a0bd-8542a96b3243	10	46693480	46901552	12	-0.7927
1da20181-a246-49e3-a0bd-8542a96b3243	10	46967412	55182930	5469	0.3389
1da20181-a246-49e3-a0bd-8542a96b3243	10	55183193	56037638	596	0.4224
1da20181-a246-49e3-a0bd-8542a96b3243	10	56044948	57443289	1055	0.3329
1da20181-a246-49e3-a0bd-8542a96b3243	10	57450745	57451013	4	-1.1733
1da20181-a246-49e3-a0bd-8542a96b3243	10	57458735	65538843	5544	0.3168
1da20181-a246-49e3-a0bd-8542a96b3243	10	65539931	65554672	36	0.7498
1da20181-a246-49e3-a0bd-8542a96b3243	10	65554688	76083224	6468	0.3404
1da20181-a246-49e3-a0bd-8542a96b3243	10	76084123	95687542	13434	0.3122
1da20181-a246-49e3-a0bd-8542a96b3243	10	95692886	104685122	5272	0.3395
1da20181-a246-49e3-a0bd-8542a96b3243	10	104687313	118552679	9937	0.3021
1da20181-a246-49e3-a0bd-8542a96b3243	10	118559117	133654968	11098	0.3273
1da20181-a246-49e3-a0bd-8542a96b3243	11	198510	4946420	2417	-0.1398
1da20181-a246-49e3-a0bd-8542a96b3243	11	4947280	4955042	30	0.3654
1da20181-a246-49e3-a0bd-8542a96b3243	11	4955781	5766175	782	-0.1345
1da20181-a246-49e3-a0bd-8542a96b3243	11	5766850	5788108	33	-1.2824
1da20181-a246-49e3-a0bd-8542a96b3243	11	5788231	15042107	6807	-0.1592
1da20181-a246-49e3-a0bd-8542a96b3243	11	15043160	15280216	178	0.0452
1da20181-a246-49e3-a0bd-8542a96b3243	11	15287250	29187338	10140	-0.1665
1da20181-a246-49e3-a0bd-8542a96b3243	11	29187433	44401381	10594	-0.3967
1da20181-a246-49e3-a0bd-8542a96b3243	11	44401406	54619253	3105	-0.1357
1da20181-a246-49e3-a0bd-8542a96b3243	11	54623008	55593955	350	-0.3182
1da20181-a246-49e3-a0bd-8542a96b3243	11	55595864	55693207	62	0.0636
1da20181-a246-49e3-a0bd-8542a96b3243	11	55693312	61158595	3365	-0.3786
1da20181-a246-49e3-a0bd-8542a96b3243	11	61162404	78232897	8332	-0.111
1da20181-a246-49e3-a0bd-8542a96b3243	11	78236480	84107616	4389	-0.1563
1da20181-a246-49e3-a0bd-8542a96b3243	11	84117637	84131281	16	0.6076
1da20181-a246-49e3-a0bd-8542a96b3243	11	84134536	91592926	4815	-0.1514
1da20181-a246-49e3-a0bd-8542a96b3243	11	91593421	94776699	2307	0.0356
1da20181-a246-49e3-a0bd-8542a96b3243	11	94776789	101891526	5436	-0.1545
1da20181-a246-49e3-a0bd-8542a96b3243	11	101891747	106069379	2821	0.0429
1da20181-a246-49e3-a0bd-8542a96b3243	11	106080079	111481420	3536	-0.1595
1da20181-a246-49e3-a0bd-8542a96b3243	11	111488609	111617546	71	0.0577
1da20181-a246-49e3-a0bd-8542a96b3243	11	111618612	111631848	5	-0.8738
1da20181-a246-49e3-a0bd-8542a96b3243	11	111633160	112525874	481	0.0557
1da20181-a246-49e3-a0bd-8542a96b3243	11	112527723	116444494	2902	0.0123
1da20181-a246-49e3-a0bd-8542a96b3243	11	116446246	118485325	1472	0.075
1da20181-a246-49e3-a0bd-8542a96b3243	11	118487003	119352780	460	-0.0906
1da20181-a246-49e3-a0bd-8542a96b3243	11	119359241	120368654	735	-0.3477
1da20181-a246-49e3-a0bd-8542a96b3243	11	120375527	120809368	310	-0.1443
1da20181-a246-49e3-a0bd-8542a96b3243	11	120809592	131901501	8357	-0.3647
1da20181-a246-49e3-a0bd-8542a96b3243	11	131904549	132389839	386	-0.172
1da20181-a246-49e3-a0bd-8542a96b3243	11	132394119	135074876	2045	-0.3821
1da20181-a246-49e3-a0bd-8542a96b3243	12	51460	9477960	6170	0.0532
1da20181-a246-49e3-a0bd-8542a96b3243	12	9481274	9562969	23	1.1557
1da20181-a246-49e3-a0bd-8542a96b3243	12	9575696	11078856	1041	0.0612
1da20181-a246-49e3-a0bd-8542a96b3243	12	11080319	11088933	5	-1.6698
1da20181-a246-49e3-a0bd-8542a96b3243	12	11099275	11350939	128	0.0878
1da20181-a246-49e3-a0bd-8542a96b3243	12	11351008	11399818	37	0.421
1da20181-a246-49e3-a0bd-8542a96b3243	12	11399848	30086777	13088	0.0338
1da20181-a246-49e3-a0bd-8542a96b3243	12	30086809	30091017	23	0.4579
1da20181-a246-49e3-a0bd-8542a96b3243	12	30091052	33141726	2247	0.027
1da20181-a246-49e3-a0bd-8542a96b3243	12	33148472	33154440	27	-0.3572
1da20181-a246-49e3-a0bd-8542a96b3243	12	33155426	51007674	8554	0.0424
1da20181-a246-49e3-a0bd-8542a96b3243	12	51014313	51019199	4	1.4801
1da20181-a246-49e3-a0bd-8542a96b3243	12	51022737	58248073	4173	0.0704
1da20181-a246-49e3-a0bd-8542a96b3243	12	58249448	99401870	26525	0.0184
1da20181-a246-49e3-a0bd-8542a96b3243	12	99401959	99404374	22	-0.5463
1da20181-a246-49e3-a0bd-8542a96b3243	12	99404412	107943334	5780	0.0235
1da20181-a246-49e3-a0bd-8542a96b3243	12	107948630	120058961	8166	0.039
1da20181-a246-49e3-a0bd-8542a96b3243	12	120062630	125000835	2455	0.0791
1da20181-a246-49e3-a0bd-8542a96b3243	12	125002204	133201603	6306	0.0317
1da20181-a246-49e3-a0bd-8542a96b3243	13	18452809	18632974	21	-0.118
1da20181-a246-49e3-a0bd-8542a96b3243	13	18638122	23058539	2834	-0.3681
1da20181-a246-49e3-a0bd-8542a96b3243	13	23058721	23064056	12	0.3453
1da20181-a246-49e3-a0bd-8542a96b3243	13	23064071	37493438	10595	-0.3861
1da20181-a246-49e3-a0bd-8542a96b3243	13	37495907	37514237	21	0.2914
1da20181-a246-49e3-a0bd-8542a96b3243	13	37514250	40897889	2474	-0.3879
1da20181-a246-49e3-a0bd-8542a96b3243	13	40901950	40908041	4	-1.698
1da20181-a246-49e3-a0bd-8542a96b3243	13	40910751	48957415	5536	-0.3856
1da20181-a246-49e3-a0bd-8542a96b3243	13	48959579	48962368	2	-3.4129
1da20181-a246-49e3-a0bd-8542a96b3243	13	48963569	66598647	10118	-0.3817
1da20181-a246-49e3-a0bd-8542a96b3243	13	66602087	66603651	2	-3.041
1da20181-a246-49e3-a0bd-8542a96b3243	13	66604212	68675349	1285	-0.3949
1da20181-a246-49e3-a0bd-8542a96b3243	13	68676647	68676727	2	1.1941
1da20181-a246-49e3-a0bd-8542a96b3243	13	68676863	69440167	549	-0.4117
1da20181-a246-49e3-a0bd-8542a96b3243	13	69454006	71902850	1540	0.1232
1da20181-a246-49e3-a0bd-8542a96b3243	13	71903417	71906418	4	-2.452
1da20181-a246-49e3-a0bd-8542a96b3243	13	71906467	73728900	1325	0.1084
1da20181-a246-49e3-a0bd-8542a96b3243	13	73729881	110792819	25767	0.0489
1da20181-a246-49e3-a0bd-8542a96b3243	13	110793270	114342922	1965	0.0885
1da20181-a246-49e3-a0bd-8542a96b3243	14	18239283	19954424	166	0.0053
1da20181-a246-49e3-a0bd-8542a96b3243	14	19955213	21928968	1366	0.4143
1da20181-a246-49e3-a0bd-8542a96b3243	14	21929841	22501521	481	0.6222
1da20181-a246-49e3-a0bd-8542a96b3243	14	22501577	33631915	7037	0.3753
1da20181-a246-49e3-a0bd-8542a96b3243	14	33636319	34088622	360	0.6472
1da20181-a246-49e3-a0bd-8542a96b3243	14	34091575	40139724	3612	0.4064
1da20181-a246-49e3-a0bd-8542a96b3243	14	40144718	40147715	2	2.227
1da20181-a246-49e3-a0bd-8542a96b3243	14	40148961	43787292	2287	0.4183
1da20181-a246-49e3-a0bd-8542a96b3243	14	43790346	43934562	80	0.8331
1da20181-a246-49e3-a0bd-8542a96b3243	14	43934658	44213344	208	0.4141
1da20181-a246-49e3-a0bd-8542a96b3243	14	44216301	45204754	508	0.7425
1da20181-a246-49e3-a0bd-8542a96b3243	14	45209925	67380501	14034	-0.1036
1da20181-a246-49e3-a0bd-8542a96b3243	14	67381656	78073224	6942	-0.0628
1da20181-a246-49e3-a0bd-8542a96b3243	14	78073524	88674488	7122	-0.1122
1da20181-a246-49e3-a0bd-8542a96b3243	14	88676715	96996140	5687	-0.0675
1da20181-a246-49e3-a0bd-8542a96b3243	14	96996625	99083449	1811	-0.0978
1da20181-a246-49e3-a0bd-8542a96b3243	14	99083565	106297409	3360	-0.0292
1da20181-a246-49e3-a0bd-8542a96b3243	14	106300266	106433474	55	-0.0972
1da20181-a246-49e3-a0bd-8542a96b3243	14	106434898	106462183	44	-0.4601
1da20181-a246-49e3-a0bd-8542a96b3243	14	106462724	106719325	123	-0.0254
1da20181-a246-49e3-a0bd-8542a96b3243	14	106769689	106770361	4	-1.106
1da20181-a246-49e3-a0bd-8542a96b3243	14	106775945	106877229	68	-0.0506
1da20181-a246-49e3-a0bd-8542a96b3243	15	19811075	21417107	175	-0.1533
1da20181-a246-49e3-a0bd-8542a96b3243	15	21975606	22003073	4	1.866
1da20181-a246-49e3-a0bd-8542a96b3243	15	22005276	22576496	34	-0.2147
1da20181-a246-49e3-a0bd-8542a96b3243	15	22582296	22584747	2	-2.1803
1da20181-a246-49e3-a0bd-8542a96b3243	15	22590285	26981522	2800	-0.3273
1da20181-a246-49e3-a0bd-8542a96b3243	15	26982553	26983223	3	-1.9202
1da20181-a246-49e3-a0bd-8542a96b3243	15	26983485	42423746	9634	-0.3194
1da20181-a246-49e3-a0bd-8542a96b3243	15	42424900	42672304	108	-0.5552
1da20181-a246-49e3-a0bd-8542a96b3243	15	42672552	51970414	5254	-0.3231
1da20181-a246-49e3-a0bd-8542a96b3243	15	51973538	51981087	5	-1.4754
1da20181-a246-49e3-a0bd-8542a96b3243	15	51983058	76599170	15861	-0.3164
1da20181-a246-49e3-a0bd-8542a96b3243	15	76599286	76603434	20	-1.8151
1da20181-a246-49e3-a0bd-8542a96b3243	15	76609838	100402074	16468	-0.3207
1da20181-a246-49e3-a0bd-8542a96b3243	15	100404896	100405119	2	-2.0222
1da20181-a246-49e3-a0bd-8542a96b3243	15	100406052	101928837	1131	-0.3154
1da20181-a246-49e3-a0bd-8542a96b3243	16	10777	602298	277	-0.2274
1da20181-a246-49e3-a0bd-8542a96b3243	16	602783	5266274	2015	-0.1041
1da20181-a246-49e3-a0bd-8542a96b3243	16	5271634	30338222	17010	-0.1677
1da20181-a246-49e3-a0bd-8542a96b3243	16	30339440	33682107	702	-0.0256
1da20181-a246-49e3-a0bd-8542a96b3243	16	33682120	35080991	53	0.4692
1da20181-a246-49e3-a0bd-8542a96b3243	16	35082020	55761136	6859	-0.0395
1da20181-a246-49e3-a0bd-8542a96b3243	16	55762477	55782734	18	-1.0402
1da20181-a246-49e3-a0bd-8542a96b3243	16	55782793	58076345	1378	-0.0482
1da20181-a246-49e3-a0bd-8542a96b3243	16	58076889	66625121	5822	-0.1502
1da20181-a246-49e3-a0bd-8542a96b3243	16	66625546	66792420	84	-0.0966
1da20181-a246-49e3-a0bd-8542a96b3243	16	66794063	66956080	75	0.2164
1da20181-a246-49e3-a0bd-8542a96b3243	16	66958451	71214271	1720	-0.0762
1da20181-a246-49e3-a0bd-8542a96b3243	16	71216133	72513482	720	-0.1513
1da20181-a246-49e3-a0bd-8542a96b3243	16	72515486	72517807	2	1.3202
1da20181-a246-49e3-a0bd-8542a96b3243	16	72519489	72624843	50	0.5404
1da20181-a246-49e3-a0bd-8542a96b3243	16	72633411	72898561	136	1.0429
1da20181-a246-49e3-a0bd-8542a96b3243	16	72899905	73063764	103	1.2669
1da20181-a246-49e3-a0bd-8542a96b3243	16	73064791	73224722	88	1.0212
1da20181-a246-49e3-a0bd-8542a96b3243	16	73228219	74166500	775	0.5141
1da20181-a246-49e3-a0bd-8542a96b3243	16	74167074	78834212	3978	0.8272
1da20181-a246-49e3-a0bd-8542a96b3243	16	78835219	78977967	201	0.9659
1da20181-a246-49e3-a0bd-8542a96b3243	16	78978087	82744486	3970	0.8101
1da20181-a246-49e3-a0bd-8542a96b3243	16	82748061	90015252	5735	-0.5125
1da20181-a246-49e3-a0bd-8542a96b3243	16	90023055	90074947	49	1.2464
1da20181-a246-49e3-a0bd-8542a96b3243	16	90079865	90096867	11	-0.6176
1da20181-a246-49e3-a0bd-8542a96b3243	17	150733	8339592	4527	-0.316
1da20181-a246-49e3-a0bd-8542a96b3243	17	8344229	8344415	2	-2.1681
1da20181-a246-49e3-a0bd-8542a96b3243	17	8346140	9880767	1069	-0.3315
1da20181-a246-49e3-a0bd-8542a96b3243	17	9882539	15470543	4332	-0.3761
1da20181-a246-49e3-a0bd-8542a96b3243	17	15473043	18414080	1452	-0.3223
1da20181-a246-49e3-a0bd-8542a96b3243	17	18452078	18602377	34	0.2031
1da20181-a246-49e3-a0bd-8542a96b3243	17	18606845	21612925	1237	-0.3389
1da20181-a246-49e3-a0bd-8542a96b3243	17	21613009	36108874	5584	0.0798
1da20181-a246-49e3-a0bd-8542a96b3243	17	36109139	36157718	37	0.4667
1da20181-a246-49e3-a0bd-8542a96b3243	17	36200725	45421059	4684	0.1082
1da20181-a246-49e3-a0bd-8542a96b3243	17	45421546	46284997	487	0.0145
1da20181-a246-49e3-a0bd-8542a96b3243	17	46286804	46446360	5	0.7694
1da20181-a246-49e3-a0bd-8542a96b3243	17	46569894	51327026	2382	0.1098
1da20181-a246-49e3-a0bd-8542a96b3243	17	51328545	51336017	4	0.745
1da20181-a246-49e3-a0bd-8542a96b3243	17	51336829	72561207	13441	0.0678
1da20181-a246-49e3-a0bd-8542a96b3243	17	72561699	81139641	5009	0.1029
1da20181-a246-49e3-a0bd-8542a96b3243	17	81154966	81155301	5	-1.2717
1da20181-a246-49e3-a0bd-8542a96b3243	17	81158113	83091923	715	0.1365
1da20181-a246-49e3-a0bd-8542a96b3243	18	48133	24536349	12342	-0.0275
1da20181-a246-49e3-a0bd-8542a96b3243	18	24536705	40680516	10430	-0.0583
1da20181-a246-49e3-a0bd-8542a96b3243	18	40680526	40685425	14	-2.2975
1da20181-a246-49e3-a0bd-8542a96b3243	18	40688060	58094049	11765	-0.0623
1da20181-a246-49e3-a0bd-8542a96b3243	18	58094795	58241948	117	-0.41
1da20181-a246-49e3-a0bd-8542a96b3243	18	58242349	66028925	5582	-0.0513
1da20181-a246-49e3-a0bd-8542a96b3243	18	66030219	66065804	35	0.347
1da20181-a246-49e3-a0bd-8542a96b3243	18	66065842	66095064	37	-0.0891
1da20181-a246-49e3-a0bd-8542a96b3243	18	66099904	66100686	3	-2.6206
1da20181-a246-49e3-a0bd-8542a96b3243	18	66108359	67282979	764	-0.0723
1da20181-a246-49e3-a0bd-8542a96b3243	18	67283059	67300028	26	-0.5655
1da20181-a246-49e3-a0bd-8542a96b3243	18	67300481	80257174	9580	-0.0391
1da20181-a246-49e3-a0bd-8542a96b3243	19	90910	19701829	8484	-0.2738
1da20181-a246-49e3-a0bd-8542a96b3243	19	19702210	24185077	2602	-0.3122
1da20181-a246-49e3-a0bd-8542a96b3243	19	24185347	27579513	104	-0.082
1da20181-a246-49e3-a0bd-8542a96b3243	19	27581134	32375342	3574	-0.336
1da20181-a246-49e3-a0bd-8542a96b3243	19	32375877	43118245	5771	-0.2678
1da20181-a246-49e3-a0bd-8542a96b3243	19	43119321	43119416	2	-3.0761
1da20181-a246-49e3-a0bd-8542a96b3243	19	43120181	58586487	8553	-0.2914
1da20181-a246-49e3-a0bd-8542a96b3243	20	80664	1571811	1183	-0.2952
1da20181-a246-49e3-a0bd-8542a96b3243	20	1576544	1580141	17	-1.0706
1da20181-a246-49e3-a0bd-8542a96b3243	20	1580156	1590128	15	-0.1741
1da20181-a246-49e3-a0bd-8542a96b3243	20	1590140	1617460	32	0.2595
1da20181-a246-49e3-a0bd-8542a96b3243	20	1617690	4056881	1686	-0.2877
1da20181-a246-49e3-a0bd-8542a96b3243	20	4056980	4058019	4	-1.7455
1da20181-a246-49e3-a0bd-8542a96b3243	20	4058537	26297680	17061	-0.326
1da20181-a246-49e3-a0bd-8542a96b3243	20	26299965	38410711	3765	0.0391
1da20181-a246-49e3-a0bd-8542a96b3243	20	38412592	43200975	3560	-0.0078
1da20181-a246-49e3-a0bd-8542a96b3243	20	43204015	64281110	15029	0.0264
1da20181-a246-49e3-a0bd-8542a96b3243	20	64282468	64324800	8	-1.1256
1da20181-a246-49e3-a0bd-8542a96b3243	21	10354168	21603791	5761	-0.0796
1da20181-a246-49e3-a0bd-8542a96b3243	21	21607552	21607896	2	-1.8557
1da20181-a246-49e3-a0bd-8542a96b3243	21	21608555	40945907	14607	-0.07
1da20181-a246-49e3-a0bd-8542a96b3243	21	40949932	46677045	3458	-0.0302
1da20181-a246-49e3-a0bd-8542a96b3243	22	15294547	18620743	1133	-0.0342
1da20181-a246-49e3-a0bd-8542a96b3243	22	18649244	18918093	10	-0.5648
1da20181-a246-49e3-a0bd-8542a96b3243	22	18947964	21056202	1465	0.3101
1da20181-a246-49e3-a0bd-8542a96b3243	22	21061652	21490778	112	-0.0297
1da20181-a246-49e3-a0bd-8542a96b3243	22	21491066	36969233	11458	-0.1824
1da20181-a246-49e3-a0bd-8542a96b3243	22	36969503	40195167	1653	-0.1243
1da20181-a246-49e3-a0bd-8542a96b3243	22	40198568	40202938	5	-1.5145
1da20181-a246-49e3-a0bd-8542a96b3243	22	40204483	46962493	4443	-0.1508
1da20181-a246-49e3-a0bd-8542a96b3243	22	46962850	46967168	5	-1.0638
1da20181-a246-49e3-a0bd-8542a96b3243	22	46967360	47651382	566	-0.1692
1da20181-a246-49e3-a0bd-8542a96b3243	22	47651764	50796027	2419	-0.2173
1da20181-a246-49e3-a0bd-8542a96b3243	X	251810	2794620	106	-0.409
1da20181-a246-49e3-a0bd-8542a96b3243	X	2794874	96067580	49315	-0.0075
1da20181-a246-49e3-a0bd-8542a96b3243	X	96069620	96703582	379	0.7625
1da20181-a246-49e3-a0bd-8542a96b3243	X	96709181	155952689	33640	-0.0019
1da20181-a246-49e3-a0bd-8542a96b3243	Y	2782397	56872112	6634	-1.1742
