GDC_Aliquot	Chromosome	Start	End	Num_Probes	Segment_Mean
67117fd2-81ae-47a0-80ae-0acde3454a92	1	62920	16685961	8679	-0.0027
67117fd2-81ae-47a0-80ae-0acde3454a92	1	16686246	16934768	72	-0.4664
67117fd2-81ae-47a0-80ae-0acde3454a92	1	16935200	25256800	5264	0.0028
67117fd2-81ae-47a0-80ae-0acde3454a92	1	25256850	25320455	25	0.6771
67117fd2-81ae-47a0-80ae-0acde3454a92	1	25336819	30261189	2386	0.0019
67117fd2-81ae-47a0-80ae-0acde3454a92	1	30264526	30266949	8	-1.1338
67117fd2-81ae-47a0-80ae-0acde3454a92	1	30268649	72303233	26344	0.0042
67117fd2-81ae-47a0-80ae-0acde3454a92	1	72303253	72345450	43	-0.5816
67117fd2-81ae-47a0-80ae-0acde3454a92	1	72345465	81422771	5777	0.0029
67117fd2-81ae-47a0-80ae-0acde3454a92	1	81422917	81422920	2	1.6293
67117fd2-81ae-47a0-80ae-0acde3454a92	1	81422982	89009572	5156	0.0007
67117fd2-81ae-47a0-80ae-0acde3454a92	1	89012275	89012522	2	-2.9972
67117fd2-81ae-47a0-80ae-0acde3454a92	1	89015841	101564445	7871	-0.0067
67117fd2-81ae-47a0-80ae-0acde3454a92	1	101574473	101574712	2	-1.4057
67117fd2-81ae-47a0-80ae-0acde3454a92	1	101574850	103616762	1212	0.0033
67117fd2-81ae-47a0-80ae-0acde3454a92	1	103620877	103697364	4	1.3615
67117fd2-81ae-47a0-80ae-0acde3454a92	1	103717410	105476583	921	0.0074
67117fd2-81ae-47a0-80ae-0acde3454a92	1	105476614	105479198	11	1.0082
67117fd2-81ae-47a0-80ae-0acde3454a92	1	105479231	110834746	3489	-0.001
67117fd2-81ae-47a0-80ae-0acde3454a92	1	110834943	110845604	38	-0.7024
67117fd2-81ae-47a0-80ae-0acde3454a92	1	110849445	112147704	1073	-0.001
67117fd2-81ae-47a0-80ae-0acde3454a92	1	112153343	112163334	26	0.5173
67117fd2-81ae-47a0-80ae-0acde3454a92	1	112163438	120064540	5044	-0.0005
67117fd2-81ae-47a0-80ae-0acde3454a92	1	120089042	150458483	1399	0.0769
67117fd2-81ae-47a0-80ae-0acde3454a92	1	150459086	152583051	1155	0.0049
67117fd2-81ae-47a0-80ae-0acde3454a92	1	152583230	152618018	36	0.5394
67117fd2-81ae-47a0-80ae-0acde3454a92	1	152618089	196771842	29666	0.0015
67117fd2-81ae-47a0-80ae-0acde3454a92	1	196771987	196820098	32	0.4736
67117fd2-81ae-47a0-80ae-0acde3454a92	1	196820637	248930189	35820	0.0032
67117fd2-81ae-47a0-80ae-0acde3454a92	2	12784	184451949	114131	0.0045
67117fd2-81ae-47a0-80ae-0acde3454a92	2	184452153	184455332	4	1.6007
67117fd2-81ae-47a0-80ae-0acde3454a92	2	184460792	208189585	13681	0.0112
67117fd2-81ae-47a0-80ae-0acde3454a92	2	208190524	208193673	2	1.6092
67117fd2-81ae-47a0-80ae-0acde3454a92	2	208195839	214234173	3859	0.0019
67117fd2-81ae-47a0-80ae-0acde3454a92	2	214234502	214257664	13	0.6663
67117fd2-81ae-47a0-80ae-0acde3454a92	2	214258201	224919930	7006	-0.0035
67117fd2-81ae-47a0-80ae-0acde3454a92	2	224921524	224922337	5	-1.0219
67117fd2-81ae-47a0-80ae-0acde3454a92	2	224922621	242147305	10786	0.001
67117fd2-81ae-47a0-80ae-0acde3454a92	3	20930	2323933	2034	0.0241
67117fd2-81ae-47a0-80ae-0acde3454a92	3	2326335	2763245	362	-1.0501
67117fd2-81ae-47a0-80ae-0acde3454a92	3	2764603	47940141	31281	0.0097
67117fd2-81ae-47a0-80ae-0acde3454a92	3	47943691	47944613	3	-1.3814
67117fd2-81ae-47a0-80ae-0acde3454a92	3	47947331	65200174	11616	0.0094
67117fd2-81ae-47a0-80ae-0acde3454a92	3	65202778	65224777	53	-0.6182
67117fd2-81ae-47a0-80ae-0acde3454a92	3	65230674	68697013	2420	0.0014
67117fd2-81ae-47a0-80ae-0acde3454a92	3	68697108	68698262	14	2.1222
67117fd2-81ae-47a0-80ae-0acde3454a92	3	68699607	98190281	15313	0.0016
67117fd2-81ae-47a0-80ae-0acde3454a92	3	98194581	98195973	2	1.9852
67117fd2-81ae-47a0-80ae-0acde3454a92	3	98197104	99225614	593	0.0139
67117fd2-81ae-47a0-80ae-0acde3454a92	3	99225632	99230577	37	0.3315
67117fd2-81ae-47a0-80ae-0acde3454a92	3	99232120	119001132	12252	-0.0044
67117fd2-81ae-47a0-80ae-0acde3454a92	3	119012086	119058050	18	0.6583
67117fd2-81ae-47a0-80ae-0acde3454a92	3	119061516	119086706	14	1.149
67117fd2-81ae-47a0-80ae-0acde3454a92	3	119088004	119101810	13	0.7644
67117fd2-81ae-47a0-80ae-0acde3454a92	3	119107036	130044016	6410	0.0005
67117fd2-81ae-47a0-80ae-0acde3454a92	3	130044855	130087393	38	0.5629
67117fd2-81ae-47a0-80ae-0acde3454a92	3	130088081	132270503	1437	-0.007
67117fd2-81ae-47a0-80ae-0acde3454a92	3	132273893	132276840	4	-0.9676
67117fd2-81ae-47a0-80ae-0acde3454a92	3	132281633	136300257	2586	-0.0026
67117fd2-81ae-47a0-80ae-0acde3454a92	3	136304109	136306584	2	-2.7702
67117fd2-81ae-47a0-80ae-0acde3454a92	3	136319699	142100042	3407	-0.0039
67117fd2-81ae-47a0-80ae-0acde3454a92	3	142102103	142372631	119	0.5501
67117fd2-81ae-47a0-80ae-0acde3454a92	3	142375789	162790404	12701	0.0063
67117fd2-81ae-47a0-80ae-0acde3454a92	3	162790480	162815162	17	0.5825
67117fd2-81ae-47a0-80ae-0acde3454a92	3	162816942	162822702	6	1.8447
67117fd2-81ae-47a0-80ae-0acde3454a92	3	162827928	162908207	48	0.6128
67117fd2-81ae-47a0-80ae-0acde3454a92	3	162908784	163941185	584	0.0102
67117fd2-81ae-47a0-80ae-0acde3454a92	3	163944509	163945129	8	-0.9013
67117fd2-81ae-47a0-80ae-0acde3454a92	3	163952660	165304048	713	0.0164
67117fd2-81ae-47a0-80ae-0acde3454a92	3	165304486	165312891	3	-1.6534
67117fd2-81ae-47a0-80ae-0acde3454a92	3	165313569	169012392	2133	0.0047
67117fd2-81ae-47a0-80ae-0acde3454a92	3	169015614	169020840	2	1.5886
67117fd2-81ae-47a0-80ae-0acde3454a92	3	169022039	198169247	18433	-0.001
67117fd2-81ae-47a0-80ae-0acde3454a92	4	68929	8718442	5097	0.0112
67117fd2-81ae-47a0-80ae-0acde3454a92	4	8720526	9496271	71	-0.6895
67117fd2-81ae-47a0-80ae-0acde3454a92	4	9499750	10208766	535	0.0093
67117fd2-81ae-47a0-80ae-0acde3454a92	4	10212536	10233383	33	0.839
67117fd2-81ae-47a0-80ae-0acde3454a92	4	10233542	10397113	180	0.0058
67117fd2-81ae-47a0-80ae-0acde3454a92	4	10397210	10399044	10	-0.7121
67117fd2-81ae-47a0-80ae-0acde3454a92	4	10401094	34777432	16776	0.0078
67117fd2-81ae-47a0-80ae-0acde3454a92	4	34784878	34828306	41	-0.5887
67117fd2-81ae-47a0-80ae-0acde3454a92	4	34828327	48210994	8555	0.0086
67117fd2-81ae-47a0-80ae-0acde3454a92	4	48213630	48218822	3	-1.6782
67117fd2-81ae-47a0-80ae-0acde3454a92	4	48220143	69177789	11233	0.0075
67117fd2-81ae-47a0-80ae-0acde3454a92	4	69178840	69428422	121	0.2072
67117fd2-81ae-47a0-80ae-0acde3454a92	4	69428887	71539972	1249	0.0087
67117fd2-81ae-47a0-80ae-0acde3454a92	4	71540749	71541012	2	1.8959
67117fd2-81ae-47a0-80ae-0acde3454a92	4	71544631	75256588	2269	0.0023
67117fd2-81ae-47a0-80ae-0acde3454a92	4	75258049	75264860	3	1.155
67117fd2-81ae-47a0-80ae-0acde3454a92	4	75265975	86054070	6879	0.0038
67117fd2-81ae-47a0-80ae-0acde3454a92	4	86054941	86058229	16	-1.0973
67117fd2-81ae-47a0-80ae-0acde3454a92	4	86058415	103823578	10560	0.0069
67117fd2-81ae-47a0-80ae-0acde3454a92	4	103823914	103830480	8	1.2199
67117fd2-81ae-47a0-80ae-0acde3454a92	4	103830487	107147227	1873	0.0064
67117fd2-81ae-47a0-80ae-0acde3454a92	4	107147256	107150731	5	0.8254
67117fd2-81ae-47a0-80ae-0acde3454a92	4	107152350	107583477	305	0.0073
67117fd2-81ae-47a0-80ae-0acde3454a92	4	107587491	107595118	7	-0.8764
67117fd2-81ae-47a0-80ae-0acde3454a92	4	107596634	114252544	4108	0.0047
67117fd2-81ae-47a0-80ae-0acde3454a92	4	114254167	114261019	23	-1.4394
67117fd2-81ae-47a0-80ae-0acde3454a92	4	114263073	151868634	22071	0.0088
67117fd2-81ae-47a0-80ae-0acde3454a92	4	151870381	151871415	12	-0.9016
67117fd2-81ae-47a0-80ae-0acde3454a92	4	151871739	151873707	4	1.0757
67117fd2-81ae-47a0-80ae-0acde3454a92	4	151874236	157710918	3861	0.0006
67117fd2-81ae-47a0-80ae-0acde3454a92	4	157710920	157718116	3	-0.9401
67117fd2-81ae-47a0-80ae-0acde3454a92	4	157718515	160958989	2004	0.0052
67117fd2-81ae-47a0-80ae-0acde3454a92	4	160959045	160963881	24	0.4667
67117fd2-81ae-47a0-80ae-0acde3454a92	4	160963971	190094046	19148	0.0177
67117fd2-81ae-47a0-80ae-0acde3454a92	4	190095009	190106768	3	0.6132
67117fd2-81ae-47a0-80ae-0acde3454a92	5	15532	8702410	6940	-0.0055
67117fd2-81ae-47a0-80ae-0acde3454a92	5	8702945	8747030	45	-0.9065
67117fd2-81ae-47a0-80ae-0acde3454a92	5	8749619	12815668	3205	0.0039
67117fd2-81ae-47a0-80ae-0acde3454a92	5	12815753	12838421	13	-1.2802
67117fd2-81ae-47a0-80ae-0acde3454a92	5	12849089	15956179	2116	0.0079
67117fd2-81ae-47a0-80ae-0acde3454a92	5	15966188	15966337	2	1.2067
67117fd2-81ae-47a0-80ae-0acde3454a92	5	15969930	17384913	970	0.0072
67117fd2-81ae-47a0-80ae-0acde3454a92	5	17386875	17515692	83	0.5343
67117fd2-81ae-47a0-80ae-0acde3454a92	5	17601444	21449167	2333	-0.0006
67117fd2-81ae-47a0-80ae-0acde3454a92	5	21451091	21451889	4	-2.5219
67117fd2-81ae-47a0-80ae-0acde3454a92	5	21452329	34599942	8122	0.007
67117fd2-81ae-47a0-80ae-0acde3454a92	5	34599967	34599977	2	-1.7985
67117fd2-81ae-47a0-80ae-0acde3454a92	5	34600158	34700599	84	0.0819
67117fd2-81ae-47a0-80ae-0acde3454a92	5	34700960	34701084	2	-1.4316
67117fd2-81ae-47a0-80ae-0acde3454a92	5	34703258	46271006	6747	0.0007
67117fd2-81ae-47a0-80ae-0acde3454a92	5	46271828	46273400	6	-2.5864
67117fd2-81ae-47a0-80ae-0acde3454a92	5	46278110	60414206	6821	0.0039
67117fd2-81ae-47a0-80ae-0acde3454a92	5	60421917	60439029	8	-0.7006
67117fd2-81ae-47a0-80ae-0acde3454a92	5	60439132	69550476	5574	0.0004
67117fd2-81ae-47a0-80ae-0acde3454a92	5	69571467	69779150	2	2.5028
67117fd2-81ae-47a0-80ae-0acde3454a92	5	69779164	99500868	16624	0.0052
67117fd2-81ae-47a0-80ae-0acde3454a92	5	99504170	99504922	2	-1.7788
67117fd2-81ae-47a0-80ae-0acde3454a92	5	99508633	104515520	2907	0.0263
67117fd2-81ae-47a0-80ae-0acde3454a92	5	104524672	104524903	4	1.5975
67117fd2-81ae-47a0-80ae-0acde3454a92	5	104525348	105251452	552	0.0329
67117fd2-81ae-47a0-80ae-0acde3454a92	5	105252731	105252752	2	1.644
67117fd2-81ae-47a0-80ae-0acde3454a92	5	105253580	156048095	32877	0.0083
67117fd2-81ae-47a0-80ae-0acde3454a92	5	156049762	156055719	14	-0.5257
67117fd2-81ae-47a0-80ae-0acde3454a92	5	156068240	173780350	12405	0.0071
67117fd2-81ae-47a0-80ae-0acde3454a92	5	173781605	173781883	2	1.4173
67117fd2-81ae-47a0-80ae-0acde3454a92	5	173781997	181363319	4379	0.0023
67117fd2-81ae-47a0-80ae-0acde3454a92	6	149661	253861	99	0.0033
67117fd2-81ae-47a0-80ae-0acde3454a92	6	254267	381149	103	-0.4474
67117fd2-81ae-47a0-80ae-0acde3454a92	6	382559	29869295	21443	0.0019
67117fd2-81ae-47a0-80ae-0acde3454a92	6	29869410	29881490	15	1.1164
67117fd2-81ae-47a0-80ae-0acde3454a92	6	29882419	32656814	1232	0.0266
67117fd2-81ae-47a0-80ae-0acde3454a92	6	32657318	32658841	4	-1.6937
67117fd2-81ae-47a0-80ae-0acde3454a92	6	32682835	32722250	44	0.1155
67117fd2-81ae-47a0-80ae-0acde3454a92	6	32723020	32723035	2	1.6912
67117fd2-81ae-47a0-80ae-0acde3454a92	6	32723053	54066353	13653	0.0005
67117fd2-81ae-47a0-80ae-0acde3454a92	6	54066432	54067057	6	-1.6244
67117fd2-81ae-47a0-80ae-0acde3454a92	6	54070550	66321449	5356	0.0119
67117fd2-81ae-47a0-80ae-0acde3454a92	6	66321588	66321656	2	1.5401
67117fd2-81ae-47a0-80ae-0acde3454a92	6	66321672	66332853	13	0.1444
67117fd2-81ae-47a0-80ae-0acde3454a92	6	66332868	66333342	4	0.9265
67117fd2-81ae-47a0-80ae-0acde3454a92	6	66333465	68943867	1845	0.0045
67117fd2-81ae-47a0-80ae-0acde3454a92	6	68947163	68951349	2	1.3621
67117fd2-81ae-47a0-80ae-0acde3454a92	6	68952475	73882142	3166	0.0056
67117fd2-81ae-47a0-80ae-0acde3454a92	6	73882509	73891694	10	0.8937
67117fd2-81ae-47a0-80ae-0acde3454a92	6	73893839	76720013	1766	0.016
67117fd2-81ae-47a0-80ae-0acde3454a92	6	76726442	76742972	22	0.4451
67117fd2-81ae-47a0-80ae-0acde3454a92	6	76743040	78253172	978	0.0006
67117fd2-81ae-47a0-80ae-0acde3454a92	6	78259348	78325468	112	0.3926
67117fd2-81ae-47a0-80ae-0acde3454a92	6	78329517	80574526	1430	-0.001
67117fd2-81ae-47a0-80ae-0acde3454a92	6	80574714	80579817	31	-0.9787
67117fd2-81ae-47a0-80ae-0acde3454a92	6	80584624	94481005	8910	0.0049
67117fd2-81ae-47a0-80ae-0acde3454a92	6	94483388	94484007	2	1.5369
67117fd2-81ae-47a0-80ae-0acde3454a92	6	94486928	103299578	5109	0.0066
67117fd2-81ae-47a0-80ae-0acde3454a92	6	103299596	103299735	3	1.2427
67117fd2-81ae-47a0-80ae-0acde3454a92	6	103299855	104353393	694	-0.0017
67117fd2-81ae-47a0-80ae-0acde3454a92	6	104356321	104358665	5	-1.0125
67117fd2-81ae-47a0-80ae-0acde3454a92	6	104359051	133945130	18405	0.0021
67117fd2-81ae-47a0-80ae-0acde3454a92	6	133947933	133948494	2	-1.9833
67117fd2-81ae-47a0-80ae-0acde3454a92	6	133950934	170741917	25084	0.0029
67117fd2-81ae-47a0-80ae-0acde3454a92	7	43355	155066	91	0.0429
67117fd2-81ae-47a0-80ae-0acde3454a92	7	155090	161442	10	-0.7113
67117fd2-81ae-47a0-80ae-0acde3454a92	7	161517	77093078	46819	0.0073
67117fd2-81ae-47a0-80ae-0acde3454a92	7	77105116	77106361	2	1.8723
67117fd2-81ae-47a0-80ae-0acde3454a92	7	77109303	91728554	9623	0.0065
67117fd2-81ae-47a0-80ae-0acde3454a92	7	91728979	91729225	3	1.2238
67117fd2-81ae-47a0-80ae-0acde3454a92	7	91729456	109793741	10361	0.0024
67117fd2-81ae-47a0-80ae-0acde3454a92	7	109797035	109797715	15	-1.0396
67117fd2-81ae-47a0-80ae-0acde3454a92	7	109797717	109801155	9	0.0817
67117fd2-81ae-47a0-80ae-0acde3454a92	7	109801187	109813853	11	-1.9873
67117fd2-81ae-47a0-80ae-0acde3454a92	7	109813925	134100424	14741	0.0043
67117fd2-81ae-47a0-80ae-0acde3454a92	7	134100442	134105690	24	-2.0346
67117fd2-81ae-47a0-80ae-0acde3454a92	7	134110881	141300564	4715	0.0045
67117fd2-81ae-47a0-80ae-0acde3454a92	7	141302752	141304666	5	0.9012
67117fd2-81ae-47a0-80ae-0acde3454a92	7	141306204	142070732	489	-0.0147
67117fd2-81ae-47a0-80ae-0acde3454a92	7	142070827	142090383	24	-0.7393
67117fd2-81ae-47a0-80ae-0acde3454a92	7	142090403	144012606	1060	0.0238
67117fd2-81ae-47a0-80ae-0acde3454a92	7	144013003	144014058	7	-1.1042
67117fd2-81ae-47a0-80ae-0acde3454a92	7	144014076	159334314	9801	0.001
67117fd2-81ae-47a0-80ae-0acde3454a92	8	81254	1418902	897	0.0077
67117fd2-81ae-47a0-80ae-0acde3454a92	8	1419196	1419436	2	-1.7443
67117fd2-81ae-47a0-80ae-0acde3454a92	8	1419522	2844412	1141	0.0139
67117fd2-81ae-47a0-80ae-0acde3454a92	8	2846011	2846377	7	-1.1179
67117fd2-81ae-47a0-80ae-0acde3454a92	8	2849649	4145783	1664	0.0098
67117fd2-81ae-47a0-80ae-0acde3454a92	8	4145941	4145956	2	-1.9169
67117fd2-81ae-47a0-80ae-0acde3454a92	8	4146039	12092042	7300	0.0086
67117fd2-81ae-47a0-80ae-0acde3454a92	8	12130217	12323772	9	0.657
67117fd2-81ae-47a0-80ae-0acde3454a92	8	12358500	12383996	15	-0.7911
67117fd2-81ae-47a0-80ae-0acde3454a92	8	12385006	25114672	10433	0.0083
67117fd2-81ae-47a0-80ae-0acde3454a92	8	25116928	25126818	27	0.5819
67117fd2-81ae-47a0-80ae-0acde3454a92	8	25133589	145072769	73989	0.0011
67117fd2-81ae-47a0-80ae-0acde3454a92	9	46587	38919111	31114	0.0104
67117fd2-81ae-47a0-80ae-0acde3454a92	9	38989381	61405110	260	0.2326
67117fd2-81ae-47a0-80ae-0acde3454a92	9	61520021	61629689	28	-1.2309
67117fd2-81ae-47a0-80ae-0acde3454a92	9	61633080	63763088	91	0.085
67117fd2-81ae-47a0-80ae-0acde3454a92	9	64462508	64845973	28	0.4105
67117fd2-81ae-47a0-80ae-0acde3454a92	9	64846581	87907679	14259	0.0078
67117fd2-81ae-47a0-80ae-0acde3454a92	9	87939236	87939304	2	-1.8022
67117fd2-81ae-47a0-80ae-0acde3454a92	9	87943042	103804216	10595	0.0079
67117fd2-81ae-47a0-80ae-0acde3454a92	9	103806415	103807009	2	-2.7697
67117fd2-81ae-47a0-80ae-0acde3454a92	9	103808421	112992613	7084	0.0044
67117fd2-81ae-47a0-80ae-0acde3454a92	9	112993959	113006501	4	1.1958
67117fd2-81ae-47a0-80ae-0acde3454a92	9	113014828	138200944	16022	0.0063
67117fd2-81ae-47a0-80ae-0acde3454a92	10	45792	4248622	3577	0.0105
67117fd2-81ae-47a0-80ae-0acde3454a92	10	4248646	4248732	2	1.7032
67117fd2-81ae-47a0-80ae-0acde3454a92	10	4248824	13014263	7354	0.0043
67117fd2-81ae-47a0-80ae-0acde3454a92	10	13014550	13016840	25	-0.926
67117fd2-81ae-47a0-80ae-0acde3454a92	10	13022223	20564272	6034	0.0064
67117fd2-81ae-47a0-80ae-0acde3454a92	10	20564343	20564574	2	-1.9934
67117fd2-81ae-47a0-80ae-0acde3454a92	10	20564605	79625693	36675	0.0035
67117fd2-81ae-47a0-80ae-0acde3454a92	10	79649470	79837384	30	-0.6297
67117fd2-81ae-47a0-80ae-0acde3454a92	10	79838023	87185584	5166	-0.0044
67117fd2-81ae-47a0-80ae-0acde3454a92	10	87187132	87310039	15	0.6262
67117fd2-81ae-47a0-80ae-0acde3454a92	10	87310988	133654968	31773	0.0025
67117fd2-81ae-47a0-80ae-0acde3454a92	11	198510	5761822	3225	0.0198
67117fd2-81ae-47a0-80ae-0acde3454a92	11	5761882	5795055	43	0.3592
67117fd2-81ae-47a0-80ae-0acde3454a92	11	5797091	55593885	31191	0.0042
67117fd2-81ae-47a0-80ae-0acde3454a92	11	55593934	55667651	47	-0.3748
67117fd2-81ae-47a0-80ae-0acde3454a92	11	55670243	61182288	3396	0.005
67117fd2-81ae-47a0-80ae-0acde3454a92	11	61184956	61185401	5	-1.0558
67117fd2-81ae-47a0-80ae-0acde3454a92	11	61185439	92097323	17907	0.0038
67117fd2-81ae-47a0-80ae-0acde3454a92	11	92097492	92097877	2	2.6285
67117fd2-81ae-47a0-80ae-0acde3454a92	11	92099538	135074876	30982	0.005
67117fd2-81ae-47a0-80ae-0acde3454a92	12	51460	207206	86	-0.0041
67117fd2-81ae-47a0-80ae-0acde3454a92	12	209541	212187	2	-2.0252
67117fd2-81ae-47a0-80ae-0acde3454a92	12	215129	756804	329	0.0399
67117fd2-81ae-47a0-80ae-0acde3454a92	12	759943	764863	18	-0.782
67117fd2-81ae-47a0-80ae-0acde3454a92	12	766188	11351008	6935	0.0071
67117fd2-81ae-47a0-80ae-0acde3454a92	12	11351041	11390472	33	0.4454
67117fd2-81ae-47a0-80ae-0acde3454a92	12	11399258	27944039	11546	0.0015
67117fd2-81ae-47a0-80ae-0acde3454a92	12	27944175	27944664	7	-0.8578
67117fd2-81ae-47a0-80ae-0acde3454a92	12	27944711	33141726	3817	0.0012
67117fd2-81ae-47a0-80ae-0acde3454a92	12	33148472	33154440	27	-0.6523
67117fd2-81ae-47a0-80ae-0acde3454a92	12	33155426	133201603	62013	0.0061
67117fd2-81ae-47a0-80ae-0acde3454a92	13	18452809	20318259	916	0.0284
67117fd2-81ae-47a0-80ae-0acde3454a92	13	20318465	20319292	2	-2.064
67117fd2-81ae-47a0-80ae-0acde3454a92	13	20320213	24545258	3167	0.0101
67117fd2-81ae-47a0-80ae-0acde3454a92	13	24546315	24570399	17	-0.5399
67117fd2-81ae-47a0-80ae-0acde3454a92	13	24574037	57175139	21906	0.0077
67117fd2-81ae-47a0-80ae-0acde3454a92	13	57175549	57204234	38	0.407
67117fd2-81ae-47a0-80ae-0acde3454a92	13	57204246	71902850	8988	0.0055
67117fd2-81ae-47a0-80ae-0acde3454a92	13	71903417	71905409	2	-3.8549
67117fd2-81ae-47a0-80ae-0acde3454a92	13	71906311	114342922	29088	0.0019
67117fd2-81ae-47a0-80ae-0acde3454a92	14	18239283	19110634	33	0.3628
67117fd2-81ae-47a0-80ae-0acde3454a92	14	19134873	19955213	134	0.7824
67117fd2-81ae-47a0-80ae-0acde3454a92	14	19956767	21655758	1126	0.0037
67117fd2-81ae-47a0-80ae-0acde3454a92	14	21655890	22519044	746	0.099
67117fd2-81ae-47a0-80ae-0acde3454a92	14	22519593	106290131	53052	0.003
67117fd2-81ae-47a0-80ae-0acde3454a92	14	106290365	106297273	7	1.0369
67117fd2-81ae-47a0-80ae-0acde3454a92	14	106297409	106423925	53	0.0622
67117fd2-81ae-47a0-80ae-0acde3454a92	14	106425447	106462183	47	-0.653
67117fd2-81ae-47a0-80ae-0acde3454a92	14	106462724	106877229	195	-0.011
67117fd2-81ae-47a0-80ae-0acde3454a92	15	19811075	20064520	54	0.0737
67117fd2-81ae-47a0-80ae-0acde3454a92	15	20187568	22483983	157	0.4793
67117fd2-81ae-47a0-80ae-0acde3454a92	15	22572323	101928837	51321	0.0043
67117fd2-81ae-47a0-80ae-0acde3454a92	16	10777	18088127	12760	0.0136
67117fd2-81ae-47a0-80ae-0acde3454a92	16	18104860	18618085	21	0.5247
67117fd2-81ae-47a0-80ae-0acde3454a92	16	18621034	22546611	1993	0.0096
67117fd2-81ae-47a0-80ae-0acde3454a92	16	22546990	22699421	72	-0.3498
67117fd2-81ae-47a0-80ae-0acde3454a92	16	22701658	30581778	4544	0.0121
67117fd2-81ae-47a0-80ae-0acde3454a92	16	30588212	30591519	2	2.0757
67117fd2-81ae-47a0-80ae-0acde3454a92	16	30593501	78337711	21846	0.0047
67117fd2-81ae-47a0-80ae-0acde3454a92	16	78338543	78349243	14	0.9738
67117fd2-81ae-47a0-80ae-0acde3454a92	16	78350841	90096867	10613	0.0054
67117fd2-81ae-47a0-80ae-0acde3454a92	17	150733	761804	337	0.0243
67117fd2-81ae-47a0-80ae-0acde3454a92	17	764003	764137	2	1.5971
67117fd2-81ae-47a0-80ae-0acde3454a92	17	775251	18452078	11052	0.0039
67117fd2-81ae-47a0-80ae-0acde3454a92	17	18455632	18561907	26	-1.4063
67117fd2-81ae-47a0-80ae-0acde3454a92	17	18565883	41266838	9397	0.0108
67117fd2-81ae-47a0-80ae-0acde3454a92	17	41266851	41267234	8	1.219
67117fd2-81ae-47a0-80ae-0acde3454a92	17	41271598	41273905	7	0.4487
67117fd2-81ae-47a0-80ae-0acde3454a92	17	41273921	41273934	2	4.2061
67117fd2-81ae-47a0-80ae-0acde3454a92	17	41274198	46084918	2499	0.0186
67117fd2-81ae-47a0-80ae-0acde3454a92	17	46084941	46284997	126	0.2662
67117fd2-81ae-47a0-80ae-0acde3454a92	17	46286804	58135153	7363	-0.0021
67117fd2-81ae-47a0-80ae-0acde3454a92	17	58136082	58136733	2	-2.1927
67117fd2-81ae-47a0-80ae-0acde3454a92	17	58140037	80655063	13261	-0.0007
67117fd2-81ae-47a0-80ae-0acde3454a92	17	80655993	80660379	2	2.0481
67117fd2-81ae-47a0-80ae-0acde3454a92	17	80660500	82112457	473	-0.0217
67117fd2-81ae-47a0-80ae-0acde3454a92	17	82113173	82114249	4	-1.1097
67117fd2-81ae-47a0-80ae-0acde3454a92	17	82121559	83091923	471	0.0144
67117fd2-81ae-47a0-80ae-0acde3454a92	18	48133	40678763	22783	0.0052
67117fd2-81ae-47a0-80ae-0acde3454a92	18	40680456	40685425	19	-0.488
67117fd2-81ae-47a0-80ae-0acde3454a92	18	40688060	42470463	1214	0.009
67117fd2-81ae-47a0-80ae-0acde3454a92	18	42471713	42477201	15	-0.5239
67117fd2-81ae-47a0-80ae-0acde3454a92	18	42477232	53740772	7743	0.0123
67117fd2-81ae-47a0-80ae-0acde3454a92	18	53740823	53741022	4	-1.0569
67117fd2-81ae-47a0-80ae-0acde3454a92	18	53741814	65532809	8135	0.0022
67117fd2-81ae-47a0-80ae-0acde3454a92	18	65532829	65537481	20	0.8257
67117fd2-81ae-47a0-80ae-0acde3454a92	18	65540037	80257174	10792	0.0139
67117fd2-81ae-47a0-80ae-0acde3454a92	19	90910	58586487	29107	0.0044
67117fd2-81ae-47a0-80ae-0acde3454a92	20	80664	1580934	1205	0.039
67117fd2-81ae-47a0-80ae-0acde3454a92	20	1581021	1613247	40	-0.7554
67117fd2-81ae-47a0-80ae-0acde3454a92	20	1617300	64324800	41121	0.0054
67117fd2-81ae-47a0-80ae-0acde3454a92	21	10354168	46677045	23859	0.0009
67117fd2-81ae-47a0-80ae-0acde3454a92	22	15294547	23987520	4393	0.0074
67117fd2-81ae-47a0-80ae-0acde3454a92	22	23988078	23989773	2	-2.9898
67117fd2-81ae-47a0-80ae-0acde3454a92	22	23990431	50796027	18882	-0.0006
67117fd2-81ae-47a0-80ae-0acde3454a92	X	251810	155952689	83436	0.0054
67117fd2-81ae-47a0-80ae-0acde3454a92	Y	2782397	56872112	6638	-0.8951
