GDC_Aliquot	Chromosome	Start	End	Num_Probes	Segment_Mean
c786802a-7f68-4170-a26b-38362eb5b5f7	1	62920	86341	11	-0.5641
c786802a-7f68-4170-a26b-38362eb5b5f7	1	98588	13407061	6532	0.2562
c786802a-7f68-4170-a26b-38362eb5b5f7	1	13412699	16685961	2138	0.3099
c786802a-7f68-4170-a26b-38362eb5b5f7	1	16686246	16864367	24	0.6685
c786802a-7f68-4170-a26b-38362eb5b5f7	1	16868660	25256800	5311	0.2979
c786802a-7f68-4170-a26b-38362eb5b5f7	1	25256850	25320455	25	-0.2802
c786802a-7f68-4170-a26b-38362eb5b5f7	1	25336819	30261189	2386	0.2899
c786802a-7f68-4170-a26b-38362eb5b5f7	1	30264526	30266949	8	-0.7534
c786802a-7f68-4170-a26b-38362eb5b5f7	1	30268649	43973302	7860	0.31
c786802a-7f68-4170-a26b-38362eb5b5f7	1	43976849	61647430	11183	0.0492
c786802a-7f68-4170-a26b-38362eb5b5f7	1	61648334	61649279	2	-2.519
c786802a-7f68-4170-a26b-38362eb5b5f7	1	61652515	72297687	7295	0.0694
c786802a-7f68-4170-a26b-38362eb5b5f7	1	72302735	72345450	47	-1.5082
c786802a-7f68-4170-a26b-38362eb5b5f7	1	72345465	87622307	9954	0.0716
c786802a-7f68-4170-a26b-38362eb5b5f7	1	87622483	87765623	117	0.3778
c786802a-7f68-4170-a26b-38362eb5b5f7	1	87765801	89437916	1112	0.0628
c786802a-7f68-4170-a26b-38362eb5b5f7	1	89438986	89445874	2	-1.2413
c786802a-7f68-4170-a26b-38362eb5b5f7	1	89449165	90891032	955	0.0724
c786802a-7f68-4170-a26b-38362eb5b5f7	1	90893502	90963478	35	0.4244
c786802a-7f68-4170-a26b-38362eb5b5f7	1	90967153	96582528	3571	0.0625
c786802a-7f68-4170-a26b-38362eb5b5f7	1	96582551	105470754	5206	0.2197
c786802a-7f68-4170-a26b-38362eb5b5f7	1	105476583	105479753	17	-0.4857
c786802a-7f68-4170-a26b-38362eb5b5f7	1	105481433	109684893	2635	0.2152
c786802a-7f68-4170-a26b-38362eb5b5f7	1	109690352	109697556	13	-1.1105
c786802a-7f68-4170-a26b-38362eb5b5f7	1	109702376	112147704	1950	0.1968
c786802a-7f68-4170-a26b-38362eb5b5f7	1	112153343	112154566	20	-0.1827
c786802a-7f68-4170-a26b-38362eb5b5f7	1	112154576	112612402	348	0.1992
c786802a-7f68-4170-a26b-38362eb5b5f7	1	112613322	112615638	2	-1.6309
c786802a-7f68-4170-a26b-38362eb5b5f7	1	112620816	119583199	4401	0.2113
c786802a-7f68-4170-a26b-38362eb5b5f7	1	119583215	119583381	3	-0.8841
c786802a-7f68-4170-a26b-38362eb5b5f7	1	119584367	143546558	415	0.1633
c786802a-7f68-4170-a26b-38362eb5b5f7	1	143546851	145694477	151	0.4448
c786802a-7f68-4170-a26b-38362eb5b5f7	1	145698014	152582700	2287	0.6817
c786802a-7f68-4170-a26b-38362eb5b5f7	1	152583051	152613802	33	-1.671
c786802a-7f68-4170-a26b-38362eb5b5f7	1	152614064	152614118	3	-0.5944
c786802a-7f68-4170-a26b-38362eb5b5f7	1	152618018	152620051	15	0.7814
c786802a-7f68-4170-a26b-38362eb5b5f7	1	152621368	152710232	73	0.535
c786802a-7f68-4170-a26b-38362eb5b5f7	1	152711704	152766750	57	0.7335
c786802a-7f68-4170-a26b-38362eb5b5f7	1	152767131	153699771	683	0.2617
c786802a-7f68-4170-a26b-38362eb5b5f7	1	153701198	153755619	24	0.6439
c786802a-7f68-4170-a26b-38362eb5b5f7	1	153762893	154758625	473	0.3208
c786802a-7f68-4170-a26b-38362eb5b5f7	1	154764619	155184594	219	0.3849
c786802a-7f68-4170-a26b-38362eb5b5f7	1	155205866	155890300	305	0.487
c786802a-7f68-4170-a26b-38362eb5b5f7	1	155892233	157660073	995	0.299
c786802a-7f68-4170-a26b-38362eb5b5f7	1	157660685	158896783	976	0.1766
c786802a-7f68-4170-a26b-38362eb5b5f7	1	158898711	158899969	2	1.8346
c786802a-7f68-4170-a26b-38362eb5b5f7	1	158905028	159322630	280	0.0778
c786802a-7f68-4170-a26b-38362eb5b5f7	1	159330747	159863943	371	0.489
c786802a-7f68-4170-a26b-38362eb5b5f7	1	159864938	160191416	203	0.0465
c786802a-7f68-4170-a26b-38362eb5b5f7	1	160193082	163138051	2037	0.225
c786802a-7f68-4170-a26b-38362eb5b5f7	1	163138213	163238593	89	0.0504
c786802a-7f68-4170-a26b-38362eb5b5f7	1	163242933	165587111	1922	0.3851
c786802a-7f68-4170-a26b-38362eb5b5f7	1	165587781	165866127	182	0.2201
c786802a-7f68-4170-a26b-38362eb5b5f7	1	165866311	165866453	3	1.1253
c786802a-7f68-4170-a26b-38362eb5b5f7	1	165868741	167772922	1448	0.1744
c786802a-7f68-4170-a26b-38362eb5b5f7	1	167775080	169247699	1137	0.2905
c786802a-7f68-4170-a26b-38362eb5b5f7	1	169264736	169272528	7	1.3475
c786802a-7f68-4170-a26b-38362eb5b5f7	1	169273163	169720551	326	0.3089
c786802a-7f68-4170-a26b-38362eb5b5f7	1	169720659	169839925	104	0.0072
c786802a-7f68-4170-a26b-38362eb5b5f7	1	169845036	187746723	11779	0.1733
c786802a-7f68-4170-a26b-38362eb5b5f7	1	187748429	187752238	2	-2.0387
c786802a-7f68-4170-a26b-38362eb5b5f7	1	187755479	193186662	3570	0.199
c786802a-7f68-4170-a26b-38362eb5b5f7	1	193187149	193187202	3	1.3291
c786802a-7f68-4170-a26b-38362eb5b5f7	1	193187218	194257853	803	0.2068
c786802a-7f68-4170-a26b-38362eb5b5f7	1	194262903	194360062	52	-0.1473
c786802a-7f68-4170-a26b-38362eb5b5f7	1	194360607	196745743	1541	0.2004
c786802a-7f68-4170-a26b-38362eb5b5f7	1	196758720	196832525	57	-0.636
c786802a-7f68-4170-a26b-38362eb5b5f7	1	196832720	200231728	2161	0.202
c786802a-7f68-4170-a26b-38362eb5b5f7	1	200231823	208264476	5243	0.1521
c786802a-7f68-4170-a26b-38362eb5b5f7	1	208265639	208283592	31	0.7869
c786802a-7f68-4170-a26b-38362eb5b5f7	1	208284364	209897717	1355	0.1693
c786802a-7f68-4170-a26b-38362eb5b5f7	1	209908268	209908720	2	-1.815
c786802a-7f68-4170-a26b-38362eb5b5f7	1	209910639	223750072	9532	0.1796
c786802a-7f68-4170-a26b-38362eb5b5f7	1	223750252	246780043	16252	0.2079
c786802a-7f68-4170-a26b-38362eb5b5f7	1	246780235	246782363	3	-1.164
c786802a-7f68-4170-a26b-38362eb5b5f7	1	246782442	247020598	140	0.2125
c786802a-7f68-4170-a26b-38362eb5b5f7	1	247021059	248461036	903	0.3292
c786802a-7f68-4170-a26b-38362eb5b5f7	1	248463321	248463796	2	-1.3422
c786802a-7f68-4170-a26b-38362eb5b5f7	1	248467495	248930189	193	0.2844
c786802a-7f68-4170-a26b-38362eb5b5f7	2	12784	29630	9	0.0367
c786802a-7f68-4170-a26b-38362eb5b5f7	2	30143	34346	4	-1.121
c786802a-7f68-4170-a26b-38362eb5b5f7	2	36862	4158097	2973	0.1989
c786802a-7f68-4170-a26b-38362eb5b5f7	2	4166274	4175577	36	-2.3292
c786802a-7f68-4170-a26b-38362eb5b5f7	2	4175922	14563570	8016	0.2201
c786802a-7f68-4170-a26b-38362eb5b5f7	2	14564825	14569968	12	-5.6009
c786802a-7f68-4170-a26b-38362eb5b5f7	2	14570240	21338140	5002	0.2183
c786802a-7f68-4170-a26b-38362eb5b5f7	2	21341140	24376380	1878	-0.1829
c786802a-7f68-4170-a26b-38362eb5b5f7	2	24378642	24388858	20	-1.1012
c786802a-7f68-4170-a26b-38362eb5b5f7	2	24390690	28303339	1899	-0.1897
c786802a-7f68-4170-a26b-38362eb5b5f7	2	28305402	28464176	103	0.1176
c786802a-7f68-4170-a26b-38362eb5b5f7	2	28469195	34466002	4139	-0.1774
c786802a-7f68-4170-a26b-38362eb5b5f7	2	34474248	34515572	50	-0.5707
c786802a-7f68-4170-a26b-38362eb5b5f7	2	34515690	35750907	868	-0.13
c786802a-7f68-4170-a26b-38362eb5b5f7	2	35752724	35762850	6	-1.7286
c786802a-7f68-4170-a26b-38362eb5b5f7	2	35762881	40189779	3255	-0.165
c786802a-7f68-4170-a26b-38362eb5b5f7	2	40192530	40505811	274	0.2319
c786802a-7f68-4170-a26b-38362eb5b5f7	2	40508594	40724933	179	0.4809
c786802a-7f68-4170-a26b-38362eb5b5f7	2	40726281	41011095	218	0.254
c786802a-7f68-4170-a26b-38362eb5b5f7	2	41011303	41024125	24	-0.5421
c786802a-7f68-4170-a26b-38362eb5b5f7	2	41024138	41707684	545	0.2624
c786802a-7f68-4170-a26b-38362eb5b5f7	2	41710000	47804639	4426	0.2084
c786802a-7f68-4170-a26b-38362eb5b5f7	2	47805173	52516787	3208	0.2421
c786802a-7f68-4170-a26b-38362eb5b5f7	2	52527330	52554404	40	-0.2318
c786802a-7f68-4170-a26b-38362eb5b5f7	2	52560811	64357654	7545	0.2325
c786802a-7f68-4170-a26b-38362eb5b5f7	2	64358933	74935082	6749	0.2087
c786802a-7f68-4170-a26b-38362eb5b5f7	2	74935918	86710564	7629	0.237
c786802a-7f68-4170-a26b-38362eb5b5f7	2	86725947	86726731	2	-1.7187
c786802a-7f68-4170-a26b-38362eb5b5f7	2	86743283	87218834	108	0.259
c786802a-7f68-4170-a26b-38362eb5b5f7	2	87221597	87489506	56	-0.1538
c786802a-7f68-4170-a26b-38362eb5b5f7	2	87489521	89254398	684	0.191
c786802a-7f68-4170-a26b-38362eb5b5f7	2	89254427	89933871	12	0.0867
c786802a-7f68-4170-a26b-38362eb5b5f7	2	89936810	90216778	118	-0.5056
c786802a-7f68-4170-a26b-38362eb5b5f7	2	90223541	113604438	10325	0.0982
c786802a-7f68-4170-a26b-38362eb5b5f7	2	113604837	113604839	2	-1.9775
c786802a-7f68-4170-a26b-38362eb5b5f7	2	113623244	128880504	9606	0.0948
c786802a-7f68-4170-a26b-38362eb5b5f7	2	128880904	128882741	15	-0.7058
c786802a-7f68-4170-a26b-38362eb5b5f7	2	128882755	129484044	505	0.0698
c786802a-7f68-4170-a26b-38362eb5b5f7	2	129484957	129488770	4	-1.1794
c786802a-7f68-4170-a26b-38362eb5b5f7	2	129489260	207485595	46902	0.0898
c786802a-7f68-4170-a26b-38362eb5b5f7	2	207485902	207494425	19	-0.7438
c786802a-7f68-4170-a26b-38362eb5b5f7	2	207494612	212504894	3193	0.0924
c786802a-7f68-4170-a26b-38362eb5b5f7	2	212505638	212505978	2	-2.7292
c786802a-7f68-4170-a26b-38362eb5b5f7	2	212508264	230857413	11934	0.0809
c786802a-7f68-4170-a26b-38362eb5b5f7	2	230860820	236894723	3885	0.0495
c786802a-7f68-4170-a26b-38362eb5b5f7	2	236894890	236895291	4	-0.9949
c786802a-7f68-4170-a26b-38362eb5b5f7	2	236895339	242147305	3065	0.0343
c786802a-7f68-4170-a26b-38362eb5b5f7	3	20930	182919	154	-0.3653
c786802a-7f68-4170-a26b-38362eb5b5f7	3	188339	191117	4	-1.6305
c786802a-7f68-4170-a26b-38362eb5b5f7	3	193194	2702004	2169	-0.3086
c786802a-7f68-4170-a26b-38362eb5b5f7	3	2702206	8559285	5205	-0.3575
c786802a-7f68-4170-a26b-38362eb5b5f7	3	8559495	8561253	5	-0.0159
c786802a-7f68-4170-a26b-38362eb5b5f7	3	8561797	15617356	4948	-0.4053
c786802a-7f68-4170-a26b-38362eb5b5f7	3	15620225	20872699	3151	-0.3524
c786802a-7f68-4170-a26b-38362eb5b5f7	3	20873263	20873889	2	-1.813
c786802a-7f68-4170-a26b-38362eb5b5f7	3	20877142	36079814	10706	-0.3465
c786802a-7f68-4170-a26b-38362eb5b5f7	3	36081866	59518010	13726	-0.3794
c786802a-7f68-4170-a26b-38362eb5b5f7	3	59518745	68697013	7692	-0.3451
c786802a-7f68-4170-a26b-38362eb5b5f7	3	68697108	68698262	14	-1.6875
c786802a-7f68-4170-a26b-38362eb5b5f7	3	68699607	74447964	4351	-0.3605
c786802a-7f68-4170-a26b-38362eb5b5f7	3	74449670	74449909	2	-2.1184
c786802a-7f68-4170-a26b-38362eb5b5f7	3	74449911	82706841	4611	-0.3333
c786802a-7f68-4170-a26b-38362eb5b5f7	3	82707026	82709592	2	1.2824
c786802a-7f68-4170-a26b-38362eb5b5f7	3	82712909	87122248	2351	-0.3041
c786802a-7f68-4170-a26b-38362eb5b5f7	3	87122674	89337951	1305	-0.1136
c786802a-7f68-4170-a26b-38362eb5b5f7	3	89345442	89345592	8	-1.5183
c786802a-7f68-4170-a26b-38362eb5b5f7	3	89355950	89355967	4	-0.0917
c786802a-7f68-4170-a26b-38362eb5b5f7	3	89356604	89370231	39	-1.469
c786802a-7f68-4170-a26b-38362eb5b5f7	3	89370771	90315775	370	-0.1148
c786802a-7f68-4170-a26b-38362eb5b5f7	3	90316083	90369509	6	0.5206
c786802a-7f68-4170-a26b-38362eb5b5f7	3	90375879	122474987	17045	0.0184
c786802a-7f68-4170-a26b-38362eb5b5f7	3	122479137	122540759	29	0.3849
c786802a-7f68-4170-a26b-38362eb5b5f7	3	122541785	125950205	2142	-0.0131
c786802a-7f68-4170-a26b-38362eb5b5f7	3	125954540	125957120	3	-1.2689
c786802a-7f68-4170-a26b-38362eb5b5f7	3	125961657	130044016	2385	-0.0323
c786802a-7f68-4170-a26b-38362eb5b5f7	3	130044855	130087393	38	-0.8067
c786802a-7f68-4170-a26b-38362eb5b5f7	3	130088081	137314218	4498	-0.0044
c786802a-7f68-4170-a26b-38362eb5b5f7	3	137314418	137314421	3	1.049
c786802a-7f68-4170-a26b-38362eb5b5f7	3	137314580	146756356	5934	0.006
c786802a-7f68-4170-a26b-38362eb5b5f7	3	146756536	146758696	3	-1.2393
c786802a-7f68-4170-a26b-38362eb5b5f7	3	146759265	162795671	9830	0.0236
c786802a-7f68-4170-a26b-38362eb5b5f7	3	162796839	162822221	15	0.7573
c786802a-7f68-4170-a26b-38362eb5b5f7	3	162822685	162822702	2	3.7171
c786802a-7f68-4170-a26b-38362eb5b5f7	3	162827928	162908207	48	0.325
c786802a-7f68-4170-a26b-38362eb5b5f7	3	162908784	193156018	19168	0.0163
c786802a-7f68-4170-a26b-38362eb5b5f7	3	193156958	193165114	21	-0.5926
c786802a-7f68-4170-a26b-38362eb5b5f7	3	193168646	195559056	1482	-0.0082
c786802a-7f68-4170-a26b-38362eb5b5f7	3	195656271	195720051	25	-0.7132
c786802a-7f68-4170-a26b-38362eb5b5f7	3	195728637	195924478	88	-0.1048
c786802a-7f68-4170-a26b-38362eb5b5f7	3	195924587	195991894	18	-0.4924
c786802a-7f68-4170-a26b-38362eb5b5f7	3	195998433	198142659	1075	-0.0048
c786802a-7f68-4170-a26b-38362eb5b5f7	3	198169114	198169247	4	-0.6706
c786802a-7f68-4170-a26b-38362eb5b5f7	4	68929	355650	137	0.2627
c786802a-7f68-4170-a26b-38362eb5b5f7	4	355787	1737005	481	0.3758
c786802a-7f68-4170-a26b-38362eb5b5f7	4	1750693	2026183	91	0.2798
c786802a-7f68-4170-a26b-38362eb5b5f7	4	2026835	2180555	66	0.1436
c786802a-7f68-4170-a26b-38362eb5b5f7	4	2193362	8548461	4221	0.009
c786802a-7f68-4170-a26b-38362eb5b5f7	4	8549199	8720526	99	0.444
c786802a-7f68-4170-a26b-38362eb5b5f7	4	8722817	10208766	606	-0.0128
c786802a-7f68-4170-a26b-38362eb5b5f7	4	10221792	10229874	28	-1.8592
c786802a-7f68-4170-a26b-38362eb5b5f7	4	10232590	20696481	7708	0.0545
c786802a-7f68-4170-a26b-38362eb5b5f7	4	20698760	20832871	96	0.5737
c786802a-7f68-4170-a26b-38362eb5b5f7	4	20833098	22487609	1268	0.057
c786802a-7f68-4170-a26b-38362eb5b5f7	4	22487915	24766561	1546	0.1849
c786802a-7f68-4170-a26b-38362eb5b5f7	4	24767796	30385928	3745	0.0492
c786802a-7f68-4170-a26b-38362eb5b5f7	4	30386628	31674215	823	0.2041
c786802a-7f68-4170-a26b-38362eb5b5f7	4	31675134	35182076	2075	0.3232
c786802a-7f68-4170-a26b-38362eb5b5f7	4	35182741	37393526	1517	0.2035
c786802a-7f68-4170-a26b-38362eb5b5f7	4	37393891	40834619	2200	0.1656
c786802a-7f68-4170-a26b-38362eb5b5f7	4	40834936	49214614	5019	0.2053
c786802a-7f68-4170-a26b-38362eb5b5f7	4	49289175	49656206	20	-0.4302
c786802a-7f68-4170-a26b-38362eb5b5f7	4	49656595	52745735	494	0.2906
c786802a-7f68-4170-a26b-38362eb5b5f7	4	52747277	54667720	1368	0.6894
c786802a-7f68-4170-a26b-38362eb5b5f7	4	54670603	54708849	146	0.4147
c786802a-7f68-4170-a26b-38362eb5b5f7	4	54708860	54716309	20	0.2451
c786802a-7f68-4170-a26b-38362eb5b5f7	4	54717935	54883997	133	0.392
c786802a-7f68-4170-a26b-38362eb5b5f7	4	54884905	56547695	948	0.188
c786802a-7f68-4170-a26b-38362eb5b5f7	4	56550005	57181148	422	0.0705
c786802a-7f68-4170-a26b-38362eb5b5f7	4	57181443	57944287	635	-0.0919
c786802a-7f68-4170-a26b-38362eb5b5f7	4	57944326	57963380	10	-1.1699
c786802a-7f68-4170-a26b-38362eb5b5f7	4	57963674	58445180	278	-0.0875
c786802a-7f68-4170-a26b-38362eb5b5f7	4	58448323	58758440	169	0.0901
c786802a-7f68-4170-a26b-38362eb5b5f7	4	58758522	58806439	29	0.4504
c786802a-7f68-4170-a26b-38362eb5b5f7	4	58807887	59266464	292	-0.0707
c786802a-7f68-4170-a26b-38362eb5b5f7	4	59280279	59614286	195	0.2469
c786802a-7f68-4170-a26b-38362eb5b5f7	4	59616581	61071220	923	0.0963
c786802a-7f68-4170-a26b-38362eb5b5f7	4	61075217	61076234	2	1.6449
c786802a-7f68-4170-a26b-38362eb5b5f7	4	61079968	61194396	58	0.1282
c786802a-7f68-4170-a26b-38362eb5b5f7	4	61203337	61241271	33	0.6212
c786802a-7f68-4170-a26b-38362eb5b5f7	4	61242541	61266252	18	0.1446
c786802a-7f68-4170-a26b-38362eb5b5f7	4	61269666	61296243	10	0.6492
c786802a-7f68-4170-a26b-38362eb5b5f7	4	61296338	61394516	50	0.1058
c786802a-7f68-4170-a26b-38362eb5b5f7	4	61396532	63828222	1333	-0.1096
c786802a-7f68-4170-a26b-38362eb5b5f7	4	63831751	63832110	6	-2.0089
c786802a-7f68-4170-a26b-38362eb5b5f7	4	63838575	63840033	14	-0.8021
c786802a-7f68-4170-a26b-38362eb5b5f7	4	63841863	63842540	8	-2.4722
c786802a-7f68-4170-a26b-38362eb5b5f7	4	63850713	68395346	2856	-0.1308
c786802a-7f68-4170-a26b-38362eb5b5f7	4	68416487	68422424	5	-1.7026
c786802a-7f68-4170-a26b-38362eb5b5f7	4	68429081	68766710	109	0.1274
c786802a-7f68-4170-a26b-38362eb5b5f7	4	68766917	69261934	285	-0.1227
c786802a-7f68-4170-a26b-38362eb5b5f7	4	69262694	69366406	54	-0.9359
c786802a-7f68-4170-a26b-38362eb5b5f7	4	69370433	189267889	74150	-0.1033
c786802a-7f68-4170-a26b-38362eb5b5f7	4	189273964	189278110	4	-2.2811
c786802a-7f68-4170-a26b-38362eb5b5f7	4	189278617	190036988	345	-0.1568
c786802a-7f68-4170-a26b-38362eb5b5f7	4	190046094	190106768	5	-1.081
c786802a-7f68-4170-a26b-38362eb5b5f7	5	15532	717446	312	0.0923
c786802a-7f68-4170-a26b-38362eb5b5f7	5	717794	773432	20	-0.472
c786802a-7f68-4170-a26b-38362eb5b5f7	5	773453	1773359	511	0.088
c786802a-7f68-4170-a26b-38362eb5b5f7	5	1778227	1778392	2	-1.2869
c786802a-7f68-4170-a26b-38362eb5b5f7	5	1778664	12800777	9345	0.1433
c786802a-7f68-4170-a26b-38362eb5b5f7	5	12815668	12819964	9	0.956
c786802a-7f68-4170-a26b-38362eb5b5f7	5	12824299	21376735	5468	0.1611
c786802a-7f68-4170-a26b-38362eb5b5f7	5	21377730	21377744	2	-2.3359
c786802a-7f68-4170-a26b-38362eb5b5f7	5	21385957	21451091	45	0.1458
c786802a-7f68-4170-a26b-38362eb5b5f7	5	21451168	21452329	4	-2.2172
c786802a-7f68-4170-a26b-38362eb5b5f7	5	21452387	24778672	1899	0.1659
c786802a-7f68-4170-a26b-38362eb5b5f7	5	24778939	24781719	12	-0.7038
c786802a-7f68-4170-a26b-38362eb5b5f7	5	24786817	30574095	3414	0.1789
c786802a-7f68-4170-a26b-38362eb5b5f7	5	30577958	32102625	1232	0.3027
c786802a-7f68-4170-a26b-38362eb5b5f7	5	32106978	32158349	40	1.0322
c786802a-7f68-4170-a26b-38362eb5b5f7	5	32170181	34625641	1552	0.3336
c786802a-7f68-4170-a26b-38362eb5b5f7	5	34625807	45323432	6506	0.2477
c786802a-7f68-4170-a26b-38362eb5b5f7	5	45326764	46191782	285	0.2945
c786802a-7f68-4170-a26b-38362eb5b5f7	5	46195781	46199333	4	-1.6603
c786802a-7f68-4170-a26b-38362eb5b5f7	5	46209197	46251204	13	0.1328
c786802a-7f68-4170-a26b-38362eb5b5f7	5	46270906	46273400	8	1.2707
c786802a-7f68-4170-a26b-38362eb5b5f7	5	46278110	52678465	1344	0.2493
c786802a-7f68-4170-a26b-38362eb5b5f7	5	52681176	53106218	370	0.1956
c786802a-7f68-4170-a26b-38362eb5b5f7	5	53108689	53113609	3	-0.8155
c786802a-7f68-4170-a26b-38362eb5b5f7	5	53115955	58025819	3359	0.1587
c786802a-7f68-4170-a26b-38362eb5b5f7	5	58030200	58037706	32	1.5137
c786802a-7f68-4170-a26b-38362eb5b5f7	5	58042530	69571467	7296	0.1556
c786802a-7f68-4170-a26b-38362eb5b5f7	5	69779150	70959079	16	-0.584
c786802a-7f68-4170-a26b-38362eb5b5f7	5	71010832	82122944	6889	0.1556
c786802a-7f68-4170-a26b-38362eb5b5f7	5	82123459	82131663	3	-2.9641
c786802a-7f68-4170-a26b-38362eb5b5f7	5	82132219	152135825	43419	0.1617
c786802a-7f68-4170-a26b-38362eb5b5f7	5	152135909	152140710	14	-0.4895
c786802a-7f68-4170-a26b-38362eb5b5f7	5	152140861	168041740	10745	0.1637
c786802a-7f68-4170-a26b-38362eb5b5f7	5	168043405	177705442	6721	0.1378
c786802a-7f68-4170-a26b-38362eb5b5f7	5	177706657	177827964	14	-0.3752
c786802a-7f68-4170-a26b-38362eb5b5f7	5	177832414	180947523	1795	0.1276
c786802a-7f68-4170-a26b-38362eb5b5f7	5	180951710	180990207	15	0.7515
c786802a-7f68-4170-a26b-38362eb5b5f7	5	180990614	181363319	174	0.1076
c786802a-7f68-4170-a26b-38362eb5b5f7	6	149661	254283	101	0.2491
c786802a-7f68-4170-a26b-38362eb5b5f7	6	257353	380821	100	-0.6063
c786802a-7f68-4170-a26b-38362eb5b5f7	6	381149	385687	8	-0.1004
c786802a-7f68-4170-a26b-38362eb5b5f7	6	385784	9943418	7682	0.272
c786802a-7f68-4170-a26b-38362eb5b5f7	6	9944134	19662550	7338	0.348
c786802a-7f68-4170-a26b-38362eb5b5f7	6	19662621	25960801	4572	0.2997
c786802a-7f68-4170-a26b-38362eb5b5f7	6	25963738	29882497	1874	0.2573
c786802a-7f68-4170-a26b-38362eb5b5f7	6	29882589	29933799	18	-0.8674
c786802a-7f68-4170-a26b-38362eb5b5f7	6	29940692	31318499	645	0.2458
c786802a-7f68-4170-a26b-38362eb5b5f7	6	31318528	31328674	10	1.0381
c786802a-7f68-4170-a26b-38362eb5b5f7	6	31342147	32485152	500	0.2558
c786802a-7f68-4170-a26b-38362eb5b5f7	6	32486498	32533522	15	-0.5299
c786802a-7f68-4170-a26b-38362eb5b5f7	6	32540699	32568621	9	1.279
c786802a-7f68-4170-a26b-38362eb5b5f7	6	32570802	32614112	17	0.2707
c786802a-7f68-4170-a26b-38362eb5b5f7	6	32614426	32637799	11	-1.0084
c786802a-7f68-4170-a26b-38362eb5b5f7	6	32638107	32656814	5	0.3341
c786802a-7f68-4170-a26b-38362eb5b5f7	6	32657318	32658841	4	1.6293
c786802a-7f68-4170-a26b-38362eb5b5f7	6	32682835	43058754	6664	0.2488
c786802a-7f68-4170-a26b-38362eb5b5f7	6	43059120	54011711	6978	0.1784
c786802a-7f68-4170-a26b-38362eb5b5f7	6	54011749	58377037	2254	0.2497
c786802a-7f68-4170-a26b-38362eb5b5f7	6	58377048	58432750	30	0.3247
c786802a-7f68-4170-a26b-38362eb5b5f7	6	60351931	61274998	318	0.6334
c786802a-7f68-4170-a26b-38362eb5b5f7	6	61288160	62804391	742	0.2827
c786802a-7f68-4170-a26b-38362eb5b5f7	6	62806855	63032136	109	0.6329
c786802a-7f68-4170-a26b-38362eb5b5f7	6	63039234	63328161	166	0.2601
c786802a-7f68-4170-a26b-38362eb5b5f7	6	63332550	64042903	355	0.3728
c786802a-7f68-4170-a26b-38362eb5b5f7	6	64043533	65573907	942	-0.0767
c786802a-7f68-4170-a26b-38362eb5b5f7	6	65575798	65736810	135	0.4184
c786802a-7f68-4170-a26b-38362eb5b5f7	6	65739553	65745654	10	0.9021
c786802a-7f68-4170-a26b-38362eb5b5f7	6	65755304	65843946	53	0.2093
c786802a-7f68-4170-a26b-38362eb5b5f7	6	65845237	69002009	2210	-0.2104
c786802a-7f68-4170-a26b-38362eb5b5f7	6	69006334	73882142	3125	-0.2939
c786802a-7f68-4170-a26b-38362eb5b5f7	6	73882509	73887625	9	-1.2676
c786802a-7f68-4170-a26b-38362eb5b5f7	6	73891694	76726815	1771	-0.2912
c786802a-7f68-4170-a26b-38362eb5b5f7	6	76730151	76742972	20	-0.9104
c786802a-7f68-4170-a26b-38362eb5b5f7	6	76743040	78253172	978	-0.2861
c786802a-7f68-4170-a26b-38362eb5b5f7	6	78259348	78325468	112	-1.2001
c786802a-7f68-4170-a26b-38362eb5b5f7	6	78329517	82162216	2543	-0.2796
c786802a-7f68-4170-a26b-38362eb5b5f7	6	82162642	87501171	3159	-0.3364
c786802a-7f68-4170-a26b-38362eb5b5f7	6	87502652	88164793	443	-0.2129
c786802a-7f68-4170-a26b-38362eb5b5f7	6	88165345	92028045	2529	-0.3687
c786802a-7f68-4170-a26b-38362eb5b5f7	6	92029094	92834107	513	-0.2998
c786802a-7f68-4170-a26b-38362eb5b5f7	6	92840678	99640881	4117	-0.1696
c786802a-7f68-4170-a26b-38362eb5b5f7	6	99641070	102631900	1768	-0.0949
c786802a-7f68-4170-a26b-38362eb5b5f7	6	102632067	103286954	403	-0.1859
c786802a-7f68-4170-a26b-38362eb5b5f7	6	103290101	103314186	46	-1.7057
c786802a-7f68-4170-a26b-38362eb5b5f7	6	103317795	105169435	1149	-0.197
c786802a-7f68-4170-a26b-38362eb5b5f7	6	105169886	105926360	498	-0.1155
c786802a-7f68-4170-a26b-38362eb5b5f7	6	105926804	114391090	5319	-0.2114
c786802a-7f68-4170-a26b-38362eb5b5f7	6	114392400	121473898	4088	-0.1206
c786802a-7f68-4170-a26b-38362eb5b5f7	6	121478331	132385122	6883	-0.2039
c786802a-7f68-4170-a26b-38362eb5b5f7	6	132388218	132391287	3	-1.8459
c786802a-7f68-4170-a26b-38362eb5b5f7	6	132391786	133417876	770	-0.1932
c786802a-7f68-4170-a26b-38362eb5b5f7	6	133419388	142619125	5859	-0.0441
c786802a-7f68-4170-a26b-38362eb5b5f7	6	142620858	145198429	1773	0.0904
c786802a-7f68-4170-a26b-38362eb5b5f7	6	145203398	145890697	398	-0.0791
c786802a-7f68-4170-a26b-38362eb5b5f7	6	145891469	150470357	3135	-0.2134
c786802a-7f68-4170-a26b-38362eb5b5f7	6	150470529	150484102	12	-0.7435
c786802a-7f68-4170-a26b-38362eb5b5f7	6	150486695	151955639	1085	-0.239
c786802a-7f68-4170-a26b-38362eb5b5f7	6	151955788	154244807	1738	-0.0593
c786802a-7f68-4170-a26b-38362eb5b5f7	6	154245539	167102881	9287	-0.2274
c786802a-7f68-4170-a26b-38362eb5b5f7	6	167102970	170741917	2166	-0.2833
c786802a-7f68-4170-a26b-38362eb5b5f7	7	43355	2740134	926	0.471
c786802a-7f68-4170-a26b-38362eb5b5f7	7	2740400	4579324	1539	0.5324
c786802a-7f68-4170-a26b-38362eb5b5f7	7	4580015	6791305	949	0.4743
c786802a-7f68-4170-a26b-38362eb5b5f7	7	6797375	6799093	3	-1.4248
c786802a-7f68-4170-a26b-38362eb5b5f7	7	6814479	6880649	24	0.595
c786802a-7f68-4170-a26b-38362eb5b5f7	7	6889070	6928556	18	0.1414
c786802a-7f68-4170-a26b-38362eb5b5f7	7	6928997	16657813	7942	0.548
c786802a-7f68-4170-a26b-38362eb5b5f7	7	16660822	16662219	10	-0.4373
c786802a-7f68-4170-a26b-38362eb5b5f7	7	16670083	19752252	2637	0.5824
c786802a-7f68-4170-a26b-38362eb5b5f7	7	19756563	52143854	22822	0.5298
c786802a-7f68-4170-a26b-38362eb5b5f7	7	52144311	54049924	1394	0.5627
c786802a-7f68-4170-a26b-38362eb5b5f7	7	54050123	54119177	79	1.5863
c786802a-7f68-4170-a26b-38362eb5b5f7	7	54119192	54299223	143	1.7567
c786802a-7f68-4170-a26b-38362eb5b5f7	7	54305455	54318824	7	2.5906
c786802a-7f68-4170-a26b-38362eb5b5f7	7	54325795	55202271	814	1.7901
c786802a-7f68-4170-a26b-38362eb5b5f7	7	55203753	55242039	35	1.4818
c786802a-7f68-4170-a26b-38362eb5b5f7	7	55243701	55396668	89	1.7669
c786802a-7f68-4170-a26b-38362eb5b5f7	7	55397011	55669446	189	1.5352
c786802a-7f68-4170-a26b-38362eb5b5f7	7	55669924	56794828	471	0.9546
c786802a-7f68-4170-a26b-38362eb5b5f7	7	56799127	56908389	17	0.6539
c786802a-7f68-4170-a26b-38362eb5b5f7	7	56997653	57060351	7	-0.2381
c786802a-7f68-4170-a26b-38362eb5b5f7	7	57061965	57233313	66	0.7646
c786802a-7f68-4170-a26b-38362eb5b5f7	7	57234355	57485855	200	0.4819
c786802a-7f68-4170-a26b-38362eb5b5f7	7	57492046	57607585	59	0.7935
c786802a-7f68-4170-a26b-38362eb5b5f7	7	57607633	57769295	53	0.5421
c786802a-7f68-4170-a26b-38362eb5b5f7	7	57772336	62239187	47	0.4558
c786802a-7f68-4170-a26b-38362eb5b5f7	7	62246376	62663696	69	0.2024
c786802a-7f68-4170-a26b-38362eb5b5f7	7	62695960	62701749	16	-0.2544
c786802a-7f68-4170-a26b-38362eb5b5f7	7	62701896	72532544	5065	0.2553
c786802a-7f68-4170-a26b-38362eb5b5f7	7	72537287	76853310	1182	0.1971
c786802a-7f68-4170-a26b-38362eb5b5f7	7	76854711	83890521	4814	0.258
c786802a-7f68-4170-a26b-38362eb5b5f7	7	83894600	83894863	2	-1.1247
c786802a-7f68-4170-a26b-38362eb5b5f7	7	83898739	97756658	8629	0.2583
c786802a-7f68-4170-a26b-38362eb5b5f7	7	97766148	97773163	16	-0.5543
c786802a-7f68-4170-a26b-38362eb5b5f7	7	97774928	97978742	105	0.2436
c786802a-7f68-4170-a26b-38362eb5b5f7	7	97980054	97982736	5	0.9692
c786802a-7f68-4170-a26b-38362eb5b5f7	7	97984459	101437642	1448	0.2175
c786802a-7f68-4170-a26b-38362eb5b5f7	7	101438517	101438705	2	-2.2902
c786802a-7f68-4170-a26b-38362eb5b5f7	7	101442977	107207271	3406	0.2442
c786802a-7f68-4170-a26b-38362eb5b5f7	7	107210115	107210789	3	-0.9344
c786802a-7f68-4170-a26b-38362eb5b5f7	7	107211323	108165429	552	0.2529
c786802a-7f68-4170-a26b-38362eb5b5f7	7	108166550	108191076	31	0.503
c786802a-7f68-4170-a26b-38362eb5b5f7	7	108191586	109401774	790	0.2507
c786802a-7f68-4170-a26b-38362eb5b5f7	7	109401873	109402704	2	-1.3092
c786802a-7f68-4170-a26b-38362eb5b5f7	7	109403143	109801155	282	0.2737
c786802a-7f68-4170-a26b-38362eb5b5f7	7	109801187	109813925	12	0.7433
c786802a-7f68-4170-a26b-38362eb5b5f7	7	109814172	116294646	3896	0.2601
c786802a-7f68-4170-a26b-38362eb5b5f7	7	116294957	116301003	3	-0.8465
c786802a-7f68-4170-a26b-38362eb5b5f7	7	116301498	125290579	5368	0.2583
c786802a-7f68-4170-a26b-38362eb5b5f7	7	125290668	125293169	2	-1.2147
c786802a-7f68-4170-a26b-38362eb5b5f7	7	125293823	126404869	759	0.2591
c786802a-7f68-4170-a26b-38362eb5b5f7	7	126404920	126406561	13	0.8032
c786802a-7f68-4170-a26b-38362eb5b5f7	7	126406822	134100458	4700	0.2312
c786802a-7f68-4170-a26b-38362eb5b5f7	7	134100556	134113805	30	-0.4269
c786802a-7f68-4170-a26b-38362eb5b5f7	7	134114093	143790571	6146	0.2476
c786802a-7f68-4170-a26b-38362eb5b5f7	7	143799657	143877688	15	-0.3273
c786802a-7f68-4170-a26b-38362eb5b5f7	7	143878890	144264193	273	0.2487
c786802a-7f68-4170-a26b-38362eb5b5f7	7	144295437	144312471	3	-0.9119
c786802a-7f68-4170-a26b-38362eb5b5f7	7	144326306	145244204	560	0.2455
c786802a-7f68-4170-a26b-38362eb5b5f7	7	145244682	145368262	77	0.3153
c786802a-7f68-4170-a26b-38362eb5b5f7	7	145368436	147084982	1066	0.4014
c786802a-7f68-4170-a26b-38362eb5b5f7	7	147086470	152614342	3284	0.3333
c786802a-7f68-4170-a26b-38362eb5b5f7	7	152616958	152676568	41	0.6717
c786802a-7f68-4170-a26b-38362eb5b5f7	7	152677078	153450553	532	0.3336
c786802a-7f68-4170-a26b-38362eb5b5f7	7	153450560	153450627	2	-2.2907
c786802a-7f68-4170-a26b-38362eb5b5f7	7	153450630	159334314	4089	0.322
c786802a-7f68-4170-a26b-38362eb5b5f7	8	81254	5736745	5996	-0.037
c786802a-7f68-4170-a26b-38362eb5b5f7	8	5741204	5746973	27	-0.8691
c786802a-7f68-4170-a26b-38362eb5b5f7	8	5749566	7357997	1707	-0.052
c786802a-7f68-4170-a26b-38362eb5b5f7	8	7358220	8212781	62	-0.6542
c786802a-7f68-4170-a26b-38362eb5b5f7	8	8214781	12092042	3220	-0.0546
c786802a-7f68-4170-a26b-38362eb5b5f7	8	12130217	12143614	6	-2.8664
c786802a-7f68-4170-a26b-38362eb5b5f7	8	12176798	12389977	31	0.1117
c786802a-7f68-4170-a26b-38362eb5b5f7	8	12418301	12704441	48	-0.2861
c786802a-7f68-4170-a26b-38362eb5b5f7	8	12704946	15543669	2697	-0.009
c786802a-7f68-4170-a26b-38362eb5b5f7	8	15545551	15555938	9	-1.1252
c786802a-7f68-4170-a26b-38362eb5b5f7	8	15565761	17061577	1333	-0.0077
c786802a-7f68-4170-a26b-38362eb5b5f7	8	17061615	17062159	2	-1.583
c786802a-7f68-4170-a26b-38362eb5b5f7	8	17067188	19563145	2320	-0.0218
c786802a-7f68-4170-a26b-38362eb5b5f7	8	19563729	19563750	2	-1.0904
c786802a-7f68-4170-a26b-38362eb5b5f7	8	19569953	20058279	395	-0.0248
c786802a-7f68-4170-a26b-38362eb5b5f7	8	20058431	22073168	1665	-0.071
c786802a-7f68-4170-a26b-38362eb5b5f7	8	22075857	25114672	1950	-0.4492
c786802a-7f68-4170-a26b-38362eb5b5f7	8	25116928	25126818	27	0.2968
c786802a-7f68-4170-a26b-38362eb5b5f7	8	25133589	26110930	777	-0.4208
c786802a-7f68-4170-a26b-38362eb5b5f7	8	26111161	29958314	2689	-0.4726
c786802a-7f68-4170-a26b-38362eb5b5f7	8	29958926	39373140	5548	-0.4166
c786802a-7f68-4170-a26b-38362eb5b5f7	8	39378084	39529446	59	-0.7486
c786802a-7f68-4170-a26b-38362eb5b5f7	8	39530780	40324598	588	-0.3776
c786802a-7f68-4170-a26b-38362eb5b5f7	8	40326278	40331992	34	-1.6702
c786802a-7f68-4170-a26b-38362eb5b5f7	8	40335391	43808532	1941	-0.3891
c786802a-7f68-4170-a26b-38362eb5b5f7	8	43809052	43931659	21	-0.2293
c786802a-7f68-4170-a26b-38362eb5b5f7	8	45951913	46615926	181	0.1422
c786802a-7f68-4170-a26b-38362eb5b5f7	8	46616026	46624924	8	0.9635
c786802a-7f68-4170-a26b-38362eb5b5f7	8	46634473	82354576	21942	0.1798
c786802a-7f68-4170-a26b-38362eb5b5f7	8	82355873	82359141	5	-0.3429
c786802a-7f68-4170-a26b-38362eb5b5f7	8	82359160	82382546	9	-0.0286
c786802a-7f68-4170-a26b-38362eb5b5f7	8	82382560	82398044	13	-0.3944
c786802a-7f68-4170-a26b-38362eb5b5f7	8	82401617	94969050	7239	0.1781
c786802a-7f68-4170-a26b-38362eb5b5f7	8	94969333	96394325	1123	0.5526
c786802a-7f68-4170-a26b-38362eb5b5f7	8	96395124	97637863	769	0.6295
c786802a-7f68-4170-a26b-38362eb5b5f7	8	97645864	97865309	148	0.4474
c786802a-7f68-4170-a26b-38362eb5b5f7	8	97872310	98008721	91	0.6861
c786802a-7f68-4170-a26b-38362eb5b5f7	8	98018052	98403774	262	0.4779
c786802a-7f68-4170-a26b-38362eb5b5f7	8	98406638	99646379	556	0.2185
c786802a-7f68-4170-a26b-38362eb5b5f7	8	99648023	100487356	413	0.3266
c786802a-7f68-4170-a26b-38362eb5b5f7	8	100488427	101261325	501	0.4174
c786802a-7f68-4170-a26b-38362eb5b5f7	8	101264168	105040115	2399	0.2551
c786802a-7f68-4170-a26b-38362eb5b5f7	8	105040421	105510999	288	0.4324
c786802a-7f68-4170-a26b-38362eb5b5f7	8	105512532	106119169	337	0.3044
c786802a-7f68-4170-a26b-38362eb5b5f7	8	106120030	106848001	504	0.4692
c786802a-7f68-4170-a26b-38362eb5b5f7	8	106848029	107142845	245	0.2501
c786802a-7f68-4170-a26b-38362eb5b5f7	8	107148727	108238854	710	0.4138
c786802a-7f68-4170-a26b-38362eb5b5f7	8	108248352	108302549	34	0.2912
c786802a-7f68-4170-a26b-38362eb5b5f7	8	108304956	111279265	1651	0.1968
c786802a-7f68-4170-a26b-38362eb5b5f7	8	111282050	111283031	10	1.3955
c786802a-7f68-4170-a26b-38362eb5b5f7	8	111288052	119601308	5282	0.1873
c786802a-7f68-4170-a26b-38362eb5b5f7	8	119601507	126109479	4405	0.2822
c786802a-7f68-4170-a26b-38362eb5b5f7	8	126111511	127189114	786	0.3794
c786802a-7f68-4170-a26b-38362eb5b5f7	8	127190633	128019980	609	0.5792
c786802a-7f68-4170-a26b-38362eb5b5f7	8	128020371	128162038	150	0.4185
c786802a-7f68-4170-a26b-38362eb5b5f7	8	128162534	128751839	440	0.5627
c786802a-7f68-4170-a26b-38362eb5b5f7	8	128765208	128927803	88	0.4096
c786802a-7f68-4170-a26b-38362eb5b5f7	8	128931934	129005230	61	0.3064
c786802a-7f68-4170-a26b-38362eb5b5f7	8	129010267	129158371	79	0.1756
c786802a-7f68-4170-a26b-38362eb5b5f7	8	129158800	129652161	367	0.3062
c786802a-7f68-4170-a26b-38362eb5b5f7	8	129653168	133655731	3123	0.1574
c786802a-7f68-4170-a26b-38362eb5b5f7	8	133656434	135416914	1426	0.2838
c786802a-7f68-4170-a26b-38362eb5b5f7	8	135418867	139385949	3226	0.1732
c786802a-7f68-4170-a26b-38362eb5b5f7	8	139386290	139590129	218	0.388
c786802a-7f68-4170-a26b-38362eb5b5f7	8	139590373	139592959	7	0.8628
c786802a-7f68-4170-a26b-38362eb5b5f7	8	139593472	139642782	52	0.4039
c786802a-7f68-4170-a26b-38362eb5b5f7	8	139646558	139797859	104	0.2638
c786802a-7f68-4170-a26b-38362eb5b5f7	8	139800015	140558205	481	0.4544
c786802a-7f68-4170-a26b-38362eb5b5f7	8	140558523	140878946	143	1.1581
c786802a-7f68-4170-a26b-38362eb5b5f7	8	140880686	140990088	53	0.9599
c786802a-7f68-4170-a26b-38362eb5b5f7	8	140990543	141680091	461	0.7558
c786802a-7f68-4170-a26b-38362eb5b5f7	8	141685921	141735978	28	0.277
c786802a-7f68-4170-a26b-38362eb5b5f7	8	141737405	141970481	145	0.7663
c786802a-7f68-4170-a26b-38362eb5b5f7	8	141972177	143616499	673	0.3174
c786802a-7f68-4170-a26b-38362eb5b5f7	8	143616645	143963427	102	0.5905
c786802a-7f68-4170-a26b-38362eb5b5f7	8	143964289	144232274	92	0.7765
c786802a-7f68-4170-a26b-38362eb5b5f7	8	144284502	144379493	34	0.5687
c786802a-7f68-4170-a26b-38362eb5b5f7	8	144403851	145072769	287	-0.4674
c786802a-7f68-4170-a26b-38362eb5b5f7	9	46587	6770374	6410	-0.3997
c786802a-7f68-4170-a26b-38362eb5b5f7	9	6770534	6770741	2	-1.9955
c786802a-7f68-4170-a26b-38362eb5b5f7	9	6770744	9192961	2370	-0.4029
c786802a-7f68-4170-a26b-38362eb5b5f7	9	9195670	12624029	2963	-0.3493
c786802a-7f68-4170-a26b-38362eb5b5f7	9	12624058	19431410	5764	-0.4023
c786802a-7f68-4170-a26b-38362eb5b5f7	9	19431637	19434982	4	-2.4922
c786802a-7f68-4170-a26b-38362eb5b5f7	9	19435386	19716840	224	-0.4416
c786802a-7f68-4170-a26b-38362eb5b5f7	9	19718687	21980471	1745	-0.3957
c786802a-7f68-4170-a26b-38362eb5b5f7	9	21986219	21999241	10	-1.3218
c786802a-7f68-4170-a26b-38362eb5b5f7	9	21999616	23361807	918	-0.3657
c786802a-7f68-4170-a26b-38362eb5b5f7	9	23363117	23372401	7	0.7342
c786802a-7f68-4170-a26b-38362eb5b5f7	9	23373486	25570150	1597	-0.3725
c786802a-7f68-4170-a26b-38362eb5b5f7	9	25570413	31652558	4502	-0.4559
c786802a-7f68-4170-a26b-38362eb5b5f7	9	31654562	36539105	2966	-0.2727
c786802a-7f68-4170-a26b-38362eb5b5f7	9	36539125	41741096	1780	-0.3982
c786802a-7f68-4170-a26b-38362eb5b5f7	9	41741113	42112551	9	0.3813
c786802a-7f68-4170-a26b-38362eb5b5f7	9	42113511	42265987	18	-0.195
c786802a-7f68-4170-a26b-38362eb5b5f7	9	42279025	42546668	10	-1.1828
c786802a-7f68-4170-a26b-38362eb5b5f7	9	42566207	61561095	73	-0.3684
c786802a-7f68-4170-a26b-38362eb5b5f7	9	61566296	63697496	80	-0.1474
c786802a-7f68-4170-a26b-38362eb5b5f7	9	63702618	72219522	3041	-0.3661
c786802a-7f68-4170-a26b-38362eb5b5f7	9	72220260	72221169	3	-1.5474
c786802a-7f68-4170-a26b-38362eb5b5f7	9	72221439	74696920	1586	-0.347
c786802a-7f68-4170-a26b-38362eb5b5f7	9	74697387	78584230	2908	-0.0617
c786802a-7f68-4170-a26b-38362eb5b5f7	9	78587863	78969883	301	0.1881
c786802a-7f68-4170-a26b-38362eb5b5f7	9	78969929	79088119	83	-0.048
c786802a-7f68-4170-a26b-38362eb5b5f7	9	79094587	84398600	3771	-0.3576
c786802a-7f68-4170-a26b-38362eb5b5f7	9	84403578	99627131	10400	-0.3914
c786802a-7f68-4170-a26b-38362eb5b5f7	9	99628477	104924188	3765	-0.338
c786802a-7f68-4170-a26b-38362eb5b5f7	9	104928557	105010039	66	0.1822
c786802a-7f68-4170-a26b-38362eb5b5f7	9	105014338	110747230	4464	-0.3716
c786802a-7f68-4170-a26b-38362eb5b5f7	9	110748910	110778845	27	0.1905
c786802a-7f68-4170-a26b-38362eb5b5f7	9	110779560	111143409	300	-0.3593
c786802a-7f68-4170-a26b-38362eb5b5f7	9	111145479	111295469	130	-0.0437
c786802a-7f68-4170-a26b-38362eb5b5f7	9	111295599	112875003	1031	-0.3652
c786802a-7f68-4170-a26b-38362eb5b5f7	9	112878901	113053118	134	0.2053
c786802a-7f68-4170-a26b-38362eb5b5f7	9	113053433	113497620	302	0.3625
c786802a-7f68-4170-a26b-38362eb5b5f7	9	113502336	113790931	189	0.5135
c786802a-7f68-4170-a26b-38362eb5b5f7	9	113790968	113916601	66	0.4179
c786802a-7f68-4170-a26b-38362eb5b5f7	9	113917856	116388396	1911	0.339
c786802a-7f68-4170-a26b-38362eb5b5f7	9	116392170	117127195	726	0.4052
c786802a-7f68-4170-a26b-38362eb5b5f7	9	117127410	117290291	154	0.5515
c786802a-7f68-4170-a26b-38362eb5b5f7	9	117294578	117459800	146	0.3655
c786802a-7f68-4170-a26b-38362eb5b5f7	9	117463219	118249827	632	0.6082
c786802a-7f68-4170-a26b-38362eb5b5f7	9	118251699	118647479	297	0.4654
c786802a-7f68-4170-a26b-38362eb5b5f7	9	118649789	119383778	589	0.3276
c786802a-7f68-4170-a26b-38362eb5b5f7	9	119383808	120317486	838	0.2218
c786802a-7f68-4170-a26b-38362eb5b5f7	9	120318485	120679182	250	0.3596
c786802a-7f68-4170-a26b-38362eb5b5f7	9	120680384	122343511	1022	0.4031
c786802a-7f68-4170-a26b-38362eb5b5f7	9	122344735	122980987	389	0.5249
c786802a-7f68-4170-a26b-38362eb5b5f7	9	122981628	123301467	161	0.4064
c786802a-7f68-4170-a26b-38362eb5b5f7	9	123301541	123662920	239	0.5543
c786802a-7f68-4170-a26b-38362eb5b5f7	9	123665601	125159673	890	0.2949
c786802a-7f68-4170-a26b-38362eb5b5f7	9	125167683	138200944	7195	0.1345
c786802a-7f68-4170-a26b-38362eb5b5f7	10	45792	65208	6	-0.0366
c786802a-7f68-4170-a26b-38362eb5b5f7	10	66015	270911	112	-0.3477
c786802a-7f68-4170-a26b-38362eb5b5f7	10	279504	1875160	1194	-0.4821
c786802a-7f68-4170-a26b-38362eb5b5f7	10	1875640	24088745	17864	-0.4054
c786802a-7f68-4170-a26b-38362eb5b5f7	10	24088746	24089125	10	-2.0677
c786802a-7f68-4170-a26b-38362eb5b5f7	10	24089979	29998806	4306	-0.3967
c786802a-7f68-4170-a26b-38362eb5b5f7	10	30001403	30036610	30	0.0463
c786802a-7f68-4170-a26b-38362eb5b5f7	10	30037544	31003136	734	0.3341
c786802a-7f68-4170-a26b-38362eb5b5f7	10	31003149	31125981	96	0.0209
c786802a-7f68-4170-a26b-38362eb5b5f7	10	31127986	31159147	37	0.3056
c786802a-7f68-4170-a26b-38362eb5b5f7	10	31164807	32854862	1013	0.0457
c786802a-7f68-4170-a26b-38362eb5b5f7	10	32856536	33333551	368	0.5338
c786802a-7f68-4170-a26b-38362eb5b5f7	10	33333864	33396837	55	0.2129
c786802a-7f68-4170-a26b-38362eb5b5f7	10	33397280	34304222	667	0.5483
c786802a-7f68-4170-a26b-38362eb5b5f7	10	34304688	34304981	2	-1.7146
c786802a-7f68-4170-a26b-38362eb5b5f7	10	34305543	34389310	46	0.5596
c786802a-7f68-4170-a26b-38362eb5b5f7	10	34389395	34823866	284	0.3476
c786802a-7f68-4170-a26b-38362eb5b5f7	10	34826097	35334856	248	0.5315
c786802a-7f68-4170-a26b-38362eb5b5f7	10	35341294	36049963	476	0.6661
c786802a-7f68-4170-a26b-38362eb5b5f7	10	36050496	36056357	7	-0.0493
c786802a-7f68-4170-a26b-38362eb5b5f7	10	36057654	36218655	135	0.6132
c786802a-7f68-4170-a26b-38362eb5b5f7	10	36219327	36458395	190	0.7523
c786802a-7f68-4170-a26b-38362eb5b5f7	10	36459436	36668119	132	0.6075
c786802a-7f68-4170-a26b-38362eb5b5f7	10	36670345	36959026	188	0.4234
c786802a-7f68-4170-a26b-38362eb5b5f7	10	36959111	37216264	129	0.5988
c786802a-7f68-4170-a26b-38362eb5b5f7	10	37219393	37546726	166	0.7262
c786802a-7f68-4170-a26b-38362eb5b5f7	10	37547487	37548394	7	0.252
c786802a-7f68-4170-a26b-38362eb5b5f7	10	37548499	37843159	211	0.7056
c786802a-7f68-4170-a26b-38362eb5b5f7	10	37846457	37980587	71	0.5245
c786802a-7f68-4170-a26b-38362eb5b5f7	10	37982189	38170606	113	0.6711
c786802a-7f68-4170-a26b-38362eb5b5f7	10	38171012	38720560	130	0.4093
c786802a-7f68-4170-a26b-38362eb5b5f7	10	38720578	46525728	2633	-0.0013
c786802a-7f68-4170-a26b-38362eb5b5f7	10	46525759	46525833	5	-1.2757
c786802a-7f68-4170-a26b-38362eb5b5f7	10	46525848	46618028	34	-0.0097
c786802a-7f68-4170-a26b-38362eb5b5f7	10	46631433	46804606	11	0.6308
c786802a-7f68-4170-a26b-38362eb5b5f7	10	46810571	50062639	1683	-0.0091
c786802a-7f68-4170-a26b-38362eb5b5f7	10	50070600	50132160	5	-1.028
c786802a-7f68-4170-a26b-38362eb5b5f7	10	50144008	50716389	379	0.0022
c786802a-7f68-4170-a26b-38362eb5b5f7	10	50719256	67645096	12143	0.0422
c786802a-7f68-4170-a26b-38362eb5b5f7	10	67648120	79595316	7738	-0.0025
c786802a-7f68-4170-a26b-38362eb5b5f7	10	79624118	79684125	9	-0.7655
c786802a-7f68-4170-a26b-38362eb5b5f7	10	79689251	85149672	3896	0.0208
c786802a-7f68-4170-a26b-38362eb5b5f7	10	85150638	85150645	2	-2.6099
c786802a-7f68-4170-a26b-38362eb5b5f7	10	85153428	88339163	2081	0.0179
c786802a-7f68-4170-a26b-38362eb5b5f7	10	88341966	88342071	2	-1.8365
c786802a-7f68-4170-a26b-38362eb5b5f7	10	88362755	130883416	29412	0.01
c786802a-7f68-4170-a26b-38362eb5b5f7	10	130884173	130884173	2	-2.5012
c786802a-7f68-4170-a26b-38362eb5b5f7	10	130884304	133654968	1586	-0.0506
c786802a-7f68-4170-a26b-38362eb5b5f7	11	198510	3661342	1377	-0.0495
c786802a-7f68-4170-a26b-38362eb5b5f7	11	3664188	4946420	1041	0.0287
c786802a-7f68-4170-a26b-38362eb5b5f7	11	4947280	4954475	28	-1.7653
c786802a-7f68-4170-a26b-38362eb5b5f7	11	4955027	5761822	781	0.0251
c786802a-7f68-4170-a26b-38362eb5b5f7	11	5761882	5787909	37	0.3851
c786802a-7f68-4170-a26b-38362eb5b5f7	11	5788108	7791493	1497	0.0236
c786802a-7f68-4170-a26b-38362eb5b5f7	11	7791913	7810711	6	-1.1044
c786802a-7f68-4170-a26b-38362eb5b5f7	11	7815462	18919323	7904	-0.0008
c786802a-7f68-4170-a26b-38362eb5b5f7	11	18927525	18939631	35	0.8506
c786802a-7f68-4170-a26b-38362eb5b5f7	11	18939734	18953905	27	0.3141
c786802a-7f68-4170-a26b-38362eb5b5f7	11	18956113	20955337	1798	0.0181
c786802a-7f68-4170-a26b-38362eb5b5f7	11	20957066	27242285	4768	0.046
c786802a-7f68-4170-a26b-38362eb5b5f7	11	27243862	36049744	6005	0.013
c786802a-7f68-4170-a26b-38362eb5b5f7	11	36049922	36050266	2	-1.2283
c786802a-7f68-4170-a26b-38362eb5b5f7	11	36053123	37111870	840	0.0366
c786802a-7f68-4170-a26b-38362eb5b5f7	11	37111923	37112518	6	0.7871
c786802a-7f68-4170-a26b-38362eb5b5f7	11	37112608	46781649	6363	0.0344
c786802a-7f68-4170-a26b-38362eb5b5f7	11	46784855	50257892	1460	0.0872
c786802a-7f68-4170-a26b-38362eb5b5f7	11	50258763	55608804	509	0.2278
c786802a-7f68-4170-a26b-38362eb5b5f7	11	55609022	55685533	51	0.7523
c786802a-7f68-4170-a26b-38362eb5b5f7	11	55686100	56111950	325	0.2348
c786802a-7f68-4170-a26b-38362eb5b5f7	11	56111979	57153216	676	0.1448
c786802a-7f68-4170-a26b-38362eb5b5f7	11	57154371	58092907	495	0.0633
c786802a-7f68-4170-a26b-38362eb5b5f7	11	58095448	60664009	1564	0.1105
c786802a-7f68-4170-a26b-38362eb5b5f7	11	60680616	68455977	3439	0.0596
c786802a-7f68-4170-a26b-38362eb5b5f7	11	68456574	70491578	1141	0.2173
c786802a-7f68-4170-a26b-38362eb5b5f7	11	70501941	72521390	1046	0.0605
c786802a-7f68-4170-a26b-38362eb5b5f7	11	72523886	74471527	956	0.4523
c786802a-7f68-4170-a26b-38362eb5b5f7	11	74471903	80256469	3622	0.3023
c786802a-7f68-4170-a26b-38362eb5b5f7	11	80256504	80256520	2	-2.5695
c786802a-7f68-4170-a26b-38362eb5b5f7	11	80256642	81608023	1155	0.3341
c786802a-7f68-4170-a26b-38362eb5b5f7	11	81608036	98745442	11721	0.1253
c786802a-7f68-4170-a26b-38362eb5b5f7	11	98753363	104701877	4452	0.3492
c786802a-7f68-4170-a26b-38362eb5b5f7	11	104702790	107910653	2168	0.3893
c786802a-7f68-4170-a26b-38362eb5b5f7	11	107913781	107916987	3	-0.6488
c786802a-7f68-4170-a26b-38362eb5b5f7	11	107919044	113121728	3280	0.3947
c786802a-7f68-4170-a26b-38362eb5b5f7	11	113122125	122773543	6876	0.0866
c786802a-7f68-4170-a26b-38362eb5b5f7	11	122775330	126176337	2498	0.3684
c786802a-7f68-4170-a26b-38362eb5b5f7	11	126176388	128461625	1754	0.4347
c786802a-7f68-4170-a26b-38362eb5b5f7	11	128461683	128463624	7	-0.6587
c786802a-7f68-4170-a26b-38362eb5b5f7	11	128464871	131113236	1953	0.4351
c786802a-7f68-4170-a26b-38362eb5b5f7	11	131113260	131113287	2	-0.1096
c786802a-7f68-4170-a26b-38362eb5b5f7	11	131113413	133980621	2355	0.3627
c786802a-7f68-4170-a26b-38362eb5b5f7	11	133982479	135074876	813	0.2679
c786802a-7f68-4170-a26b-38362eb5b5f7	12	51460	8289689	5558	-0.129
c786802a-7f68-4170-a26b-38362eb5b5f7	12	8296516	8296621	2	1.864
c786802a-7f68-4170-a26b-38362eb5b5f7	12	8300870	9464487	604	-0.1315
c786802a-7f68-4170-a26b-38362eb5b5f7	12	9466572	9474642	7	-0.0626
c786802a-7f68-4170-a26b-38362eb5b5f7	12	9477960	9575696	25	0.4261
c786802a-7f68-4170-a26b-38362eb5b5f7	12	9582373	30082648	14305	-0.0878
c786802a-7f68-4170-a26b-38362eb5b5f7	12	30086334	30090642	18	-1.0591
c786802a-7f68-4170-a26b-38362eb5b5f7	12	30090657	31249756	958	-0.1219
c786802a-7f68-4170-a26b-38362eb5b5f7	12	31253875	31253973	3	-1.4679
c786802a-7f68-4170-a26b-38362eb5b5f7	12	31254189	45510655	6914	-0.0906
c786802a-7f68-4170-a26b-38362eb5b5f7	12	45512057	45515754	3	-2.1021
c786802a-7f68-4170-a26b-38362eb5b5f7	12	45519509	52030212	3508	-0.0751
c786802a-7f68-4170-a26b-38362eb5b5f7	12	52030286	55093019	1968	-0.1275
c786802a-7f68-4170-a26b-38362eb5b5f7	12	55095837	55263058	101	-0.0625
c786802a-7f68-4170-a26b-38362eb5b5f7	12	55268222	58283637	1593	0.0115
c786802a-7f68-4170-a26b-38362eb5b5f7	12	58288882	107075190	31694	-0.0932
c786802a-7f68-4170-a26b-38362eb5b5f7	12	107076828	131636170	16994	-0.1337
c786802a-7f68-4170-a26b-38362eb5b5f7	12	131648039	131648790	13	-1.5069
c786802a-7f68-4170-a26b-38362eb5b5f7	12	131657925	133201603	559	-0.1607
c786802a-7f68-4170-a26b-38362eb5b5f7	13	18452809	18511174	6	-0.5741
c786802a-7f68-4170-a26b-38362eb5b5f7	13	18522796	18741033	63	-0.1925
c786802a-7f68-4170-a26b-38362eb5b5f7	13	18744226	18795170	7	-1.0038
c786802a-7f68-4170-a26b-38362eb5b5f7	13	18795296	24413051	3885	-0.2227
c786802a-7f68-4170-a26b-38362eb5b5f7	13	24415916	27751713	2433	-0.3974
c786802a-7f68-4170-a26b-38362eb5b5f7	13	27757541	28836745	810	-0.2271
c786802a-7f68-4170-a26b-38362eb5b5f7	13	28837820	31958485	2348	-0.3892
c786802a-7f68-4170-a26b-38362eb5b5f7	13	31958590	31964286	17	-0.9655
c786802a-7f68-4170-a26b-38362eb5b5f7	13	31965910	49955286	12380	-0.3684
c786802a-7f68-4170-a26b-38362eb5b5f7	13	49957088	51951632	1226	-0.1865
c786802a-7f68-4170-a26b-38362eb5b5f7	13	51952751	53788707	967	-0.3632
c786802a-7f68-4170-a26b-38362eb5b5f7	13	53788867	68336002	8548	-0.3348
c786802a-7f68-4170-a26b-38362eb5b5f7	13	68341150	68359421	11	0.2841
c786802a-7f68-4170-a26b-38362eb5b5f7	13	68362751	71884203	2308	-0.3244
c786802a-7f68-4170-a26b-38362eb5b5f7	13	71884230	80671874	6166	-0.3611
c786802a-7f68-4170-a26b-38362eb5b5f7	13	80675655	94040527	8315	-0.3347
c786802a-7f68-4170-a26b-38362eb5b5f7	13	94040861	109104954	11248	-0.3714
c786802a-7f68-4170-a26b-38362eb5b5f7	13	109105779	114342922	3368	-0.4349
c786802a-7f68-4170-a26b-38362eb5b5f7	14	18239283	18605732	11	-0.0671
c786802a-7f68-4170-a26b-38362eb5b5f7	14	18605867	19289821	34	0.6266
c786802a-7f68-4170-a26b-38362eb5b5f7	14	19294457	19689684	19	-0.0278
c786802a-7f68-4170-a26b-38362eb5b5f7	14	19732024	19954424	102	0.8022
c786802a-7f68-4170-a26b-38362eb5b5f7	14	19955213	32833676	8141	0.0754
c786802a-7f68-4170-a26b-38362eb5b5f7	14	32834068	32834907	4	-1.8756
c786802a-7f68-4170-a26b-38362eb5b5f7	14	32836137	41137683	5454	0.0642
c786802a-7f68-4170-a26b-38362eb5b5f7	14	41137696	41200899	21	0.4501
c786802a-7f68-4170-a26b-38362eb5b5f7	14	41207137	50262887	5290	0.0773
c786802a-7f68-4170-a26b-38362eb5b5f7	14	50263663	50627027	187	-0.0749
c786802a-7f68-4170-a26b-38362eb5b5f7	14	50627172	69547262	12350	0.0582
c786802a-7f68-4170-a26b-38362eb5b5f7	14	69551330	69555750	9	-1.1543
c786802a-7f68-4170-a26b-38362eb5b5f7	14	69555996	72858657	2259	0.0638
c786802a-7f68-4170-a26b-38362eb5b5f7	14	72858676	72906261	40	0.4095
c786802a-7f68-4170-a26b-38362eb5b5f7	14	72906386	73529070	324	0.0661
c786802a-7f68-4170-a26b-38362eb5b5f7	14	73534419	73563196	10	-1.9473
c786802a-7f68-4170-a26b-38362eb5b5f7	14	73563211	106258732	20842	0.0891
c786802a-7f68-4170-a26b-38362eb5b5f7	14	106258891	106321086	35	0.3588
c786802a-7f68-4170-a26b-38362eb5b5f7	14	106340102	106365807	11	-1.8274
c786802a-7f68-4170-a26b-38362eb5b5f7	14	106369985	106877229	270	0.0382
c786802a-7f68-4170-a26b-38362eb5b5f7	15	19811075	20056983	50	-0.2961
c786802a-7f68-4170-a26b-38362eb5b5f7	15	20059033	22646628	175	0.121
c786802a-7f68-4170-a26b-38362eb5b5f7	15	22646842	27127208	2896	-0.1481
c786802a-7f68-4170-a26b-38362eb5b5f7	15	27127831	30442554	1736	-0.3135
c786802a-7f68-4170-a26b-38362eb5b5f7	15	30483791	30500366	5	-1.5029
c786802a-7f68-4170-a26b-38362eb5b5f7	15	30503586	34431375	2570	-0.3149
c786802a-7f68-4170-a26b-38362eb5b5f7	15	34434971	34522159	60	-0.6649
c786802a-7f68-4170-a26b-38362eb5b5f7	15	34522341	34637726	49	-0.2297
c786802a-7f68-4170-a26b-38362eb5b5f7	15	34637754	34685612	56	-0.9242
c786802a-7f68-4170-a26b-38362eb5b5f7	15	34692790	45884289	6634	-0.2948
c786802a-7f68-4170-a26b-38362eb5b5f7	15	45884652	57420676	7410	-0.2698
c786802a-7f68-4170-a26b-38362eb5b5f7	15	57421553	57497842	78	-0.3436
c786802a-7f68-4170-a26b-38362eb5b5f7	15	57498000	57498681	2	-2.0731
c786802a-7f68-4170-a26b-38362eb5b5f7	15	57499134	65978303	5879	-0.3052
c786802a-7f68-4170-a26b-38362eb5b5f7	15	65979434	65979486	2	-2.049
c786802a-7f68-4170-a26b-38362eb5b5f7	15	65979704	76575886	6303	-0.3183
c786802a-7f68-4170-a26b-38362eb5b5f7	15	76577448	76599481	8	0.0482
c786802a-7f68-4170-a26b-38362eb5b5f7	15	76599536	76603434	17	0.3854
c786802a-7f68-4170-a26b-38362eb5b5f7	15	76609838	76610031	5	0.0108
c786802a-7f68-4170-a26b-38362eb5b5f7	15	76610083	85968663	5515	-0.317
c786802a-7f68-4170-a26b-38362eb5b5f7	15	85968691	85970308	2	-7.5883
c786802a-7f68-4170-a26b-38362eb5b5f7	15	85974618	85977902	4	-2.4177
c786802a-7f68-4170-a26b-38362eb5b5f7	15	85978606	93505742	5818	-0.3161
c786802a-7f68-4170-a26b-38362eb5b5f7	15	93507792	98102910	3433	-0.273
c786802a-7f68-4170-a26b-38362eb5b5f7	15	98107981	101905038	2826	-0.3271
c786802a-7f68-4170-a26b-38362eb5b5f7	15	101919053	101928837	2	-1.6758
c786802a-7f68-4170-a26b-38362eb5b5f7	16	10777	1582559	524	0.1936
c786802a-7f68-4170-a26b-38362eb5b5f7	16	1582899	5557889	2100	0.239
c786802a-7f68-4170-a26b-38362eb5b5f7	16	5558088	5558150	2	-1.8557
c786802a-7f68-4170-a26b-38362eb5b5f7	16	5558336	12555002	6791	0.2785
c786802a-7f68-4170-a26b-38362eb5b5f7	16	12555121	12555138	2	-1.3072
c786802a-7f68-4170-a26b-38362eb5b5f7	16	12556390	18088127	3346	0.2697
c786802a-7f68-4170-a26b-38362eb5b5f7	16	18104860	18545889	17	-0.5283
c786802a-7f68-4170-a26b-38362eb5b5f7	16	18583078	20465821	1102	0.2713
c786802a-7f68-4170-a26b-38362eb5b5f7	16	20467276	20467290	2	-1.0388
c786802a-7f68-4170-a26b-38362eb5b5f7	16	20467360	28590024	5012	0.2634
c786802a-7f68-4170-a26b-38362eb5b5f7	16	28593690	55761136	8040	0.202
c786802a-7f68-4170-a26b-38362eb5b5f7	16	55762477	55788485	21	-1.2107
c786802a-7f68-4170-a26b-38362eb5b5f7	16	55788532	55824881	14	0.7083
c786802a-7f68-4170-a26b-38362eb5b5f7	16	55834527	60124526	2675	0.2025
c786802a-7f68-4170-a26b-38362eb5b5f7	16	60125618	60790782	433	0.3471
c786802a-7f68-4170-a26b-38362eb5b5f7	16	60790835	62043755	771	0.2366
c786802a-7f68-4170-a26b-38362eb5b5f7	16	62044229	62465751	273	0.1071
c786802a-7f68-4170-a26b-38362eb5b5f7	16	62466591	70105639	4589	0.1981
c786802a-7f68-4170-a26b-38362eb5b5f7	16	70117657	70164453	14	-0.4771
c786802a-7f68-4170-a26b-38362eb5b5f7	16	70164493	74363160	2300	0.1937
c786802a-7f68-4170-a26b-38362eb5b5f7	16	74364089	74422703	8	-0.8473
c786802a-7f68-4170-a26b-38362eb5b5f7	16	74431498	83750495	9314	0.1855
c786802a-7f68-4170-a26b-38362eb5b5f7	16	83750794	83760390	31	0.0765
c786802a-7f68-4170-a26b-38362eb5b5f7	16	83760392	83760401	2	-1.6706
c786802a-7f68-4170-a26b-38362eb5b5f7	16	83760419	88076816	3656	0.1399
c786802a-7f68-4170-a26b-38362eb5b5f7	16	88080057	88081232	3	-1.4603
c786802a-7f68-4170-a26b-38362eb5b5f7	16	88081785	90096867	837	0.1138
c786802a-7f68-4170-a26b-38362eb5b5f7	17	150733	8144202	4437	-0.1594
c786802a-7f68-4170-a26b-38362eb5b5f7	17	8158491	8689508	306	0.6084
c786802a-7f68-4170-a26b-38362eb5b5f7	17	8694487	10207300	1138	-0.1445
c786802a-7f68-4170-a26b-38362eb5b5f7	17	10209920	10210028	2	-1.6673
c786802a-7f68-4170-a26b-38362eb5b5f7	17	10210403	18414080	5503	-0.1269
c786802a-7f68-4170-a26b-38362eb5b5f7	17	18452078	18540308	22	-0.8453
c786802a-7f68-4170-a26b-38362eb5b5f7	17	18540363	22410509	1341	-0.1465
c786802a-7f68-4170-a26b-38362eb5b5f7	17	22411050	41265456	8062	-0.0771
c786802a-7f68-4170-a26b-38362eb5b5f7	17	41266762	41274279	24	0.8099
c786802a-7f68-4170-a26b-38362eb5b5f7	17	41276472	46135838	2533	-0.108
c786802a-7f68-4170-a26b-38362eb5b5f7	17	46136346	46275506	85	-0.5773
c786802a-7f68-4170-a26b-38362eb5b5f7	17	46276519	46446360	8	0.3919
c786802a-7f68-4170-a26b-38362eb5b5f7	17	46569894	52670577	3421	-0.0804
c786802a-7f68-4170-a26b-38362eb5b5f7	17	52673712	55178111	1614	-0.0117
c786802a-7f68-4170-a26b-38362eb5b5f7	17	55184650	57610128	1968	-0.0786
c786802a-7f68-4170-a26b-38362eb5b5f7	17	57610972	57611632	2	-2.1854
c786802a-7f68-4170-a26b-38362eb5b5f7	17	57614632	69889125	6683	-0.076
c786802a-7f68-4170-a26b-38362eb5b5f7	17	69889342	69895785	3	-1.2949
c786802a-7f68-4170-a26b-38362eb5b5f7	17	69895877	73890336	3168	-0.0679
c786802a-7f68-4170-a26b-38362eb5b5f7	17	73890957	83091923	4713	-0.1206
c786802a-7f68-4170-a26b-38362eb5b5f7	18	48133	21085889	10455	0.0396
c786802a-7f68-4170-a26b-38362eb5b5f7	18	21086816	22678701	800	-0.0872
c786802a-7f68-4170-a26b-38362eb5b5f7	18	22680410	22772848	59	0.048
c786802a-7f68-4170-a26b-38362eb5b5f7	18	22773475	22906077	58	0.2209
c786802a-7f68-4170-a26b-38362eb5b5f7	18	22910124	23022687	41	0.0585
c786802a-7f68-4170-a26b-38362eb5b5f7	18	23024394	23703103	397	-0.2435
c786802a-7f68-4170-a26b-38362eb5b5f7	18	23707401	23990308	149	-0.102
c786802a-7f68-4170-a26b-38362eb5b5f7	18	23990867	25614711	1171	-0.2526
c786802a-7f68-4170-a26b-38362eb5b5f7	18	25615951	25998428	281	-0.088
c786802a-7f68-4170-a26b-38362eb5b5f7	18	25998715	29626564	2240	-0.2341
c786802a-7f68-4170-a26b-38362eb5b5f7	18	29628247	30459241	507	0.0643
c786802a-7f68-4170-a26b-38362eb5b5f7	18	30460013	32227449	1200	0.1677
c786802a-7f68-4170-a26b-38362eb5b5f7	18	32227685	32352578	92	-0.1263
c786802a-7f68-4170-a26b-38362eb5b5f7	18	32357113	32457724	80	0.1357
c786802a-7f68-4170-a26b-38362eb5b5f7	18	32463388	32705785	167	-0.0972
c786802a-7f68-4170-a26b-38362eb5b5f7	18	32705920	42471713	6322	-0.2378
c786802a-7f68-4170-a26b-38362eb5b5f7	18	42476604	42478430	26	-1.2924
c786802a-7f68-4170-a26b-38362eb5b5f7	18	42480972	44732872	1327	-0.2511
c786802a-7f68-4170-a26b-38362eb5b5f7	18	44733745	50738288	4249	-0.2914
c786802a-7f68-4170-a26b-38362eb5b5f7	18	50738377	54019885	2348	-0.2423
c786802a-7f68-4170-a26b-38362eb5b5f7	18	54020585	54020881	2	-2.4259
c786802a-7f68-4170-a26b-38362eb5b5f7	18	54022085	57005536	1787	-0.2622
c786802a-7f68-4170-a26b-38362eb5b5f7	18	57006263	57006864	2	-2.1112
c786802a-7f68-4170-a26b-38362eb5b5f7	18	57008715	64827149	5717	-0.2664
c786802a-7f68-4170-a26b-38362eb5b5f7	18	64827256	65632947	507	-0.2301
c786802a-7f68-4170-a26b-38362eb5b5f7	18	65634466	65634822	2	-1.9085
c786802a-7f68-4170-a26b-38362eb5b5f7	18	65635472	73603061	5903	-0.2273
c786802a-7f68-4170-a26b-38362eb5b5f7	18	73603541	78528435	3882	-0.2861
c786802a-7f68-4170-a26b-38362eb5b5f7	18	78531915	78534176	19	-0.8632
c786802a-7f68-4170-a26b-38362eb5b5f7	18	78538057	80257174	937	-0.3306
c786802a-7f68-4170-a26b-38362eb5b5f7	19	90910	19802238	8545	-0.0918
c786802a-7f68-4170-a26b-38362eb5b5f7	19	19806560	36339409	8620	-0.0346
c786802a-7f68-4170-a26b-38362eb5b5f7	19	36354973	36356596	11	-0.658
c786802a-7f68-4170-a26b-38362eb5b5f7	19	36356735	42758830	3223	-0.0352
c786802a-7f68-4170-a26b-38362eb5b5f7	19	42759354	42786621	12	-0.3457
c786802a-7f68-4170-a26b-38362eb5b5f7	19	42790238	43038679	109	-1.8852
c786802a-7f68-4170-a26b-38362eb5b5f7	19	43044862	43138400	40	-0.0316
c786802a-7f68-4170-a26b-38362eb5b5f7	19	43139226	43230258	41	-0.548
c786802a-7f68-4170-a26b-38362eb5b5f7	19	43231593	46386918	1665	-0.0349
c786802a-7f68-4170-a26b-38362eb5b5f7	19	46386965	46407870	4	-1.2629
c786802a-7f68-4170-a26b-38362eb5b5f7	19	46407925	51628560	2486	-0.0589
c786802a-7f68-4170-a26b-38362eb5b5f7	19	51639099	51644944	11	-1.5459
c786802a-7f68-4170-a26b-38362eb5b5f7	19	51651652	55761691	2488	-0.0615
c786802a-7f68-4170-a26b-38362eb5b5f7	19	55766684	55771701	6	1.4805
c786802a-7f68-4170-a26b-38362eb5b5f7	19	55774927	58586487	1838	-0.0271
c786802a-7f68-4170-a26b-38362eb5b5f7	20	80664	1587098	1210	-0.1314
c786802a-7f68-4170-a26b-38362eb5b5f7	20	1587360	1618415	40	-0.5045
c786802a-7f68-4170-a26b-38362eb5b5f7	20	1618432	1759857	149	-0.1
c786802a-7f68-4170-a26b-38362eb5b5f7	20	1766921	4264086	1698	-0.1621
c786802a-7f68-4170-a26b-38362eb5b5f7	20	4266415	13292544	7195	-0.1069
c786802a-7f68-4170-a26b-38362eb5b5f7	20	13294926	19960894	5416	0.0315
c786802a-7f68-4170-a26b-38362eb5b5f7	20	19963812	20034311	75	0.3766
c786802a-7f68-4170-a26b-38362eb5b5f7	20	20034717	24957559	3627	0.0237
c786802a-7f68-4170-a26b-38362eb5b5f7	20	24958116	25758128	428	0.1246
c786802a-7f68-4170-a26b-38362eb5b5f7	20	25760362	26309289	171	-0.0023
c786802a-7f68-4170-a26b-38362eb5b5f7	20	26316572	57845042	18014	0.1845
c786802a-7f68-4170-a26b-38362eb5b5f7	20	57845413	58030292	173	0.0066
c786802a-7f68-4170-a26b-38362eb5b5f7	20	58031159	61887793	3144	0.056
c786802a-7f68-4170-a26b-38362eb5b5f7	20	61891959	64324800	1031	0.0016
c786802a-7f68-4170-a26b-38362eb5b5f7	21	10354168	13081432	99	-0.0495
c786802a-7f68-4170-a26b-38362eb5b5f7	21	13084095	13583316	170	0.5519
c786802a-7f68-4170-a26b-38362eb5b5f7	21	13612103	13677975	4	-0.6403
c786802a-7f68-4170-a26b-38362eb5b5f7	21	13803967	15885940	1394	0.3416
c786802a-7f68-4170-a26b-38362eb5b5f7	21	15888256	17098411	791	0.4414
c786802a-7f68-4170-a26b-38362eb5b5f7	21	17106237	18479419	944	0.3402
c786802a-7f68-4170-a26b-38362eb5b5f7	21	18479477	19274133	646	0.4301
c786802a-7f68-4170-a26b-38362eb5b5f7	21	19274619	19506247	176	0.3477
c786802a-7f68-4170-a26b-38362eb5b5f7	21	19506614	20067592	368	0.5278
c786802a-7f68-4170-a26b-38362eb5b5f7	21	20068040	20646850	454	0.4252
c786802a-7f68-4170-a26b-38362eb5b5f7	21	20652896	24986238	3405	0.3312
c786802a-7f68-4170-a26b-38362eb5b5f7	21	24987830	26778711	1280	0.416
c786802a-7f68-4170-a26b-38362eb5b5f7	21	26781315	27458013	634	0.3198
c786802a-7f68-4170-a26b-38362eb5b5f7	21	27463280	29241145	1266	0.4028
c786802a-7f68-4170-a26b-38362eb5b5f7	21	29244187	29573925	204	0.3138
c786802a-7f68-4170-a26b-38362eb5b5f7	21	29579307	31620260	1450	0.2165
c786802a-7f68-4170-a26b-38362eb5b5f7	21	31626585	31842060	126	0.3542
c786802a-7f68-4170-a26b-38362eb5b5f7	21	31842160	32144322	247	0.2019
c786802a-7f68-4170-a26b-38362eb5b5f7	21	32145542	33892093	1121	0.2957
c786802a-7f68-4170-a26b-38362eb5b5f7	21	33892370	36791214	2108	0.1948
c786802a-7f68-4170-a26b-38362eb5b5f7	21	36792885	42802992	5071	0.3007
c786802a-7f68-4170-a26b-38362eb5b5f7	21	42803629	46677045	1907	0.2572
c786802a-7f68-4170-a26b-38362eb5b5f7	22	15294547	16413470	45	-0.2939
c786802a-7f68-4170-a26b-38362eb5b5f7	22	16413538	23140531	3834	-0.0989
c786802a-7f68-4170-a26b-38362eb5b5f7	22	23144275	23152646	4	-1.2547
c786802a-7f68-4170-a26b-38362eb5b5f7	22	23152717	23232307	54	-0.1034
c786802a-7f68-4170-a26b-38362eb5b5f7	22	23234925	23235402	2	-1.4179
c786802a-7f68-4170-a26b-38362eb5b5f7	22	23239115	41372858	12615	-0.0783
c786802a-7f68-4170-a26b-38362eb5b5f7	22	41373028	50796027	6710	-0.2503
c786802a-7f68-4170-a26b-38362eb5b5f7	X	251810	8607804	4516	-0.0575
c786802a-7f68-4170-a26b-38362eb5b5f7	X	8611375	26253757	11446	-0.0941
c786802a-7f68-4170-a26b-38362eb5b5f7	X	26255331	35640420	6229	-0.0613
c786802a-7f68-4170-a26b-38362eb5b5f7	X	35641321	35641862	2	-1.7369
c786802a-7f68-4170-a26b-38362eb5b5f7	X	35642003	44306712	4883	-0.078
c786802a-7f68-4170-a26b-38362eb5b5f7	X	44319330	44583203	171	1.102
c786802a-7f68-4170-a26b-38362eb5b5f7	X	44591535	44870609	126	0.7806
c786802a-7f68-4170-a26b-38362eb5b5f7	X	44874929	45145328	111	1.0594
c786802a-7f68-4170-a26b-38362eb5b5f7	X	45147791	45740482	315	1.1772
c786802a-7f68-4170-a26b-38362eb5b5f7	X	45745637	47520110	886	1.0208
c786802a-7f68-4170-a26b-38362eb5b5f7	X	47522259	48784092	612	-0.0939
c786802a-7f68-4170-a26b-38362eb5b5f7	X	48785221	53051426	1692	0.0252
c786802a-7f68-4170-a26b-38362eb5b5f7	X	53053772	55390892	981	-0.0692
c786802a-7f68-4170-a26b-38362eb5b5f7	X	55391306	77920768	7906	0.137
c786802a-7f68-4170-a26b-38362eb5b5f7	X	77938526	84779126	3582	-0.0204
c786802a-7f68-4170-a26b-38362eb5b5f7	X	84780874	85242929	297	0.0917
c786802a-7f68-4170-a26b-38362eb5b5f7	X	85243935	90448921	3010	-0.0223
c786802a-7f68-4170-a26b-38362eb5b5f7	X	90465390	97603066	3642	0.0296
c786802a-7f68-4170-a26b-38362eb5b5f7	X	97605055	114944132	9219	-0.0159
c786802a-7f68-4170-a26b-38362eb5b5f7	X	114944401	123742503	5190	0.0314
c786802a-7f68-4170-a26b-38362eb5b5f7	X	123742769	123745383	2	-2.5417
c786802a-7f68-4170-a26b-38362eb5b5f7	X	123749981	140805907	9588	0.0293
c786802a-7f68-4170-a26b-38362eb5b5f7	X	140810581	140939829	109	0.2177
c786802a-7f68-4170-a26b-38362eb5b5f7	X	140940037	144579912	2316	0.0433
c786802a-7f68-4170-a26b-38362eb5b5f7	X	144594430	146356599	1281	0.416
c786802a-7f68-4170-a26b-38362eb5b5f7	X	146361804	146465450	83	0.0415
c786802a-7f68-4170-a26b-38362eb5b5f7	X	146466454	146609718	117	0.3999
c786802a-7f68-4170-a26b-38362eb5b5f7	X	146613064	148670587	1447	0.0506
c786802a-7f68-4170-a26b-38362eb5b5f7	X	148670704	150455827	1026	-0.0021
c786802a-7f68-4170-a26b-38362eb5b5f7	X	150456118	150461501	12	-0.5509
c786802a-7f68-4170-a26b-38362eb5b5f7	X	150464426	154953995	2500	-0.0021
c786802a-7f68-4170-a26b-38362eb5b5f7	X	154954677	155542680	199	0.1165
c786802a-7f68-4170-a26b-38362eb5b5f7	X	155542753	155546243	12	-1.3055
c786802a-7f68-4170-a26b-38362eb5b5f7	X	155546290	155952689	110	0.0471
c786802a-7f68-4170-a26b-38362eb5b5f7	Y	2782397	3137227	151	-3.2139
c786802a-7f68-4170-a26b-38362eb5b5f7	Y	3138099	6071948	567	-2.7486
c786802a-7f68-4170-a26b-38362eb5b5f7	Y	6075631	13478396	2547	-3.2072
c786802a-7f68-4170-a26b-38362eb5b5f7	Y	13478462	13482643	3	-7.8018
c786802a-7f68-4170-a26b-38362eb5b5f7	Y	13483009	17053374	1750	-3.2194
c786802a-7f68-4170-a26b-38362eb5b5f7	Y	17054981	17073469	10	-5.8334
c786802a-7f68-4170-a26b-38362eb5b5f7	Y	17073910	56872112	1612	-3.248
