GDC_Aliquot	Chromosome	Start	End	Num_Probes	Segment_Mean
350fb06e-8ded-4240-9bed-cfd20f7659e9	1	62920	259407	14	-1.0484
350fb06e-8ded-4240-9bed-cfd20f7659e9	1	259422	12779433	6477	0.0075
350fb06e-8ded-4240-9bed-cfd20f7659e9	1	12792599	12799264	6	-1.0213
350fb06e-8ded-4240-9bed-cfd20f7659e9	1	12802105	12807204	7	0.1842
350fb06e-8ded-4240-9bed-cfd20f7659e9	1	12807327	12867264	18	-0.7939
350fb06e-8ded-4240-9bed-cfd20f7659e9	1	12868035	15823420	1818	0.0049
350fb06e-8ded-4240-9bed-cfd20f7659e9	1	15827002	15827706	7	-0.8689
350fb06e-8ded-4240-9bed-cfd20f7659e9	1	15827744	16689764	336	-0.009
350fb06e-8ded-4240-9bed-cfd20f7659e9	1	16718963	16934716	68	-0.4171
350fb06e-8ded-4240-9bed-cfd20f7659e9	1	16934753	25266637	5270	0.0025
350fb06e-8ded-4240-9bed-cfd20f7659e9	1	25269390	25320455	23	0.6963
350fb06e-8ded-4240-9bed-cfd20f7659e9	1	25336819	30265687	2390	-0.0001
350fb06e-8ded-4240-9bed-cfd20f7659e9	1	30266452	30266949	3	-1.2763
350fb06e-8ded-4240-9bed-cfd20f7659e9	1	30268649	34626037	2557	0.0038
350fb06e-8ded-4240-9bed-cfd20f7659e9	1	34626073	34648667	22	-0.6384
350fb06e-8ded-4240-9bed-cfd20f7659e9	1	34649941	72303233	23751	0.0018
350fb06e-8ded-4240-9bed-cfd20f7659e9	1	72303253	72345465	45	-1.1651
350fb06e-8ded-4240-9bed-cfd20f7659e9	1	72346221	152583051	33160	0.0017
350fb06e-8ded-4240-9bed-cfd20f7659e9	1	152583230	152614064	33	-1.5165
350fb06e-8ded-4240-9bed-cfd20f7659e9	1	152614100	169247699	11474	0.0036
350fb06e-8ded-4240-9bed-cfd20f7659e9	1	169264736	169272528	7	-2.0979
350fb06e-8ded-4240-9bed-cfd20f7659e9	1	169273163	174827128	3510	0.0114
350fb06e-8ded-4240-9bed-cfd20f7659e9	1	174827267	174832599	16	-0.6423
350fb06e-8ded-4240-9bed-cfd20f7659e9	1	174832702	194479104	13170	0.0019
350fb06e-8ded-4240-9bed-cfd20f7659e9	1	194482281	194485888	2	-1.6362
350fb06e-8ded-4240-9bed-cfd20f7659e9	1	194487886	196745743	1450	0.0056
350fb06e-8ded-4240-9bed-cfd20f7659e9	1	196758720	196762956	4	-2.1205
350fb06e-8ded-4240-9bed-cfd20f7659e9	1	196769493	196843377	55	0.3368
350fb06e-8ded-4240-9bed-cfd20f7659e9	1	196843400	196846661	2	2.7663
350fb06e-8ded-4240-9bed-cfd20f7659e9	1	196847600	240228440	29927	0
350fb06e-8ded-4240-9bed-cfd20f7659e9	1	240230715	240230824	5	-2.1221
350fb06e-8ded-4240-9bed-cfd20f7659e9	1	240230839	246541975	4472	0.0021
350fb06e-8ded-4240-9bed-cfd20f7659e9	1	246542154	246542200	2	-1.5724
350fb06e-8ded-4240-9bed-cfd20f7659e9	1	246542207	248930189	1386	0.001
350fb06e-8ded-4240-9bed-cfd20f7659e9	2	12784	34295406	23976	0.0092
350fb06e-8ded-4240-9bed-cfd20f7659e9	2	34298911	34300513	2	-1.8522
350fb06e-8ded-4240-9bed-cfd20f7659e9	2	34300900	35750907	1012	-0.0014
350fb06e-8ded-4240-9bed-cfd20f7659e9	2	35752724	35762850	6	-1.4887
350fb06e-8ded-4240-9bed-cfd20f7659e9	2	35762881	89021424	34836	0.0037
350fb06e-8ded-4240-9bed-cfd20f7659e9	2	89025976	89092541	12	-0.8894
350fb06e-8ded-4240-9bed-cfd20f7659e9	2	89094582	122719438	16191	0.0014
350fb06e-8ded-4240-9bed-cfd20f7659e9	2	122722323	122724665	8	-0.9652
350fb06e-8ded-4240-9bed-cfd20f7659e9	2	122726077	128880904	3887	-0.0031
350fb06e-8ded-4240-9bed-cfd20f7659e9	2	128880928	128882723	13	-0.7038
350fb06e-8ded-4240-9bed-cfd20f7659e9	2	128882741	146107615	10413	0.008
350fb06e-8ded-4240-9bed-cfd20f7659e9	2	146107675	146109366	16	-1.8229
350fb06e-8ded-4240-9bed-cfd20f7659e9	2	146120238	161470840	9333	0.0044
350fb06e-8ded-4240-9bed-cfd20f7659e9	2	161471229	161476600	4	1.1733
350fb06e-8ded-4240-9bed-cfd20f7659e9	2	161480036	242147305	49681	0.0088
350fb06e-8ded-4240-9bed-cfd20f7659e9	3	20930	6604856	5807	-0.0151
350fb06e-8ded-4240-9bed-cfd20f7659e9	3	6609441	6611645	23	-0.773
350fb06e-8ded-4240-9bed-cfd20f7659e9	3	6613391	46790347	27339	-0.0002
350fb06e-8ded-4240-9bed-cfd20f7659e9	3	46790471	46790486	2	-2.8134
350fb06e-8ded-4240-9bed-cfd20f7659e9	3	46790521	75519398	19511	-0.0012
350fb06e-8ded-4240-9bed-cfd20f7659e9	3	75523398	75537654	6	-1.7855
350fb06e-8ded-4240-9bed-cfd20f7659e9	3	75546030	99218940	10955	-0.0013
350fb06e-8ded-4240-9bed-cfd20f7659e9	3	99225614	99230212	27	-0.7283
350fb06e-8ded-4240-9bed-cfd20f7659e9	3	99230225	109858732	6361	0.0005
350fb06e-8ded-4240-9bed-cfd20f7659e9	3	109862519	109868902	6	-0.9854
350fb06e-8ded-4240-9bed-cfd20f7659e9	3	109870422	125950205	9949	0.0048
350fb06e-8ded-4240-9bed-cfd20f7659e9	3	125954540	125957120	3	-2.3119
350fb06e-8ded-4240-9bed-cfd20f7659e9	3	125961657	132270503	3857	-0.0076
350fb06e-8ded-4240-9bed-cfd20f7659e9	3	132273893	132276840	4	-1.9122
350fb06e-8ded-4240-9bed-cfd20f7659e9	3	132281633	162815162	18824	0.0027
350fb06e-8ded-4240-9bed-cfd20f7659e9	3	162816942	162818795	2	-2.7242
350fb06e-8ded-4240-9bed-cfd20f7659e9	3	162819035	162996729	124	0.069
350fb06e-8ded-4240-9bed-cfd20f7659e9	3	162999939	163001774	2	-3.0156
350fb06e-8ded-4240-9bed-cfd20f7659e9	3	163008371	166846076	2180	-0.0041
350fb06e-8ded-4240-9bed-cfd20f7659e9	3	166851377	166864473	9	-0.9475
350fb06e-8ded-4240-9bed-cfd20f7659e9	3	166869636	194913859	18057	0.0049
350fb06e-8ded-4240-9bed-cfd20f7659e9	3	194920587	194926880	9	-0.7332
350fb06e-8ded-4240-9bed-cfd20f7659e9	3	194927520	195559056	315	0.0053
350fb06e-8ded-4240-9bed-cfd20f7659e9	3	195656271	195729069	31	0.6228
350fb06e-8ded-4240-9bed-cfd20f7659e9	3	195729085	198169247	1178	0.0208
350fb06e-8ded-4240-9bed-cfd20f7659e9	4	68929	4164791	1636	0.0024
350fb06e-8ded-4240-9bed-cfd20f7659e9	4	4165256	4165270	2	-1.9601
350fb06e-8ded-4240-9bed-cfd20f7659e9	4	4165406	63828222	37635	-0.0033
350fb06e-8ded-4240-9bed-cfd20f7659e9	4	63831751	63850713	29	0.5453
350fb06e-8ded-4240-9bed-cfd20f7659e9	4	63851308	68506285	2867	0.0004
350fb06e-8ded-4240-9bed-cfd20f7659e9	4	68509223	68620122	64	0.6437
350fb06e-8ded-4240-9bed-cfd20f7659e9	4	68620261	69860681	708	0.0135
350fb06e-8ded-4240-9bed-cfd20f7659e9	4	69873279	69873993	2	-1.6946
350fb06e-8ded-4240-9bed-cfd20f7659e9	4	69875737	114254167	26945	0.0032
350fb06e-8ded-4240-9bed-cfd20f7659e9	4	114254188	114261019	22	0.9308
350fb06e-8ded-4240-9bed-cfd20f7659e9	4	114263073	172066777	35014	-0.002
350fb06e-8ded-4240-9bed-cfd20f7659e9	4	172067997	172079670	16	0.6341
350fb06e-8ded-4240-9bed-cfd20f7659e9	4	172080680	182647519	7105	-0.003
350fb06e-8ded-4240-9bed-cfd20f7659e9	4	182650187	182652237	5	-1.0548
350fb06e-8ded-4240-9bed-cfd20f7659e9	4	182652615	190106768	4944	-0.006
350fb06e-8ded-4240-9bed-cfd20f7659e9	5	15532	15718383	12160	-0.0011
350fb06e-8ded-4240-9bed-cfd20f7659e9	5	15719113	15720488	11	-0.7904
350fb06e-8ded-4240-9bed-cfd20f7659e9	5	15723237	21449167	3523	0.0016
350fb06e-8ded-4240-9bed-cfd20f7659e9	5	21451091	21452329	5	1.1597
350fb06e-8ded-4240-9bed-cfd20f7659e9	5	21452387	58025819	20012	0.0018
350fb06e-8ded-4240-9bed-cfd20f7659e9	5	58030200	58037706	32	1.6604
350fb06e-8ded-4240-9bed-cfd20f7659e9	5	58042530	101925069	25354	0.0014
350fb06e-8ded-4240-9bed-cfd20f7659e9	5	101926096	101927270	4	-1.9453
350fb06e-8ded-4240-9bed-cfd20f7659e9	5	101928624	104524672	1445	-0.0051
350fb06e-8ded-4240-9bed-cfd20f7659e9	5	104524780	104524903	3	3.0336
350fb06e-8ded-4240-9bed-cfd20f7659e9	5	104525348	135486593	20214	-0.0033
350fb06e-8ded-4240-9bed-cfd20f7659e9	5	135489795	135489993	2	-1.7666
350fb06e-8ded-4240-9bed-cfd20f7659e9	5	135492523	150822643	9543	-0.0003
350fb06e-8ded-4240-9bed-cfd20f7659e9	5	150825938	150839042	8	-1.0544
350fb06e-8ded-4240-9bed-cfd20f7659e9	5	150843825	181363319	20431	-0.0006
350fb06e-8ded-4240-9bed-cfd20f7659e9	6	149661	264756	105	0.0327
350fb06e-8ded-4240-9bed-cfd20f7659e9	6	265113	294286	15	-0.7548
350fb06e-8ded-4240-9bed-cfd20f7659e9	6	294443	11927239	9303	-0.0018
350fb06e-8ded-4240-9bed-cfd20f7659e9	6	11928218	11929689	2	-2.0532
350fb06e-8ded-4240-9bed-cfd20f7659e9	6	11931654	29903859	12225	0.0005
350fb06e-8ded-4240-9bed-cfd20f7659e9	6	29906865	29931120	10	-0.7154
350fb06e-8ded-4240-9bed-cfd20f7659e9	6	29931900	31313046	648	-0.0315
350fb06e-8ded-4240-9bed-cfd20f7659e9	6	31318499	31342147	12	0.4857
350fb06e-8ded-4240-9bed-cfd20f7659e9	6	31349570	32089726	279	-0.0541
350fb06e-8ded-4240-9bed-cfd20f7659e9	6	32091414	32137520	36	0.2489
350fb06e-8ded-4240-9bed-cfd20f7659e9	6	32137735	32718419	283	-0.0621
350fb06e-8ded-4240-9bed-cfd20f7659e9	6	32720838	32722250	8	0.4729
350fb06e-8ded-4240-9bed-cfd20f7659e9	6	32723020	32723053	3	2.162
350fb06e-8ded-4240-9bed-cfd20f7659e9	6	32732907	58400901	15853	-0.0051
350fb06e-8ded-4240-9bed-cfd20f7659e9	6	58401230	58401430	2	-1.6354
350fb06e-8ded-4240-9bed-cfd20f7659e9	6	58408859	65684197	2707	-0.0067
350fb06e-8ded-4240-9bed-cfd20f7659e9	6	65689589	65693959	23	-0.7202
350fb06e-8ded-4240-9bed-cfd20f7659e9	6	65697234	76305231	6914	0.0061
350fb06e-8ded-4240-9bed-cfd20f7659e9	6	76307183	76307209	3	-1.3507
350fb06e-8ded-4240-9bed-cfd20f7659e9	6	76307276	78253172	1292	-0.0155
350fb06e-8ded-4240-9bed-cfd20f7659e9	6	78259348	78325468	111	-2.2385
350fb06e-8ded-4240-9bed-cfd20f7659e9	6	78329517	85992372	4809	-0.0053
350fb06e-8ded-4240-9bed-cfd20f7659e9	6	85996191	85996204	2	-2.0691
350fb06e-8ded-4240-9bed-cfd20f7659e9	6	85998530	103286770	10640	-0.0045
350fb06e-8ded-4240-9bed-cfd20f7659e9	6	103286928	103314186	50	0.7207
350fb06e-8ded-4240-9bed-cfd20f7659e9	6	103317795	114874292	7236	0
350fb06e-8ded-4240-9bed-cfd20f7659e9	6	114881368	114881438	2	-1.8692
350fb06e-8ded-4240-9bed-cfd20f7659e9	6	114881442	170741917	36887	-0.0026
350fb06e-8ded-4240-9bed-cfd20f7659e9	7	43355	22395161	16036	-0.0004
350fb06e-8ded-4240-9bed-cfd20f7659e9	7	22395853	22396868	2	-2.7633
350fb06e-8ded-4240-9bed-cfd20f7659e9	7	22399135	29570668	5317	0.0039
350fb06e-8ded-4240-9bed-cfd20f7659e9	7	29571944	29577262	13	-1.0586
350fb06e-8ded-4240-9bed-cfd20f7659e9	7	29586579	48851659	13007	-0.0009
350fb06e-8ded-4240-9bed-cfd20f7659e9	7	48854628	48863887	3	-1.7998
350fb06e-8ded-4240-9bed-cfd20f7659e9	7	48867112	54318816	4052	-0.0054
350fb06e-8ded-4240-9bed-cfd20f7659e9	7	54318817	54318824	4	-2.2356
350fb06e-8ded-4240-9bed-cfd20f7659e9	7	54325795	57474821	1875	-0.0187
350fb06e-8ded-4240-9bed-cfd20f7659e9	7	57476405	57476932	3	-1.4517
350fb06e-8ded-4240-9bed-cfd20f7659e9	7	57477003	62589052	201	0.0434
350fb06e-8ded-4240-9bed-cfd20f7659e9	7	62589062	63246038	243	0.5094
350fb06e-8ded-4240-9bed-cfd20f7659e9	7	63255524	97766148	19485	-0.0023
350fb06e-8ded-4240-9bed-cfd20f7659e9	7	97766150	97773163	15	-0.794
350fb06e-8ded-4240-9bed-cfd20f7659e9	7	97774928	110027491	6765	0.0073
350fb06e-8ded-4240-9bed-cfd20f7659e9	7	110027515	110028132	2	-1.5887
350fb06e-8ded-4240-9bed-cfd20f7659e9	7	110041099	126405502	9876	0.0059
350fb06e-8ded-4240-9bed-cfd20f7659e9	7	126405597	126406822	11	1.5582
350fb06e-8ded-4240-9bed-cfd20f7659e9	7	126406823	134100442	4698	0.0062
350fb06e-8ded-4240-9bed-cfd20f7659e9	7	134100458	134102334	12	-2.3037
350fb06e-8ded-4240-9bed-cfd20f7659e9	7	134104128	134105244	6	-0.4282
350fb06e-8ded-4240-9bed-cfd20f7659e9	7	134105258	134110881	4	-2.959
350fb06e-8ded-4240-9bed-cfd20f7659e9	7	134110912	142063324	5199	0.0034
350fb06e-8ded-4240-9bed-cfd20f7659e9	7	142069843	142092108	33	-0.7104
350fb06e-8ded-4240-9bed-cfd20f7659e9	7	142092307	159334314	10862	-0.0071
350fb06e-8ded-4240-9bed-cfd20f7659e9	8	81254	2601551	1788	-0.0088
350fb06e-8ded-4240-9bed-cfd20f7659e9	8	2603316	2692990	81	-1.0117
350fb06e-8ded-4240-9bed-cfd20f7659e9	8	2695371	3926665	1483	-0.0174
350fb06e-8ded-4240-9bed-cfd20f7659e9	8	3929538	3932584	24	-0.6489
350fb06e-8ded-4240-9bed-cfd20f7659e9	8	3933696	4145783	334	-0.0216
350fb06e-8ded-4240-9bed-cfd20f7659e9	8	4145941	4145956	2	-2.65
350fb06e-8ded-4240-9bed-cfd20f7659e9	8	4146039	7358351	4022	-0.0036
350fb06e-8ded-4240-9bed-cfd20f7659e9	8	7358509	7368781	8	0.9509
350fb06e-8ded-4240-9bed-cfd20f7659e9	8	7368914	7873171	24	-0.0762
350fb06e-8ded-4240-9bed-cfd20f7659e9	8	7886542	7890177	5	0.9138
350fb06e-8ded-4240-9bed-cfd20f7659e9	8	7919608	25114672	13683	0.001
350fb06e-8ded-4240-9bed-cfd20f7659e9	8	25116928	25126818	27	0.8747
350fb06e-8ded-4240-9bed-cfd20f7659e9	8	25133589	25654558	393	0.0047
350fb06e-8ded-4240-9bed-cfd20f7659e9	8	25660633	25730126	54	-1.0049
350fb06e-8ded-4240-9bed-cfd20f7659e9	8	25736760	84345754	34463	0.0012
350fb06e-8ded-4240-9bed-cfd20f7659e9	8	84350648	84356431	19	-0.6879
350fb06e-8ded-4240-9bed-cfd20f7659e9	8	84358447	111282065	16095	0.0034
350fb06e-8ded-4240-9bed-cfd20f7659e9	8	111282237	111283031	7	-1.1442
350fb06e-8ded-4240-9bed-cfd20f7659e9	8	111288052	127920468	10994	-0.001
350fb06e-8ded-4240-9bed-cfd20f7659e9	8	127922654	127923177	3	-1.1627
350fb06e-8ded-4240-9bed-cfd20f7659e9	8	127923547	145072769	11906	0.0034
350fb06e-8ded-4240-9bed-cfd20f7659e9	9	46587	5079156	5236	-0.0012
350fb06e-8ded-4240-9bed-cfd20f7659e9	9	5081416	5081766	8	-0.754
350fb06e-8ded-4240-9bed-cfd20f7659e9	9	5081852	23361807	15154	0.0025
350fb06e-8ded-4240-9bed-cfd20f7659e9	9	23363117	23373486	8	1.1346
350fb06e-8ded-4240-9bed-cfd20f7659e9	9	23378490	39481878	10719	0.001
350fb06e-8ded-4240-9bed-cfd20f7659e9	9	39483251	42230926	141	-0.269
350fb06e-8ded-4240-9bed-cfd20f7659e9	9	42259927	42524983	11	-1.622
350fb06e-8ded-4240-9bed-cfd20f7659e9	9	42546668	42715233	12	-0.7471
350fb06e-8ded-4240-9bed-cfd20f7659e9	9	42715632	61369645	41	-0.0891
350fb06e-8ded-4240-9bed-cfd20f7659e9	9	61371448	61668104	37	0.7751
350fb06e-8ded-4240-9bed-cfd20f7659e9	9	61680289	138200944	48054	-0.0014
350fb06e-8ded-4240-9bed-cfd20f7659e9	10	45792	6612167	5642	0.004
350fb06e-8ded-4240-9bed-cfd20f7659e9	10	6615813	6622355	24	-0.7911
350fb06e-8ded-4240-9bed-cfd20f7659e9	10	6622545	11112358	3825	0.0091
350fb06e-8ded-4240-9bed-cfd20f7659e9	10	11114152	11115210	5	-0.9403
350fb06e-8ded-4240-9bed-cfd20f7659e9	10	11115521	19917402	6893	-0.0007
350fb06e-8ded-4240-9bed-cfd20f7659e9	10	19917723	19919597	7	-1.142
350fb06e-8ded-4240-9bed-cfd20f7659e9	10	19919751	65546518	27977	0.004
350fb06e-8ded-4240-9bed-cfd20f7659e9	10	65548165	65563168	30	0.6168
350fb06e-8ded-4240-9bed-cfd20f7659e9	10	65565695	87191477	14424	-0.0038
350fb06e-8ded-4240-9bed-cfd20f7659e9	10	87196584	87353136	21	0.5196
350fb06e-8ded-4240-9bed-cfd20f7659e9	10	87357543	114115376	17566	-0.0001
350fb06e-8ded-4240-9bed-cfd20f7659e9	10	114117991	114121782	3	-1.5953
350fb06e-8ded-4240-9bed-cfd20f7659e9	10	114122689	133654968	14187	-0.0008
350fb06e-8ded-4240-9bed-cfd20f7659e9	11	198510	5768511	3233	0.0044
350fb06e-8ded-4240-9bed-cfd20f7659e9	11	5768639	5787909	27	-0.9055
350fb06e-8ded-4240-9bed-cfd20f7659e9	11	5788108	18917623	9395	-0.0009
350fb06e-8ded-4240-9bed-cfd20f7659e9	11	18918546	18940066	45	0.3856
350fb06e-8ded-4240-9bed-cfd20f7659e9	11	18940191	20822345	1672	0.012
350fb06e-8ded-4240-9bed-cfd20f7659e9	11	20823306	20828212	3	-1.4617
350fb06e-8ded-4240-9bed-cfd20f7659e9	11	20828684	21825348	919	-0.0093
350fb06e-8ded-4240-9bed-cfd20f7659e9	11	21825960	21827134	4	-1.1082
350fb06e-8ded-4240-9bed-cfd20f7659e9	11	21827206	31371566	6474	-0.0023
350fb06e-8ded-4240-9bed-cfd20f7659e9	11	31371747	31377185	5	-1.3033
350fb06e-8ded-4240-9bed-cfd20f7659e9	11	31379253	49686823	11918	-0.0033
350fb06e-8ded-4240-9bed-cfd20f7659e9	11	49689309	49736119	16	-0.599
350fb06e-8ded-4240-9bed-cfd20f7659e9	11	49736215	49737435	5	0.3766
350fb06e-8ded-4240-9bed-cfd20f7659e9	11	49738003	49739136	6	-1.1313
350fb06e-8ded-4240-9bed-cfd20f7659e9	11	49744609	54914139	481	0.0059
350fb06e-8ded-4240-9bed-cfd20f7659e9	11	54924229	54934156	4	-3.0386
350fb06e-8ded-4240-9bed-cfd20f7659e9	11	54940988	124901635	44771	-0.0075
350fb06e-8ded-4240-9bed-cfd20f7659e9	11	124906091	124907522	3	-2.0657
350fb06e-8ded-4240-9bed-cfd20f7659e9	11	124918772	135074876	7763	-0.0006
350fb06e-8ded-4240-9bed-cfd20f7659e9	12	51460	760032	419	-0.0061
350fb06e-8ded-4240-9bed-cfd20f7659e9	12	760097	764863	15	-1.0138
350fb06e-8ded-4240-9bed-cfd20f7659e9	12	766188	20991368	13484	0.0068
350fb06e-8ded-4240-9bed-cfd20f7659e9	12	20991497	20991608	4	-1.1072
350fb06e-8ded-4240-9bed-cfd20f7659e9	12	20991644	29181116	5918	0.0005
350fb06e-8ded-4240-9bed-cfd20f7659e9	12	29181195	29181205	2	-2.3685
350fb06e-8ded-4240-9bed-cfd20f7659e9	12	29181219	45506042	8527	0.006
350fb06e-8ded-4240-9bed-cfd20f7659e9	12	45510655	45512057	2	1.6589
350fb06e-8ded-4240-9bed-cfd20f7659e9	12	45514957	80446147	21509	0.0051
350fb06e-8ded-4240-9bed-cfd20f7659e9	12	80446276	80456533	2	-2.4235
350fb06e-8ded-4240-9bed-cfd20f7659e9	12	80458189	133201603	34885	0.005
350fb06e-8ded-4240-9bed-cfd20f7659e9	13	18452809	38478674	14186	0.0049
350fb06e-8ded-4240-9bed-cfd20f7659e9	13	38483435	38483919	2	-1.569
350fb06e-8ded-4240-9bed-cfd20f7659e9	13	38490920	52520664	9187	-0.0062
350fb06e-8ded-4240-9bed-cfd20f7659e9	13	52523849	52531650	3	1.2877
350fb06e-8ded-4240-9bed-cfd20f7659e9	13	52543744	68811701	9654	0.003
350fb06e-8ded-4240-9bed-cfd20f7659e9	13	68812243	68812251	2	-1.7408
350fb06e-8ded-4240-9bed-cfd20f7659e9	13	68812267	71902850	1970	0.0006
350fb06e-8ded-4240-9bed-cfd20f7659e9	13	71903417	71906418	4	-1.7389
350fb06e-8ded-4240-9bed-cfd20f7659e9	13	71906467	105346891	22647	0.0021
350fb06e-8ded-4240-9bed-cfd20f7659e9	13	105347741	105348800	2	-1.5823
350fb06e-8ded-4240-9bed-cfd20f7659e9	13	105351440	114342922	6407	-0.0014
350fb06e-8ded-4240-9bed-cfd20f7659e9	14	18239283	18693043	25	-0.0223
350fb06e-8ded-4240-9bed-cfd20f7659e9	14	18950560	19746341	49	0.3709
350fb06e-8ded-4240-9bed-cfd20f7659e9	14	19749414	21907847	1402	0.0059
350fb06e-8ded-4240-9bed-cfd20f7659e9	14	21908468	22564040	607	0.085
350fb06e-8ded-4240-9bed-cfd20f7659e9	14	22564200	69551330	29485	0.0026
350fb06e-8ded-4240-9bed-cfd20f7659e9	14	69551651	69555750	8	-2.7334
350fb06e-8ded-4240-9bed-cfd20f7659e9	14	69555996	73529070	2622	0.0017
350fb06e-8ded-4240-9bed-cfd20f7659e9	14	73534419	73563211	11	0.6947
350fb06e-8ded-4240-9bed-cfd20f7659e9	14	73564027	105616252	20644	0.0006
350fb06e-8ded-4240-9bed-cfd20f7659e9	14	105632009	105701150	12	0.7721
350fb06e-8ded-4240-9bed-cfd20f7659e9	14	105728140	106258891	176	0.0822
350fb06e-8ded-4240-9bed-cfd20f7659e9	14	106260759	106266923	7	-0.6736
350fb06e-8ded-4240-9bed-cfd20f7659e9	14	106271566	106340102	28	0.1098
350fb06e-8ded-4240-9bed-cfd20f7659e9	14	106340305	106365807	10	-0.5436
350fb06e-8ded-4240-9bed-cfd20f7659e9	14	106369985	106643854	149	0.0915
350fb06e-8ded-4240-9bed-cfd20f7659e9	14	106644263	106644606	3	-1.0433
350fb06e-8ded-4240-9bed-cfd20f7659e9	14	106646232	106877229	118	-0.0183
350fb06e-8ded-4240-9bed-cfd20f7659e9	15	19811075	24105498	1054	0.015
350fb06e-8ded-4240-9bed-cfd20f7659e9	15	24106183	24232659	70	-4.0312
350fb06e-8ded-4240-9bed-cfd20f7659e9	15	24233617	24259010	9	-1.3885
350fb06e-8ded-4240-9bed-cfd20f7659e9	15	24263561	56497449	19983	0.0048
350fb06e-8ded-4240-9bed-cfd20f7659e9	15	56498505	56508779	25	-1.8011
350fb06e-8ded-4240-9bed-cfd20f7659e9	15	56509425	101928837	30362	0.0004
350fb06e-8ded-4240-9bed-cfd20f7659e9	16	10777	55762682	26918	0.0064
350fb06e-8ded-4240-9bed-cfd20f7659e9	16	55764310	55764867	3	3.3888
350fb06e-8ded-4240-9bed-cfd20f7659e9	16	55770436	78337711	14287	-0.0006
350fb06e-8ded-4240-9bed-cfd20f7659e9	16	78338543	78350868	17	1.0007
350fb06e-8ded-4240-9bed-cfd20f7659e9	16	78351104	90096867	10614	0.0068
350fb06e-8ded-4240-9bed-cfd20f7659e9	17	150733	7354708	4080	0.0079
350fb06e-8ded-4240-9bed-cfd20f7659e9	17	7362030	7362487	2	-2.1311
350fb06e-8ded-4240-9bed-cfd20f7659e9	17	7363157	15608819	5918	-0.0051
350fb06e-8ded-4240-9bed-cfd20f7659e9	17	15609752	15643476	5	-1.6843
350fb06e-8ded-4240-9bed-cfd20f7659e9	17	15650964	41265456	10799	-0.0034
350fb06e-8ded-4240-9bed-cfd20f7659e9	17	41266762	41274198	23	-0.7431
350fb06e-8ded-4240-9bed-cfd20f7659e9	17	41274279	46085732	2500	0.0107
350fb06e-8ded-4240-9bed-cfd20f7659e9	17	46088437	46446360	127	0.2017
350fb06e-8ded-4240-9bed-cfd20f7659e9	17	46569894	56083553	5797	0.0046
350fb06e-8ded-4240-9bed-cfd20f7659e9	17	56083648	56095462	26	-0.957
350fb06e-8ded-4240-9bed-cfd20f7659e9	17	56095886	83091923	15727	0.0049
350fb06e-8ded-4240-9bed-cfd20f7659e9	18	48133	80257174	50688	0.0003
350fb06e-8ded-4240-9bed-cfd20f7659e9	19	90910	5506648	1592	-0.0018
350fb06e-8ded-4240-9bed-cfd20f7659e9	19	5510228	5510569	2	-1.7954
350fb06e-8ded-4240-9bed-cfd20f7659e9	19	5510642	35358420	15111	-0.0037
350fb06e-8ded-4240-9bed-cfd20f7659e9	19	35364451	35370946	21	-1.3954
350fb06e-8ded-4240-9bed-cfd20f7659e9	19	35375842	53013829	8979	0.0037
350fb06e-8ded-4240-9bed-cfd20f7659e9	19	53015494	53050987	23	0.4805
350fb06e-8ded-4240-9bed-cfd20f7659e9	19	53051066	56126361	1826	0.0069
350fb06e-8ded-4240-9bed-cfd20f7659e9	19	56127607	56130366	4	-1.2735
350fb06e-8ded-4240-9bed-cfd20f7659e9	19	56141223	58586487	1545	0.0133
350fb06e-8ded-4240-9bed-cfd20f7659e9	20	80664	660909	411	0.0234
350fb06e-8ded-4240-9bed-cfd20f7659e9	20	661155	663275	2	-1.9218
350fb06e-8ded-4240-9bed-cfd20f7659e9	20	665086	1609611	828	-0.0191
350fb06e-8ded-4240-9bed-cfd20f7659e9	20	1609809	1613247	4	-1.3992
350fb06e-8ded-4240-9bed-cfd20f7659e9	20	1617300	26307899	18759	0.0024
350fb06e-8ded-4240-9bed-cfd20f7659e9	20	26309285	30271154	21	-0.4162
350fb06e-8ded-4240-9bed-cfd20f7659e9	20	30293217	64324800	22340	0.002
350fb06e-8ded-4240-9bed-cfd20f7659e9	21	10354168	10494350	19	-0.0928
350fb06e-8ded-4240-9bed-cfd20f7659e9	21	10511939	10646516	64	-0.36
350fb06e-8ded-4240-9bed-cfd20f7659e9	21	10682775	46677045	23750	0.0032
350fb06e-8ded-4240-9bed-cfd20f7659e9	22	15294547	23981995	4391	0.0061
350fb06e-8ded-4240-9bed-cfd20f7659e9	22	23987520	23989773	3	-2.2944
350fb06e-8ded-4240-9bed-cfd20f7659e9	22	23990431	38967614	10839	0.0045
350fb06e-8ded-4240-9bed-cfd20f7659e9	22	38967679	38979302	23	-0.5868
350fb06e-8ded-4240-9bed-cfd20f7659e9	22	38993700	50796027	8015	-0.0028
350fb06e-8ded-4240-9bed-cfd20f7659e9	X	251810	81862813	41937	0.0042
350fb06e-8ded-4240-9bed-cfd20f7659e9	X	81870799	82028482	72	-0.2567
350fb06e-8ded-4240-9bed-cfd20f7659e9	X	82032050	151611143	39470	-0.0016
350fb06e-8ded-4240-9bed-cfd20f7659e9	X	151611214	151624443	10	-0.6408
350fb06e-8ded-4240-9bed-cfd20f7659e9	X	151624817	155952689	2035	0.0088
350fb06e-8ded-4240-9bed-cfd20f7659e9	Y	2782397	6249869	783	-2.5182
350fb06e-8ded-4240-9bed-cfd20f7659e9	Y	6252391	23586854	5658	-2.8523
350fb06e-8ded-4240-9bed-cfd20f7659e9	Y	23784615	56872112	192	-2.5842
