GDC_Aliquot	Chromosome	Start	End	Copy_Number	Major_Copy_Number	Minor_Copy_Number
8dda95f2-4b55-4a5e-9d05-9a98edfbc18a	chr1	13116	68579202	2	1	1
8dda95f2-4b55-4a5e-9d05-9a98edfbc18a	chr1	68580228	68594300	1	1	0
8dda95f2-4b55-4a5e-9d05-9a98edfbc18a	chr1	68595688	120109488	2	1	1
8dda95f2-4b55-4a5e-9d05-9a98edfbc18a	chr1	120110666	121742438	2	2	0
8dda95f2-4b55-4a5e-9d05-9a98edfbc18a	chr1	143417573	248945703	2	1	1
8dda95f2-4b55-4a5e-9d05-9a98edfbc18a	chr2	10587	94774607	2	1	1
8dda95f2-4b55-4a5e-9d05-9a98edfbc18a	chr2	94776801	98321222	3	2	1
8dda95f2-4b55-4a5e-9d05-9a98edfbc18a	chr2	98325373	104476393	2	1	1
8dda95f2-4b55-4a5e-9d05-9a98edfbc18a	chr2	104478063	104581635	3	2	1
8dda95f2-4b55-4a5e-9d05-9a98edfbc18a	chr2	104582668	105218560	4	2	2
8dda95f2-4b55-4a5e-9d05-9a98edfbc18a	chr2	105219653	242183243	2	1	1
8dda95f2-4b55-4a5e-9d05-9a98edfbc18a	chr3	18519	58783564	1	1	0
8dda95f2-4b55-4a5e-9d05-9a98edfbc18a	chr3	58787638	59180690	2	2	0
8dda95f2-4b55-4a5e-9d05-9a98edfbc18a	chr3	59182086	73124121	3	2	1
8dda95f2-4b55-4a5e-9d05-9a98edfbc18a	chr3	73126377	74149771	1	1	0
8dda95f2-4b55-4a5e-9d05-9a98edfbc18a	chr3	74150960	75478128	3	2	1
8dda95f2-4b55-4a5e-9d05-9a98edfbc18a	chr3	75479571	86108304	1	1	0
8dda95f2-4b55-4a5e-9d05-9a98edfbc18a	chr3	86109541	86164461	2	1	1
8dda95f2-4b55-4a5e-9d05-9a98edfbc18a	chr3	86165853	86675522	1	1	0
8dda95f2-4b55-4a5e-9d05-9a98edfbc18a	chr3	86676591	198181744	3	2	1
8dda95f2-4b55-4a5e-9d05-9a98edfbc18a	chr4	11961	78121531	2	1	1
8dda95f2-4b55-4a5e-9d05-9a98edfbc18a	chr4	78122960	78491453	1	1	0
8dda95f2-4b55-4a5e-9d05-9a98edfbc18a	chr4	78493033	93257494	2	1	1
8dda95f2-4b55-4a5e-9d05-9a98edfbc18a	chr4	93259008	93285480	1	1	0
8dda95f2-4b55-4a5e-9d05-9a98edfbc18a	chr4	93286897	142575480	2	1	1
8dda95f2-4b55-4a5e-9d05-9a98edfbc18a	chr4	142576569	155081152	3	2	1
8dda95f2-4b55-4a5e-9d05-9a98edfbc18a	chr4	155082367	190122722	2	1	1
8dda95f2-4b55-4a5e-9d05-9a98edfbc18a	chr5	11882	46403201	3	2	1
8dda95f2-4b55-4a5e-9d05-9a98edfbc18a	chr5	46404241	181363900	2	2	0
8dda95f2-4b55-4a5e-9d05-9a98edfbc18a	chr6	100116	60350332	2	1	1
8dda95f2-4b55-4a5e-9d05-9a98edfbc18a	chr6	60351343	170740469	1	1	0
8dda95f2-4b55-4a5e-9d05-9a98edfbc18a	chr7	20608	56531662	3	2	1
8dda95f2-4b55-4a5e-9d05-9a98edfbc18a	chr7	56532671	56542068	1	1	0
8dda95f2-4b55-4a5e-9d05-9a98edfbc18a	chr7	56543071	103803583	3	2	1
8dda95f2-4b55-4a5e-9d05-9a98edfbc18a	chr7	103804947	159334386	2	2	0
8dda95f2-4b55-4a5e-9d05-9a98edfbc18a	chr8	61774	46087050	1	1	0
8dda95f2-4b55-4a5e-9d05-9a98edfbc18a	chr8	46089809	46175505	2	2	0
8dda95f2-4b55-4a5e-9d05-9a98edfbc18a	chr8	46177558	145078402	2	1	1
8dda95f2-4b55-4a5e-9d05-9a98edfbc18a	chr9	10469	24639309	1	1	0
8dda95f2-4b55-4a5e-9d05-9a98edfbc18a	chr9	24640408	24647511	0	0	0
8dda95f2-4b55-4a5e-9d05-9a98edfbc18a	chr9	24648554	42797155	1	1	0
8dda95f2-4b55-4a5e-9d05-9a98edfbc18a	chr9	42803461	42823306	3	2	1
8dda95f2-4b55-4a5e-9d05-9a98edfbc18a	chr9	42825763	42828160	3	3	0
8dda95f2-4b55-4a5e-9d05-9a98edfbc18a	chr9	42830084	42832885	1	1	0
8dda95f2-4b55-4a5e-9d05-9a98edfbc18a	chr9	42844386	42989549	2	1	1
8dda95f2-4b55-4a5e-9d05-9a98edfbc18a	chr9	42990745	61122397	3	2	1
8dda95f2-4b55-4a5e-9d05-9a98edfbc18a	chr9	61142307	61589890	1	1	0
8dda95f2-4b55-4a5e-9d05-9a98edfbc18a	chr9	61590953	61635061	0	0	0
8dda95f2-4b55-4a5e-9d05-9a98edfbc18a	chr9	61636213	138256233	1	1	0
8dda95f2-4b55-4a5e-9d05-9a98edfbc18a	chr10	15029	133787009	1	1	0
8dda95f2-4b55-4a5e-9d05-9a98edfbc18a	chr11	87268	67729098	2	1	1
8dda95f2-4b55-4a5e-9d05-9a98edfbc18a	chr11	67730144	67968516	2	2	0
8dda95f2-4b55-4a5e-9d05-9a98edfbc18a	chr11	67969561	98734401	2	1	1
8dda95f2-4b55-4a5e-9d05-9a98edfbc18a	chr11	98736380	135076424	3	2	1
8dda95f2-4b55-4a5e-9d05-9a98edfbc18a	chr12	11065	133264676	2	1	1
8dda95f2-4b55-4a5e-9d05-9a98edfbc18a	chr13	18445955	69092368	1	1	0
8dda95f2-4b55-4a5e-9d05-9a98edfbc18a	chr13	69094761	114343123	2	1	1
8dda95f2-4b55-4a5e-9d05-9a98edfbc18a	chr14	18223583	20005176	2	1	1
8dda95f2-4b55-4a5e-9d05-9a98edfbc18a	chr14	20006317	32508458	2	2	0
8dda95f2-4b55-4a5e-9d05-9a98edfbc18a	chr14	32509522	35845746	3	2	1
8dda95f2-4b55-4a5e-9d05-9a98edfbc18a	chr14	35846970	35892232	2	1	1
8dda95f2-4b55-4a5e-9d05-9a98edfbc18a	chr14	35893459	35950826	1	1	0
8dda95f2-4b55-4a5e-9d05-9a98edfbc18a	chr14	35952839	106880670	2	2	0
8dda95f2-4b55-4a5e-9d05-9a98edfbc18a	chr15	19795285	20168317	2	1	1
8dda95f2-4b55-4a5e-9d05-9a98edfbc18a	chr15	20171999	101980591	1	1	0
8dda95f2-4b55-4a5e-9d05-9a98edfbc18a	chr16	10291	36045725	3	2	1
8dda95f2-4b55-4a5e-9d05-9a98edfbc18a	chr16	46380940	58591475	2	1	1
8dda95f2-4b55-4a5e-9d05-9a98edfbc18a	chr16	58593207	58606534	3	3	0
8dda95f2-4b55-4a5e-9d05-9a98edfbc18a	chr16	58607641	90226358	2	1	1
8dda95f2-4b55-4a5e-9d05-9a98edfbc18a	chr17	151035	22463912	1	1	0
8dda95f2-4b55-4a5e-9d05-9a98edfbc18a	chr17	22465774	83237603	2	1	1
8dda95f2-4b55-4a5e-9d05-9a98edfbc18a	chr18	16444	80259190	1	1	0
8dda95f2-4b55-4a5e-9d05-9a98edfbc18a	chr19	157892	58607412	1	1	0
8dda95f2-4b55-4a5e-9d05-9a98edfbc18a	chr20	80457	64331516	2	1	1
8dda95f2-4b55-4a5e-9d05-9a98edfbc18a	chr21	7762688	13314875	2	2	0
8dda95f2-4b55-4a5e-9d05-9a98edfbc18a	chr21	13316504	46699722	3	2	1
8dda95f2-4b55-4a5e-9d05-9a98edfbc18a	chr22	15284540	50802392	1	1	0
8dda95f2-4b55-4a5e-9d05-9a98edfbc18a	chrX	2781514	104084316	2	1	1
8dda95f2-4b55-4a5e-9d05-9a98edfbc18a	chrX	104086595	155699751	3	2	1
