GDC_Aliquot	Chromosome	Start	End	Num_Probes	Segment_Mean
132fea26-dd36-4dc1-9fab-69c4e23336ef	1	62920	9084905	4555	-0.4963
132fea26-dd36-4dc1-9fab-69c4e23336ef	1	9084954	9590513	266	-1.1474
132fea26-dd36-4dc1-9fab-69c4e23336ef	1	9593792	14588651	2613	-0.4877
132fea26-dd36-4dc1-9fab-69c4e23336ef	1	14592090	14958920	287	-0.0957
132fea26-dd36-4dc1-9fab-69c4e23336ef	1	14959600	17096659	1109	-0.4725
132fea26-dd36-4dc1-9fab-69c4e23336ef	1	17097055	19567246	1779	-0.0735
132fea26-dd36-4dc1-9fab-69c4e23336ef	1	19569726	25244339	3363	-0.4909
132fea26-dd36-4dc1-9fab-69c4e23336ef	1	25244778	25320455	32	-0.0018
132fea26-dd36-4dc1-9fab-69c4e23336ef	1	25336819	27053459	732	-0.4575
132fea26-dd36-4dc1-9fab-69c4e23336ef	1	27053461	29317369	932	0.1732
132fea26-dd36-4dc1-9fab-69c4e23336ef	1	29317816	29758957	313	0.2321
132fea26-dd36-4dc1-9fab-69c4e23336ef	1	29760666	38300626	4951	0.4296
132fea26-dd36-4dc1-9fab-69c4e23336ef	1	38301320	41331426	1648	0.7497
132fea26-dd36-4dc1-9fab-69c4e23336ef	1	41331911	42729054	914	0.6177
132fea26-dd36-4dc1-9fab-69c4e23336ef	1	42732223	54596346	6504	-0.1011
132fea26-dd36-4dc1-9fab-69c4e23336ef	1	54602319	72290430	12726	0.6334
132fea26-dd36-4dc1-9fab-69c4e23336ef	1	72290459	72297687	8	-0.0843
132fea26-dd36-4dc1-9fab-69c4e23336ef	1	72302735	72323928	23	0.9227
132fea26-dd36-4dc1-9fab-69c4e23336ef	1	72328621	72345465	25	1.3657
132fea26-dd36-4dc1-9fab-69c4e23336ef	1	72346221	75585159	1932	0.669
132fea26-dd36-4dc1-9fab-69c4e23336ef	1	75589078	75589169	2	-1.8983
132fea26-dd36-4dc1-9fab-69c4e23336ef	1	75593824	85278006	6494	0.6493
132fea26-dd36-4dc1-9fab-69c4e23336ef	1	85278058	85322284	23	-0.0625
132fea26-dd36-4dc1-9fab-69c4e23336ef	1	85324375	85329136	10	0.6492
132fea26-dd36-4dc1-9fab-69c4e23336ef	1	85330282	89009572	2471	-0.0345
132fea26-dd36-4dc1-9fab-69c4e23336ef	1	89012275	89012522	2	-1.6833
132fea26-dd36-4dc1-9fab-69c4e23336ef	1	89015841	89506503	286	-0.0631
132fea26-dd36-4dc1-9fab-69c4e23336ef	1	89507040	90606628	712	0.2262
132fea26-dd36-4dc1-9fab-69c4e23336ef	1	90609151	103616762	8082	-0.0477
132fea26-dd36-4dc1-9fab-69c4e23336ef	1	103620877	103717410	5	-1.3188
132fea26-dd36-4dc1-9fab-69c4e23336ef	1	103717617	107081853	1992	-0.0028
132fea26-dd36-4dc1-9fab-69c4e23336ef	1	107081941	109679105	1574	-0.4381
132fea26-dd36-4dc1-9fab-69c4e23336ef	1	109684695	109697556	15	-1.0857
132fea26-dd36-4dc1-9fab-69c4e23336ef	1	109702376	109983974	186	-0.4925
132fea26-dd36-4dc1-9fab-69c4e23336ef	1	109988250	112147704	1764	-0.0495
132fea26-dd36-4dc1-9fab-69c4e23336ef	1	112153343	112154768	25	-1.2915
132fea26-dd36-4dc1-9fab-69c4e23336ef	1	112163334	121705338	5159	-0.0635
132fea26-dd36-4dc1-9fab-69c4e23336ef	1	143459641	143601106	36	0.6392
132fea26-dd36-4dc1-9fab-69c4e23336ef	1	143601193	143708229	42	0.9325
132fea26-dd36-4dc1-9fab-69c4e23336ef	1	143709115	143942271	50	0.6333
132fea26-dd36-4dc1-9fab-69c4e23336ef	1	144432083	144442098	4	-0.1805
132fea26-dd36-4dc1-9fab-69c4e23336ef	1	144442342	146044884	174	0.7824
132fea26-dd36-4dc1-9fab-69c4e23336ef	1	146062439	146174153	4	-0.4434
132fea26-dd36-4dc1-9fab-69c4e23336ef	1	146250588	147507367	348	0.6967
132fea26-dd36-4dc1-9fab-69c4e23336ef	1	147507700	147507722	2	-0.6644
132fea26-dd36-4dc1-9fab-69c4e23336ef	1	147509544	147761987	163	0.7154
132fea26-dd36-4dc1-9fab-69c4e23336ef	1	147763487	148289669	119	0.5775
132fea26-dd36-4dc1-9fab-69c4e23336ef	1	148290333	149820412	77	0.3983
132fea26-dd36-4dc1-9fab-69c4e23336ef	1	149844633	150830551	459	0.7274
132fea26-dd36-4dc1-9fab-69c4e23336ef	1	150836413	150836640	2	2.0383
132fea26-dd36-4dc1-9fab-69c4e23336ef	1	150838529	152583051	962	0.7317
132fea26-dd36-4dc1-9fab-69c4e23336ef	1	152583230	152614118	35	-1.421
132fea26-dd36-4dc1-9fab-69c4e23336ef	1	152618018	152787202	166	0.74
132fea26-dd36-4dc1-9fab-69c4e23336ef	1	152789447	152796224	37	-1.4288
132fea26-dd36-4dc1-9fab-69c4e23336ef	1	152801429	152917994	83	0.8777
132fea26-dd36-4dc1-9fab-69c4e23336ef	1	152921879	157352520	2295	0.7249
132fea26-dd36-4dc1-9fab-69c4e23336ef	1	157353006	157470937	90	0.9613
132fea26-dd36-4dc1-9fab-69c4e23336ef	1	157471861	158393913	667	0.4457
132fea26-dd36-4dc1-9fab-69c4e23336ef	1	158395825	158544860	149	0.9167
132fea26-dd36-4dc1-9fab-69c4e23336ef	1	158545103	158545233	5	-0.2016
132fea26-dd36-4dc1-9fab-69c4e23336ef	1	158545295	159062618	435	0.9621
132fea26-dd36-4dc1-9fab-69c4e23336ef	1	159064281	184953929	17991	0.2015
132fea26-dd36-4dc1-9fab-69c4e23336ef	1	184956068	185007889	39	0.926
132fea26-dd36-4dc1-9fab-69c4e23336ef	1	185017332	186406620	851	0.4434
132fea26-dd36-4dc1-9fab-69c4e23336ef	1	186408793	186899949	276	0.7779
132fea26-dd36-4dc1-9fab-69c4e23336ef	1	186900940	196843377	6632	0.2277
132fea26-dd36-4dc1-9fab-69c4e23336ef	1	196843400	196846661	2	-1.5969
132fea26-dd36-4dc1-9fab-69c4e23336ef	1	196847600	198348215	833	0.2182
132fea26-dd36-4dc1-9fab-69c4e23336ef	1	198348406	198349633	2	-1.4588
132fea26-dd36-4dc1-9fab-69c4e23336ef	1	198351261	199020831	458	0.2098
132fea26-dd36-4dc1-9fab-69c4e23336ef	1	199029406	200073449	695	0.782
132fea26-dd36-4dc1-9fab-69c4e23336ef	1	200075082	201475570	1034	0.9899
132fea26-dd36-4dc1-9fab-69c4e23336ef	1	201484180	202853133	845	0.5697
132fea26-dd36-4dc1-9fab-69c4e23336ef	1	202857410	205013715	1562	0.8603
132fea26-dd36-4dc1-9fab-69c4e23336ef	1	205014051	205368386	240	1.0045
132fea26-dd36-4dc1-9fab-69c4e23336ef	1	205370757	207101037	923	0.6133
132fea26-dd36-4dc1-9fab-69c4e23336ef	1	207103034	223270345	11370	-0.061
132fea26-dd36-4dc1-9fab-69c4e23336ef	1	223271920	223476536	185	-1.138
132fea26-dd36-4dc1-9fab-69c4e23336ef	1	223477696	223533651	63	-0.1281
132fea26-dd36-4dc1-9fab-69c4e23336ef	1	223639485	223899161	183	-1.186
132fea26-dd36-4dc1-9fab-69c4e23336ef	1	223914736	224039341	24	-0.367
132fea26-dd36-4dc1-9fab-69c4e23336ef	1	224047932	224237463	130	-0.1449
132fea26-dd36-4dc1-9fab-69c4e23336ef	1	224238355	224353943	61	-0.4418
132fea26-dd36-4dc1-9fab-69c4e23336ef	1	224356693	240228440	11326	0.1981
132fea26-dd36-4dc1-9fab-69c4e23336ef	1	240230715	240230824	5	-0.8255
132fea26-dd36-4dc1-9fab-69c4e23336ef	1	240230839	248897422	5839	0.1933
132fea26-dd36-4dc1-9fab-69c4e23336ef	1	248897533	248930189	17	-0.0048
132fea26-dd36-4dc1-9fab-69c4e23336ef	2	12784	1194574	802	0.1877
132fea26-dd36-4dc1-9fab-69c4e23336ef	2	1195003	1202443	5	-0.6088
132fea26-dd36-4dc1-9fab-69c4e23336ef	2	1205416	4158097	2181	0.2022
132fea26-dd36-4dc1-9fab-69c4e23336ef	2	4166274	4175977	38	-0.5814
132fea26-dd36-4dc1-9fab-69c4e23336ef	2	4176105	4176429	4	-0.1582
132fea26-dd36-4dc1-9fab-69c4e23336ef	2	4182472	8833179	3915	0.212
132fea26-dd36-4dc1-9fab-69c4e23336ef	2	8834731	12727866	2847	0.1707
132fea26-dd36-4dc1-9fab-69c4e23336ef	2	12731066	23591270	7756	0.2068
132fea26-dd36-4dc1-9fab-69c4e23336ef	2	23594528	30197964	3731	0.1681
132fea26-dd36-4dc1-9fab-69c4e23336ef	2	30203730	34466002	2805	0.2016
132fea26-dd36-4dc1-9fab-69c4e23336ef	2	34474248	34502800	44	-0.1145
132fea26-dd36-4dc1-9fab-69c4e23336ef	2	34511446	52531615	13008	0.2017
132fea26-dd36-4dc1-9fab-69c4e23336ef	2	52531630	52554359	29	0.7535
132fea26-dd36-4dc1-9fab-69c4e23336ef	2	52554366	60326384	5498	0.2071
132fea26-dd36-4dc1-9fab-69c4e23336ef	2	60327081	75126374	8916	0.1764
132fea26-dd36-4dc1-9fab-69c4e23336ef	2	75127075	85298139	6671	0.2098
132fea26-dd36-4dc1-9fab-69c4e23336ef	2	85303438	87207066	933	0.1457
132fea26-dd36-4dc1-9fab-69c4e23336ef	2	87207935	87223346	7	-0.6365
132fea26-dd36-4dc1-9fab-69c4e23336ef	2	87225631	103393397	5395	0.1364
132fea26-dd36-4dc1-9fab-69c4e23336ef	2	103395359	105817452	1625	0.0052
132fea26-dd36-4dc1-9fab-69c4e23336ef	2	105817486	105817512	2	-1.4881
132fea26-dd36-4dc1-9fab-69c4e23336ef	2	105819909	122719438	9866	-0.026
132fea26-dd36-4dc1-9fab-69c4e23336ef	2	122722323	122724665	8	-0.9047
132fea26-dd36-4dc1-9fab-69c4e23336ef	2	122726077	126657085	2533	-0.0022
132fea26-dd36-4dc1-9fab-69c4e23336ef	2	126658002	138725296	7190	-0.038
132fea26-dd36-4dc1-9fab-69c4e23336ef	2	138726489	146104517	4590	-0.0063
132fea26-dd36-4dc1-9fab-69c4e23336ef	2	146106836	146109366	24	-1.5622
132fea26-dd36-4dc1-9fab-69c4e23336ef	2	146120238	207490231	36945	-0.0209
132fea26-dd36-4dc1-9fab-69c4e23336ef	2	207490454	207494612	16	-2.7099
132fea26-dd36-4dc1-9fab-69c4e23336ef	2	207494752	208382496	549	-0.058
132fea26-dd36-4dc1-9fab-69c4e23336ef	2	208382659	230387193	14296	-0.0248
132fea26-dd36-4dc1-9fab-69c4e23336ef	2	230387397	238653026	5314	-0.0632
132fea26-dd36-4dc1-9fab-69c4e23336ef	2	238655342	238665462	10	-0.8718
132fea26-dd36-4dc1-9fab-69c4e23336ef	2	238665638	242147305	1891	-0.0576
132fea26-dd36-4dc1-9fab-69c4e23336ef	3	20930	1522954	1306	-0.4878
132fea26-dd36-4dc1-9fab-69c4e23336ef	3	1523429	6604856	4510	0.2161
132fea26-dd36-4dc1-9fab-69c4e23336ef	3	6609441	6613743	28	-0.1842
132fea26-dd36-4dc1-9fab-69c4e23336ef	3	6616577	12621477	4612	0.2095
132fea26-dd36-4dc1-9fab-69c4e23336ef	3	12621527	12958440	239	-0.0843
132fea26-dd36-4dc1-9fab-69c4e23336ef	3	12960142	23519800	6937	0.2166
132fea26-dd36-4dc1-9fab-69c4e23336ef	3	23520326	37928776	9971	-0.0655
132fea26-dd36-4dc1-9fab-69c4e23336ef	3	37928827	37945392	25	-0.5425
132fea26-dd36-4dc1-9fab-69c4e23336ef	3	37945437	41533013	2425	-0.0383
132fea26-dd36-4dc1-9fab-69c4e23336ef	3	41534790	59877432	10373	-0.0649
132fea26-dd36-4dc1-9fab-69c4e23336ef	3	59878202	68697013	7329	-0.0357
132fea26-dd36-4dc1-9fab-69c4e23336ef	3	68697108	68698262	14	-1.1556
132fea26-dd36-4dc1-9fab-69c4e23336ef	3	68699607	71150555	1876	-0.0447
132fea26-dd36-4dc1-9fab-69c4e23336ef	3	71150814	71155112	4	0.4105
132fea26-dd36-4dc1-9fab-69c4e23336ef	3	71155787	75372019	2982	-0.4451
132fea26-dd36-4dc1-9fab-69c4e23336ef	3	75377956	75590356	73	-1.1996
132fea26-dd36-4dc1-9fab-69c4e23336ef	3	75596233	77184866	869	-0.4602
132fea26-dd36-4dc1-9fab-69c4e23336ef	3	77186661	119173150	22430	-0.405
132fea26-dd36-4dc1-9fab-69c4e23336ef	3	119173167	143325509	14563	-0.4468
132fea26-dd36-4dc1-9fab-69c4e23336ef	3	143325598	145122975	1174	-0.0199
132fea26-dd36-4dc1-9fab-69c4e23336ef	3	145125672	148385233	1961	-0.4128
132fea26-dd36-4dc1-9fab-69c4e23336ef	3	148386060	162815162	8955	-0.0366
132fea26-dd36-4dc1-9fab-69c4e23336ef	3	162816942	162845719	13	-0.5874
132fea26-dd36-4dc1-9fab-69c4e23336ef	3	162846008	162996729	112	-0.0638
132fea26-dd36-4dc1-9fab-69c4e23336ef	3	162999939	163001774	2	-1.6467
132fea26-dd36-4dc1-9fab-69c4e23336ef	3	163008371	174719783	7082	-0.0279
132fea26-dd36-4dc1-9fab-69c4e23336ef	3	174724901	198169247	14690	-0.4323
132fea26-dd36-4dc1-9fab-69c4e23336ef	4	68929	10208766	5700	-0.0876
132fea26-dd36-4dc1-9fab-69c4e23336ef	4	10212536	10229874	29	-1.9421
132fea26-dd36-4dc1-9fab-69c4e23336ef	4	10232590	12030431	1601	-0.0553
132fea26-dd36-4dc1-9fab-69c4e23336ef	4	12032203	12270788	134	0.2747
132fea26-dd36-4dc1-9fab-69c4e23336ef	4	12294233	14006675	1294	-0.0327
132fea26-dd36-4dc1-9fab-69c4e23336ef	4	14007236	14194290	141	0.2665
132fea26-dd36-4dc1-9fab-69c4e23336ef	4	14194776	27448579	9268	-0.0477
132fea26-dd36-4dc1-9fab-69c4e23336ef	4	27449482	29634908	1471	0.0036
132fea26-dd36-4dc1-9fab-69c4e23336ef	4	29638470	32325627	1687	-0.0448
132fea26-dd36-4dc1-9fab-69c4e23336ef	4	32327263	32398929	37	0.243
132fea26-dd36-4dc1-9fab-69c4e23336ef	4	32398943	32398977	3	-0.9955
132fea26-dd36-4dc1-9fab-69c4e23336ef	4	32399891	32995232	330	0.2538
132fea26-dd36-4dc1-9fab-69c4e23336ef	4	32996878	33000492	2	-1.0869
132fea26-dd36-4dc1-9fab-69c4e23336ef	4	33006356	34777432	1011	0.2815
132fea26-dd36-4dc1-9fab-69c4e23336ef	4	34784878	34822561	37	0.788
132fea26-dd36-4dc1-9fab-69c4e23336ef	4	34823103	49214614	8967	0.2418
132fea26-dd36-4dc1-9fab-69c4e23336ef	4	49289175	49289338	2	-1.6346
132fea26-dd36-4dc1-9fab-69c4e23336ef	4	49295203	56632503	3168	0.2296
132fea26-dd36-4dc1-9fab-69c4e23336ef	4	56633100	56637762	2	-1.1668
132fea26-dd36-4dc1-9fab-69c4e23336ef	4	56640405	62371884	3589	0.2624
132fea26-dd36-4dc1-9fab-69c4e23336ef	4	62376628	63831751	820	-0.0129
132fea26-dd36-4dc1-9fab-69c4e23336ef	4	63831799	63850713	28	-0.515
132fea26-dd36-4dc1-9fab-69c4e23336ef	4	63851308	68389352	2850	-0.0162
132fea26-dd36-4dc1-9fab-69c4e23336ef	4	68391041	68422424	9	-1.2456
132fea26-dd36-4dc1-9fab-69c4e23336ef	4	68429081	75497556	4147	-0.0384
132fea26-dd36-4dc1-9fab-69c4e23336ef	4	75499880	76872087	911	0.2434
132fea26-dd36-4dc1-9fab-69c4e23336ef	4	76872183	76872219	2	-1.0801
132fea26-dd36-4dc1-9fab-69c4e23336ef	4	76872222	79619459	1841	0.2389
132fea26-dd36-4dc1-9fab-69c4e23336ef	4	79621254	81667011	1184	-0.026
132fea26-dd36-4dc1-9fab-69c4e23336ef	4	81672123	81818646	108	0.2164
132fea26-dd36-4dc1-9fab-69c4e23336ef	4	81821506	82574034	441	-0.0827
132fea26-dd36-4dc1-9fab-69c4e23336ef	4	82581380	83502552	569	0.2307
132fea26-dd36-4dc1-9fab-69c4e23336ef	4	83502617	91208002	4859	-0.0435
132fea26-dd36-4dc1-9fab-69c4e23336ef	4	91219134	91548852	201	-0.4578
132fea26-dd36-4dc1-9fab-69c4e23336ef	4	91552163	91557170	6	-1.568
132fea26-dd36-4dc1-9fab-69c4e23336ef	4	91560210	114252544	13480	-0.0419
132fea26-dd36-4dc1-9fab-69c4e23336ef	4	114254167	114261019	23	0.6501
132fea26-dd36-4dc1-9fab-69c4e23336ef	4	114263073	114399860	118	-0.0727
132fea26-dd36-4dc1-9fab-69c4e23336ef	4	114400863	138019100	13734	-0.4186
132fea26-dd36-4dc1-9fab-69c4e23336ef	4	138025547	139156104	849	-0.042
132fea26-dd36-4dc1-9fab-69c4e23336ef	4	139156483	140466735	785	-0.4941
132fea26-dd36-4dc1-9fab-69c4e23336ef	4	140467081	140537507	43	-0.086
132fea26-dd36-4dc1-9fab-69c4e23336ef	4	140544317	140794276	179	0.254
132fea26-dd36-4dc1-9fab-69c4e23336ef	4	140796480	143288891	1564	-0.0522
132fea26-dd36-4dc1-9fab-69c4e23336ef	4	143289009	143941599	401	0.2176
132fea26-dd36-4dc1-9fab-69c4e23336ef	4	143942046	144660444	382	-0.0779
132fea26-dd36-4dc1-9fab-69c4e23336ef	4	144662909	144813523	79	0.2491
132fea26-dd36-4dc1-9fab-69c4e23336ef	4	144813912	150806068	3351	-0.0422
132fea26-dd36-4dc1-9fab-69c4e23336ef	4	150806312	151010303	142	0.2482
132fea26-dd36-4dc1-9fab-69c4e23336ef	4	151013103	154052979	1869	-0.0697
132fea26-dd36-4dc1-9fab-69c4e23336ef	4	154053001	154602694	336	0.2459
132fea26-dd36-4dc1-9fab-69c4e23336ef	4	154607418	155964036	965	-0.0189
132fea26-dd36-4dc1-9fab-69c4e23336ef	4	155966920	155967160	5	-1.9153
132fea26-dd36-4dc1-9fab-69c4e23336ef	4	155967367	156035480	53	-0.057
132fea26-dd36-4dc1-9fab-69c4e23336ef	4	156046823	156052053	16	-1.5996
132fea26-dd36-4dc1-9fab-69c4e23336ef	4	156053545	156552955	342	-0.0341
132fea26-dd36-4dc1-9fab-69c4e23336ef	4	156553160	157526377	568	0.2611
132fea26-dd36-4dc1-9fab-69c4e23336ef	4	157527027	160958989	2153	-0.0349
132fea26-dd36-4dc1-9fab-69c4e23336ef	4	160959045	160963448	17	-1.037
132fea26-dd36-4dc1-9fab-69c4e23336ef	4	160963756	161311376	273	-0.073
132fea26-dd36-4dc1-9fab-69c4e23336ef	4	161312331	162016957	439	0.2561
132fea26-dd36-4dc1-9fab-69c4e23336ef	4	162018630	171113837	5708	-0.0473
132fea26-dd36-4dc1-9fab-69c4e23336ef	4	171117062	171304304	113	0.2174
132fea26-dd36-4dc1-9fab-69c4e23336ef	4	171308420	171448195	131	-0.0906
132fea26-dd36-4dc1-9fab-69c4e23336ef	4	171453733	171456307	9	-0.9913
132fea26-dd36-4dc1-9fab-69c4e23336ef	4	171456559	190106768	12474	-0.0625
132fea26-dd36-4dc1-9fab-69c4e23336ef	5	15532	37013	12	-0.3238
132fea26-dd36-4dc1-9fab-69c4e23336ef	5	40030	12800777	10166	-0.0571
132fea26-dd36-4dc1-9fab-69c4e23336ef	5	12815668	12819964	9	-1.3041
132fea26-dd36-4dc1-9fab-69c4e23336ef	5	12824299	29675982	10316	-0.0398
132fea26-dd36-4dc1-9fab-69c4e23336ef	5	29676437	29793122	89	0.2402
132fea26-dd36-4dc1-9fab-69c4e23336ef	5	29793681	50452537	10192	-0.048
132fea26-dd36-4dc1-9fab-69c4e23336ef	5	50452600	52576147	1155	-0.4295
132fea26-dd36-4dc1-9fab-69c4e23336ef	5	52577406	53419059	688	-0.0592
132fea26-dd36-4dc1-9fab-69c4e23336ef	5	53419306	58025819	3106	-0.4554
132fea26-dd36-4dc1-9fab-69c4e23336ef	5	58030200	58037706	32	1.8742
132fea26-dd36-4dc1-9fab-69c4e23336ef	5	58042530	104515520	26793	-0.4455
132fea26-dd36-4dc1-9fab-69c4e23336ef	5	104524672	104524903	4	1.6709
132fea26-dd36-4dc1-9fab-69c4e23336ef	5	104525348	116248171	7977	-0.4295
132fea26-dd36-4dc1-9fab-69c4e23336ef	5	116250993	116543769	290	-0.0198
132fea26-dd36-4dc1-9fab-69c4e23336ef	5	116544140	122948131	4267	-0.4383
132fea26-dd36-4dc1-9fab-69c4e23336ef	5	122951974	126665801	2540	-0.0386
132fea26-dd36-4dc1-9fab-69c4e23336ef	5	126666242	131583765	2740	-0.4235
132fea26-dd36-4dc1-9fab-69c4e23336ef	5	131587457	131749233	77	0.2877
132fea26-dd36-4dc1-9fab-69c4e23336ef	5	131751490	136937423	3293	-0.4719
132fea26-dd36-4dc1-9fab-69c4e23336ef	5	136941472	137059115	82	0.4329
132fea26-dd36-4dc1-9fab-69c4e23336ef	5	137059246	137079448	20	0.8363
132fea26-dd36-4dc1-9fab-69c4e23336ef	5	137081395	138381576	784	0.4742
132fea26-dd36-4dc1-9fab-69c4e23336ef	5	138388359	138800896	228	0.346
132fea26-dd36-4dc1-9fab-69c4e23336ef	5	138801055	152442139	8659	0.4647
132fea26-dd36-4dc1-9fab-69c4e23336ef	5	152444139	159870894	5083	0.2442
132fea26-dd36-4dc1-9fab-69c4e23336ef	5	159872086	159873203	2	-1.1012
132fea26-dd36-4dc1-9fab-69c4e23336ef	5	159874579	160132612	166	0.2051
132fea26-dd36-4dc1-9fab-69c4e23336ef	5	160136555	167876395	5137	-0.4383
132fea26-dd36-4dc1-9fab-69c4e23336ef	5	167880981	180799516	8574	-0.5027
132fea26-dd36-4dc1-9fab-69c4e23336ef	5	180799571	180947523	73	-0.38
132fea26-dd36-4dc1-9fab-69c4e23336ef	5	180951710	181015920	24	0.097
132fea26-dd36-4dc1-9fab-69c4e23336ef	5	181018221	181363319	164	-0.4677
132fea26-dd36-4dc1-9fab-69c4e23336ef	6	149661	264756	105	-0.1033
132fea26-dd36-4dc1-9fab-69c4e23336ef	6	265113	294443	16	-0.8467
132fea26-dd36-4dc1-9fab-69c4e23336ef	6	294474	380821	80	0.1535
132fea26-dd36-4dc1-9fab-69c4e23336ef	6	381149	13750318	10645	-0.0723
132fea26-dd36-4dc1-9fab-69c4e23336ef	6	13751315	22467372	6386	0.2105
132fea26-dd36-4dc1-9fab-69c4e23336ef	6	22469054	22469730	2	-1.9525
132fea26-dd36-4dc1-9fab-69c4e23336ef	6	22470022	24119313	1240	0.2726
132fea26-dd36-4dc1-9fab-69c4e23336ef	6	24119679	25670597	1102	0.2028
132fea26-dd36-4dc1-9fab-69c4e23336ef	6	25670718	25676169	4	-0.9757
132fea26-dd36-4dc1-9fab-69c4e23336ef	6	25676360	31318528	2746	0.2246
132fea26-dd36-4dc1-9fab-69c4e23336ef	6	31318754	31319724	4	2.1159
132fea26-dd36-4dc1-9fab-69c4e23336ef	6	31327629	33050533	822	0.2174
132fea26-dd36-4dc1-9fab-69c4e23336ef	6	33050600	37182805	2389	0.1719
132fea26-dd36-4dc1-9fab-69c4e23336ef	6	37185973	48499585	7464	0.2203
132fea26-dd36-4dc1-9fab-69c4e23336ef	6	48503679	49967022	836	0.4131
132fea26-dd36-4dc1-9fab-69c4e23336ef	6	49967644	53692100	2445	0.3374
132fea26-dd36-4dc1-9fab-69c4e23336ef	6	53692338	55501549	1234	0.4462
132fea26-dd36-4dc1-9fab-69c4e23336ef	6	55501594	60609639	1329	0.3921
132fea26-dd36-4dc1-9fab-69c4e23336ef	6	60614807	66849122	3518	0.4804
132fea26-dd36-4dc1-9fab-69c4e23336ef	6	66849642	66902692	54	0.6553
132fea26-dd36-4dc1-9fab-69c4e23336ef	6	66910669	66945528	33	1.0454
132fea26-dd36-4dc1-9fab-69c4e23336ef	6	66945732	66961536	23	0.6514
132fea26-dd36-4dc1-9fab-69c4e23336ef	6	66961715	66971862	20	0.9647
132fea26-dd36-4dc1-9fab-69c4e23336ef	6	66971937	66974020	5	1.6145
132fea26-dd36-4dc1-9fab-69c4e23336ef	6	66974166	67740045	547	0.8227
132fea26-dd36-4dc1-9fab-69c4e23336ef	6	67741091	67767870	14	1.1722
132fea26-dd36-4dc1-9fab-69c4e23336ef	6	67769477	67797366	26	0.343
132fea26-dd36-4dc1-9fab-69c4e23336ef	6	67797552	68943155	721	0.2893
132fea26-dd36-4dc1-9fab-69c4e23336ef	6	68943458	69064902	86	0.0193
132fea26-dd36-4dc1-9fab-69c4e23336ef	6	69068517	69844524	446	-0.0406
132fea26-dd36-4dc1-9fab-69c4e23336ef	6	69847422	72198930	1578	-0.432
132fea26-dd36-4dc1-9fab-69c4e23336ef	6	72200315	72364818	97	-0.9983
132fea26-dd36-4dc1-9fab-69c4e23336ef	6	72369302	72383455	17	-0.6083
132fea26-dd36-4dc1-9fab-69c4e23336ef	6	72397128	73199070	551	-0.0326
132fea26-dd36-4dc1-9fab-69c4e23336ef	6	73204057	73557114	152	0.2408
132fea26-dd36-4dc1-9fab-69c4e23336ef	6	73557621	74431941	612	-0.0222
132fea26-dd36-4dc1-9fab-69c4e23336ef	6	74434270	75971861	910	-0.4124
132fea26-dd36-4dc1-9fab-69c4e23336ef	6	75972784	76726815	495	-0.0618
132fea26-dd36-4dc1-9fab-69c4e23336ef	6	76730151	76742924	18	-0.6605
132fea26-dd36-4dc1-9fab-69c4e23336ef	6	76742956	78253172	980	-0.0104
132fea26-dd36-4dc1-9fab-69c4e23336ef	6	78259348	78325468	112	-1.8595
132fea26-dd36-4dc1-9fab-69c4e23336ef	6	78329517	80609360	1500	-0.021
132fea26-dd36-4dc1-9fab-69c4e23336ef	6	80610148	81041287	269	-0.3998
132fea26-dd36-4dc1-9fab-69c4e23336ef	6	81043902	81266799	159	-0.0299
132fea26-dd36-4dc1-9fab-69c4e23336ef	6	81268025	82157125	613	0.258
132fea26-dd36-4dc1-9fab-69c4e23336ef	6	82162216	82209297	22	0.5367
132fea26-dd36-4dc1-9fab-69c4e23336ef	6	82216085	83170448	536	0.6889
132fea26-dd36-4dc1-9fab-69c4e23336ef	6	83172228	86804585	2204	0.4795
132fea26-dd36-4dc1-9fab-69c4e23336ef	6	86819675	86880242	27	0.262
132fea26-dd36-4dc1-9fab-69c4e23336ef	6	86881388	87245272	206	-0.0097
132fea26-dd36-4dc1-9fab-69c4e23336ef	6	87246526	87975346	488	0.4371
132fea26-dd36-4dc1-9fab-69c4e23336ef	6	87975671	88635062	457	0.8376
132fea26-dd36-4dc1-9fab-69c4e23336ef	6	88639742	88908515	123	0.6366
132fea26-dd36-4dc1-9fab-69c4e23336ef	6	88909533	103270731	8830	-0.4229
132fea26-dd36-4dc1-9fab-69c4e23336ef	6	103270741	103311850	57	0.1242
132fea26-dd36-4dc1-9fab-69c4e23336ef	6	103311950	138819371	22437	-0.4427
132fea26-dd36-4dc1-9fab-69c4e23336ef	6	138821263	164884926	17771	-0.0401
132fea26-dd36-4dc1-9fab-69c4e23336ef	6	164885327	164895967	3	-1.777
132fea26-dd36-4dc1-9fab-69c4e23336ef	6	164896039	170741917	3916	-0.0469
132fea26-dd36-4dc1-9fab-69c4e23336ef	7	43355	4622133	2505	0.2213
132fea26-dd36-4dc1-9fab-69c4e23336ef	7	4624930	7023356	995	0.1543
132fea26-dd36-4dc1-9fab-69c4e23336ef	7	7024572	8167877	1036	0.2333
132fea26-dd36-4dc1-9fab-69c4e23336ef	7	8167985	8176306	7	-0.4666
132fea26-dd36-4dc1-9fab-69c4e23336ef	7	8181214	15986393	6348	0.2463
132fea26-dd36-4dc1-9fab-69c4e23336ef	7	15986508	15997283	7	-0.549
132fea26-dd36-4dc1-9fab-69c4e23336ef	7	15999055	22395161	5157	0.2387
132fea26-dd36-4dc1-9fab-69c4e23336ef	7	22395853	22396868	2	-2.4131
132fea26-dd36-4dc1-9fab-69c4e23336ef	7	22399135	38258721	11305	0.2245
132fea26-dd36-4dc1-9fab-69c4e23336ef	7	38263519	38347190	115	0.3976
132fea26-dd36-4dc1-9fab-69c4e23336ef	7	38347211	51767580	9065	0.2357
132fea26-dd36-4dc1-9fab-69c4e23336ef	7	51767775	54212197	1850	0.2749
132fea26-dd36-4dc1-9fab-69c4e23336ef	7	54212231	54318812	75	0.1639
132fea26-dd36-4dc1-9fab-69c4e23336ef	7	54318816	54318824	5	-1.781
132fea26-dd36-4dc1-9fab-69c4e23336ef	7	54325795	62316452	2059	0.2158
132fea26-dd36-4dc1-9fab-69c4e23336ef	7	62316913	63086907	188	-0.205
132fea26-dd36-4dc1-9fab-69c4e23336ef	7	63088503	66663405	1316	0.1204
132fea26-dd36-4dc1-9fab-69c4e23336ef	7	66666117	70623670	2327	0.3735
132fea26-dd36-4dc1-9fab-69c4e23336ef	7	70623710	77937413	3020	0.1176
132fea26-dd36-4dc1-9fab-69c4e23336ef	7	77942717	78443269	442	-0.1918
132fea26-dd36-4dc1-9fab-69c4e23336ef	7	78443347	79911765	1078	-0.0425
132fea26-dd36-4dc1-9fab-69c4e23336ef	7	79923021	81549466	1122	-0.1638
132fea26-dd36-4dc1-9fab-69c4e23336ef	7	81550629	88927669	4616	-0.0173
132fea26-dd36-4dc1-9fab-69c4e23336ef	7	88927683	88930932	2	-1.5622
132fea26-dd36-4dc1-9fab-69c4e23336ef	7	88930984	91765322	1946	-0.0477
132fea26-dd36-4dc1-9fab-69c4e23336ef	7	91765720	93618468	1122	0.2521
132fea26-dd36-4dc1-9fab-69c4e23336ef	7	93621826	97772620	2580	-0.0447
132fea26-dd36-4dc1-9fab-69c4e23336ef	7	97772647	97773163	7	-1.0903
132fea26-dd36-4dc1-9fab-69c4e23336ef	7	97774928	109800866	6617	-0.0662
132fea26-dd36-4dc1-9fab-69c4e23336ef	7	109801155	109814214	15	-0.617
132fea26-dd36-4dc1-9fab-69c4e23336ef	7	109818333	126404920	10016	-0.0324
132fea26-dd36-4dc1-9fab-69c4e23336ef	7	126405428	126406489	10	0.7089
132fea26-dd36-4dc1-9fab-69c4e23336ef	7	126406546	127274647	619	-0.0252
132fea26-dd36-4dc1-9fab-69c4e23336ef	7	127274675	134100424	4080	-0.0668
132fea26-dd36-4dc1-9fab-69c4e23336ef	7	134100442	134121491	37	0.3272
132fea26-dd36-4dc1-9fab-69c4e23336ef	7	134124039	143848612	6149	-0.0579
132fea26-dd36-4dc1-9fab-69c4e23336ef	7	143849210	155126198	7193	0.2311
132fea26-dd36-4dc1-9fab-69c4e23336ef	7	155132067	155671335	414	-0.0451
132fea26-dd36-4dc1-9fab-69c4e23336ef	7	155673169	155676942	3	0.8971
132fea26-dd36-4dc1-9fab-69c4e23336ef	7	155683042	156089623	299	-0.0633
132fea26-dd36-4dc1-9fab-69c4e23336ef	7	156089785	156093518	6	-1.5594
132fea26-dd36-4dc1-9fab-69c4e23336ef	7	156094352	159334314	2011	-0.0718
132fea26-dd36-4dc1-9fab-69c4e23336ef	8	81254	213414	7	0.2829
132fea26-dd36-4dc1-9fab-69c4e23336ef	8	214984	1452055	926	-0.0837
132fea26-dd36-4dc1-9fab-69c4e23336ef	8	1458635	1906751	343	0.2462
132fea26-dd36-4dc1-9fab-69c4e23336ef	8	1909738	4144670	2421	-0.0668
132fea26-dd36-4dc1-9fab-69c4e23336ef	8	4144685	4144794	3	-1.6651
132fea26-dd36-4dc1-9fab-69c4e23336ef	8	4145131	4145783	10	0.0154
132fea26-dd36-4dc1-9fab-69c4e23336ef	8	4145941	4145956	2	-2.3354
132fea26-dd36-4dc1-9fab-69c4e23336ef	8	4146039	5797034	2398	-0.0533
132fea26-dd36-4dc1-9fab-69c4e23336ef	8	5803713	6398811	830	0.2476
132fea26-dd36-4dc1-9fab-69c4e23336ef	8	6399012	7179297	781	-0.0774
132fea26-dd36-4dc1-9fab-69c4e23336ef	8	7182331	7534105	41	0.1946
132fea26-dd36-4dc1-9fab-69c4e23336ef	8	7537162	7775900	3	-1.5851
132fea26-dd36-4dc1-9fab-69c4e23336ef	8	7788805	12092042	3248	-0.0903
132fea26-dd36-4dc1-9fab-69c4e23336ef	8	12130217	12323772	9	0.7766
132fea26-dd36-4dc1-9fab-69c4e23336ef	8	12358500	12389977	28	-1.3922
132fea26-dd36-4dc1-9fab-69c4e23336ef	8	12418301	18407644	5335	-0.0533
132fea26-dd36-4dc1-9fab-69c4e23336ef	8	18408647	18413675	4	-1.8249
132fea26-dd36-4dc1-9fab-69c4e23336ef	8	18413877	21843863	2992	-0.0708
132fea26-dd36-4dc1-9fab-69c4e23336ef	8	21844196	23669854	1056	-0.1322
132fea26-dd36-4dc1-9fab-69c4e23336ef	8	23671870	25114672	1032	-0.0561
132fea26-dd36-4dc1-9fab-69c4e23336ef	8	25116928	25133759	31	0.3204
132fea26-dd36-4dc1-9fab-69c4e23336ef	8	25133774	35009117	6665	-0.0712
132fea26-dd36-4dc1-9fab-69c4e23336ef	8	35011683	35171786	102	0.2801
132fea26-dd36-4dc1-9fab-69c4e23336ef	8	35182581	36211336	530	-0.0505
132fea26-dd36-4dc1-9fab-69c4e23336ef	8	36215045	36219621	3	-2.2611
132fea26-dd36-4dc1-9fab-69c4e23336ef	8	36220823	39389156	1702	-0.0833
132fea26-dd36-4dc1-9fab-69c4e23336ef	8	39389592	39529446	56	-1.3584
132fea26-dd36-4dc1-9fab-69c4e23336ef	8	39530780	39665094	92	-0.0276
132fea26-dd36-4dc1-9fab-69c4e23336ef	8	39667031	39747685	49	0.2924
132fea26-dd36-4dc1-9fab-69c4e23336ef	8	39747789	40150078	286	-0.0885
132fea26-dd36-4dc1-9fab-69c4e23336ef	8	40155692	40202131	36	0.2502
132fea26-dd36-4dc1-9fab-69c4e23336ef	8	40202552	40206990	15	-0.1402
132fea26-dd36-4dc1-9fab-69c4e23336ef	8	40207607	40226949	19	0.7673
132fea26-dd36-4dc1-9fab-69c4e23336ef	8	40227158	40262966	23	0.2848
132fea26-dd36-4dc1-9fab-69c4e23336ef	8	40265315	40297225	26	0.6652
132fea26-dd36-4dc1-9fab-69c4e23336ef	8	40297275	40336910	79	0.2636
132fea26-dd36-4dc1-9fab-69c4e23336ef	8	40336937	40415985	68	-0.0616
132fea26-dd36-4dc1-9fab-69c4e23336ef	8	40420678	40723119	250	0.3221
132fea26-dd36-4dc1-9fab-69c4e23336ef	8	40726119	41192561	306	-0.0771
132fea26-dd36-4dc1-9fab-69c4e23336ef	8	41196737	41196748	2	-2.5224
132fea26-dd36-4dc1-9fab-69c4e23336ef	8	41200481	42835006	1003	-0.0824
132fea26-dd36-4dc1-9fab-69c4e23336ef	8	42835391	43561596	266	-0.9441
132fea26-dd36-4dc1-9fab-69c4e23336ef	8	43565674	43565689	2	-2.859
132fea26-dd36-4dc1-9fab-69c4e23336ef	8	43566387	43907538	57	-0.8599
132fea26-dd36-4dc1-9fab-69c4e23336ef	8	43912083	46042249	31	0.0053
132fea26-dd36-4dc1-9fab-69c4e23336ef	8	46043085	46396053	78	-1.0417
132fea26-dd36-4dc1-9fab-69c4e23336ef	8	46409732	48843148	1118	-0.0575
132fea26-dd36-4dc1-9fab-69c4e23336ef	8	48844633	52178904	2087	-0.0166
132fea26-dd36-4dc1-9fab-69c4e23336ef	8	52179529	67982139	9922	-0.0797
132fea26-dd36-4dc1-9fab-69c4e23336ef	8	67982241	68088722	88	0.2383
132fea26-dd36-4dc1-9fab-69c4e23336ef	8	68088940	69252310	757	-0.0673
132fea26-dd36-4dc1-9fab-69c4e23336ef	8	69262125	69580124	223	0.163
132fea26-dd36-4dc1-9fab-69c4e23336ef	8	69581247	69908782	225	-0.0611
132fea26-dd36-4dc1-9fab-69c4e23336ef	8	69913243	76959209	4451	0.2177
132fea26-dd36-4dc1-9fab-69c4e23336ef	8	76965554	78262264	780	0.6675
132fea26-dd36-4dc1-9fab-69c4e23336ef	8	78266379	78273089	5	-0.603
132fea26-dd36-4dc1-9fab-69c4e23336ef	8	78276379	94511655	9349	0.636
132fea26-dd36-4dc1-9fab-69c4e23336ef	8	94511981	104616215	6249	0.4239
132fea26-dd36-4dc1-9fab-69c4e23336ef	8	104617771	106699510	1332	0.624
132fea26-dd36-4dc1-9fab-69c4e23336ef	8	106704225	107566295	619	0.4503
132fea26-dd36-4dc1-9fab-69c4e23336ef	8	107575663	107973686	258	0.646
132fea26-dd36-4dc1-9fab-69c4e23336ef	8	107979930	111282852	1842	0.4488
132fea26-dd36-4dc1-9fab-69c4e23336ef	8	111282973	111283031	3	-3.2118
132fea26-dd36-4dc1-9fab-69c4e23336ef	8	111288052	111747526	246	0.4469
132fea26-dd36-4dc1-9fab-69c4e23336ef	8	111756329	114650552	1615	0.6432
132fea26-dd36-4dc1-9fab-69c4e23336ef	8	114653157	118004690	2158	0.7817
132fea26-dd36-4dc1-9fab-69c4e23336ef	8	118004878	118115920	109	0.967
132fea26-dd36-4dc1-9fab-69c4e23336ef	8	118117177	119139771	836	0.7645
132fea26-dd36-4dc1-9fab-69c4e23336ef	8	119142545	119147207	4	-0.3944
132fea26-dd36-4dc1-9fab-69c4e23336ef	8	119150615	120685090	985	0.7672
132fea26-dd36-4dc1-9fab-69c4e23336ef	8	120694165	121496117	536	0.6026
132fea26-dd36-4dc1-9fab-69c4e23336ef	8	121496793	121907421	278	0.4513
132fea26-dd36-4dc1-9fab-69c4e23336ef	8	121913079	123310499	966	0.6241
132fea26-dd36-4dc1-9fab-69c4e23336ef	8	123312163	123955316	441	0.448
132fea26-dd36-4dc1-9fab-69c4e23336ef	8	123955753	125242829	859	0.61
132fea26-dd36-4dc1-9fab-69c4e23336ef	8	125245830	125689036	353	0.5248
132fea26-dd36-4dc1-9fab-69c4e23336ef	8	125689655	129879680	3029	0.6197
132fea26-dd36-4dc1-9fab-69c4e23336ef	8	129887784	130465528	330	0.3755
132fea26-dd36-4dc1-9fab-69c4e23336ef	8	130466194	130727354	203	0.5639
132fea26-dd36-4dc1-9fab-69c4e23336ef	8	130728480	131348430	524	0.7625
132fea26-dd36-4dc1-9fab-69c4e23336ef	8	131349029	131593850	164	0.924
132fea26-dd36-4dc1-9fab-69c4e23336ef	8	131594613	133967345	1973	0.7694
132fea26-dd36-4dc1-9fab-69c4e23336ef	8	133967437	141023343	5537	0.6216
132fea26-dd36-4dc1-9fab-69c4e23336ef	8	141028500	141143139	76	0.9568
132fea26-dd36-4dc1-9fab-69c4e23336ef	8	141143760	142047413	557	0.5913
132fea26-dd36-4dc1-9fab-69c4e23336ef	8	142047414	142049377	3	-0.7191
132fea26-dd36-4dc1-9fab-69c4e23336ef	8	142055279	145072769	1129	0.587
132fea26-dd36-4dc1-9fab-69c4e23336ef	9	46587	6704419	6362	-0.4451
132fea26-dd36-4dc1-9fab-69c4e23336ef	9	6704475	6708357	4	-2.0479
132fea26-dd36-4dc1-9fab-69c4e23336ef	9	6712314	28446382	17897	-0.4238
132fea26-dd36-4dc1-9fab-69c4e23336ef	9	28446529	32880570	3132	-0.0166
132fea26-dd36-4dc1-9fab-69c4e23336ef	9	32886066	39455596	3711	-0.0723
132fea26-dd36-4dc1-9fab-69c4e23336ef	9	39455614	64877074	374	-0.2014
132fea26-dd36-4dc1-9fab-69c4e23336ef	9	64881149	68431371	76	0.1981
132fea26-dd36-4dc1-9fab-69c4e23336ef	9	68435563	69086258	595	-0.4585
132fea26-dd36-4dc1-9fab-69c4e23336ef	9	69094199	71428795	1767	0.2447
132fea26-dd36-4dc1-9fab-69c4e23336ef	9	71429016	73550250	1393	-0.4238
132fea26-dd36-4dc1-9fab-69c4e23336ef	9	73550478	76119440	1783	0.251
132fea26-dd36-4dc1-9fab-69c4e23336ef	9	76126111	123578667	34157	-0.4438
132fea26-dd36-4dc1-9fab-69c4e23336ef	9	123580798	131383392	4499	0.1969
132fea26-dd36-4dc1-9fab-69c4e23336ef	9	131385539	131390317	5	-1.1083
132fea26-dd36-4dc1-9fab-69c4e23336ef	9	131396628	133967455	1736	0.1993
132fea26-dd36-4dc1-9fab-69c4e23336ef	9	133968603	138011962	1746	-0.0927
132fea26-dd36-4dc1-9fab-69c4e23336ef	9	138014705	138200944	141	-0.1218
132fea26-dd36-4dc1-9fab-69c4e23336ef	10	45792	24086334	19185	0.2258
132fea26-dd36-4dc1-9fab-69c4e23336ef	10	24088745	24089125	11	1.2778
132fea26-dd36-4dc1-9fab-69c4e23336ef	10	24089979	41776663	9863	0.2278
132fea26-dd36-4dc1-9fab-69c4e23336ef	10	41796253	52828330	6343	-0.0597
132fea26-dd36-4dc1-9fab-69c4e23336ef	10	52837854	53975789	893	0.4696
132fea26-dd36-4dc1-9fab-69c4e23336ef	10	53976441	65546518	8093	0.2385
132fea26-dd36-4dc1-9fab-69c4e23336ef	10	65548165	65554688	28	0.6249
132fea26-dd36-4dc1-9fab-69c4e23336ef	10	65563037	67028539	1139	0.231
132fea26-dd36-4dc1-9fab-69c4e23336ef	10	67031702	72883417	3763	0.4071
132fea26-dd36-4dc1-9fab-69c4e23336ef	10	72883608	80912470	5069	0.1989
132fea26-dd36-4dc1-9fab-69c4e23336ef	10	80912912	86106907	3883	0.2432
132fea26-dd36-4dc1-9fab-69c4e23336ef	10	86108426	94994942	5537	0.2092
132fea26-dd36-4dc1-9fab-69c4e23336ef	10	94995849	104008513	5277	0.1906
132fea26-dd36-4dc1-9fab-69c4e23336ef	10	104008925	113768547	7109	0.2317
132fea26-dd36-4dc1-9fab-69c4e23336ef	10	113768669	113915266	85	0.4781
132fea26-dd36-4dc1-9fab-69c4e23336ef	10	113915933	129082216	11260	0.2215
132fea26-dd36-4dc1-9fab-69c4e23336ef	10	129082520	129085223	2	-1.2649
132fea26-dd36-4dc1-9fab-69c4e23336ef	10	129085454	132471899	2560	0.2259
132fea26-dd36-4dc1-9fab-69c4e23336ef	10	132473426	132473842	2	-1.3057
132fea26-dd36-4dc1-9fab-69c4e23336ef	10	132477040	133420688	367	0.1781
132fea26-dd36-4dc1-9fab-69c4e23336ef	10	133429369	133574363	111	0.7638
132fea26-dd36-4dc1-9fab-69c4e23336ef	10	133574371	133654968	33	0.2581
132fea26-dd36-4dc1-9fab-69c4e23336ef	11	198510	6094875	3503	-0.0786
132fea26-dd36-4dc1-9fab-69c4e23336ef	11	6095613	6100864	5	-1.2497
132fea26-dd36-4dc1-9fab-69c4e23336ef	11	6101273	8912306	2023	-0.0544
132fea26-dd36-4dc1-9fab-69c4e23336ef	11	8913625	11162018	1514	-1.07
132fea26-dd36-4dc1-9fab-69c4e23336ef	11	11162607	11162826	2	-5.0529
132fea26-dd36-4dc1-9fab-69c4e23336ef	11	11163174	14250620	2632	-1.1072
132fea26-dd36-4dc1-9fab-69c4e23336ef	11	14251444	20262238	4197	-0.0648
132fea26-dd36-4dc1-9fab-69c4e23336ef	11	20262712	20262874	2	-1.8761
132fea26-dd36-4dc1-9fab-69c4e23336ef	11	20264053	32309118	8480	-0.0327
132fea26-dd36-4dc1-9fab-69c4e23336ef	11	32309129	36446062	3236	-0.0717
132fea26-dd36-4dc1-9fab-69c4e23336ef	11	36448208	42791601	4234	-0.0213
132fea26-dd36-4dc1-9fab-69c4e23336ef	11	42794936	42796489	2	-1.9209
132fea26-dd36-4dc1-9fab-69c4e23336ef	11	42799053	47312973	2815	-0.0701
132fea26-dd36-4dc1-9fab-69c4e23336ef	11	47314769	48243748	440	-0.4855
132fea26-dd36-4dc1-9fab-69c4e23336ef	11	48244655	54581255	961	-0.0442
132fea26-dd36-4dc1-9fab-69c4e23336ef	11	54581585	55067910	135	-0.3498
132fea26-dd36-4dc1-9fab-69c4e23336ef	11	55068147	55595864	228	-0.032
132fea26-dd36-4dc1-9fab-69c4e23336ef	11	55606556	55671856	46	0.2791
132fea26-dd36-4dc1-9fab-69c4e23336ef	11	55672514	56328352	457	-0.0474
132fea26-dd36-4dc1-9fab-69c4e23336ef	11	56338009	58977656	1595	-0.46
132fea26-dd36-4dc1-9fab-69c4e23336ef	11	58978886	60606374	990	-0.0719
132fea26-dd36-4dc1-9fab-69c4e23336ef	11	60609842	60970730	202	-0.4767
132fea26-dd36-4dc1-9fab-69c4e23336ef	11	60971176	62148229	604	-0.0875
132fea26-dd36-4dc1-9fab-69c4e23336ef	11	62148278	63883564	904	-0.4776
132fea26-dd36-4dc1-9fab-69c4e23336ef	11	63896536	65321027	540	0.1774
132fea26-dd36-4dc1-9fab-69c4e23336ef	11	65322279	65481674	69	-0.0991
132fea26-dd36-4dc1-9fab-69c4e23336ef	11	65484958	65605047	45	0.2213
132fea26-dd36-4dc1-9fab-69c4e23336ef	11	65615093	66046006	200	0.5844
132fea26-dd36-4dc1-9fab-69c4e23336ef	11	66049676	66147322	56	0.1637
132fea26-dd36-4dc1-9fab-69c4e23336ef	11	66149445	66351318	87	0.6009
132fea26-dd36-4dc1-9fab-69c4e23336ef	11	66351564	70760305	2063	0.1586
132fea26-dd36-4dc1-9fab-69c4e23336ef	11	70760395	70937447	115	0.6113
132fea26-dd36-4dc1-9fab-69c4e23336ef	11	70937750	73861282	1381	0.397
132fea26-dd36-4dc1-9fab-69c4e23336ef	11	73861902	74141503	148	0.5733
132fea26-dd36-4dc1-9fab-69c4e23336ef	11	74144844	74369062	121	0.7506
132fea26-dd36-4dc1-9fab-69c4e23336ef	11	74369144	75735905	817	0.8602
132fea26-dd36-4dc1-9fab-69c4e23336ef	11	75735939	76193093	216	0.7446
132fea26-dd36-4dc1-9fab-69c4e23336ef	11	76193594	77384758	674	0.4061
132fea26-dd36-4dc1-9fab-69c4e23336ef	11	77384773	80256469	1981	0.7869
132fea26-dd36-4dc1-9fab-69c4e23336ef	11	80256504	80256520	2	-2.2711
132fea26-dd36-4dc1-9fab-69c4e23336ef	11	80256642	80991406	559	0.8092
132fea26-dd36-4dc1-9fab-69c4e23336ef	11	80992924	81024863	31	0.2391
132fea26-dd36-4dc1-9fab-69c4e23336ef	11	81025386	81042606	17	0.9037
132fea26-dd36-4dc1-9fab-69c4e23336ef	11	81046218	89708314	5953	0.223
132fea26-dd36-4dc1-9fab-69c4e23336ef	11	89709891	89710261	2	-1.4298
132fea26-dd36-4dc1-9fab-69c4e23336ef	11	89711271	94584289	3250	0.2325
132fea26-dd36-4dc1-9fab-69c4e23336ef	11	94584435	95200740	464	0.7463
132fea26-dd36-4dc1-9fab-69c4e23336ef	11	95209945	100246946	3771	0.2309
132fea26-dd36-4dc1-9fab-69c4e23336ef	11	100247292	100338569	55	0.5095
132fea26-dd36-4dc1-9fab-69c4e23336ef	11	100339471	114044862	9325	0.2189
132fea26-dd36-4dc1-9fab-69c4e23336ef	11	114046897	114079429	21	-0.1334
132fea26-dd36-4dc1-9fab-69c4e23336ef	11	114079946	114178365	89	-1.2119
132fea26-dd36-4dc1-9fab-69c4e23336ef	11	114179909	114180470	3	-2.7155
132fea26-dd36-4dc1-9fab-69c4e23336ef	11	114180703	114655762	347	-1.0291
132fea26-dd36-4dc1-9fab-69c4e23336ef	11	114661491	118966403	3085	-0.0782
132fea26-dd36-4dc1-9fab-69c4e23336ef	11	118969153	118969999	2	-1.6578
132fea26-dd36-4dc1-9fab-69c4e23336ef	11	118971542	123650732	3336	-0.0771
132fea26-dd36-4dc1-9fab-69c4e23336ef	11	123652013	123652650	5	-1.6277
132fea26-dd36-4dc1-9fab-69c4e23336ef	11	123653703	125205483	1112	-0.0522
132fea26-dd36-4dc1-9fab-69c4e23336ef	11	125205555	125213808	27	-3.0519
132fea26-dd36-4dc1-9fab-69c4e23336ef	11	125218374	135074876	7532	-0.0734
132fea26-dd36-4dc1-9fab-69c4e23336ef	12	51460	71531	5	0.4438
132fea26-dd36-4dc1-9fab-69c4e23336ef	12	81888	1208486	683	0.9282
132fea26-dd36-4dc1-9fab-69c4e23336ef	12	1214001	1935561	438	1.1702
132fea26-dd36-4dc1-9fab-69c4e23336ef	12	1935919	2143557	163	0.8321
132fea26-dd36-4dc1-9fab-69c4e23336ef	12	2143628	2149240	21	0.395
132fea26-dd36-4dc1-9fab-69c4e23336ef	12	2150801	2284385	98	0.9394
132fea26-dd36-4dc1-9fab-69c4e23336ef	12	2289058	2346760	51	0.6444
132fea26-dd36-4dc1-9fab-69c4e23336ef	12	2346949	2558118	166	0.9018
132fea26-dd36-4dc1-9fab-69c4e23336ef	12	2558578	2611971	36	1.1624
132fea26-dd36-4dc1-9fab-69c4e23336ef	12	2612021	2664309	35	0.837
132fea26-dd36-4dc1-9fab-69c4e23336ef	12	2664568	2820078	98	0.4665
132fea26-dd36-4dc1-9fab-69c4e23336ef	12	2822286	3254765	300	-0.0866
132fea26-dd36-4dc1-9fab-69c4e23336ef	12	3255634	3391672	110	-1.1404
132fea26-dd36-4dc1-9fab-69c4e23336ef	12	3399553	3758305	283	-0.0519
132fea26-dd36-4dc1-9fab-69c4e23336ef	12	3759002	4125900	247	0.6075
132fea26-dd36-4dc1-9fab-69c4e23336ef	12	4126264	5115492	898	0.4385
132fea26-dd36-4dc1-9fab-69c4e23336ef	12	5116245	5193089	71	0.6483
132fea26-dd36-4dc1-9fab-69c4e23336ef	12	5193535	5249751	67	1.1528
132fea26-dd36-4dc1-9fab-69c4e23336ef	12	5256077	5367864	103	0.5521
132fea26-dd36-4dc1-9fab-69c4e23336ef	12	5368601	6212437	712	0.1991
132fea26-dd36-4dc1-9fab-69c4e23336ef	12	6214134	6253503	40	0.9852
132fea26-dd36-4dc1-9fab-69c4e23336ef	12	6254982	7154646	403	0.194
132fea26-dd36-4dc1-9fab-69c4e23336ef	12	7161164	7842191	331	-0.4523
132fea26-dd36-4dc1-9fab-69c4e23336ef	12	7851829	7971304	58	0.3026
132fea26-dd36-4dc1-9fab-69c4e23336ef	12	7978362	8194012	115	-0.4786
132fea26-dd36-4dc1-9fab-69c4e23336ef	12	8194209	8265736	19	-0.0361
132fea26-dd36-4dc1-9fab-69c4e23336ef	12	8267058	8404097	41	-0.8803
132fea26-dd36-4dc1-9fab-69c4e23336ef	12	8405892	8432076	18	-0.0322
132fea26-dd36-4dc1-9fab-69c4e23336ef	12	8442298	11350579	1735	-1.0312
132fea26-dd36-4dc1-9fab-69c4e23336ef	12	11350939	11390452	34	-0.2368
132fea26-dd36-4dc1-9fab-69c4e23336ef	12	11390472	13529452	1760	-1.0473
132fea26-dd36-4dc1-9fab-69c4e23336ef	12	13532808	13532882	2	-5.7653
132fea26-dd36-4dc1-9fab-69c4e23336ef	12	13533300	17669856	2607	-1.0417
132fea26-dd36-4dc1-9fab-69c4e23336ef	12	17673886	17831547	92	-0.3637
132fea26-dd36-4dc1-9fab-69c4e23336ef	12	17831741	17832067	2	-1.9216
132fea26-dd36-4dc1-9fab-69c4e23336ef	12	17833218	19269687	881	-0.4006
132fea26-dd36-4dc1-9fab-69c4e23336ef	12	19273861	19420716	69	0.25
132fea26-dd36-4dc1-9fab-69c4e23336ef	12	19422424	22480548	2094	-0.4104
132fea26-dd36-4dc1-9fab-69c4e23336ef	12	22489867	22786158	184	-0.0323
132fea26-dd36-4dc1-9fab-69c4e23336ef	12	22786513	22835172	36	-0.3713
132fea26-dd36-4dc1-9fab-69c4e23336ef	12	22835451	23940830	738	-0.0334
132fea26-dd36-4dc1-9fab-69c4e23336ef	12	23944255	24294938	263	0.4838
132fea26-dd36-4dc1-9fab-69c4e23336ef	12	24295020	27142859	2190	0.2367
132fea26-dd36-4dc1-9fab-69c4e23336ef	12	27145230	31116364	3026	-0.0413
132fea26-dd36-4dc1-9fab-69c4e23336ef	12	31125097	31253875	84	0.303
132fea26-dd36-4dc1-9fab-69c4e23336ef	12	31253938	41643690	4530	-0.0454
132fea26-dd36-4dc1-9fab-69c4e23336ef	12	41644639	48331236	4102	0.2461
132fea26-dd36-4dc1-9fab-69c4e23336ef	12	48331259	48331456	2	-1.1703
132fea26-dd36-4dc1-9fab-69c4e23336ef	12	48331619	48679575	213	0.2484
132fea26-dd36-4dc1-9fab-69c4e23336ef	12	48679662	58131131	5136	0.2035
132fea26-dd36-4dc1-9fab-69c4e23336ef	12	58131347	62565357	2839	0.2479
132fea26-dd36-4dc1-9fab-69c4e23336ef	12	62565760	63742874	787	-0.0367
132fea26-dd36-4dc1-9fab-69c4e23336ef	12	63749408	70475672	4468	0.2386
132fea26-dd36-4dc1-9fab-69c4e23336ef	12	70476293	70484247	11	-0.2934
132fea26-dd36-4dc1-9fab-69c4e23336ef	12	70485605	78302400	5058	0.2631
132fea26-dd36-4dc1-9fab-69c4e23336ef	12	78306715	87944237	5737	0.0003
132fea26-dd36-4dc1-9fab-69c4e23336ef	12	87944611	110192982	14934	-0.0511
132fea26-dd36-4dc1-9fab-69c4e23336ef	12	110197000	110282621	41	0.2448
132fea26-dd36-4dc1-9fab-69c4e23336ef	12	110291506	118594421	5701	-0.0666
132fea26-dd36-4dc1-9fab-69c4e23336ef	12	118595985	118630015	26	-0.521
132fea26-dd36-4dc1-9fab-69c4e23336ef	12	118631102	119546020	688	-0.0534
132fea26-dd36-4dc1-9fab-69c4e23336ef	12	119551082	119552943	15	-1.0582
132fea26-dd36-4dc1-9fab-69c4e23336ef	12	119552956	133201603	9033	-0.0605
132fea26-dd36-4dc1-9fab-69c4e23336ef	13	18452809	22801322	2688	-0.4391
132fea26-dd36-4dc1-9fab-69c4e23336ef	13	22805073	22839917	22	0.4544
132fea26-dd36-4dc1-9fab-69c4e23336ef	13	22848614	24400706	1233	-0.4421
132fea26-dd36-4dc1-9fab-69c4e23336ef	13	24404913	24490319	76	-0.1394
132fea26-dd36-4dc1-9fab-69c4e23336ef	13	24490516	24498401	12	-0.5173
132fea26-dd36-4dc1-9fab-69c4e23336ef	13	24501582	24570399	57	0.4825
132fea26-dd36-4dc1-9fab-69c4e23336ef	13	24574037	37493006	9356	-0.4463
132fea26-dd36-4dc1-9fab-69c4e23336ef	13	37493438	37510620	20	0.094
132fea26-dd36-4dc1-9fab-69c4e23336ef	13	37514193	42542560	3504	-0.4297
132fea26-dd36-4dc1-9fab-69c4e23336ef	13	42542995	42545193	3	-2.3475
132fea26-dd36-4dc1-9fab-69c4e23336ef	13	42545201	44548518	1528	-0.4478
132fea26-dd36-4dc1-9fab-69c4e23336ef	13	44561560	44759138	101	0.2181
132fea26-dd36-4dc1-9fab-69c4e23336ef	13	44759554	45352197	320	-0.0803
132fea26-dd36-4dc1-9fab-69c4e23336ef	13	45355482	45359108	3	-1.146
132fea26-dd36-4dc1-9fab-69c4e23336ef	13	45359874	46015978	424	-0.0646
132fea26-dd36-4dc1-9fab-69c4e23336ef	13	46016650	48957415	2130	-0.4164
132fea26-dd36-4dc1-9fab-69c4e23336ef	13	48959579	48962368	2	-2.7961
132fea26-dd36-4dc1-9fab-69c4e23336ef	13	48963569	50053474	490	-0.4358
132fea26-dd36-4dc1-9fab-69c4e23336ef	13	50054250	50467886	238	-0.0881
132fea26-dd36-4dc1-9fab-69c4e23336ef	13	50473542	65273354	8535	-0.0186
132fea26-dd36-4dc1-9fab-69c4e23336ef	13	65275366	87837762	14707	-0.1256
132fea26-dd36-4dc1-9fab-69c4e23336ef	13	87840179	114342922	18594	-0.3365
132fea26-dd36-4dc1-9fab-69c4e23336ef	14	18239283	18693043	25	0.2723
132fea26-dd36-4dc1-9fab-69c4e23336ef	14	18950560	19952080	140	-0.2722
132fea26-dd36-4dc1-9fab-69c4e23336ef	14	19954424	22031679	1444	0.3131
132fea26-dd36-4dc1-9fab-69c4e23336ef	14	22032231	22490482	378	0.4984
132fea26-dd36-4dc1-9fab-69c4e23336ef	14	22490565	24735811	1337	0.2956
132fea26-dd36-4dc1-9fab-69c4e23336ef	14	24736179	24925868	189	0.526
132fea26-dd36-4dc1-9fab-69c4e23336ef	14	24928775	25587577	459	0.3207
132fea26-dd36-4dc1-9fab-69c4e23336ef	14	25587907	26857056	844	0.5317
132fea26-dd36-4dc1-9fab-69c4e23336ef	14	26857488	27084638	167	0.3749
132fea26-dd36-4dc1-9fab-69c4e23336ef	14	27085072	27718823	365	0.5346
132fea26-dd36-4dc1-9fab-69c4e23336ef	14	27718965	28650332	534	0.7232
132fea26-dd36-4dc1-9fab-69c4e23336ef	14	28651485	32067225	1875	1.142
132fea26-dd36-4dc1-9fab-69c4e23336ef	14	32068344	34352628	1873	0.5391
132fea26-dd36-4dc1-9fab-69c4e23336ef	14	34359095	35431262	537	0.4429
132fea26-dd36-4dc1-9fab-69c4e23336ef	14	35432355	35442901	8	1.3846
132fea26-dd36-4dc1-9fab-69c4e23336ef	14	35445097	36716743	813	1.0636
132fea26-dd36-4dc1-9fab-69c4e23336ef	14	36718791	37604932	596	1.1812
132fea26-dd36-4dc1-9fab-69c4e23336ef	14	37604999	39409270	1051	0.5166
132fea26-dd36-4dc1-9fab-69c4e23336ef	14	39411932	39615328	111	0.3393
132fea26-dd36-4dc1-9fab-69c4e23336ef	14	39618944	40073332	252	0.5445
132fea26-dd36-4dc1-9fab-69c4e23336ef	14	40075380	41855516	1236	0.3414
132fea26-dd36-4dc1-9fab-69c4e23336ef	14	41856301	54098720	7454	0.527
132fea26-dd36-4dc1-9fab-69c4e23336ef	14	54100393	70338907	10468	0.3035
132fea26-dd36-4dc1-9fab-69c4e23336ef	14	70348445	77828329	4746	0.499
132fea26-dd36-4dc1-9fab-69c4e23336ef	14	77829901	77830125	2	-0.7996
132fea26-dd36-4dc1-9fab-69c4e23336ef	14	77832389	78623385	653	0.5133
132fea26-dd36-4dc1-9fab-69c4e23336ef	14	78627295	87580365	5961	0.5525
132fea26-dd36-4dc1-9fab-69c4e23336ef	14	87580835	89365745	1170	0.5195
132fea26-dd36-4dc1-9fab-69c4e23336ef	14	89367791	89368038	2	-0.9524
132fea26-dd36-4dc1-9fab-69c4e23336ef	14	89369379	96123023	4653	0.5053
132fea26-dd36-4dc1-9fab-69c4e23336ef	14	96123846	96125697	2	-1.2548
132fea26-dd36-4dc1-9fab-69c4e23336ef	14	96126554	97879267	1270	0.5115
132fea26-dd36-4dc1-9fab-69c4e23336ef	14	97880948	98112646	177	0.3317
132fea26-dd36-4dc1-9fab-69c4e23336ef	14	98114585	106340774	4325	0.5053
132fea26-dd36-4dc1-9fab-69c4e23336ef	14	106345431	106364815	7	1.3267
132fea26-dd36-4dc1-9fab-69c4e23336ef	14	106365807	106877229	271	0.533
132fea26-dd36-4dc1-9fab-69c4e23336ef	15	19811075	24405917	1193	-0.058
132fea26-dd36-4dc1-9fab-69c4e23336ef	15	24418615	24473026	37	-0.7527
132fea26-dd36-4dc1-9fab-69c4e23336ef	15	24473449	26315045	1331	-0.0497
132fea26-dd36-4dc1-9fab-69c4e23336ef	15	26317005	26318009	2	-1.5246
132fea26-dd36-4dc1-9fab-69c4e23336ef	15	26318441	34447720	4873	-0.0524
132fea26-dd36-4dc1-9fab-69c4e23336ef	15	34453518	34454261	3	-1.4956
132fea26-dd36-4dc1-9fab-69c4e23336ef	15	34455142	40257416	4099	-0.0482
132fea26-dd36-4dc1-9fab-69c4e23336ef	15	40259839	45539959	2469	-0.112
132fea26-dd36-4dc1-9fab-69c4e23336ef	15	45540860	70720788	16760	-0.0697
132fea26-dd36-4dc1-9fab-69c4e23336ef	15	70724044	76586021	3118	0.209
132fea26-dd36-4dc1-9fab-69c4e23336ef	15	76598900	76603434	22	-1.723
132fea26-dd36-4dc1-9fab-69c4e23336ef	15	76609838	81796730	3317	0.204
132fea26-dd36-4dc1-9fab-69c4e23336ef	15	81796850	81796869	2	-2.476
132fea26-dd36-4dc1-9fab-69c4e23336ef	15	81804153	82882631	576	0.2209
132fea26-dd36-4dc1-9fab-69c4e23336ef	15	82889131	82889319	3	-0.9092
132fea26-dd36-4dc1-9fab-69c4e23336ef	15	82890669	93412383	7334	0.2163
132fea26-dd36-4dc1-9fab-69c4e23336ef	15	93412532	93420006	10	-0.4082
132fea26-dd36-4dc1-9fab-69c4e23336ef	15	93420668	101864933	6358	0.2334
132fea26-dd36-4dc1-9fab-69c4e23336ef	15	101880399	101928837	12	-0.2717
132fea26-dd36-4dc1-9fab-69c4e23336ef	16	10777	215826	114	0.2587
132fea26-dd36-4dc1-9fab-69c4e23336ef	16	216579	6130805	3185	-0.0985
132fea26-dd36-4dc1-9fab-69c4e23336ef	16	6130839	9209447	3343	-0.0444
132fea26-dd36-4dc1-9fab-69c4e23336ef	16	9209461	11519313	2033	-0.0893
132fea26-dd36-4dc1-9fab-69c4e23336ef	16	11526891	11540015	11	-0.7837
132fea26-dd36-4dc1-9fab-69c4e23336ef	16	11542886	14080046	2093	-0.0865
132fea26-dd36-4dc1-9fab-69c4e23336ef	16	14080606	14845483	317	-0.4302
132fea26-dd36-4dc1-9fab-69c4e23336ef	16	14857718	26190051	6142	-0.0675
132fea26-dd36-4dc1-9fab-69c4e23336ef	16	26191370	29261283	1802	0.2014
132fea26-dd36-4dc1-9fab-69c4e23336ef	16	29265473	29269734	5	-1.0478
132fea26-dd36-4dc1-9fab-69c4e23336ef	16	29270444	29555988	39	0.0281
132fea26-dd36-4dc1-9fab-69c4e23336ef	16	29568713	33640096	918	0.1901
132fea26-dd36-4dc1-9fab-69c4e23336ef	16	33682107	34209701	53	-0.0949
132fea26-dd36-4dc1-9fab-69c4e23336ef	16	35080991	35093303	10	1.7953
132fea26-dd36-4dc1-9fab-69c4e23336ef	16	35098337	35207424	76	1.1573
132fea26-dd36-4dc1-9fab-69c4e23336ef	16	35209940	35381608	96	0.9515
132fea26-dd36-4dc1-9fab-69c4e23336ef	16	35383152	35911977	213	0.745
132fea26-dd36-4dc1-9fab-69c4e23336ef	16	35913710	47946474	632	-0.0634
132fea26-dd36-4dc1-9fab-69c4e23336ef	16	47946645	58437315	7447	-0.4778
132fea26-dd36-4dc1-9fab-69c4e23336ef	16	58438200	58562134	79	-0.0724
132fea26-dd36-4dc1-9fab-69c4e23336ef	16	58566978	58852548	167	-0.4788
132fea26-dd36-4dc1-9fab-69c4e23336ef	16	58853881	59150341	193	-0.0286
132fea26-dd36-4dc1-9fab-69c4e23336ef	16	59151863	62096875	1876	-0.4336
132fea26-dd36-4dc1-9fab-69c4e23336ef	16	62098031	62127331	14	0.0549
132fea26-dd36-4dc1-9fab-69c4e23336ef	16	62128992	62195044	41	-0.332
132fea26-dd36-4dc1-9fab-69c4e23336ef	16	62195765	62275511	64	-0.0384
132fea26-dd36-4dc1-9fab-69c4e23336ef	16	62276288	62750989	319	-0.4337
132fea26-dd36-4dc1-9fab-69c4e23336ef	16	62753798	62786463	16	0.4162
132fea26-dd36-4dc1-9fab-69c4e23336ef	16	62797539	63324457	361	-0.0551
132fea26-dd36-4dc1-9fab-69c4e23336ef	16	63327746	63810980	343	-0.4537
132fea26-dd36-4dc1-9fab-69c4e23336ef	16	63816318	65936583	1595	-0.0349
132fea26-dd36-4dc1-9fab-69c4e23336ef	16	65936597	66916034	659	0.226
132fea26-dd36-4dc1-9fab-69c4e23336ef	16	66916970	67395961	195	0.3939
132fea26-dd36-4dc1-9fab-69c4e23336ef	16	67403433	68864284	650	0.1875
132fea26-dd36-4dc1-9fab-69c4e23336ef	16	68870316	71753033	1207	0.4301
132fea26-dd36-4dc1-9fab-69c4e23336ef	16	71754927	71781527	17	0.2584
132fea26-dd36-4dc1-9fab-69c4e23336ef	16	71788503	71953431	73	0.8637
132fea26-dd36-4dc1-9fab-69c4e23336ef	16	71956737	72196908	139	1.1757
132fea26-dd36-4dc1-9fab-69c4e23336ef	16	72202780	74273592	1404	0.7808
132fea26-dd36-4dc1-9fab-69c4e23336ef	16	74276802	74335633	39	0.1821
132fea26-dd36-4dc1-9fab-69c4e23336ef	16	74346075	74472716	52	1.1169
132fea26-dd36-4dc1-9fab-69c4e23336ef	16	74472867	74638303	74	0.7541
132fea26-dd36-4dc1-9fab-69c4e23336ef	16	74638325	78185343	2941	0.2388
132fea26-dd36-4dc1-9fab-69c4e23336ef	16	78188828	78214436	23	0.7973
132fea26-dd36-4dc1-9fab-69c4e23336ef	16	78216060	80123127	2330	0.2394
132fea26-dd36-4dc1-9fab-69c4e23336ef	16	80125332	80162723	43	0.8995
132fea26-dd36-4dc1-9fab-69c4e23336ef	16	80166088	80335410	209	0.2322
132fea26-dd36-4dc1-9fab-69c4e23336ef	16	80335549	80369399	39	1.0721
132fea26-dd36-4dc1-9fab-69c4e23336ef	16	80374364	81158981	749	0.2182
132fea26-dd36-4dc1-9fab-69c4e23336ef	16	81159067	81230992	85	0.3766
132fea26-dd36-4dc1-9fab-69c4e23336ef	16	81231246	81345313	86	0.1739
132fea26-dd36-4dc1-9fab-69c4e23336ef	16	81346375	82081856	650	-0.1015
132fea26-dd36-4dc1-9fab-69c4e23336ef	16	82084009	89395980	6207	-0.4963
132fea26-dd36-4dc1-9fab-69c4e23336ef	16	89403670	89746635	148	-0.0493
132fea26-dd36-4dc1-9fab-69c4e23336ef	16	89747780	89889481	62	0.3148
132fea26-dd36-4dc1-9fab-69c4e23336ef	16	89890234	90096867	122	-0.1258
132fea26-dd36-4dc1-9fab-69c4e23336ef	17	150733	18455632	11389	-0.0737
132fea26-dd36-4dc1-9fab-69c4e23336ef	17	18455635	18550123	23	-1.3637
132fea26-dd36-4dc1-9fab-69c4e23336ef	17	18561272	21774057	1252	-0.0837
132fea26-dd36-4dc1-9fab-69c4e23336ef	17	22050386	33900983	3991	0.188
132fea26-dd36-4dc1-9fab-69c4e23336ef	17	33901918	34633008	697	0.2674
132fea26-dd36-4dc1-9fab-69c4e23336ef	17	34633281	36109315	896	0.205
132fea26-dd36-4dc1-9fab-69c4e23336ef	17	36109735	36157718	35	0.9026
132fea26-dd36-4dc1-9fab-69c4e23336ef	17	36200725	39692350	1619	0.1933
132fea26-dd36-4dc1-9fab-69c4e23336ef	17	39694457	39694986	6	-0.4638
132fea26-dd36-4dc1-9fab-69c4e23336ef	17	39695391	40624004	473	0.1488
132fea26-dd36-4dc1-9fab-69c4e23336ef	17	40624069	41047659	296	0.2593
132fea26-dd36-4dc1-9fab-69c4e23336ef	17	41053891	41245790	119	0.1609
132fea26-dd36-4dc1-9fab-69c4e23336ef	17	41249029	41266762	11	0.4655
132fea26-dd36-4dc1-9fab-69c4e23336ef	17	41266774	41267053	9	1.1526
132fea26-dd36-4dc1-9fab-69c4e23336ef	17	41267068	41277272	28	0.5334
132fea26-dd36-4dc1-9fab-69c4e23336ef	17	41277289	46103588	2497	0.1752
132fea26-dd36-4dc1-9fab-69c4e23336ef	17	46104213	46571001	118	-0.1543
132fea26-dd36-4dc1-9fab-69c4e23336ef	17	46664059	51164906	2310	0.1789
132fea26-dd36-4dc1-9fab-69c4e23336ef	17	51167386	74667628	15050	0.2171
132fea26-dd36-4dc1-9fab-69c4e23336ef	17	74668676	83091923	4203	0.1742
132fea26-dd36-4dc1-9fab-69c4e23336ef	18	48133	78539	4	0.3168
132fea26-dd36-4dc1-9fab-69c4e23336ef	18	85614	642876	432	1.0249
132fea26-dd36-4dc1-9fab-69c4e23336ef	18	642988	1218634	418	0.8513
132fea26-dd36-4dc1-9fab-69c4e23336ef	18	1218815	1845837	414	0.9902
132fea26-dd36-4dc1-9fab-69c4e23336ef	18	1847741	2114562	229	1.1802
132fea26-dd36-4dc1-9fab-69c4e23336ef	18	2114576	2162726	36	0.834
132fea26-dd36-4dc1-9fab-69c4e23336ef	18	2163157	2528041	278	1.1166
132fea26-dd36-4dc1-9fab-69c4e23336ef	18	2528136	3217624	440	0.9762
132fea26-dd36-4dc1-9fab-69c4e23336ef	18	3218184	3385061	120	1.1319
132fea26-dd36-4dc1-9fab-69c4e23336ef	18	3387499	3753942	233	0.9341
132fea26-dd36-4dc1-9fab-69c4e23336ef	18	3758141	3829144	70	1.1786
132fea26-dd36-4dc1-9fab-69c4e23336ef	18	3829406	3829873	2	-0.3715
132fea26-dd36-4dc1-9fab-69c4e23336ef	18	3830073	4347708	445	0.9818
132fea26-dd36-4dc1-9fab-69c4e23336ef	18	4350156	4424245	74	1.2212
132fea26-dd36-4dc1-9fab-69c4e23336ef	18	4426360	4658509	158	0.8715
132fea26-dd36-4dc1-9fab-69c4e23336ef	18	4659214	5052335	221	0.4784
132fea26-dd36-4dc1-9fab-69c4e23336ef	18	5055150	5765683	506	0.2631
132fea26-dd36-4dc1-9fab-69c4e23336ef	18	5766224	5971040	157	0.6445
132fea26-dd36-4dc1-9fab-69c4e23336ef	18	5974523	6368753	270	0.4793
132fea26-dd36-4dc1-9fab-69c4e23336ef	18	6369093	6495028	93	0.5984
132fea26-dd36-4dc1-9fab-69c4e23336ef	18	6496215	7008902	431	0.274
132fea26-dd36-4dc1-9fab-69c4e23336ef	18	7009280	7120242	87	0.739
132fea26-dd36-4dc1-9fab-69c4e23336ef	18	7121001	7604671	352	0.2203
132fea26-dd36-4dc1-9fab-69c4e23336ef	18	7606305	9131529	1222	0.4477
132fea26-dd36-4dc1-9fab-69c4e23336ef	18	9143014	9270452	51	0.1741
132fea26-dd36-4dc1-9fab-69c4e23336ef	18	9271051	10763009	1188	0.444
132fea26-dd36-4dc1-9fab-69c4e23336ef	18	10763134	10852764	68	0.2288
132fea26-dd36-4dc1-9fab-69c4e23336ef	18	10855553	15401764	2395	-0.4631
132fea26-dd36-4dc1-9fab-69c4e23336ef	18	15402409	26959206	3611	-0.0525
132fea26-dd36-4dc1-9fab-69c4e23336ef	18	26959668	31394661	2757	-0.0047
132fea26-dd36-4dc1-9fab-69c4e23336ef	18	31396839	34716936	2097	-0.0496
132fea26-dd36-4dc1-9fab-69c4e23336ef	18	34720386	45620185	7203	-0.4301
132fea26-dd36-4dc1-9fab-69c4e23336ef	18	45621553	45706592	78	-0.0688
132fea26-dd36-4dc1-9fab-69c4e23336ef	18	45709903	49864821	2745	-0.4693
132fea26-dd36-4dc1-9fab-69c4e23336ef	18	49864994	49865518	2	-3.0245
132fea26-dd36-4dc1-9fab-69c4e23336ef	18	49865539	56957611	4810	-0.4426
132fea26-dd36-4dc1-9fab-69c4e23336ef	18	56959345	56959373	2	-2.278
132fea26-dd36-4dc1-9fab-69c4e23336ef	18	56959544	66060309	6550	-0.4494
132fea26-dd36-4dc1-9fab-69c4e23336ef	18	66060363	66061104	10	-1.4071
132fea26-dd36-4dc1-9fab-69c4e23336ef	18	66065502	66239629	147	-0.3849
132fea26-dd36-4dc1-9fab-69c4e23336ef	18	66240197	66244352	10	-1.9639
132fea26-dd36-4dc1-9fab-69c4e23336ef	18	66244639	73241734	5108	-0.4161
132fea26-dd36-4dc1-9fab-69c4e23336ef	18	73241755	80257174	5134	-0.4698
132fea26-dd36-4dc1-9fab-69c4e23336ef	19	90910	11805126	4632	-0.0994
132fea26-dd36-4dc1-9fab-69c4e23336ef	19	11806016	15095560	1565	-0.4632
132fea26-dd36-4dc1-9fab-69c4e23336ef	19	15095850	15098238	2	-2.6136
132fea26-dd36-4dc1-9fab-69c4e23336ef	19	15098291	16186584	740	-0.4733
132fea26-dd36-4dc1-9fab-69c4e23336ef	19	16189488	20148267	1819	-0.1179
132fea26-dd36-4dc1-9fab-69c4e23336ef	19	20152804	24185732	2324	-0.4291
132fea26-dd36-4dc1-9fab-69c4e23336ef	19	24187286	46043490	10975	-0.077
132fea26-dd36-4dc1-9fab-69c4e23336ef	19	46043591	58586487	7005	-0.477
132fea26-dd36-4dc1-9fab-69c4e23336ef	20	80664	80671	7	0.293
132fea26-dd36-4dc1-9fab-69c4e23336ef	20	80907	1580353	1197	-0.0734
132fea26-dd36-4dc1-9fab-69c4e23336ef	20	1580934	1613247	41	1.6026
132fea26-dd36-4dc1-9fab-69c4e23336ef	20	1617300	3970220	1636	-0.0941
132fea26-dd36-4dc1-9fab-69c4e23336ef	20	3976167	17461964	10806	-0.0493
132fea26-dd36-4dc1-9fab-69c4e23336ef	20	17462263	43955758	14108	-0.0877
132fea26-dd36-4dc1-9fab-69c4e23336ef	20	43955922	44956415	651	0.2007
132fea26-dd36-4dc1-9fab-69c4e23336ef	20	44962596	45227383	154	0.4046
132fea26-dd36-4dc1-9fab-69c4e23336ef	20	45228057	54065342	6352	0.1985
132fea26-dd36-4dc1-9fab-69c4e23336ef	20	54065374	54065389	2	-1.5581
132fea26-dd36-4dc1-9fab-69c4e23336ef	20	54065719	64324800	7406	0.2142
132fea26-dd36-4dc1-9fab-69c4e23336ef	21	10354168	10459828	18	-0.3554
132fea26-dd36-4dc1-9fab-69c4e23336ef	21	10494350	10775586	69	-0.9477
132fea26-dd36-4dc1-9fab-69c4e23336ef	21	12973348	14266424	379	-0.1118
132fea26-dd36-4dc1-9fab-69c4e23336ef	21	14266612	30843934	12251	-0.0205
132fea26-dd36-4dc1-9fab-69c4e23336ef	21	30844800	46677045	11131	-0.0695
132fea26-dd36-4dc1-9fab-69c4e23336ef	22	15294547	24685371	4747	-0.0921
132fea26-dd36-4dc1-9fab-69c4e23336ef	22	24686148	24686567	3	-1.6769
132fea26-dd36-4dc1-9fab-69c4e23336ef	22	24691707	48872888	17279	-0.0925
132fea26-dd36-4dc1-9fab-69c4e23336ef	22	48874111	48874730	2	-2.3412
132fea26-dd36-4dc1-9fab-69c4e23336ef	22	48877479	50796027	1231	-0.0687
132fea26-dd36-4dc1-9fab-69c4e23336ef	X	251810	561271	34	0.0356
132fea26-dd36-4dc1-9fab-69c4e23336ef	X	567759	23478732	14187	-0.0951
132fea26-dd36-4dc1-9fab-69c4e23336ef	X	23479030	23545423	41	-0.5102
132fea26-dd36-4dc1-9fab-69c4e23336ef	X	23547566	25528396	1201	-0.12
132fea26-dd36-4dc1-9fab-69c4e23336ef	X	25528487	36394938	7200	-0.0689
132fea26-dd36-4dc1-9fab-69c4e23336ef	X	36395163	63193211	10853	-0.0981
132fea26-dd36-4dc1-9fab-69c4e23336ef	X	63250575	63285949	20	0.3728
132fea26-dd36-4dc1-9fab-69c4e23336ef	X	63285991	92497102	13991	-0.1038
132fea26-dd36-4dc1-9fab-69c4e23336ef	X	92510811	99713942	4010	0.1657
132fea26-dd36-4dc1-9fab-69c4e23336ef	X	99714289	127031271	15145	0.1291
132fea26-dd36-4dc1-9fab-69c4e23336ef	X	127032723	128464562	782	0.1882
132fea26-dd36-4dc1-9fab-69c4e23336ef	X	128465242	128745983	144	-0.1909
132fea26-dd36-4dc1-9fab-69c4e23336ef	X	128746377	133361799	2539	0.126
132fea26-dd36-4dc1-9fab-69c4e23336ef	X	133362295	133362704	2	1.7378
132fea26-dd36-4dc1-9fab-69c4e23336ef	X	133363982	140200284	3829	0.114
132fea26-dd36-4dc1-9fab-69c4e23336ef	X	140200644	149018533	5977	0.1495
132fea26-dd36-4dc1-9fab-69c4e23336ef	X	149018954	155952689	3611	0.1098
132fea26-dd36-4dc1-9fab-69c4e23336ef	Y	2782397	3137227	151	-2.6415
132fea26-dd36-4dc1-9fab-69c4e23336ef	Y	3138099	6071948	567	-2.3779
132fea26-dd36-4dc1-9fab-69c4e23336ef	Y	6075631	13478396	2547	-2.7107
132fea26-dd36-4dc1-9fab-69c4e23336ef	Y	13478462	13482643	3	-7.6487
132fea26-dd36-4dc1-9fab-69c4e23336ef	Y	13483009	56872112	3371	-2.6949
