GDC_Aliquot	Chromosome	Start	End	Copy_Number	Major_Copy_Number	Minor_Copy_Number
06a54223-9c9a-4694-bc46-4815f51d7d54	chr1	13116	73320786	2	1	1
06a54223-9c9a-4694-bc46-4815f51d7d54	chr1	73323011	121742438	1	1	0
06a54223-9c9a-4694-bc46-4815f51d7d54	chr1	143417573	194504790	2	1	1
06a54223-9c9a-4694-bc46-4815f51d7d54	chr1	194506110	194523363	0	0	0
06a54223-9c9a-4694-bc46-4815f51d7d54	chr1	194524642	248945703	2	1	1
06a54223-9c9a-4694-bc46-4815f51d7d54	chr2	10587	242183243	2	1	1
06a54223-9c9a-4694-bc46-4815f51d7d54	chr3	18519	198181744	2	1	1
06a54223-9c9a-4694-bc46-4815f51d7d54	chr4	11961	158438682	2	1	1
06a54223-9c9a-4694-bc46-4815f51d7d54	chr4	158439744	158446695	0	0	0
06a54223-9c9a-4694-bc46-4815f51d7d54	chr4	158447799	190122722	2	1	1
06a54223-9c9a-4694-bc46-4815f51d7d54	chr5	11882	9537096	5	4	1
06a54223-9c9a-4694-bc46-4815f51d7d54	chr5	9538288	12084471	6	5	1
06a54223-9c9a-4694-bc46-4815f51d7d54	chr5	12086173	30654241	5	4	1
06a54223-9c9a-4694-bc46-4815f51d7d54	chr5	30657021	42975702	4	3	1
06a54223-9c9a-4694-bc46-4815f51d7d54	chr5	42976786	42997497	2	2	0
06a54223-9c9a-4694-bc46-4815f51d7d54	chr5	42998775	43006994	5	4	1
06a54223-9c9a-4694-bc46-4815f51d7d54	chr5	43008608	45350177	3	2	1
06a54223-9c9a-4694-bc46-4815f51d7d54	chr5	45351598	181363900	2	1	1
06a54223-9c9a-4694-bc46-4815f51d7d54	chr6	100116	170740469	2	1	1
06a54223-9c9a-4694-bc46-4815f51d7d54	chr7	20608	159334386	2	1	1
06a54223-9c9a-4694-bc46-4815f51d7d54	chr8	61774	7426738	2	1	1
06a54223-9c9a-4694-bc46-4815f51d7d54	chr8	7432813	8251733	2	2	0
06a54223-9c9a-4694-bc46-4815f51d7d54	chr8	8252963	93355999	2	1	1
06a54223-9c9a-4694-bc46-4815f51d7d54	chr8	93357302	145078402	3	2	1
06a54223-9c9a-4694-bc46-4815f51d7d54	chr9	10469	21799384	1	1	0
06a54223-9c9a-4694-bc46-4815f51d7d54	chr9	21801079	23627570	0	0	0
06a54223-9c9a-4694-bc46-4815f51d7d54	chr9	23628824	43070419	1	1	0
06a54223-9c9a-4694-bc46-4815f51d7d54	chr9	60839871	68548454	2	2	0
06a54223-9c9a-4694-bc46-4815f51d7d54	chr9	68549708	138256233	2	1	1
06a54223-9c9a-4694-bc46-4815f51d7d54	chr10	15029	372604	2	2	0
06a54223-9c9a-4694-bc46-4815f51d7d54	chr10	374852	133787009	2	1	1
06a54223-9c9a-4694-bc46-4815f51d7d54	chr11	87268	135076424	2	1	1
06a54223-9c9a-4694-bc46-4815f51d7d54	chr12	11065	19181556	2	2	0
06a54223-9c9a-4694-bc46-4815f51d7d54	chr12	19183566	27190095	4	2	2
06a54223-9c9a-4694-bc46-4815f51d7d54	chr12	27191136	37466711	2	2	0
06a54223-9c9a-4694-bc46-4815f51d7d54	chr12	37468139	133264676	3	2	1
06a54223-9c9a-4694-bc46-4815f51d7d54	chr13	18445955	114343123	1	1	0
06a54223-9c9a-4694-bc46-4815f51d7d54	chr14	18223583	19955624	2	2	0
06a54223-9c9a-4694-bc46-4815f51d7d54	chr14	19956767	87042499	2	1	1
06a54223-9c9a-4694-bc46-4815f51d7d54	chr14	87043676	106880670	1	1	0
06a54223-9c9a-4694-bc46-4815f51d7d54	chr15	19795285	23773784	2	2	0
06a54223-9c9a-4694-bc46-4815f51d7d54	chr15	23774857	29085398	1	1	0
06a54223-9c9a-4694-bc46-4815f51d7d54	chr15	29086476	101980591	2	1	1
06a54223-9c9a-4694-bc46-4815f51d7d54	chr16	10291	32288921	2	1	1
06a54223-9c9a-4694-bc46-4815f51d7d54	chr16	32297178	33602501	2	2	0
06a54223-9c9a-4694-bc46-4815f51d7d54	chr16	33603692	36045725	1	1	0
06a54223-9c9a-4694-bc46-4815f51d7d54	chr16	46380940	57992871	2	1	1
06a54223-9c9a-4694-bc46-4815f51d7d54	chr16	57994350	90226358	1	1	0
06a54223-9c9a-4694-bc46-4815f51d7d54	chr17	151035	10698004	1	1	0
06a54223-9c9a-4694-bc46-4815f51d7d54	chr17	10699098	33787982	2	1	1
06a54223-9c9a-4694-bc46-4815f51d7d54	chr17	33789377	33827555	3	2	1
06a54223-9c9a-4694-bc46-4815f51d7d54	chr17	33828559	83237603	2	1	1
06a54223-9c9a-4694-bc46-4815f51d7d54	chr18	16444	80259190	2	1	1
06a54223-9c9a-4694-bc46-4815f51d7d54	chr19	157892	894169	2	1	1
06a54223-9c9a-4694-bc46-4815f51d7d54	chr19	895328	24051400	1	1	0
06a54223-9c9a-4694-bc46-4815f51d7d54	chr19	24052401	58607412	2	1	1
06a54223-9c9a-4694-bc46-4815f51d7d54	chr20	80457	30186662	1	1	0
06a54223-9c9a-4694-bc46-4815f51d7d54	chr20	30187708	64331516	2	1	1
06a54223-9c9a-4694-bc46-4815f51d7d54	chr21	7762688	13243410	2	2	0
06a54223-9c9a-4694-bc46-4815f51d7d54	chr21	13245111	46699722	2	1	1
06a54223-9c9a-4694-bc46-4815f51d7d54	chr22	15284540	26033370	2	1	1
06a54223-9c9a-4694-bc46-4815f51d7d54	chr22	26034490	36083678	1	1	0
06a54223-9c9a-4694-bc46-4815f51d7d54	chr22	36084833	50802392	2	1	1
06a54223-9c9a-4694-bc46-4815f51d7d54	chrX	2781514	72709844	1	1	0
06a54223-9c9a-4694-bc46-4815f51d7d54	chrX	72710846	72710846	12	12	0
06a54223-9c9a-4694-bc46-4815f51d7d54	chrX	72716775	155699751	1	1	0
06a54223-9c9a-4694-bc46-4815f51d7d54	chrY	2789135	8974468	4	4	0
06a54223-9c9a-4694-bc46-4815f51d7d54	chrY	8977339	26622951	2	2	0
