GDC_Aliquot	Chromosome	Start	End	Num_Probes	Segment_Mean
f2f45a0e-2d4d-4f7f-a13e-1472fb2c1a36	1	62920	939652	61	0.1657
f2f45a0e-2d4d-4f7f-a13e-1472fb2c1a36	1	949392	3420057	753	0.3042
f2f45a0e-2d4d-4f7f-a13e-1472fb2c1a36	1	3420844	15827002	7520	0.2378
f2f45a0e-2d4d-4f7f-a13e-1472fb2c1a36	1	15827041	15828515	9	-0.767
f2f45a0e-2d4d-4f7f-a13e-1472fb2c1a36	1	15839166	16689764	333	0.2441
f2f45a0e-2d4d-4f7f-a13e-1472fb2c1a36	1	16718963	16787932	18	0.6261
f2f45a0e-2d4d-4f7f-a13e-1472fb2c1a36	1	16788139	25256850	5320	0.2357
f2f45a0e-2d4d-4f7f-a13e-1472fb2c1a36	1	25266637	25320455	24	-1.3614
f2f45a0e-2d4d-4f7f-a13e-1472fb2c1a36	1	25336819	54624527	16005	0.2392
f2f45a0e-2d4d-4f7f-a13e-1472fb2c1a36	1	54627618	54628716	2	-1.6636
f2f45a0e-2d4d-4f7f-a13e-1472fb2c1a36	1	54630777	72303233	12726	0.2679
f2f45a0e-2d4d-4f7f-a13e-1472fb2c1a36	1	72303253	72345465	45	-0.9334
f2f45a0e-2d4d-4f7f-a13e-1472fb2c1a36	1	72346221	103560608	19996	0.2701
f2f45a0e-2d4d-4f7f-a13e-1472fb2c1a36	1	103566616	103760781	34	0.5858
f2f45a0e-2d4d-4f7f-a13e-1472fb2c1a36	1	103760879	105476583	917	0.2631
f2f45a0e-2d4d-4f7f-a13e-1472fb2c1a36	1	105476614	105479722	14	-0.2897
f2f45a0e-2d4d-4f7f-a13e-1472fb2c1a36	1	105479738	108223733	1959	0.2636
f2f45a0e-2d4d-4f7f-a13e-1472fb2c1a36	1	108226680	108274557	2	-2.3497
f2f45a0e-2d4d-4f7f-a13e-1472fb2c1a36	1	108310648	109684893	676	0.2449
f2f45a0e-2d4d-4f7f-a13e-1472fb2c1a36	1	109690352	109697556	13	-0.922
f2f45a0e-2d4d-4f7f-a13e-1472fb2c1a36	1	109702376	112147704	1951	0.2378
f2f45a0e-2d4d-4f7f-a13e-1472fb2c1a36	1	112153343	112163334	26	0.642
f2f45a0e-2d4d-4f7f-a13e-1472fb2c1a36	1	112163438	143748421	5260	0.2631
f2f45a0e-2d4d-4f7f-a13e-1472fb2c1a36	1	143748590	143748793	3	1.2295
f2f45a0e-2d4d-4f7f-a13e-1472fb2c1a36	1	143748826	146150530	204	0.2536
f2f45a0e-2d4d-4f7f-a13e-1472fb2c1a36	1	146161924	146250588	3	-0.8889
f2f45a0e-2d4d-4f7f-a13e-1472fb2c1a36	1	146716041	152789447	2332	0.2602
f2f45a0e-2d4d-4f7f-a13e-1472fb2c1a36	1	152789463	152796224	36	0.6984
f2f45a0e-2d4d-4f7f-a13e-1472fb2c1a36	1	152801429	162555148	5991	0.2237
f2f45a0e-2d4d-4f7f-a13e-1472fb2c1a36	1	162563793	162715574	132	0.4207
f2f45a0e-2d4d-4f7f-a13e-1472fb2c1a36	1	162716441	169247699	5151	0.2503
f2f45a0e-2d4d-4f7f-a13e-1472fb2c1a36	1	169264736	169272528	7	-2.1958
f2f45a0e-2d4d-4f7f-a13e-1472fb2c1a36	1	169273163	194479104	16720	0.2562
f2f45a0e-2d4d-4f7f-a13e-1472fb2c1a36	1	194482281	194485888	2	1.8827
f2f45a0e-2d4d-4f7f-a13e-1472fb2c1a36	1	194487886	196745692	1450	0.2556
f2f45a0e-2d4d-4f7f-a13e-1472fb2c1a36	1	196745743	196832312	57	0.5075
f2f45a0e-2d4d-4f7f-a13e-1472fb2c1a36	1	196832525	200173435	2104	0.2482
f2f45a0e-2d4d-4f7f-a13e-1472fb2c1a36	1	200173801	202034027	1287	0.2249
f2f45a0e-2d4d-4f7f-a13e-1472fb2c1a36	1	202037160	202126724	62	0.4382
f2f45a0e-2d4d-4f7f-a13e-1472fb2c1a36	1	202128002	208467340	4167	0.2211
f2f45a0e-2d4d-4f7f-a13e-1472fb2c1a36	1	208468576	209897717	1173	0.2576
f2f45a0e-2d4d-4f7f-a13e-1472fb2c1a36	1	209908268	209913207	4	0.944
f2f45a0e-2d4d-4f7f-a13e-1472fb2c1a36	1	209920149	212831776	1945	0.2503
f2f45a0e-2d4d-4f7f-a13e-1472fb2c1a36	1	212831791	212833055	4	-0.7168
f2f45a0e-2d4d-4f7f-a13e-1472fb2c1a36	1	212837094	229675422	11089	0.2576
f2f45a0e-2d4d-4f7f-a13e-1472fb2c1a36	1	229681109	229684449	3	-2.4983
f2f45a0e-2d4d-4f7f-a13e-1472fb2c1a36	1	229684709	248930189	13974	0.2563
f2f45a0e-2d4d-4f7f-a13e-1472fb2c1a36	2	12784	4158097	2988	0.0022
f2f45a0e-2d4d-4f7f-a13e-1472fb2c1a36	2	4166274	4187192	44	-0.3963
f2f45a0e-2d4d-4f7f-a13e-1472fb2c1a36	2	4187794	14565932	8009	0.0002
f2f45a0e-2d4d-4f7f-a13e-1472fb2c1a36	2	14566145	14569968	10	-1.2381
f2f45a0e-2d4d-4f7f-a13e-1472fb2c1a36	2	14570240	34474248	13035	0.0072
f2f45a0e-2d4d-4f7f-a13e-1472fb2c1a36	2	34476327	34512096	46	0.4853
f2f45a0e-2d4d-4f7f-a13e-1472fb2c1a36	2	34512489	52527727	13003	0.0068
f2f45a0e-2d4d-4f7f-a13e-1472fb2c1a36	2	52527743	52554404	34	-0.4132
f2f45a0e-2d4d-4f7f-a13e-1472fb2c1a36	2	52560811	81793637	19084	0.007
f2f45a0e-2d4d-4f7f-a13e-1472fb2c1a36	2	81800133	81822580	28	-0.8148
f2f45a0e-2d4d-4f7f-a13e-1472fb2c1a36	2	81832884	87489240	2965	0.0134
f2f45a0e-2d4d-4f7f-a13e-1472fb2c1a36	2	87489506	87528459	11	-0.564
f2f45a0e-2d4d-4f7f-a13e-1472fb2c1a36	2	87542032	106266773	7335	0.0009
f2f45a0e-2d4d-4f7f-a13e-1472fb2c1a36	2	106266875	106268523	5	-1.0668
f2f45a0e-2d4d-4f7f-a13e-1472fb2c1a36	2	106268557	127084661	12343	0.0042
f2f45a0e-2d4d-4f7f-a13e-1472fb2c1a36	2	127084748	127094445	9	0.3551
f2f45a0e-2d4d-4f7f-a13e-1472fb2c1a36	2	127099470	127100187	2	1.9027
f2f45a0e-2d4d-4f7f-a13e-1472fb2c1a36	2	127100370	128880504	1029	0.0012
f2f45a0e-2d4d-4f7f-a13e-1472fb2c1a36	2	128880904	128882741	15	-0.8484
f2f45a0e-2d4d-4f7f-a13e-1472fb2c1a36	2	128882755	232461214	63332	0.0124
f2f45a0e-2d4d-4f7f-a13e-1472fb2c1a36	2	232470431	241538954	5959	-0.0213
f2f45a0e-2d4d-4f7f-a13e-1472fb2c1a36	2	241543138	242147305	186	0.0894
f2f45a0e-2d4d-4f7f-a13e-1472fb2c1a36	3	20930	6275672	5554	-0.3462
f2f45a0e-2d4d-4f7f-a13e-1472fb2c1a36	3	6277576	6293785	19	0.3177
f2f45a0e-2d4d-4f7f-a13e-1472fb2c1a36	3	6296749	6604856	242	-0.3157
f2f45a0e-2d4d-4f7f-a13e-1472fb2c1a36	3	6609441	6611645	23	-2.2078
f2f45a0e-2d4d-4f7f-a13e-1472fb2c1a36	3	6613391	45530099	26482	-0.3305
f2f45a0e-2d4d-4f7f-a13e-1472fb2c1a36	3	45531296	45664675	112	-0.0235
f2f45a0e-2d4d-4f7f-a13e-1472fb2c1a36	3	45666396	49935383	1954	-0.3362
f2f45a0e-2d4d-4f7f-a13e-1472fb2c1a36	3	49941344	49941872	2	-1.5116
f2f45a0e-2d4d-4f7f-a13e-1472fb2c1a36	3	49945468	52997734	1311	-0.3269
f2f45a0e-2d4d-4f7f-a13e-1472fb2c1a36	3	52997747	53004746	27	0.0377
f2f45a0e-2d4d-4f7f-a13e-1472fb2c1a36	3	53004757	68682877	12027	-0.3164
f2f45a0e-2d4d-4f7f-a13e-1472fb2c1a36	3	68697013	68698262	15	0.5674
f2f45a0e-2d4d-4f7f-a13e-1472fb2c1a36	3	68699607	84053071	9602	-0.3163
f2f45a0e-2d4d-4f7f-a13e-1472fb2c1a36	3	84056282	84057015	2	-2.1833
f2f45a0e-2d4d-4f7f-a13e-1472fb2c1a36	3	84061816	84640438	293	-0.2829
f2f45a0e-2d4d-4f7f-a13e-1472fb2c1a36	3	84645221	84653262	23	0.0552
f2f45a0e-2d4d-4f7f-a13e-1472fb2c1a36	3	84653312	86734375	1195	-0.3421
f2f45a0e-2d4d-4f7f-a13e-1472fb2c1a36	3	86737636	86745351	5	-2.1375
f2f45a0e-2d4d-4f7f-a13e-1472fb2c1a36	3	86745910	91462299	1932	-0.311
f2f45a0e-2d4d-4f7f-a13e-1472fb2c1a36	3	93800634	94214616	157	0.2945
f2f45a0e-2d4d-4f7f-a13e-1472fb2c1a36	3	94217030	98238271	2129	-0.3083
f2f45a0e-2d4d-4f7f-a13e-1472fb2c1a36	3	98249458	98299232	29	0.0156
f2f45a0e-2d4d-4f7f-a13e-1472fb2c1a36	3	98299513	98587216	174	0.5285
f2f45a0e-2d4d-4f7f-a13e-1472fb2c1a36	3	98596712	99225919	361	0.0227
f2f45a0e-2d4d-4f7f-a13e-1472fb2c1a36	3	99225990	99230577	30	0.2822
f2f45a0e-2d4d-4f7f-a13e-1472fb2c1a36	3	99232120	100809177	868	0.0359
f2f45a0e-2d4d-4f7f-a13e-1472fb2c1a36	3	100817103	102100894	759	-0.3017
f2f45a0e-2d4d-4f7f-a13e-1472fb2c1a36	3	102102224	103204557	573	0.039
f2f45a0e-2d4d-4f7f-a13e-1472fb2c1a36	3	103207689	103244137	34	0.2793
f2f45a0e-2d4d-4f7f-a13e-1472fb2c1a36	3	103248705	103735120	293	0.0187
f2f45a0e-2d4d-4f7f-a13e-1472fb2c1a36	3	103735147	105174140	994	0.2762
f2f45a0e-2d4d-4f7f-a13e-1472fb2c1a36	3	105176354	105462085	164	0.0093
f2f45a0e-2d4d-4f7f-a13e-1472fb2c1a36	3	105466639	105602369	110	0.4862
f2f45a0e-2d4d-4f7f-a13e-1472fb2c1a36	3	105606358	107363633	1008	0.0103
f2f45a0e-2d4d-4f7f-a13e-1472fb2c1a36	3	107363652	107601005	154	0.486
f2f45a0e-2d4d-4f7f-a13e-1472fb2c1a36	3	107604422	107927881	202	0.3195
f2f45a0e-2d4d-4f7f-a13e-1472fb2c1a36	3	107928233	107967650	35	-0.365
f2f45a0e-2d4d-4f7f-a13e-1472fb2c1a36	3	107969525	108571551	439	0.2943
f2f45a0e-2d4d-4f7f-a13e-1472fb2c1a36	3	108575001	108707905	51	-0.2988
f2f45a0e-2d4d-4f7f-a13e-1472fb2c1a36	3	108716108	109756997	617	0.3132
f2f45a0e-2d4d-4f7f-a13e-1472fb2c1a36	3	109765048	110461768	418	0.5233
f2f45a0e-2d4d-4f7f-a13e-1472fb2c1a36	3	110463407	113392749	1886	0.0107
f2f45a0e-2d4d-4f7f-a13e-1472fb2c1a36	3	113393860	113710263	181	-0.3378
f2f45a0e-2d4d-4f7f-a13e-1472fb2c1a36	3	113711043	113895642	82	0.2428
f2f45a0e-2d4d-4f7f-a13e-1472fb2c1a36	3	113901777	115164724	695	0.5178
f2f45a0e-2d4d-4f7f-a13e-1472fb2c1a36	3	115164800	116643304	1014	0.3131
f2f45a0e-2d4d-4f7f-a13e-1472fb2c1a36	3	116643999	116845438	206	0.7042
f2f45a0e-2d4d-4f7f-a13e-1472fb2c1a36	3	116848809	116902509	38	0.3264
f2f45a0e-2d4d-4f7f-a13e-1472fb2c1a36	3	116906944	116951543	31	0.7119
f2f45a0e-2d4d-4f7f-a13e-1472fb2c1a36	3	116951747	116960037	8	1.0522
f2f45a0e-2d4d-4f7f-a13e-1472fb2c1a36	3	116961642	117525657	434	0.3265
f2f45a0e-2d4d-4f7f-a13e-1472fb2c1a36	3	117531403	117561516	20	-0.3315
f2f45a0e-2d4d-4f7f-a13e-1472fb2c1a36	3	117561571	118152844	414	0.3414
f2f45a0e-2d4d-4f7f-a13e-1472fb2c1a36	3	118153037	118153755	4	-0.8362
f2f45a0e-2d4d-4f7f-a13e-1472fb2c1a36	3	118158563	118337671	104	0.3322
f2f45a0e-2d4d-4f7f-a13e-1472fb2c1a36	3	118337734	118492615	103	0.7272
f2f45a0e-2d4d-4f7f-a13e-1472fb2c1a36	3	118495958	118769389	157	0.3428
f2f45a0e-2d4d-4f7f-a13e-1472fb2c1a36	3	118769512	119084482	183	0.7035
f2f45a0e-2d4d-4f7f-a13e-1472fb2c1a36	3	119086706	119590307	303	0.261
f2f45a0e-2d4d-4f7f-a13e-1472fb2c1a36	3	119590413	119635091	40	0.4998
f2f45a0e-2d4d-4f7f-a13e-1472fb2c1a36	3	119636564	119636899	2	0.0761
f2f45a0e-2d4d-4f7f-a13e-1472fb2c1a36	3	119639066	121887891	1181	-0.3061
f2f45a0e-2d4d-4f7f-a13e-1472fb2c1a36	3	121888757	122467412	339	0.2867
f2f45a0e-2d4d-4f7f-a13e-1472fb2c1a36	3	122468365	122811722	197	0.6893
f2f45a0e-2d4d-4f7f-a13e-1472fb2c1a36	3	122813982	122888622	44	-0.0094
f2f45a0e-2d4d-4f7f-a13e-1472fb2c1a36	3	122890359	123012738	89	0.4768
f2f45a0e-2d4d-4f7f-a13e-1472fb2c1a36	3	123014031	123133482	103	0.2947
f2f45a0e-2d4d-4f7f-a13e-1472fb2c1a36	3	123134958	124753885	1084	0.5195
f2f45a0e-2d4d-4f7f-a13e-1472fb2c1a36	3	124761996	124814750	38	0.0288
f2f45a0e-2d4d-4f7f-a13e-1472fb2c1a36	3	124820456	125194891	272	0.2672
f2f45a0e-2d4d-4f7f-a13e-1472fb2c1a36	3	125199910	125541895	171	0.0142
f2f45a0e-2d4d-4f7f-a13e-1472fb2c1a36	3	125542356	128695318	1939	0.258
f2f45a0e-2d4d-4f7f-a13e-1472fb2c1a36	3	128702323	129802964	500	0.0019
f2f45a0e-2d4d-4f7f-a13e-1472fb2c1a36	3	129816293	130075130	149	-0.3258
f2f45a0e-2d4d-4f7f-a13e-1472fb2c1a36	3	130075163	130166832	35	-0.0247
f2f45a0e-2d4d-4f7f-a13e-1472fb2c1a36	3	130170943	130577502	314	-0.2935
f2f45a0e-2d4d-4f7f-a13e-1472fb2c1a36	3	130578069	130954488	180	0.047
f2f45a0e-2d4d-4f7f-a13e-1472fb2c1a36	3	130964071	131014872	31	-0.291
f2f45a0e-2d4d-4f7f-a13e-1472fb2c1a36	3	131015217	131091232	39	-0.0125
f2f45a0e-2d4d-4f7f-a13e-1472fb2c1a36	3	131096370	131388140	162	0.2902
f2f45a0e-2d4d-4f7f-a13e-1472fb2c1a36	3	131390570	132007590	427	0.0286
f2f45a0e-2d4d-4f7f-a13e-1472fb2c1a36	3	132007944	133155272	812	0.2854
f2f45a0e-2d4d-4f7f-a13e-1472fb2c1a36	3	133157057	133306001	130	0.0185
f2f45a0e-2d4d-4f7f-a13e-1472fb2c1a36	3	133306023	134193109	576	0.2736
f2f45a0e-2d4d-4f7f-a13e-1472fb2c1a36	3	134195045	135382401	838	-0.313
f2f45a0e-2d4d-4f7f-a13e-1472fb2c1a36	3	135382983	136088498	404	0.0088
f2f45a0e-2d4d-4f7f-a13e-1472fb2c1a36	3	136095386	136432870	131	0.2743
f2f45a0e-2d4d-4f7f-a13e-1472fb2c1a36	3	136441624	136542902	34	0.0261
f2f45a0e-2d4d-4f7f-a13e-1472fb2c1a36	3	136556886	137077208	219	0.2662
f2f45a0e-2d4d-4f7f-a13e-1472fb2c1a36	3	137083927	137344134	202	0.0308
f2f45a0e-2d4d-4f7f-a13e-1472fb2c1a36	3	137346169	137513792	86	0.5542
f2f45a0e-2d4d-4f7f-a13e-1472fb2c1a36	3	137517038	137594498	42	0.3179
f2f45a0e-2d4d-4f7f-a13e-1472fb2c1a36	3	137594648	138185650	339	0.0322
f2f45a0e-2d4d-4f7f-a13e-1472fb2c1a36	3	138191165	139332068	552	0.2932
f2f45a0e-2d4d-4f7f-a13e-1472fb2c1a36	3	139338934	139435640	60	-0.0089
f2f45a0e-2d4d-4f7f-a13e-1472fb2c1a36	3	139439157	139530141	62	0.4915
f2f45a0e-2d4d-4f7f-a13e-1472fb2c1a36	3	139532154	139612550	61	0.0302
f2f45a0e-2d4d-4f7f-a13e-1472fb2c1a36	3	139614671	139615646	2	-1.0077
f2f45a0e-2d4d-4f7f-a13e-1472fb2c1a36	3	139620760	140784530	979	0.0453
f2f45a0e-2d4d-4f7f-a13e-1472fb2c1a36	3	140788132	142569211	921	-0.3204
f2f45a0e-2d4d-4f7f-a13e-1472fb2c1a36	3	142573023	143356534	572	0.3178
f2f45a0e-2d4d-4f7f-a13e-1472fb2c1a36	3	143365303	143376099	12	-0.0934
f2f45a0e-2d4d-4f7f-a13e-1472fb2c1a36	3	143378606	145353787	1284	-0.3166
f2f45a0e-2d4d-4f7f-a13e-1472fb2c1a36	3	145355126	145699552	209	0.3005
f2f45a0e-2d4d-4f7f-a13e-1472fb2c1a36	3	145701313	145812513	96	0.4116
f2f45a0e-2d4d-4f7f-a13e-1472fb2c1a36	3	145812555	146018285	161	0.7376
f2f45a0e-2d4d-4f7f-a13e-1472fb2c1a36	3	146019014	146352093	216	0.3131
f2f45a0e-2d4d-4f7f-a13e-1472fb2c1a36	3	146356700	146466400	41	-0.3207
f2f45a0e-2d4d-4f7f-a13e-1472fb2c1a36	3	146473111	146795279	243	0.3144
f2f45a0e-2d4d-4f7f-a13e-1472fb2c1a36	3	146797763	147199993	209	0.6696
f2f45a0e-2d4d-4f7f-a13e-1472fb2c1a36	3	147201238	147363612	86	0.2492
f2f45a0e-2d4d-4f7f-a13e-1472fb2c1a36	3	147369155	150432899	1889	0.7216
f2f45a0e-2d4d-4f7f-a13e-1472fb2c1a36	3	150439038	150613801	101	0.2974
f2f45a0e-2d4d-4f7f-a13e-1472fb2c1a36	3	150614208	151496150	616	0.6916
f2f45a0e-2d4d-4f7f-a13e-1472fb2c1a36	3	151496556	151498661	2	-0.3363
f2f45a0e-2d4d-4f7f-a13e-1472fb2c1a36	3	151498880	151687661	126	0.6887
f2f45a0e-2d4d-4f7f-a13e-1472fb2c1a36	3	151687724	151687777	2	-0.439
f2f45a0e-2d4d-4f7f-a13e-1472fb2c1a36	3	151687866	152320153	394	0.7004
f2f45a0e-2d4d-4f7f-a13e-1472fb2c1a36	3	152323626	152705997	290	0.3036
f2f45a0e-2d4d-4f7f-a13e-1472fb2c1a36	3	152707579	154177371	899	0.7315
f2f45a0e-2d4d-4f7f-a13e-1472fb2c1a36	3	154180880	154281737	61	0.2779
f2f45a0e-2d4d-4f7f-a13e-1472fb2c1a36	3	154288552	155832064	855	0.7206
f2f45a0e-2d4d-4f7f-a13e-1472fb2c1a36	3	155832067	155917504	29	0.348
f2f45a0e-2d4d-4f7f-a13e-1472fb2c1a36	3	155920896	157313336	862	0.7203
f2f45a0e-2d4d-4f7f-a13e-1472fb2c1a36	3	157323894	158014025	454	0.3283
f2f45a0e-2d4d-4f7f-a13e-1472fb2c1a36	3	158014232	158237129	96	0.6997
f2f45a0e-2d4d-4f7f-a13e-1472fb2c1a36	3	158240878	158632329	212	0.3069
f2f45a0e-2d4d-4f7f-a13e-1472fb2c1a36	3	158633095	158633756	2	-0.9688
f2f45a0e-2d4d-4f7f-a13e-1472fb2c1a36	3	158641083	158819321	104	0.3018
f2f45a0e-2d4d-4f7f-a13e-1472fb2c1a36	3	158824007	158972042	106	0.7074
f2f45a0e-2d4d-4f7f-a13e-1472fb2c1a36	3	158978110	160343357	843	0.3453
f2f45a0e-2d4d-4f7f-a13e-1472fb2c1a36	3	160348264	160733511	238	-0.3007
f2f45a0e-2d4d-4f7f-a13e-1472fb2c1a36	3	160738401	160977982	149	0.3118
f2f45a0e-2d4d-4f7f-a13e-1472fb2c1a36	3	160979079	160979945	4	-1.203
f2f45a0e-2d4d-4f7f-a13e-1472fb2c1a36	3	160984308	162394677	883	0.3499
f2f45a0e-2d4d-4f7f-a13e-1472fb2c1a36	3	162401765	162790480	277	0.7016
f2f45a0e-2d4d-4f7f-a13e-1472fb2c1a36	3	162794869	162908207	70	-1.3032
f2f45a0e-2d4d-4f7f-a13e-1472fb2c1a36	3	162908784	163144916	164	0.7046
f2f45a0e-2d4d-4f7f-a13e-1472fb2c1a36	3	163146589	163303284	99	0.2453
f2f45a0e-2d4d-4f7f-a13e-1472fb2c1a36	3	163310843	163952660	330	0.7338
f2f45a0e-2d4d-4f7f-a13e-1472fb2c1a36	3	163953950	164342410	250	0.3208
f2f45a0e-2d4d-4f7f-a13e-1472fb2c1a36	3	164344568	164814931	232	0.731
f2f45a0e-2d4d-4f7f-a13e-1472fb2c1a36	3	164821436	164930280	54	0.3924
f2f45a0e-2d4d-4f7f-a13e-1472fb2c1a36	3	164934315	165394120	273	0.6963
f2f45a0e-2d4d-4f7f-a13e-1472fb2c1a36	3	165401300	165803935	258	0.3196
f2f45a0e-2d4d-4f7f-a13e-1472fb2c1a36	3	165804816	167890699	1101	-0.3095
f2f45a0e-2d4d-4f7f-a13e-1472fb2c1a36	3	167892373	168337940	272	0.3406
f2f45a0e-2d4d-4f7f-a13e-1472fb2c1a36	3	168340070	168850832	290	-0.2931
f2f45a0e-2d4d-4f7f-a13e-1472fb2c1a36	3	168855016	170628863	1146	0.3308
f2f45a0e-2d4d-4f7f-a13e-1472fb2c1a36	3	170631092	171865684	801	0.7111
f2f45a0e-2d4d-4f7f-a13e-1472fb2c1a36	3	171871805	171966877	58	0.9291
f2f45a0e-2d4d-4f7f-a13e-1472fb2c1a36	3	171967054	172097115	67	0.6884
f2f45a0e-2d4d-4f7f-a13e-1472fb2c1a36	3	172102552	172232874	80	0.2572
f2f45a0e-2d4d-4f7f-a13e-1472fb2c1a36	3	172237287	173703133	1000	0.7131
f2f45a0e-2d4d-4f7f-a13e-1472fb2c1a36	3	173703523	174485712	530	0.3312
f2f45a0e-2d4d-4f7f-a13e-1472fb2c1a36	3	174486538	176022405	1059	-0.3106
f2f45a0e-2d4d-4f7f-a13e-1472fb2c1a36	3	176023098	177626599	1019	0.026
f2f45a0e-2d4d-4f7f-a13e-1472fb2c1a36	3	177627409	177726180	76	-0.317
f2f45a0e-2d4d-4f7f-a13e-1472fb2c1a36	3	177732015	180711442	1811	0.0473
f2f45a0e-2d4d-4f7f-a13e-1472fb2c1a36	3	180711754	181415683	343	-0.2953
f2f45a0e-2d4d-4f7f-a13e-1472fb2c1a36	3	181425842	182187545	404	0.3445
f2f45a0e-2d4d-4f7f-a13e-1472fb2c1a36	3	182187691	182324121	66	-0.2656
f2f45a0e-2d4d-4f7f-a13e-1472fb2c1a36	3	182324378	182781075	300	0.032
f2f45a0e-2d4d-4f7f-a13e-1472fb2c1a36	3	182784557	183634546	508	0.5133
f2f45a0e-2d4d-4f7f-a13e-1472fb2c1a36	3	183634945	183723237	43	0.1579
f2f45a0e-2d4d-4f7f-a13e-1472fb2c1a36	3	183726386	185395323	868	0.5297
f2f45a0e-2d4d-4f7f-a13e-1472fb2c1a36	3	185402928	185724437	141	0.0904
f2f45a0e-2d4d-4f7f-a13e-1472fb2c1a36	3	185724666	185952349	121	0.3576
f2f45a0e-2d4d-4f7f-a13e-1472fb2c1a36	3	185952661	186054765	66	0.775
f2f45a0e-2d4d-4f7f-a13e-1472fb2c1a36	3	186054963	186104217	128	0.6042
f2f45a0e-2d4d-4f7f-a13e-1472fb2c1a36	3	186104242	186572378	347	0.7477
f2f45a0e-2d4d-4f7f-a13e-1472fb2c1a36	3	186574607	186709831	140	0.3259
f2f45a0e-2d4d-4f7f-a13e-1472fb2c1a36	3	186711212	187390139	503	0.5225
f2f45a0e-2d4d-4f7f-a13e-1472fb2c1a36	3	187393093	187560320	140	0.0413
f2f45a0e-2d4d-4f7f-a13e-1472fb2c1a36	3	187560447	187877506	241	0.2699
f2f45a0e-2d4d-4f7f-a13e-1472fb2c1a36	3	187877590	187877952	3	1.0862
f2f45a0e-2d4d-4f7f-a13e-1472fb2c1a36	3	187877972	191143470	2402	0.2954
f2f45a0e-2d4d-4f7f-a13e-1472fb2c1a36	3	191143979	192009990	598	0.0374
f2f45a0e-2d4d-4f7f-a13e-1472fb2c1a36	3	192010597	192376110	294	0.2956
f2f45a0e-2d4d-4f7f-a13e-1472fb2c1a36	3	192376186	193160113	528	0.0311
f2f45a0e-2d4d-4f7f-a13e-1472fb2c1a36	3	193160173	193165114	19	1.6349
f2f45a0e-2d4d-4f7f-a13e-1472fb2c1a36	3	193168646	195747892	1528	0.0154
f2f45a0e-2d4d-4f7f-a13e-1472fb2c1a36	3	195751823	196273122	230	0.2473
f2f45a0e-2d4d-4f7f-a13e-1472fb2c1a36	3	196276470	196869049	278	0.0182
f2f45a0e-2d4d-4f7f-a13e-1472fb2c1a36	3	196869939	197918086	524	-0.3145
f2f45a0e-2d4d-4f7f-a13e-1472fb2c1a36	3	197918575	198169247	133	0.0203
f2f45a0e-2d4d-4f7f-a13e-1472fb2c1a36	4	68929	780829	266	0.0345
f2f45a0e-2d4d-4f7f-a13e-1472fb2c1a36	4	783123	788513	3	1.0435
f2f45a0e-2d4d-4f7f-a13e-1472fb2c1a36	4	800143	7032301	3633	0.025
f2f45a0e-2d4d-4f7f-a13e-1472fb2c1a36	4	7036622	7052672	17	-1.4723
f2f45a0e-2d4d-4f7f-a13e-1472fb2c1a36	4	7054056	32398929	17446	0.0503
f2f45a0e-2d4d-4f7f-a13e-1472fb2c1a36	4	32398943	32399891	4	-1.0554
f2f45a0e-2d4d-4f7f-a13e-1472fb2c1a36	4	32403692	34777432	1342	0.0394
f2f45a0e-2d4d-4f7f-a13e-1472fb2c1a36	4	34784878	34823103	38	-0.6197
f2f45a0e-2d4d-4f7f-a13e-1472fb2c1a36	4	34828250	43265040	5611	0.0198
f2f45a0e-2d4d-4f7f-a13e-1472fb2c1a36	4	43267292	43268810	2	-1.1774
f2f45a0e-2d4d-4f7f-a13e-1472fb2c1a36	4	43271201	43361574	64	0.0445
f2f45a0e-2d4d-4f7f-a13e-1472fb2c1a36	4	43361856	43372617	6	-0.7341
f2f45a0e-2d4d-4f7f-a13e-1472fb2c1a36	4	43373273	48201932	2845	0.0293
f2f45a0e-2d4d-4f7f-a13e-1472fb2c1a36	4	48202111	49078996	420	-0.0565
f2f45a0e-2d4d-4f7f-a13e-1472fb2c1a36	4	49080266	68509237	10501	0.0266
f2f45a0e-2d4d-4f7f-a13e-1472fb2c1a36	4	68509442	68620261	63	-0.2948
f2f45a0e-2d4d-4f7f-a13e-1472fb2c1a36	4	68623617	74674676	3544	0.0202
f2f45a0e-2d4d-4f7f-a13e-1472fb2c1a36	4	74676253	89507019	9403	-0.31
f2f45a0e-2d4d-4f7f-a13e-1472fb2c1a36	4	89507048	89507113	2	-2.1196
f2f45a0e-2d4d-4f7f-a13e-1472fb2c1a36	4	89507343	103358789	8122	-0.3039
f2f45a0e-2d4d-4f7f-a13e-1472fb2c1a36	4	103359406	103364387	4	-1.2598
f2f45a0e-2d4d-4f7f-a13e-1472fb2c1a36	4	103365139	103824414	299	-0.2974
f2f45a0e-2d4d-4f7f-a13e-1472fb2c1a36	4	103830473	103830487	6	0.5348
f2f45a0e-2d4d-4f7f-a13e-1472fb2c1a36	4	103830488	114258385	6311	-0.3044
f2f45a0e-2d4d-4f7f-a13e-1472fb2c1a36	4	114258482	114261019	6	-1.3224
f2f45a0e-2d4d-4f7f-a13e-1472fb2c1a36	4	114263073	114263110	3	0.3991
f2f45a0e-2d4d-4f7f-a13e-1472fb2c1a36	4	114263154	115244712	605	-0.2752
f2f45a0e-2d4d-4f7f-a13e-1472fb2c1a36	4	115244948	115254098	12	-1.4736
f2f45a0e-2d4d-4f7f-a13e-1472fb2c1a36	4	115254152	115259214	15	-0.7573
f2f45a0e-2d4d-4f7f-a13e-1472fb2c1a36	4	115259399	121360818	3697	-0.2901
f2f45a0e-2d4d-4f7f-a13e-1472fb2c1a36	4	121361313	121363980	28	-2.0487
f2f45a0e-2d4d-4f7f-a13e-1472fb2c1a36	4	121369976	137171085	8867	-0.2963
f2f45a0e-2d4d-4f7f-a13e-1472fb2c1a36	4	137171266	137172260	13	-1.5669
f2f45a0e-2d4d-4f7f-a13e-1472fb2c1a36	4	137173804	137986790	595	-0.2884
f2f45a0e-2d4d-4f7f-a13e-1472fb2c1a36	4	137992533	137996646	3	-1.5452
f2f45a0e-2d4d-4f7f-a13e-1472fb2c1a36	4	137996785	153119814	9036	-0.2908
f2f45a0e-2d4d-4f7f-a13e-1472fb2c1a36	4	153120115	153640471	328	0.2553
f2f45a0e-2d4d-4f7f-a13e-1472fb2c1a36	4	153648331	161972951	5434	-0.2885
f2f45a0e-2d4d-4f7f-a13e-1472fb2c1a36	4	161978265	162079033	83	0.0712
f2f45a0e-2d4d-4f7f-a13e-1472fb2c1a36	4	162079257	165979472	2505	-0.2932
f2f45a0e-2d4d-4f7f-a13e-1472fb2c1a36	4	165983873	166089493	69	0.0435
f2f45a0e-2d4d-4f7f-a13e-1472fb2c1a36	4	166089533	170958151	2994	-0.2934
f2f45a0e-2d4d-4f7f-a13e-1472fb2c1a36	4	170958729	171100096	80	0.0717
f2f45a0e-2d4d-4f7f-a13e-1472fb2c1a36	4	171100743	174101542	1795	-0.3006
f2f45a0e-2d4d-4f7f-a13e-1472fb2c1a36	4	174105725	174210223	82	0.0467
f2f45a0e-2d4d-4f7f-a13e-1472fb2c1a36	4	174216162	178421722	2655	-0.3012
f2f45a0e-2d4d-4f7f-a13e-1472fb2c1a36	4	178421781	178595761	135	-0.4733
f2f45a0e-2d4d-4f7f-a13e-1472fb2c1a36	4	178595935	179688358	739	-0.2907
f2f45a0e-2d4d-4f7f-a13e-1472fb2c1a36	4	179688383	179976379	205	-0.0031
f2f45a0e-2d4d-4f7f-a13e-1472fb2c1a36	4	179978629	180174655	131	-0.3512
f2f45a0e-2d4d-4f7f-a13e-1472fb2c1a36	4	180175061	180426377	239	0.0225
f2f45a0e-2d4d-4f7f-a13e-1472fb2c1a36	4	180429461	180844887	333	-0.355
f2f45a0e-2d4d-4f7f-a13e-1472fb2c1a36	4	180844946	180893764	42	-0.0046
f2f45a0e-2d4d-4f7f-a13e-1472fb2c1a36	4	180893994	180908944	13	-0.2661
f2f45a0e-2d4d-4f7f-a13e-1472fb2c1a36	4	180909047	180989773	50	0.033
f2f45a0e-2d4d-4f7f-a13e-1472fb2c1a36	4	180989846	182266033	1088	0.2703
f2f45a0e-2d4d-4f7f-a13e-1472fb2c1a36	4	182268945	190094046	5238	-0.3157
f2f45a0e-2d4d-4f7f-a13e-1472fb2c1a36	4	190095009	190106768	3	0.345
f2f45a0e-2d4d-4f7f-a13e-1472fb2c1a36	5	15532	12815668	10184	0.6419
f2f45a0e-2d4d-4f7f-a13e-1472fb2c1a36	5	12815753	12838421	13	-0.889
f2f45a0e-2d4d-4f7f-a13e-1472fb2c1a36	5	12849089	34259309	13447	0.6445
f2f45a0e-2d4d-4f7f-a13e-1472fb2c1a36	5	34264242	34264450	3	-0.8707
f2f45a0e-2d4d-4f7f-a13e-1472fb2c1a36	5	34266449	34504329	104	0.5849
f2f45a0e-2d4d-4f7f-a13e-1472fb2c1a36	5	34504563	38724781	2856	0.7772
f2f45a0e-2d4d-4f7f-a13e-1472fb2c1a36	5	38724822	42340291	2359	0.6249
f2f45a0e-2d4d-4f7f-a13e-1472fb2c1a36	5	42341145	54075790	4068	0.2774
f2f45a0e-2d4d-4f7f-a13e-1472fb2c1a36	5	54075963	58037466	2744	0.2331
f2f45a0e-2d4d-4f7f-a13e-1472fb2c1a36	5	58037688	58037706	2	-1.1856
f2f45a0e-2d4d-4f7f-a13e-1472fb2c1a36	5	58042530	69550476	7292	0.2529
f2f45a0e-2d4d-4f7f-a13e-1472fb2c1a36	5	69571467	69822308	5	-0.9997
f2f45a0e-2d4d-4f7f-a13e-1472fb2c1a36	5	69937600	97234540	15339	0.251
f2f45a0e-2d4d-4f7f-a13e-1472fb2c1a36	5	97244301	99070754	1045	0.0055
f2f45a0e-2d4d-4f7f-a13e-1472fb2c1a36	5	99075043	104513752	3151	0.2559
f2f45a0e-2d4d-4f7f-a13e-1472fb2c1a36	5	104513999	104524903	6	-0.4849
f2f45a0e-2d4d-4f7f-a13e-1472fb2c1a36	5	104525348	150822643	29781	0.2607
f2f45a0e-2d4d-4f7f-a13e-1472fb2c1a36	5	150825938	150839042	8	-0.5368
f2f45a0e-2d4d-4f7f-a13e-1472fb2c1a36	5	150843825	151533577	505	0.2237
f2f45a0e-2d4d-4f7f-a13e-1472fb2c1a36	5	151534391	157020910	3786	0.2731
f2f45a0e-2d4d-4f7f-a13e-1472fb2c1a36	5	157021518	157908636	606	0.2326
f2f45a0e-2d4d-4f7f-a13e-1472fb2c1a36	5	157911173	157914383	3	-0.6167
f2f45a0e-2d4d-4f7f-a13e-1472fb2c1a36	5	157914406	165085106	4697	0.2732
f2f45a0e-2d4d-4f7f-a13e-1472fb2c1a36	5	165085905	165092164	2	-1.2546
f2f45a0e-2d4d-4f7f-a13e-1472fb2c1a36	5	165097048	178680821	9301	0.2572
f2f45a0e-2d4d-4f7f-a13e-1472fb2c1a36	5	178682974	178686162	3	-2.1328
f2f45a0e-2d4d-4f7f-a13e-1472fb2c1a36	5	178691854	181363319	1533	0.2416
f2f45a0e-2d4d-4f7f-a13e-1472fb2c1a36	6	149661	303017	126	0.2404
f2f45a0e-2d4d-4f7f-a13e-1472fb2c1a36	6	303121	381149	76	-0.0131
f2f45a0e-2d4d-4f7f-a13e-1472fb2c1a36	6	382559	19039888	14570	0.2478
f2f45a0e-2d4d-4f7f-a13e-1472fb2c1a36	6	19041950	19044667	9	-0.3021
f2f45a0e-2d4d-4f7f-a13e-1472fb2c1a36	6	19050511	19106029	49	0.2359
f2f45a0e-2d4d-4f7f-a13e-1472fb2c1a36	6	19106396	24395705	3838	0.2795
f2f45a0e-2d4d-4f7f-a13e-1472fb2c1a36	6	24398191	29875657	2991	0.2403
f2f45a0e-2d4d-4f7f-a13e-1472fb2c1a36	6	29876257	29882603	11	0.8898
f2f45a0e-2d4d-4f7f-a13e-1472fb2c1a36	6	29903859	29907031	4	-0.0248
f2f45a0e-2d4d-4f7f-a13e-1472fb2c1a36	6	29909182	29931120	7	-0.6881
f2f45a0e-2d4d-4f7f-a13e-1472fb2c1a36	6	29931900	31318499	650	0.2507
f2f45a0e-2d4d-4f7f-a13e-1472fb2c1a36	6	31318528	31328674	10	1.5788
f2f45a0e-2d4d-4f7f-a13e-1472fb2c1a36	6	31342147	32486746	503	0.2927
f2f45a0e-2d4d-4f7f-a13e-1472fb2c1a36	6	32488906	32593518	26	1.2791
f2f45a0e-2d4d-4f7f-a13e-1472fb2c1a36	6	32602269	32857730	189	0.393
f2f45a0e-2d4d-4f7f-a13e-1472fb2c1a36	6	32858456	45962789	8267	0.23
f2f45a0e-2d4d-4f7f-a13e-1472fb2c1a36	6	45963158	49185448	2087	0.2698
f2f45a0e-2d4d-4f7f-a13e-1472fb2c1a36	6	49187407	49190424	3	1.281
f2f45a0e-2d4d-4f7f-a13e-1472fb2c1a36	6	49192014	58096364	5270	0.2719
f2f45a0e-2d4d-4f7f-a13e-1472fb2c1a36	6	58099774	58100791	4	-0.5461
f2f45a0e-2d4d-4f7f-a13e-1472fb2c1a36	6	58106296	60395828	155	0.2227
f2f45a0e-2d4d-4f7f-a13e-1472fb2c1a36	6	60455439	73882509	8146	0.0275
f2f45a0e-2d4d-4f7f-a13e-1472fb2c1a36	6	73882741	73887625	8	-2.485
f2f45a0e-2d4d-4f7f-a13e-1472fb2c1a36	6	73891694	78259348	2768	0.0297
f2f45a0e-2d4d-4f7f-a13e-1472fb2c1a36	6	78259388	78325468	112	0.5978
f2f45a0e-2d4d-4f7f-a13e-1472fb2c1a36	6	78329517	170741917	59653	0.0177
f2f45a0e-2d4d-4f7f-a13e-1472fb2c1a36	7	43355	181654	117	0.4366
f2f45a0e-2d4d-4f7f-a13e-1472fb2c1a36	7	183739	3355447	1305	0.3461
f2f45a0e-2d4d-4f7f-a13e-1472fb2c1a36	7	3355488	3355694	4	-1.0679
f2f45a0e-2d4d-4f7f-a13e-1472fb2c1a36	7	3359128	6799093	1993	0.3509
f2f45a0e-2d4d-4f7f-a13e-1472fb2c1a36	7	6814479	6823062	3	-0.7421
f2f45a0e-2d4d-4f7f-a13e-1472fb2c1a36	7	6824452	6874832	16	0.284
f2f45a0e-2d4d-4f7f-a13e-1472fb2c1a36	7	6875096	6880649	5	-0.7268
f2f45a0e-2d4d-4f7f-a13e-1472fb2c1a36	7	6889070	9135141	1957	0.3473
f2f45a0e-2d4d-4f7f-a13e-1472fb2c1a36	7	9138746	9138993	4	-1.0277
f2f45a0e-2d4d-4f7f-a13e-1472fb2c1a36	7	9139659	11545282	1853	0.3337
f2f45a0e-2d4d-4f7f-a13e-1472fb2c1a36	7	11546664	17208127	4618	0.3761
f2f45a0e-2d4d-4f7f-a13e-1472fb2c1a36	7	17208320	21032449	3068	0.347
f2f45a0e-2d4d-4f7f-a13e-1472fb2c1a36	7	21033021	23105676	1625	0.4037
f2f45a0e-2d4d-4f7f-a13e-1472fb2c1a36	7	23106333	43580695	14460	0.3532
f2f45a0e-2d4d-4f7f-a13e-1472fb2c1a36	7	43588569	43591529	3	-0.7607
f2f45a0e-2d4d-4f7f-a13e-1472fb2c1a36	7	43591769	48624484	3237	0.3472
f2f45a0e-2d4d-4f7f-a13e-1472fb2c1a36	7	48627647	52311800	2724	0.4027
f2f45a0e-2d4d-4f7f-a13e-1472fb2c1a36	7	52313091	54782988	1812	0.4527
f2f45a0e-2d4d-4f7f-a13e-1472fb2c1a36	7	54788835	56038070	932	0.701
f2f45a0e-2d4d-4f7f-a13e-1472fb2c1a36	7	56041811	57891225	768	0.4563
f2f45a0e-2d4d-4f7f-a13e-1472fb2c1a36	7	57900929	57915018	2	-0.8347
f2f45a0e-2d4d-4f7f-a13e-1472fb2c1a36	7	57926885	62326769	33	0.3754
f2f45a0e-2d4d-4f7f-a13e-1472fb2c1a36	7	62332999	70724326	3917	0.1127
f2f45a0e-2d4d-4f7f-a13e-1472fb2c1a36	7	70732291	70737259	7	-0.8111
f2f45a0e-2d4d-4f7f-a13e-1472fb2c1a36	7	70737689	70955452	135	0.1557
f2f45a0e-2d4d-4f7f-a13e-1472fb2c1a36	7	70958264	70961155	2	-2.1426
f2f45a0e-2d4d-4f7f-a13e-1472fb2c1a36	7	70963257	89699449	10517	0.1046
f2f45a0e-2d4d-4f7f-a13e-1472fb2c1a36	7	89704359	89712670	7	-0.5648
f2f45a0e-2d4d-4f7f-a13e-1472fb2c1a36	7	89714952	97772620	5172	0.1043
f2f45a0e-2d4d-4f7f-a13e-1472fb2c1a36	7	97772647	97773163	7	-0.5454
f2f45a0e-2d4d-4f7f-a13e-1472fb2c1a36	7	97774928	109801155	6619	0.0921
f2f45a0e-2d4d-4f7f-a13e-1472fb2c1a36	7	109801187	109813853	11	0.5998
f2f45a0e-2d4d-4f7f-a13e-1472fb2c1a36	7	109813925	126405597	10024	0.1051
f2f45a0e-2d4d-4f7f-a13e-1472fb2c1a36	7	126405632	126406823	11	1.13
f2f45a0e-2d4d-4f7f-a13e-1472fb2c1a36	7	126406824	159334314	20819	0.0943
f2f45a0e-2d4d-4f7f-a13e-1472fb2c1a36	8	81254	303531	95	0.6694
f2f45a0e-2d4d-4f7f-a13e-1472fb2c1a36	8	308508	312188	9	-0.1649
f2f45a0e-2d4d-4f7f-a13e-1472fb2c1a36	8	315129	645220	221	0.6535
f2f45a0e-2d4d-4f7f-a13e-1472fb2c1a36	8	645443	645790	4	-0.3313
f2f45a0e-2d4d-4f7f-a13e-1472fb2c1a36	8	645875	772976	79	0.6592
f2f45a0e-2d4d-4f7f-a13e-1472fb2c1a36	8	780627	1483886	542	0.2377
f2f45a0e-2d4d-4f7f-a13e-1472fb2c1a36	8	1484527	1669225	162	0.4414
f2f45a0e-2d4d-4f7f-a13e-1472fb2c1a36	8	1671745	2195396	465	0.2189
f2f45a0e-2d4d-4f7f-a13e-1472fb2c1a36	8	2198621	2844412	462	0.0027
f2f45a0e-2d4d-4f7f-a13e-1472fb2c1a36	8	2846011	2846377	7	-1.5622
f2f45a0e-2d4d-4f7f-a13e-1472fb2c1a36	8	2849649	5207941	3238	-0.0021
f2f45a0e-2d4d-4f7f-a13e-1472fb2c1a36	8	5207974	6631212	1970	0.2636
f2f45a0e-2d4d-4f7f-a13e-1472fb2c1a36	8	6631400	6815022	166	-0.0049
f2f45a0e-2d4d-4f7f-a13e-1472fb2c1a36	8	6816936	7167045	298	-0.3091
f2f45a0e-2d4d-4f7f-a13e-1472fb2c1a36	8	7172468	8085660	65	0.2101
f2f45a0e-2d4d-4f7f-a13e-1472fb2c1a36	8	8101440	8104937	3	-1.1983
f2f45a0e-2d4d-4f7f-a13e-1472fb2c1a36	8	8110806	9627714	1335	0.0024
f2f45a0e-2d4d-4f7f-a13e-1472fb2c1a36	8	9634550	12545544	1938	0.2791
f2f45a0e-2d4d-4f7f-a13e-1472fb2c1a36	8	12545655	14045383	1382	0.0131
f2f45a0e-2d4d-4f7f-a13e-1472fb2c1a36	8	14045700	17434774	2985	-0.7673
f2f45a0e-2d4d-4f7f-a13e-1472fb2c1a36	8	17434957	17440144	4	-2.3108
f2f45a0e-2d4d-4f7f-a13e-1472fb2c1a36	8	17440184	21117725	3338	-0.8021
f2f45a0e-2d4d-4f7f-a13e-1472fb2c1a36	8	21119051	21291194	176	0.0106
f2f45a0e-2d4d-4f7f-a13e-1472fb2c1a36	8	21291832	21357583	49	0.4161
f2f45a0e-2d4d-4f7f-a13e-1472fb2c1a36	8	21357796	21382876	27	-0.0327
f2f45a0e-2d4d-4f7f-a13e-1472fb2c1a36	8	21383533	21982954	432	0.2779
f2f45a0e-2d4d-4f7f-a13e-1472fb2c1a36	8	21985217	23371945	735	-0.3473
f2f45a0e-2d4d-4f7f-a13e-1472fb2c1a36	8	23381854	23438140	45	-0.8297
f2f45a0e-2d4d-4f7f-a13e-1472fb2c1a36	8	23440041	23472789	14	0.0607
f2f45a0e-2d4d-4f7f-a13e-1472fb2c1a36	8	23473026	23489952	11	-0.185
f2f45a0e-2d4d-4f7f-a13e-1472fb2c1a36	8	23490338	23500730	7	0.1216
f2f45a0e-2d4d-4f7f-a13e-1472fb2c1a36	8	23502448	24313538	554	0.2733
f2f45a0e-2d4d-4f7f-a13e-1472fb2c1a36	8	24316355	25117007	634	-0.288
f2f45a0e-2d4d-4f7f-a13e-1472fb2c1a36	8	25117062	25126818	24	-1.4658
f2f45a0e-2d4d-4f7f-a13e-1472fb2c1a36	8	25133589	32821013	5419	-0.3124
f2f45a0e-2d4d-4f7f-a13e-1472fb2c1a36	8	32821032	32834820	17	0.1509
f2f45a0e-2d4d-4f7f-a13e-1472fb2c1a36	8	32834838	33781791	534	-0.2929
f2f45a0e-2d4d-4f7f-a13e-1472fb2c1a36	8	33785933	34439632	382	-0.7905
f2f45a0e-2d4d-4f7f-a13e-1472fb2c1a36	8	34444881	35465577	569	0.5133
f2f45a0e-2d4d-4f7f-a13e-1472fb2c1a36	8	35465892	35538629	35	0.8673
f2f45a0e-2d4d-4f7f-a13e-1472fb2c1a36	8	35541901	35564625	25	0.4068
f2f45a0e-2d4d-4f7f-a13e-1472fb2c1a36	8	35566276	39373140	2028	0.0048
f2f45a0e-2d4d-4f7f-a13e-1472fb2c1a36	8	39378084	39529446	58	-1.1289
f2f45a0e-2d4d-4f7f-a13e-1472fb2c1a36	8	39530780	46010698	2593	0.0085
f2f45a0e-2d4d-4f7f-a13e-1472fb2c1a36	8	46012500	46312772	88	0.3686
f2f45a0e-2d4d-4f7f-a13e-1472fb2c1a36	8	46326249	47519022	487	0.0311
f2f45a0e-2d4d-4f7f-a13e-1472fb2c1a36	8	47524366	48841054	642	0.2691
f2f45a0e-2d4d-4f7f-a13e-1472fb2c1a36	8	48843148	49204350	223	-0.0192
f2f45a0e-2d4d-4f7f-a13e-1472fb2c1a36	8	49205968	50119451	551	-0.3289
f2f45a0e-2d4d-4f7f-a13e-1472fb2c1a36	8	50119464	50119827	7	-1.6187
f2f45a0e-2d4d-4f7f-a13e-1472fb2c1a36	8	50126018	51224262	658	-0.3222
f2f45a0e-2d4d-4f7f-a13e-1472fb2c1a36	8	51227922	51484583	176	0.3416
f2f45a0e-2d4d-4f7f-a13e-1472fb2c1a36	8	51485019	51918618	289	0.7439
f2f45a0e-2d4d-4f7f-a13e-1472fb2c1a36	8	51923302	52175914	181	0.3681
f2f45a0e-2d4d-4f7f-a13e-1472fb2c1a36	8	52176351	53057414	597	0.7352
f2f45a0e-2d4d-4f7f-a13e-1472fb2c1a36	8	53060587	54047375	632	0.0279
f2f45a0e-2d4d-4f7f-a13e-1472fb2c1a36	8	54047641	54493694	303	0.2988
f2f45a0e-2d4d-4f7f-a13e-1472fb2c1a36	8	54501764	54999591	321	0.6806
f2f45a0e-2d4d-4f7f-a13e-1472fb2c1a36	8	55001444	55087572	43	0.9186
f2f45a0e-2d4d-4f7f-a13e-1472fb2c1a36	8	55089444	55379053	239	0.7129
f2f45a0e-2d4d-4f7f-a13e-1472fb2c1a36	8	55380119	55710429	256	0.9409
f2f45a0e-2d4d-4f7f-a13e-1472fb2c1a36	8	55714893	55759072	21	0.7186
f2f45a0e-2d4d-4f7f-a13e-1472fb2c1a36	8	55761165	55964201	133	0.5196
f2f45a0e-2d4d-4f7f-a13e-1472fb2c1a36	8	55968842	56190340	117	0.7924
f2f45a0e-2d4d-4f7f-a13e-1472fb2c1a36	8	56194095	56741888	324	0.922
f2f45a0e-2d4d-4f7f-a13e-1472fb2c1a36	8	56742371	57255297	335	1.1424
f2f45a0e-2d4d-4f7f-a13e-1472fb2c1a36	8	57256974	57900804	484	0.8686
f2f45a0e-2d4d-4f7f-a13e-1472fb2c1a36	8	57900891	58570402	502	1.1149
f2f45a0e-2d4d-4f7f-a13e-1472fb2c1a36	8	58570629	59531753	635	0.9981
f2f45a0e-2d4d-4f7f-a13e-1472fb2c1a36	8	59531958	59648024	54	0.7215
f2f45a0e-2d4d-4f7f-a13e-1472fb2c1a36	8	59650282	59802838	69	0.3738
f2f45a0e-2d4d-4f7f-a13e-1472fb2c1a36	8	59804807	60280481	335	0.9772
f2f45a0e-2d4d-4f7f-a13e-1472fb2c1a36	8	60280591	60803097	328	0.6895
f2f45a0e-2d4d-4f7f-a13e-1472fb2c1a36	8	60807805	61072108	193	0.9621
f2f45a0e-2d4d-4f7f-a13e-1472fb2c1a36	8	61074622	61403096	243	-0.7897
f2f45a0e-2d4d-4f7f-a13e-1472fb2c1a36	8	61403148	61407565	3	-3.0481
f2f45a0e-2d4d-4f7f-a13e-1472fb2c1a36	8	61412545	66522926	2979	-0.765
f2f45a0e-2d4d-4f7f-a13e-1472fb2c1a36	8	66523279	69537055	1794	-0.6931
f2f45a0e-2d4d-4f7f-a13e-1472fb2c1a36	8	69537836	69541272	4	-2.4503
f2f45a0e-2d4d-4f7f-a13e-1472fb2c1a36	8	69541898	83713011	8620	-0.6941
f2f45a0e-2d4d-4f7f-a13e-1472fb2c1a36	8	83713331	94545324	6241	-0.2624
f2f45a0e-2d4d-4f7f-a13e-1472fb2c1a36	8	94545374	94545764	6	0.704
f2f45a0e-2d4d-4f7f-a13e-1472fb2c1a36	8	94545887	104284313	6033	-0.267
f2f45a0e-2d4d-4f7f-a13e-1472fb2c1a36	8	104293696	114622325	6058	0.315
f2f45a0e-2d4d-4f7f-a13e-1472fb2c1a36	8	114622424	114629502	33	-0.2319
f2f45a0e-2d4d-4f7f-a13e-1472fb2c1a36	8	114638468	123054137	5732	0.302
f2f45a0e-2d4d-4f7f-a13e-1472fb2c1a36	8	123058192	123173236	91	1.2661
f2f45a0e-2d4d-4f7f-a13e-1472fb2c1a36	8	123173707	124616245	909	1.0693
f2f45a0e-2d4d-4f7f-a13e-1472fb2c1a36	8	124618378	124799035	140	0.8151
f2f45a0e-2d4d-4f7f-a13e-1472fb2c1a36	8	124803219	125078034	220	1.0409
f2f45a0e-2d4d-4f7f-a13e-1472fb2c1a36	8	125081202	126177235	785	0.8068
f2f45a0e-2d4d-4f7f-a13e-1472fb2c1a36	8	126177539	135622304	7204	0.4829
f2f45a0e-2d4d-4f7f-a13e-1472fb2c1a36	8	135622381	135719493	75	0.8283
f2f45a0e-2d4d-4f7f-a13e-1472fb2c1a36	8	135720168	136152398	373	1.0752
f2f45a0e-2d4d-4f7f-a13e-1472fb2c1a36	8	136152683	137414309	942	0.8053
f2f45a0e-2d4d-4f7f-a13e-1472fb2c1a36	8	137417748	137966533	477	1.1041
f2f45a0e-2d4d-4f7f-a13e-1472fb2c1a36	8	137966884	138436523	425	0.9656
f2f45a0e-2d4d-4f7f-a13e-1472fb2c1a36	8	138436555	138472742	26	0.6962
f2f45a0e-2d4d-4f7f-a13e-1472fb2c1a36	8	138472814	140653893	1681	1.1408
f2f45a0e-2d4d-4f7f-a13e-1472fb2c1a36	8	140660066	142662564	1108	0.4789
f2f45a0e-2d4d-4f7f-a13e-1472fb2c1a36	8	142668300	142668654	3	-0.5265
f2f45a0e-2d4d-4f7f-a13e-1472fb2c1a36	8	142670817	143616987	351	0.4243
f2f45a0e-2d4d-4f7f-a13e-1472fb2c1a36	8	143622987	143625638	9	-0.1952
f2f45a0e-2d4d-4f7f-a13e-1472fb2c1a36	8	143636819	144017679	106	0.4504
f2f45a0e-2d4d-4f7f-a13e-1472fb2c1a36	8	144044224	144600728	175	0.7806
f2f45a0e-2d4d-4f7f-a13e-1472fb2c1a36	8	144607334	144694333	33	0.5643
f2f45a0e-2d4d-4f7f-a13e-1472fb2c1a36	8	144695523	144783110	24	0.3413
f2f45a0e-2d4d-4f7f-a13e-1472fb2c1a36	8	144787653	145072769	166	0.6474
f2f45a0e-2d4d-4f7f-a13e-1472fb2c1a36	9	46587	186364	16	-0.2567
f2f45a0e-2d4d-4f7f-a13e-1472fb2c1a36	9	186580	1766169	1902	-0.7783
f2f45a0e-2d4d-4f7f-a13e-1472fb2c1a36	9	1766255	1766892	2	-2.8391
f2f45a0e-2d4d-4f7f-a13e-1472fb2c1a36	9	1771831	4978643	3137	-0.7995
f2f45a0e-2d4d-4f7f-a13e-1472fb2c1a36	9	4981269	5175243	247	-0.5665
f2f45a0e-2d4d-4f7f-a13e-1472fb2c1a36	9	5175288	9358633	3599	-0.7842
f2f45a0e-2d4d-4f7f-a13e-1472fb2c1a36	9	9361571	9423938	74	-1.6728
f2f45a0e-2d4d-4f7f-a13e-1472fb2c1a36	9	9424519	9776936	275	-0.8227
f2f45a0e-2d4d-4f7f-a13e-1472fb2c1a36	9	9777072	9795185	22	-3.7823
f2f45a0e-2d4d-4f7f-a13e-1472fb2c1a36	9	9795214	9938319	196	-0.6903
f2f45a0e-2d4d-4f7f-a13e-1472fb2c1a36	9	9938443	9944268	12	-1.6079
f2f45a0e-2d4d-4f7f-a13e-1472fb2c1a36	9	9944811	17006777	5908	-0.7809
f2f45a0e-2d4d-4f7f-a13e-1472fb2c1a36	9	17009349	17009504	3	-2.3439
f2f45a0e-2d4d-4f7f-a13e-1472fb2c1a36	9	17009656	17801557	616	-0.7267
f2f45a0e-2d4d-4f7f-a13e-1472fb2c1a36	9	17804529	19562819	1541	-0.2733
f2f45a0e-2d4d-4f7f-a13e-1472fb2c1a36	9	19565590	20208014	527	0.0763
f2f45a0e-2d4d-4f7f-a13e-1472fb2c1a36	9	20208827	22432667	1680	-0.2641
f2f45a0e-2d4d-4f7f-a13e-1472fb2c1a36	9	22446298	23143753	456	-0.742
f2f45a0e-2d4d-4f7f-a13e-1472fb2c1a36	9	23145943	25480754	1681	-0.4177
f2f45a0e-2d4d-4f7f-a13e-1472fb2c1a36	9	25480911	26034130	389	-0.7919
f2f45a0e-2d4d-4f7f-a13e-1472fb2c1a36	9	26034316	26037839	4	-2.0146
f2f45a0e-2d4d-4f7f-a13e-1472fb2c1a36	9	26037976	27379066	1020	-0.764
f2f45a0e-2d4d-4f7f-a13e-1472fb2c1a36	9	27381466	27496720	106	-0.4909
f2f45a0e-2d4d-4f7f-a13e-1472fb2c1a36	9	27497990	27499629	4	0.2448
f2f45a0e-2d4d-4f7f-a13e-1472fb2c1a36	9	27502079	27558920	39	-0.5187
f2f45a0e-2d4d-4f7f-a13e-1472fb2c1a36	9	27560676	28298783	674	-0.2116
f2f45a0e-2d4d-4f7f-a13e-1472fb2c1a36	9	28303008	29202018	643	-0.0946
f2f45a0e-2d4d-4f7f-a13e-1472fb2c1a36	9	29202338	29635396	295	0.2203
f2f45a0e-2d4d-4f7f-a13e-1472fb2c1a36	9	29635698	29708356	49	0.4824
f2f45a0e-2d4d-4f7f-a13e-1472fb2c1a36	9	29710137	30547731	594	0.2233
f2f45a0e-2d4d-4f7f-a13e-1472fb2c1a36	9	30549416	32886641	1663	0.087
f2f45a0e-2d4d-4f7f-a13e-1472fb2c1a36	9	32888522	32891043	12	0.2651
f2f45a0e-2d4d-4f7f-a13e-1472fb2c1a36	9	32894711	33340312	352	-0.294
f2f45a0e-2d4d-4f7f-a13e-1472fb2c1a36	9	33343051	35785291	1266	0.0446
f2f45a0e-2d4d-4f7f-a13e-1472fb2c1a36	9	35786315	37076791	869	-0.3021
f2f45a0e-2d4d-4f7f-a13e-1472fb2c1a36	9	37086999	39134929	1184	-0.761
f2f45a0e-2d4d-4f7f-a13e-1472fb2c1a36	9	39135456	39588611	44	-0.2105
f2f45a0e-2d4d-4f7f-a13e-1472fb2c1a36	9	39747848	40099921	8	0.8286
f2f45a0e-2d4d-4f7f-a13e-1472fb2c1a36	9	40189830	41451846	65	-0.2437
f2f45a0e-2d4d-4f7f-a13e-1472fb2c1a36	9	41473331	41666811	27	0.2236
f2f45a0e-2d4d-4f7f-a13e-1472fb2c1a36	9	41703463	42014203	6	-0.3742
f2f45a0e-2d4d-4f7f-a13e-1472fb2c1a36	9	42037471	42164177	19	-1.1358
f2f45a0e-2d4d-4f7f-a13e-1472fb2c1a36	9	42179276	42546668	16	-0.5792
f2f45a0e-2d4d-4f7f-a13e-1472fb2c1a36	9	42566207	82776771	10624	-0.2958
f2f45a0e-2d4d-4f7f-a13e-1472fb2c1a36	9	82778402	82785759	6	-1.3752
f2f45a0e-2d4d-4f7f-a13e-1472fb2c1a36	9	82788374	87007709	3048	-0.3067
f2f45a0e-2d4d-4f7f-a13e-1472fb2c1a36	9	87010749	87016052	2	-1.8599
f2f45a0e-2d4d-4f7f-a13e-1472fb2c1a36	9	87017299	87907679	780	-0.3095
f2f45a0e-2d4d-4f7f-a13e-1472fb2c1a36	9	87939236	87939304	2	-1.8654
f2f45a0e-2d4d-4f7f-a13e-1472fb2c1a36	9	87943042	93707815	3899	-0.3157
f2f45a0e-2d4d-4f7f-a13e-1472fb2c1a36	9	93708429	93708675	2	-2.1742
f2f45a0e-2d4d-4f7f-a13e-1472fb2c1a36	9	93710664	103804216	6685	-0.3014
f2f45a0e-2d4d-4f7f-a13e-1472fb2c1a36	9	103806415	103807009	2	-2.4685
f2f45a0e-2d4d-4f7f-a13e-1472fb2c1a36	9	103808421	119919553	12652	-0.3033
f2f45a0e-2d4d-4f7f-a13e-1472fb2c1a36	9	119922689	135122081	9192	-0.3393
f2f45a0e-2d4d-4f7f-a13e-1472fb2c1a36	9	135125009	135134481	6	0.4718
f2f45a0e-2d4d-4f7f-a13e-1472fb2c1a36	9	135135004	135248156	88	-0.3858
f2f45a0e-2d4d-4f7f-a13e-1472fb2c1a36	9	135259826	135418642	116	0.2472
f2f45a0e-2d4d-4f7f-a13e-1472fb2c1a36	9	135419715	138109494	979	-0.3445
f2f45a0e-2d4d-4f7f-a13e-1472fb2c1a36	9	138109536	138138696	47	-0.0708
f2f45a0e-2d4d-4f7f-a13e-1472fb2c1a36	9	138151368	138200944	10	-0.5689
f2f45a0e-2d4d-4f7f-a13e-1472fb2c1a36	10	45792	751569	414	0.0243
f2f45a0e-2d4d-4f7f-a13e-1472fb2c1a36	10	752021	754237	3	-2.2874
f2f45a0e-2d4d-4f7f-a13e-1472fb2c1a36	10	754273	3076679	2090	0.0131
f2f45a0e-2d4d-4f7f-a13e-1472fb2c1a36	10	3080570	8193836	4535	-0.014
f2f45a0e-2d4d-4f7f-a13e-1472fb2c1a36	10	8194201	26934974	14134	0.0119
f2f45a0e-2d4d-4f7f-a13e-1472fb2c1a36	10	26936975	26939544	13	0.44
f2f45a0e-2d4d-4f7f-a13e-1472fb2c1a36	10	26941064	27098354	95	0.0542
f2f45a0e-2d4d-4f7f-a13e-1472fb2c1a36	10	27101749	27103742	4	-1.1482
f2f45a0e-2d4d-4f7f-a13e-1472fb2c1a36	10	27108071	27145787	19	0.0689
f2f45a0e-2d4d-4f7f-a13e-1472fb2c1a36	10	27146039	27150830	2	-1.1832
f2f45a0e-2d4d-4f7f-a13e-1472fb2c1a36	10	27152289	35680642	5950	0.0013
f2f45a0e-2d4d-4f7f-a13e-1472fb2c1a36	10	35682762	36462385	622	0.0692
f2f45a0e-2d4d-4f7f-a13e-1472fb2c1a36	10	36464285	42125733	1184	0.019
f2f45a0e-2d4d-4f7f-a13e-1472fb2c1a36	10	42127710	54685856	7793	-0.3222
f2f45a0e-2d4d-4f7f-a13e-1472fb2c1a36	10	54693189	54708677	13	0.3444
f2f45a0e-2d4d-4f7f-a13e-1472fb2c1a36	10	54712504	55691907	663	-0.3148
f2f45a0e-2d4d-4f7f-a13e-1472fb2c1a36	10	55697014	55875617	144	-0.4607
f2f45a0e-2d4d-4f7f-a13e-1472fb2c1a36	10	55878059	59605153	2679	-0.2911
f2f45a0e-2d4d-4f7f-a13e-1472fb2c1a36	10	59605316	59606636	11	0.2837
f2f45a0e-2d4d-4f7f-a13e-1472fb2c1a36	10	59606737	65540090	4009	-0.3088
f2f45a0e-2d4d-4f7f-a13e-1472fb2c1a36	10	65540316	65565695	38	0.0506
f2f45a0e-2d4d-4f7f-a13e-1472fb2c1a36	10	65566308	76493093	6782	-0.3291
f2f45a0e-2d4d-4f7f-a13e-1472fb2c1a36	10	76497303	76497852	2	1.3666
f2f45a0e-2d4d-4f7f-a13e-1472fb2c1a36	10	76501509	109877584	22233	-0.3168
f2f45a0e-2d4d-4f7f-a13e-1472fb2c1a36	10	109883440	111736637	1265	-0.7833
f2f45a0e-2d4d-4f7f-a13e-1472fb2c1a36	10	111736768	116351253	3247	-0.3101
f2f45a0e-2d4d-4f7f-a13e-1472fb2c1a36	10	116351769	116538798	129	-0.7938
f2f45a0e-2d4d-4f7f-a13e-1472fb2c1a36	10	116539194	117860027	933	-0.3036
f2f45a0e-2d4d-4f7f-a13e-1472fb2c1a36	10	117861985	122853884	3882	-0.7829
f2f45a0e-2d4d-4f7f-a13e-1472fb2c1a36	10	122854543	123134653	184	-0.0003
f2f45a0e-2d4d-4f7f-a13e-1472fb2c1a36	10	123150352	123170175	19	-0.309
f2f45a0e-2d4d-4f7f-a13e-1472fb2c1a36	10	123170247	123652693	452	0.0032
f2f45a0e-2d4d-4f7f-a13e-1472fb2c1a36	10	123656745	124329222	378	-0.3343
f2f45a0e-2d4d-4f7f-a13e-1472fb2c1a36	10	124334534	124466230	80	-0.7831
f2f45a0e-2d4d-4f7f-a13e-1472fb2c1a36	10	124468455	125691422	799	-0.3407
f2f45a0e-2d4d-4f7f-a13e-1472fb2c1a36	10	125700123	133654968	5770	-0.811
f2f45a0e-2d4d-4f7f-a13e-1472fb2c1a36	11	198510	3466435	1295	-0.3298
f2f45a0e-2d4d-4f7f-a13e-1472fb2c1a36	11	3467200	3467311	2	-2.4175
f2f45a0e-2d4d-4f7f-a13e-1472fb2c1a36	11	3485296	4274526	452	-0.3417
f2f45a0e-2d4d-4f7f-a13e-1472fb2c1a36	11	4280126	4280146	3	-1.5729
f2f45a0e-2d4d-4f7f-a13e-1472fb2c1a36	11	4280161	4949137	671	-0.3253
f2f45a0e-2d4d-4f7f-a13e-1472fb2c1a36	11	4950775	4955042	23	-0.9949
f2f45a0e-2d4d-4f7f-a13e-1472fb2c1a36	11	4955781	5768511	786	-0.3333
f2f45a0e-2d4d-4f7f-a13e-1472fb2c1a36	11	5768639	5787909	27	0.1686
f2f45a0e-2d4d-4f7f-a13e-1472fb2c1a36	11	5788108	20262238	10666	-0.3313
f2f45a0e-2d4d-4f7f-a13e-1472fb2c1a36	11	20262712	20262874	2	-1.7327
f2f45a0e-2d4d-4f7f-a13e-1472fb2c1a36	11	20264053	20822345	454	-0.3184
f2f45a0e-2d4d-4f7f-a13e-1472fb2c1a36	11	20823306	20828212	3	-2.1044
f2f45a0e-2d4d-4f7f-a13e-1472fb2c1a36	11	20828684	22322609	1216	-0.3217
f2f45a0e-2d4d-4f7f-a13e-1472fb2c1a36	11	22329922	22330059	2	-2.1144
f2f45a0e-2d4d-4f7f-a13e-1472fb2c1a36	11	22333699	25633389	2393	-0.3029
f2f45a0e-2d4d-4f7f-a13e-1472fb2c1a36	11	25633667	25639130	2	-2.1392
f2f45a0e-2d4d-4f7f-a13e-1472fb2c1a36	11	25641188	31275062	3762	-0.2999
f2f45a0e-2d4d-4f7f-a13e-1472fb2c1a36	11	31279483	31377185	32	0.1479
f2f45a0e-2d4d-4f7f-a13e-1472fb2c1a36	11	31379253	32245156	565	-0.3136
f2f45a0e-2d4d-4f7f-a13e-1472fb2c1a36	11	32245313	38019093	4366	0.0127
f2f45a0e-2d4d-4f7f-a13e-1472fb2c1a36	11	38025270	38153698	58	-0.276
f2f45a0e-2d4d-4f7f-a13e-1472fb2c1a36	11	38153750	44494685	4297	0.017
f2f45a0e-2d4d-4f7f-a13e-1472fb2c1a36	11	44498008	44733328	187	-0.3727
f2f45a0e-2d4d-4f7f-a13e-1472fb2c1a36	11	44734012	44747155	6	0.1145
f2f45a0e-2d4d-4f7f-a13e-1472fb2c1a36	11	44747482	49737435	2460	0.238
f2f45a0e-2d4d-4f7f-a13e-1472fb2c1a36	11	49738003	49739136	6	-0.6046
f2f45a0e-2d4d-4f7f-a13e-1472fb2c1a36	11	49744609	55595864	722	0.2302
f2f45a0e-2d4d-4f7f-a13e-1472fb2c1a36	11	55606556	55672514	47	0.5611
f2f45a0e-2d4d-4f7f-a13e-1472fb2c1a36	11	55674842	78981690	12226	0.2286
f2f45a0e-2d4d-4f7f-a13e-1472fb2c1a36	11	78981763	86176915	5221	0.266
f2f45a0e-2d4d-4f7f-a13e-1472fb2c1a36	11	86178616	86187779	17	-0.304
f2f45a0e-2d4d-4f7f-a13e-1472fb2c1a36	11	86188770	89741663	2390	0.2691
f2f45a0e-2d4d-4f7f-a13e-1472fb2c1a36	11	89754781	89834373	13	-0.4044
f2f45a0e-2d4d-4f7f-a13e-1472fb2c1a36	11	89847184	91777510	1176	0.2737
f2f45a0e-2d4d-4f7f-a13e-1472fb2c1a36	11	91778592	91790361	18	0.6683
f2f45a0e-2d4d-4f7f-a13e-1472fb2c1a36	11	91791316	96063125	3125	0.2673
f2f45a0e-2d4d-4f7f-a13e-1472fb2c1a36	11	96063292	96171627	117	-0.0089
f2f45a0e-2d4d-4f7f-a13e-1472fb2c1a36	11	96171670	103481918	5388	0.2746
f2f45a0e-2d4d-4f7f-a13e-1472fb2c1a36	11	103486745	103487363	2	-0.9129
f2f45a0e-2d4d-4f7f-a13e-1472fb2c1a36	11	103488720	116799049	9097	0.2717
f2f45a0e-2d4d-4f7f-a13e-1472fb2c1a36	11	116799466	129380632	9182	0.245
f2f45a0e-2d4d-4f7f-a13e-1472fb2c1a36	11	129381897	135074876	4305	0.279
f2f45a0e-2d4d-4f7f-a13e-1472fb2c1a36	12	51460	760112	421	-0.2589
f2f45a0e-2d4d-4f7f-a13e-1472fb2c1a36	12	760150	764338	12	-1.1572
f2f45a0e-2d4d-4f7f-a13e-1472fb2c1a36	12	764778	2141912	842	-0.3132
f2f45a0e-2d4d-4f7f-a13e-1472fb2c1a36	12	2142145	2145174	20	0.113
f2f45a0e-2d4d-4f7f-a13e-1472fb2c1a36	12	2145284	9477960	4875	-0.3258
f2f45a0e-2d4d-4f7f-a13e-1472fb2c1a36	12	9481274	9582374	26	0.5325
f2f45a0e-2d4d-4f7f-a13e-1472fb2c1a36	12	9583090	23385056	9344	-0.3017
f2f45a0e-2d4d-4f7f-a13e-1472fb2c1a36	12	23394881	23558285	89	0.0452
f2f45a0e-2d4d-4f7f-a13e-1472fb2c1a36	12	23560643	37464142	7951	-0.3082
f2f45a0e-2d4d-4f7f-a13e-1472fb2c1a36	12	37469922	45506042	4795	-0.0076
f2f45a0e-2d4d-4f7f-a13e-1472fb2c1a36	12	45510655	45515754	4	-1.7139
f2f45a0e-2d4d-4f7f-a13e-1472fb2c1a36	12	45519509	58074548	6994	-0.041
f2f45a0e-2d4d-4f7f-a13e-1472fb2c1a36	12	58074861	70478078	8170	-0.0182
f2f45a0e-2d4d-4f7f-a13e-1472fb2c1a36	12	70478895	70483970	5	-0.9295
f2f45a0e-2d4d-4f7f-a13e-1472fb2c1a36	12	70483985	104270014	21638	-0.0096
f2f45a0e-2d4d-4f7f-a13e-1472fb2c1a36	12	104274766	111534475	4723	-0.0384
f2f45a0e-2d4d-4f7f-a13e-1472fb2c1a36	12	111540340	111542193	3	-1.4889
f2f45a0e-2d4d-4f7f-a13e-1472fb2c1a36	12	111546903	119895979	6061	-0.0178
f2f45a0e-2d4d-4f7f-a13e-1472fb2c1a36	12	119899440	124653032	2273	-0.0688
f2f45a0e-2d4d-4f7f-a13e-1472fb2c1a36	12	124654100	126827379	1755	-0.0195
f2f45a0e-2d4d-4f7f-a13e-1472fb2c1a36	12	126827938	126830459	7	-1.1696
f2f45a0e-2d4d-4f7f-a13e-1472fb2c1a36	12	126832742	131613371	4191	-0.0198
f2f45a0e-2d4d-4f7f-a13e-1472fb2c1a36	12	131613387	131681750	45	-0.3887
f2f45a0e-2d4d-4f7f-a13e-1472fb2c1a36	12	131685523	132859052	385	-0.8052
f2f45a0e-2d4d-4f7f-a13e-1472fb2c1a36	12	132861306	133002511	49	-0.619
f2f45a0e-2d4d-4f7f-a13e-1472fb2c1a36	12	133005748	133047361	46	-0.2986
f2f45a0e-2d4d-4f7f-a13e-1472fb2c1a36	12	133049381	133201603	64	-0.7587
f2f45a0e-2d4d-4f7f-a13e-1472fb2c1a36	13	18452809	18623776	19	-0.1908
f2f45a0e-2d4d-4f7f-a13e-1472fb2c1a36	13	18631944	37497899	13417	-0.7842
f2f45a0e-2d4d-4f7f-a13e-1472fb2c1a36	13	37498087	37510620	15	-2.0334
f2f45a0e-2d4d-4f7f-a13e-1472fb2c1a36	13	37514193	48474604	7633	-0.7709
f2f45a0e-2d4d-4f7f-a13e-1472fb2c1a36	13	48474621	48491087	15	-1.4145
f2f45a0e-2d4d-4f7f-a13e-1472fb2c1a36	13	48491429	48536564	26	-3.1966
f2f45a0e-2d4d-4f7f-a13e-1472fb2c1a36	13	48541715	49145839	403	-1.4986
f2f45a0e-2d4d-4f7f-a13e-1472fb2c1a36	13	49152213	49259407	43	-0.764
f2f45a0e-2d4d-4f7f-a13e-1472fb2c1a36	13	49260674	50970918	965	-0.3235
f2f45a0e-2d4d-4f7f-a13e-1472fb2c1a36	13	50972775	50975062	2	1.6564
f2f45a0e-2d4d-4f7f-a13e-1472fb2c1a36	13	50975421	57176962	3407	-0.3064
f2f45a0e-2d4d-4f7f-a13e-1472fb2c1a36	13	57184136	57204246	34	-1.9174
f2f45a0e-2d4d-4f7f-a13e-1472fb2c1a36	13	57215580	61856364	2816	-0.296
f2f45a0e-2d4d-4f7f-a13e-1472fb2c1a36	13	61865105	62003880	68	0.5483
f2f45a0e-2d4d-4f7f-a13e-1472fb2c1a36	13	62010420	62695767	354	0.2759
f2f45a0e-2d4d-4f7f-a13e-1472fb2c1a36	13	62700285	63532845	488	-0.026
f2f45a0e-2d4d-4f7f-a13e-1472fb2c1a36	13	63534155	63535303	2	0.6539
f2f45a0e-2d4d-4f7f-a13e-1472fb2c1a36	13	63540694	65234778	988	-0.3384
f2f45a0e-2d4d-4f7f-a13e-1472fb2c1a36	13	65236764	65237106	2	-2.1606
f2f45a0e-2d4d-4f7f-a13e-1472fb2c1a36	13	65237579	71310413	3928	-0.3043
f2f45a0e-2d4d-4f7f-a13e-1472fb2c1a36	13	71313177	71313424	2	-2.1626
f2f45a0e-2d4d-4f7f-a13e-1472fb2c1a36	13	71315735	71644760	174	-0.2996
f2f45a0e-2d4d-4f7f-a13e-1472fb2c1a36	13	71645140	71645236	2	-1.4571
f2f45a0e-2d4d-4f7f-a13e-1472fb2c1a36	13	71648388	71902850	158	-0.3148
f2f45a0e-2d4d-4f7f-a13e-1472fb2c1a36	13	71903417	71906418	4	0.7936
f2f45a0e-2d4d-4f7f-a13e-1472fb2c1a36	13	71906467	71940495	33	-0.452
f2f45a0e-2d4d-4f7f-a13e-1472fb2c1a36	13	71948319	78368080	4592	0.278
f2f45a0e-2d4d-4f7f-a13e-1472fb2c1a36	13	78375026	78539365	161	-0.2975
f2f45a0e-2d4d-4f7f-a13e-1472fb2c1a36	13	78539838	81719840	1996	0.2856
f2f45a0e-2d4d-4f7f-a13e-1472fb2c1a36	13	81720204	81927384	133	0.7117
f2f45a0e-2d4d-4f7f-a13e-1472fb2c1a36	13	81929828	84778296	1755	-0.3092
f2f45a0e-2d4d-4f7f-a13e-1472fb2c1a36	13	84782323	85877043	750	0.2945
f2f45a0e-2d4d-4f7f-a13e-1472fb2c1a36	13	85879364	103544009	11753	-0.3096
f2f45a0e-2d4d-4f7f-a13e-1472fb2c1a36	13	103544118	114042521	7764	0.0132
f2f45a0e-2d4d-4f7f-a13e-1472fb2c1a36	13	114052113	114055515	2	-1.3094
f2f45a0e-2d4d-4f7f-a13e-1472fb2c1a36	13	114055701	114342922	135	0.004
f2f45a0e-2d4d-4f7f-a13e-1472fb2c1a36	14	18239283	19298389	48	-0.3102
f2f45a0e-2d4d-4f7f-a13e-1472fb2c1a36	14	19326853	20033191	173	-0.0691
f2f45a0e-2d4d-4f7f-a13e-1472fb2c1a36	14	20033209	40139724	12816	0.0226
f2f45a0e-2d4d-4f7f-a13e-1472fb2c1a36	14	40144718	40147715	2	1.4003
f2f45a0e-2d4d-4f7f-a13e-1472fb2c1a36	14	40148961	56663685	10523	0.013
f2f45a0e-2d4d-4f7f-a13e-1472fb2c1a36	14	56664069	56664259	2	-1.3459
f2f45a0e-2d4d-4f7f-a13e-1472fb2c1a36	14	56675149	64577478	5051	0.0179
f2f45a0e-2d4d-4f7f-a13e-1472fb2c1a36	14	64579446	68675363	2407	-0.0231
f2f45a0e-2d4d-4f7f-a13e-1472fb2c1a36	14	68676377	77785574	5840	-0.333
f2f45a0e-2d4d-4f7f-a13e-1472fb2c1a36	14	77785719	82834478	3463	-0.3063
f2f45a0e-2d4d-4f7f-a13e-1472fb2c1a36	14	82834764	82837989	3	-1.555
f2f45a0e-2d4d-4f7f-a13e-1472fb2c1a36	14	82838328	87830909	3319	-0.3065
f2f45a0e-2d4d-4f7f-a13e-1472fb2c1a36	14	87831025	89365745	1022	-0.3395
f2f45a0e-2d4d-4f7f-a13e-1472fb2c1a36	14	89367791	89368038	2	-1.7173
f2f45a0e-2d4d-4f7f-a13e-1472fb2c1a36	14	89369379	105809007	10240	-0.3428
f2f45a0e-2d4d-4f7f-a13e-1472fb2c1a36	14	105812977	106365807	185	-0.1381
f2f45a0e-2d4d-4f7f-a13e-1472fb2c1a36	14	106369985	106416146	26	-0.4062
f2f45a0e-2d4d-4f7f-a13e-1472fb2c1a36	14	106418444	106462169	48	-1.8057
f2f45a0e-2d4d-4f7f-a13e-1472fb2c1a36	14	106462183	106877229	196	-0.3747
f2f45a0e-2d4d-4f7f-a13e-1472fb2c1a36	15	19811075	20001686	45	-0.3584
f2f45a0e-2d4d-4f7f-a13e-1472fb2c1a36	15	20011702	21417107	130	-0.1003
f2f45a0e-2d4d-4f7f-a13e-1472fb2c1a36	15	21975606	30199184	4653	-0.3566
f2f45a0e-2d4d-4f7f-a13e-1472fb2c1a36	15	30201158	30300815	16	-1.1092
f2f45a0e-2d4d-4f7f-a13e-1472fb2c1a36	15	30304026	51753392	13028	-0.366
f2f45a0e-2d4d-4f7f-a13e-1472fb2c1a36	15	51754162	63053131	8242	0.2434
f2f45a0e-2d4d-4f7f-a13e-1472fb2c1a36	15	63053327	70249869	4365	0.1967
f2f45a0e-2d4d-4f7f-a13e-1472fb2c1a36	15	70250251	73364427	1834	0.2374
f2f45a0e-2d4d-4f7f-a13e-1472fb2c1a36	15	73370973	76599170	1581	0.2014
f2f45a0e-2d4d-4f7f-a13e-1472fb2c1a36	15	76599286	76603434	20	-1.7272
f2f45a0e-2d4d-4f7f-a13e-1472fb2c1a36	15	76609838	93310656	11146	0.2244
f2f45a0e-2d4d-4f7f-a13e-1472fb2c1a36	15	93312082	93314323	2	-2.4035
f2f45a0e-2d4d-4f7f-a13e-1472fb2c1a36	15	93319185	101888834	6458	0.2418
f2f45a0e-2d4d-4f7f-a13e-1472fb2c1a36	15	101888850	101928837	7	-0.4899
f2f45a0e-2d4d-4f7f-a13e-1472fb2c1a36	16	10777	836376	327	0.0671
f2f45a0e-2d4d-4f7f-a13e-1472fb2c1a36	16	848328	5146897	1893	-0.0214
f2f45a0e-2d4d-4f7f-a13e-1472fb2c1a36	16	5150514	9010273	4302	0.024
f2f45a0e-2d4d-4f7f-a13e-1472fb2c1a36	16	9013154	9029551	12	-1.19
f2f45a0e-2d4d-4f7f-a13e-1472fb2c1a36	16	9039805	19938352	6942	0.0157
f2f45a0e-2d4d-4f7f-a13e-1472fb2c1a36	16	19942080	19956040	19	0.506
f2f45a0e-2d4d-4f7f-a13e-1472fb2c1a36	16	19958932	21509217	895	0.0152
f2f45a0e-2d4d-4f7f-a13e-1472fb2c1a36	16	21521901	21525404	3	-0.9802
f2f45a0e-2d4d-4f7f-a13e-1472fb2c1a36	16	21525880	22546611	379	0.011
f2f45a0e-2d4d-4f7f-a13e-1472fb2c1a36	16	22546990	22693199	71	-0.2752
f2f45a0e-2d4d-4f7f-a13e-1472fb2c1a36	16	22699421	35225338	5322	0.0011
f2f45a0e-2d4d-4f7f-a13e-1472fb2c1a36	16	35232200	35562371	191	-0.1227
f2f45a0e-2d4d-4f7f-a13e-1472fb2c1a36	16	35562929	55762682	6577	0.0147
f2f45a0e-2d4d-4f7f-a13e-1472fb2c1a36	16	55764310	55764867	3	2.4853
f2f45a0e-2d4d-4f7f-a13e-1472fb2c1a36	16	55770436	78337711	14290	0.0199
f2f45a0e-2d4d-4f7f-a13e-1472fb2c1a36	16	78338543	78350841	16	-1.5763
f2f45a0e-2d4d-4f7f-a13e-1472fb2c1a36	16	78350868	90096867	10609	0.0135
f2f45a0e-2d4d-4f7f-a13e-1472fb2c1a36	17	150733	13252736	8112	-0.2737
f2f45a0e-2d4d-4f7f-a13e-1472fb2c1a36	17	13252796	13252815	2	-2.6984
f2f45a0e-2d4d-4f7f-a13e-1472fb2c1a36	17	13252926	16806426	2362	-0.2643
f2f45a0e-2d4d-4f7f-a13e-1472fb2c1a36	17	16815664	16853833	8	0.3076
f2f45a0e-2d4d-4f7f-a13e-1472fb2c1a36	17	16866487	16947824	54	-0.2743
f2f45a0e-2d4d-4f7f-a13e-1472fb2c1a36	17	16948028	16948268	2	-2.0393
f2f45a0e-2d4d-4f7f-a13e-1472fb2c1a36	17	16952030	18346132	794	-0.2995
f2f45a0e-2d4d-4f7f-a13e-1472fb2c1a36	17	18346297	32670595	4241	0.2673
f2f45a0e-2d4d-4f7f-a13e-1472fb2c1a36	17	32671788	34258092	1397	0.3116
f2f45a0e-2d4d-4f7f-a13e-1472fb2c1a36	17	34258668	34261389	6	-0.2478
f2f45a0e-2d4d-4f7f-a13e-1472fb2c1a36	17	34262287	34935363	583	0.325
f2f45a0e-2d4d-4f7f-a13e-1472fb2c1a36	17	34941290	36109315	687	0.2726
f2f45a0e-2d4d-4f7f-a13e-1472fb2c1a36	17	36109735	36157718	35	1.0266
f2f45a0e-2d4d-4f7f-a13e-1472fb2c1a36	17	36200725	36874595	353	0.3115
f2f45a0e-2d4d-4f7f-a13e-1472fb2c1a36	17	36874961	40579450	1714	0.2542
f2f45a0e-2d4d-4f7f-a13e-1472fb2c1a36	17	40579979	41266838	461	0.3309
f2f45a0e-2d4d-4f7f-a13e-1472fb2c1a36	17	41266851	41274279	19	0.8014
f2f45a0e-2d4d-4f7f-a13e-1472fb2c1a36	17	41276472	45577724	2156	0.2547
f2f45a0e-2d4d-4f7f-a13e-1472fb2c1a36	17	45579014	45582060	6	-0.7853
f2f45a0e-2d4d-4f7f-a13e-1472fb2c1a36	17	45587327	46085732	337	0.3465
f2f45a0e-2d4d-4f7f-a13e-1472fb2c1a36	17	46088437	46284643	122	-0.0893
f2f45a0e-2d4d-4f7f-a13e-1472fb2c1a36	17	46284997	46446360	6	1.2037
f2f45a0e-2d4d-4f7f-a13e-1472fb2c1a36	17	46569894	51251245	2341	0.2593
f2f45a0e-2d4d-4f7f-a13e-1472fb2c1a36	17	51251266	52931407	1268	0.3227
f2f45a0e-2d4d-4f7f-a13e-1472fb2c1a36	17	52931960	53603175	440	0.2641
f2f45a0e-2d4d-4f7f-a13e-1472fb2c1a36	17	53609609	53756143	87	0.6597
f2f45a0e-2d4d-4f7f-a13e-1472fb2c1a36	17	53762042	54260043	331	0.3182
f2f45a0e-2d4d-4f7f-a13e-1472fb2c1a36	17	54260303	54335652	27	0.7296
f2f45a0e-2d4d-4f7f-a13e-1472fb2c1a36	17	54338603	54434453	40	0.9753
f2f45a0e-2d4d-4f7f-a13e-1472fb2c1a36	17	54441533	54914989	358	0.3324
f2f45a0e-2d4d-4f7f-a13e-1472fb2c1a36	17	54921830	55243637	206	-0.2425
f2f45a0e-2d4d-4f7f-a13e-1472fb2c1a36	17	55246286	55338737	84	0.3397
f2f45a0e-2d4d-4f7f-a13e-1472fb2c1a36	17	55340998	55379223	41	0.7281
f2f45a0e-2d4d-4f7f-a13e-1472fb2c1a36	17	55380390	55550124	124	0.2597
f2f45a0e-2d4d-4f7f-a13e-1472fb2c1a36	17	55555543	57565765	1635	0.658
f2f45a0e-2d4d-4f7f-a13e-1472fb2c1a36	17	57566834	57610128	21	0.2769
f2f45a0e-2d4d-4f7f-a13e-1472fb2c1a36	17	57610972	57611632	2	-0.8702
f2f45a0e-2d4d-4f7f-a13e-1472fb2c1a36	17	57614632	58399459	507	0.2746
f2f45a0e-2d4d-4f7f-a13e-1472fb2c1a36	17	58404583	58453129	31	0.6491
f2f45a0e-2d4d-4f7f-a13e-1472fb2c1a36	17	58458360	58850431	177	0.2243
f2f45a0e-2d4d-4f7f-a13e-1472fb2c1a36	17	58857443	59254856	162	0.6178
f2f45a0e-2d4d-4f7f-a13e-1472fb2c1a36	17	59257426	69352023	5472	0.2996
f2f45a0e-2d4d-4f7f-a13e-1472fb2c1a36	17	69352351	74001765	3577	0.3291
f2f45a0e-2d4d-4f7f-a13e-1472fb2c1a36	17	74003028	74381379	247	0.411
f2f45a0e-2d4d-4f7f-a13e-1472fb2c1a36	17	74383030	74383559	2	-0.6085
f2f45a0e-2d4d-4f7f-a13e-1472fb2c1a36	17	74383609	74680224	189	0.4123
f2f45a0e-2d4d-4f7f-a13e-1472fb2c1a36	17	74681173	80655063	3246	0.2956
f2f45a0e-2d4d-4f7f-a13e-1472fb2c1a36	17	80655993	80660379	2	1.6815
f2f45a0e-2d4d-4f7f-a13e-1472fb2c1a36	17	80660500	80717512	30	0.4924
f2f45a0e-2d4d-4f7f-a13e-1472fb2c1a36	17	80718204	83071333	914	0.2779
f2f45a0e-2d4d-4f7f-a13e-1472fb2c1a36	17	83071714	83091923	6	0.5703
f2f45a0e-2d4d-4f7f-a13e-1472fb2c1a36	18	48133	5994824	4266	0.2192
f2f45a0e-2d4d-4f7f-a13e-1472fb2c1a36	18	5995277	13937455	5661	0.2486
f2f45a0e-2d4d-4f7f-a13e-1472fb2c1a36	18	13938875	15402409	474	0.1906
f2f45a0e-2d4d-4f7f-a13e-1472fb2c1a36	18	20949392	64493028	28822	-0.3122
f2f45a0e-2d4d-4f7f-a13e-1472fb2c1a36	18	64508606	64509065	3	-1.8967
f2f45a0e-2d4d-4f7f-a13e-1472fb2c1a36	18	64510272	66099904	1111	-0.3244
f2f45a0e-2d4d-4f7f-a13e-1472fb2c1a36	18	66100052	66100686	2	-2.5703
f2f45a0e-2d4d-4f7f-a13e-1472fb2c1a36	18	66108359	80257174	10368	-0.3389
f2f45a0e-2d4d-4f7f-a13e-1472fb2c1a36	19	90910	20411869	8924	-0.33
f2f45a0e-2d4d-4f7f-a13e-1472fb2c1a36	19	20413400	20541039	72	-0.817
f2f45a0e-2d4d-4f7f-a13e-1472fb2c1a36	19	20541093	24278016	2134	-0.2867
f2f45a0e-2d4d-4f7f-a13e-1472fb2c1a36	19	24278618	24282155	9	-1.0629
f2f45a0e-2d4d-4f7f-a13e-1472fb2c1a36	19	24304880	24324365	12	-0.2537
f2f45a0e-2d4d-4f7f-a13e-1472fb2c1a36	19	24324370	40839253	8339	-0.004
f2f45a0e-2d4d-4f7f-a13e-1472fb2c1a36	19	40845091	40870114	24	-0.7714
f2f45a0e-2d4d-4f7f-a13e-1472fb2c1a36	19	40886250	55770704	7746	-0.0184
f2f45a0e-2d4d-4f7f-a13e-1472fb2c1a36	19	55771003	55771701	4	-1.3066
f2f45a0e-2d4d-4f7f-a13e-1472fb2c1a36	19	55774927	58586487	1839	0.0019
f2f45a0e-2d4d-4f7f-a13e-1472fb2c1a36	20	80664	1283304	927	0.0316
f2f45a0e-2d4d-4f7f-a13e-1472fb2c1a36	20	1283382	1579916	272	-0.0397
f2f45a0e-2d4d-4f7f-a13e-1472fb2c1a36	20	1580141	1580353	5	0.5615
f2f45a0e-2d4d-4f7f-a13e-1472fb2c1a36	20	1580934	1609888	39	-0.1307
f2f45a0e-2d4d-4f7f-a13e-1472fb2c1a36	20	1613203	1613247	2	-1.4061
f2f45a0e-2d4d-4f7f-a13e-1472fb2c1a36	20	1617300	2852606	1034	-0.0425
f2f45a0e-2d4d-4f7f-a13e-1472fb2c1a36	20	2854356	26324943	17729	0.0203
f2f45a0e-2d4d-4f7f-a13e-1472fb2c1a36	20	30185676	30293217	17	-0.6696
f2f45a0e-2d4d-4f7f-a13e-1472fb2c1a36	20	30295149	64324800	22341	0.0017
f2f45a0e-2d4d-4f7f-a13e-1472fb2c1a36	21	10354168	13166157	110	-0.0558
f2f45a0e-2d4d-4f7f-a13e-1472fb2c1a36	21	13166236	13583316	158	0.2272
f2f45a0e-2d4d-4f7f-a13e-1472fb2c1a36	21	13612103	13677975	4	-0.6851
f2f45a0e-2d4d-4f7f-a13e-1472fb2c1a36	21	13803967	14902298	652	0.2122
f2f45a0e-2d4d-4f7f-a13e-1472fb2c1a36	21	14903545	22371115	5442	0.2395
f2f45a0e-2d4d-4f7f-a13e-1472fb2c1a36	21	22371767	38535933	11919	0.2146
f2f45a0e-2d4d-4f7f-a13e-1472fb2c1a36	21	38536193	38536597	4	-0.8841
f2f45a0e-2d4d-4f7f-a13e-1472fb2c1a36	21	38538756	46677045	5565	0.2138
f2f45a0e-2d4d-4f7f-a13e-1472fb2c1a36	22	15294547	20809083	2431	0.0219
f2f45a0e-2d4d-4f7f-a13e-1472fb2c1a36	22	20817520	21643285	328	0.2528
f2f45a0e-2d4d-4f7f-a13e-1472fb2c1a36	22	21643460	23987520	1636	0.038
f2f45a0e-2d4d-4f7f-a13e-1472fb2c1a36	22	23988078	23990739	4	-1.2251
f2f45a0e-2d4d-4f7f-a13e-1472fb2c1a36	22	23995113	26390556	1937	0.0142
f2f45a0e-2d4d-4f7f-a13e-1472fb2c1a36	22	26393167	27011727	577	-0.3625
f2f45a0e-2d4d-4f7f-a13e-1472fb2c1a36	22	27013039	27080922	114	-0.0165
f2f45a0e-2d4d-4f7f-a13e-1472fb2c1a36	22	27082559	28536890	1166	-0.3354
f2f45a0e-2d4d-4f7f-a13e-1472fb2c1a36	22	28537859	29473201	530	-0.0193
f2f45a0e-2d4d-4f7f-a13e-1472fb2c1a36	22	29474269	29485728	6	0.5886
f2f45a0e-2d4d-4f7f-a13e-1472fb2c1a36	22	29485839	31780886	1271	-0.0422
f2f45a0e-2d4d-4f7f-a13e-1472fb2c1a36	22	31788257	32104071	196	0.227
f2f45a0e-2d4d-4f7f-a13e-1472fb2c1a36	22	32104276	32249809	88	-0.0722
f2f45a0e-2d4d-4f7f-a13e-1472fb2c1a36	22	32250832	36635983	3654	0.0087
f2f45a0e-2d4d-4f7f-a13e-1472fb2c1a36	22	36636116	41401820	2637	-0.0313
f2f45a0e-2d4d-4f7f-a13e-1472fb2c1a36	22	41417827	41625675	83	0.6655
f2f45a0e-2d4d-4f7f-a13e-1472fb2c1a36	22	41626094	42409438	442	0.4235
f2f45a0e-2d4d-4f7f-a13e-1472fb2c1a36	22	42410118	42419292	4	1.1952
f2f45a0e-2d4d-4f7f-a13e-1472fb2c1a36	22	42419368	46166188	2614	0.4336
f2f45a0e-2d4d-4f7f-a13e-1472fb2c1a36	22	46168728	46169538	3	-0.4922
f2f45a0e-2d4d-4f7f-a13e-1472fb2c1a36	22	46173274	49087169	2527	0.4506
f2f45a0e-2d4d-4f7f-a13e-1472fb2c1a36	22	49090879	50745440	1015	0.5054
f2f45a0e-2d4d-4f7f-a13e-1472fb2c1a36	22	50749902	50796027	11	0.0558
f2f45a0e-2d4d-4f7f-a13e-1472fb2c1a36	X	251810	3619353	727	-0.0068
f2f45a0e-2d4d-4f7f-a13e-1472fb2c1a36	X	3619802	3621207	2	1.4362
f2f45a0e-2d4d-4f7f-a13e-1472fb2c1a36	X	3621412	8535450	3738	-0.0296
f2f45a0e-2d4d-4f7f-a13e-1472fb2c1a36	X	8535600	32943668	15979	0.0041
f2f45a0e-2d4d-4f7f-a13e-1472fb2c1a36	X	32943753	34024137	753	-0.031
f2f45a0e-2d4d-4f7f-a13e-1472fb2c1a36	X	34026256	34052170	24	-1.5069
f2f45a0e-2d4d-4f7f-a13e-1472fb2c1a36	X	34055308	154046529	61693	-0.0025
f2f45a0e-2d4d-4f7f-a13e-1472fb2c1a36	X	154049377	155952689	658	0.4445
f2f45a0e-2d4d-4f7f-a13e-1472fb2c1a36	Y	2782397	13478396	3263	-2.5154
f2f45a0e-2d4d-4f7f-a13e-1472fb2c1a36	Y	13478462	13482643	3	-7.8018
f2f45a0e-2d4d-4f7f-a13e-1472fb2c1a36	Y	13483009	56872112	3371	-2.6119
