GDC_Aliquot	Chromosome	Start	End	Num_Probes	Segment_Mean
1dfa2ef7-892d-424a-8459-7837362b2b02	1	62920	2376785	442	0.1068
1dfa2ef7-892d-424a-8459-7837362b2b02	1	2377643	7629329	3316	0.1631
1dfa2ef7-892d-424a-8459-7837362b2b02	1	7630095	8431853	434	0.0275
1dfa2ef7-892d-424a-8459-7837362b2b02	1	8432644	9778296	719	0.1524
1dfa2ef7-892d-424a-8459-7837362b2b02	1	9784716	10662911	472	0.0634
1dfa2ef7-892d-424a-8459-7837362b2b02	1	10666632	11777242	565	0.1571
1dfa2ef7-892d-424a-8459-7837362b2b02	1	11777763	12149493	190	0.0075
1dfa2ef7-892d-424a-8459-7837362b2b02	1	12156431	13769925	613	0.1231
1dfa2ef7-892d-424a-8459-7837362b2b02	1	13769962	14071696	296	0.0228
1dfa2ef7-892d-424a-8459-7837362b2b02	1	14073132	14430560	264	0.1685
1dfa2ef7-892d-424a-8459-7837362b2b02	1	14430744	23390135	5654	0.0257
1dfa2ef7-892d-424a-8459-7837362b2b02	1	23393044	25256850	1037	-0.114
1dfa2ef7-892d-424a-8459-7837362b2b02	1	25266637	25320455	24	0.6269
1dfa2ef7-892d-424a-8459-7837362b2b02	1	25336819	35657009	5449	-0.1046
1dfa2ef7-892d-424a-8459-7837362b2b02	1	35657668	38364526	1520	0.0097
1dfa2ef7-892d-424a-8459-7837362b2b02	1	38369145	38917494	365	-0.1193
1dfa2ef7-892d-424a-8459-7837362b2b02	1	38919547	43266448	2495	0.0158
1dfa2ef7-892d-424a-8459-7837362b2b02	1	43267036	44072886	468	-0.1198
1dfa2ef7-892d-424a-8459-7837362b2b02	1	44075615	52735029	4504	0.0255
1dfa2ef7-892d-424a-8459-7837362b2b02	1	52737992	54292628	1008	-0.1219
1dfa2ef7-892d-424a-8459-7837362b2b02	1	54295743	61041184	5164	0.0284
1dfa2ef7-892d-424a-8459-7837362b2b02	1	61044947	61583104	388	-0.0837
1dfa2ef7-892d-424a-8459-7837362b2b02	1	61583307	72303233	7355	0.032
1dfa2ef7-892d-424a-8459-7837362b2b02	1	72303253	72351338	49	0.6025
1dfa2ef7-892d-424a-8459-7837362b2b02	1	72352916	78378294	3796	0.0222
1dfa2ef7-892d-424a-8459-7837362b2b02	1	78378312	78609328	130	-0.1155
1dfa2ef7-892d-424a-8459-7837362b2b02	1	78613481	79702833	676	0.0195
1dfa2ef7-892d-424a-8459-7837362b2b02	1	79705683	80302651	403	-0.1134
1dfa2ef7-892d-424a-8459-7837362b2b02	1	80302766	84139646	2601	0.0198
1dfa2ef7-892d-424a-8459-7837362b2b02	1	84143675	86403091	1553	-0.0952
1dfa2ef7-892d-424a-8459-7837362b2b02	1	86404070	91040036	3022	0.0313
1dfa2ef7-892d-424a-8459-7837362b2b02	1	91041536	91472138	279	-0.1207
1dfa2ef7-892d-424a-8459-7837362b2b02	1	91473167	91766596	253	0.0358
1dfa2ef7-892d-424a-8459-7837362b2b02	1	91768263	92624919	434	-0.1008
1dfa2ef7-892d-424a-8459-7837362b2b02	1	92627194	96237082	2348	0.0248
1dfa2ef7-892d-424a-8459-7837362b2b02	1	96237139	109108688	7789	-0.027
1dfa2ef7-892d-424a-8459-7837362b2b02	1	109109521	109117063	2	-1.395
1dfa2ef7-892d-424a-8459-7837362b2b02	1	109117281	109677968	270	-0.0162
1dfa2ef7-892d-424a-8459-7837362b2b02	1	109678117	109697556	17	-0.4394
1dfa2ef7-892d-424a-8459-7837362b2b02	1	109702376	110836516	842	-0.0202
1dfa2ef7-892d-424a-8459-7837362b2b02	1	110836563	110837198	12	0.3982
1dfa2ef7-892d-424a-8459-7837362b2b02	1	110837398	111184275	232	-0.036
1dfa2ef7-892d-424a-8459-7837362b2b02	1	111184774	112147704	862	-0.1665
1dfa2ef7-892d-424a-8459-7837362b2b02	1	112153343	112154619	23	-0.4883
1dfa2ef7-892d-424a-8459-7837362b2b02	1	112154754	116041897	2502	-0.1626
1dfa2ef7-892d-424a-8459-7837362b2b02	1	116045946	117272208	823	-0.0539
1dfa2ef7-892d-424a-8459-7837362b2b02	1	117275774	119478588	1318	0.0527
1dfa2ef7-892d-424a-8459-7837362b2b02	1	119478796	119481265	3	0.6901
1dfa2ef7-892d-424a-8459-7837362b2b02	1	119481348	119665849	156	0.0415
1dfa2ef7-892d-424a-8459-7837362b2b02	1	119666941	121597150	348	-0.0238
1dfa2ef7-892d-424a-8459-7837362b2b02	1	121598439	146788785	316	0.087
1dfa2ef7-892d-424a-8459-7837362b2b02	1	147004967	148934514	671	0.3764
1dfa2ef7-892d-424a-8459-7837362b2b02	1	148979851	148996458	18	-0.1327
1dfa2ef7-892d-424a-8459-7837362b2b02	1	148996719	152582700	1435	0.3364
1dfa2ef7-892d-424a-8459-7837362b2b02	1	152583051	152614118	36	-0.7884
1dfa2ef7-892d-424a-8459-7837362b2b02	1	152618018	152787202	167	0.3166
1dfa2ef7-892d-424a-8459-7837362b2b02	1	152789447	152796224	37	0.94
1dfa2ef7-892d-424a-8459-7837362b2b02	1	152801429	157756886	2709	0.3484
1dfa2ef7-892d-424a-8459-7837362b2b02	1	157759384	158540483	554	0.4446
1dfa2ef7-892d-424a-8459-7837362b2b02	1	158541779	161202735	1846	0.3625
1dfa2ef7-892d-424a-8459-7837362b2b02	1	161202941	169247699	6163	0.152
1dfa2ef7-892d-424a-8459-7837362b2b02	1	169264736	169273163	8	-2.0991
1dfa2ef7-892d-424a-8459-7837362b2b02	1	169285639	169548082	176	0.3654
1dfa2ef7-892d-424a-8459-7837362b2b02	1	169549874	170301927	598	0.4
1dfa2ef7-892d-424a-8459-7837362b2b02	1	170302029	176446882	3808	0.4684
1dfa2ef7-892d-424a-8459-7837362b2b02	1	176448578	176667524	136	0.387
1dfa2ef7-892d-424a-8459-7837362b2b02	1	176668322	187897762	7571	0.3428
1dfa2ef7-892d-424a-8459-7837362b2b02	1	187897775	190349634	1659	0.2943
1dfa2ef7-892d-424a-8459-7837362b2b02	1	190353016	196762956	4226	0.2253
1dfa2ef7-892d-424a-8459-7837362b2b02	1	196769493	196846661	57	-0.5047
1dfa2ef7-892d-424a-8459-7837362b2b02	1	196847600	202990759	3954	0.2384
1dfa2ef7-892d-424a-8459-7837362b2b02	1	203008904	207433747	2840	0.3584
1dfa2ef7-892d-424a-8459-7837362b2b02	1	207434180	209131367	1339	0.1621
1dfa2ef7-892d-424a-8459-7837362b2b02	1	209132320	209897717	652	0.3225
1dfa2ef7-892d-424a-8459-7837362b2b02	1	209908268	209908720	2	-1.294
1dfa2ef7-892d-424a-8459-7837362b2b02	1	209910639	212673267	1837	0.3153
1dfa2ef7-892d-424a-8459-7837362b2b02	1	212678556	216776531	2879	0.3982
1dfa2ef7-892d-424a-8459-7837362b2b02	1	216776594	218964306	1624	0.4415
1dfa2ef7-892d-424a-8459-7837362b2b02	1	218965058	222193326	2260	0.2494
1dfa2ef7-892d-424a-8459-7837362b2b02	1	222201492	222203662	2	1.3547
1dfa2ef7-892d-424a-8459-7837362b2b02	1	222208792	227604154	3292	0.2465
1dfa2ef7-892d-424a-8459-7837362b2b02	1	227607252	227764311	83	-0.0282
1dfa2ef7-892d-424a-8459-7837362b2b02	1	227768124	228093516	147	0.2293
1dfa2ef7-892d-424a-8459-7837362b2b02	1	228094258	228347149	121	-0.011
1dfa2ef7-892d-424a-8459-7837362b2b02	1	228347663	228347860	2	-1.2558
1dfa2ef7-892d-424a-8459-7837362b2b02	1	228355602	231188551	1964	0.0239
1dfa2ef7-892d-424a-8459-7837362b2b02	1	231188698	232395709	855	0.1889
1dfa2ef7-892d-424a-8459-7837362b2b02	1	232395807	248422999	11728	0.0182
1dfa2ef7-892d-424a-8459-7837362b2b02	1	248424525	248475325	18	0.6001
1dfa2ef7-892d-424a-8459-7837362b2b02	1	248477891	248585918	18	-0.1279
1dfa2ef7-892d-424a-8459-7837362b2b02	1	248586259	248633912	30	-0.5897
1dfa2ef7-892d-424a-8459-7837362b2b02	1	248645563	248930189	141	0.1491
1dfa2ef7-892d-424a-8459-7837362b2b02	2	12784	4158097	2979	-0.0131
1dfa2ef7-892d-424a-8459-7837362b2b02	2	4166274	4176135	40	-0.5707
1dfa2ef7-892d-424a-8459-7837362b2b02	2	4176243	7499242	2894	-0.0191
1dfa2ef7-892d-424a-8459-7837362b2b02	2	7502934	7506841	2	-1.5803
1dfa2ef7-892d-424a-8459-7837362b2b02	2	7506876	34476516	18147	-0.0203
1dfa2ef7-892d-424a-8459-7837362b2b02	2	34476558	34511990	43	0.5088
1dfa2ef7-892d-424a-8459-7837362b2b02	2	34512489	52527727	12999	-0.0221
1dfa2ef7-892d-424a-8459-7837362b2b02	2	52527743	52554359	31	-0.5938
1dfa2ef7-892d-424a-8459-7837362b2b02	2	52554366	70716286	11982	-0.0276
1dfa2ef7-892d-424a-8459-7837362b2b02	2	70716497	70716577	2	-2.105
1dfa2ef7-892d-424a-8459-7837362b2b02	2	70716884	77750052	4292	-0.0361
1dfa2ef7-892d-424a-8459-7837362b2b02	2	77750066	78152568	293	0.0824
1dfa2ef7-892d-424a-8459-7837362b2b02	2	78157154	83234510	3301	-0.0516
1dfa2ef7-892d-424a-8459-7837362b2b02	2	83235796	86901078	2086	0.0822
1dfa2ef7-892d-424a-8459-7837362b2b02	2	86902080	95022090	1099	-0.0085
1dfa2ef7-892d-424a-8459-7837362b2b02	2	95027029	97359885	767	0.1215
1dfa2ef7-892d-424a-8459-7837362b2b02	2	97524284	97545247	8	-0.8043
1dfa2ef7-892d-424a-8459-7837362b2b02	2	97545726	103699646	3737	0.103
1dfa2ef7-892d-424a-8459-7837362b2b02	2	103700025	111686882	4548	0.0297
1dfa2ef7-892d-424a-8459-7837362b2b02	2	111689367	111689789	2	-2.0239
1dfa2ef7-892d-424a-8459-7837362b2b02	2	111693810	128880504	10661	0.0262
1dfa2ef7-892d-424a-8459-7837362b2b02	2	128880904	128882741	15	-0.8649
1dfa2ef7-892d-424a-8459-7837362b2b02	2	128882755	146107615	10410	0.0274
1dfa2ef7-892d-424a-8459-7837362b2b02	2	146107675	146109366	16	0.7997
1dfa2ef7-892d-424a-8459-7837362b2b02	2	146120238	158929428	7676	0.0304
1dfa2ef7-892d-424a-8459-7837362b2b02	2	158930941	158931281	2	-2.7193
1dfa2ef7-892d-424a-8459-7837362b2b02	2	158931342	172690673	8386	0.0314
1dfa2ef7-892d-424a-8459-7837362b2b02	2	172691152	172691308	2	-1.2565
1dfa2ef7-892d-424a-8459-7837362b2b02	2	172694340	183929673	7193	0.0315
1dfa2ef7-892d-424a-8459-7837362b2b02	2	183929787	183937714	16	-0.7204
1dfa2ef7-892d-424a-8459-7837362b2b02	2	183943862	192473051	4946	0.012
1dfa2ef7-892d-424a-8459-7837362b2b02	2	192477543	194039367	695	-0.0086
1dfa2ef7-892d-424a-8459-7837362b2b02	2	194043206	194124834	67	-0.9212
1dfa2ef7-892d-424a-8459-7837362b2b02	2	194124876	194204314	48	0.043
1dfa2ef7-892d-424a-8459-7837362b2b02	2	194216153	194216186	2	-1.1262
1dfa2ef7-892d-424a-8459-7837362b2b02	2	194216265	198098250	2184	0.012
1dfa2ef7-892d-424a-8459-7837362b2b02	2	198100201	219702258	13402	-0.0286
1dfa2ef7-892d-424a-8459-7837362b2b02	2	219702670	221162018	1051	0.0234
1dfa2ef7-892d-424a-8459-7837362b2b02	2	221162076	221162090	2	-1.293
1dfa2ef7-892d-424a-8459-7837362b2b02	2	221162424	242147305	13316	0.0184
1dfa2ef7-892d-424a-8459-7837362b2b02	3	20930	1740119	1538	-0.0051
1dfa2ef7-892d-424a-8459-7837362b2b02	3	1740840	1745897	6	-1.7793
1dfa2ef7-892d-424a-8459-7837362b2b02	3	1747474	6604856	4272	0.0182
1dfa2ef7-892d-424a-8459-7837362b2b02	3	6609441	6611557	22	-0.943
1dfa2ef7-892d-424a-8459-7837362b2b02	3	6611645	26382931	14025	0.028
1dfa2ef7-892d-424a-8459-7837362b2b02	3	26384700	26393410	5	-0.8121
1dfa2ef7-892d-424a-8459-7837362b2b02	3	26397852	36242239	6609	0.031
1dfa2ef7-892d-424a-8459-7837362b2b02	3	36242465	36255351	14	-0.4763
1dfa2ef7-892d-424a-8459-7837362b2b02	3	36256165	37935926	1104	0.0211
1dfa2ef7-892d-424a-8459-7837362b2b02	3	37940617	37945437	18	-0.4772
1dfa2ef7-892d-424a-8459-7837362b2b02	3	37945615	75519398	25060	0.0276
1dfa2ef7-892d-424a-8459-7837362b2b02	3	75523398	75529707	4	-1.5947
1dfa2ef7-892d-424a-8459-7837362b2b02	3	75537120	93875530	8150	0.0278
1dfa2ef7-892d-424a-8459-7837362b2b02	3	93878823	97958725	2056	-0.1182
1dfa2ef7-892d-424a-8459-7837362b2b02	3	97959170	99225754	761	0.0172
1dfa2ef7-892d-424a-8459-7837362b2b02	3	99225775	99230577	33	-0.2934
1dfa2ef7-892d-424a-8459-7837362b2b02	3	99232120	119160442	12307	0.0322
1dfa2ef7-892d-424a-8459-7837362b2b02	3	119160649	119160687	2	-1.9297
1dfa2ef7-892d-424a-8459-7837362b2b02	3	119163758	130044855	6382	0.0332
1dfa2ef7-892d-424a-8459-7837362b2b02	3	130047743	130087393	37	0.6823
1dfa2ef7-892d-424a-8459-7837362b2b02	3	130088081	162815162	20268	0.0381
1dfa2ef7-892d-424a-8459-7837362b2b02	3	162816942	162822702	6	1.8081
1dfa2ef7-892d-424a-8459-7837362b2b02	3	162827928	175362822	7693	0.0307
1dfa2ef7-892d-424a-8459-7837362b2b02	3	175362958	175363536	5	-1.1422
1dfa2ef7-892d-424a-8459-7837362b2b02	3	175368999	193160113	11494	0.0339
1dfa2ef7-892d-424a-8459-7837362b2b02	3	193160173	193165080	17	0.5764
1dfa2ef7-892d-424a-8459-7837362b2b02	3	193165099	198169247	2690	0.0494
1dfa2ef7-892d-424a-8459-7837362b2b02	4	68929	3896017	1568	-0.0953
1dfa2ef7-892d-424a-8459-7837362b2b02	4	3899125	4180275	76	0.0993
1dfa2ef7-892d-424a-8459-7837362b2b02	4	4182970	6420624	1871	-0.1071
1dfa2ef7-892d-424a-8459-7837362b2b02	4	6420730	6421471	5	-2.0829
1dfa2ef7-892d-424a-8459-7837362b2b02	4	6421825	9383234	1583	-0.1104
1dfa2ef7-892d-424a-8459-7837362b2b02	4	9383421	9546293	73	0.1275
1dfa2ef7-892d-424a-8459-7837362b2b02	4	9552682	10190726	485	-0.1
1dfa2ef7-892d-424a-8459-7837362b2b02	4	10191803	10203397	27	-1.0446
1dfa2ef7-892d-424a-8459-7837362b2b02	4	10207101	10239089	55	0.0755
1dfa2ef7-892d-424a-8459-7837362b2b02	4	10242989	10390730	166	-0.0916
1dfa2ef7-892d-424a-8459-7837362b2b02	4	10391530	10399044	15	0.3103
1dfa2ef7-892d-424a-8459-7837362b2b02	4	10401094	25830568	11204	-0.1048
1dfa2ef7-892d-424a-8459-7837362b2b02	4	25830767	25845636	4	-1.0244
1dfa2ef7-892d-424a-8459-7837362b2b02	4	25845810	32398929	4216	-0.1058
1dfa2ef7-892d-424a-8459-7837362b2b02	4	32398943	32399891	4	-1.2812
1dfa2ef7-892d-424a-8459-7837362b2b02	4	32403692	32535441	91	-0.1198
1dfa2ef7-892d-424a-8459-7837362b2b02	4	32537555	32542776	5	-0.7067
1dfa2ef7-892d-424a-8459-7837362b2b02	4	32544799	34794477	1255	-0.1076
1dfa2ef7-892d-424a-8459-7837362b2b02	4	34794604	34812668	18	-0.6434
1dfa2ef7-892d-424a-8459-7837362b2b02	4	34813937	36844022	1328	-0.1152
1dfa2ef7-892d-424a-8459-7837362b2b02	4	36844684	36849865	10	-1.0339
1dfa2ef7-892d-424a-8459-7837362b2b02	4	36853271	63265520	14894	-0.0996
1dfa2ef7-892d-424a-8459-7837362b2b02	4	63275560	63288849	7	-0.9274
1dfa2ef7-892d-424a-8459-7837362b2b02	4	63289120	63827261	306	-0.0884
1dfa2ef7-892d-424a-8459-7837362b2b02	4	63828222	63842540	29	0.2878
1dfa2ef7-892d-424a-8459-7837362b2b02	4	63850713	68418873	2859	-0.0914
1dfa2ef7-892d-424a-8459-7837362b2b02	4	68422420	68429081	4	-1.2859
1dfa2ef7-892d-424a-8459-7837362b2b02	4	68439221	68509442	14	-0.0481
1dfa2ef7-892d-424a-8459-7837362b2b02	4	68509630	68616004	57	0.4349
1dfa2ef7-892d-424a-8459-7837362b2b02	4	68618331	69523998	482	-0.0786
1dfa2ef7-892d-424a-8459-7837362b2b02	4	69524143	69525061	2	-1.8458
1dfa2ef7-892d-424a-8459-7837362b2b02	4	69526170	114252544	27173	-0.0909
1dfa2ef7-892d-424a-8459-7837362b2b02	4	114254167	114263096	25	-1.3522
1dfa2ef7-892d-424a-8459-7837362b2b02	4	114263110	137171266	13212	-0.0973
1dfa2ef7-892d-424a-8459-7837362b2b02	4	137171362	137173818	14	-0.8306
1dfa2ef7-892d-424a-8459-7837362b2b02	4	137173967	145574203	5254	-0.0887
1dfa2ef7-892d-424a-8459-7837362b2b02	4	145580604	145580740	2	-1.495
1dfa2ef7-892d-424a-8459-7837362b2b02	4	145584576	151010303	3133	-0.0845
1dfa2ef7-892d-424a-8459-7837362b2b02	4	151013103	151027285	8	0.5323
1dfa2ef7-892d-424a-8459-7837362b2b02	4	151032420	151868634	418	-0.0888
1dfa2ef7-892d-424a-8459-7837362b2b02	4	151870381	151871739	13	-1.0701
1dfa2ef7-892d-424a-8459-7837362b2b02	4	151873644	151873707	3	0.8418
1dfa2ef7-892d-424a-8459-7837362b2b02	4	151874236	155966937	2730	-0.0982
1dfa2ef7-892d-424a-8459-7837362b2b02	4	155967088	155967367	4	-1.012
1dfa2ef7-892d-424a-8459-7837362b2b02	4	155969109	156035480	52	-0.1391
1dfa2ef7-892d-424a-8459-7837362b2b02	4	156046823	156052053	16	-1.195
1dfa2ef7-892d-424a-8459-7837362b2b02	4	156053545	157710920	1056	-0.0812
1dfa2ef7-892d-424a-8459-7837362b2b02	4	157713617	157718116	2	-1.2733
1dfa2ef7-892d-424a-8459-7837362b2b02	4	157718515	160952848	2000	-0.0855
1dfa2ef7-892d-424a-8459-7837362b2b02	4	160958866	160963815	24	-0.7401
1dfa2ef7-892d-424a-8459-7837362b2b02	4	160963825	172066706	7063	-0.0974
1dfa2ef7-892d-424a-8459-7837362b2b02	4	172066777	172074828	14	0.5735
1dfa2ef7-892d-424a-8459-7837362b2b02	4	172075742	190106768	12060	-0.0946
1dfa2ef7-892d-424a-8459-7837362b2b02	5	15532	5375469	4117	0.0977
1dfa2ef7-892d-424a-8459-7837362b2b02	5	5376362	5378710	5	-0.9595
1dfa2ef7-892d-424a-8459-7837362b2b02	5	5378792	7503998	1831	0.09
1dfa2ef7-892d-424a-8459-7837362b2b02	5	7509754	7510278	2	-1.7342
1dfa2ef7-892d-424a-8459-7837362b2b02	5	7512308	8203819	565	0.0605
1dfa2ef7-892d-424a-8459-7837362b2b02	5	8206145	8219828	18	-0.5719
1dfa2ef7-892d-424a-8459-7837362b2b02	5	8226226	8702002	395	0.0932
1dfa2ef7-892d-424a-8459-7837362b2b02	5	8702128	8747030	47	-0.7954
1dfa2ef7-892d-424a-8459-7837362b2b02	5	8749619	11162524	2111	0.0882
1dfa2ef7-892d-424a-8459-7837362b2b02	5	11162596	11162659	2	-1.0491
1dfa2ef7-892d-424a-8459-7837362b2b02	5	11167165	12815668	1086	0.0813
1dfa2ef7-892d-424a-8459-7837362b2b02	5	12815753	12838421	13	0.9132
1dfa2ef7-892d-424a-8459-7837362b2b02	5	12849089	17341538	3061	0.0962
1dfa2ef7-892d-424a-8459-7837362b2b02	5	17342373	17356130	9	-0.7758
1dfa2ef7-892d-424a-8459-7837362b2b02	5	17358160	27524345	5966	0.0875
1dfa2ef7-892d-424a-8459-7837362b2b02	5	27525283	27525913	10	-0.6506
1dfa2ef7-892d-424a-8459-7837362b2b02	5	27527372	50185350	11439	0.1103
1dfa2ef7-892d-424a-8459-7837362b2b02	5	50201141	50944285	336	0.3605
1dfa2ef7-892d-424a-8459-7837362b2b02	5	50944465	50998042	40	0.0639
1dfa2ef7-892d-424a-8459-7837362b2b02	5	50999097	58033288	4671	0.0211
1dfa2ef7-892d-424a-8459-7837362b2b02	5	58033703	58037466	26	-0.511
1dfa2ef7-892d-424a-8459-7837362b2b02	5	58037688	58995381	725	0.015
1dfa2ef7-892d-424a-8459-7837362b2b02	5	58996636	59131528	121	-0.1361
1dfa2ef7-892d-424a-8459-7837362b2b02	5	59132319	63451319	2704	0.0091
1dfa2ef7-892d-424a-8459-7837362b2b02	5	63451440	63453919	3	-1.0043
1dfa2ef7-892d-424a-8459-7837362b2b02	5	63454021	70959079	3759	0.0095
1dfa2ef7-892d-424a-8459-7837362b2b02	5	71010832	71011717	5	1.1214
1dfa2ef7-892d-424a-8459-7837362b2b02	5	71053366	104515520	19497	0.0108
1dfa2ef7-892d-424a-8459-7837362b2b02	5	104524672	104524903	4	-1.1381
1dfa2ef7-892d-424a-8459-7837362b2b02	5	104525348	104702632	170	0.0075
1dfa2ef7-892d-424a-8459-7837362b2b02	5	104703935	104707455	4	-0.7287
1dfa2ef7-892d-424a-8459-7837362b2b02	5	104707769	105093203	269	0.0174
1dfa2ef7-892d-424a-8459-7837362b2b02	5	105097721	105167266	46	-0.9177
1dfa2ef7-892d-424a-8459-7837362b2b02	5	105168236	140839137	22709	0.0092
1dfa2ef7-892d-424a-8459-7837362b2b02	5	140844251	140852254	10	-0.7549
1dfa2ef7-892d-424a-8459-7837362b2b02	5	140861442	181150677	26907	0.0114
1dfa2ef7-892d-424a-8459-7837362b2b02	5	181151376	181363319	75	0.0765
1dfa2ef7-892d-424a-8459-7837362b2b02	6	149661	258265	103	0.0816
1dfa2ef7-892d-424a-8459-7837362b2b02	6	260376	381149	99	0.3041
1dfa2ef7-892d-424a-8459-7837362b2b02	6	382559	6025978	4639	-0.0026
1dfa2ef7-892d-424a-8459-7837362b2b02	6	6033698	6034203	3	-2.943
1dfa2ef7-892d-424a-8459-7837362b2b02	6	6036812	6273851	231	-0.0072
1dfa2ef7-892d-424a-8459-7837362b2b02	6	6273928	6274021	2	-0.9479
1dfa2ef7-892d-424a-8459-7837362b2b02	6	6274337	6917026	599	-0.0156
1dfa2ef7-892d-424a-8459-7837362b2b02	6	6917893	7504124	400	0.0725
1dfa2ef7-892d-424a-8459-7837362b2b02	6	7504154	10446120	2191	-0.0989
1dfa2ef7-892d-424a-8459-7837362b2b02	6	10446860	11202971	523	0.1146
1dfa2ef7-892d-424a-8459-7837362b2b02	6	11203673	13755353	2052	-0.1058
1dfa2ef7-892d-424a-8459-7837362b2b02	6	13761884	13924337	90	0.0715
1dfa2ef7-892d-424a-8459-7837362b2b02	6	13930380	13931728	4	-0.1942
1dfa2ef7-892d-424a-8459-7837362b2b02	6	13937849	14071880	87	0.1036
1dfa2ef7-892d-424a-8459-7837362b2b02	6	14072164	14299565	166	0.2425
1dfa2ef7-892d-424a-8459-7837362b2b02	6	14303270	14303362	3	-0.4097
1dfa2ef7-892d-424a-8459-7837362b2b02	6	14305574	14836033	448	0.2593
1dfa2ef7-892d-424a-8459-7837362b2b02	6	14836334	15534039	458	0.1012
1dfa2ef7-892d-424a-8459-7837362b2b02	6	15536578	15555126	9	-0.0944
1dfa2ef7-892d-424a-8459-7837362b2b02	6	15555195	15716137	108	0.073
1dfa2ef7-892d-424a-8459-7837362b2b02	6	15716289	17346244	1280	-0.1068
1dfa2ef7-892d-424a-8459-7837362b2b02	6	17347331	19083803	1306	0.0992
1dfa2ef7-892d-424a-8459-7837362b2b02	6	19087505	26342741	5192	-0.0084
1dfa2ef7-892d-424a-8459-7837362b2b02	6	26344913	26348804	3	-1.0944
1dfa2ef7-892d-424a-8459-7837362b2b02	6	26352835	29869295	1632	-0.0092
1dfa2ef7-892d-424a-8459-7837362b2b02	6	29869410	29881490	16	-0.9893
1dfa2ef7-892d-424a-8459-7837362b2b02	6	29882419	32529339	1184	-0.0211
1dfa2ef7-892d-424a-8459-7837362b2b02	6	32529429	32658841	49	-0.7955
1dfa2ef7-892d-424a-8459-7837362b2b02	6	32682835	48399471	10048	-0.0232
1dfa2ef7-892d-424a-8459-7837362b2b02	6	48399956	50936543	1441	-0.1171
1dfa2ef7-892d-424a-8459-7837362b2b02	6	50937126	54066353	2194	-0.0509
1dfa2ef7-892d-424a-8459-7837362b2b02	6	54066432	54067057	6	1.3786
1dfa2ef7-892d-424a-8459-7837362b2b02	6	54070550	58392393	2199	-0.0533
1dfa2ef7-892d-424a-8459-7837362b2b02	6	58392689	65683455	2722	0.1693
1dfa2ef7-892d-424a-8459-7837362b2b02	6	65684197	65693959	24	-0.5366
1dfa2ef7-892d-424a-8459-7837362b2b02	6	65697234	69000229	2304	0.1516
1dfa2ef7-892d-424a-8459-7837362b2b02	6	69000433	69727260	424	0.443
1dfa2ef7-892d-424a-8459-7837362b2b02	6	69727314	73882142	2704	-0.0561
1dfa2ef7-892d-424a-8459-7837362b2b02	6	73882509	73891694	10	1.0541
1dfa2ef7-892d-424a-8459-7837362b2b02	6	73893839	78253172	2766	-0.0432
1dfa2ef7-892d-424a-8459-7837362b2b02	6	78259348	78325468	112	0.2608
1dfa2ef7-892d-424a-8459-7837362b2b02	6	78329517	79614117	787	-0.0513
1dfa2ef7-892d-424a-8459-7837362b2b02	6	79615147	79615517	2	-1.2741
1dfa2ef7-892d-424a-8459-7837362b2b02	6	79615613	85723212	3900	-0.049
1dfa2ef7-892d-424a-8459-7837362b2b02	6	85723869	85907474	75	0.211
1dfa2ef7-892d-424a-8459-7837362b2b02	6	85908276	86158514	124	0.0153
1dfa2ef7-892d-424a-8459-7837362b2b02	6	86160399	89779406	2251	-0.0368
1dfa2ef7-892d-424a-8459-7837362b2b02	6	89779430	91032879	886	0.0273
1dfa2ef7-892d-424a-8459-7837362b2b02	6	91039523	93023666	1367	0.2214
1dfa2ef7-892d-424a-8459-7837362b2b02	6	93025356	93331391	229	0.3526
1dfa2ef7-892d-424a-8459-7837362b2b02	6	93331821	93424209	64	0.1946
1dfa2ef7-892d-424a-8459-7837362b2b02	6	93424505	94514050	701	-0.0612
1dfa2ef7-892d-424a-8459-7837362b2b02	6	94516901	94766473	165	-0.1944
1dfa2ef7-892d-424a-8459-7837362b2b02	6	94767658	103290101	4904	-0.0528
1dfa2ef7-892d-424a-8459-7837362b2b02	6	103290164	103314186	45	-1.3834
1dfa2ef7-892d-424a-8459-7837362b2b02	6	103317795	123934233	12512	-0.0567
1dfa2ef7-892d-424a-8459-7837362b2b02	6	123935320	123936198	5	-1.1222
1dfa2ef7-892d-424a-8459-7837362b2b02	6	123940169	125861617	1349	-0.0509
1dfa2ef7-892d-424a-8459-7837362b2b02	6	125862546	125865048	2	-2.1275
1dfa2ef7-892d-424a-8459-7837362b2b02	6	125865630	170741917	30240	-0.0579
1dfa2ef7-892d-424a-8459-7837362b2b02	7	43355	8978645	5262	-0.0163
1dfa2ef7-892d-424a-8459-7837362b2b02	7	8978661	8979443	2	-1.5947
1dfa2ef7-892d-424a-8459-7837362b2b02	7	8980196	12974700	3150	-0.0245
1dfa2ef7-892d-424a-8459-7837362b2b02	7	12982484	12988660	4	-1.268
1dfa2ef7-892d-424a-8459-7837362b2b02	7	12989332	29628975	12992	-0.0163
1dfa2ef7-892d-424a-8459-7837362b2b02	7	29631102	29638658	6	-1.0144
1dfa2ef7-892d-424a-8459-7837362b2b02	7	29646732	54305455	17026	-0.0178
1dfa2ef7-892d-424a-8459-7837362b2b02	7	54318812	54318824	6	1.3928
1dfa2ef7-892d-424a-8459-7837362b2b02	7	54325795	109793741	28408	-0.0037
1dfa2ef7-892d-424a-8459-7837362b2b02	7	109797035	109797715	15	-0.88
1dfa2ef7-892d-424a-8459-7837362b2b02	7	109797717	109801155	9	-0.0651
1dfa2ef7-892d-424a-8459-7837362b2b02	7	109801187	109813853	11	-1.9745
1dfa2ef7-892d-424a-8459-7837362b2b02	7	109813925	119606410	5922	0.0013
1dfa2ef7-892d-424a-8459-7837362b2b02	7	119610132	121244399	887	0.1081
1dfa2ef7-892d-424a-8459-7837362b2b02	7	121245493	126301983	3136	0.0289
1dfa2ef7-892d-424a-8459-7837362b2b02	7	126305223	126404920	78	0.1015
1dfa2ef7-892d-424a-8459-7837362b2b02	7	126405428	126406561	12	-1.0731
1dfa2ef7-892d-424a-8459-7837362b2b02	7	126406822	142063324	9918	0.0473
1dfa2ef7-892d-424a-8459-7837362b2b02	7	142069843	142092307	34	-0.4225
1dfa2ef7-892d-424a-8459-7837362b2b02	7	142099190	144199159	1201	0.0689
1dfa2ef7-892d-424a-8459-7837362b2b02	7	144207186	144352208	15	0.8953
1dfa2ef7-892d-424a-8459-7837362b2b02	7	144377836	146095755	1062	0.0446
1dfa2ef7-892d-424a-8459-7837362b2b02	7	146097238	150643123	2797	-0.0089
1dfa2ef7-892d-424a-8459-7837362b2b02	7	150643707	150644353	2	-1.4177
1dfa2ef7-892d-424a-8459-7837362b2b02	7	150644630	153450553	1683	-0.0087
1dfa2ef7-892d-424a-8459-7837362b2b02	7	153450560	153450627	2	-2.7934
1dfa2ef7-892d-424a-8459-7837362b2b02	7	153450630	154598185	852	0.0004
1dfa2ef7-892d-424a-8459-7837362b2b02	7	154601461	154605369	3	1.1581
1dfa2ef7-892d-424a-8459-7837362b2b02	7	154607903	156505584	1538	-0.0019
1dfa2ef7-892d-424a-8459-7837362b2b02	7	156505917	156518254	14	-1.0777
1dfa2ef7-892d-424a-8459-7837362b2b02	7	156521340	159334314	1682	0.0178
1dfa2ef7-892d-424a-8459-7837362b2b02	8	81254	7329110	7717	-0.0899
1dfa2ef7-892d-424a-8459-7837362b2b02	8	7329124	8132772	64	0.26
1dfa2ef7-892d-424a-8459-7837362b2b02	8	8139659	22413139	11858	-0.0741
1dfa2ef7-892d-424a-8459-7837362b2b02	8	22414482	22414654	2	-1.6726
1dfa2ef7-892d-424a-8459-7837362b2b02	8	22426574	25116961	1804	-0.0721
1dfa2ef7-892d-424a-8459-7837362b2b02	8	25117007	25126818	25	0.5777
1dfa2ef7-892d-424a-8459-7837362b2b02	8	25133589	34820410	6551	-0.0789
1dfa2ef7-892d-424a-8459-7837362b2b02	8	34822702	34823845	3	-1.0138
1dfa2ef7-892d-424a-8459-7837362b2b02	8	34829516	39973181	2768	-0.0751
1dfa2ef7-892d-424a-8459-7837362b2b02	8	39973438	39974128	3	-0.9437
1dfa2ef7-892d-424a-8459-7837362b2b02	8	39977300	43081812	2075	-0.0882
1dfa2ef7-892d-424a-8459-7837362b2b02	8	43084488	54296370	4907	-0.0468
1dfa2ef7-892d-424a-8459-7837362b2b02	8	54296488	54298328	6	-1.0987
1dfa2ef7-892d-424a-8459-7837362b2b02	8	54298558	71300130	10620	-0.0468
1dfa2ef7-892d-424a-8459-7837362b2b02	8	71303076	71304364	8	-0.7457
1dfa2ef7-892d-424a-8459-7837362b2b02	8	71307628	88657563	10274	-0.0563
1dfa2ef7-892d-424a-8459-7837362b2b02	8	88657838	91923956	1915	-0.0051
1dfa2ef7-892d-424a-8459-7837362b2b02	8	91924385	98879411	4446	0.0627
1dfa2ef7-892d-424a-8459-7837362b2b02	8	98879860	99779711	411	0.2438
1dfa2ef7-892d-424a-8459-7837362b2b02	8	99783054	102512233	1749	0.0586
1dfa2ef7-892d-424a-8459-7837362b2b02	8	102513383	102613016	75	0.4199
1dfa2ef7-892d-424a-8459-7837362b2b02	8	102617978	102765303	91	0.0568
1dfa2ef7-892d-424a-8459-7837362b2b02	8	102767930	102862333	58	0.4429
1dfa2ef7-892d-424a-8459-7837362b2b02	8	102862696	103139551	199	0.0808
1dfa2ef7-892d-424a-8459-7837362b2b02	8	103142485	103345719	127	0.4113
1dfa2ef7-892d-424a-8459-7837362b2b02	8	103347493	104036067	349	0.0697
1dfa2ef7-892d-424a-8459-7837362b2b02	8	104036069	104140776	54	0.4132
1dfa2ef7-892d-424a-8459-7837362b2b02	8	104141531	104157222	13	0.1612
1dfa2ef7-892d-424a-8459-7837362b2b02	8	104157721	107122352	1906	0.0382
1dfa2ef7-892d-424a-8459-7837362b2b02	8	107124084	108338419	774	0.1723
1dfa2ef7-892d-424a-8459-7837362b2b02	8	108340755	108615032	159	0.4704
1dfa2ef7-892d-424a-8459-7837362b2b02	8	108615454	108874183	156	0.1521
1dfa2ef7-892d-424a-8459-7837362b2b02	8	108875021	110054165	653	0.0442
1dfa2ef7-892d-424a-8459-7837362b2b02	8	110054765	111191830	623	0.3903
1dfa2ef7-892d-424a-8459-7837362b2b02	8	111194826	111244905	21	0.0023
1dfa2ef7-892d-424a-8459-7837362b2b02	8	111245751	111276327	17	0.4608
1dfa2ef7-892d-424a-8459-7837362b2b02	8	111279123	111282441	7	-0.4699
1dfa2ef7-892d-424a-8459-7837362b2b02	8	111282809	111283016	4	-2.057
1dfa2ef7-892d-424a-8459-7837362b2b02	8	111283031	112310860	545	0.0234
1dfa2ef7-892d-424a-8459-7837362b2b02	8	112319651	112373405	37	0.4701
1dfa2ef7-892d-424a-8459-7837362b2b02	8	112376592	114279379	1045	0.0771
1dfa2ef7-892d-424a-8459-7837362b2b02	8	114279703	114285850	4	0.6653
1dfa2ef7-892d-424a-8459-7837362b2b02	8	114288313	114517149	129	0.2375
1dfa2ef7-892d-424a-8459-7837362b2b02	8	114520492	114748269	164	0.4959
1dfa2ef7-892d-424a-8459-7837362b2b02	8	114752014	115881602	715	0.1736
1dfa2ef7-892d-424a-8459-7837362b2b02	8	115888184	116097420	122	0.5443
1dfa2ef7-892d-424a-8459-7837362b2b02	8	116099307	116189002	43	0.1909
1dfa2ef7-892d-424a-8459-7837362b2b02	8	116194157	116504678	196	0.501
1dfa2ef7-892d-424a-8459-7837362b2b02	8	116505459	116938853	299	0.1463
1dfa2ef7-892d-424a-8459-7837362b2b02	8	116938999	118363424	1032	0.0626
1dfa2ef7-892d-424a-8459-7837362b2b02	8	118364750	118367001	2	-0.8511
1dfa2ef7-892d-424a-8459-7837362b2b02	8	118367315	119872429	1108	0.0713
1dfa2ef7-892d-424a-8459-7837362b2b02	8	119872494	120486096	377	0.1665
1dfa2ef7-892d-424a-8459-7837362b2b02	8	120486124	120561934	40	0.3374
1dfa2ef7-892d-424a-8459-7837362b2b02	8	120562935	120671947	76	0.1675
1dfa2ef7-892d-424a-8459-7837362b2b02	8	120672553	123151439	1721	0.0719
1dfa2ef7-892d-424a-8459-7837362b2b02	8	123153570	124637639	941	0.4199
1dfa2ef7-892d-424a-8459-7837362b2b02	8	124638412	125519373	608	0.1088
1dfa2ef7-892d-424a-8459-7837362b2b02	8	125522373	125916604	353	0.3749
1dfa2ef7-892d-424a-8459-7837362b2b02	8	125926317	128706776	2083	0.1894
1dfa2ef7-892d-424a-8459-7837362b2b02	8	128714077	128732692	9	-0.2254
1dfa2ef7-892d-424a-8459-7837362b2b02	8	128732822	129322235	350	0.0982
1dfa2ef7-892d-424a-8459-7837362b2b02	8	129322640	133609443	3335	0.2218
1dfa2ef7-892d-424a-8459-7837362b2b02	8	133613000	133915145	235	0.3263
1dfa2ef7-892d-424a-8459-7837362b2b02	8	133915839	134241155	346	0.2235
1dfa2ef7-892d-424a-8459-7837362b2b02	8	134241303	134770560	440	0.3354
1dfa2ef7-892d-424a-8459-7837362b2b02	8	134770738	139537829	3820	0.1403
1dfa2ef7-892d-424a-8459-7837362b2b02	8	139538034	139591259	72	0.4893
1dfa2ef7-892d-424a-8459-7837362b2b02	8	139592093	139592959	5	1.3649
1dfa2ef7-892d-424a-8459-7837362b2b02	8	139593472	139692634	90	0.4555
1dfa2ef7-892d-424a-8459-7837362b2b02	8	139692727	145072769	2562	0.1683
1dfa2ef7-892d-424a-8459-7837362b2b02	9	46587	224915	48	0.0055
1dfa2ef7-892d-424a-8459-7837362b2b02	9	224976	5079156	5184	-0.1083
1dfa2ef7-892d-424a-8459-7837362b2b02	9	5081416	5083017	13	0.5218
1dfa2ef7-892d-424a-8459-7837362b2b02	9	5084226	5538263	362	-0.1024
1dfa2ef7-892d-424a-8459-7837362b2b02	9	5541877	5544405	2	-2.6199
1dfa2ef7-892d-424a-8459-7837362b2b02	9	5545198	7580824	1709	-0.1194
1dfa2ef7-892d-424a-8459-7837362b2b02	9	7580951	7582441	2	-2.2938
1dfa2ef7-892d-424a-8459-7837362b2b02	9	7582673	25564894	14667	-0.1157
1dfa2ef7-892d-424a-8459-7837362b2b02	9	25565040	29072798	2728	0.0886
1dfa2ef7-892d-424a-8459-7837362b2b02	9	29074574	41388367	6492	0.0037
1dfa2ef7-892d-424a-8459-7837362b2b02	9	41388379	60894341	123	0.3002
1dfa2ef7-892d-424a-8459-7837362b2b02	9	60898630	61405110	8	-0.2405
1dfa2ef7-892d-424a-8459-7837362b2b02	9	61520021	61647899	30	-1.0814
1dfa2ef7-892d-424a-8459-7837362b2b02	9	61665362	137148611	47601	-0.0291
1dfa2ef7-892d-424a-8459-7837362b2b02	9	137149962	138200944	445	0.0536
1dfa2ef7-892d-424a-8459-7837362b2b02	10	45792	6088114	5145	0.2792
1dfa2ef7-892d-424a-8459-7837362b2b02	10	6091902	6930893	840	0.038
1dfa2ef7-892d-424a-8459-7837362b2b02	10	6931635	6936155	4	-0.8772
1dfa2ef7-892d-424a-8459-7837362b2b02	10	6936239	15981711	7454	0.0575
1dfa2ef7-892d-424a-8459-7837362b2b02	10	15985763	24086334	5735	-0.0082
1dfa2ef7-892d-424a-8459-7837362b2b02	10	24088745	24089125	11	0.8569
1dfa2ef7-892d-424a-8459-7837362b2b02	10	24089979	26903228	1949	-0.0075
1dfa2ef7-892d-424a-8459-7837362b2b02	10	26903285	26934974	33	0.1638
1dfa2ef7-892d-424a-8459-7837362b2b02	10	26936975	26941746	15	0.5165
1dfa2ef7-892d-424a-8459-7837362b2b02	10	26941808	30013385	2320	0.1228
1dfa2ef7-892d-424a-8459-7837362b2b02	10	30015670	30957581	694	0.2275
1dfa2ef7-892d-424a-8459-7837362b2b02	10	30962405	30962893	12	-0.4835
1dfa2ef7-892d-424a-8459-7837362b2b02	10	30962956	42324837	4882	0.2244
1dfa2ef7-892d-424a-8459-7837362b2b02	10	42330980	44256871	1308	-0.036
1dfa2ef7-892d-424a-8459-7837362b2b02	10	44256882	44636797	365	0.1097
1dfa2ef7-892d-424a-8459-7837362b2b02	10	44636819	46522571	882	-0.0194
1dfa2ef7-892d-424a-8459-7837362b2b02	10	46525652	46525833	7	-0.8601
1dfa2ef7-892d-424a-8459-7837362b2b02	10	46525848	46532940	11	-0.1278
1dfa2ef7-892d-424a-8459-7837362b2b02	10	46538819	46967412	39	0.576
1dfa2ef7-892d-424a-8459-7837362b2b02	10	47002596	47680298	289	-0.0053
1dfa2ef7-892d-424a-8459-7837362b2b02	10	47680348	48154966	16	0.4451
1dfa2ef7-892d-424a-8459-7837362b2b02	10	48173568	49419347	1047	-0.027
1dfa2ef7-892d-424a-8459-7837362b2b02	10	49419360	49995238	297	0.1347
1dfa2ef7-892d-424a-8459-7837362b2b02	10	50014239	50019689	2	-1.22
1dfa2ef7-892d-424a-8459-7837362b2b02	10	50019987	51551881	1039	0.1364
1dfa2ef7-892d-424a-8459-7837362b2b02	10	51551896	64351045	9140	-0.0347
1dfa2ef7-892d-424a-8459-7837362b2b02	10	64351388	65548178	836	0.0999
1dfa2ef7-892d-424a-8459-7837362b2b02	10	65548193	65554672	25	0.6006
1dfa2ef7-892d-424a-8459-7837362b2b02	10	65554688	65767793	189	0.1102
1dfa2ef7-892d-424a-8459-7837362b2b02	10	65768327	79260757	8861	-0.0402
1dfa2ef7-892d-424a-8459-7837362b2b02	10	79261884	80148128	361	0.1369
1dfa2ef7-892d-424a-8459-7837362b2b02	10	80151969	132477040	36248	-0.0397
1dfa2ef7-892d-424a-8459-7837362b2b02	10	132478841	133339993	327	0.1049
1dfa2ef7-892d-424a-8459-7837362b2b02	10	133344595	133654968	183	0.2357
1dfa2ef7-892d-424a-8459-7837362b2b02	11	198510	4942963	2408	-0.0468
1dfa2ef7-892d-424a-8459-7837362b2b02	11	4943072	4955042	37	-0.3354
1dfa2ef7-892d-424a-8459-7837362b2b02	11	4955781	18919323	10214	-0.0441
1dfa2ef7-892d-424a-8459-7837362b2b02	11	18927525	18940066	41	0.6558
1dfa2ef7-892d-424a-8459-7837362b2b02	11	18940191	43697551	17780	-0.0462
1dfa2ef7-892d-424a-8459-7837362b2b02	11	43702082	48576870	2775	0.0919
1dfa2ef7-892d-424a-8459-7837362b2b02	11	48579882	48581124	2	-1.8413
1dfa2ef7-892d-424a-8459-7837362b2b02	11	48584766	55595864	1176	0.0958
1dfa2ef7-892d-424a-8459-7837362b2b02	11	55606556	55685058	57	-0.4842
1dfa2ef7-892d-424a-8459-7837362b2b02	11	55685501	80256469	13253	0.0981
1dfa2ef7-892d-424a-8459-7837362b2b02	11	80256504	80256520	2	-2.5211
1dfa2ef7-892d-424a-8459-7837362b2b02	11	80256642	86265495	4253	0.0861
1dfa2ef7-892d-424a-8459-7837362b2b02	11	86280159	86933347	481	-0.0333
1dfa2ef7-892d-424a-8459-7837362b2b02	11	86935851	99688908	8867	0.0767
1dfa2ef7-892d-424a-8459-7837362b2b02	11	99689063	99692177	3	-1.8327
1dfa2ef7-892d-424a-8459-7837362b2b02	11	99693341	101723653	1678	0.0939
1dfa2ef7-892d-424a-8459-7837362b2b02	11	101727129	101727233	4	1.2759
1dfa2ef7-892d-424a-8459-7837362b2b02	11	101727481	107359993	3795	0.0812
1dfa2ef7-892d-424a-8459-7837362b2b02	11	107367930	107368402	7	-2.1634
1dfa2ef7-892d-424a-8459-7837362b2b02	11	107381636	135056996	19897	0.0831
1dfa2ef7-892d-424a-8459-7837362b2b02	11	135057553	135074876	13	-0.085
1dfa2ef7-892d-424a-8459-7837362b2b02	12	51460	22818845	15146	-0.0469
1dfa2ef7-892d-424a-8459-7837362b2b02	12	22819005	27522189	3480	0.2036
1dfa2ef7-892d-424a-8459-7837362b2b02	12	27522630	30854088	2547	0.0986
1dfa2ef7-892d-424a-8459-7837362b2b02	12	30856623	45510655	7202	0.0303
1dfa2ef7-892d-424a-8459-7837362b2b02	12	45512057	45515754	3	-1.7949
1dfa2ef7-892d-424a-8459-7837362b2b02	12	45519509	86487001	25164	0.0298
1dfa2ef7-892d-424a-8459-7837362b2b02	12	86488051	86488178	2	-2.1504
1dfa2ef7-892d-424a-8459-7837362b2b02	12	86496238	126509681	26180	0.0307
1dfa2ef7-892d-424a-8459-7837362b2b02	12	126510400	126522929	8	-0.8487
1dfa2ef7-892d-424a-8459-7837362b2b02	12	126523087	131636170	4463	0.0313
1dfa2ef7-892d-424a-8459-7837362b2b02	12	131648039	131659651	18	0.552
1dfa2ef7-892d-424a-8459-7837362b2b02	12	131669648	133201603	554	0.0314
1dfa2ef7-892d-424a-8459-7837362b2b02	13	18452809	62232848	29037	-0.0626
1dfa2ef7-892d-424a-8459-7837362b2b02	13	62235141	62235315	2	-1.913
1dfa2ef7-892d-424a-8459-7837362b2b02	13	62235349	62387834	89	-0.0715
1dfa2ef7-892d-424a-8459-7837362b2b02	13	62388777	62393055	4	-0.9824
1dfa2ef7-892d-424a-8459-7837362b2b02	13	62394063	63650072	681	-0.0793
1dfa2ef7-892d-424a-8459-7837362b2b02	13	63650659	63662559	9	-1.2395
1dfa2ef7-892d-424a-8459-7837362b2b02	13	63665430	71902850	5172	-0.0777
1dfa2ef7-892d-424a-8459-7837362b2b02	13	71903417	71906418	4	-2.651
1dfa2ef7-892d-424a-8459-7837362b2b02	13	71906467	104800659	22214	-0.0596
1dfa2ef7-892d-424a-8459-7837362b2b02	13	104801817	104801904	2	-1.6025
1dfa2ef7-892d-424a-8459-7837362b2b02	13	104802517	113049090	6286	-0.0634
1dfa2ef7-892d-424a-8459-7837362b2b02	13	113050071	113053299	2	-1.6752
1dfa2ef7-892d-424a-8459-7837362b2b02	13	113053344	114342922	546	-0.0682
1dfa2ef7-892d-424a-8459-7837362b2b02	14	18239283	19197351	40	0.0103
1dfa2ef7-892d-424a-8459-7837362b2b02	14	19203845	19326853	9	0.7986
1dfa2ef7-892d-424a-8459-7837362b2b02	14	19367655	19732250	18	0.1167
1dfa2ef7-892d-424a-8459-7837362b2b02	14	19732958	19952080	98	0.5791
1dfa2ef7-892d-424a-8459-7837362b2b02	14	19954424	47054606	17018	0.0688
1dfa2ef7-892d-424a-8459-7837362b2b02	14	47055323	69547262	14388	0.0386
1dfa2ef7-892d-424a-8459-7837362b2b02	14	69551330	69555750	9	-0.6081
1dfa2ef7-892d-424a-8459-7837362b2b02	14	69555996	105816205	23322	0.0333
1dfa2ef7-892d-424a-8459-7837362b2b02	14	105824008	106340102	168	-0.1593
1dfa2ef7-892d-424a-8459-7837362b2b02	14	106340305	106877229	280	0.0597
1dfa2ef7-892d-424a-8459-7837362b2b02	15	19811075	20056983	50	-0.0142
1dfa2ef7-892d-424a-8459-7837362b2b02	15	20059033	20376311	44	-1.1533
1dfa2ef7-892d-424a-8459-7837362b2b02	15	20380735	20381704	10	-2.8266
1dfa2ef7-892d-424a-8459-7837362b2b02	15	20384774	21999319	73	-1.277
1dfa2ef7-892d-424a-8459-7837362b2b02	15	22003073	22413894	31	-0.6578
1dfa2ef7-892d-424a-8459-7837362b2b02	15	22455811	33315903	6324	-0.0478
1dfa2ef7-892d-424a-8459-7837362b2b02	15	33318410	94235856	39226	-0.1107
1dfa2ef7-892d-424a-8459-7837362b2b02	15	94238675	94284656	37	-1.0909
1dfa2ef7-892d-424a-8459-7837362b2b02	15	94285033	101928837	5680	-0.1003
1dfa2ef7-892d-424a-8459-7837362b2b02	16	10777	7293395	4784	-0.05
1dfa2ef7-892d-424a-8459-7837362b2b02	16	7293473	7296095	3	-1.7195
1dfa2ef7-892d-424a-8459-7837362b2b02	16	7296097	19933041	8665	-0.0427
1dfa2ef7-892d-424a-8459-7837362b2b02	16	19934328	19956040	29	-1.0043
1dfa2ef7-892d-424a-8459-7837362b2b02	16	19958932	22721266	1372	-0.0229
1dfa2ef7-892d-424a-8459-7837362b2b02	16	22724240	51921301	8947	-0.0671
1dfa2ef7-892d-424a-8459-7837362b2b02	16	51921366	55750518	3095	-0.02
1dfa2ef7-892d-424a-8459-7837362b2b02	16	55750694	55775554	21	-0.3778
1dfa2ef7-892d-424a-8459-7837362b2b02	16	55776109	55782331	3	-1.3308
1dfa2ef7-892d-424a-8459-7837362b2b02	16	55782734	55808442	6	-0.2326
1dfa2ef7-892d-424a-8459-7837362b2b02	16	55808470	55824881	12	0.2593
1dfa2ef7-892d-424a-8459-7837362b2b02	16	55834527	56075789	200	-0.1997
1dfa2ef7-892d-424a-8459-7837362b2b02	16	56083607	59297382	1934	-0.0905
1dfa2ef7-892d-424a-8459-7837362b2b02	16	59297998	59976132	470	-0.0212
1dfa2ef7-892d-424a-8459-7837362b2b02	16	59986943	60900864	561	-0.1614
1dfa2ef7-892d-424a-8459-7837362b2b02	16	60900977	74842450	8131	-0.0286
1dfa2ef7-892d-424a-8459-7837362b2b02	16	74847368	74847922	2	-1.6473
1dfa2ef7-892d-424a-8459-7837362b2b02	16	74848740	78337711	2959	-0.0312
1dfa2ef7-892d-424a-8459-7837362b2b02	16	78338543	78350868	16	0.9505
1dfa2ef7-892d-424a-8459-7837362b2b02	16	78351104	90096867	10610	-0.0314
1dfa2ef7-892d-424a-8459-7837362b2b02	17	150733	995856	459	-0.0301
1dfa2ef7-892d-424a-8459-7837362b2b02	17	995927	2973928	979	-0.106
1dfa2ef7-892d-424a-8459-7837362b2b02	17	2974495	2974709	2	-1.5392
1dfa2ef7-892d-424a-8459-7837362b2b02	17	2974928	21541635	11183	-0.1023
1dfa2ef7-892d-424a-8459-7837362b2b02	17	21541996	35012844	4965	-0.0061
1dfa2ef7-892d-424a-8459-7837362b2b02	17	35014815	35027357	10	0.7266
1dfa2ef7-892d-424a-8459-7837362b2b02	17	35032889	35602729	315	-0.0312
1dfa2ef7-892d-424a-8459-7837362b2b02	17	35604029	35761786	96	0.6431
1dfa2ef7-892d-424a-8459-7837362b2b02	17	35767008	35787263	12	-0.045
1dfa2ef7-892d-424a-8459-7837362b2b02	17	35788328	35918805	64	0.3339
1dfa2ef7-892d-424a-8459-7837362b2b02	17	35918838	45699383	4953	-0.023
1dfa2ef7-892d-424a-8459-7837362b2b02	17	45699492	45925791	150	0.1196
1dfa2ef7-892d-424a-8459-7837362b2b02	17	45927076	46351954	253	0.0277
1dfa2ef7-892d-424a-8459-7837362b2b02	17	46446345	46446360	2	1.4581
1dfa2ef7-892d-424a-8459-7837362b2b02	17	46569894	83091923	21544	-0.0126
1dfa2ef7-892d-424a-8459-7837362b2b02	18	48133	9327028	6773	-0.1565
1dfa2ef7-892d-424a-8459-7837362b2b02	18	9329269	27719865	7708	-0.0213
1dfa2ef7-892d-424a-8459-7837362b2b02	18	27722095	42471713	9502	-0.166
1dfa2ef7-892d-424a-8459-7837362b2b02	18	42476604	42477506	24	-0.921
1dfa2ef7-892d-424a-8459-7837362b2b02	18	42477802	51039262	5772	-0.1691
1dfa2ef7-892d-424a-8459-7837362b2b02	18	51039401	51039656	4	1.5101
1dfa2ef7-892d-424a-8459-7837362b2b02	18	51039939	66050517	10446	-0.1685
1dfa2ef7-892d-424a-8459-7837362b2b02	18	66054343	66065571	16	-0.7491
1dfa2ef7-892d-424a-8459-7837362b2b02	18	66065592	69078869	2210	-0.1662
1dfa2ef7-892d-424a-8459-7837362b2b02	18	69079007	69090903	41	-0.7353
1dfa2ef7-892d-424a-8459-7837362b2b02	18	69090917	80257174	8152	-0.1801
1dfa2ef7-892d-424a-8459-7837362b2b02	19	90910	19704153	8486	-0.0086
1dfa2ef7-892d-424a-8459-7837362b2b02	19	19704990	20533543	500	0.0713
1dfa2ef7-892d-424a-8459-7837362b2b02	19	20533583	23984420	1972	-0.0033
1dfa2ef7-892d-424a-8459-7837362b2b02	19	23984820	35167825	5565	0.0386
1dfa2ef7-892d-424a-8459-7837362b2b02	19	35172871	35173140	6	-0.9768
1dfa2ef7-892d-424a-8459-7837362b2b02	19	35175144	35358420	168	-0.0174
1dfa2ef7-892d-424a-8459-7837362b2b02	19	35364451	35370877	20	-0.3323
1dfa2ef7-892d-424a-8459-7837362b2b02	19	35370946	42743373	3671	0.0304
1dfa2ef7-892d-424a-8459-7837362b2b02	19	42751065	42882033	50	0.5287
1dfa2ef7-892d-424a-8459-7837362b2b02	19	42883522	54215099	6050	0.0402
1dfa2ef7-892d-424a-8459-7837362b2b02	19	54215136	54249482	18	0.525
1dfa2ef7-892d-424a-8459-7837362b2b02	19	54249619	58586487	2584	0.0324
1dfa2ef7-892d-424a-8459-7837362b2b02	20	80664	96321	27	0.109
1dfa2ef7-892d-424a-8459-7837362b2b02	20	98825	158778	36	0.3149
1dfa2ef7-892d-424a-8459-7837362b2b02	20	158935	159104	2	-1.0084
1dfa2ef7-892d-424a-8459-7837362b2b02	20	159160	1576544	1118	0.358
1dfa2ef7-892d-424a-8459-7837362b2b02	20	1576573	1601561	56	-0.386
1dfa2ef7-892d-424a-8459-7837362b2b02	20	1609611	1613247	5	0.937
1dfa2ef7-892d-424a-8459-7837362b2b02	20	1617300	4048059	1682	0.3378
1dfa2ef7-892d-424a-8459-7837362b2b02	20	4048379	4050805	5	-0.6848
1dfa2ef7-892d-424a-8459-7837362b2b02	20	4053704	4057725	7	0.4616
1dfa2ef7-892d-424a-8459-7837362b2b02	20	4058019	4060093	3	-0.7191
1dfa2ef7-892d-424a-8459-7837362b2b02	20	4060116	5259709	951	0.3462
1dfa2ef7-892d-424a-8459-7837362b2b02	20	5259946	6234383	712	0.1947
1dfa2ef7-892d-424a-8459-7837362b2b02	20	6236333	6237297	2	1.5277
1dfa2ef7-892d-424a-8459-7837362b2b02	20	6240559	16942240	8607	0.1949
1dfa2ef7-892d-424a-8459-7837362b2b02	20	16942277	20362184	2848	0.2997
1dfa2ef7-892d-424a-8459-7837362b2b02	20	20362433	25529510	3661	0.444
1dfa2ef7-892d-424a-8459-7837362b2b02	20	25530168	26324855	288	0.3065
1dfa2ef7-892d-424a-8459-7837362b2b02	20	26324943	32389227	579	-0.0476
1dfa2ef7-892d-424a-8459-7837362b2b02	20	32395640	33337672	586	0.0657
1dfa2ef7-892d-424a-8459-7837362b2b02	20	33337811	34143656	353	-0.0628
1dfa2ef7-892d-424a-8459-7837362b2b02	20	34149661	35538364	635	0.6741
1dfa2ef7-892d-424a-8459-7837362b2b02	20	35549938	35622264	31	0.1951
1dfa2ef7-892d-424a-8459-7837362b2b02	20	35623371	35674089	21	0.9933
1dfa2ef7-892d-424a-8459-7837362b2b02	20	35675580	52808538	11707	-0.0326
1dfa2ef7-892d-424a-8459-7837362b2b02	20	52809434	53160856	287	0.701
1dfa2ef7-892d-424a-8459-7837362b2b02	20	53165723	53422126	221	0.0342
1dfa2ef7-892d-424a-8459-7837362b2b02	20	53424094	54031269	438	0.6595
1dfa2ef7-892d-424a-8459-7837362b2b02	20	54034615	54042112	35	-0.554
1dfa2ef7-892d-424a-8459-7837362b2b02	20	54046035	54273423	238	0.6213
1dfa2ef7-892d-424a-8459-7837362b2b02	20	54274797	54700477	330	0.1027
1dfa2ef7-892d-424a-8459-7837362b2b02	20	54703182	54764564	55	-0.0798
1dfa2ef7-892d-424a-8459-7837362b2b02	20	54767412	54798135	20	0.2018
1dfa2ef7-892d-424a-8459-7837362b2b02	20	54801180	54826968	19	-0.0611
1dfa2ef7-892d-424a-8459-7837362b2b02	20	54827024	54854044	38	0.2036
1dfa2ef7-892d-424a-8459-7837362b2b02	20	54856895	54994747	140	-0.0451
1dfa2ef7-892d-424a-8459-7837362b2b02	20	54995601	55043960	47	0.2429
1dfa2ef7-892d-424a-8459-7837362b2b02	20	55051924	55174719	92	0.8479
1dfa2ef7-892d-424a-8459-7837362b2b02	20	55175567	56987407	1448	-0.0273
1dfa2ef7-892d-424a-8459-7837362b2b02	20	56989636	57034945	53	0.6453
1dfa2ef7-892d-424a-8459-7837362b2b02	20	57035479	64324800	4965	-0.0328
1dfa2ef7-892d-424a-8459-7837362b2b02	21	10354168	12973348	88	0.231
1dfa2ef7-892d-424a-8459-7837362b2b02	21	12992210	13579469	177	0.0196
1dfa2ef7-892d-424a-8459-7837362b2b02	21	13581872	13677975	7	0.7491
1dfa2ef7-892d-424a-8459-7837362b2b02	21	13803967	13839099	13	0.1221
1dfa2ef7-892d-424a-8459-7837362b2b02	21	13841993	46677045	23553	-0.0586
1dfa2ef7-892d-424a-8459-7837362b2b02	22	15294547	17306946	496	-0.0611
1dfa2ef7-892d-424a-8459-7837362b2b02	22	17307635	17318497	16	0.5922
1dfa2ef7-892d-424a-8459-7837362b2b02	22	17318800	18083522	539	-0.1023
1dfa2ef7-892d-424a-8459-7837362b2b02	22	18086778	18116004	36	0.4963
1dfa2ef7-892d-424a-8459-7837362b2b02	22	18119261	21875921	1784	-0.0457
1dfa2ef7-892d-424a-8459-7837362b2b02	22	21881037	21928404	24	1.0017
1dfa2ef7-892d-424a-8459-7837362b2b02	22	21935752	25598372	2661	-0.0823
1dfa2ef7-892d-424a-8459-7837362b2b02	22	25602486	38933588	9639	-0.1112
1dfa2ef7-892d-424a-8459-7837362b2b02	22	38935341	38975897	41	0.1772
1dfa2ef7-892d-424a-8459-7837362b2b02	22	38978372	49268488	7162	-0.1172
1dfa2ef7-892d-424a-8459-7837362b2b02	22	49269005	50796027	843	-0.0543
1dfa2ef7-892d-424a-8459-7837362b2b02	X	251810	47833937	28855	-0.0592
1dfa2ef7-892d-424a-8459-7837362b2b02	X	47834070	73692504	9303	-0.0168
1dfa2ef7-892d-424a-8459-7837362b2b02	X	73692897	77670071	1685	0.0505
1dfa2ef7-892d-424a-8459-7837362b2b02	X	77686290	86554995	4777	-0.0221
1dfa2ef7-892d-424a-8459-7837362b2b02	X	86555092	86693426	105	-0.0948
1dfa2ef7-892d-424a-8459-7837362b2b02	X	86694211	155952689	38858	0.0512
1dfa2ef7-892d-424a-8459-7837362b2b02	Y	2782397	6075631	718	-2.6455
1dfa2ef7-892d-424a-8459-7837362b2b02	Y	6076562	25971733	5749	-3.1125
1dfa2ef7-892d-424a-8459-7837362b2b02	Y	26077669	56872112	172	-2.6744
