GDC_Aliquot	Chromosome	Start	End	Num_Probes	Segment_Mean
d5f19381-3631-43d1-abab-336134cc2afd	1	62920	25256850	14015	0.1659
d5f19381-3631-43d1-abab-336134cc2afd	1	25266637	25336853	26	-1.4593
d5f19381-3631-43d1-abab-336134cc2afd	1	25346663	30927053	2903	0.1641
d5f19381-3631-43d1-abab-336134cc2afd	1	30929301	36401633	2854	0.3777
d5f19381-3631-43d1-abab-336134cc2afd	1	36407064	36407717	4	-0.6257
d5f19381-3631-43d1-abab-336134cc2afd	1	36408641	38666758	1404	0.4069
d5f19381-3631-43d1-abab-336134cc2afd	1	38666759	38666761	3	-0.7602
d5f19381-3631-43d1-abab-336134cc2afd	1	38669516	48248041	5487	0.3806
d5f19381-3631-43d1-abab-336134cc2afd	1	48249523	48249536	2	-3.5686
d5f19381-3631-43d1-abab-336134cc2afd	1	48249981	72297687	16079	0.3683
d5f19381-3631-43d1-abab-336134cc2afd	1	72302735	72345465	48	1.3791
d5f19381-3631-43d1-abab-336134cc2afd	1	72346221	78674968	3984	0.3487
d5f19381-3631-43d1-abab-336134cc2afd	1	78676715	78676725	2	-1.1928
d5f19381-3631-43d1-abab-336134cc2afd	1	78680872	83350794	3102	0.3476
d5f19381-3631-43d1-abab-336134cc2afd	1	83359894	83359907	2	-1.7408
d5f19381-3631-43d1-abab-336134cc2afd	1	83362590	103615687	12945	0.3583
d5f19381-3631-43d1-abab-336134cc2afd	1	103616725	103760781	9	-0.8515
d5f19381-3631-43d1-abab-336134cc2afd	1	103760879	104423269	367	0.3431
d5f19381-3631-43d1-abab-336134cc2afd	1	104430274	109684695	3201	-0.391
d5f19381-3631-43d1-abab-336134cc2afd	1	109684893	109697556	14	0.86
d5f19381-3631-43d1-abab-336134cc2afd	1	109702376	112125997	1935	-0.3896
d5f19381-3631-43d1-abab-336134cc2afd	1	112126014	112154591	35	-0.793
d5f19381-3631-43d1-abab-336134cc2afd	1	112154619	121705338	5165	-0.3706
d5f19381-3631-43d1-abab-336134cc2afd	1	143459641	150124652	1143	0.1675
d5f19381-3631-43d1-abab-336134cc2afd	1	150131878	150306902	74	0.5623
d5f19381-3631-43d1-abab-336134cc2afd	1	150306961	152583230	1228	0.1848
d5f19381-3631-43d1-abab-336134cc2afd	1	152583291	152614064	32	0.7441
d5f19381-3631-43d1-abab-336134cc2afd	1	152614100	153366275	665	0.1986
d5f19381-3631-43d1-abab-336134cc2afd	1	153366548	153368173	2	-1.0155
d5f19381-3631-43d1-abab-336134cc2afd	1	153368348	157361097	1926	0.1959
d5f19381-3631-43d1-abab-336134cc2afd	1	157361351	157361365	2	-1.5233
d5f19381-3631-43d1-abab-336134cc2afd	1	157361617	158989785	1286	0.1846
d5f19381-3631-43d1-abab-336134cc2afd	1	158992249	158993006	2	-1.6623
d5f19381-3631-43d1-abab-336134cc2afd	1	158997074	169247699	7605	0.1942
d5f19381-3631-43d1-abab-336134cc2afd	1	169264736	169272528	7	-1.1593
d5f19381-3631-43d1-abab-336134cc2afd	1	169273163	179354603	6611	0.178
d5f19381-3631-43d1-abab-336134cc2afd	1	179361393	179362247	2	-3.9346
d5f19381-3631-43d1-abab-336134cc2afd	1	179364180	190712667	7581	0.1702
d5f19381-3631-43d1-abab-336134cc2afd	1	190715187	190720011	2	-1.3555
d5f19381-3631-43d1-abab-336134cc2afd	1	190720348	190867453	90	0.0831
d5f19381-3631-43d1-abab-336134cc2afd	1	190867703	190868235	2	-1.6681
d5f19381-3631-43d1-abab-336134cc2afd	1	190872754	196745743	3894	0.1549
d5f19381-3631-43d1-abab-336134cc2afd	1	196758720	196846661	61	-2.323
d5f19381-3631-43d1-abab-336134cc2afd	1	196847600	199142393	1378	0.1501
d5f19381-3631-43d1-abab-336134cc2afd	1	199142562	199142844	2	1.6448
d5f19381-3631-43d1-abab-336134cc2afd	1	199143343	209897717	7408	0.1837
d5f19381-3631-43d1-abab-336134cc2afd	1	209908268	209908720	2	-1.4651
d5f19381-3631-43d1-abab-336134cc2afd	1	209910639	210425493	347	0.1923
d5f19381-3631-43d1-abab-336134cc2afd	1	210431402	210439184	24	-1.1387
d5f19381-3631-43d1-abab-336134cc2afd	1	210441948	247999886	26199	0.1842
d5f19381-3631-43d1-abab-336134cc2afd	1	248002400	248008274	2	-3.0833
d5f19381-3631-43d1-abab-336134cc2afd	1	248010151	248930189	454	0.1792
d5f19381-3631-43d1-abab-336134cc2afd	2	12784	35742970	25013	0.1805
d5f19381-3631-43d1-abab-336134cc2afd	2	35750907	35762881	8	-1.6141
d5f19381-3631-43d1-abab-336134cc2afd	2	35772407	52516787	12129	0.1845
d5f19381-3631-43d1-abab-336134cc2afd	2	52527330	52554404	40	-0.5073
d5f19381-3631-43d1-abab-336134cc2afd	2	52560811	65882889	8587	0.1772
d5f19381-3631-43d1-abab-336134cc2afd	2	65887367	65888885	3	-0.9944
d5f19381-3631-43d1-abab-336134cc2afd	2	65892172	77352150	7482	0.1801
d5f19381-3631-43d1-abab-336134cc2afd	2	77353405	77362692	7	-0.8397
d5f19381-3631-43d1-abab-336134cc2afd	2	77363671	81583448	2872	0.1676
d5f19381-3631-43d1-abab-336134cc2afd	2	81585057	81586141	6	-0.7058
d5f19381-3631-43d1-abab-336134cc2afd	2	81586157	85420423	2201	0.1552
d5f19381-3631-43d1-abab-336134cc2afd	2	85420466	85590091	81	0.3797
d5f19381-3631-43d1-abab-336134cc2afd	2	85591150	85597345	6	0.8424
d5f19381-3631-43d1-abab-336134cc2afd	2	85606709	85734951	68	0.3616
d5f19381-3631-43d1-abab-336134cc2afd	2	85735020	86878530	669	0.1676
d5f19381-3631-43d1-abab-336134cc2afd	2	86878753	87211079	51	-0.028
d5f19381-3631-43d1-abab-336134cc2afd	2	87218694	87218834	2	-2.0074
d5f19381-3631-43d1-abab-336134cc2afd	2	87221597	97192190	1794	0.1738
d5f19381-3631-43d1-abab-336134cc2afd	2	97199600	97211436	14	-0.5838
d5f19381-3631-43d1-abab-336134cc2afd	2	97310327	108058237	6729	0.1745
d5f19381-3631-43d1-abab-336134cc2afd	2	108060610	108064612	2	-1.3831
d5f19381-3631-43d1-abab-336134cc2afd	2	108064707	113604438	2653	0.1862
d5f19381-3631-43d1-abab-336134cc2afd	2	113604837	113604839	2	-2.4656
d5f19381-3631-43d1-abab-336134cc2afd	2	113623244	141739826	17455	0.1617
d5f19381-3631-43d1-abab-336134cc2afd	2	141740815	142284572	397	0.3529
d5f19381-3631-43d1-abab-336134cc2afd	2	142285716	146107801	2202	0.1436
d5f19381-3631-43d1-abab-336134cc2afd	2	146108179	146109230	11	-0.5963
d5f19381-3631-43d1-abab-336134cc2afd	2	146109341	188420530	25791	0.1658
d5f19381-3631-43d1-abab-336134cc2afd	2	188422109	188423828	2	-2.6238
d5f19381-3631-43d1-abab-336134cc2afd	2	188426618	191124630	1578	0.1541
d5f19381-3631-43d1-abab-336134cc2afd	2	191131280	191133826	3	-1.0744
d5f19381-3631-43d1-abab-336134cc2afd	2	191134017	194389860	1793	0.1488
d5f19381-3631-43d1-abab-336134cc2afd	2	194390489	194395020	5	-0.7863
d5f19381-3631-43d1-abab-336134cc2afd	2	194399082	204858321	6033	0.1617
d5f19381-3631-43d1-abab-336134cc2afd	2	204859181	205043767	150	-0.1124
d5f19381-3631-43d1-abab-336134cc2afd	2	205046436	215567753	6776	0.1618
d5f19381-3631-43d1-abab-336134cc2afd	2	215567883	215666190	84	0.3544
d5f19381-3631-43d1-abab-336134cc2afd	2	215668208	215777582	78	0.5493
d5f19381-3631-43d1-abab-336134cc2afd	2	215779232	242147305	16781	0.1739
d5f19381-3631-43d1-abab-336134cc2afd	3	20930	35639	17	0.1095
d5f19381-3631-43d1-abab-336134cc2afd	3	43533	182919	137	0.9072
d5f19381-3631-43d1-abab-336134cc2afd	3	188339	195392	10	0.2287
d5f19381-3631-43d1-abab-336134cc2afd	3	196197	5057765	4349	0.116
d5f19381-3631-43d1-abab-336134cc2afd	3	5057895	5057911	2	-2.0389
d5f19381-3631-43d1-abab-336134cc2afd	3	5057931	6499790	1240	0.1174
d5f19381-3631-43d1-abab-336134cc2afd	3	6503963	6522975	20	-0.4004
d5f19381-3631-43d1-abab-336134cc2afd	3	6523722	9215892	2350	0.1026
d5f19381-3631-43d1-abab-336134cc2afd	3	9217303	9311694	78	0.3749
d5f19381-3631-43d1-abab-336134cc2afd	3	9312612	17499108	5551	0.11
d5f19381-3631-43d1-abab-336134cc2afd	3	17501710	17502521	2	-2.4449
d5f19381-3631-43d1-abab-336134cc2afd	3	17504946	26384700	6135	0.1044
d5f19381-3631-43d1-abab-336134cc2afd	3	26392633	26397852	4	-1.4846
d5f19381-3631-43d1-abab-336134cc2afd	3	26404482	67532830	27176	0.1182
d5f19381-3631-43d1-abab-336134cc2afd	3	67533247	67533867	3	-1.9652
d5f19381-3631-43d1-abab-336134cc2afd	3	67537519	68697013	727	0.109
d5f19381-3631-43d1-abab-336134cc2afd	3	68697108	68698262	14	-2.1434
d5f19381-3631-43d1-abab-336134cc2afd	3	68699607	75748496	4973	0.1165
d5f19381-3631-43d1-abab-336134cc2afd	3	75755699	75777035	6	-1.188
d5f19381-3631-43d1-abab-336134cc2afd	3	75778459	89219006	7499	0.0932
d5f19381-3631-43d1-abab-336134cc2afd	3	89219036	89395195	219	0.3245
d5f19381-3631-43d1-abab-336134cc2afd	3	89395291	89395307	2	-1.1977
d5f19381-3631-43d1-abab-336134cc2afd	3	89395612	89590036	79	0.314
d5f19381-3631-43d1-abab-336134cc2afd	3	89590587	90453712	277	0.1007
d5f19381-3631-43d1-abab-336134cc2afd	3	91390926	98180476	2252	0.3175
d5f19381-3631-43d1-abab-336134cc2afd	3	98180575	98189826	2	-2.2051
d5f19381-3631-43d1-abab-336134cc2afd	3	98190281	102072968	2243	0.3256
d5f19381-3631-43d1-abab-336134cc2afd	3	102078577	102350469	142	0.4757
d5f19381-3631-43d1-abab-336134cc2afd	3	102353364	104529132	1251	0.304
d5f19381-3631-43d1-abab-336134cc2afd	3	104529191	104529197	2	-1.3055
d5f19381-3631-43d1-abab-336134cc2afd	3	104536438	125950205	13318	0.3226
d5f19381-3631-43d1-abab-336134cc2afd	3	125954540	125957120	3	-2.7354
d5f19381-3631-43d1-abab-336134cc2afd	3	125961657	128935282	1908	0.3251
d5f19381-3631-43d1-abab-336134cc2afd	3	128936203	128952094	8	-0.8127
d5f19381-3631-43d1-abab-336134cc2afd	3	128956464	146661402	10899	0.3416
d5f19381-3631-43d1-abab-336134cc2afd	3	146665207	146668345	4	2.5865
d5f19381-3631-43d1-abab-336134cc2afd	3	146674197	150835383	2473	0.3284
d5f19381-3631-43d1-abab-336134cc2afd	3	150836452	150836991	2	-1.4154
d5f19381-3631-43d1-abab-336134cc2afd	3	150841351	155158836	2730	0.3333
d5f19381-3631-43d1-abab-336134cc2afd	3	155159194	155159376	3	-1.6207
d5f19381-3631-43d1-abab-336134cc2afd	3	155163224	159659523	2741	0.3358
d5f19381-3631-43d1-abab-336134cc2afd	3	159672758	160087116	253	0.6951
d5f19381-3631-43d1-abab-336134cc2afd	3	160089547	162822685	1691	0.3218
d5f19381-3631-43d1-abab-336134cc2afd	3	162822702	162908207	49	-0.276
d5f19381-3631-43d1-abab-336134cc2afd	3	162908784	193160113	19171	0.3282
d5f19381-3631-43d1-abab-336134cc2afd	3	193160173	193163042	10	1.5492
d5f19381-3631-43d1-abab-336134cc2afd	3	193163053	198169247	2702	0.3322
d5f19381-3631-43d1-abab-336134cc2afd	4	68929	10212536	5706	0.1619
d5f19381-3631-43d1-abab-336134cc2afd	4	10221792	10229874	28	-2.6873
d5f19381-3631-43d1-abab-336134cc2afd	4	10232590	25506182	11176	0.1548
d5f19381-3631-43d1-abab-336134cc2afd	4	25506388	25706319	117	0.4127
d5f19381-3631-43d1-abab-336134cc2afd	4	25707201	34777353	5681	0.1265
d5f19381-3631-43d1-abab-336134cc2afd	4	34777382	34823103	42	-0.9893
d5f19381-3631-43d1-abab-336134cc2afd	4	34828250	35493476	442	0.1288
d5f19381-3631-43d1-abab-336134cc2afd	4	35494183	35494986	2	-1.2106
d5f19381-3631-43d1-abab-336134cc2afd	4	35496722	36448279	641	0.1303
d5f19381-3631-43d1-abab-336134cc2afd	4	36448795	36459317	8	-0.607
d5f19381-3631-43d1-abab-336134cc2afd	4	36459359	49508382	7891	0.1532
d5f19381-3631-43d1-abab-336134cc2afd	4	49509185	49653346	11	-0.3095
d5f19381-3631-43d1-abab-336134cc2afd	4	49654496	49656206	3	-1.5717
d5f19381-3631-43d1-abab-336134cc2afd	4	49656595	68395346	10451	-0.0877
d5f19381-3631-43d1-abab-336134cc2afd	4	68416487	68620261	82	0.2972
d5f19381-3631-43d1-abab-336134cc2afd	4	68623617	72436726	2163	-0.0801
d5f19381-3631-43d1-abab-336134cc2afd	4	72441784	72441880	2	-2.9302
d5f19381-3631-43d1-abab-336134cc2afd	4	72444609	77570182	3420	-0.0723
d5f19381-3631-43d1-abab-336134cc2afd	4	77573074	77575725	2	-2.0507
d5f19381-3631-43d1-abab-336134cc2afd	4	77580005	86460806	5477	-0.0837
d5f19381-3631-43d1-abab-336134cc2afd	4	86465714	86723958	107	-0.4032
d5f19381-3631-43d1-abab-336134cc2afd	4	86724011	101576401	8873	-0.0869
d5f19381-3631-43d1-abab-336134cc2afd	4	101580398	101580476	2	-2.2107
d5f19381-3631-43d1-abab-336134cc2afd	4	101583199	102154826	369	-0.096
d5f19381-3631-43d1-abab-336134cc2afd	4	102157460	102158688	2	-2.3914
d5f19381-3631-43d1-abab-336134cc2afd	4	102158742	114252544	7278	-0.0916
d5f19381-3631-43d1-abab-336134cc2afd	4	114254167	114261019	23	0.5338
d5f19381-3631-43d1-abab-336134cc2afd	4	114263073	114586468	226	-0.0866
d5f19381-3631-43d1-abab-336134cc2afd	4	114587010	114589298	3	-2.3445
d5f19381-3631-43d1-abab-336134cc2afd	4	114593270	118682061	2366	-0.1022
d5f19381-3631-43d1-abab-336134cc2afd	4	118685422	119459233	477	0.1607
d5f19381-3631-43d1-abab-336134cc2afd	4	119460368	134809108	8850	-0.0998
d5f19381-3631-43d1-abab-336134cc2afd	4	134811164	134811874	2	-2.5111
d5f19381-3631-43d1-abab-336134cc2afd	4	134815211	136910641	1126	-0.1128
d5f19381-3631-43d1-abab-336134cc2afd	4	136913584	136913813	3	-1.4992
d5f19381-3631-43d1-abab-336134cc2afd	4	136914504	150955199	8548	-0.095
d5f19381-3631-43d1-abab-336134cc2afd	4	150955254	150963146	21	-1.6424
d5f19381-3631-43d1-abab-336134cc2afd	4	150963148	155673078	2921	-0.0653
d5f19381-3631-43d1-abab-336134cc2afd	4	155673116	155676843	14	-2.1718
d5f19381-3631-43d1-abab-336134cc2afd	4	155680783	160145688	2792	-0.0899
d5f19381-3631-43d1-abab-336134cc2afd	4	160145704	160145993	6	-1.8112
d5f19381-3631-43d1-abab-336134cc2afd	4	160146743	160646816	369	-0.1227
d5f19381-3631-43d1-abab-336134cc2afd	4	160652869	160654031	3	-1.3135
d5f19381-3631-43d1-abab-336134cc2afd	4	160654265	160995812	283	-0.0821
d5f19381-3631-43d1-abab-336134cc2afd	4	160998336	161000576	3	-1.1003
d5f19381-3631-43d1-abab-336134cc2afd	4	161000898	161210520	146	-0.1157
d5f19381-3631-43d1-abab-336134cc2afd	4	161211073	161211606	3	-1.9442
d5f19381-3631-43d1-abab-336134cc2afd	4	161213095	172066777	6893	-0.095
d5f19381-3631-43d1-abab-336134cc2afd	4	172067997	172068382	12	-2.0803
d5f19381-3631-43d1-abab-336134cc2afd	4	172074828	180202172	5093	-0.0904
d5f19381-3631-43d1-abab-336134cc2afd	4	180203097	180203354	7	-1.2433
d5f19381-3631-43d1-abab-336134cc2afd	4	180203478	184306031	3118	-0.0871
d5f19381-3631-43d1-abab-336134cc2afd	4	184307474	184407898	78	0.1705
d5f19381-3631-43d1-abab-336134cc2afd	4	184409246	190106768	3784	-0.083
d5f19381-3631-43d1-abab-336134cc2afd	5	15532	725091	317	0.124
d5f19381-3631-43d1-abab-336134cc2afd	5	728864	833513	36	1.1844
d5f19381-3631-43d1-abab-336134cc2afd	5	852451	4403846	2886	0.1788
d5f19381-3631-43d1-abab-336134cc2afd	5	4404386	4405510	2	-1.2559
d5f19381-3631-43d1-abab-336134cc2afd	5	4405692	5095880	580	0.1819
d5f19381-3631-43d1-abab-336134cc2afd	5	5096853	5097037	2	-1.3876
d5f19381-3631-43d1-abab-336134cc2afd	5	5100870	10358170	4584	0.188
d5f19381-3631-43d1-abab-336134cc2afd	5	10358741	12785150	1783	-0.0867
d5f19381-3631-43d1-abab-336134cc2afd	5	12790757	12819964	13	0.4177
d5f19381-3631-43d1-abab-336134cc2afd	5	12824299	17075351	2898	-0.074
d5f19381-3631-43d1-abab-336134cc2afd	5	17080556	18425857	830	0.1969
d5f19381-3631-43d1-abab-336134cc2afd	5	18427134	30686074	7191	0.1511
d5f19381-3631-43d1-abab-336134cc2afd	5	30686404	46152338	9525	0.1844
d5f19381-3631-43d1-abab-336134cc2afd	5	46161420	73309419	13640	-0.0733
d5f19381-3631-43d1-abab-336134cc2afd	5	73310284	73368801	42	0.2752
d5f19381-3631-43d1-abab-336134cc2afd	5	73374287	82760959	6100	-0.0684
d5f19381-3631-43d1-abab-336134cc2afd	5	82760973	89759992	3830	-0.1042
d5f19381-3631-43d1-abab-336134cc2afd	5	89763049	92255164	1381	-0.0715
d5f19381-3631-43d1-abab-336134cc2afd	5	92255891	92271227	10	0.4304
d5f19381-3631-43d1-abab-336134cc2afd	5	92271594	92280157	6	0.0869
d5f19381-3631-43d1-abab-336134cc2afd	5	92280880	92294942	5	0.5005
d5f19381-3631-43d1-abab-336134cc2afd	5	92305710	92362000	27	0.6905
d5f19381-3631-43d1-abab-336134cc2afd	5	92368473	114871493	13959	-0.0849
d5f19381-3631-43d1-abab-336134cc2afd	5	114872005	114875181	5	-1.5234
d5f19381-3631-43d1-abab-336134cc2afd	5	114882338	119919821	3566	-0.0896
d5f19381-3631-43d1-abab-336134cc2afd	5	119923550	119926003	5	-1.8551
d5f19381-3631-43d1-abab-336134cc2afd	5	119926008	126567457	4465	-0.094
d5f19381-3631-43d1-abab-336134cc2afd	5	126569302	126661702	44	0.245
d5f19381-3631-43d1-abab-336134cc2afd	5	126665801	133023222	3491	-0.0775
d5f19381-3631-43d1-abab-336134cc2afd	5	133023273	135951435	2001	-0.4137
d5f19381-3631-43d1-abab-336134cc2afd	5	135954076	136079764	127	-0.1396
d5f19381-3631-43d1-abab-336134cc2afd	5	136080037	142183545	3215	-0.3952
d5f19381-3631-43d1-abab-336134cc2afd	5	142184250	142308648	89	-0.01
d5f19381-3631-43d1-abab-336134cc2afd	5	142309804	171595594	20214	-0.4047
d5f19381-3631-43d1-abab-336134cc2afd	5	171596857	171693600	76	0.3637
d5f19381-3631-43d1-abab-336134cc2afd	5	171694205	177770954	3932	-0.4052
d5f19381-3631-43d1-abab-336134cc2afd	5	177771448	177827964	5	1.0227
d5f19381-3631-43d1-abab-336134cc2afd	5	177832414	181363319	1978	-0.3977
d5f19381-3631-43d1-abab-336134cc2afd	6	149661	16087418	12562	-0.0722
d5f19381-3631-43d1-abab-336134cc2afd	6	16088037	16088500	4	-1.8709
d5f19381-3631-43d1-abab-336134cc2afd	6	16088820	19217408	2346	-0.0553
d5f19381-3631-43d1-abab-336134cc2afd	6	19227436	19244897	11	-0.7183
d5f19381-3631-43d1-abab-336134cc2afd	6	19261531	25224904	4334	-0.071
d5f19381-3631-43d1-abab-336134cc2afd	6	25234144	25331700	67	0.2388
d5f19381-3631-43d1-abab-336134cc2afd	6	25332377	27122625	1040	-0.0975
d5f19381-3631-43d1-abab-336134cc2afd	6	27127177	27127355	2	-1.5958
d5f19381-3631-43d1-abab-336134cc2afd	6	27127930	29882497	1307	-0.0733
d5f19381-3631-43d1-abab-336134cc2afd	6	29882589	29933799	18	-0.6936
d5f19381-3631-43d1-abab-336134cc2afd	6	29940692	31218757	572	-0.0594
d5f19381-3631-43d1-abab-336134cc2afd	6	31224738	31230932	9	1.3061
d5f19381-3631-43d1-abab-336134cc2afd	6	31237840	31313046	62	0.0059
d5f19381-3631-43d1-abab-336134cc2afd	6	31318499	31328674	11	-1.7806
d5f19381-3631-43d1-abab-336134cc2afd	6	31342147	32627306	547	-0.0925
d5f19381-3631-43d1-abab-336134cc2afd	6	32627455	32634330	3	-2.6922
d5f19381-3631-43d1-abab-336134cc2afd	6	32634492	46895943	9071	-0.0668
d5f19381-3631-43d1-abab-336134cc2afd	6	46897523	47205920	277	0.2016
d5f19381-3631-43d1-abab-336134cc2afd	6	47209149	54066286	4367	-0.0686
d5f19381-3631-43d1-abab-336134cc2afd	6	54066353	54067057	7	1.1947
d5f19381-3631-43d1-abab-336134cc2afd	6	54070550	64627049	4226	-0.0751
d5f19381-3631-43d1-abab-336134cc2afd	6	64637651	64639099	2	-3.1028
d5f19381-3631-43d1-abab-336134cc2afd	6	64640883	78270700	8967	-0.0899
d5f19381-3631-43d1-abab-336134cc2afd	6	78270730	78310037	44	-0.7815
d5f19381-3631-43d1-abab-336134cc2afd	6	78310722	92864624	9277	-0.0758
d5f19381-3631-43d1-abab-336134cc2afd	6	92866148	92873376	34	-0.5864
d5f19381-3631-43d1-abab-336134cc2afd	6	92874566	103299546	6220	-0.096
d5f19381-3631-43d1-abab-336134cc2afd	6	103299557	103299578	2	-1.5741
d5f19381-3631-43d1-abab-336134cc2afd	6	103299596	155362761	33480	-0.0759
d5f19381-3631-43d1-abab-336134cc2afd	6	155362863	155458860	88	0.2046
d5f19381-3631-43d1-abab-336134cc2afd	6	155461102	162157489	4656	-0.0781
d5f19381-3631-43d1-abab-336134cc2afd	6	162157575	162158242	4	-1.234
d5f19381-3631-43d1-abab-336134cc2afd	6	162161146	170741917	5987	-0.0886
d5f19381-3631-43d1-abab-336134cc2afd	7	43355	4372775	2300	0.7317
d5f19381-3631-43d1-abab-336134cc2afd	7	4377317	4379241	7	0.0431
d5f19381-3631-43d1-abab-336134cc2afd	7	4381830	5868042	744	0.746
d5f19381-3631-43d1-abab-336134cc2afd	7	5871660	5999270	28	0.4235
d5f19381-3631-43d1-abab-336134cc2afd	7	5999449	6858609	358	0.7539
d5f19381-3631-43d1-abab-336134cc2afd	7	6860976	6880649	8	-1.338
d5f19381-3631-43d1-abab-336134cc2afd	7	6889070	38347842	24044	0.7034
d5f19381-3631-43d1-abab-336134cc2afd	7	38351764	38356373	3	-1.6163
d5f19381-3631-43d1-abab-336134cc2afd	7	38356875	41177267	1835	0.7083
d5f19381-3631-43d1-abab-336134cc2afd	7	41181629	54305455	9160	0.5435
d5f19381-3631-43d1-abab-336134cc2afd	7	54318812	54318824	6	2.2525
d5f19381-3631-43d1-abab-336134cc2afd	7	54325795	57819399	2023	0.5418
d5f19381-3631-43d1-abab-336134cc2afd	7	57822636	62258057	32	0.6652
d5f19381-3631-43d1-abab-336134cc2afd	7	62260973	63856364	328	0.0708
d5f19381-3631-43d1-abab-336134cc2afd	7	63857880	69040087	2606	0.1806
d5f19381-3631-43d1-abab-336134cc2afd	7	69040266	69055894	10	-0.2671
d5f19381-3631-43d1-abab-336134cc2afd	7	69056957	69898526	467	0.3195
d5f19381-3631-43d1-abab-336134cc2afd	7	69905734	70955452	662	0.1737
d5f19381-3631-43d1-abab-336134cc2afd	7	70958264	70961155	2	1.3917
d5f19381-3631-43d1-abab-336134cc2afd	7	70963257	76532105	2149	0.1926
d5f19381-3631-43d1-abab-336134cc2afd	7	76550397	76936433	155	0.7906
d5f19381-3631-43d1-abab-336134cc2afd	7	76940335	126405502	30080	0.1611
d5f19381-3631-43d1-abab-336134cc2afd	7	126405597	126406822	11	0.9881
d5f19381-3631-43d1-abab-336134cc2afd	7	126406823	152876850	16267	0.1709
d5f19381-3631-43d1-abab-336134cc2afd	7	152881778	152882902	2	-2.7854
d5f19381-3631-43d1-abab-336134cc2afd	7	152889438	155109287	1814	0.1684
d5f19381-3631-43d1-abab-336134cc2afd	7	155109507	155111475	2	-1.3448
d5f19381-3631-43d1-abab-336134cc2afd	7	155112067	155169676	64	0.1626
d5f19381-3631-43d1-abab-336134cc2afd	7	155171553	155173682	16	-1.444
d5f19381-3631-43d1-abab-336134cc2afd	7	155174804	159334314	2664	0.1666
d5f19381-3631-43d1-abab-336134cc2afd	8	81254	208062	4	-0.1236
d5f19381-3631-43d1-abab-336134cc2afd	8	212672	460640	195	0.5509
d5f19381-3631-43d1-abab-336134cc2afd	8	462267	7457163	7559	-0.0793
d5f19381-3631-43d1-abab-336134cc2afd	8	7473830	8007744	24	0.5769
d5f19381-3631-43d1-abab-336134cc2afd	8	8078333	8110806	6	-0.8992
d5f19381-3631-43d1-abab-336134cc2afd	8	8120447	13741668	4302	-0.0653
d5f19381-3631-43d1-abab-336134cc2afd	8	13741714	13745967	24	-0.6554
d5f19381-3631-43d1-abab-336134cc2afd	8	13752159	14927975	1177	-0.0647
d5f19381-3631-43d1-abab-336134cc2afd	8	14930916	14938290	6	-0.9911
d5f19381-3631-43d1-abab-336134cc2afd	8	14938941	22311912	6315	-0.0446
d5f19381-3631-43d1-abab-336134cc2afd	8	22314653	25114672	1861	-0.3825
d5f19381-3631-43d1-abab-336134cc2afd	8	25116928	25126626	23	-0.9091
d5f19381-3631-43d1-abab-336134cc2afd	8	25126641	92324193	39484	-0.3939
d5f19381-3631-43d1-abab-336134cc2afd	8	92329220	98922989	4179	-0.0573
d5f19381-3631-43d1-abab-336134cc2afd	8	98923923	98924057	2	-1.6101
d5f19381-3631-43d1-abab-336134cc2afd	8	98927949	101242977	1247	-0.0618
d5f19381-3631-43d1-abab-336134cc2afd	8	101243149	101521839	240	0.229
d5f19381-3631-43d1-abab-336134cc2afd	8	101521856	101809225	245	-0.103
d5f19381-3631-43d1-abab-336134cc2afd	8	101813584	106640083	2946	-0.0465
d5f19381-3631-43d1-abab-336134cc2afd	8	106640841	111279265	2750	-0.0911
d5f19381-3631-43d1-abab-336134cc2afd	8	111282050	111283031	10	0.68
d5f19381-3631-43d1-abab-336134cc2afd	8	111288052	145072769	22921	-0.0713
d5f19381-3631-43d1-abab-336134cc2afd	9	46587	68920	7	-0.08
d5f19381-3631-43d1-abab-336134cc2afd	9	93270	9943747	9515	0.5626
d5f19381-3631-43d1-abab-336134cc2afd	9	9944268	10414204	459	0.8095
d5f19381-3631-43d1-abab-336134cc2afd	9	10414594	10905976	448	0.7024
d5f19381-3631-43d1-abab-336134cc2afd	9	10906334	21780299	8965	0.5679
d5f19381-3631-43d1-abab-336134cc2afd	9	21784823	39487690	11789	0.3939
d5f19381-3631-43d1-abab-336134cc2afd	9	39547279	40189830	14	0.6694
d5f19381-3631-43d1-abab-336134cc2afd	9	40228981	41451823	62	0.0783
d5f19381-3631-43d1-abab-336134cc2afd	9	41451836	41473331	3	1.5532
d5f19381-3631-43d1-abab-336134cc2afd	9	41473518	41569591	9	0.2566
d5f19381-3631-43d1-abab-336134cc2afd	9	41569592	63580418	183	-0.0624
d5f19381-3631-43d1-abab-336134cc2afd	9	63590317	63620681	10	-0.9883
d5f19381-3631-43d1-abab-336134cc2afd	9	63620755	66103744	87	-0.0167
d5f19381-3631-43d1-abab-336134cc2afd	9	66146735	68318441	32	0.3514
d5f19381-3631-43d1-abab-336134cc2afd	9	68325679	69020630	559	-0.0441
d5f19381-3631-43d1-abab-336134cc2afd	9	69021443	69127809	94	0.2274
d5f19381-3631-43d1-abab-336134cc2afd	9	69131137	87907679	13564	-0.0519
d5f19381-3631-43d1-abab-336134cc2afd	9	87939236	87939304	2	-2.267
d5f19381-3631-43d1-abab-336134cc2afd	9	87943042	126390127	27326	-0.0567
d5f19381-3631-43d1-abab-336134cc2afd	9	126391231	138138491	6377	0.2099
d5f19381-3631-43d1-abab-336134cc2afd	9	138138696	138200944	11	-0.3679
d5f19381-3631-43d1-abab-336134cc2afd	10	45792	2966755	2398	-0.4008
d5f19381-3631-43d1-abab-336134cc2afd	10	2966871	2968400	3	-1.948
d5f19381-3631-43d1-abab-336134cc2afd	10	2968472	3893099	856	-0.435
d5f19381-3631-43d1-abab-336134cc2afd	10	3897536	3898181	2	-1.8843
d5f19381-3631-43d1-abab-336134cc2afd	10	3898426	4244878	311	-0.4101
d5f19381-3631-43d1-abab-336134cc2afd	10	4248622	4248824	4	0.7967
d5f19381-3631-43d1-abab-336134cc2afd	10	4251879	20704173	13548	-0.3927
d5f19381-3631-43d1-abab-336134cc2afd	10	20704422	20708130	6	-1.4561
d5f19381-3631-43d1-abab-336134cc2afd	10	20708622	24086334	2053	-0.3893
d5f19381-3631-43d1-abab-336134cc2afd	10	24088745	24092001	22	-1.7255
d5f19381-3631-43d1-abab-336134cc2afd	10	24092095	31328726	5297	-0.3841
d5f19381-3631-43d1-abab-336134cc2afd	10	31332499	35226089	2533	-0.0528
d5f19381-3631-43d1-abab-336134cc2afd	10	35228151	37417376	1412	-0.3698
d5f19381-3631-43d1-abab-336134cc2afd	10	37425393	38675612	569	-1.3592
d5f19381-3631-43d1-abab-336134cc2afd	10	38675680	38707235	10	-0.3805
d5f19381-3631-43d1-abab-336134cc2afd	10	38717496	38783090	21	-1.0644
d5f19381-3631-43d1-abab-336134cc2afd	10	41715085	87269486	29814	-0.3937
d5f19381-3631-43d1-abab-336134cc2afd	10	87278584	87286741	2	2.9096
d5f19381-3631-43d1-abab-336134cc2afd	10	87310039	127867210	27705	-0.3779
d5f19381-3631-43d1-abab-336134cc2afd	10	127869305	133654968	4060	-0.4139
d5f19381-3631-43d1-abab-336134cc2afd	11	198510	24260982	16998	-0.0584
d5f19381-3631-43d1-abab-336134cc2afd	11	24264675	24271788	6	-0.8758
d5f19381-3631-43d1-abab-336134cc2afd	11	24271986	54743970	17198	-0.0674
d5f19381-3631-43d1-abab-336134cc2afd	11	54762035	54766290	3	-1.8558
d5f19381-3631-43d1-abab-336134cc2afd	11	54782119	57396913	1500	-0.0732
d5f19381-3631-43d1-abab-336134cc2afd	11	57399188	57412165	11	0.5498
d5f19381-3631-43d1-abab-336134cc2afd	11	57415477	57445748	21	0.2415
d5f19381-3631-43d1-abab-336134cc2afd	11	57449124	57467075	4	0.4657
d5f19381-3631-43d1-abab-336134cc2afd	11	57471833	65432383	4136	-0.0566
d5f19381-3631-43d1-abab-336134cc2afd	11	65435523	65523324	41	0.8855
d5f19381-3631-43d1-abab-336134cc2afd	11	65523633	135074876	46922	-0.0673
d5f19381-3631-43d1-abab-336134cc2afd	12	51460	756804	417	0.115
d5f19381-3631-43d1-abab-336134cc2afd	12	759943	764863	18	-0.495
d5f19381-3631-43d1-abab-336134cc2afd	12	766188	9477960	5741	0.1083
d5f19381-3631-43d1-abab-336134cc2afd	12	9481274	9575696	24	0.4685
d5f19381-3631-43d1-abab-336134cc2afd	12	9582373	9679440	94	0.0958
d5f19381-3631-43d1-abab-336134cc2afd	12	9681749	9857034	124	0.3355
d5f19381-3631-43d1-abab-336134cc2afd	12	9860368	10418876	411	0.1166
d5f19381-3631-43d1-abab-336134cc2afd	12	10420401	10434196	5	-1.2241
d5f19381-3631-43d1-abab-336134cc2afd	12	10434721	27495047	11776	0.1001
d5f19381-3631-43d1-abab-336134cc2afd	12	27495118	27498429	24	-0.4395
d5f19381-3631-43d1-abab-336134cc2afd	12	27504228	33232895	4225	0.1193
d5f19381-3631-43d1-abab-336134cc2afd	12	33233822	33242483	6	1.2377
d5f19381-3631-43d1-abab-336134cc2afd	12	33246118	34682902	736	0.1014
d5f19381-3631-43d1-abab-336134cc2afd	12	34701563	45510655	4804	-0.0584
d5f19381-3631-43d1-abab-336134cc2afd	12	45512057	45515754	3	-1.8743
d5f19381-3631-43d1-abab-336134cc2afd	12	45519509	48143945	1606	-0.0443
d5f19381-3631-43d1-abab-336134cc2afd	12	48147974	52282637	2106	0.2656
d5f19381-3631-43d1-abab-336134cc2afd	12	52285116	53406414	836	0.4046
d5f19381-3631-43d1-abab-336134cc2afd	12	53417230	53595383	78	0.3069
d5f19381-3631-43d1-abab-336134cc2afd	12	53597916	90495927	22901	-0.3099
d5f19381-3631-43d1-abab-336134cc2afd	12	90498540	90504131	6	-1.356
d5f19381-3631-43d1-abab-336134cc2afd	12	90507965	133201603	28906	-0.3021
d5f19381-3631-43d1-abab-336134cc2afd	13	18452809	37497899	13485	-0.0571
d5f19381-3631-43d1-abab-336134cc2afd	13	37498087	37510620	15	0.5942
d5f19381-3631-43d1-abab-336134cc2afd	13	37514193	57176962	12526	-0.069
d5f19381-3631-43d1-abab-336134cc2afd	13	57184136	57204246	34	-2.2057
d5f19381-3631-43d1-abab-336134cc2afd	13	57215580	114342922	38089	-0.0769
d5f19381-3631-43d1-abab-336134cc2afd	14	18239283	19954424	166	-0.1126
d5f19381-3631-43d1-abab-336134cc2afd	14	19955213	21928296	1363	0.2075
d5f19381-3631-43d1-abab-336134cc2afd	14	21928444	22530591	515	0.2957
d5f19381-3631-43d1-abab-336134cc2afd	14	22530607	23938707	811	0.1897
d5f19381-3631-43d1-abab-336134cc2afd	14	23939116	23955933	16	-0.1172
d5f19381-3631-43d1-abab-336134cc2afd	14	23957397	24018934	27	-0.8938
d5f19381-3631-43d1-abab-336134cc2afd	14	24019187	105514370	51995	0.1922
d5f19381-3631-43d1-abab-336134cc2afd	14	105514974	106258891	203	0.3586
d5f19381-3631-43d1-abab-336134cc2afd	14	106260759	106271566	8	0.953
d5f19381-3631-43d1-abab-336134cc2afd	14	106279645	106340305	28	0.3451
d5f19381-3631-43d1-abab-336134cc2afd	14	106340774	106365807	9	1.4147
d5f19381-3631-43d1-abab-336134cc2afd	14	106369985	106696342	192	0.3712
d5f19381-3631-43d1-abab-336134cc2afd	14	106697025	106769689	7	0.2234
d5f19381-3631-43d1-abab-336134cc2afd	14	106770215	106770361	3	-0.9729
d5f19381-3631-43d1-abab-336134cc2afd	14	106775945	106877229	68	0.3019
d5f19381-3631-43d1-abab-336134cc2afd	15	19811075	20187568	55	-0.395
d5f19381-3631-43d1-abab-336134cc2afd	15	20190276	22413894	154	0.0613
d5f19381-3631-43d1-abab-336134cc2afd	15	22455811	30077828	4613	-0.3912
d5f19381-3631-43d1-abab-336134cc2afd	15	30094208	30500366	34	-1.2169
d5f19381-3631-43d1-abab-336134cc2afd	15	30503586	47967329	10821	-0.3819
d5f19381-3631-43d1-abab-336134cc2afd	15	47969222	47972107	2	-3.3072
d5f19381-3631-43d1-abab-336134cc2afd	15	47974656	66231264	12123	-0.3813
d5f19381-3631-43d1-abab-336134cc2afd	15	66231431	66233539	3	-2.2093
d5f19381-3631-43d1-abab-336134cc2afd	15	66233833	76586021	6089	-0.3755
d5f19381-3631-43d1-abab-336134cc2afd	15	76598900	76603426	16	0.3579
d5f19381-3631-43d1-abab-336134cc2afd	15	76603428	101928837	17616	-0.3856
d5f19381-3631-43d1-abab-336134cc2afd	16	10777	1364497	445	-0.441
d5f19381-3631-43d1-abab-336134cc2afd	16	1365298	15603559	10870	-0.0471
d5f19381-3631-43d1-abab-336134cc2afd	16	15603691	19933041	2146	-0.3876
d5f19381-3631-43d1-abab-336134cc2afd	16	19934328	19954553	28	-2.2851
d5f19381-3631-43d1-abab-336134cc2afd	16	19956040	21401082	895	-0.3403
d5f19381-3631-43d1-abab-336134cc2afd	16	21503753	21582313	23	-1.0037
d5f19381-3631-43d1-abab-336134cc2afd	16	21584992	22546990	362	-0.4081
d5f19381-3631-43d1-abab-336134cc2afd	16	22547676	22699421	69	-1.0521
d5f19381-3631-43d1-abab-336134cc2afd	16	22701658	48380993	6483	-0.3698
d5f19381-3631-43d1-abab-336134cc2afd	16	48388735	49994694	1166	0.1755
d5f19381-3631-43d1-abab-336134cc2afd	16	49997382	55762682	4438	-0.3661
d5f19381-3631-43d1-abab-336134cc2afd	16	55764310	55764867	3	1.5269
d5f19381-3631-43d1-abab-336134cc2afd	16	55770436	58152617	1418	-0.3885
d5f19381-3631-43d1-abab-336134cc2afd	16	58154170	58511881	244	0.2294
d5f19381-3631-43d1-abab-336134cc2afd	16	58512393	58833951	186	0.3722
d5f19381-3631-43d1-abab-336134cc2afd	16	58834246	61750281	1870	0.1825
d5f19381-3631-43d1-abab-336134cc2afd	16	61751994	61936402	118	-0.1054
d5f19381-3631-43d1-abab-336134cc2afd	16	61947809	62051748	75	-0.368
d5f19381-3631-43d1-abab-336134cc2afd	16	62052661	62520704	292	-0.0514
d5f19381-3631-43d1-abab-336134cc2afd	16	62527547	63753452	845	0.3837
d5f19381-3631-43d1-abab-336134cc2afd	16	63753496	64791944	729	0.1929
d5f19381-3631-43d1-abab-336134cc2afd	16	64792560	69303500	2625	0.5794
d5f19381-3631-43d1-abab-336134cc2afd	16	69307878	69813776	237	0.2114
d5f19381-3631-43d1-abab-336134cc2afd	16	69813970	69995999	97	-0.341
d5f19381-3631-43d1-abab-336134cc2afd	16	70006481	73411348	1621	-0.0492
d5f19381-3631-43d1-abab-336134cc2afd	16	73412722	73447833	32	0.3176
d5f19381-3631-43d1-abab-336134cc2afd	16	73448017	74418138	697	-0.008
d5f19381-3631-43d1-abab-336134cc2afd	16	74422703	77082190	1876	-0.3608
d5f19381-3631-43d1-abab-336134cc2afd	16	77087644	78337711	1330	-0.0462
d5f19381-3631-43d1-abab-336134cc2afd	16	78338543	78350841	16	-1.3687
d5f19381-3631-43d1-abab-336134cc2afd	16	78350868	85299259	7439	-0.0568
d5f19381-3631-43d1-abab-336134cc2afd	16	85301427	85304049	4	-1.3203
d5f19381-3631-43d1-abab-336134cc2afd	16	85305208	87434153	1966	-0.058
d5f19381-3631-43d1-abab-336134cc2afd	16	87435534	90096867	1198	-0.8618
d5f19381-3631-43d1-abab-336134cc2afd	17	150733	18414080	11381	-0.3792
d5f19381-3631-43d1-abab-336134cc2afd	17	18452078	18592992	30	0.1711
d5f19381-3631-43d1-abab-336134cc2afd	17	18593989	26943491	1473	-0.3831
d5f19381-3631-43d1-abab-336134cc2afd	17	26943774	41224178	7902	0.2027
d5f19381-3631-43d1-abab-336134cc2afd	17	41231308	41237517	5	-1.495
d5f19381-3631-43d1-abab-336134cc2afd	17	41239604	41265456	12	0.212
d5f19381-3631-43d1-abab-336134cc2afd	17	41266762	41274279	24	1.4436
d5f19381-3631-43d1-abab-336134cc2afd	17	41276472	43080085	990	0.2017
d5f19381-3631-43d1-abab-336134cc2afd	17	43083782	43381246	127	0.0195
d5f19381-3631-43d1-abab-336134cc2afd	17	43381575	45436394	1018	0.2043
d5f19381-3631-43d1-abab-336134cc2afd	17	45442744	45641599	38	-0.1084
d5f19381-3631-43d1-abab-336134cc2afd	17	45647163	50996454	2704	0.2037
d5f19381-3631-43d1-abab-336134cc2afd	17	51002897	65490062	8668	-0.0459
d5f19381-3631-43d1-abab-336134cc2afd	17	65490217	75114084	6647	-0.3741
d5f19381-3631-43d1-abab-336134cc2afd	17	75114184	75248953	56	-0.0565
d5f19381-3631-43d1-abab-336134cc2afd	17	75256972	83091923	3935	-0.3958
d5f19381-3631-43d1-abab-336134cc2afd	18	48133	5840504	4137	-0.0593
d5f19381-3631-43d1-abab-336134cc2afd	18	5843070	5843285	2	-2.5361
d5f19381-3631-43d1-abab-336134cc2afd	18	5844291	66095064	36222	-0.0744
d5f19381-3631-43d1-abab-336134cc2afd	18	66099904	66100686	3	-1.8254
d5f19381-3631-43d1-abab-336134cc2afd	18	66108359	67286412	770	-0.1016
d5f19381-3631-43d1-abab-336134cc2afd	18	67291970	67300028	21	-1.186
d5f19381-3631-43d1-abab-336134cc2afd	18	67300481	80257174	9585	-0.0844
d5f19381-3631-43d1-abab-336134cc2afd	19	90910	5865826	1740	-0.3625
d5f19381-3631-43d1-abab-336134cc2afd	19	5866025	6359255	245	-0.0332
d5f19381-3631-43d1-abab-336134cc2afd	19	6362713	6404496	17	-0.7729
d5f19381-3631-43d1-abab-336134cc2afd	19	6406517	14522867	3797	-0.0252
d5f19381-3631-43d1-abab-336134cc2afd	19	14532687	14541705	5	-1.2421
d5f19381-3631-43d1-abab-336134cc2afd	19	14542665	34177551	10129	-0.0433
d5f19381-3631-43d1-abab-336134cc2afd	19	34178780	34260401	64	0.4102
d5f19381-3631-43d1-abab-336134cc2afd	19	34260685	35358420	709	-0.0529
d5f19381-3631-43d1-abab-336134cc2afd	19	35364451	35370946	21	-1.0004
d5f19381-3631-43d1-abab-336134cc2afd	19	35375842	43190778	3863	-0.0433
d5f19381-3631-43d1-abab-336134cc2afd	19	43193181	43252085	23	-0.908
d5f19381-3631-43d1-abab-336134cc2afd	19	43262507	44401739	746	-0.075
d5f19381-3631-43d1-abab-336134cc2afd	19	44402359	44402382	2	-1.7821
d5f19381-3631-43d1-abab-336134cc2afd	19	44402845	55991994	6121	-0.0537
d5f19381-3631-43d1-abab-336134cc2afd	19	55992324	55994810	2	-2.3872
d5f19381-3631-43d1-abab-336134cc2afd	19	55996661	58586487	1617	-0.0509
d5f19381-3631-43d1-abab-336134cc2afd	20	80664	30259177	20029	-0.3814
d5f19381-3631-43d1-abab-336134cc2afd	20	30271154	43095236	7211	0.4036
d5f19381-3631-43d1-abab-336134cc2afd	20	43096482	43101823	4	-0.5688
d5f19381-3631-43d1-abab-336134cc2afd	20	43105283	50408288	4913	0.4174
d5f19381-3631-43d1-abab-336134cc2afd	20	50409246	64284215	10214	0.59
d5f19381-3631-43d1-abab-336134cc2afd	20	64284715	64324800	6	-0.1171
d5f19381-3631-43d1-abab-336134cc2afd	21	10354168	10756733	86	-0.3232
d5f19381-3631-43d1-abab-336134cc2afd	21	10775586	13197978	30	0.0187
d5f19381-3631-43d1-abab-336134cc2afd	21	13221914	13227761	5	0.5305
d5f19381-3631-43d1-abab-336134cc2afd	21	13231256	13456087	112	-0.1208
d5f19381-3631-43d1-abab-336134cc2afd	21	13463727	13466231	2	-1.4496
d5f19381-3631-43d1-abab-336134cc2afd	21	13471396	21028545	5113	-0.0457
d5f19381-3631-43d1-abab-336134cc2afd	21	21031496	21422852	295	-0.3902
d5f19381-3631-43d1-abab-336134cc2afd	21	21426535	31059843	7242	-0.0391
d5f19381-3631-43d1-abab-336134cc2afd	21	31059931	31061819	3	-1.8707
d5f19381-3631-43d1-abab-336134cc2afd	21	31062883	46677045	10980	-0.0151
d5f19381-3631-43d1-abab-336134cc2afd	22	15294547	15473671	7	0.3168
d5f19381-3631-43d1-abab-336134cc2afd	22	15474116	17108083	353	-0.0844
d5f19381-3631-43d1-abab-336134cc2afd	22	17108356	18141598	749	0.0256
d5f19381-3631-43d1-abab-336134cc2afd	22	18142004	24702542	3671	-0.0543
d5f19381-3631-43d1-abab-336134cc2afd	22	24703148	25339932	480	0.0183
d5f19381-3631-43d1-abab-336134cc2afd	22	25339978	25443474	115	-0.1609
d5f19381-3631-43d1-abab-336134cc2afd	22	25445098	33778960	6269	0.0071
d5f19381-3631-43d1-abab-336134cc2afd	22	33778975	33778986	2	-1.5797
d5f19381-3631-43d1-abab-336134cc2afd	22	33778998	38894915	3549	-0.005
d5f19381-3631-43d1-abab-336134cc2afd	22	38899250	38900899	3	-5.052
d5f19381-3631-43d1-abab-336134cc2afd	22	38903109	42501276	1952	-0.0079
d5f19381-3631-43d1-abab-336134cc2afd	22	42503434	42538456	21	0.4557
d5f19381-3631-43d1-abab-336134cc2afd	22	42546956	42961066	244	-0.0174
d5f19381-3631-43d1-abab-336134cc2afd	22	42962929	43053824	56	0.2383
d5f19381-3631-43d1-abab-336134cc2afd	22	43054344	48872888	4565	-0.0096
d5f19381-3631-43d1-abab-336134cc2afd	22	48874111	48874730	2	-2.2913
d5f19381-3631-43d1-abab-336134cc2afd	22	48877479	49209871	332	-0.0589
d5f19381-3631-43d1-abab-336134cc2afd	22	49214112	49214518	4	-1.4929
d5f19381-3631-43d1-abab-336134cc2afd	22	49215177	50796027	896	-0.0373
d5f19381-3631-43d1-abab-336134cc2afd	X	251810	5432580	2011	-0.2982
d5f19381-3631-43d1-abab-336134cc2afd	X	5432943	5436132	2	-1.9986
d5f19381-3631-43d1-abab-336134cc2afd	X	5436906	5822076	344	-0.2656
d5f19381-3631-43d1-abab-336134cc2afd	X	5822123	5828401	3	-2.1055
d5f19381-3631-43d1-abab-336134cc2afd	X	5828935	23786303	12104	-0.3232
d5f19381-3631-43d1-abab-336134cc2afd	X	23786754	23841244	40	0.2431
d5f19381-3631-43d1-abab-336134cc2afd	X	23842579	40351195	10416	-0.3574
d5f19381-3631-43d1-abab-336134cc2afd	X	40351198	40369695	7	-1.7585
d5f19381-3631-43d1-abab-336134cc2afd	X	40370804	50066455	4808	-0.3244
d5f19381-3631-43d1-abab-336134cc2afd	X	50066728	50066776	2	-2.4738
d5f19381-3631-43d1-abab-336134cc2afd	X	50068754	57937702	3483	-0.3295
d5f19381-3631-43d1-abab-336134cc2afd	X	57944833	75296997	5635	0.436
d5f19381-3631-43d1-abab-336134cc2afd	X	75304036	77622409	997	-0.2878
d5f19381-3631-43d1-abab-336134cc2afd	X	77647936	81230947	1784	0.203
d5f19381-3631-43d1-abab-336134cc2afd	X	81231756	81360899	64	-0.0711
d5f19381-3631-43d1-abab-336134cc2afd	X	81362825	95402227	7427	0.1912
d5f19381-3631-43d1-abab-336134cc2afd	X	95402409	96288749	515	0.2868
d5f19381-3631-43d1-abab-336134cc2afd	X	96288948	107128814	5688	0.1899
d5f19381-3631-43d1-abab-336134cc2afd	X	107131657	107515546	190	0.3276
d5f19381-3631-43d1-abab-336134cc2afd	X	107519895	110695336	1723	0.2082
d5f19381-3631-43d1-abab-336134cc2afd	X	110695452	110697349	6	-0.7698
d5f19381-3631-43d1-abab-336134cc2afd	X	110699392	114227173	2006	0.1872
d5f19381-3631-43d1-abab-336134cc2afd	X	114231769	114232966	3	-0.9766
d5f19381-3631-43d1-abab-336134cc2afd	X	114237307	114750846	258	0.178
d5f19381-3631-43d1-abab-336134cc2afd	X	114751792	115220472	273	0.2817
d5f19381-3631-43d1-abab-336134cc2afd	X	115230610	115257936	14	0.7988
d5f19381-3631-43d1-abab-336134cc2afd	X	115259338	146831670	18610	0.2181
d5f19381-3631-43d1-abab-336134cc2afd	X	146833826	149550633	1915	0.196
d5f19381-3631-43d1-abab-336134cc2afd	X	149563013	149572955	9	-0.5519
d5f19381-3631-43d1-abab-336134cc2afd	X	149604380	149793935	70	0.2171
d5f19381-3631-43d1-abab-336134cc2afd	X	149802619	149899987	65	0.7415
d5f19381-3631-43d1-abab-336134cc2afd	X	149932109	155952689	3138	0.2642
d5f19381-3631-43d1-abab-336134cc2afd	Y	2782397	6249869	785	-3.1026
d5f19381-3631-43d1-abab-336134cc2afd	Y	6252391	23586854	5662	-3.6906
d5f19381-3631-43d1-abab-336134cc2afd	Y	23784615	56872112	192	-3.1877
