GDC_Aliquot	Chromosome	Start	End	Copy_Number	Major_Copy_Number	Minor_Copy_Number
1b8f2157-d390-401f-a7eb-5dd488ff9f76	chr1	13116	95440	5	3	2
1b8f2157-d390-401f-a7eb-5dd488ff9f76	chr1	104186	262698	6	6	0
1b8f2157-d390-401f-a7eb-5dd488ff9f76	chr1	263722	586198	12	12	0
1b8f2157-d390-401f-a7eb-5dd488ff9f76	chr1	591356	683006	6	6	0
1b8f2157-d390-401f-a7eb-5dd488ff9f76	chr1	690012	730021	8	8	0
1b8f2157-d390-401f-a7eb-5dd488ff9f76	chr1	732994	756164	5	5	0
1b8f2157-d390-401f-a7eb-5dd488ff9f76	chr1	758351	758351	6	6	0
1b8f2157-d390-401f-a7eb-5dd488ff9f76	chr1	770072	17808382	4	2	2
1b8f2157-d390-401f-a7eb-5dd488ff9f76	chr1	17809387	18295492	3	2	1
1b8f2157-d390-401f-a7eb-5dd488ff9f76	chr1	18296830	121742438	4	2	2
1b8f2157-d390-401f-a7eb-5dd488ff9f76	chr1	143417573	143922565	5	4	1
1b8f2157-d390-401f-a7eb-5dd488ff9f76	chr1	143924915	157285606	5	3	2
1b8f2157-d390-401f-a7eb-5dd488ff9f76	chr1	157286839	157297279	7	4	3
1b8f2157-d390-401f-a7eb-5dd488ff9f76	chr1	157298408	163565395	5	3	2
1b8f2157-d390-401f-a7eb-5dd488ff9f76	chr1	163566866	165575755	4	2	2
1b8f2157-d390-401f-a7eb-5dd488ff9f76	chr1	165577062	180931986	5	3	2
1b8f2157-d390-401f-a7eb-5dd488ff9f76	chr1	180934343	182720905	4	2	2
1b8f2157-d390-401f-a7eb-5dd488ff9f76	chr1	182721945	214827504	5	3	2
1b8f2157-d390-401f-a7eb-5dd488ff9f76	chr1	214829294	248945703	4	2	2
1b8f2157-d390-401f-a7eb-5dd488ff9f76	chr2	10587	31762374	5	3	2
1b8f2157-d390-401f-a7eb-5dd488ff9f76	chr2	31763551	33638659	6	3	3
1b8f2157-d390-401f-a7eb-5dd488ff9f76	chr2	33639736	36753555	5	3	2
1b8f2157-d390-401f-a7eb-5dd488ff9f76	chr2	36754678	36784524	6	3	3
1b8f2157-d390-401f-a7eb-5dd488ff9f76	chr2	36786409	89110929	5	3	2
1b8f2157-d390-401f-a7eb-5dd488ff9f76	chr2	89113137	90132351	7	5	2
1b8f2157-d390-401f-a7eb-5dd488ff9f76	chr2	90133779	121335905	5	3	2
1b8f2157-d390-401f-a7eb-5dd488ff9f76	chr2	121337080	122020684	6	4	2
1b8f2157-d390-401f-a7eb-5dd488ff9f76	chr2	122022277	159107008	5	3	2
1b8f2157-d390-401f-a7eb-5dd488ff9f76	chr2	159108040	160657672	6	3	3
1b8f2157-d390-401f-a7eb-5dd488ff9f76	chr2	160659472	171661747	5	3	2
1b8f2157-d390-401f-a7eb-5dd488ff9f76	chr2	171664132	173571417	6	4	2
1b8f2157-d390-401f-a7eb-5dd488ff9f76	chr2	173572810	185449640	5	3	2
1b8f2157-d390-401f-a7eb-5dd488ff9f76	chr2	185451251	216542027	6	3	3
1b8f2157-d390-401f-a7eb-5dd488ff9f76	chr2	216543359	232546284	5	3	2
1b8f2157-d390-401f-a7eb-5dd488ff9f76	chr2	232548110	235450334	6	4	2
1b8f2157-d390-401f-a7eb-5dd488ff9f76	chr2	235451496	242183243	6	3	3
1b8f2157-d390-401f-a7eb-5dd488ff9f76	chr3	18519	4299537	3	3	0
1b8f2157-d390-401f-a7eb-5dd488ff9f76	chr3	4300590	9036897	4	4	0
1b8f2157-d390-401f-a7eb-5dd488ff9f76	chr3	9037980	44955457	3	3	0
1b8f2157-d390-401f-a7eb-5dd488ff9f76	chr3	44960851	49542443	4	4	0
1b8f2157-d390-401f-a7eb-5dd488ff9f76	chr3	49544126	52253452	3	3	0
1b8f2157-d390-401f-a7eb-5dd488ff9f76	chr3	52254929	52332028	2	2	0
1b8f2157-d390-401f-a7eb-5dd488ff9f76	chr3	52333156	95389492	3	3	0
1b8f2157-d390-401f-a7eb-5dd488ff9f76	chr3	95390550	95624838	6	3	3
1b8f2157-d390-401f-a7eb-5dd488ff9f76	chr3	95626055	104521338	3	3	0
1b8f2157-d390-401f-a7eb-5dd488ff9f76	chr3	104522600	139856136	6	3	3
1b8f2157-d390-401f-a7eb-5dd488ff9f76	chr3	139858530	140533650	5	3	2
1b8f2157-d390-401f-a7eb-5dd488ff9f76	chr3	140534937	143581516	6	3	3
1b8f2157-d390-401f-a7eb-5dd488ff9f76	chr3	143582882	145307826	3	3	0
1b8f2157-d390-401f-a7eb-5dd488ff9f76	chr3	145309648	198181744	6	3	3
1b8f2157-d390-401f-a7eb-5dd488ff9f76	chr4	11961	5912583	6	3	3
1b8f2157-d390-401f-a7eb-5dd488ff9f76	chr4	5913964	22691894	5	3	2
1b8f2157-d390-401f-a7eb-5dd488ff9f76	chr4	22693416	41462646	6	3	3
1b8f2157-d390-401f-a7eb-5dd488ff9f76	chr4	41463678	47354549	5	3	2
1b8f2157-d390-401f-a7eb-5dd488ff9f76	chr4	47355666	49108191	6	3	3
1b8f2157-d390-401f-a7eb-5dd488ff9f76	chr4	49109303	49216098	4	3	1
1b8f2157-d390-401f-a7eb-5dd488ff9f76	chr4	49217487	49239655	3	3	0
1b8f2157-d390-401f-a7eb-5dd488ff9f76	chr4	49241206	49488736	5	4	1
1b8f2157-d390-401f-a7eb-5dd488ff9f76	chr4	49491240	49656999	1	1	0
1b8f2157-d390-401f-a7eb-5dd488ff9f76	chr4	51794225	90608895	5	3	2
1b8f2157-d390-401f-a7eb-5dd488ff9f76	chr4	90609972	90813936	4	2	2
1b8f2157-d390-401f-a7eb-5dd488ff9f76	chr4	90815089	153034646	5	3	2
1b8f2157-d390-401f-a7eb-5dd488ff9f76	chr4	153035741	153918957	6	4	2
1b8f2157-d390-401f-a7eb-5dd488ff9f76	chr4	153920167	189981456	5	3	2
1b8f2157-d390-401f-a7eb-5dd488ff9f76	chr4	189982533	190122722	4	3	1
1b8f2157-d390-401f-a7eb-5dd488ff9f76	chr5	11882	486699	7	4	3
1b8f2157-d390-401f-a7eb-5dd488ff9f76	chr5	487722	3789222	5	3	2
1b8f2157-d390-401f-a7eb-5dd488ff9f76	chr5	3790592	21885179	6	3	3
1b8f2157-d390-401f-a7eb-5dd488ff9f76	chr5	21886330	39696784	5	3	2
1b8f2157-d390-401f-a7eb-5dd488ff9f76	chr5	39698407	116443156	6	3	3
1b8f2157-d390-401f-a7eb-5dd488ff9f76	chr5	116444277	170842675	5	3	2
1b8f2157-d390-401f-a7eb-5dd488ff9f76	chr5	170844062	179046922	6	3	3
1b8f2157-d390-401f-a7eb-5dd488ff9f76	chr5	179048016	179433829	5	3	2
1b8f2157-d390-401f-a7eb-5dd488ff9f76	chr5	179434888	181363900	6	3	3
1b8f2157-d390-401f-a7eb-5dd488ff9f76	chr6	100116	250619	5	5	0
1b8f2157-d390-401f-a7eb-5dd488ff9f76	chr6	251685	377403	5	4	1
1b8f2157-d390-401f-a7eb-5dd488ff9f76	chr6	378703	26915791	5	5	0
1b8f2157-d390-401f-a7eb-5dd488ff9f76	chr6	26917252	26928120	7	7	0
1b8f2157-d390-401f-a7eb-5dd488ff9f76	chr6	26929649	26962005	3	3	0
1b8f2157-d390-401f-a7eb-5dd488ff9f76	chr6	26963134	31922381	5	5	0
1b8f2157-d390-401f-a7eb-5dd488ff9f76	chr6	31923710	32488910	6	6	0
1b8f2157-d390-401f-a7eb-5dd488ff9f76	chr6	32489950	32532306	11	11	0
1b8f2157-d390-401f-a7eb-5dd488ff9f76	chr6	32533345	33566936	6	6	0
1b8f2157-d390-401f-a7eb-5dd488ff9f76	chr6	33567962	34251921	5	5	0
1b8f2157-d390-401f-a7eb-5dd488ff9f76	chr6	34253827	38948495	6	6	0
1b8f2157-d390-401f-a7eb-5dd488ff9f76	chr6	38950381	57825047	5	5	0
1b8f2157-d390-401f-a7eb-5dd488ff9f76	chr6	57826641	60844695	1	1	0
1b8f2157-d390-401f-a7eb-5dd488ff9f76	chr6	60846353	60858898	0	0	0
1b8f2157-d390-401f-a7eb-5dd488ff9f76	chr6	60860455	61122982	1	1	0
1b8f2157-d390-401f-a7eb-5dd488ff9f76	chr6	61131941	62918833	4	4	0
1b8f2157-d390-401f-a7eb-5dd488ff9f76	chr6	62920621	63433670	10	6	4
1b8f2157-d390-401f-a7eb-5dd488ff9f76	chr6	63435470	76727133	4	4	0
1b8f2157-d390-401f-a7eb-5dd488ff9f76	chr6	76728150	76749830	0	0	0
1b8f2157-d390-401f-a7eb-5dd488ff9f76	chr6	76750883	170581296	4	4	0
1b8f2157-d390-401f-a7eb-5dd488ff9f76	chr6	170582405	170740469	7	7	0
1b8f2157-d390-401f-a7eb-5dd488ff9f76	chr7	20608	940930	14	11	3
1b8f2157-d390-401f-a7eb-5dd488ff9f76	chr7	942183	2181586	8	5	3
1b8f2157-d390-401f-a7eb-5dd488ff9f76	chr7	2182681	3921878	9	6	3
1b8f2157-d390-401f-a7eb-5dd488ff9f76	chr7	3923943	24133181	8	5	3
1b8f2157-d390-401f-a7eb-5dd488ff9f76	chr7	24134949	24142091	5	4	1
1b8f2157-d390-401f-a7eb-5dd488ff9f76	chr7	24143494	26553637	8	5	3
1b8f2157-d390-401f-a7eb-5dd488ff9f76	chr7	26554696	27346318	11	8	3
1b8f2157-d390-401f-a7eb-5dd488ff9f76	chr7	27347532	28941713	13	10	3
1b8f2157-d390-401f-a7eb-5dd488ff9f76	chr7	28943779	29234973	12	9	3
1b8f2157-d390-401f-a7eb-5dd488ff9f76	chr7	29236527	34788578	13	10	3
1b8f2157-d390-401f-a7eb-5dd488ff9f76	chr7	34789676	35075132	11	8	3
1b8f2157-d390-401f-a7eb-5dd488ff9f76	chr7	35076824	45783548	5	3	2
1b8f2157-d390-401f-a7eb-5dd488ff9f76	chr7	45784830	45828705	6	4	2
1b8f2157-d390-401f-a7eb-5dd488ff9f76	chr7	45829878	47589064	5	3	2
1b8f2157-d390-401f-a7eb-5dd488ff9f76	chr7	47590311	47657997	10	7	3
1b8f2157-d390-401f-a7eb-5dd488ff9f76	chr7	47659087	53833664	5	3	2
1b8f2157-d390-401f-a7eb-5dd488ff9f76	chr7	53835871	53872042	10	7	3
1b8f2157-d390-401f-a7eb-5dd488ff9f76	chr7	53873247	110011184	5	3	2
1b8f2157-d390-401f-a7eb-5dd488ff9f76	chr7	110012820	110665359	7	5	2
1b8f2157-d390-401f-a7eb-5dd488ff9f76	chr7	110666361	131226623	5	3	2
1b8f2157-d390-401f-a7eb-5dd488ff9f76	chr7	131227813	131493567	6	3	3
1b8f2157-d390-401f-a7eb-5dd488ff9f76	chr7	131495038	149724057	5	3	2
1b8f2157-d390-401f-a7eb-5dd488ff9f76	chr7	149725112	149967121	4	3	1
1b8f2157-d390-401f-a7eb-5dd488ff9f76	chr7	149968528	159334386	5	3	2
1b8f2157-d390-401f-a7eb-5dd488ff9f76	chr8	61774	7290504	3	3	0
1b8f2157-d390-401f-a7eb-5dd488ff9f76	chr8	7294039	7546994	0	0	0
1b8f2157-d390-401f-a7eb-5dd488ff9f76	chr8	7586159	7606223	13	13	0
1b8f2157-d390-401f-a7eb-5dd488ff9f76	chr8	7609983	8027995	4	4	0
1b8f2157-d390-401f-a7eb-5dd488ff9f76	chr8	8042671	12349438	3	3	0
1b8f2157-d390-401f-a7eb-5dd488ff9f76	chr8	12355402	12393760	0	0	0
1b8f2157-d390-401f-a7eb-5dd488ff9f76	chr8	12397247	42997193	3	3	0
1b8f2157-d390-401f-a7eb-5dd488ff9f76	chr8	42998571	43193123	4	4	0
1b8f2157-d390-401f-a7eb-5dd488ff9f76	chr8	43194600	43964920	3	3	0
1b8f2157-d390-401f-a7eb-5dd488ff9f76	chr8	43966135	46768968	8	5	3
1b8f2157-d390-401f-a7eb-5dd488ff9f76	chr8	46770091	48115895	9	6	3
1b8f2157-d390-401f-a7eb-5dd488ff9f76	chr8	48117119	59256425	8	5	3
1b8f2157-d390-401f-a7eb-5dd488ff9f76	chr8	59257917	67557826	12	9	3
1b8f2157-d390-401f-a7eb-5dd488ff9f76	chr8	67559454	70085184	11	8	3
1b8f2157-d390-401f-a7eb-5dd488ff9f76	chr8	70086187	72277929	8	5	3
1b8f2157-d390-401f-a7eb-5dd488ff9f76	chr8	72280144	73429882	12	9	3
1b8f2157-d390-401f-a7eb-5dd488ff9f76	chr8	73431015	78800091	8	5	3
1b8f2157-d390-401f-a7eb-5dd488ff9f76	chr8	78801319	79587378	12	9	3
1b8f2157-d390-401f-a7eb-5dd488ff9f76	chr8	79589436	82460360	23	20	3
1b8f2157-d390-401f-a7eb-5dd488ff9f76	chr8	82461502	102808294	12	9	3
1b8f2157-d390-401f-a7eb-5dd488ff9f76	chr8	102809834	103814169	13	10	3
1b8f2157-d390-401f-a7eb-5dd488ff9f76	chr8	103815506	107034029	12	9	3
1b8f2157-d390-401f-a7eb-5dd488ff9f76	chr8	107035357	107359594	16	8	8
1b8f2157-d390-401f-a7eb-5dd488ff9f76	chr8	107360716	111717588	12	9	3
1b8f2157-d390-401f-a7eb-5dd488ff9f76	chr8	111718671	111771133	18	9	9
1b8f2157-d390-401f-a7eb-5dd488ff9f76	chr8	111772497	113385536	11	8	3
1b8f2157-d390-401f-a7eb-5dd488ff9f76	chr8	113386666	123689955	17	9	8
1b8f2157-d390-401f-a7eb-5dd488ff9f76	chr8	123692121	124589539	14	9	5
1b8f2157-d390-401f-a7eb-5dd488ff9f76	chr8	124590816	131205865	17	9	8
1b8f2157-d390-401f-a7eb-5dd488ff9f76	chr8	131207736	131917916	14	9	5
1b8f2157-d390-401f-a7eb-5dd488ff9f76	chr8	131919098	132133337	16	10	6
1b8f2157-d390-401f-a7eb-5dd488ff9f76	chr8	132135764	140398904	14	9	5
1b8f2157-d390-401f-a7eb-5dd488ff9f76	chr8	140399942	141239600	16	10	6
1b8f2157-d390-401f-a7eb-5dd488ff9f76	chr8	141240695	145078402	14	9	5
1b8f2157-d390-401f-a7eb-5dd488ff9f76	chr9	10469	95244	1	1	0
1b8f2157-d390-401f-a7eb-5dd488ff9f76	chr9	96852	895465	2	2	0
1b8f2157-d390-401f-a7eb-5dd488ff9f76	chr9	896479	7933104	5	3	2
1b8f2157-d390-401f-a7eb-5dd488ff9f76	chr9	7934685	8206145	2	2	0
1b8f2157-d390-401f-a7eb-5dd488ff9f76	chr9	8207621	8507912	5	3	2
1b8f2157-d390-401f-a7eb-5dd488ff9f76	chr9	8509378	8641763	8	6	2
1b8f2157-d390-401f-a7eb-5dd488ff9f76	chr9	8642838	31370264	2	2	0
1b8f2157-d390-401f-a7eb-5dd488ff9f76	chr9	31371354	36048912	4	4	0
1b8f2157-d390-401f-a7eb-5dd488ff9f76	chr9	36050079	39784929	2	2	0
1b8f2157-d390-401f-a7eb-5dd488ff9f76	chr9	39793153	40075366	4	4	0
1b8f2157-d390-401f-a7eb-5dd488ff9f76	chr9	40078900	40127097	0	0	0
1b8f2157-d390-401f-a7eb-5dd488ff9f76	chr9	40140318	40739520	2	2	0
1b8f2157-d390-401f-a7eb-5dd488ff9f76	chr9	40745200	40760418	0	0	0
1b8f2157-d390-401f-a7eb-5dd488ff9f76	chr9	40765627	42846180	3	2	1
1b8f2157-d390-401f-a7eb-5dd488ff9f76	chr9	42848377	43063867	7	5	2
1b8f2157-d390-401f-a7eb-5dd488ff9f76	chr9	43070419	60839871	12	12	0
1b8f2157-d390-401f-a7eb-5dd488ff9f76	chr9	60868818	61086573	0	0	0
1b8f2157-d390-401f-a7eb-5dd488ff9f76	chr9	61088823	61943950	7	5	2
1b8f2157-d390-401f-a7eb-5dd488ff9f76	chr9	61970399	63333183	3	2	1
1b8f2157-d390-401f-a7eb-5dd488ff9f76	chr9	63341435	64400412	6	5	1
1b8f2157-d390-401f-a7eb-5dd488ff9f76	chr9	64403752	64957900	2	2	0
1b8f2157-d390-401f-a7eb-5dd488ff9f76	chr9	64959305	65562718	5	5	0
1b8f2157-d390-401f-a7eb-5dd488ff9f76	chr9	65577270	106026371	3	3	0
1b8f2157-d390-401f-a7eb-5dd488ff9f76	chr9	106027604	106073540	2	2	0
1b8f2157-d390-401f-a7eb-5dd488ff9f76	chr9	106074829	128819825	3	3	0
1b8f2157-d390-401f-a7eb-5dd488ff9f76	chr9	128820891	133851161	7	4	3
1b8f2157-d390-401f-a7eb-5dd488ff9f76	chr9	133852179	134569135	10	7	3
1b8f2157-d390-401f-a7eb-5dd488ff9f76	chr9	134570167	136821057	13	10	3
1b8f2157-d390-401f-a7eb-5dd488ff9f76	chr9	136822892	138256233	11	7	4
1b8f2157-d390-401f-a7eb-5dd488ff9f76	chr10	15029	225533	4	2	2
1b8f2157-d390-401f-a7eb-5dd488ff9f76	chr10	227262	474224	3	2	1
1b8f2157-d390-401f-a7eb-5dd488ff9f76	chr10	475246	37825762	4	2	2
1b8f2157-d390-401f-a7eb-5dd488ff9f76	chr10	37827890	46281491	7	5	2
1b8f2157-d390-401f-a7eb-5dd488ff9f76	chr10	46282620	72161837	4	2	2
1b8f2157-d390-401f-a7eb-5dd488ff9f76	chr10	72163462	78206447	5	3	2
1b8f2157-d390-401f-a7eb-5dd488ff9f76	chr10	78208884	133787009	4	2	2
1b8f2157-d390-401f-a7eb-5dd488ff9f76	chr11	87268	31028588	7	5	2
1b8f2157-d390-401f-a7eb-5dd488ff9f76	chr11	31034364	37974231	5	3	2
1b8f2157-d390-401f-a7eb-5dd488ff9f76	chr11	37975275	39820627	3	2	1
1b8f2157-d390-401f-a7eb-5dd488ff9f76	chr11	39823221	117417671	5	3	2
1b8f2157-d390-401f-a7eb-5dd488ff9f76	chr11	117419235	121224321	4	2	2
1b8f2157-d390-401f-a7eb-5dd488ff9f76	chr11	121225583	131277069	5	3	2
1b8f2157-d390-401f-a7eb-5dd488ff9f76	chr11	131278272	135076424	4	2	2
1b8f2157-d390-401f-a7eb-5dd488ff9f76	chr12	11065	75238	4	3	1
1b8f2157-d390-401f-a7eb-5dd488ff9f76	chr12	77861	1848761	9	5	4
1b8f2157-d390-401f-a7eb-5dd488ff9f76	chr12	1849783	10033685	8	4	4
1b8f2157-d390-401f-a7eb-5dd488ff9f76	chr12	10035342	13754585	9	5	4
1b8f2157-d390-401f-a7eb-5dd488ff9f76	chr12	13756033	13826310	11	7	4
1b8f2157-d390-401f-a7eb-5dd488ff9f76	chr12	13827693	18218909	4	4	0
1b8f2157-d390-401f-a7eb-5dd488ff9f76	chr12	18220066	18358381	39	35	4
1b8f2157-d390-401f-a7eb-5dd488ff9f76	chr12	18359643	20215335	22	18	4
1b8f2157-d390-401f-a7eb-5dd488ff9f76	chr12	20216489	21324528	4	4	0
1b8f2157-d390-401f-a7eb-5dd488ff9f76	chr12	21325834	21808792	24	20	4
1b8f2157-d390-401f-a7eb-5dd488ff9f76	chr12	21811284	22354385	33	29	4
1b8f2157-d390-401f-a7eb-5dd488ff9f76	chr12	22356161	23027958	27	23	4
1b8f2157-d390-401f-a7eb-5dd488ff9f76	chr12	23029849	23327154	61	57	4
1b8f2157-d390-401f-a7eb-5dd488ff9f76	chr12	23328820	23395512	47	43	4
1b8f2157-d390-401f-a7eb-5dd488ff9f76	chr12	23397039	28970431	4	4	0
1b8f2157-d390-401f-a7eb-5dd488ff9f76	chr12	28973213	29054666	3	3	0
1b8f2157-d390-401f-a7eb-5dd488ff9f76	chr12	29056103	29254970	4	4	0
1b8f2157-d390-401f-a7eb-5dd488ff9f76	chr12	29256134	33220992	8	4	4
1b8f2157-d390-401f-a7eb-5dd488ff9f76	chr12	33222143	34069702	4	4	0
1b8f2157-d390-401f-a7eb-5dd488ff9f76	chr12	34070997	37464017	10	6	4
1b8f2157-d390-401f-a7eb-5dd488ff9f76	chr12	37465631	37884328	4	4	0
1b8f2157-d390-401f-a7eb-5dd488ff9f76	chr12	37885496	37901871	0	0	0
1b8f2157-d390-401f-a7eb-5dd488ff9f76	chr12	37903189	54302536	4	4	0
1b8f2157-d390-401f-a7eb-5dd488ff9f76	chr12	54305802	54364546	28	24	4
1b8f2157-d390-401f-a7eb-5dd488ff9f76	chr12	54365598	55200675	4	4	0
1b8f2157-d390-401f-a7eb-5dd488ff9f76	chr12	55201880	56114625	9	5	4
1b8f2157-d390-401f-a7eb-5dd488ff9f76	chr12	56116169	56141467	13	7	6
1b8f2157-d390-401f-a7eb-5dd488ff9f76	chr12	56145724	56317587	11	7	4
1b8f2157-d390-401f-a7eb-5dd488ff9f76	chr12	56320376	56549863	39	35	4
1b8f2157-d390-401f-a7eb-5dd488ff9f76	chr12	56552456	57176810	4	4	0
1b8f2157-d390-401f-a7eb-5dd488ff9f76	chr12	57182303	57905467	35	31	4
1b8f2157-d390-401f-a7eb-5dd488ff9f76	chr12	57907279	71933114	4	4	0
1b8f2157-d390-401f-a7eb-5dd488ff9f76	chr12	71934458	73010259	11	7	4
1b8f2157-d390-401f-a7eb-5dd488ff9f76	chr12	73011263	133264676	4	4	0
1b8f2157-d390-401f-a7eb-5dd488ff9f76	chr13	18445955	18627496	6	4	2
1b8f2157-d390-401f-a7eb-5dd488ff9f76	chr13	18628816	51633352	6	3	3
1b8f2157-d390-401f-a7eb-5dd488ff9f76	chr13	51635286	77810836	5	3	2
1b8f2157-d390-401f-a7eb-5dd488ff9f76	chr13	77812002	103736705	6	3	3
1b8f2157-d390-401f-a7eb-5dd488ff9f76	chr13	103737927	103770207	4	3	1
1b8f2157-d390-401f-a7eb-5dd488ff9f76	chr13	103771564	112066040	5	3	2
1b8f2157-d390-401f-a7eb-5dd488ff9f76	chr13	112068900	114343123	6	3	3
1b8f2157-d390-401f-a7eb-5dd488ff9f76	chr14	18223583	18402230	3	2	1
1b8f2157-d390-401f-a7eb-5dd488ff9f76	chr14	18405505	18650456	3	3	0
1b8f2157-d390-401f-a7eb-5dd488ff9f76	chr14	18652238	18674684	5	4	1
1b8f2157-d390-401f-a7eb-5dd488ff9f76	chr14	18676871	18712392	0	0	0
1b8f2157-d390-401f-a7eb-5dd488ff9f76	chr14	18901857	19127687	7	5	2
1b8f2157-d390-401f-a7eb-5dd488ff9f76	chr14	19132135	19711902	4	3	1
1b8f2157-d390-401f-a7eb-5dd488ff9f76	chr14	19714088	35008579	4	4	0
1b8f2157-d390-401f-a7eb-5dd488ff9f76	chr14	35009659	37706340	5	5	0
1b8f2157-d390-401f-a7eb-5dd488ff9f76	chr14	37707419	64573142	3	3	0
1b8f2157-d390-401f-a7eb-5dd488ff9f76	chr14	64574914	89037089	5	3	2
1b8f2157-d390-401f-a7eb-5dd488ff9f76	chr14	89038241	104138326	6	3	3
1b8f2157-d390-401f-a7eb-5dd488ff9f76	chr14	104139520	105832816	5	3	2
1b8f2157-d390-401f-a7eb-5dd488ff9f76	chr14	105834237	106880670	6	3	3
1b8f2157-d390-401f-a7eb-5dd488ff9f76	chr15	19795285	19995020	4	4	0
1b8f2157-d390-401f-a7eb-5dd488ff9f76	chr15	20001483	20286467	3	2	1
1b8f2157-d390-401f-a7eb-5dd488ff9f76	chr15	20287554	20993356	2	2	0
1b8f2157-d390-401f-a7eb-5dd488ff9f76	chr15	20994437	21246860	4	4	0
1b8f2157-d390-401f-a7eb-5dd488ff9f76	chr15	21248615	22046374	2	2	0
1b8f2157-d390-401f-a7eb-5dd488ff9f76	chr15	22049076	22127516	0	0	0
1b8f2157-d390-401f-a7eb-5dd488ff9f76	chr15	22130683	22301150	2	2	0
1b8f2157-d390-401f-a7eb-5dd488ff9f76	chr15	22304270	28508971	4	4	0
1b8f2157-d390-401f-a7eb-5dd488ff9f76	chr15	28514240	28726574	2	2	0
1b8f2157-d390-401f-a7eb-5dd488ff9f76	chr15	28727783	32348940	4	4	0
1b8f2157-d390-401f-a7eb-5dd488ff9f76	chr15	32368656	32372960	0	0	0
1b8f2157-d390-401f-a7eb-5dd488ff9f76	chr15	32376959	32388490	2	2	0
1b8f2157-d390-401f-a7eb-5dd488ff9f76	chr15	32394031	32394031	1	1	0
1b8f2157-d390-401f-a7eb-5dd488ff9f76	chr15	32396013	61433577	4	4	0
1b8f2157-d390-401f-a7eb-5dd488ff9f76	chr15	61434890	61740847	3	3	0
1b8f2157-d390-401f-a7eb-5dd488ff9f76	chr15	61742046	64772458	4	4	0
1b8f2157-d390-401f-a7eb-5dd488ff9f76	chr15	64773721	64781587	2	2	0
1b8f2157-d390-401f-a7eb-5dd488ff9f76	chr15	64783211	101980591	4	4	0
1b8f2157-d390-401f-a7eb-5dd488ff9f76	chr16	10291	973882	5	3	2
1b8f2157-d390-401f-a7eb-5dd488ff9f76	chr16	974913	1369304	4	2	2
1b8f2157-d390-401f-a7eb-5dd488ff9f76	chr16	1370812	19443962	5	3	2
1b8f2157-d390-401f-a7eb-5dd488ff9f76	chr16	19445116	19563645	6	3	3
1b8f2157-d390-401f-a7eb-5dd488ff9f76	chr16	19564691	34209262	5	3	2
1b8f2157-d390-401f-a7eb-5dd488ff9f76	chr16	34211831	36045725	4	3	1
1b8f2157-d390-401f-a7eb-5dd488ff9f76	chr16	46380940	46694561	6	4	2
1b8f2157-d390-401f-a7eb-5dd488ff9f76	chr16	46698179	90027173	4	3	1
1b8f2157-d390-401f-a7eb-5dd488ff9f76	chr16	90028869	90226358	6	5	1
1b8f2157-d390-401f-a7eb-5dd488ff9f76	chr17	151035	5706770	3	3	0
1b8f2157-d390-401f-a7eb-5dd488ff9f76	chr17	5707962	7547320	4	4	0
1b8f2157-d390-401f-a7eb-5dd488ff9f76	chr17	7548527	11318762	3	3	0
1b8f2157-d390-401f-a7eb-5dd488ff9f76	chr17	11319859	11674025	4	4	0
1b8f2157-d390-401f-a7eb-5dd488ff9f76	chr17	11675137	16231074	3	3	0
1b8f2157-d390-401f-a7eb-5dd488ff9f76	chr17	16232975	16242857	4	2	2
1b8f2157-d390-401f-a7eb-5dd488ff9f76	chr17	16244507	22694568	6	3	3
1b8f2157-d390-401f-a7eb-5dd488ff9f76	chr17	22697127	29150020	9	6	3
1b8f2157-d390-401f-a7eb-5dd488ff9f76	chr17	29153477	29164844	9	5	4
1b8f2157-d390-401f-a7eb-5dd488ff9f76	chr17	29165851	70745428	7	4	3
1b8f2157-d390-401f-a7eb-5dd488ff9f76	chr17	70747378	76925047	3	3	0
1b8f2157-d390-401f-a7eb-5dd488ff9f76	chr17	76926062	77686020	7	4	3
1b8f2157-d390-401f-a7eb-5dd488ff9f76	chr17	77687310	77777453	10	5	5
1b8f2157-d390-401f-a7eb-5dd488ff9f76	chr17	77778609	78781957	10	7	3
1b8f2157-d390-401f-a7eb-5dd488ff9f76	chr17	78785195	83237603	6	3	3
1b8f2157-d390-401f-a7eb-5dd488ff9f76	chr18	16444	80259190	4	3	1
1b8f2157-d390-401f-a7eb-5dd488ff9f76	chr19	157892	15679721	3	3	0
1b8f2157-d390-401f-a7eb-5dd488ff9f76	chr19	15680796	15710992	2	2	0
1b8f2157-d390-401f-a7eb-5dd488ff9f76	chr19	15712206	24328576	3	3	0
1b8f2157-d390-401f-a7eb-5dd488ff9f76	chr19	24329632	24413877	5	3	2
1b8f2157-d390-401f-a7eb-5dd488ff9f76	chr19	24415309	27347668	4	3	1
1b8f2157-d390-401f-a7eb-5dd488ff9f76	chr19	27348712	27421789	10	5	5
1b8f2157-d390-401f-a7eb-5dd488ff9f76	chr19	27422947	27441247	14	14	0
1b8f2157-d390-401f-a7eb-5dd488ff9f76	chr19	27442296	27780452	22	19	3
1b8f2157-d390-401f-a7eb-5dd488ff9f76	chr19	27781475	30182142	12	9	3
1b8f2157-d390-401f-a7eb-5dd488ff9f76	chr19	30183459	33034561	3	3	0
1b8f2157-d390-401f-a7eb-5dd488ff9f76	chr19	33036042	35148555	12	9	3
1b8f2157-d390-401f-a7eb-5dd488ff9f76	chr19	35149860	35772083	14	11	3
1b8f2157-d390-401f-a7eb-5dd488ff9f76	chr19	35773128	35939018	25	21	4
1b8f2157-d390-401f-a7eb-5dd488ff9f76	chr19	35941725	36798649	14	11	3
1b8f2157-d390-401f-a7eb-5dd488ff9f76	chr19	36802915	58607412	3	3	0
1b8f2157-d390-401f-a7eb-5dd488ff9f76	chr20	80457	6208790	8	4	4
1b8f2157-d390-401f-a7eb-5dd488ff9f76	chr20	6210203	36636139	7	4	3
1b8f2157-d390-401f-a7eb-5dd488ff9f76	chr20	36644375	44261867	3	3	0
1b8f2157-d390-401f-a7eb-5dd488ff9f76	chr20	44263169	64331516	4	4	0
1b8f2157-d390-401f-a7eb-5dd488ff9f76	chr21	7762688	9040052	2	2	0
1b8f2157-d390-401f-a7eb-5dd488ff9f76	chr21	9041843	9063725	3	2	1
1b8f2157-d390-401f-a7eb-5dd488ff9f76	chr21	9069390	9148330	0	0	0
1b8f2157-d390-401f-a7eb-5dd488ff9f76	chr21	9150074	9253886	1	1	0
1b8f2157-d390-401f-a7eb-5dd488ff9f76	chr21	9262559	9946294	2	2	0
1b8f2157-d390-401f-a7eb-5dd488ff9f76	chr21	9949006	10381055	1	1	0
1b8f2157-d390-401f-a7eb-5dd488ff9f76	chr21	10382727	10523401	3	2	1
1b8f2157-d390-401f-a7eb-5dd488ff9f76	chr21	10537477	10813132	2	2	0
1b8f2157-d390-401f-a7eb-5dd488ff9f76	chr21	10814377	13033482	6	5	1
1b8f2157-d390-401f-a7eb-5dd488ff9f76	chr21	13034950	13038540	5	4	1
1b8f2157-d390-401f-a7eb-5dd488ff9f76	chr21	13039567	13187548	0	0	0
1b8f2157-d390-401f-a7eb-5dd488ff9f76	chr21	13188748	13218873	2	2	0
1b8f2157-d390-401f-a7eb-5dd488ff9f76	chr21	13220384	46699722	3	3	0
1b8f2157-d390-401f-a7eb-5dd488ff9f76	chr22	15284540	25267555	3	3	0
1b8f2157-d390-401f-a7eb-5dd488ff9f76	chr22	25268784	25478497	2	2	0
1b8f2157-d390-401f-a7eb-5dd488ff9f76	chr22	25479606	25531149	3	2	1
1b8f2157-d390-401f-a7eb-5dd488ff9f76	chr22	25532301	28216309	3	3	0
1b8f2157-d390-401f-a7eb-5dd488ff9f76	chr22	28219465	28637201	4	4	0
1b8f2157-d390-401f-a7eb-5dd488ff9f76	chr22	28638976	50802392	3	3	0
1b8f2157-d390-401f-a7eb-5dd488ff9f76	chrX	2781514	155699751	3	3	0
1b8f2157-d390-401f-a7eb-5dd488ff9f76	chrY	2789135	26622951	0	0	0
