GDC_Aliquot	Chromosome	Start	End	Num_Probes	Segment_Mean
37d466fd-c886-4485-8ab8-55aa75dc04fc	1	62920	783283	24	0.4951
37d466fd-c886-4485-8ab8-55aa75dc04fc	1	787937	969227	43	0.0494
37d466fd-c886-4485-8ab8-55aa75dc04fc	1	983193	3285881	666	-0.0841
37d466fd-c886-4485-8ab8-55aa75dc04fc	1	3286332	16544783	7917	0.02
37d466fd-c886-4485-8ab8-55aa75dc04fc	1	16569132	16855942	55	0.4042
37d466fd-c886-4485-8ab8-55aa75dc04fc	1	16863509	17003654	80	-0.2746
37d466fd-c886-4485-8ab8-55aa75dc04fc	1	17010382	30261189	7651	0.0181
37d466fd-c886-4485-8ab8-55aa75dc04fc	1	30264526	30266949	8	-0.8212
37d466fd-c886-4485-8ab8-55aa75dc04fc	1	30268649	34626073	2556	0.0203
37d466fd-c886-4485-8ab8-55aa75dc04fc	1	34637053	34638890	20	-0.5413
37d466fd-c886-4485-8ab8-55aa75dc04fc	1	34648667	72284670	23759	0.0267
37d466fd-c886-4485-8ab8-55aa75dc04fc	1	72290430	72297687	9	-0.8748
37d466fd-c886-4485-8ab8-55aa75dc04fc	1	72302735	72357153	60	0.2242
37d466fd-c886-4485-8ab8-55aa75dc04fc	1	72362295	103510026	19980	0.0278
37d466fd-c886-4485-8ab8-55aa75dc04fc	1	103515125	103586648	28	0.1438
37d466fd-c886-4485-8ab8-55aa75dc04fc	1	103587546	103616762	11	-0.4498
37d466fd-c886-4485-8ab8-55aa75dc04fc	1	103620877	103717410	5	1.5842
37d466fd-c886-4485-8ab8-55aa75dc04fc	1	103717617	108187137	2875	0.0263
37d466fd-c886-4485-8ab8-55aa75dc04fc	1	108191613	108194874	3	-0.7711
37d466fd-c886-4485-8ab8-55aa75dc04fc	1	108196482	109684893	695	0.0331
37d466fd-c886-4485-8ab8-55aa75dc04fc	1	109690352	109697556	13	-1.4087
37d466fd-c886-4485-8ab8-55aa75dc04fc	1	109702376	110828115	832	0.026
37d466fd-c886-4485-8ab8-55aa75dc04fc	1	110831471	110836788	19	0.3482
37d466fd-c886-4485-8ab8-55aa75dc04fc	1	110836933	112147704	1098	0.0233
37d466fd-c886-4485-8ab8-55aa75dc04fc	1	112153343	112154591	22	-1.9329
37d466fd-c886-4485-8ab8-55aa75dc04fc	1	112154619	119978092	5039	0.0141
37d466fd-c886-4485-8ab8-55aa75dc04fc	1	119979030	149879339	1160	0.0878
37d466fd-c886-4485-8ab8-55aa75dc04fc	1	149881178	150828179	439	0.0048
37d466fd-c886-4485-8ab8-55aa75dc04fc	1	150828285	150828700	4	0.7967
37d466fd-c886-4485-8ab8-55aa75dc04fc	1	150830551	151375049	230	0.0367
37d466fd-c886-4485-8ab8-55aa75dc04fc	1	151375224	151375344	2	-0.8803
37d466fd-c886-4485-8ab8-55aa75dc04fc	1	151375579	152575558	718	0.024
37d466fd-c886-4485-8ab8-55aa75dc04fc	1	152575695	152614118	49	0.2878
37d466fd-c886-4485-8ab8-55aa75dc04fc	1	152618018	152789463	169	0.0134
37d466fd-c886-4485-8ab8-55aa75dc04fc	1	152789479	152796224	35	0.3428
37d466fd-c886-4485-8ab8-55aa75dc04fc	1	152801429	158896783	3616	0.0172
37d466fd-c886-4485-8ab8-55aa75dc04fc	1	158898711	158899969	2	-1.2299
37d466fd-c886-4485-8ab8-55aa75dc04fc	1	158905028	189679027	21114	0.0265
37d466fd-c886-4485-8ab8-55aa75dc04fc	1	189679353	189679397	2	-1.4187
37d466fd-c886-4485-8ab8-55aa75dc04fc	1	189682917	196762956	4741	0.0332
37d466fd-c886-4485-8ab8-55aa75dc04fc	1	196769493	196854187	59	-0.4938
37d466fd-c886-4485-8ab8-55aa75dc04fc	1	196854483	197273742	216	0.0815
37d466fd-c886-4485-8ab8-55aa75dc04fc	1	197273803	198959928	1043	0.0093
37d466fd-c886-4485-8ab8-55aa75dc04fc	1	198960230	199142562	117	0.0789
37d466fd-c886-4485-8ab8-55aa75dc04fc	1	199142844	199143883	4	0.6139
37d466fd-c886-4485-8ab8-55aa75dc04fc	1	199144712	202039314	2005	0.026
37d466fd-c886-4485-8ab8-55aa75dc04fc	1	202042454	209908268	5398	-0.0175
37d466fd-c886-4485-8ab8-55aa75dc04fc	1	209908720	209910639	2	1.3426
37d466fd-c886-4485-8ab8-55aa75dc04fc	1	209913207	223155910	9096	-0.0153
37d466fd-c886-4485-8ab8-55aa75dc04fc	1	223155941	223156423	2	-1.1511
37d466fd-c886-4485-8ab8-55aa75dc04fc	1	223156942	246026700	16187	-0.0098
37d466fd-c886-4485-8ab8-55aa75dc04fc	1	246026815	248930189	1742	0.0227
37d466fd-c886-4485-8ab8-55aa75dc04fc	2	12784	737505	518	0.046
37d466fd-c886-4485-8ab8-55aa75dc04fc	2	742100	747161	3	-1.1602
37d466fd-c886-4485-8ab8-55aa75dc04fc	2	751300	4169315	2473	0.0239
37d466fd-c886-4485-8ab8-55aa75dc04fc	2	4169594	4171949	14	0.4411
37d466fd-c886-4485-8ab8-55aa75dc04fc	2	4171952	13080044	7009	0.0231
37d466fd-c886-4485-8ab8-55aa75dc04fc	2	13085053	13113118	15	-0.4027
37d466fd-c886-4485-8ab8-55aa75dc04fc	2	13115133	34466002	14063	0.0287
37d466fd-c886-4485-8ab8-55aa75dc04fc	2	34474248	34511990	46	-2.0049
37d466fd-c886-4485-8ab8-55aa75dc04fc	2	34512096	35742970	871	0.0399
37d466fd-c886-4485-8ab8-55aa75dc04fc	2	35750907	35762881	8	0.7054
37d466fd-c886-4485-8ab8-55aa75dc04fc	2	35772407	49295759	9846	0.0282
37d466fd-c886-4485-8ab8-55aa75dc04fc	2	49305903	49314051	6	-0.7856
37d466fd-c886-4485-8ab8-55aa75dc04fc	2	49317902	52527423	2275	0.0381
37d466fd-c886-4485-8ab8-55aa75dc04fc	2	52527590	52527743	3	-1.8786
37d466fd-c886-4485-8ab8-55aa75dc04fc	2	52531615	52554259	28	-0.1836
37d466fd-c886-4485-8ab8-55aa75dc04fc	2	52554274	54329413	1341	0.0366
37d466fd-c886-4485-8ab8-55aa75dc04fc	2	54330344	54330439	2	-1.2028
37d466fd-c886-4485-8ab8-55aa75dc04fc	2	54340453	57614906	2314	0.0307
37d466fd-c886-4485-8ab8-55aa75dc04fc	2	57614940	57657255	39	0.2532
37d466fd-c886-4485-8ab8-55aa75dc04fc	2	57657295	66894497	5623	0.0169
37d466fd-c886-4485-8ab8-55aa75dc04fc	2	66894550	66894566	2	-1.0584
37d466fd-c886-4485-8ab8-55aa75dc04fc	2	66899862	86901078	12677	0.0273
37d466fd-c886-4485-8ab8-55aa75dc04fc	2	86902080	86910262	2	-1.1838
37d466fd-c886-4485-8ab8-55aa75dc04fc	2	86934730	88833611	606	0.0249
37d466fd-c886-4485-8ab8-55aa75dc04fc	2	88834118	90006053	211	0.1537
37d466fd-c886-4485-8ab8-55aa75dc04fc	2	90006438	97359885	1048	0.0355
37d466fd-c886-4485-8ab8-55aa75dc04fc	2	97524284	97545726	9	0.9146
37d466fd-c886-4485-8ab8-55aa75dc04fc	2	97550415	106258193	5568	0.0215
37d466fd-c886-4485-8ab8-55aa75dc04fc	2	106258266	106268901	13	0.5145
37d466fd-c886-4485-8ab8-55aa75dc04fc	2	106270799	109072516	1702	0.0113
37d466fd-c886-4485-8ab8-55aa75dc04fc	2	109075969	109078660	3	-0.873
37d466fd-c886-4485-8ab8-55aa75dc04fc	2	109078954	117089052	4187	0.0271
37d466fd-c886-4485-8ab8-55aa75dc04fc	2	117090548	117092970	4	-0.7535
37d466fd-c886-4485-8ab8-55aa75dc04fc	2	117096494	122719438	3597	0.0228
37d466fd-c886-4485-8ab8-55aa75dc04fc	2	122722323	122724665	8	-0.4871
37d466fd-c886-4485-8ab8-55aa75dc04fc	2	122726077	124704543	1384	0.0378
37d466fd-c886-4485-8ab8-55aa75dc04fc	2	124704743	124704840	2	-1.0692
37d466fd-c886-4485-8ab8-55aa75dc04fc	2	124704874	124784329	56	0.0085
37d466fd-c886-4485-8ab8-55aa75dc04fc	2	124784546	125284284	273	0.1075
37d466fd-c886-4485-8ab8-55aa75dc04fc	2	125287799	128880504	2174	0.0196
37d466fd-c886-4485-8ab8-55aa75dc04fc	2	128880904	128882741	15	-2.463
37d466fd-c886-4485-8ab8-55aa75dc04fc	2	128882755	130218990	910	0.0221
37d466fd-c886-4485-8ab8-55aa75dc04fc	2	130220942	130224975	3	0.764
37d466fd-c886-4485-8ab8-55aa75dc04fc	2	130241291	131951621	587	0.0275
37d466fd-c886-4485-8ab8-55aa75dc04fc	2	131956771	132185662	69	0.2443
37d466fd-c886-4485-8ab8-55aa75dc04fc	2	132192510	137642524	3641	0.0265
37d466fd-c886-4485-8ab8-55aa75dc04fc	2	137646962	138272332	388	0.1102
37d466fd-c886-4485-8ab8-55aa75dc04fc	2	138280412	138645236	177	0.0049
37d466fd-c886-4485-8ab8-55aa75dc04fc	2	138646501	138656848	8	-0.811
37d466fd-c886-4485-8ab8-55aa75dc04fc	2	138656954	146104517	4637	0.0209
37d466fd-c886-4485-8ab8-55aa75dc04fc	2	146106836	146109366	24	-1.9723
37d466fd-c886-4485-8ab8-55aa75dc04fc	2	146120238	183814089	23241	0.021
37d466fd-c886-4485-8ab8-55aa75dc04fc	2	183826726	183836069	6	-0.7843
37d466fd-c886-4485-8ab8-55aa75dc04fc	2	183837046	185477693	1012	0.0365
37d466fd-c886-4485-8ab8-55aa75dc04fc	2	185480421	186070660	290	0.1439
37d466fd-c886-4485-8ab8-55aa75dc04fc	2	186070832	187272855	625	0.0226
37d466fd-c886-4485-8ab8-55aa75dc04fc	2	187273124	187275757	3	-1.0438
37d466fd-c886-4485-8ab8-55aa75dc04fc	2	187276963	194976276	4309	0.0276
37d466fd-c886-4485-8ab8-55aa75dc04fc	2	194980979	195362500	247	0.1119
37d466fd-c886-4485-8ab8-55aa75dc04fc	2	195362760	228394089	20839	0.0226
37d466fd-c886-4485-8ab8-55aa75dc04fc	2	228397576	228405109	7	-0.5481
37d466fd-c886-4485-8ab8-55aa75dc04fc	2	228406284	232339649	2255	0.0202
37d466fd-c886-4485-8ab8-55aa75dc04fc	2	232340721	232375213	36	0.4662
37d466fd-c886-4485-8ab8-55aa75dc04fc	2	232376888	232377633	7	-0.1663
37d466fd-c886-4485-8ab8-55aa75dc04fc	2	232377647	232447215	44	0.5823
37d466fd-c886-4485-8ab8-55aa75dc04fc	2	232453368	240671904	5546	0.0144
37d466fd-c886-4485-8ab8-55aa75dc04fc	2	240686640	240705394	3	-0.9756
37d466fd-c886-4485-8ab8-55aa75dc04fc	2	240705517	242147305	602	0.008
37d466fd-c886-4485-8ab8-55aa75dc04fc	3	20930	1870064	1666	0.0185
37d466fd-c886-4485-8ab8-55aa75dc04fc	3	1870759	3870739	1817	-0.0457
37d466fd-c886-4485-8ab8-55aa75dc04fc	3	3874053	4124555	251	0.0577
37d466fd-c886-4485-8ab8-55aa75dc04fc	3	4125604	5459032	1070	-0.0706
37d466fd-c886-4485-8ab8-55aa75dc04fc	3	5459127	5982076	447	0.0192
37d466fd-c886-4485-8ab8-55aa75dc04fc	3	5985557	5985932	3	-1.0665
37d466fd-c886-4485-8ab8-55aa75dc04fc	3	5988396	25951171	14353	-0.0616
37d466fd-c886-4485-8ab8-55aa75dc04fc	3	25951443	26393410	283	0.0426
37d466fd-c886-4485-8ab8-55aa75dc04fc	3	26397852	26559609	115	-0.0947
37d466fd-c886-4485-8ab8-55aa75dc04fc	3	26560269	26573486	20	0.2643
37d466fd-c886-4485-8ab8-55aa75dc04fc	3	26574458	59786602	20359	-0.0672
37d466fd-c886-4485-8ab8-55aa75dc04fc	3	59786616	61040294	1393	0.0023
37d466fd-c886-4485-8ab8-55aa75dc04fc	3	61040679	68674077	6013	-0.0699
37d466fd-c886-4485-8ab8-55aa75dc04fc	3	68675541	68699928	24	0.2206
37d466fd-c886-4485-8ab8-55aa75dc04fc	3	68700061	75478031	4905	-0.0695
37d466fd-c886-4485-8ab8-55aa75dc04fc	3	75478054	75519398	19	0.2046
37d466fd-c886-4485-8ab8-55aa75dc04fc	3	75523398	75528153	3	-2.2158
37d466fd-c886-4485-8ab8-55aa75dc04fc	3	75529707	90169207	8084	-0.0636
37d466fd-c886-4485-8ab8-55aa75dc04fc	3	90186901	98172340	2298	0.0264
37d466fd-c886-4485-8ab8-55aa75dc04fc	3	98172728	98197104	8	0.5662
37d466fd-c886-4485-8ab8-55aa75dc04fc	3	98199423	99218940	590	0.0453
37d466fd-c886-4485-8ab8-55aa75dc04fc	3	99225614	99230464	36	-0.518
37d466fd-c886-4485-8ab8-55aa75dc04fc	3	99230470	103271406	2252	0.0294
37d466fd-c886-4485-8ab8-55aa75dc04fc	3	103272420	103273767	2	-3.3765
37d466fd-c886-4485-8ab8-55aa75dc04fc	3	103273801	130044855	16461	0.0385
37d466fd-c886-4485-8ab8-55aa75dc04fc	3	130047743	130087393	37	-1.4568
37d466fd-c886-4485-8ab8-55aa75dc04fc	3	130088081	131616918	877	0.046
37d466fd-c886-4485-8ab8-55aa75dc04fc	3	131617143	131617654	4	0.6627
37d466fd-c886-4485-8ab8-55aa75dc04fc	3	131619421	136300257	3148	0.0472
37d466fd-c886-4485-8ab8-55aa75dc04fc	3	136304109	136306584	2	1.071
37d466fd-c886-4485-8ab8-55aa75dc04fc	3	136319699	143566923	4336	0.046
37d466fd-c886-4485-8ab8-55aa75dc04fc	3	143566958	143567132	4	0.8488
37d466fd-c886-4485-8ab8-55aa75dc04fc	3	143567959	146674197	2028	0.0414
37d466fd-c886-4485-8ab8-55aa75dc04fc	3	146675288	147985655	703	0.111
37d466fd-c886-4485-8ab8-55aa75dc04fc	3	147987697	162148157	8748	0.0382
37d466fd-c886-4485-8ab8-55aa75dc04fc	3	162148435	162279020	94	0.1783
37d466fd-c886-4485-8ab8-55aa75dc04fc	3	162279965	162405578	58	0.0687
37d466fd-c886-4485-8ab8-55aa75dc04fc	3	162419812	162424917	14	-0.7753
37d466fd-c886-4485-8ab8-55aa75dc04fc	3	162426460	164998574	1491	0.0395
37d466fd-c886-4485-8ab8-55aa75dc04fc	3	164999609	166177239	707	0.1008
37d466fd-c886-4485-8ab8-55aa75dc04fc	3	166177317	173401978	4387	0.041
37d466fd-c886-4485-8ab8-55aa75dc04fc	3	173402092	173444687	41	0.1011
37d466fd-c886-4485-8ab8-55aa75dc04fc	3	173445369	173698558	181	0.1966
37d466fd-c886-4485-8ab8-55aa75dc04fc	3	173698781	175464284	1268	0.0652
37d466fd-c886-4485-8ab8-55aa75dc04fc	3	175464504	176054456	338	0.179
37d466fd-c886-4485-8ab8-55aa75dc04fc	3	176055600	192585894	10678	0.0796
37d466fd-c886-4485-8ab8-55aa75dc04fc	3	192594507	192595268	3	-0.7115
37d466fd-c886-4485-8ab8-55aa75dc04fc	3	192595464	192670445	63	0.1272
37d466fd-c886-4485-8ab8-55aa75dc04fc	3	192670476	192672961	2	-1.0176
37d466fd-c886-4485-8ab8-55aa75dc04fc	3	192674578	195720051	1866	0.0815
37d466fd-c886-4485-8ab8-55aa75dc04fc	3	195728637	195747311	18	-0.4826
37d466fd-c886-4485-8ab8-55aa75dc04fc	3	195747892	198142659	1163	0.0766
37d466fd-c886-4485-8ab8-55aa75dc04fc	3	198169114	198169247	4	1.0171
37d466fd-c886-4485-8ab8-55aa75dc04fc	4	68929	34777432	22713	0.0346
37d466fd-c886-4485-8ab8-55aa75dc04fc	4	34784878	34823103	38	-2.5073
37d466fd-c886-4485-8ab8-55aa75dc04fc	4	34828250	42924481	5381	0.0288
37d466fd-c886-4485-8ab8-55aa75dc04fc	4	42927995	43307048	275	0.1436
37d466fd-c886-4485-8ab8-55aa75dc04fc	4	43307098	59107300	8148	0.0303
37d466fd-c886-4485-8ab8-55aa75dc04fc	4	59108353	59122391	9	0.6189
37d466fd-c886-4485-8ab8-55aa75dc04fc	4	59123359	62802116	2182	0.0286
37d466fd-c886-4485-8ab8-55aa75dc04fc	4	62804218	62805944	8	-1.8678
37d466fd-c886-4485-8ab8-55aa75dc04fc	4	62813912	63081111	141	0.0501
37d466fd-c886-4485-8ab8-55aa75dc04fc	4	63083996	63292771	110	0.1643
37d466fd-c886-4485-8ab8-55aa75dc04fc	4	63292904	63825689	302	0.0208
37d466fd-c886-4485-8ab8-55aa75dc04fc	4	63826341	63840033	23	0.3824
37d466fd-c886-4485-8ab8-55aa75dc04fc	4	63841863	63842540	8	0.9179
37d466fd-c886-4485-8ab8-55aa75dc04fc	4	63850713	64958440	668	0.0434
37d466fd-c886-4485-8ab8-55aa75dc04fc	4	64958534	64958552	2	-2.4246
37d466fd-c886-4485-8ab8-55aa75dc04fc	4	64958595	68352050	2172	0.0349
37d466fd-c886-4485-8ab8-55aa75dc04fc	4	68352181	68640616	96	-0.1206
37d466fd-c886-4485-8ab8-55aa75dc04fc	4	68655691	69067034	203	0.0897
37d466fd-c886-4485-8ab8-55aa75dc04fc	4	69067612	69414814	186	0.183
37d466fd-c886-4485-8ab8-55aa75dc04fc	4	69415349	108464432	23716	0.026
37d466fd-c886-4485-8ab8-55aa75dc04fc	4	108466650	108467479	2	-2.8635
37d466fd-c886-4485-8ab8-55aa75dc04fc	4	108482941	114252544	3589	0.0282
37d466fd-c886-4485-8ab8-55aa75dc04fc	4	114254167	114261019	23	-1.2933
37d466fd-c886-4485-8ab8-55aa75dc04fc	4	114263073	131071879	9963	0.0281
37d466fd-c886-4485-8ab8-55aa75dc04fc	4	131072678	131364354	141	0.1566
37d466fd-c886-4485-8ab8-55aa75dc04fc	4	131364594	139592723	4809	0.0307
37d466fd-c886-4485-8ab8-55aa75dc04fc	4	139594534	142872644	2141	0.055
37d466fd-c886-4485-8ab8-55aa75dc04fc	4	142872786	142879661	33	0.2967
37d466fd-c886-4485-8ab8-55aa75dc04fc	4	142879804	154881396	6957	0.057
37d466fd-c886-4485-8ab8-55aa75dc04fc	4	154881853	154881926	3	1.0044
37d466fd-c886-4485-8ab8-55aa75dc04fc	4	154882047	160109884	3275	0.0541
37d466fd-c886-4485-8ab8-55aa75dc04fc	4	160113494	160149103	45	0.2721
37d466fd-c886-4485-8ab8-55aa75dc04fc	4	160149115	160958989	602	0.0501
37d466fd-c886-4485-8ab8-55aa75dc04fc	4	160959045	160963244	15	0.5035
37d466fd-c886-4485-8ab8-55aa75dc04fc	4	160963432	171447380	6668	0.0683
37d466fd-c886-4485-8ab8-55aa75dc04fc	4	171448195	171456307	10	0.9947
37d466fd-c886-4485-8ab8-55aa75dc04fc	4	171456559	172066777	400	0.0605
37d466fd-c886-4485-8ab8-55aa75dc04fc	4	172067997	172068382	12	-1.6729
37d466fd-c886-4485-8ab8-55aa75dc04fc	4	172074828	190106768	12080	0.0716
37d466fd-c886-4485-8ab8-55aa75dc04fc	5	15532	698357	308	0.0007
37d466fd-c886-4485-8ab8-55aa75dc04fc	5	698390	825538	44	0.2594
37d466fd-c886-4485-8ab8-55aa75dc04fc	5	833513	1962142	629	-0.0427
37d466fd-c886-4485-8ab8-55aa75dc04fc	5	1962322	15374277	10998	0.0305
37d466fd-c886-4485-8ab8-55aa75dc04fc	5	15382528	16164511	482	0.1093
37d466fd-c886-4485-8ab8-55aa75dc04fc	5	16168985	26789387	6395	0.0451
37d466fd-c886-4485-8ab8-55aa75dc04fc	5	26797651	26797735	2	-1.2489
37d466fd-c886-4485-8ab8-55aa75dc04fc	5	26803775	34024550	4719	0.0408
37d466fd-c886-4485-8ab8-55aa75dc04fc	5	34024649	34393588	133	0.1679
37d466fd-c886-4485-8ab8-55aa75dc04fc	5	34400166	45303272	6658	0.0377
37d466fd-c886-4485-8ab8-55aa75dc04fc	5	45303790	50684769	535	0.133
37d466fd-c886-4485-8ab8-55aa75dc04fc	5	50684968	58025819	4859	0.0366
37d466fd-c886-4485-8ab8-55aa75dc04fc	5	58030200	58037706	32	-0.4593
37d466fd-c886-4485-8ab8-55aa75dc04fc	5	58042530	61776779	2509	0.0336
37d466fd-c886-4485-8ab8-55aa75dc04fc	5	61777373	63303633	954	-0.0205
37d466fd-c886-4485-8ab8-55aa75dc04fc	5	63304263	63885700	332	0.0949
37d466fd-c886-4485-8ab8-55aa75dc04fc	5	63886716	66946153	1840	-0.0099
37d466fd-c886-4485-8ab8-55aa75dc04fc	5	66947203	99155827	18111	-0.0639
37d466fd-c886-4485-8ab8-55aa75dc04fc	5	99156020	102213574	1819	-0.0159
37d466fd-c886-4485-8ab8-55aa75dc04fc	5	102213601	110137730	4914	-0.0578
37d466fd-c886-4485-8ab8-55aa75dc04fc	5	110140022	110152186	11	0.5549
37d466fd-c886-4485-8ab8-55aa75dc04fc	5	110152357	120956507	7624	-0.0608
37d466fd-c886-4485-8ab8-55aa75dc04fc	5	120957285	121117886	112	0.0882
37d466fd-c886-4485-8ab8-55aa75dc04fc	5	121123488	177771448	36884	-0.0654
37d466fd-c886-4485-8ab8-55aa75dc04fc	5	177800550	177801578	2	-1.2569
37d466fd-c886-4485-8ab8-55aa75dc04fc	5	177805604	181363319	1986	-0.071
37d466fd-c886-4485-8ab8-55aa75dc04fc	6	149661	253861	99	0.0152
37d466fd-c886-4485-8ab8-55aa75dc04fc	6	254267	271856	12	-0.7182
37d466fd-c886-4485-8ab8-55aa75dc04fc	6	277360	380821	88	-0.3123
37d466fd-c886-4485-8ab8-55aa75dc04fc	6	381149	471640	82	-0.0432
37d466fd-c886-4485-8ab8-55aa75dc04fc	6	472807	968072	431	0.0642
37d466fd-c886-4485-8ab8-55aa75dc04fc	6	968430	16087418	11850	-0.0068
37d466fd-c886-4485-8ab8-55aa75dc04fc	6	16088037	16088500	4	-1.187
37d466fd-c886-4485-8ab8-55aa75dc04fc	6	16088820	26670022	7662	-0.0052
37d466fd-c886-4485-8ab8-55aa75dc04fc	6	26671100	26936980	30	0.3481
37d466fd-c886-4485-8ab8-55aa75dc04fc	6	26937049	29869411	1397	-0.0066
37d466fd-c886-4485-8ab8-55aa75dc04fc	6	29869537	29906865	20	-0.9147
37d466fd-c886-4485-8ab8-55aa75dc04fc	6	29906932	31243089	607	-0.0009
37d466fd-c886-4485-8ab8-55aa75dc04fc	6	31261685	31265733	5	-1.0423
37d466fd-c886-4485-8ab8-55aa75dc04fc	6	31275182	32481273	554	0.0138
37d466fd-c886-4485-8ab8-55aa75dc04fc	6	32485024	32658841	64	-0.5509
37d466fd-c886-4485-8ab8-55aa75dc04fc	6	32682835	49053531	10446	-0.007
37d466fd-c886-4485-8ab8-55aa75dc04fc	6	49054204	49087129	16	0.3444
37d466fd-c886-4485-8ab8-55aa75dc04fc	6	49088490	54066353	3239	-0.012
37d466fd-c886-4485-8ab8-55aa75dc04fc	6	54066432	54067057	6	-1.8984
37d466fd-c886-4485-8ab8-55aa75dc04fc	6	54070550	56425744	1522	-0.0163
37d466fd-c886-4485-8ab8-55aa75dc04fc	6	56426017	56426125	3	-1.0695
37d466fd-c886-4485-8ab8-55aa75dc04fc	6	56426150	57297134	426	-0.0163
37d466fd-c886-4485-8ab8-55aa75dc04fc	6	57297691	61636449	693	0.0765
37d466fd-c886-4485-8ab8-55aa75dc04fc	6	61636840	64627049	1582	-0.0006
37d466fd-c886-4485-8ab8-55aa75dc04fc	6	64637651	64639099	2	-2.6044
37d466fd-c886-4485-8ab8-55aa75dc04fc	6	64640883	65684197	699	0.0075
37d466fd-c886-4485-8ab8-55aa75dc04fc	6	65689589	65697234	24	-0.6376
37d466fd-c886-4485-8ab8-55aa75dc04fc	6	65697317	66283562	370	-0.007
37d466fd-c886-4485-8ab8-55aa75dc04fc	6	66283625	66350456	83	0.1668
37d466fd-c886-4485-8ab8-55aa75dc04fc	6	66350503	70913952	3041	-0.0092
37d466fd-c886-4485-8ab8-55aa75dc04fc	6	70914695	71061597	95	0.1341
37d466fd-c886-4485-8ab8-55aa75dc04fc	6	71061861	72508989	1000	-0.0009
37d466fd-c886-4485-8ab8-55aa75dc04fc	6	72512139	72512361	2	-1.2034
37d466fd-c886-4485-8ab8-55aa75dc04fc	6	72518093	76305231	2325	0.0022
37d466fd-c886-4485-8ab8-55aa75dc04fc	6	76307183	76307209	3	-1.2331
37d466fd-c886-4485-8ab8-55aa75dc04fc	6	76307276	76726815	296	-0.0005
37d466fd-c886-4485-8ab8-55aa75dc04fc	6	76730151	76758906	26	0.2948
37d466fd-c886-4485-8ab8-55aa75dc04fc	6	76758921	78259348	973	0.0063
37d466fd-c886-4485-8ab8-55aa75dc04fc	6	78259388	78325468	112	-0.4534
37d466fd-c886-4485-8ab8-55aa75dc04fc	6	78329517	93776860	9909	-0.0033
37d466fd-c886-4485-8ab8-55aa75dc04fc	6	93777377	94949948	768	0.0781
37d466fd-c886-4485-8ab8-55aa75dc04fc	6	94952501	103290101	4796	-0.0039
37d466fd-c886-4485-8ab8-55aa75dc04fc	6	103290164	103314186	45	0.6481
37d466fd-c886-4485-8ab8-55aa75dc04fc	6	103317795	115057911	7313	-0.0063
37d466fd-c886-4485-8ab8-55aa75dc04fc	6	115057996	115086809	3	-1.4525
37d466fd-c886-4485-8ab8-55aa75dc04fc	6	115087407	118388379	1934	-0.001
37d466fd-c886-4485-8ab8-55aa75dc04fc	6	118389947	118816865	256	0.0977
37d466fd-c886-4485-8ab8-55aa75dc04fc	6	118817120	123949727	3048	-0.0048
37d466fd-c886-4485-8ab8-55aa75dc04fc	6	123952907	124034325	79	0.1551
37d466fd-c886-4485-8ab8-55aa75dc04fc	6	124039378	124110366	58	0.0139
37d466fd-c886-4485-8ab8-55aa75dc04fc	6	124110629	124149220	21	0.6701
37d466fd-c886-4485-8ab8-55aa75dc04fc	6	124149616	170741917	31462	-0.0044
37d466fd-c886-4485-8ab8-55aa75dc04fc	7	43355	3077494	1164	0.0043
37d466fd-c886-4485-8ab8-55aa75dc04fc	7	3078167	8175845	3378	0.0387
37d466fd-c886-4485-8ab8-55aa75dc04fc	7	8176198	10661657	1993	0.08
37d466fd-c886-4485-8ab8-55aa75dc04fc	7	10662114	17073478	5236	0.0344
37d466fd-c886-4485-8ab8-55aa75dc04fc	7	17073963	17986681	699	0.1002
37d466fd-c886-4485-8ab8-55aa75dc04fc	7	17987347	18873267	667	0.0189
37d466fd-c886-4485-8ab8-55aa75dc04fc	7	18873324	19732218	895	0.1118
37d466fd-c886-4485-8ab8-55aa75dc04fc	7	19738449	20247073	367	0.0371
37d466fd-c886-4485-8ab8-55aa75dc04fc	7	20248295	26092670	4429	0.0187
37d466fd-c886-4485-8ab8-55aa75dc04fc	7	26102772	26105793	4	-0.7712
37d466fd-c886-4485-8ab8-55aa75dc04fc	7	26107599	29628975	2605	0.0242
37d466fd-c886-4485-8ab8-55aa75dc04fc	7	29631102	29650443	10	-0.691
37d466fd-c886-4485-8ab8-55aa75dc04fc	7	29651467	29711843	31	0.0809
37d466fd-c886-4485-8ab8-55aa75dc04fc	7	29712109	29752062	16	0.3503
37d466fd-c886-4485-8ab8-55aa75dc04fc	7	29752132	32102645	1658	0.0216
37d466fd-c886-4485-8ab8-55aa75dc04fc	7	32104749	32123476	5	-0.8897
37d466fd-c886-4485-8ab8-55aa75dc04fc	7	32125901	38230022	4202	0.024
37d466fd-c886-4485-8ab8-55aa75dc04fc	7	38233729	38248326	9	0.2093
37d466fd-c886-4485-8ab8-55aa75dc04fc	7	38251092	38263833	9	0.7229
37d466fd-c886-4485-8ab8-55aa75dc04fc	7	38271122	38370835	127	0.2303
37d466fd-c886-4485-8ab8-55aa75dc04fc	7	38373446	43233688	3285	0.0268
37d466fd-c886-4485-8ab8-55aa75dc04fc	7	43234123	43234840	3	-0.8065
37d466fd-c886-4485-8ab8-55aa75dc04fc	7	43236829	53146726	6840	0.0241
37d466fd-c886-4485-8ab8-55aa75dc04fc	7	53146819	54305455	850	0.0887
37d466fd-c886-4485-8ab8-55aa75dc04fc	7	54318812	54318824	6	-1.4012
37d466fd-c886-4485-8ab8-55aa75dc04fc	7	54325795	56908389	1615	0.0655
37d466fd-c886-4485-8ab8-55aa75dc04fc	7	56997653	57086717	10	0.7068
37d466fd-c886-4485-8ab8-55aa75dc04fc	7	57088013	63001597	569	0.0876
37d466fd-c886-4485-8ab8-55aa75dc04fc	7	63005615	63006030	4	-0.8979
37d466fd-c886-4485-8ab8-55aa75dc04fc	7	63006639	70355181	3514	0.038
37d466fd-c886-4485-8ab8-55aa75dc04fc	7	70357884	70375182	9	-0.8925
37d466fd-c886-4485-8ab8-55aa75dc04fc	7	70377553	70955452	408	0.0312
37d466fd-c886-4485-8ab8-55aa75dc04fc	7	70958264	70961155	2	-2.4901
37d466fd-c886-4485-8ab8-55aa75dc04fc	7	70963257	88569943	9768	0.0321
37d466fd-c886-4485-8ab8-55aa75dc04fc	7	88570013	90243683	1131	0.1217
37d466fd-c886-4485-8ab8-55aa75dc04fc	7	90245730	97766150	4799	0.0252
37d466fd-c886-4485-8ab8-55aa75dc04fc	7	97766153	97773163	14	-0.6207
37d466fd-c886-4485-8ab8-55aa75dc04fc	7	97774928	106762223	4711	0.0288
37d466fd-c886-4485-8ab8-55aa75dc04fc	7	106766507	106769451	7	-0.5297
37d466fd-c886-4485-8ab8-55aa75dc04fc	7	106769508	109793741	1883	0.0303
37d466fd-c886-4485-8ab8-55aa75dc04fc	7	109797035	109797700	14	-0.7113
37d466fd-c886-4485-8ab8-55aa75dc04fc	7	109797715	109801155	10	0.2272
37d466fd-c886-4485-8ab8-55aa75dc04fc	7	109801187	109813853	11	-1.8998
37d466fd-c886-4485-8ab8-55aa75dc04fc	7	109813925	111259578	976	0.0448
37d466fd-c886-4485-8ab8-55aa75dc04fc	7	111259692	111406770	96	0.1749
37d466fd-c886-4485-8ab8-55aa75dc04fc	7	111408523	112424183	659	0.0373
37d466fd-c886-4485-8ab8-55aa75dc04fc	7	112424321	112671171	148	0.1562
37d466fd-c886-4485-8ab8-55aa75dc04fc	7	112680914	116285536	2002	0.0233
37d466fd-c886-4485-8ab8-55aa75dc04fc	7	116287872	116289165	9	-0.634
37d466fd-c886-4485-8ab8-55aa75dc04fc	7	116289551	134100424	10853	0.0274
37d466fd-c886-4485-8ab8-55aa75dc04fc	7	134100442	134113790	32	0.6371
37d466fd-c886-4485-8ab8-55aa75dc04fc	7	134113805	142365650	5436	0.0322
37d466fd-c886-4485-8ab8-55aa75dc04fc	7	142365997	142763419	226	0.1378
37d466fd-c886-4485-8ab8-55aa75dc04fc	7	142765003	143521765	466	0.0263
37d466fd-c886-4485-8ab8-55aa75dc04fc	7	143529806	143549276	3	-0.6987
37d466fd-c886-4485-8ab8-55aa75dc04fc	7	143556434	144012606	157	0.0621
37d466fd-c886-4485-8ab8-55aa75dc04fc	7	144013003	144014058	7	0.4369
37d466fd-c886-4485-8ab8-55aa75dc04fc	7	144014076	144021132	14	0.0696
37d466fd-c886-4485-8ab8-55aa75dc04fc	7	144021292	144021838	4	-0.5191
37d466fd-c886-4485-8ab8-55aa75dc04fc	7	144022145	144173412	117	0.0294
37d466fd-c886-4485-8ab8-55aa75dc04fc	7	144176284	144306653	13	0.543
37d466fd-c886-4485-8ab8-55aa75dc04fc	7	144312471	154598185	6410	0.0346
37d466fd-c886-4485-8ab8-55aa75dc04fc	7	154601461	154607903	4	-2.3984
37d466fd-c886-4485-8ab8-55aa75dc04fc	7	154609120	155671335	916	0.015
37d466fd-c886-4485-8ab8-55aa75dc04fc	7	155673169	155674244	2	1.7045
37d466fd-c886-4485-8ab8-55aa75dc04fc	7	155676942	159334314	2316	0.034
37d466fd-c886-4485-8ab8-55aa75dc04fc	8	81254	162796	2	1.8888
37d466fd-c886-4485-8ab8-55aa75dc04fc	8	163380	1411964	860	0.0102
37d466fd-c886-4485-8ab8-55aa75dc04fc	8	1412156	1419542	39	-0.3156
37d466fd-c886-4485-8ab8-55aa75dc04fc	8	1419850	7357323	6831	0.0181
37d466fd-c886-4485-8ab8-55aa75dc04fc	8	7357997	8110806	56	0.3393
37d466fd-c886-4485-8ab8-55aa75dc04fc	8	8120447	11985327	3210	-0.0009
37d466fd-c886-4485-8ab8-55aa75dc04fc	8	11986249	12709141	104	0.1558
37d466fd-c886-4485-8ab8-55aa75dc04fc	8	12712880	13613400	860	-0.0122
37d466fd-c886-4485-8ab8-55aa75dc04fc	8	13613684	13840108	276	0.0809
37d466fd-c886-4485-8ab8-55aa75dc04fc	8	13840313	25116928	9236	-0.0103
37d466fd-c886-4485-8ab8-55aa75dc04fc	8	25116961	25126818	26	0.6154
37d466fd-c886-4485-8ab8-55aa75dc04fc	8	25133589	39373140	9016	-0.0154
37d466fd-c886-4485-8ab8-55aa75dc04fc	8	39378084	39529446	59	-2.3462
37d466fd-c886-4485-8ab8-55aa75dc04fc	8	39530780	40326278	590	-0.0416
37d466fd-c886-4485-8ab8-55aa75dc04fc	8	40326280	40331992	33	-3.3061
37d466fd-c886-4485-8ab8-55aa75dc04fc	8	40335391	42136633	1183	-0.0216
37d466fd-c886-4485-8ab8-55aa75dc04fc	8	42143465	50118212	2776	0.0282
37d466fd-c886-4485-8ab8-55aa75dc04fc	8	50119451	50126018	10	-0.5416
37d466fd-c886-4485-8ab8-55aa75dc04fc	8	50126059	114622325	39254	0.0261
37d466fd-c886-4485-8ab8-55aa75dc04fc	8	114622424	114626238	14	-0.4952
37d466fd-c886-4485-8ab8-55aa75dc04fc	8	114626472	114628588	6	0.195
37d466fd-c886-4485-8ab8-55aa75dc04fc	8	114628679	114629502	13	-0.5504
37d466fd-c886-4485-8ab8-55aa75dc04fc	8	114638468	139591259	18403	0.0291
37d466fd-c886-4485-8ab8-55aa75dc04fc	8	139592093	139593472	6	1.139
37d466fd-c886-4485-8ab8-55aa75dc04fc	8	139594788	141023343	889	0.0455
37d466fd-c886-4485-8ab8-55aa75dc04fc	8	141028500	142225742	733	-0.072
37d466fd-c886-4485-8ab8-55aa75dc04fc	8	142226119	145072769	1032	0.0066
37d466fd-c886-4485-8ab8-55aa75dc04fc	9	46587	68920	7	-0.2549
37d466fd-c886-4485-8ab8-55aa75dc04fc	9	93270	571235	449	0.0193
37d466fd-c886-4485-8ab8-55aa75dc04fc	9	572788	572816	3	-0.634
37d466fd-c886-4485-8ab8-55aa75dc04fc	9	572920	602903	49	0.0642
37d466fd-c886-4485-8ab8-55aa75dc04fc	9	606699	606961	4	-2.1886
37d466fd-c886-4485-8ab8-55aa75dc04fc	9	607307	1058914	503	-0.0117
37d466fd-c886-4485-8ab8-55aa75dc04fc	9	1062044	1531798	618	0.0512
37d466fd-c886-4485-8ab8-55aa75dc04fc	9	1532253	11262339	9063	-0.0152
37d466fd-c886-4485-8ab8-55aa75dc04fc	9	11262638	12612293	1046	0.0436
37d466fd-c886-4485-8ab8-55aa75dc04fc	9	12612437	22492890	8100	-0.0291
37d466fd-c886-4485-8ab8-55aa75dc04fc	9	22501914	22502700	2	-3.1057
37d466fd-c886-4485-8ab8-55aa75dc04fc	9	22509341	24466955	1334	-0.0394
37d466fd-c886-4485-8ab8-55aa75dc04fc	9	24467040	30899972	4841	-0.0048
37d466fd-c886-4485-8ab8-55aa75dc04fc	9	30900061	39588611	5164	-0.0337
37d466fd-c886-4485-8ab8-55aa75dc04fc	9	39747848	40099921	8	1.185
37d466fd-c886-4485-8ab8-55aa75dc04fc	9	40189830	41714376	95	0.177
37d466fd-c886-4485-8ab8-55aa75dc04fc	9	41741096	42308537	35	-0.4371
37d466fd-c886-4485-8ab8-55aa75dc04fc	9	42501791	61520021	61	0.1129
37d466fd-c886-4485-8ab8-55aa75dc04fc	9	61521913	61647899	29	0.5475
37d466fd-c886-4485-8ab8-55aa75dc04fc	9	61665362	68375055	176	0.1166
37d466fd-c886-4485-8ab8-55aa75dc04fc	9	68381085	80854289	9130	-0.0689
37d466fd-c886-4485-8ab8-55aa75dc04fc	9	80854750	80858482	2	-1.0278
37d466fd-c886-4485-8ab8-55aa75dc04fc	9	80858848	87907679	5074	-0.0712
37d466fd-c886-4485-8ab8-55aa75dc04fc	9	87939236	87939304	2	-1.878
37d466fd-c886-4485-8ab8-55aa75dc04fc	9	87943042	97416751	6251	-0.0638
37d466fd-c886-4485-8ab8-55aa75dc04fc	9	97419576	135319522	26355	0.0225
37d466fd-c886-4485-8ab8-55aa75dc04fc	9	135322259	135323776	2	-1.5726
37d466fd-c886-4485-8ab8-55aa75dc04fc	9	135324566	138200944	1109	-0.008
37d466fd-c886-4485-8ab8-55aa75dc04fc	10	45792	4248622	3575	-0.0335
37d466fd-c886-4485-8ab8-55aa75dc04fc	10	4248646	4248732	2	1.6799
37d466fd-c886-4485-8ab8-55aa75dc04fc	10	4248824	13014263	7354	-0.0272
37d466fd-c886-4485-8ab8-55aa75dc04fc	10	13014550	13016840	24	-1.0732
37d466fd-c886-4485-8ab8-55aa75dc04fc	10	13022223	17838969	3890	-0.025
37d466fd-c886-4485-8ab8-55aa75dc04fc	10	17847819	17934718	10	0.8106
37d466fd-c886-4485-8ab8-55aa75dc04fc	10	17941330	24083828	4338	-0.0314
37d466fd-c886-4485-8ab8-55aa75dc04fc	10	24086334	24090110	16	0.5832
37d466fd-c886-4485-8ab8-55aa75dc04fc	10	24091731	26934974	1980	-0.0266
37d466fd-c886-4485-8ab8-55aa75dc04fc	10	26936975	26939523	12	0.5414
37d466fd-c886-4485-8ab8-55aa75dc04fc	10	26939544	30957581	3020	-0.0257
37d466fd-c886-4485-8ab8-55aa75dc04fc	10	30962405	30962797	9	-0.7729
37d466fd-c886-4485-8ab8-55aa75dc04fc	10	30962809	38781690	4826	-0.0309
37d466fd-c886-4485-8ab8-55aa75dc04fc	10	38783075	42288046	53	0.2589
37d466fd-c886-4485-8ab8-55aa75dc04fc	10	42292394	45798061	2324	-0.0201
37d466fd-c886-4485-8ab8-55aa75dc04fc	10	45798171	45936113	3	-0.8894
37d466fd-c886-4485-8ab8-55aa75dc04fc	10	45998155	46792344	287	0.0275
37d466fd-c886-4485-8ab8-55aa75dc04fc	10	46804606	46967412	6	-0.7258
37d466fd-c886-4485-8ab8-55aa75dc04fc	10	47002596	47460004	284	-0.0402
37d466fd-c886-4485-8ab8-55aa75dc04fc	10	47559592	48125747	20	0.4644
37d466fd-c886-4485-8ab8-55aa75dc04fc	10	48154966	55171019	5165	-0.0157
37d466fd-c886-4485-8ab8-55aa75dc04fc	10	55174691	55846256	481	0.0565
37d466fd-c886-4485-8ab8-55aa75dc04fc	10	55846344	56753095	584	-0.0129
37d466fd-c886-4485-8ab8-55aa75dc04fc	10	56756615	56767077	41	-0.7175
37d466fd-c886-4485-8ab8-55aa75dc04fc	10	56772992	65546518	6114	-0.0171
37d466fd-c886-4485-8ab8-55aa75dc04fc	10	65548165	65554672	27	-0.4097
37d466fd-c886-4485-8ab8-55aa75dc04fc	10	65554688	66276133	589	-0.0208
37d466fd-c886-4485-8ab8-55aa75dc04fc	10	66276914	66661035	280	0.092
37d466fd-c886-4485-8ab8-55aa75dc04fc	10	66663413	76493093	5914	-0.0266
37d466fd-c886-4485-8ab8-55aa75dc04fc	10	76497303	76497852	2	1.254
37d466fd-c886-4485-8ab8-55aa75dc04fc	10	76501509	79625643	2446	-0.0185
37d466fd-c886-4485-8ab8-55aa75dc04fc	10	79625693	79737848	10	-0.7475
37d466fd-c886-4485-8ab8-55aa75dc04fc	10	79747269	130544842	35057	-0.0204
37d466fd-c886-4485-8ab8-55aa75dc04fc	10	130545486	130547415	3	-1.2411
37d466fd-c886-4485-8ab8-55aa75dc04fc	10	130549105	133654968	1926	-0.0375
37d466fd-c886-4485-8ab8-55aa75dc04fc	11	198510	5766175	3234	-0.0167
37d466fd-c886-4485-8ab8-55aa75dc04fc	11	5766850	5773478	13	0.4158
37d466fd-c886-4485-8ab8-55aa75dc04fc	11	5776383	5777663	5	-0.1072
37d466fd-c886-4485-8ab8-55aa75dc04fc	11	5778446	5788231	16	0.3864
37d466fd-c886-4485-8ab8-55aa75dc04fc	11	5791130	7788131	1497	-0.0192
37d466fd-c886-4485-8ab8-55aa75dc04fc	11	7791493	7820036	10	-0.4879
37d466fd-c886-4485-8ab8-55aa75dc04fc	11	7820250	13370298	4362	-0.0179
37d466fd-c886-4485-8ab8-55aa75dc04fc	11	13371079	21742497	6114	0.0229
37d466fd-c886-4485-8ab8-55aa75dc04fc	11	21754732	34407894	8587	-0.0176
37d466fd-c886-4485-8ab8-55aa75dc04fc	11	34409833	34410248	6	-0.9525
37d466fd-c886-4485-8ab8-55aa75dc04fc	11	34413160	48357398	9380	-0.0228
37d466fd-c886-4485-8ab8-55aa75dc04fc	11	48359352	49689309	520	0.0631
37d466fd-c886-4485-8ab8-55aa75dc04fc	11	49692155	49736119	15	-0.7626
37d466fd-c886-4485-8ab8-55aa75dc04fc	11	49736215	54914139	492	0.0832
37d466fd-c886-4485-8ab8-55aa75dc04fc	11	54924229	54934156	4	-0.9964
37d466fd-c886-4485-8ab8-55aa75dc04fc	11	54940988	55608804	246	0.1068
37d466fd-c886-4485-8ab8-55aa75dc04fc	11	55609022	55674842	40	-0.3267
37d466fd-c886-4485-8ab8-55aa75dc04fc	11	55676735	55701221	20	-0.0817
37d466fd-c886-4485-8ab8-55aa75dc04fc	11	55701288	56249180	389	0.1111
37d466fd-c886-4485-8ab8-55aa75dc04fc	11	56249220	65100850	4806	0.0227
37d466fd-c886-4485-8ab8-55aa75dc04fc	11	65106790	65677419	208	-0.1128
37d466fd-c886-4485-8ab8-55aa75dc04fc	11	65678846	71404400	2751	0.017
37d466fd-c886-4485-8ab8-55aa75dc04fc	11	71406417	71406669	3	-1.1185
37d466fd-c886-4485-8ab8-55aa75dc04fc	11	71406871	80256469	5093	0.0302
37d466fd-c886-4485-8ab8-55aa75dc04fc	11	80256504	80256520	2	-2.6616
37d466fd-c886-4485-8ab8-55aa75dc04fc	11	80256642	92082774	8011	0.033
37d466fd-c886-4485-8ab8-55aa75dc04fc	11	92083177	92138835	76	0.199
37d466fd-c886-4485-8ab8-55aa75dc04fc	11	92139368	93285549	855	0.0329
37d466fd-c886-4485-8ab8-55aa75dc04fc	11	93287317	93305891	6	-1.2619
37d466fd-c886-4485-8ab8-55aa75dc04fc	11	93306049	135074876	30087	0.026
37d466fd-c886-4485-8ab8-55aa75dc04fc	12	51460	760032	418	-0.0218
37d466fd-c886-4485-8ab8-55aa75dc04fc	12	760097	764863	16	-0.7867
37d466fd-c886-4485-8ab8-55aa75dc04fc	12	766188	2126723	830	-0.004
37d466fd-c886-4485-8ab8-55aa75dc04fc	12	2136696	2148857	42	-0.7659
37d466fd-c886-4485-8ab8-55aa75dc04fc	12	2148938	9477960	4869	-0.0079
37d466fd-c886-4485-8ab8-55aa75dc04fc	12	9481274	9575696	24	-1.5159
37d466fd-c886-4485-8ab8-55aa75dc04fc	12	9582373	25493245	10994	-0.0026
37d466fd-c886-4485-8ab8-55aa75dc04fc	12	25496253	25501511	9	-0.9872
37d466fd-c886-4485-8ab8-55aa75dc04fc	12	25502588	27941988	1750	-0.0007
37d466fd-c886-4485-8ab8-55aa75dc04fc	12	27942560	27944711	11	-2.7765
37d466fd-c886-4485-8ab8-55aa75dc04fc	12	27950527	29006848	757	0.0087
37d466fd-c886-4485-8ab8-55aa75dc04fc	12	29010695	29011589	3	-1.0346
37d466fd-c886-4485-8ab8-55aa75dc04fc	12	29015050	33141726	3060	-0.0007
37d466fd-c886-4485-8ab8-55aa75dc04fc	12	33148472	33154440	27	-0.5172
37d466fd-c886-4485-8ab8-55aa75dc04fc	12	33155426	38783603	1326	0.0534
37d466fd-c886-4485-8ab8-55aa75dc04fc	12	38784401	58327448	11461	-0.0015
37d466fd-c886-4485-8ab8-55aa75dc04fc	12	58336368	58336379	2	-1.0727
37d466fd-c886-4485-8ab8-55aa75dc04fc	12	58337065	63558675	3446	-0.0099
37d466fd-c886-4485-8ab8-55aa75dc04fc	12	63567670	63671518	26	0.6369
37d466fd-c886-4485-8ab8-55aa75dc04fc	12	63679447	63691356	9	0.1441
37d466fd-c886-4485-8ab8-55aa75dc04fc	12	63693918	63734445	19	0.6837
37d466fd-c886-4485-8ab8-55aa75dc04fc	12	63741025	70478895	4474	-0.0022
37d466fd-c886-4485-8ab8-55aa75dc04fc	12	70482534	70485605	9	-0.6427
37d466fd-c886-4485-8ab8-55aa75dc04fc	12	70485653	72832656	1508	0.0001
37d466fd-c886-4485-8ab8-55aa75dc04fc	12	72837599	72969531	87	0.1451
37d466fd-c886-4485-8ab8-55aa75dc04fc	12	72969630	83769408	6837	-0.0055
37d466fd-c886-4485-8ab8-55aa75dc04fc	12	83769511	83769569	2	-1.308
37d466fd-c886-4485-8ab8-55aa75dc04fc	12	83771462	131289421	31930	-0.0032
37d466fd-c886-4485-8ab8-55aa75dc04fc	12	131290753	131290763	2	-1.5034
37d466fd-c886-4485-8ab8-55aa75dc04fc	12	131291086	132826748	714	-0.0139
37d466fd-c886-4485-8ab8-55aa75dc04fc	12	132835379	132835751	3	-1.3864
37d466fd-c886-4485-8ab8-55aa75dc04fc	12	132836964	133201603	177	-0.0046
37d466fd-c886-4485-8ab8-55aa75dc04fc	13	18452809	20318259	916	-0.0044
37d466fd-c886-4485-8ab8-55aa75dc04fc	13	20318465	20318550	2	-1.6046
37d466fd-c886-4485-8ab8-55aa75dc04fc	13	20319292	23051234	1927	-0.0213
37d466fd-c886-4485-8ab8-55aa75dc04fc	13	23051568	23059376	24	-0.3489
37d466fd-c886-4485-8ab8-55aa75dc04fc	13	23064056	57093519	23119	-0.0215
37d466fd-c886-4485-8ab8-55aa75dc04fc	13	57093573	57454501	220	0.1145
37d466fd-c886-4485-8ab8-55aa75dc04fc	13	57457468	62232848	2877	-0.0373
37d466fd-c886-4485-8ab8-55aa75dc04fc	13	62235141	62235315	2	-1.1451
37d466fd-c886-4485-8ab8-55aa75dc04fc	13	62235349	63540694	710	-0.0433
37d466fd-c886-4485-8ab8-55aa75dc04fc	13	63544137	64372045	482	0.0575
37d466fd-c886-4485-8ab8-55aa75dc04fc	13	64372411	72230762	5061	-0.0247
37d466fd-c886-4485-8ab8-55aa75dc04fc	13	72234344	72235290	2	-2.8348
37d466fd-c886-4485-8ab8-55aa75dc04fc	13	72238924	72241965	5	-0.9826
37d466fd-c886-4485-8ab8-55aa75dc04fc	13	72242223	81729614	6513	-0.0303
37d466fd-c886-4485-8ab8-55aa75dc04fc	13	81735080	81735308	2	-1.0777
37d466fd-c886-4485-8ab8-55aa75dc04fc	13	81740680	105119209	15704	-0.029
37d466fd-c886-4485-8ab8-55aa75dc04fc	13	105119435	105772291	521	0.0621
37d466fd-c886-4485-8ab8-55aa75dc04fc	13	105772454	108227896	2006	-0.0298
37d466fd-c886-4485-8ab8-55aa75dc04fc	13	108228741	108228835	2	-1.1994
37d466fd-c886-4485-8ab8-55aa75dc04fc	13	108230842	113971527	3908	-0.0316
37d466fd-c886-4485-8ab8-55aa75dc04fc	13	113979343	114072282	29	-0.3443
37d466fd-c886-4485-8ab8-55aa75dc04fc	13	114072313	114342922	123	-0.0187
37d466fd-c886-4485-8ab8-55aa75dc04fc	14	18239283	18693043	25	0.0421
37d466fd-c886-4485-8ab8-55aa75dc04fc	14	18950560	19955213	142	0.7875
37d466fd-c886-4485-8ab8-55aa75dc04fc	14	19956767	21779465	1202	0.0306
37d466fd-c886-4485-8ab8-55aa75dc04fc	14	21782662	22465666	590	0.1677
37d466fd-c886-4485-8ab8-55aa75dc04fc	14	22467730	41139155	11806	0.0239
37d466fd-c886-4485-8ab8-55aa75dc04fc	14	41141293	41188146	14	-0.5161
37d466fd-c886-4485-8ab8-55aa75dc04fc	14	41200899	48580374	4381	0.0413
37d466fd-c886-4485-8ab8-55aa75dc04fc	14	48585337	51085408	1431	-0.0171
37d466fd-c886-4485-8ab8-55aa75dc04fc	14	51085423	54413804	2342	0.0105
37d466fd-c886-4485-8ab8-55aa75dc04fc	14	54414403	72968515	12030	-0.0197
37d466fd-c886-4485-8ab8-55aa75dc04fc	14	72972193	73534419	276	0.0305
37d466fd-c886-4485-8ab8-55aa75dc04fc	14	73540003	73563196	9	0.6653
37d466fd-c886-4485-8ab8-55aa75dc04fc	14	73563211	105983580	20760	0.0206
37d466fd-c886-4485-8ab8-55aa75dc04fc	14	105984954	106823737	377	0.1335
37d466fd-c886-4485-8ab8-55aa75dc04fc	14	106826360	106877229	26	-0.0478
37d466fd-c886-4485-8ab8-55aa75dc04fc	15	19811075	20364698	77	0.1043
37d466fd-c886-4485-8ab8-55aa75dc04fc	15	20367363	22299009	128	0.3389
37d466fd-c886-4485-8ab8-55aa75dc04fc	15	22299523	23075305	274	-0.0212
37d466fd-c886-4485-8ab8-55aa75dc04fc	15	23079475	32705661	5545	0.0327
37d466fd-c886-4485-8ab8-55aa75dc04fc	15	32705925	33462880	662	-0.0181
37d466fd-c886-4485-8ab8-55aa75dc04fc	15	33465639	33465945	3	-0.9713
37d466fd-c886-4485-8ab8-55aa75dc04fc	15	33467915	34378326	735	0.0061
37d466fd-c886-4485-8ab8-55aa75dc04fc	15	34378801	34685612	174	0.0974
37d466fd-c886-4485-8ab8-55aa75dc04fc	15	34692790	76577588	26315	-0.0128
37d466fd-c886-4485-8ab8-55aa75dc04fc	15	76586021	76603434	23	0.6809
37d466fd-c886-4485-8ab8-55aa75dc04fc	15	76609838	98861933	15363	-0.0065
37d466fd-c886-4485-8ab8-55aa75dc04fc	15	98862399	101888922	2247	0.0283
37d466fd-c886-4485-8ab8-55aa75dc04fc	15	101894806	101928837	5	-0.5633
37d466fd-c886-4485-8ab8-55aa75dc04fc	16	10777	155285	95	-0.0014
37d466fd-c886-4485-8ab8-55aa75dc04fc	16	155333	1560069	415	-0.1042
37d466fd-c886-4485-8ab8-55aa75dc04fc	16	1560227	2655981	381	0.0031
37d466fd-c886-4485-8ab8-55aa75dc04fc	16	2656794	2679700	13	0.4363
37d466fd-c886-4485-8ab8-55aa75dc04fc	16	2688178	6175026	2449	-0.0078
37d466fd-c886-4485-8ab8-55aa75dc04fc	16	6181251	6181717	2	-1.6315
37d466fd-c886-4485-8ab8-55aa75dc04fc	16	6181875	7652808	1864	0.0162
37d466fd-c886-4485-8ab8-55aa75dc04fc	16	7654201	7654406	3	0.8456
37d466fd-c886-4485-8ab8-55aa75dc04fc	16	7657917	11526891	3460	-0.0032
37d466fd-c886-4485-8ab8-55aa75dc04fc	16	11529334	11529513	2	-1.7138
37d466fd-c886-4485-8ab8-55aa75dc04fc	16	11535608	12555002	729	-0.0272
37d466fd-c886-4485-8ab8-55aa75dc04fc	16	12555121	12555138	2	-1.3381
37d466fd-c886-4485-8ab8-55aa75dc04fc	16	12556390	16419781	2340	-0.0136
37d466fd-c886-4485-8ab8-55aa75dc04fc	16	16435734	16563118	15	0.3968
37d466fd-c886-4485-8ab8-55aa75dc04fc	16	16563603	23394613	3554	-0.0047
37d466fd-c886-4485-8ab8-55aa75dc04fc	16	23398119	29261283	3730	0.025
37d466fd-c886-4485-8ab8-55aa75dc04fc	16	29265473	29269734	5	-0.7615
37d466fd-c886-4485-8ab8-55aa75dc04fc	16	29270444	29417218	35	0.0651
37d466fd-c886-4485-8ab8-55aa75dc04fc	16	29417224	29506390	3	0.8572
37d466fd-c886-4485-8ab8-55aa75dc04fc	16	29555988	30000120	146	-0.0378
37d466fd-c886-4485-8ab8-55aa75dc04fc	16	30005656	30007179	2	-0.9284
37d466fd-c886-4485-8ab8-55aa75dc04fc	16	30008054	31999398	715	0.014
37d466fd-c886-4485-8ab8-55aa75dc04fc	16	32000050	35856119	473	0.1031
37d466fd-c886-4485-8ab8-55aa75dc04fc	16	35856512	50432533	2313	0.0164
37d466fd-c886-4485-8ab8-55aa75dc04fc	16	50439637	50439650	2	-1.4014
37d466fd-c886-4485-8ab8-55aa75dc04fc	16	50439668	55762682	4194	0.0177
37d466fd-c886-4485-8ab8-55aa75dc04fc	16	55764310	55764867	3	1.7447
37d466fd-c886-4485-8ab8-55aa75dc04fc	16	55770436	70087520	8765	0.0195
37d466fd-c886-4485-8ab8-55aa75dc04fc	16	70087581	70212022	27	0.3128
37d466fd-c886-4485-8ab8-55aa75dc04fc	16	70212430	78337711	5508	0.0172
37d466fd-c886-4485-8ab8-55aa75dc04fc	16	78338543	78350841	16	0.9397
37d466fd-c886-4485-8ab8-55aa75dc04fc	16	78350868	83228992	5405	0.0291
37d466fd-c886-4485-8ab8-55aa75dc04fc	16	83229816	83231139	3	-1.1063
37d466fd-c886-4485-8ab8-55aa75dc04fc	16	83231452	88711804	4617	0.0004
37d466fd-c886-4485-8ab8-55aa75dc04fc	16	88712624	88818592	26	-0.5155
37d466fd-c886-4485-8ab8-55aa75dc04fc	16	88818672	90096867	572	-0.0493
37d466fd-c886-4485-8ab8-55aa75dc04fc	17	150733	14242689	8905	-0.0659
37d466fd-c886-4485-8ab8-55aa75dc04fc	17	14243093	15643476	1109	-0.0195
37d466fd-c886-4485-8ab8-55aa75dc04fc	17	15650964	18455635	1385	-0.0818
37d466fd-c886-4485-8ab8-55aa75dc04fc	17	18458372	18565883	25	0.322
37d466fd-c886-4485-8ab8-55aa75dc04fc	17	18571332	21540126	1219	-0.054
37d466fd-c886-4485-8ab8-55aa75dc04fc	17	21541635	41266851	8180	-0.0162
37d466fd-c886-4485-8ab8-55aa75dc04fc	17	41266901	41274198	17	0.8532
37d466fd-c886-4485-8ab8-55aa75dc04fc	17	41274279	46135838	2535	-0.029
37d466fd-c886-4485-8ab8-55aa75dc04fc	17	46136346	46351954	89	0.2257
37d466fd-c886-4485-8ab8-55aa75dc04fc	17	46446345	57610128	7004	-0.0171
37d466fd-c886-4485-8ab8-55aa75dc04fc	17	57610972	57611632	2	-1.6831
37d466fd-c886-4485-8ab8-55aa75dc04fc	17	57614632	58524315	562	-0.0176
37d466fd-c886-4485-8ab8-55aa75dc04fc	17	58525591	58533466	5	-0.4829
37d466fd-c886-4485-8ab8-55aa75dc04fc	17	58534510	58711925	90	-0.0224
37d466fd-c886-4485-8ab8-55aa75dc04fc	17	58712843	58748395	21	-0.6593
37d466fd-c886-4485-8ab8-55aa75dc04fc	17	58748818	70895688	6792	-0.0192
37d466fd-c886-4485-8ab8-55aa75dc04fc	17	70896097	70896209	2	-1.2347
37d466fd-c886-4485-8ab8-55aa75dc04fc	17	70896957	82138739	6635	-0.0338
37d466fd-c886-4485-8ab8-55aa75dc04fc	17	82138880	83091923	456	-0.0474
37d466fd-c886-4485-8ab8-55aa75dc04fc	18	48133	280325	84	0.1379
37d466fd-c886-4485-8ab8-55aa75dc04fc	18	280443	1616028	1025	0.029
37d466fd-c886-4485-8ab8-55aa75dc04fc	18	1616304	2068871	362	0.1114
37d466fd-c886-4485-8ab8-55aa75dc04fc	18	2069950	36039818	18181	0.0232
37d466fd-c886-4485-8ab8-55aa75dc04fc	18	36043065	36049476	4	-1.091
37d466fd-c886-4485-8ab8-55aa75dc04fc	18	36053320	37336837	930	0.0107
37d466fd-c886-4485-8ab8-55aa75dc04fc	18	37337498	66050517	19722	0.0562
37d466fd-c886-4485-8ab8-55aa75dc04fc	18	66054343	66061104	13	-0.5451
37d466fd-c886-4485-8ab8-55aa75dc04fc	18	66065502	66095064	47	0.1049
37d466fd-c886-4485-8ab8-55aa75dc04fc	18	66099904	66100686	3	0.9405
37d466fd-c886-4485-8ab8-55aa75dc04fc	18	66108359	71388121	3781	0.0637
37d466fd-c886-4485-8ab8-55aa75dc04fc	18	71388510	73699619	1835	0.1156
37d466fd-c886-4485-8ab8-55aa75dc04fc	18	73699797	80257174	4760	0.0475
37d466fd-c886-4485-8ab8-55aa75dc04fc	19	90910	16150519	6928	-0.0085
37d466fd-c886-4485-8ab8-55aa75dc04fc	19	16152840	27823012	4348	0.0285
37d466fd-c886-4485-8ab8-55aa75dc04fc	19	27823122	35358407	5433	-0.0112
37d466fd-c886-4485-8ab8-55aa75dc04fc	19	35358420	35370946	22	-0.4686
37d466fd-c886-4485-8ab8-55aa75dc04fc	19	35375842	37849175	1210	-0.0049
37d466fd-c886-4485-8ab8-55aa75dc04fc	19	37850859	37853577	3	-0.9127
37d466fd-c886-4485-8ab8-55aa75dc04fc	19	37855094	42820329	2485	-0.0177
37d466fd-c886-4485-8ab8-55aa75dc04fc	19	42820345	43262507	192	0.1695
37d466fd-c886-4485-8ab8-55aa75dc04fc	19	43262860	53013829	5095	-0.0037
37d466fd-c886-4485-8ab8-55aa75dc04fc	19	53015494	53048976	22	0.58
37d466fd-c886-4485-8ab8-55aa75dc04fc	19	53050987	54801157	1068	0.0217
37d466fd-c886-4485-8ab8-55aa75dc04fc	19	54801545	54802362	2	-1.3459
37d466fd-c886-4485-8ab8-55aa75dc04fc	19	54802832	58586487	2306	0.0228
37d466fd-c886-4485-8ab8-55aa75dc04fc	20	80664	264586	150	0.0899
37d466fd-c886-4485-8ab8-55aa75dc04fc	20	265377	1050309	632	-0.0038
37d466fd-c886-4485-8ab8-55aa75dc04fc	20	1050400	1580276	420	0.0711
37d466fd-c886-4485-8ab8-55aa75dc04fc	20	1580305	1601561	38	0.8949
37d466fd-c886-4485-8ab8-55aa75dc04fc	20	1609611	8190827	4899	0.0262
37d466fd-c886-4485-8ab8-55aa75dc04fc	20	8190925	8610549	336	0.1072
37d466fd-c886-4485-8ab8-55aa75dc04fc	20	8610803	14687597	4602	0.0263
37d466fd-c886-4485-8ab8-55aa75dc04fc	20	14690429	14691711	4	-0.9978
37d466fd-c886-4485-8ab8-55aa75dc04fc	20	14694942	15141959	420	0.0901
37d466fd-c886-4485-8ab8-55aa75dc04fc	20	15142008	23423302	6730	0.0235
37d466fd-c886-4485-8ab8-55aa75dc04fc	20	23432265	23432772	2	1.359
37d466fd-c886-4485-8ab8-55aa75dc04fc	20	23436068	26251172	1753	0.0289
37d466fd-c886-4485-8ab8-55aa75dc04fc	20	26251592	30400790	72	0.1946
37d466fd-c886-4485-8ab8-55aa75dc04fc	20	30406589	45996983	9072	0.0248
37d466fd-c886-4485-8ab8-55aa75dc04fc	20	45997113	45998039	3	-1.5114
37d466fd-c886-4485-8ab8-55aa75dc04fc	20	45999282	54065071	5833	0.0187
37d466fd-c886-4485-8ab8-55aa75dc04fc	20	54065291	54065389	5	-1.5957
37d466fd-c886-4485-8ab8-55aa75dc04fc	20	54065719	57001898	2402	0.0154
37d466fd-c886-4485-8ab8-55aa75dc04fc	20	57002289	57002574	2	-1.6697
37d466fd-c886-4485-8ab8-55aa75dc04fc	20	57002587	63594735	4699	0.0191
37d466fd-c886-4485-8ab8-55aa75dc04fc	20	63595400	64245651	275	-0.0961
37d466fd-c886-4485-8ab8-55aa75dc04fc	20	64249281	64324800	32	0.0572
37d466fd-c886-4485-8ab8-55aa75dc04fc	21	10354168	13166236	111	0.4052
37d466fd-c886-4485-8ab8-55aa75dc04fc	21	13169048	14036080	222	0.1357
37d466fd-c886-4485-8ab8-55aa75dc04fc	21	14039762	18682939	3214	0.0169
37d466fd-c886-4485-8ab8-55aa75dc04fc	21	18683769	18708616	28	0.62
37d466fd-c886-4485-8ab8-55aa75dc04fc	21	18709557	22260872	2715	0.0178
37d466fd-c886-4485-8ab8-55aa75dc04fc	21	22264558	23266436	771	0.0705
37d466fd-c886-4485-8ab8-55aa75dc04fc	21	23268473	41460614	13755	0.0156
37d466fd-c886-4485-8ab8-55aa75dc04fc	21	41460711	43270976	1306	-0.0136
37d466fd-c886-4485-8ab8-55aa75dc04fc	21	43271046	43272484	2	-1.4287
37d466fd-c886-4485-8ab8-55aa75dc04fc	21	43273430	46598612	1671	-0.0271
37d466fd-c886-4485-8ab8-55aa75dc04fc	21	46598630	46677045	72	0.0493
37d466fd-c886-4485-8ab8-55aa75dc04fc	22	15294547	18620743	1134	0.0578
37d466fd-c886-4485-8ab8-55aa75dc04fc	22	18649244	18822597	7	0.9976
37d466fd-c886-4485-8ab8-55aa75dc04fc	22	18917479	22113002	1973	0.0023
37d466fd-c886-4485-8ab8-55aa75dc04fc	22	22113033	22120255	11	-0.6186
37d466fd-c886-4485-8ab8-55aa75dc04fc	22	22127104	22379789	312	0.0467
37d466fd-c886-4485-8ab8-55aa75dc04fc	22	22385945	22385950	2	-1.6101
37d466fd-c886-4485-8ab8-55aa75dc04fc	22	22385952	22398127	18	0.0166
37d466fd-c886-4485-8ab8-55aa75dc04fc	22	22398345	22398545	4	-1.1224
37d466fd-c886-4485-8ab8-55aa75dc04fc	22	22402989	32419359	6956	0.0289
37d466fd-c886-4485-8ab8-55aa75dc04fc	22	32424379	32424493	2	-1.2088
37d466fd-c886-4485-8ab8-55aa75dc04fc	22	32429957	33190353	672	0.0182
37d466fd-c886-4485-8ab8-55aa75dc04fc	22	33190758	33777419	553	0.0971
37d466fd-c886-4485-8ab8-55aa75dc04fc	22	33778960	33778998	4	-0.455
37d466fd-c886-4485-8ab8-55aa75dc04fc	22	33785435	34906697	1065	0.08
37d466fd-c886-4485-8ab8-55aa75dc04fc	22	34906968	49693160	10080	0.0164
37d466fd-c886-4485-8ab8-55aa75dc04fc	22	49693689	49694314	2	-3.5409
37d466fd-c886-4485-8ab8-55aa75dc04fc	22	49697404	50796027	478	-0.0496
37d466fd-c886-4485-8ab8-55aa75dc04fc	X	251810	63193211	33497	0.0098
37d466fd-c886-4485-8ab8-55aa75dc04fc	X	63250575	63297125	22	1.0848
37d466fd-c886-4485-8ab8-55aa75dc04fc	X	63297592	105336174	20882	0.0129
37d466fd-c886-4485-8ab8-55aa75dc04fc	X	105337239	105339871	2	-5.4945
37d466fd-c886-4485-8ab8-55aa75dc04fc	X	105342655	112454108	3735	0.0032
37d466fd-c886-4485-8ab8-55aa75dc04fc	X	112458684	112458728	2	-2.1396
37d466fd-c886-4485-8ab8-55aa75dc04fc	X	112459285	123786527	6597	0.0097
37d466fd-c886-4485-8ab8-55aa75dc04fc	X	123787451	123790218	3	-2.6892
37d466fd-c886-4485-8ab8-55aa75dc04fc	X	123791031	155952689	18770	0.0073
37d466fd-c886-4485-8ab8-55aa75dc04fc	Y	2782397	56872112	6640	-0.949
