GDC_Aliquot	Chromosome	Start	End	Copy_Number	Major_Copy_Number	Minor_Copy_Number
62956bee-d2b1-480c-b0fd-acbb69a295a1	chr1	13116	26974913	2	1	1
62956bee-d2b1-480c-b0fd-acbb69a295a1	chr1	26976543	30331976	1	1	0
62956bee-d2b1-480c-b0fd-acbb69a295a1	chr1	30332990	42935767	2	1	1
62956bee-d2b1-480c-b0fd-acbb69a295a1	chr1	42936874	47154454	3	2	1
62956bee-d2b1-480c-b0fd-acbb69a295a1	chr1	47155607	248945703	2	1	1
62956bee-d2b1-480c-b0fd-acbb69a295a1	chr2	10587	86826820	2	1	1
62956bee-d2b1-480c-b0fd-acbb69a295a1	chr2	86828126	87988216	2	2	0
62956bee-d2b1-480c-b0fd-acbb69a295a1	chr2	87989404	242183243	2	1	1
62956bee-d2b1-480c-b0fd-acbb69a295a1	chr3	18519	4553976	3	2	1
62956bee-d2b1-480c-b0fd-acbb69a295a1	chr3	4555683	42324556	2	1	1
62956bee-d2b1-480c-b0fd-acbb69a295a1	chr3	42325781	86723652	1	1	0
62956bee-d2b1-480c-b0fd-acbb69a295a1	chr3	86724898	198181744	2	1	1
62956bee-d2b1-480c-b0fd-acbb69a295a1	chr4	11961	190122722	2	1	1
62956bee-d2b1-480c-b0fd-acbb69a295a1	chr5	11882	181363900	2	1	1
62956bee-d2b1-480c-b0fd-acbb69a295a1	chr6	100116	170740469	2	1	1
62956bee-d2b1-480c-b0fd-acbb69a295a1	chr7	20608	15250432	1	1	0
62956bee-d2b1-480c-b0fd-acbb69a295a1	chr7	15251699	49729273	3	2	1
62956bee-d2b1-480c-b0fd-acbb69a295a1	chr7	49730622	159334386	2	1	1
62956bee-d2b1-480c-b0fd-acbb69a295a1	chr8	61774	34690850	1	1	0
62956bee-d2b1-480c-b0fd-acbb69a295a1	chr8	34692717	145078402	2	1	1
62956bee-d2b1-480c-b0fd-acbb69a295a1	chr9	10469	43070419	1	1	0
62956bee-d2b1-480c-b0fd-acbb69a295a1	chr9	60839871	138256233	2	1	1
62956bee-d2b1-480c-b0fd-acbb69a295a1	chr10	15029	531345	2	2	0
62956bee-d2b1-480c-b0fd-acbb69a295a1	chr10	532480	133787009	2	1	1
62956bee-d2b1-480c-b0fd-acbb69a295a1	chr11	87268	101577066	2	1	1
62956bee-d2b1-480c-b0fd-acbb69a295a1	chr11	101578627	110330999	3	2	1
62956bee-d2b1-480c-b0fd-acbb69a295a1	chr11	110332066	135076424	2	1	1
62956bee-d2b1-480c-b0fd-acbb69a295a1	chr12	11065	34278551	3	3	0
62956bee-d2b1-480c-b0fd-acbb69a295a1	chr12	34279820	34674577	4	2	2
62956bee-d2b1-480c-b0fd-acbb69a295a1	chr12	34677420	40764645	3	2	1
62956bee-d2b1-480c-b0fd-acbb69a295a1	chr12	40765748	54765590	2	1	1
62956bee-d2b1-480c-b0fd-acbb69a295a1	chr12	54766613	74802841	1	1	0
62956bee-d2b1-480c-b0fd-acbb69a295a1	chr12	74803849	86808101	2	1	1
62956bee-d2b1-480c-b0fd-acbb69a295a1	chr12	86809560	133264676	1	1	0
62956bee-d2b1-480c-b0fd-acbb69a295a1	chr13	18445955	114343123	2	1	1
62956bee-d2b1-480c-b0fd-acbb69a295a1	chr14	18223583	19974162	3	3	0
62956bee-d2b1-480c-b0fd-acbb69a295a1	chr14	19975250	35975101	2	1	1
62956bee-d2b1-480c-b0fd-acbb69a295a1	chr14	35976152	36851938	2	2	0
62956bee-d2b1-480c-b0fd-acbb69a295a1	chr14	36854049	49584778	2	1	1
62956bee-d2b1-480c-b0fd-acbb69a295a1	chr14	49590852	50358236	4	2	2
62956bee-d2b1-480c-b0fd-acbb69a295a1	chr14	50361359	50958825	1	1	0
62956bee-d2b1-480c-b0fd-acbb69a295a1	chr14	50959941	54859144	4	2	2
62956bee-d2b1-480c-b0fd-acbb69a295a1	chr14	54860819	60641851	3	2	1
62956bee-d2b1-480c-b0fd-acbb69a295a1	chr14	60643909	106880670	1	1	0
62956bee-d2b1-480c-b0fd-acbb69a295a1	chr15	19795285	21330678	2	2	0
62956bee-d2b1-480c-b0fd-acbb69a295a1	chr15	21397933	101980591	2	1	1
62956bee-d2b1-480c-b0fd-acbb69a295a1	chr16	10291	11208249	3	2	1
62956bee-d2b1-480c-b0fd-acbb69a295a1	chr16	11209325	18835663	2	2	0
62956bee-d2b1-480c-b0fd-acbb69a295a1	chr16	18836814	50112333	1	1	0
62956bee-d2b1-480c-b0fd-acbb69a295a1	chr16	50113728	51566061	3	2	1
62956bee-d2b1-480c-b0fd-acbb69a295a1	chr16	51567808	70960424	1	1	0
62956bee-d2b1-480c-b0fd-acbb69a295a1	chr16	70961942	71082729	0	0	0
62956bee-d2b1-480c-b0fd-acbb69a295a1	chr16	71083788	73852713	2	1	1
62956bee-d2b1-480c-b0fd-acbb69a295a1	chr16	73854484	80657784	3	2	1
62956bee-d2b1-480c-b0fd-acbb69a295a1	chr16	80659227	83714491	1	1	0
62956bee-d2b1-480c-b0fd-acbb69a295a1	chr16	83715788	84342009	3	2	1
62956bee-d2b1-480c-b0fd-acbb69a295a1	chr16	84343291	88758661	1	1	0
62956bee-d2b1-480c-b0fd-acbb69a295a1	chr16	88759665	89595911	2	1	1
62956bee-d2b1-480c-b0fd-acbb69a295a1	chr16	89597408	90226358	3	2	1
62956bee-d2b1-480c-b0fd-acbb69a295a1	chr17	151035	49956960	2	1	1
62956bee-d2b1-480c-b0fd-acbb69a295a1	chr17	49957977	83237603	3	2	1
62956bee-d2b1-480c-b0fd-acbb69a295a1	chr18	16444	80259190	1	1	0
62956bee-d2b1-480c-b0fd-acbb69a295a1	chr19	157892	21152389	1	1	0
62956bee-d2b1-480c-b0fd-acbb69a295a1	chr19	21153490	21370063	2	1	1
62956bee-d2b1-480c-b0fd-acbb69a295a1	chr19	21371296	21822041	4	2	2
62956bee-d2b1-480c-b0fd-acbb69a295a1	chr19	21823336	24282553	2	1	1
62956bee-d2b1-480c-b0fd-acbb69a295a1	chr19	24283575	27567849	4	2	2
62956bee-d2b1-480c-b0fd-acbb69a295a1	chr19	27568889	58607412	2	1	1
62956bee-d2b1-480c-b0fd-acbb69a295a1	chr20	80457	64331516	2	1	1
62956bee-d2b1-480c-b0fd-acbb69a295a1	chr21	7762688	13131060	2	2	0
62956bee-d2b1-480c-b0fd-acbb69a295a1	chr21	13132519	46699722	2	1	1
62956bee-d2b1-480c-b0fd-acbb69a295a1	chr22	15284540	15517284	4	4	0
62956bee-d2b1-480c-b0fd-acbb69a295a1	chr22	15528913	15822659	0	0	0
62956bee-d2b1-480c-b0fd-acbb69a295a1	chr22	15828220	45725350	2	1	1
62956bee-d2b1-480c-b0fd-acbb69a295a1	chr22	45727168	50802392	1	1	0
62956bee-d2b1-480c-b0fd-acbb69a295a1	chrX	2781514	8345296	1	1	0
62956bee-d2b1-480c-b0fd-acbb69a295a1	chrX	8346417	8383635	0	0	0
62956bee-d2b1-480c-b0fd-acbb69a295a1	chrX	8384884	31574268	1	1	0
62956bee-d2b1-480c-b0fd-acbb69a295a1	chrX	31576054	31738960	2	2	0
62956bee-d2b1-480c-b0fd-acbb69a295a1	chrX	31740215	73276302	1	1	0
62956bee-d2b1-480c-b0fd-acbb69a295a1	chrX	73277491	73285924	0	0	0
62956bee-d2b1-480c-b0fd-acbb69a295a1	chrX	73287314	122977892	1	1	0
62956bee-d2b1-480c-b0fd-acbb69a295a1	chrX	122979059	122986145	8	8	0
62956bee-d2b1-480c-b0fd-acbb69a295a1	chrX	122987467	128984517	1	1	0
62956bee-d2b1-480c-b0fd-acbb69a295a1	chrX	128985831	128998551	7	7	0
62956bee-d2b1-480c-b0fd-acbb69a295a1	chrX	128999934	138166282	1	1	0
62956bee-d2b1-480c-b0fd-acbb69a295a1	chrX	138168875	138221811	0	0	0
62956bee-d2b1-480c-b0fd-acbb69a295a1	chrX	138223045	155699751	1	1	0
62956bee-d2b1-480c-b0fd-acbb69a295a1	chrY	2789135	26622951	1	1	0
