GDC_Aliquot	Chromosome	Start	End	Num_Probes	Segment_Mean
5ed63725-ae72-4157-bcec-c082cc0048c0	1	62920	1575421	210	0.0526
5ed63725-ae72-4157-bcec-c082cc0048c0	1	1696479	1737662	14	-0.7913
5ed63725-ae72-4157-bcec-c082cc0048c0	1	1737717	3291811	511	0.1099
5ed63725-ae72-4157-bcec-c082cc0048c0	1	3296382	16542868	7909	0.0048
5ed63725-ae72-4157-bcec-c082cc0048c0	1	16544783	16721984	42	0.4595
5ed63725-ae72-4157-bcec-c082cc0048c0	1	16766762	16855942	14	0.0548
5ed63725-ae72-4157-bcec-c082cc0048c0	1	16863509	16932568	47	-0.3581
5ed63725-ae72-4157-bcec-c082cc0048c0	1	16934716	25244778	5264	0.0033
5ed63725-ae72-4157-bcec-c082cc0048c0	1	25247980	25320455	31	0.3114
5ed63725-ae72-4157-bcec-c082cc0048c0	1	25336819	30265657	2391	0.0117
5ed63725-ae72-4157-bcec-c082cc0048c0	1	30265687	30266949	4	-1.1475
5ed63725-ae72-4157-bcec-c082cc0048c0	1	30268649	34626073	2557	0.0047
5ed63725-ae72-4157-bcec-c082cc0048c0	1	34637053	34638890	20	-0.5493
5ed63725-ae72-4157-bcec-c082cc0048c0	1	34648667	38970964	2398	0.0115
5ed63725-ae72-4157-bcec-c082cc0048c0	1	38973217	38973866	3	-1.3799
5ed63725-ae72-4157-bcec-c082cc0048c0	1	38975161	47599666	4777	0.0088
5ed63725-ae72-4157-bcec-c082cc0048c0	1	47605484	47605505	2	-2.6053
5ed63725-ae72-4157-bcec-c082cc0048c0	1	47605676	72297687	16581	0.0061
5ed63725-ae72-4157-bcec-c082cc0048c0	1	72302735	72345465	48	1.161
5ed63725-ae72-4157-bcec-c082cc0048c0	1	72346221	103560166	20001	0.0032
5ed63725-ae72-4157-bcec-c082cc0048c0	1	103560435	103616762	29	0.4592
5ed63725-ae72-4157-bcec-c082cc0048c0	1	103620877	105470754	924	0.006
5ed63725-ae72-4157-bcec-c082cc0048c0	1	105476583	105479753	17	0.7892
5ed63725-ae72-4157-bcec-c082cc0048c0	1	105481433	108951525	2290	-0.0039
5ed63725-ae72-4157-bcec-c082cc0048c0	1	108954232	108955523	14	-0.8553
5ed63725-ae72-4157-bcec-c082cc0048c0	1	108961034	248930189	75487	0.0033
5ed63725-ae72-4157-bcec-c082cc0048c0	2	12784	4602182	3377	0.0303
5ed63725-ae72-4157-bcec-c082cc0048c0	2	4602761	4605672	5	-1.2246
5ed63725-ae72-4157-bcec-c082cc0048c0	2	4606898	4870219	245	0.0126
5ed63725-ae72-4157-bcec-c082cc0048c0	2	4870307	4870552	7	-2.2329
5ed63725-ae72-4157-bcec-c082cc0048c0	2	4876276	6158008	1053	0.0093
5ed63725-ae72-4157-bcec-c082cc0048c0	2	6159905	6167718	32	-0.8942
5ed63725-ae72-4157-bcec-c082cc0048c0	2	6167743	34427804	19362	0.006
5ed63725-ae72-4157-bcec-c082cc0048c0	2	34434869	34511990	57	0.3538
5ed63725-ae72-4157-bcec-c082cc0048c0	2	34512096	35750907	872	0.0119
5ed63725-ae72-4157-bcec-c082cc0048c0	2	35752724	35762881	7	-1.9573
5ed63725-ae72-4157-bcec-c082cc0048c0	2	35772407	97359885	36013	0.0096
5ed63725-ae72-4157-bcec-c082cc0048c0	2	97524284	97562741	16	0.5848
5ed63725-ae72-4157-bcec-c082cc0048c0	2	97563117	106266773	5566	0.0083
5ed63725-ae72-4157-bcec-c082cc0048c0	2	106266875	106268557	6	-3.6513
5ed63725-ae72-4157-bcec-c082cc0048c0	2	106268901	109704919	2110	-0.0016
5ed63725-ae72-4157-bcec-c082cc0048c0	2	109743935	109984252	3	1.1991
5ed63725-ae72-4157-bcec-c082cc0048c0	2	110044146	129787992	12015	0.0145
5ed63725-ae72-4157-bcec-c082cc0048c0	2	129791702	129800804	8	-0.7636
5ed63725-ae72-4157-bcec-c082cc0048c0	2	129801456	131458124	580	0.0025
5ed63725-ae72-4157-bcec-c082cc0048c0	2	131464435	131468795	3	-1.7624
5ed63725-ae72-4157-bcec-c082cc0048c0	2	131472229	194449546	38313	0.009
5ed63725-ae72-4157-bcec-c082cc0048c0	2	194449998	194461120	8	-1.3018
5ed63725-ae72-4157-bcec-c082cc0048c0	2	194465528	208364430	8300	0.0121
5ed63725-ae72-4157-bcec-c082cc0048c0	2	208374882	208376237	26	-0.6099
5ed63725-ae72-4157-bcec-c082cc0048c0	2	208376383	208382659	14	-1.0052
5ed63725-ae72-4157-bcec-c082cc0048c0	2	208383008	242147305	21527	0.0078
5ed63725-ae72-4157-bcec-c082cc0048c0	3	20930	130031363	82438	0.0075
5ed63725-ae72-4157-bcec-c082cc0048c0	3	130035092	130201415	79	0.3433
5ed63725-ae72-4157-bcec-c082cc0048c0	3	130202376	131987852	1133	0.0041
5ed63725-ae72-4157-bcec-c082cc0048c0	3	131989313	131996155	3	-1.1932
5ed63725-ae72-4157-bcec-c082cc0048c0	3	131999130	162790480	19093	0.0061
5ed63725-ae72-4157-bcec-c082cc0048c0	3	162794869	162908784	71	0.5922
5ed63725-ae72-4157-bcec-c082cc0048c0	3	162908815	162996729	71	0.0225
5ed63725-ae72-4157-bcec-c082cc0048c0	3	162999939	163001774	2	1.6358
5ed63725-ae72-4157-bcec-c082cc0048c0	3	163008371	193155915	19092	0.0101
5ed63725-ae72-4157-bcec-c082cc0048c0	3	193156958	193162937	11	1.0023
5ed63725-ae72-4157-bcec-c082cc0048c0	3	193163042	197579641	2432	0.0228
5ed63725-ae72-4157-bcec-c082cc0048c0	3	197580574	197587577	12	-5.1597
5ed63725-ae72-4157-bcec-c082cc0048c0	3	197587951	198169247	258	0.0037
5ed63725-ae72-4157-bcec-c082cc0048c0	4	68929	10208766	5705	0.0191
5ed63725-ae72-4157-bcec-c082cc0048c0	4	10221792	10229874	28	-2.2409
5ed63725-ae72-4157-bcec-c082cc0048c0	4	10232590	19824015	7184	0.0058
5ed63725-ae72-4157-bcec-c082cc0048c0	4	19831973	19832389	2	-1.593
5ed63725-ae72-4157-bcec-c082cc0048c0	4	19836076	33374961	9014	0.0049
5ed63725-ae72-4157-bcec-c082cc0048c0	4	33377514	33384564	11	-0.8609
5ed63725-ae72-4157-bcec-c082cc0048c0	4	33386731	54353363	11397	0.0061
5ed63725-ae72-4157-bcec-c082cc0048c0	4	54353509	54354188	7	-0.8947
5ed63725-ae72-4157-bcec-c082cc0048c0	4	54355243	68478894	8854	0.0056
5ed63725-ae72-4157-bcec-c082cc0048c0	4	68494770	68725894	77	-0.2877
5ed63725-ae72-4157-bcec-c082cc0048c0	4	68726064	69265191	311	0.0414
5ed63725-ae72-4157-bcec-c082cc0048c0	4	69265628	69374271	54	-0.4646
5ed63725-ae72-4157-bcec-c082cc0048c0	4	69376311	76861416	4581	0.0033
5ed63725-ae72-4157-bcec-c082cc0048c0	4	76862748	76870066	18	-0.8389
5ed63725-ae72-4157-bcec-c082cc0048c0	4	76870130	79072668	1583	0.013
5ed63725-ae72-4157-bcec-c082cc0048c0	4	79072883	79079627	2	-1.8435
5ed63725-ae72-4157-bcec-c082cc0048c0	4	79080556	86055291	4246	0.0091
5ed63725-ae72-4157-bcec-c082cc0048c0	4	86055306	86058611	16	-0.8632
5ed63725-ae72-4157-bcec-c082cc0048c0	4	86058791	91548852	3370	-0.0016
5ed63725-ae72-4157-bcec-c082cc0048c0	4	91552163	91557170	6	-1.0526
5ed63725-ae72-4157-bcec-c082cc0048c0	4	91560210	111375831	11629	-0.0026
5ed63725-ae72-4157-bcec-c082cc0048c0	4	111376259	111388458	24	-0.8121
5ed63725-ae72-4157-bcec-c082cc0048c0	4	111388478	111648520	175	0.0182
5ed63725-ae72-4157-bcec-c082cc0048c0	4	111652565	111652721	2	-1.36
5ed63725-ae72-4157-bcec-c082cc0048c0	4	111656434	114252544	1662	0.0025
5ed63725-ae72-4157-bcec-c082cc0048c0	4	114254167	114263073	24	0.7794
5ed63725-ae72-4157-bcec-c082cc0048c0	4	114263096	121360818	4337	0.0054
5ed63725-ae72-4157-bcec-c082cc0048c0	4	121361313	121363980	28	-0.7503
5ed63725-ae72-4157-bcec-c082cc0048c0	4	121369976	124389774	1631	-0.0013
5ed63725-ae72-4157-bcec-c082cc0048c0	4	124396117	124397134	2	-3.1687
5ed63725-ae72-4157-bcec-c082cc0048c0	4	124397143	155958199	18795	0.0034
5ed63725-ae72-4157-bcec-c082cc0048c0	4	155958414	155958597	5	-3.0903
5ed63725-ae72-4157-bcec-c082cc0048c0	4	155958612	157805876	1200	-0.008
5ed63725-ae72-4157-bcec-c082cc0048c0	4	157808285	157810222	11	-0.9227
5ed63725-ae72-4157-bcec-c082cc0048c0	4	157815297	171448195	8637	0.0091
5ed63725-ae72-4157-bcec-c082cc0048c0	4	171453733	171456625	12	0.9471
5ed63725-ae72-4157-bcec-c082cc0048c0	4	171459220	177127866	3356	0.0022
5ed63725-ae72-4157-bcec-c082cc0048c0	4	177131837	177135695	5	-0.8916
5ed63725-ae72-4157-bcec-c082cc0048c0	4	177139252	178318447	827	-0.0095
5ed63725-ae72-4157-bcec-c082cc0048c0	4	178320828	178324622	2	-1.4877
5ed63725-ae72-4157-bcec-c082cc0048c0	4	178325820	182824168	3478	0.0101
5ed63725-ae72-4157-bcec-c082cc0048c0	4	182825334	182829397	2	-1.3147
5ed63725-ae72-4157-bcec-c082cc0048c0	4	182837897	190106768	4820	0.0302
5ed63725-ae72-4157-bcec-c082cc0048c0	5	15532	5675788	4383	0.0121
5ed63725-ae72-4157-bcec-c082cc0048c0	5	5676334	5680788	31	-0.7372
5ed63725-ae72-4157-bcec-c082cc0048c0	5	5680888	11161513	4686	0.0048
5ed63725-ae72-4157-bcec-c082cc0048c0	5	11162524	11162596	2	-1.933
5ed63725-ae72-4157-bcec-c082cc0048c0	5	11162659	21449167	6611	0.0043
5ed63725-ae72-4157-bcec-c082cc0048c0	5	21451091	21452329	5	1.1503
5ed63725-ae72-4157-bcec-c082cc0048c0	5	21452387	58659637	20511	0.0019
5ed63725-ae72-4157-bcec-c082cc0048c0	5	58660999	58663305	24	-0.7376
5ed63725-ae72-4157-bcec-c082cc0048c0	5	58663865	112764827	31757	0.0033
5ed63725-ae72-4157-bcec-c082cc0048c0	5	112764851	112764867	2	-2.1229
5ed63725-ae72-4157-bcec-c082cc0048c0	5	112765061	156048095	28035	0.0007
5ed63725-ae72-4157-bcec-c082cc0048c0	5	156049762	156068247	16	-0.664
5ed63725-ae72-4157-bcec-c082cc0048c0	5	156068249	180951888	16596	0.0017
5ed63725-ae72-4157-bcec-c082cc0048c0	5	180953203	181028411	33	0.3897
5ed63725-ae72-4157-bcec-c082cc0048c0	5	181030846	181363319	152	-0.0198
5ed63725-ae72-4157-bcec-c082cc0048c0	6	149661	302306	125	-0.0356
5ed63725-ae72-4157-bcec-c082cc0048c0	6	303017	384521	81	0.4927
5ed63725-ae72-4157-bcec-c082cc0048c0	6	384546	1207821	739	0.0262
5ed63725-ae72-4157-bcec-c082cc0048c0	6	1208775	1210392	2	-1.338
5ed63725-ae72-4157-bcec-c082cc0048c0	6	1213225	6857036	4664	0.0125
5ed63725-ae72-4157-bcec-c082cc0048c0	6	6857087	6859093	2	-1.6694
5ed63725-ae72-4157-bcec-c082cc0048c0	6	6860526	11712755	3601	0.0086
5ed63725-ae72-4157-bcec-c082cc0048c0	6	11714917	11715518	3	-1.2026
5ed63725-ae72-4157-bcec-c082cc0048c0	6	11718282	15281483	2704	-0.0047
5ed63725-ae72-4157-bcec-c082cc0048c0	6	15283282	15283319	2	-1.3651
5ed63725-ae72-4157-bcec-c082cc0048c0	6	15288376	19038504	2848	0.004
5ed63725-ae72-4157-bcec-c082cc0048c0	6	19039888	19044517	7	-0.6837
5ed63725-ae72-4157-bcec-c082cc0048c0	6	19044532	20182588	879	0.0252
5ed63725-ae72-4157-bcec-c082cc0048c0	6	20184820	20184944	2	-1.376
5ed63725-ae72-4157-bcec-c082cc0048c0	6	20186529	22563659	1673	-0.002
5ed63725-ae72-4157-bcec-c082cc0048c0	6	22564861	22564923	3	-1.5162
5ed63725-ae72-4157-bcec-c082cc0048c0	6	22567834	24975080	1755	0.0075
5ed63725-ae72-4157-bcec-c082cc0048c0	6	24975212	24975257	2	-1.9781
5ed63725-ae72-4157-bcec-c082cc0048c0	6	24975375	26743855	1140	0.0061
5ed63725-ae72-4157-bcec-c082cc0048c0	6	26747492	26759781	5	1.0517
5ed63725-ae72-4157-bcec-c082cc0048c0	6	26831719	29866171	1402	0.0115
5ed63725-ae72-4157-bcec-c082cc0048c0	6	29866672	29928644	42	0.425
5ed63725-ae72-4157-bcec-c082cc0048c0	6	29931120	31319445	655	0.0368
5ed63725-ae72-4157-bcec-c082cc0048c0	6	31319724	31328176	3	-1.7634
5ed63725-ae72-4157-bcec-c082cc0048c0	6	31328210	32533522	518	0.0326
5ed63725-ae72-4157-bcec-c082cc0048c0	6	32540699	32682835	48	-0.733
5ed63725-ae72-4157-bcec-c082cc0048c0	6	32686863	76726815	25868	0.0024
5ed63725-ae72-4157-bcec-c082cc0048c0	6	76730151	76742665	15	-3.9901
5ed63725-ae72-4157-bcec-c082cc0048c0	6	76742675	76743040	6	-1.3247
5ed63725-ae72-4157-bcec-c082cc0048c0	6	76751356	103286954	16566	0.0057
5ed63725-ae72-4157-bcec-c082cc0048c0	6	103290101	103314186	46	-1.6274
5ed63725-ae72-4157-bcec-c082cc0048c0	6	103317795	160208521	36611	0.0026
5ed63725-ae72-4157-bcec-c082cc0048c0	6	160213414	160216207	5	-1.2029
5ed63725-ae72-4157-bcec-c082cc0048c0	6	160221496	167985094	5718	0.0165
5ed63725-ae72-4157-bcec-c082cc0048c0	6	167985895	167989043	2	-1.4991
5ed63725-ae72-4157-bcec-c082cc0048c0	6	167989168	170741917	1825	0.0346
5ed63725-ae72-4157-bcec-c082cc0048c0	7	43355	148300	90	0.1001
5ed63725-ae72-4157-bcec-c082cc0048c0	7	155066	158626	10	-0.8965
5ed63725-ae72-4157-bcec-c082cc0048c0	7	161442	22395161	15952	0.0125
5ed63725-ae72-4157-bcec-c082cc0048c0	7	22395853	22396868	2	-3.3381
5ed63725-ae72-4157-bcec-c082cc0048c0	7	22399135	53345181	21731	0.009
5ed63725-ae72-4157-bcec-c082cc0048c0	7	53345200	53345227	2	-3.525
5ed63725-ae72-4157-bcec-c082cc0048c0	7	53345631	54117610	528	0.0139
5ed63725-ae72-4157-bcec-c082cc0048c0	7	54117711	54129863	29	-0.6439
5ed63725-ae72-4157-bcec-c082cc0048c0	7	54130808	54305455	128	0.0339
5ed63725-ae72-4157-bcec-c082cc0048c0	7	54318812	54318824	6	1.8923
5ed63725-ae72-4157-bcec-c082cc0048c0	7	54325795	56717979	1572	0.0006
5ed63725-ae72-4157-bcec-c082cc0048c0	7	56718152	63070976	669	0.0965
5ed63725-ae72-4157-bcec-c082cc0048c0	7	63071154	67164253	1490	0.0098
5ed63725-ae72-4157-bcec-c082cc0048c0	7	67164342	67180245	8	-1.9227
5ed63725-ae72-4157-bcec-c082cc0048c0	7	67182652	67233947	15	-0.3239
5ed63725-ae72-4157-bcec-c082cc0048c0	7	67234797	119513204	30585	0.0032
5ed63725-ae72-4157-bcec-c082cc0048c0	7	119513288	119522393	12	-0.6986
5ed63725-ae72-4157-bcec-c082cc0048c0	7	119522676	159334314	24975	0.0106
5ed63725-ae72-4157-bcec-c082cc0048c0	8	81254	645875	330	0.0496
5ed63725-ae72-4157-bcec-c082cc0048c0	8	645892	645908	2	-3.027
5ed63725-ae72-4157-bcec-c082cc0048c0	8	656117	4140085	3355	0.0119
5ed63725-ae72-4157-bcec-c082cc0048c0	8	4141366	4146769	28	-0.8858
5ed63725-ae72-4157-bcec-c082cc0048c0	8	4146976	6330949	3139	0.0186
5ed63725-ae72-4157-bcec-c082cc0048c0	8	6331087	6336914	8	-0.6956
5ed63725-ae72-4157-bcec-c082cc0048c0	8	6339060	6968014	754	-0.0053
5ed63725-ae72-4157-bcec-c082cc0048c0	8	6968154	7022540	26	0.4668
5ed63725-ae72-4157-bcec-c082cc0048c0	8	7024871	7775900	122	0.0557
5ed63725-ae72-4157-bcec-c082cc0048c0	8	7788805	7941868	12	0.6097
5ed63725-ae72-4157-bcec-c082cc0048c0	8	7974123	12004300	3231	0.0059
5ed63725-ae72-4157-bcec-c082cc0048c0	8	12024350	12382653	27	0.5228
5ed63725-ae72-4157-bcec-c082cc0048c0	8	12383605	17475761	4462	-0.0037
5ed63725-ae72-4157-bcec-c082cc0048c0	8	17477409	17481592	2	-1.7589
5ed63725-ae72-4157-bcec-c082cc0048c0	8	17481650	21067343	3247	-0.0084
5ed63725-ae72-4157-bcec-c082cc0048c0	8	21069510	21076820	6	-0.7515
5ed63725-ae72-4157-bcec-c082cc0048c0	8	21077120	23544795	1572	0.0021
5ed63725-ae72-4157-bcec-c082cc0048c0	8	23550227	23550298	4	-3.8358
5ed63725-ae72-4157-bcec-c082cc0048c0	8	23550358	39373140	10183	-0.0032
5ed63725-ae72-4157-bcec-c082cc0048c0	8	39378084	39529446	59	0.6911
5ed63725-ae72-4157-bcec-c082cc0048c0	8	39530780	43552731	2514	-0.0045
5ed63725-ae72-4157-bcec-c082cc0048c0	8	43554008	46504606	202	0.1586
5ed63725-ae72-4157-bcec-c082cc0048c0	8	46517387	114622438	41126	0.0027
5ed63725-ae72-4157-bcec-c082cc0048c0	8	114622478	114638558	33	-0.5688
5ed63725-ae72-4157-bcec-c082cc0048c0	8	114642539	114809549	105	0.0591
5ed63725-ae72-4157-bcec-c082cc0048c0	8	114809628	114815746	3	-1.1268
5ed63725-ae72-4157-bcec-c082cc0048c0	8	114815750	121306310	4418	-0.012
5ed63725-ae72-4157-bcec-c082cc0048c0	8	121308836	121327482	15	0.6664
5ed63725-ae72-4157-bcec-c082cc0048c0	8	121336061	121391767	33	0.0391
5ed63725-ae72-4157-bcec-c082cc0048c0	8	121392942	121415115	18	0.5449
5ed63725-ae72-4157-bcec-c082cc0048c0	8	121425143	140728488	14525	-0.0034
5ed63725-ae72-4157-bcec-c082cc0048c0	8	140731571	145072769	1941	0.042
5ed63725-ae72-4157-bcec-c082cc0048c0	9	46587	24500842	21223	0.0134
5ed63725-ae72-4157-bcec-c082cc0048c0	9	24503818	24517684	20	-0.8906
5ed63725-ae72-4157-bcec-c082cc0048c0	9	24519686	30743918	4658	0.0179
5ed63725-ae72-4157-bcec-c082cc0048c0	9	30748945	30749445	2	-1.7348
5ed63725-ae72-4157-bcec-c082cc0048c0	9	30749960	32831283	1496	0.0073
5ed63725-ae72-4157-bcec-c082cc0048c0	9	32832078	32832528	4	-0.9013
5ed63725-ae72-4157-bcec-c082cc0048c0	9	32834708	39464004	3752	0.0058
5ed63725-ae72-4157-bcec-c082cc0048c0	9	39464177	63580418	285	0.2732
5ed63725-ae72-4157-bcec-c082cc0048c0	9	63590317	63590323	4	2.6043
5ed63725-ae72-4157-bcec-c082cc0048c0	9	63590325	64917775	83	0.281
5ed63725-ae72-4157-bcec-c082cc0048c0	9	64929736	68703942	303	0.0117
5ed63725-ae72-4157-bcec-c082cc0048c0	9	68707876	68708502	5	-1.1392
5ed63725-ae72-4157-bcec-c082cc0048c0	9	68710265	85823088	12375	0.0041
5ed63725-ae72-4157-bcec-c082cc0048c0	9	85826914	85827163	2	-2.1008
5ed63725-ae72-4157-bcec-c082cc0048c0	9	85830791	138200944	35273	0.0068
5ed63725-ae72-4157-bcec-c082cc0048c0	10	45792	4244878	3576	0.0166
5ed63725-ae72-4157-bcec-c082cc0048c0	10	4248622	4248824	4	1.1525
5ed63725-ae72-4157-bcec-c082cc0048c0	10	4251879	16649951	10344	0.0003
5ed63725-ae72-4157-bcec-c082cc0048c0	10	16650016	16650032	2	-1.374
5ed63725-ae72-4157-bcec-c082cc0048c0	10	16650280	24080916	5260	0.0028
5ed63725-ae72-4157-bcec-c082cc0048c0	10	24081463	24102036	33	0.2985
5ed63725-ae72-4157-bcec-c082cc0048c0	10	24102180	25306444	796	-0.0091
5ed63725-ae72-4157-bcec-c082cc0048c0	10	25308379	25311279	2	-2.7408
5ed63725-ae72-4157-bcec-c082cc0048c0	10	25312104	26390852	809	-0.012
5ed63725-ae72-4157-bcec-c082cc0048c0	10	26397226	26400838	6	-1.1829
5ed63725-ae72-4157-bcec-c082cc0048c0	10	26402720	57332483	17895	0.0052
5ed63725-ae72-4157-bcec-c082cc0048c0	10	57332551	57332870	6	-1.088
5ed63725-ae72-4157-bcec-c082cc0048c0	10	57332977	58012787	534	-0.0063
5ed63725-ae72-4157-bcec-c082cc0048c0	10	58015004	58015028	2	-1.8987
5ed63725-ae72-4157-bcec-c082cc0048c0	10	58015272	58030295	16	-0.0973
5ed63725-ae72-4157-bcec-c082cc0048c0	10	58030882	58035264	3	-1.2778
5ed63725-ae72-4157-bcec-c082cc0048c0	10	58036016	130472507	49374	0.0045
5ed63725-ae72-4157-bcec-c082cc0048c0	10	130472578	130472631	2	-1.7526
5ed63725-ae72-4157-bcec-c082cc0048c0	10	130472877	133654968	1996	0.0439
5ed63725-ae72-4157-bcec-c082cc0048c0	11	198510	742375	176	0.0618
5ed63725-ae72-4157-bcec-c082cc0048c0	11	742508	743813	3	-1.2314
5ed63725-ae72-4157-bcec-c082cc0048c0	11	745581	4947280	2240	0.0092
5ed63725-ae72-4157-bcec-c082cc0048c0	11	4949013	4954445	26	0.5519
5ed63725-ae72-4157-bcec-c082cc0048c0	11	4954475	5499342	541	0.0224
5ed63725-ae72-4157-bcec-c082cc0048c0	11	5499745	5501334	7	-0.4923
5ed63725-ae72-4157-bcec-c082cc0048c0	11	5502363	5762693	239	0.0113
5ed63725-ae72-4157-bcec-c082cc0048c0	11	5766175	5787909	33	0.6608
5ed63725-ae72-4157-bcec-c082cc0048c0	11	5788108	18919323	9411	0.0061
5ed63725-ae72-4157-bcec-c082cc0048c0	11	18927525	18939855	39	0.714
5ed63725-ae72-4157-bcec-c082cc0048c0	11	18940050	34721001	11432	0.0025
5ed63725-ae72-4157-bcec-c082cc0048c0	11	34728200	34733912	7	-1.1581
5ed63725-ae72-4157-bcec-c082cc0048c0	11	34735813	55608804	10344	0.0076
5ed63725-ae72-4157-bcec-c082cc0048c0	11	55609022	55685533	51	-0.5418
5ed63725-ae72-4157-bcec-c082cc0048c0	11	55686100	135074876	52284	0.0057
5ed63725-ae72-4157-bcec-c082cc0048c0	12	51460	756804	417	0.0714
5ed63725-ae72-4157-bcec-c082cc0048c0	12	759943	764863	18	-0.8631
5ed63725-ae72-4157-bcec-c082cc0048c0	12	766188	9477960	5738	0.0111
5ed63725-ae72-4157-bcec-c082cc0048c0	12	9481274	9575696	24	-1.7806
5ed63725-ae72-4157-bcec-c082cc0048c0	12	9582373	12074287	1862	0.0029
5ed63725-ae72-4157-bcec-c082cc0048c0	12	12075733	12075819	2	1.4941
5ed63725-ae72-4157-bcec-c082cc0048c0	12	12076852	12106422	35	-0.0112
5ed63725-ae72-4157-bcec-c082cc0048c0	12	12108499	12109444	2	-1.3818
5ed63725-ae72-4157-bcec-c082cc0048c0	12	12114134	20991368	5830	0.0009
5ed63725-ae72-4157-bcec-c082cc0048c0	12	20991497	20991572	3	-3.0455
5ed63725-ae72-4157-bcec-c082cc0048c0	12	20991608	22095884	756	-0.0105
5ed63725-ae72-4157-bcec-c082cc0048c0	12	22096001	22096195	5	-1.0381
5ed63725-ae72-4157-bcec-c082cc0048c0	12	22096272	26484565	3257	0.0048
5ed63725-ae72-4157-bcec-c082cc0048c0	12	26485066	26490998	6	-1.2171
5ed63725-ae72-4157-bcec-c082cc0048c0	12	26491844	27493059	645	0.0045
5ed63725-ae72-4157-bcec-c082cc0048c0	12	27494808	27498429	28	-0.7203
5ed63725-ae72-4157-bcec-c082cc0048c0	12	27504228	70476293	24939	0.0086
5ed63725-ae72-4157-bcec-c082cc0048c0	12	70478078	70483970	6	-0.8407
5ed63725-ae72-4157-bcec-c082cc0048c0	12	70483985	106374198	23304	0.0068
5ed63725-ae72-4157-bcec-c082cc0048c0	12	106378144	106378636	2	-1.5604
5ed63725-ae72-4157-bcec-c082cc0048c0	12	106380458	133201603	17955	0.0158
5ed63725-ae72-4157-bcec-c082cc0048c0	13	18452809	18600494	13	0.5858
5ed63725-ae72-4157-bcec-c082cc0048c0	13	18601035	37496998	13467	0.0126
5ed63725-ae72-4157-bcec-c082cc0048c0	13	37497899	37510595	15	-0.5155
5ed63725-ae72-4157-bcec-c082cc0048c0	13	37510620	57176962	12524	0.0016
5ed63725-ae72-4157-bcec-c082cc0048c0	13	57184136	57204246	34	-0.518
5ed63725-ae72-4157-bcec-c082cc0048c0	13	57215580	114342922	38083	0.0017
5ed63725-ae72-4157-bcec-c082cc0048c0	14	18239283	19955213	167	-0.2329
5ed63725-ae72-4157-bcec-c082cc0048c0	14	19956767	22028909	1436	0.0045
5ed63725-ae72-4157-bcec-c082cc0048c0	14	22028961	22496054	390	-0.1597
5ed63725-ae72-4157-bcec-c082cc0048c0	14	22496095	36200198	8609	0.0099
5ed63725-ae72-4157-bcec-c082cc0048c0	14	36202820	36205283	5	-1.1508
5ed63725-ae72-4157-bcec-c082cc0048c0	14	36210414	44704897	5292	0.0075
5ed63725-ae72-4157-bcec-c082cc0048c0	14	44712945	44754510	32	-1.0038
5ed63725-ae72-4157-bcec-c082cc0048c0	14	44757656	104464094	38640	0.0035
5ed63725-ae72-4157-bcec-c082cc0048c0	14	104470042	104471983	2	-1.9268
5ed63725-ae72-4157-bcec-c082cc0048c0	14	104480266	106403147	574	0.0332
5ed63725-ae72-4157-bcec-c082cc0048c0	14	106407604	106418444	7	-1.2046
5ed63725-ae72-4157-bcec-c082cc0048c0	14	106423925	106877229	243	0.0674
5ed63725-ae72-4157-bcec-c082cc0048c0	15	19811075	20187568	55	0.007
5ed63725-ae72-4157-bcec-c082cc0048c0	15	20190276	20373168	33	0.4353
5ed63725-ae72-4157-bcec-c082cc0048c0	15	20376198	20376311	7	-0.1897
5ed63725-ae72-4157-bcec-c082cc0048c0	15	20380735	20646817	45	0.4294
5ed63725-ae72-4157-bcec-c082cc0048c0	15	20647785	21417107	35	-0.1891
5ed63725-ae72-4157-bcec-c082cc0048c0	15	21975606	22572323	37	0.5709
5ed63725-ae72-4157-bcec-c082cc0048c0	15	22576496	30157841	4620	0.0249
5ed63725-ae72-4157-bcec-c082cc0048c0	15	30158166	30595753	32	-1.3626
5ed63725-ae72-4157-bcec-c082cc0048c0	15	30608675	32220019	1055	0.0252
5ed63725-ae72-4157-bcec-c082cc0048c0	15	32239115	32382193	14	-0.8397
5ed63725-ae72-4157-bcec-c082cc0048c0	15	32484010	101928837	45621	0.0039
5ed63725-ae72-4157-bcec-c082cc0048c0	16	10777	1873702	685	0.0735
5ed63725-ae72-4157-bcec-c082cc0048c0	16	1874800	14879136	10427	0.0127
5ed63725-ae72-4157-bcec-c082cc0048c0	16	14881435	15036113	62	0.2762
5ed63725-ae72-4157-bcec-c082cc0048c0	16	15040518	16269368	580	0.058
5ed63725-ae72-4157-bcec-c082cc0048c0	16	16419234	16419781	3	1.1902
5ed63725-ae72-4157-bcec-c082cc0048c0	16	16435734	19933041	1713	0.0374
5ed63725-ae72-4157-bcec-c082cc0048c0	16	19934328	19956040	29	-0.7008
5ed63725-ae72-4157-bcec-c082cc0048c0	16	19958932	22926277	1536	0.0404
5ed63725-ae72-4157-bcec-c082cc0048c0	16	22926592	32419652	4947	0.0137
5ed63725-ae72-4157-bcec-c082cc0048c0	16	32447834	33002292	29	0.3695
5ed63725-ae72-4157-bcec-c082cc0048c0	16	33024687	84009243	27582	0.0072
5ed63725-ae72-4157-bcec-c082cc0048c0	16	84011095	84886473	798	0.0799
5ed63725-ae72-4157-bcec-c082cc0048c0	16	84892020	88082524	2639	0.0089
5ed63725-ae72-4157-bcec-c082cc0048c0	16	88082877	90096867	835	0.0774
5ed63725-ae72-4157-bcec-c082cc0048c0	17	150733	18414080	11394	0.0145
5ed63725-ae72-4157-bcec-c082cc0048c0	17	18452078	18509244	17	0.9151
5ed63725-ae72-4157-bcec-c082cc0048c0	17	18523147	36098851	6837	0.0175
5ed63725-ae72-4157-bcec-c082cc0048c0	17	36101021	36465216	48	0.3944
5ed63725-ae72-4157-bcec-c082cc0048c0	17	36466570	39712252	1657	0.0046
5ed63725-ae72-4157-bcec-c082cc0048c0	17	39712276	39712435	4	1.6782
5ed63725-ae72-4157-bcec-c082cc0048c0	17	39712509	41224178	844	0.0183
5ed63725-ae72-4157-bcec-c082cc0048c0	17	41231308	41237517	5	-0.7823
5ed63725-ae72-4157-bcec-c082cc0048c0	17	41239604	41265456	12	0.1258
5ed63725-ae72-4157-bcec-c082cc0048c0	17	41266762	41276588	26	0.5042
5ed63725-ae72-4157-bcec-c082cc0048c0	17	41276692	46099741	2505	0.0229
5ed63725-ae72-4157-bcec-c082cc0048c0	17	46100092	46275506	110	-0.1754
5ed63725-ae72-4157-bcec-c082cc0048c0	17	46276519	73841419	16830	0.0017
5ed63725-ae72-4157-bcec-c082cc0048c0	17	73842080	74719609	564	0.1124
5ed63725-ae72-4157-bcec-c082cc0048c0	17	74725013	77857762	1660	0.0128
5ed63725-ae72-4157-bcec-c082cc0048c0	17	77858748	77864788	3	-1.0279
5ed63725-ae72-4157-bcec-c082cc0048c0	17	77870847	83091923	2521	0.027
5ed63725-ae72-4157-bcec-c082cc0048c0	18	48133	66095064	40359	0.0087
5ed63725-ae72-4157-bcec-c082cc0048c0	18	66099904	66100686	3	-1.7286
5ed63725-ae72-4157-bcec-c082cc0048c0	18	66108359	80257174	10375	0.0122
5ed63725-ae72-4157-bcec-c082cc0048c0	19	90910	896499	171	0.0729
5ed63725-ae72-4157-bcec-c082cc0048c0	19	896644	42707438	20212	0.0137
5ed63725-ae72-4157-bcec-c082cc0048c0	19	42709707	43198881	205	0.138
5ed63725-ae72-4157-bcec-c082cc0048c0	19	43199352	43262507	22	-0.6146
5ed63725-ae72-4157-bcec-c082cc0048c0	19	43262860	51628560	4145	0.0159
5ed63725-ae72-4157-bcec-c082cc0048c0	19	51639099	51644944	11	-0.7066
5ed63725-ae72-4157-bcec-c082cc0048c0	19	51651652	54801157	2029	0.0383
5ed63725-ae72-4157-bcec-c082cc0048c0	19	54801545	54802362	2	-1.7754
5ed63725-ae72-4157-bcec-c082cc0048c0	19	54802832	55991994	684	0.0332
5ed63725-ae72-4157-bcec-c082cc0048c0	19	55992324	55994810	2	-1.5998
5ed63725-ae72-4157-bcec-c082cc0048c0	19	55996661	58586487	1618	0.0294
5ed63725-ae72-4157-bcec-c082cc0048c0	20	80664	961022	705	0.0189
5ed63725-ae72-4157-bcec-c082cc0048c0	20	965819	965855	2	-2.2162
5ed63725-ae72-4157-bcec-c082cc0048c0	20	966371	1586808	500	0.0506
5ed63725-ae72-4157-bcec-c082cc0048c0	20	1587007	1598475	28	-0.4785
5ed63725-ae72-4157-bcec-c082cc0048c0	20	1599742	8718872	5333	0.0078
5ed63725-ae72-4157-bcec-c082cc0048c0	20	8718885	8724789	3	-1.2515
5ed63725-ae72-4157-bcec-c082cc0048c0	20	8725014	44647146	21696	0.0065
5ed63725-ae72-4157-bcec-c082cc0048c0	20	44647479	44649413	3	-2.1446
5ed63725-ae72-4157-bcec-c082cc0048c0	20	44649722	64324800	14110	0.009
5ed63725-ae72-4157-bcec-c082cc0048c0	21	10354168	13081432	99	-0.0139
5ed63725-ae72-4157-bcec-c082cc0048c0	21	13084095	13197963	16	-1.2079
5ed63725-ae72-4157-bcec-c082cc0048c0	21	13197978	18891868	3595	0.0065
5ed63725-ae72-4157-bcec-c082cc0048c0	21	18892148	18892764	3	-1.1553
5ed63725-ae72-4157-bcec-c082cc0048c0	21	18895569	21815282	2240	-0.0036
5ed63725-ae72-4157-bcec-c082cc0048c0	21	21815794	21828842	13	-0.8327
5ed63725-ae72-4157-bcec-c082cc0048c0	21	21833222	27072333	4053	0.0073
5ed63725-ae72-4157-bcec-c082cc0048c0	21	27079051	27085616	10	-0.8488
5ed63725-ae72-4157-bcec-c082cc0048c0	21	27087592	45511546	13148	0.0052
5ed63725-ae72-4157-bcec-c082cc0048c0	21	45513553	45530264	7	-0.9406
5ed63725-ae72-4157-bcec-c082cc0048c0	21	45532836	46677045	679	0.0566
5ed63725-ae72-4157-bcec-c082cc0048c0	22	15294547	17915691	925	0.0109
5ed63725-ae72-4157-bcec-c082cc0048c0	22	17916210	17920863	2	-1.4752
5ed63725-ae72-4157-bcec-c082cc0048c0	22	17921889	18138194	181	-0.0275
5ed63725-ae72-4157-bcec-c082cc0048c0	22	18141598	23483579	2992	0.078
5ed63725-ae72-4157-bcec-c082cc0048c0	22	23484362	44739926	14707	0.0074
5ed63725-ae72-4157-bcec-c082cc0048c0	22	44740431	44740755	2	-4.5097
5ed63725-ae72-4157-bcec-c082cc0048c0	22	44741026	48935200	3271	0.0067
5ed63725-ae72-4157-bcec-c082cc0048c0	22	48940621	50796027	1195	0.0863
5ed63725-ae72-4157-bcec-c082cc0048c0	X	251810	28824355	17539	0.0043
5ed63725-ae72-4157-bcec-c082cc0048c0	X	28824985	28832106	2	-6.3406
5ed63725-ae72-4157-bcec-c082cc0048c0	X	28832784	37474638	5533	0.0019
5ed63725-ae72-4157-bcec-c082cc0048c0	X	37475258	37475429	2	-5.4743
5ed63725-ae72-4157-bcec-c082cc0048c0	X	37481408	37602114	44	-0.0253
5ed63725-ae72-4157-bcec-c082cc0048c0	X	37602610	37604977	7	-2.0161
5ed63725-ae72-4157-bcec-c082cc0048c0	X	37605280	64819600	10975	0.0086
5ed63725-ae72-4157-bcec-c082cc0048c0	X	64820642	64822238	9	-4.2461
5ed63725-ae72-4157-bcec-c082cc0048c0	X	64825556	153031937	48235	0.0034
5ed63725-ae72-4157-bcec-c082cc0048c0	X	153033320	153033368	2	-4.5895
5ed63725-ae72-4157-bcec-c082cc0048c0	X	153033676	155952689	1138	0.039
5ed63725-ae72-4157-bcec-c082cc0048c0	Y	2782397	9759940	2309	-0.9064
5ed63725-ae72-4157-bcec-c082cc0048c0	Y	9810941	9811130	2	-3.404
5ed63725-ae72-4157-bcec-c082cc0048c0	Y	9870332	56872112	4329	-0.9242
