GDC_Aliquot	Chromosome	Start	End	Copy_Number	Major_Copy_Number	Minor_Copy_Number
54c00254-1b5d-4cdd-9181-716fc83c41f2	chr1	13116	2314848	2	1	1
54c00254-1b5d-4cdd-9181-716fc83c41f2	chr1	2315960	2347995	0	0	0
54c00254-1b5d-4cdd-9181-716fc83c41f2	chr1	2349222	3475762	3	2	1
54c00254-1b5d-4cdd-9181-716fc83c41f2	chr1	3477557	16529689	2	1	1
54c00254-1b5d-4cdd-9181-716fc83c41f2	chr1	16532414	16856004	3	2	1
54c00254-1b5d-4cdd-9181-716fc83c41f2	chr1	16857906	17417117	2	1	1
54c00254-1b5d-4cdd-9181-716fc83c41f2	chr1	17418356	17531105	1	1	0
54c00254-1b5d-4cdd-9181-716fc83c41f2	chr1	17532142	24878262	2	1	1
54c00254-1b5d-4cdd-9181-716fc83c41f2	chr1	24879607	24931810	3	2	1
54c00254-1b5d-4cdd-9181-716fc83c41f2	chr1	24933393	31806536	2	1	1
54c00254-1b5d-4cdd-9181-716fc83c41f2	chr1	31807833	32959845	1	1	0
54c00254-1b5d-4cdd-9181-716fc83c41f2	chr1	32961005	44074225	2	1	1
54c00254-1b5d-4cdd-9181-716fc83c41f2	chr1	44075615	44212131	1	1	0
54c00254-1b5d-4cdd-9181-716fc83c41f2	chr1	44213884	44685773	2	1	1
54c00254-1b5d-4cdd-9181-716fc83c41f2	chr1	44687444	47414090	1	1	0
54c00254-1b5d-4cdd-9181-716fc83c41f2	chr1	47416302	50600416	2	1	1
54c00254-1b5d-4cdd-9181-716fc83c41f2	chr1	50602985	53021799	1	1	0
54c00254-1b5d-4cdd-9181-716fc83c41f2	chr1	53022892	61612675	2	1	1
54c00254-1b5d-4cdd-9181-716fc83c41f2	chr1	61613791	62427445	1	1	0
54c00254-1b5d-4cdd-9181-716fc83c41f2	chr1	62429211	66236194	2	1	1
54c00254-1b5d-4cdd-9181-716fc83c41f2	chr1	66237367	66373050	3	2	1
54c00254-1b5d-4cdd-9181-716fc83c41f2	chr1	66375497	91795363	2	1	1
54c00254-1b5d-4cdd-9181-716fc83c41f2	chr1	91796749	93507146	1	1	0
54c00254-1b5d-4cdd-9181-716fc83c41f2	chr1	93509670	99768226	2	1	1
54c00254-1b5d-4cdd-9181-716fc83c41f2	chr1	99769375	100263364	1	1	0
54c00254-1b5d-4cdd-9181-716fc83c41f2	chr1	100264591	108136529	2	1	1
54c00254-1b5d-4cdd-9181-716fc83c41f2	chr1	108137612	109194441	1	1	0
54c00254-1b5d-4cdd-9181-716fc83c41f2	chr1	109195468	112545681	2	1	1
54c00254-1b5d-4cdd-9181-716fc83c41f2	chr1	112546698	113207042	1	1	0
54c00254-1b5d-4cdd-9181-716fc83c41f2	chr1	113208823	120385438	2	1	1
54c00254-1b5d-4cdd-9181-716fc83c41f2	chr1	120386854	121621753	2	2	0
54c00254-1b5d-4cdd-9181-716fc83c41f2	chr1	121623189	121742438	0	0	0
54c00254-1b5d-4cdd-9181-716fc83c41f2	chr1	143417573	150328048	2	1	1
54c00254-1b5d-4cdd-9181-716fc83c41f2	chr1	150330774	151658725	1	1	0
54c00254-1b5d-4cdd-9181-716fc83c41f2	chr1	151660170	160861564	2	1	1
54c00254-1b5d-4cdd-9181-716fc83c41f2	chr1	160862856	161077430	1	1	0
54c00254-1b5d-4cdd-9181-716fc83c41f2	chr1	161078778	162418956	2	1	1
54c00254-1b5d-4cdd-9181-716fc83c41f2	chr1	162420295	162639948	1	1	0
54c00254-1b5d-4cdd-9181-716fc83c41f2	chr1	162641725	171341864	2	1	1
54c00254-1b5d-4cdd-9181-716fc83c41f2	chr1	171342892	171739503	1	1	0
54c00254-1b5d-4cdd-9181-716fc83c41f2	chr1	171741265	173028622	2	1	1
54c00254-1b5d-4cdd-9181-716fc83c41f2	chr1	173032443	174965449	1	1	0
54c00254-1b5d-4cdd-9181-716fc83c41f2	chr1	174967660	178586415	2	1	1
54c00254-1b5d-4cdd-9181-716fc83c41f2	chr1	178588002	180136443	1	1	0
54c00254-1b5d-4cdd-9181-716fc83c41f2	chr1	180138337	203538035	2	1	1
54c00254-1b5d-4cdd-9181-716fc83c41f2	chr1	203539046	204093280	1	1	0
54c00254-1b5d-4cdd-9181-716fc83c41f2	chr1	204094672	235996578	2	1	1
54c00254-1b5d-4cdd-9181-716fc83c41f2	chr1	235997711	236709112	1	1	0
54c00254-1b5d-4cdd-9181-716fc83c41f2	chr1	236710638	246662118	2	1	1
54c00254-1b5d-4cdd-9181-716fc83c41f2	chr1	246663365	246720144	0	0	0
54c00254-1b5d-4cdd-9181-716fc83c41f2	chr1	246721162	248945703	2	1	1
54c00254-1b5d-4cdd-9181-716fc83c41f2	chr2	10587	186421	2	1	1
54c00254-1b5d-4cdd-9181-716fc83c41f2	chr2	187974	229456	0	0	0
54c00254-1b5d-4cdd-9181-716fc83c41f2	chr2	230912	38331645	2	1	1
54c00254-1b5d-4cdd-9181-716fc83c41f2	chr2	38333021	39301786	1	1	0
54c00254-1b5d-4cdd-9181-716fc83c41f2	chr2	39302995	42502530	2	1	1
54c00254-1b5d-4cdd-9181-716fc83c41f2	chr2	42503732	42668347	1	1	0
54c00254-1b5d-4cdd-9181-716fc83c41f2	chr2	42671775	61027819	2	1	1
54c00254-1b5d-4cdd-9181-716fc83c41f2	chr2	61028918	63808207	1	1	0
54c00254-1b5d-4cdd-9181-716fc83c41f2	chr2	63809305	65070552	2	1	1
54c00254-1b5d-4cdd-9181-716fc83c41f2	chr2	65071705	65257844	1	1	0
54c00254-1b5d-4cdd-9181-716fc83c41f2	chr2	65259704	87009032	2	1	1
54c00254-1b5d-4cdd-9181-716fc83c41f2	chr2	87016378	87712701	3	2	1
54c00254-1b5d-4cdd-9181-716fc83c41f2	chr2	87715913	127790274	2	1	1
54c00254-1b5d-4cdd-9181-716fc83c41f2	chr2	127791506	128246600	1	1	0
54c00254-1b5d-4cdd-9181-716fc83c41f2	chr2	128247841	160535385	2	1	1
54c00254-1b5d-4cdd-9181-716fc83c41f2	chr2	160536691	160865319	1	1	0
54c00254-1b5d-4cdd-9181-716fc83c41f2	chr2	160866368	197324179	2	1	1
54c00254-1b5d-4cdd-9181-716fc83c41f2	chr2	197325608	197754766	1	1	0
54c00254-1b5d-4cdd-9181-716fc83c41f2	chr2	197755935	202128131	2	1	1
54c00254-1b5d-4cdd-9181-716fc83c41f2	chr2	202129361	203661051	1	1	0
54c00254-1b5d-4cdd-9181-716fc83c41f2	chr2	203664105	206006867	2	1	1
54c00254-1b5d-4cdd-9181-716fc83c41f2	chr2	206007877	206389606	1	1	0
54c00254-1b5d-4cdd-9181-716fc83c41f2	chr2	206390808	242183243	2	1	1
54c00254-1b5d-4cdd-9181-716fc83c41f2	chr3	18519	9482014	2	1	1
54c00254-1b5d-4cdd-9181-716fc83c41f2	chr3	9484910	10235779	1	1	0
54c00254-1b5d-4cdd-9181-716fc83c41f2	chr3	10237012	13898269	2	1	1
54c00254-1b5d-4cdd-9181-716fc83c41f2	chr3	13901183	14110779	1	1	0
54c00254-1b5d-4cdd-9181-716fc83c41f2	chr3	14112731	27411453	2	1	1
54c00254-1b5d-4cdd-9181-716fc83c41f2	chr3	27412453	27787670	1	1	0
54c00254-1b5d-4cdd-9181-716fc83c41f2	chr3	27788888	32636135	2	1	1
54c00254-1b5d-4cdd-9181-716fc83c41f2	chr3	32637972	33108808	1	1	0
54c00254-1b5d-4cdd-9181-716fc83c41f2	chr3	33109920	57416505	2	1	1
54c00254-1b5d-4cdd-9181-716fc83c41f2	chr3	57418115	58404763	1	1	0
54c00254-1b5d-4cdd-9181-716fc83c41f2	chr3	58405838	60518527	2	1	1
54c00254-1b5d-4cdd-9181-716fc83c41f2	chr3	60519680	60573314	0	0	0
54c00254-1b5d-4cdd-9181-716fc83c41f2	chr3	60574429	90247187	2	1	1
54c00254-1b5d-4cdd-9181-716fc83c41f2	chr3	90249163	93816339	0	0	0
54c00254-1b5d-4cdd-9181-716fc83c41f2	chr3	93818446	101369512	2	1	1
54c00254-1b5d-4cdd-9181-716fc83c41f2	chr3	101371108	101787101	1	1	0
54c00254-1b5d-4cdd-9181-716fc83c41f2	chr3	101788171	109132353	2	1	1
54c00254-1b5d-4cdd-9181-716fc83c41f2	chr3	109133797	109555912	1	1	0
54c00254-1b5d-4cdd-9181-716fc83c41f2	chr3	109557498	113736797	2	1	1
54c00254-1b5d-4cdd-9181-716fc83c41f2	chr3	113739101	113950563	1	1	0
54c00254-1b5d-4cdd-9181-716fc83c41f2	chr3	113951951	126249796	2	1	1
54c00254-1b5d-4cdd-9181-716fc83c41f2	chr3	126250867	128501381	3	2	1
54c00254-1b5d-4cdd-9181-716fc83c41f2	chr3	128502885	138512421	2	1	1
54c00254-1b5d-4cdd-9181-716fc83c41f2	chr3	138513563	138920774	1	1	0
54c00254-1b5d-4cdd-9181-716fc83c41f2	chr3	138921862	141792605	2	1	1
54c00254-1b5d-4cdd-9181-716fc83c41f2	chr3	141793671	142799470	1	1	0
54c00254-1b5d-4cdd-9181-716fc83c41f2	chr3	142800606	195322390	2	1	1
54c00254-1b5d-4cdd-9181-716fc83c41f2	chr3	195323645	196924719	1	1	0
54c00254-1b5d-4cdd-9181-716fc83c41f2	chr3	196926354	198181744	2	1	1
54c00254-1b5d-4cdd-9181-716fc83c41f2	chr4	11961	10070062	2	1	1
54c00254-1b5d-4cdd-9181-716fc83c41f2	chr4	10071345	10353905	3	2	1
54c00254-1b5d-4cdd-9181-716fc83c41f2	chr4	10355285	38959828	2	1	1
54c00254-1b5d-4cdd-9181-716fc83c41f2	chr4	38960942	40783088	1	1	0
54c00254-1b5d-4cdd-9181-716fc83c41f2	chr4	40784816	49079406	2	1	1
54c00254-1b5d-4cdd-9181-716fc83c41f2	chr4	49080718	49163530	0	0	0
54c00254-1b5d-4cdd-9181-716fc83c41f2	chr4	49164608	49620457	1	1	0
54c00254-1b5d-4cdd-9181-716fc83c41f2	chr4	49621845	51814398	0	0	0
54c00254-1b5d-4cdd-9181-716fc83c41f2	chr4	51816194	56740212	2	1	1
54c00254-1b5d-4cdd-9181-716fc83c41f2	chr4	56741435	57011975	1	1	0
54c00254-1b5d-4cdd-9181-716fc83c41f2	chr4	57013039	112565613	2	1	1
54c00254-1b5d-4cdd-9181-716fc83c41f2	chr4	112566837	112839821	1	1	0
54c00254-1b5d-4cdd-9181-716fc83c41f2	chr4	112840947	138607383	2	1	1
54c00254-1b5d-4cdd-9181-716fc83c41f2	chr4	138608391	138740661	3	2	1
54c00254-1b5d-4cdd-9181-716fc83c41f2	chr4	138741807	139338743	1	1	0
54c00254-1b5d-4cdd-9181-716fc83c41f2	chr4	139340311	164544040	2	1	1
54c00254-1b5d-4cdd-9181-716fc83c41f2	chr4	164545243	165197045	1	1	0
54c00254-1b5d-4cdd-9181-716fc83c41f2	chr4	165198194	187996175	2	1	1
54c00254-1b5d-4cdd-9181-716fc83c41f2	chr4	187997196	188198644	1	1	0
54c00254-1b5d-4cdd-9181-716fc83c41f2	chr4	188199647	190016773	2	1	1
54c00254-1b5d-4cdd-9181-716fc83c41f2	chr4	190017927	190122722	3	2	1
54c00254-1b5d-4cdd-9181-716fc83c41f2	chr5	11882	848463	3	2	1
54c00254-1b5d-4cdd-9181-716fc83c41f2	chr5	849490	30828605	2	1	1
54c00254-1b5d-4cdd-9181-716fc83c41f2	chr5	30829672	31583592	3	2	1
54c00254-1b5d-4cdd-9181-716fc83c41f2	chr5	31584597	45850134	2	1	1
54c00254-1b5d-4cdd-9181-716fc83c41f2	chr5	45851383	46271673	1	1	0
54c00254-1b5d-4cdd-9181-716fc83c41f2	chr5	46272910	50294072	0	0	0
54c00254-1b5d-4cdd-9181-716fc83c41f2	chr5	50295230	50648268	1	1	0
54c00254-1b5d-4cdd-9181-716fc83c41f2	chr5	50649398	57044844	2	1	1
54c00254-1b5d-4cdd-9181-716fc83c41f2	chr5	57045919	57270882	1	1	0
54c00254-1b5d-4cdd-9181-716fc83c41f2	chr5	57272313	69041131	2	1	1
54c00254-1b5d-4cdd-9181-716fc83c41f2	chr5	69042157	71168455	1	1	0
54c00254-1b5d-4cdd-9181-716fc83c41f2	chr5	71175636	79146528	2	1	1
54c00254-1b5d-4cdd-9181-716fc83c41f2	chr5	79147912	79231585	0	0	0
54c00254-1b5d-4cdd-9181-716fc83c41f2	chr5	79235514	126524594	2	1	1
54c00254-1b5d-4cdd-9181-716fc83c41f2	chr5	126525708	126804658	1	1	0
54c00254-1b5d-4cdd-9181-716fc83c41f2	chr5	126806483	130558246	2	1	1
54c00254-1b5d-4cdd-9181-716fc83c41f2	chr5	130560174	131362781	1	1	0
54c00254-1b5d-4cdd-9181-716fc83c41f2	chr5	131369263	133185352	2	1	1
54c00254-1b5d-4cdd-9181-716fc83c41f2	chr5	133186429	133988867	3	2	1
54c00254-1b5d-4cdd-9181-716fc83c41f2	chr5	133990090	134909849	1	1	0
54c00254-1b5d-4cdd-9181-716fc83c41f2	chr5	134910975	137800295	2	1	1
54c00254-1b5d-4cdd-9181-716fc83c41f2	chr5	137804608	139637363	1	1	0
54c00254-1b5d-4cdd-9181-716fc83c41f2	chr5	139640337	160027622	2	1	1
54c00254-1b5d-4cdd-9181-716fc83c41f2	chr5	160030376	160342837	1	1	0
54c00254-1b5d-4cdd-9181-716fc83c41f2	chr5	160343893	173431650	2	1	1
54c00254-1b5d-4cdd-9181-716fc83c41f2	chr5	173432794	173784880	3	2	1
54c00254-1b5d-4cdd-9181-716fc83c41f2	chr5	173786309	174691201	2	1	1
54c00254-1b5d-4cdd-9181-716fc83c41f2	chr5	174693128	174757347	0	0	0
54c00254-1b5d-4cdd-9181-716fc83c41f2	chr5	174758673	174769416	1	1	0
54c00254-1b5d-4cdd-9181-716fc83c41f2	chr5	174771300	181363900	2	1	1
54c00254-1b5d-4cdd-9181-716fc83c41f2	chr6	100116	14807466	2	1	1
54c00254-1b5d-4cdd-9181-716fc83c41f2	chr6	14808580	15237448	1	1	0
54c00254-1b5d-4cdd-9181-716fc83c41f2	chr6	15238458	17012439	2	1	1
54c00254-1b5d-4cdd-9181-716fc83c41f2	chr6	17014248	18378276	1	1	0
54c00254-1b5d-4cdd-9181-716fc83c41f2	chr6	18379707	21518142	2	1	1
54c00254-1b5d-4cdd-9181-716fc83c41f2	chr6	21521311	21817847	1	1	0
54c00254-1b5d-4cdd-9181-716fc83c41f2	chr6	21818985	38415010	2	1	1
54c00254-1b5d-4cdd-9181-716fc83c41f2	chr6	38416234	39909600	3	2	1
54c00254-1b5d-4cdd-9181-716fc83c41f2	chr6	39911327	39971761	1	1	0
54c00254-1b5d-4cdd-9181-716fc83c41f2	chr6	39972925	42458160	3	2	1
54c00254-1b5d-4cdd-9181-716fc83c41f2	chr6	42459303	43690315	2	1	1
54c00254-1b5d-4cdd-9181-716fc83c41f2	chr6	43691366	44062274	3	2	1
54c00254-1b5d-4cdd-9181-716fc83c41f2	chr6	44063346	73200155	2	1	1
54c00254-1b5d-4cdd-9181-716fc83c41f2	chr6	73201749	73680050	1	1	0
54c00254-1b5d-4cdd-9181-716fc83c41f2	chr6	73681440	106829569	2	1	1
54c00254-1b5d-4cdd-9181-716fc83c41f2	chr6	106831164	107409438	1	1	0
54c00254-1b5d-4cdd-9181-716fc83c41f2	chr6	107410687	107887312	2	1	1
54c00254-1b5d-4cdd-9181-716fc83c41f2	chr6	107889233	108428761	1	1	0
54c00254-1b5d-4cdd-9181-716fc83c41f2	chr6	108430077	154893699	2	1	1
54c00254-1b5d-4cdd-9181-716fc83c41f2	chr6	154894938	155193978	1	1	0
54c00254-1b5d-4cdd-9181-716fc83c41f2	chr6	155194989	170740469	2	1	1
54c00254-1b5d-4cdd-9181-716fc83c41f2	chr7	20608	4284449	2	1	1
54c00254-1b5d-4cdd-9181-716fc83c41f2	chr7	4286234	7053602	1	1	0
54c00254-1b5d-4cdd-9181-716fc83c41f2	chr7	7054754	23019280	2	1	1
54c00254-1b5d-4cdd-9181-716fc83c41f2	chr7	23020295	24113298	1	1	0
54c00254-1b5d-4cdd-9181-716fc83c41f2	chr7	24115166	39573742	2	1	1
54c00254-1b5d-4cdd-9181-716fc83c41f2	chr7	39574764	40449770	1	1	0
54c00254-1b5d-4cdd-9181-716fc83c41f2	chr7	40450907	55630472	2	1	1
54c00254-1b5d-4cdd-9181-716fc83c41f2	chr7	55631605	57127941	1	1	0
54c00254-1b5d-4cdd-9181-716fc83c41f2	chr7	57129017	57882743	2	1	1
54c00254-1b5d-4cdd-9181-716fc83c41f2	chr7	57883874	63025201	0	0	0
54c00254-1b5d-4cdd-9181-716fc83c41f2	chr7	63026400	69594467	1	1	0
54c00254-1b5d-4cdd-9181-716fc83c41f2	chr7	69596712	70791209	2	1	1
54c00254-1b5d-4cdd-9181-716fc83c41f2	chr7	70793296	76435807	1	1	0
54c00254-1b5d-4cdd-9181-716fc83c41f2	chr7	76436949	77600036	2	1	1
54c00254-1b5d-4cdd-9181-716fc83c41f2	chr7	77604510	77742512	1	1	0
54c00254-1b5d-4cdd-9181-716fc83c41f2	chr7	77743589	80959439	2	1	1
54c00254-1b5d-4cdd-9181-716fc83c41f2	chr7	80961044	81129923	1	1	0
54c00254-1b5d-4cdd-9181-716fc83c41f2	chr7	81131225	97033208	2	1	1
54c00254-1b5d-4cdd-9181-716fc83c41f2	chr7	97034319	103487173	1	1	0
54c00254-1b5d-4cdd-9181-716fc83c41f2	chr7	103488377	105336210	2	1	1
54c00254-1b5d-4cdd-9181-716fc83c41f2	chr7	105337563	105576591	1	1	0
54c00254-1b5d-4cdd-9181-716fc83c41f2	chr7	105578786	138019606	2	1	1
54c00254-1b5d-4cdd-9181-716fc83c41f2	chr7	138021675	139531110	1	1	0
54c00254-1b5d-4cdd-9181-716fc83c41f2	chr7	139532676	151943391	2	1	1
54c00254-1b5d-4cdd-9181-716fc83c41f2	chr7	151944411	153318462	1	1	0
54c00254-1b5d-4cdd-9181-716fc83c41f2	chr7	153319689	159334386	2	1	1
54c00254-1b5d-4cdd-9181-716fc83c41f2	chr8	61774	2161407	2	1	1
54c00254-1b5d-4cdd-9181-716fc83c41f2	chr8	2162443	2215736	0	0	0
54c00254-1b5d-4cdd-9181-716fc83c41f2	chr8	2216912	12182393	2	1	1
54c00254-1b5d-4cdd-9181-716fc83c41f2	chr8	12185342	12611600	1	1	0
54c00254-1b5d-4cdd-9181-716fc83c41f2	chr8	12612630	43649888	2	1	1
54c00254-1b5d-4cdd-9181-716fc83c41f2	chr8	43651013	46018565	1	1	0
54c00254-1b5d-4cdd-9181-716fc83c41f2	chr8	46020165	69819920	2	1	1
54c00254-1b5d-4cdd-9181-716fc83c41f2	chr8	69821818	70883334	1	1	0
54c00254-1b5d-4cdd-9181-716fc83c41f2	chr8	70884778	141187898	2	1	1
54c00254-1b5d-4cdd-9181-716fc83c41f2	chr8	141189301	142838755	3	2	1
54c00254-1b5d-4cdd-9181-716fc83c41f2	chr8	142839764	145078402	2	1	1
54c00254-1b5d-4cdd-9181-716fc83c41f2	chr9	10469	6322482	2	1	1
54c00254-1b5d-4cdd-9181-716fc83c41f2	chr9	6324376	6871405	1	1	0
54c00254-1b5d-4cdd-9181-716fc83c41f2	chr9	6872534	18992887	2	1	1
54c00254-1b5d-4cdd-9181-716fc83c41f2	chr9	18993914	19321852	1	1	0
54c00254-1b5d-4cdd-9181-716fc83c41f2	chr9	19322933	33957671	2	1	1
54c00254-1b5d-4cdd-9181-716fc83c41f2	chr9	33960154	34316045	1	1	0
54c00254-1b5d-4cdd-9181-716fc83c41f2	chr9	34317369	38925303	2	1	1
54c00254-1b5d-4cdd-9181-716fc83c41f2	chr9	38933059	40765627	1	1	0
54c00254-1b5d-4cdd-9181-716fc83c41f2	chr9	40781039	40921758	0	0	0
54c00254-1b5d-4cdd-9181-716fc83c41f2	chr9	40922869	43070419	2	1	1
54c00254-1b5d-4cdd-9181-716fc83c41f2	chr9	60839871	67819965	1	1	0
54c00254-1b5d-4cdd-9181-716fc83c41f2	chr9	67823458	85706943	2	1	1
54c00254-1b5d-4cdd-9181-716fc83c41f2	chr9	85709301	86234647	1	1	0
54c00254-1b5d-4cdd-9181-716fc83c41f2	chr9	86235779	92972375	2	1	1
54c00254-1b5d-4cdd-9181-716fc83c41f2	chr9	92973982	93131771	2	2	0
54c00254-1b5d-4cdd-9181-716fc83c41f2	chr9	93133129	138163972	2	1	1
54c00254-1b5d-4cdd-9181-716fc83c41f2	chr9	138165190	138256233	2	2	0
54c00254-1b5d-4cdd-9181-716fc83c41f2	chr10	15029	451178	2	1	1
54c00254-1b5d-4cdd-9181-716fc83c41f2	chr10	452398	506415	0	0	0
54c00254-1b5d-4cdd-9181-716fc83c41f2	chr10	507467	10952196	2	1	1
54c00254-1b5d-4cdd-9181-716fc83c41f2	chr10	10953668	11629269	3	2	1
54c00254-1b5d-4cdd-9181-716fc83c41f2	chr10	11630322	13472509	1	1	0
54c00254-1b5d-4cdd-9181-716fc83c41f2	chr10	13473916	34644136	2	1	1
54c00254-1b5d-4cdd-9181-716fc83c41f2	chr10	34645990	35323582	1	1	0
54c00254-1b5d-4cdd-9181-716fc83c41f2	chr10	35328794	38480879	2	1	1
54c00254-1b5d-4cdd-9181-716fc83c41f2	chr10	38482320	38594775	0	0	0
54c00254-1b5d-4cdd-9181-716fc83c41f2	chr10	38596620	38785962	1	1	0
54c00254-1b5d-4cdd-9181-716fc83c41f2	chr10	38787062	42171190	0	0	0
54c00254-1b5d-4cdd-9181-716fc83c41f2	chr10	42172564	48182406	2	1	1
54c00254-1b5d-4cdd-9181-716fc83c41f2	chr10	48184064	49409717	3	2	1
54c00254-1b5d-4cdd-9181-716fc83c41f2	chr10	49410787	67489095	2	1	1
54c00254-1b5d-4cdd-9181-716fc83c41f2	chr10	67490572	69351278	1	1	0
54c00254-1b5d-4cdd-9181-716fc83c41f2	chr10	69352355	70739085	2	1	1
54c00254-1b5d-4cdd-9181-716fc83c41f2	chr10	70740752	71840398	3	2	1
54c00254-1b5d-4cdd-9181-716fc83c41f2	chr10	71841488	75351456	1	1	0
54c00254-1b5d-4cdd-9181-716fc83c41f2	chr10	75352542	91906059	2	1	1
54c00254-1b5d-4cdd-9181-716fc83c41f2	chr10	91908353	92733982	1	1	0
54c00254-1b5d-4cdd-9181-716fc83c41f2	chr10	92735360	94471412	2	1	1
54c00254-1b5d-4cdd-9181-716fc83c41f2	chr10	94475968	95194541	1	1	0
54c00254-1b5d-4cdd-9181-716fc83c41f2	chr10	95196239	97206728	2	1	1
54c00254-1b5d-4cdd-9181-716fc83c41f2	chr10	97207839	97334326	1	1	0
54c00254-1b5d-4cdd-9181-716fc83c41f2	chr10	97335451	118930628	2	1	1
54c00254-1b5d-4cdd-9181-716fc83c41f2	chr10	118932302	119205829	1	1	0
54c00254-1b5d-4cdd-9181-716fc83c41f2	chr10	119207240	121897736	2	1	1
54c00254-1b5d-4cdd-9181-716fc83c41f2	chr10	121899080	122179612	1	1	0
54c00254-1b5d-4cdd-9181-716fc83c41f2	chr10	122180680	129499261	2	1	1
54c00254-1b5d-4cdd-9181-716fc83c41f2	chr10	129500323	129550290	1	1	0
54c00254-1b5d-4cdd-9181-716fc83c41f2	chr10	129551723	133787009	2	1	1
54c00254-1b5d-4cdd-9181-716fc83c41f2	chr11	87268	9156874	2	1	1
54c00254-1b5d-4cdd-9181-716fc83c41f2	chr11	9158701	9681037	1	1	0
54c00254-1b5d-4cdd-9181-716fc83c41f2	chr11	9682245	13432590	2	1	1
54c00254-1b5d-4cdd-9181-716fc83c41f2	chr11	13433636	13649832	1	1	0
54c00254-1b5d-4cdd-9181-716fc83c41f2	chr11	13651677	14835445	2	1	1
54c00254-1b5d-4cdd-9181-716fc83c41f2	chr11	14838021	16452470	3	2	1
54c00254-1b5d-4cdd-9181-716fc83c41f2	chr11	16454184	32495667	2	1	1
54c00254-1b5d-4cdd-9181-716fc83c41f2	chr11	32496775	33324342	1	1	0
54c00254-1b5d-4cdd-9181-716fc83c41f2	chr11	33325896	46142606	2	1	1
54c00254-1b5d-4cdd-9181-716fc83c41f2	chr11	46144147	48935377	1	1	0
54c00254-1b5d-4cdd-9181-716fc83c41f2	chr11	48936608	49994188	2	1	1
54c00254-1b5d-4cdd-9181-716fc83c41f2	chr11	49995590	55253711	1	1	0
54c00254-1b5d-4cdd-9181-716fc83c41f2	chr11	55254820	61974505	2	1	1
54c00254-1b5d-4cdd-9181-716fc83c41f2	chr11	61975573	64007125	1	1	0
54c00254-1b5d-4cdd-9181-716fc83c41f2	chr11	64008793	77474434	2	1	1
54c00254-1b5d-4cdd-9181-716fc83c41f2	chr11	77476618	78177698	1	1	0
54c00254-1b5d-4cdd-9181-716fc83c41f2	chr11	78179061	107696991	2	1	1
54c00254-1b5d-4cdd-9181-716fc83c41f2	chr11	107698155	108538715	1	1	0
54c00254-1b5d-4cdd-9181-716fc83c41f2	chr11	108539769	117007881	2	1	1
54c00254-1b5d-4cdd-9181-716fc83c41f2	chr11	117008960	117412026	1	1	0
54c00254-1b5d-4cdd-9181-716fc83c41f2	chr11	117413092	135076424	2	1	1
54c00254-1b5d-4cdd-9181-716fc83c41f2	chr12	11065	1787613	2	1	1
54c00254-1b5d-4cdd-9181-716fc83c41f2	chr12	1788686	2777780	3	2	1
54c00254-1b5d-4cdd-9181-716fc83c41f2	chr12	2778897	19267130	2	1	1
54c00254-1b5d-4cdd-9181-716fc83c41f2	chr12	19268322	19591337	1	1	0
54c00254-1b5d-4cdd-9181-716fc83c41f2	chr12	19592400	31311729	2	1	1
54c00254-1b5d-4cdd-9181-716fc83c41f2	chr12	31313679	39779091	1	1	0
54c00254-1b5d-4cdd-9181-716fc83c41f2	chr12	39780360	48186447	2	1	1
54c00254-1b5d-4cdd-9181-716fc83c41f2	chr12	48188216	51377256	1	1	0
54c00254-1b5d-4cdd-9181-716fc83c41f2	chr12	51378498	60678864	2	1	1
54c00254-1b5d-4cdd-9181-716fc83c41f2	chr12	60680236	60838081	1	1	0
54c00254-1b5d-4cdd-9181-716fc83c41f2	chr12	60840196	94082418	2	1	1
54c00254-1b5d-4cdd-9181-716fc83c41f2	chr12	94083638	94309161	3	2	1
54c00254-1b5d-4cdd-9181-716fc83c41f2	chr12	94313682	101298144	2	1	1
54c00254-1b5d-4cdd-9181-716fc83c41f2	chr12	101299188	101932163	1	1	0
54c00254-1b5d-4cdd-9181-716fc83c41f2	chr12	101933391	104158934	2	1	1
54c00254-1b5d-4cdd-9181-716fc83c41f2	chr12	104160036	104338461	1	1	0
54c00254-1b5d-4cdd-9181-716fc83c41f2	chr12	104339567	114508483	2	1	1
54c00254-1b5d-4cdd-9181-716fc83c41f2	chr12	114509570	114861970	1	1	0
54c00254-1b5d-4cdd-9181-716fc83c41f2	chr12	114862986	116341999	2	1	1
54c00254-1b5d-4cdd-9181-716fc83c41f2	chr12	116343254	116501534	1	1	0
54c00254-1b5d-4cdd-9181-716fc83c41f2	chr12	116502910	119814234	2	1	1
54c00254-1b5d-4cdd-9181-716fc83c41f2	chr12	119815649	123857634	1	1	0
54c00254-1b5d-4cdd-9181-716fc83c41f2	chr12	123858894	133264676	2	1	1
54c00254-1b5d-4cdd-9181-716fc83c41f2	chr13	18445955	40673889	2	1	1
54c00254-1b5d-4cdd-9181-716fc83c41f2	chr13	40674903	40881799	1	1	0
54c00254-1b5d-4cdd-9181-716fc83c41f2	chr13	40883157	52013609	2	1	1
54c00254-1b5d-4cdd-9181-716fc83c41f2	chr13	52015400	52629254	1	1	0
54c00254-1b5d-4cdd-9181-716fc83c41f2	chr13	52630256	72889723	2	1	1
54c00254-1b5d-4cdd-9181-716fc83c41f2	chr13	72891077	73196172	1	1	0
54c00254-1b5d-4cdd-9181-716fc83c41f2	chr13	73197520	95256171	2	1	1
54c00254-1b5d-4cdd-9181-716fc83c41f2	chr13	95257407	95507306	1	1	0
54c00254-1b5d-4cdd-9181-716fc83c41f2	chr13	95508387	100001871	2	1	1
54c00254-1b5d-4cdd-9181-716fc83c41f2	chr13	100003178	100118645	0	0	0
54c00254-1b5d-4cdd-9181-716fc83c41f2	chr13	100120866	114343123	2	1	1
54c00254-1b5d-4cdd-9181-716fc83c41f2	chr14	18223583	18698526	1	1	0
54c00254-1b5d-4cdd-9181-716fc83c41f2	chr14	18699561	19956767	2	2	0
54c00254-1b5d-4cdd-9181-716fc83c41f2	chr14	19958239	30809582	2	1	1
54c00254-1b5d-4cdd-9181-716fc83c41f2	chr14	30811067	31654815	1	1	0
54c00254-1b5d-4cdd-9181-716fc83c41f2	chr14	31657330	34293536	2	1	1
54c00254-1b5d-4cdd-9181-716fc83c41f2	chr14	34295899	35872092	1	1	0
54c00254-1b5d-4cdd-9181-716fc83c41f2	chr14	35873282	38883352	2	1	1
54c00254-1b5d-4cdd-9181-716fc83c41f2	chr14	38884629	39667858	1	1	0
54c00254-1b5d-4cdd-9181-716fc83c41f2	chr14	39668923	49536290	2	1	1
54c00254-1b5d-4cdd-9181-716fc83c41f2	chr14	49537456	50411136	1	1	0
54c00254-1b5d-4cdd-9181-716fc83c41f2	chr14	50413045	72900393	2	1	1
54c00254-1b5d-4cdd-9181-716fc83c41f2	chr14	72901484	74393511	1	1	0
54c00254-1b5d-4cdd-9181-716fc83c41f2	chr14	74395307	77378249	2	1	1
54c00254-1b5d-4cdd-9181-716fc83c41f2	chr14	77380181	77830374	1	1	0
54c00254-1b5d-4cdd-9181-716fc83c41f2	chr14	77832178	93100455	2	1	1
54c00254-1b5d-4cdd-9181-716fc83c41f2	chr14	93101472	93320322	1	1	0
54c00254-1b5d-4cdd-9181-716fc83c41f2	chr14	93321547	101984757	2	1	1
54c00254-1b5d-4cdd-9181-716fc83c41f2	chr14	101986993	102712370	1	1	0
54c00254-1b5d-4cdd-9181-716fc83c41f2	chr14	102719098	106880670	2	1	1
54c00254-1b5d-4cdd-9181-716fc83c41f2	chr15	19795285	23393064	1	1	0
54c00254-1b5d-4cdd-9181-716fc83c41f2	chr15	23394984	40480988	2	1	1
54c00254-1b5d-4cdd-9181-716fc83c41f2	chr15	40482245	41649271	1	1	0
54c00254-1b5d-4cdd-9181-716fc83c41f2	chr15	41651313	68996242	2	1	1
54c00254-1b5d-4cdd-9181-716fc83c41f2	chr15	68997741	70329144	3	2	1
54c00254-1b5d-4cdd-9181-716fc83c41f2	chr15	70331201	75478762	2	1	1
54c00254-1b5d-4cdd-9181-716fc83c41f2	chr15	75481842	75626854	1	1	0
54c00254-1b5d-4cdd-9181-716fc83c41f2	chr15	75628738	92699506	2	1	1
54c00254-1b5d-4cdd-9181-716fc83c41f2	chr15	92700562	92846680	1	1	0
54c00254-1b5d-4cdd-9181-716fc83c41f2	chr15	92848256	101980591	2	1	1
54c00254-1b5d-4cdd-9181-716fc83c41f2	chr16	10291	10261343	2	1	1
54c00254-1b5d-4cdd-9181-716fc83c41f2	chr16	10262359	10481967	1	1	0
54c00254-1b5d-4cdd-9181-716fc83c41f2	chr16	10483438	14286858	2	1	1
54c00254-1b5d-4cdd-9181-716fc83c41f2	chr16	14288790	16777698	1	1	0
54c00254-1b5d-4cdd-9181-716fc83c41f2	chr16	16778871	36045725	2	1	1
54c00254-1b5d-4cdd-9181-716fc83c41f2	chr16	46380940	46409192	0	0	0
54c00254-1b5d-4cdd-9181-716fc83c41f2	chr16	46411236	58553260	2	1	1
54c00254-1b5d-4cdd-9181-716fc83c41f2	chr16	58554820	58802039	1	1	0
54c00254-1b5d-4cdd-9181-716fc83c41f2	chr16	58803080	66429157	2	1	1
54c00254-1b5d-4cdd-9181-716fc83c41f2	chr16	66430776	70668784	1	1	0
54c00254-1b5d-4cdd-9181-716fc83c41f2	chr16	70669873	71490640	2	1	1
54c00254-1b5d-4cdd-9181-716fc83c41f2	chr16	71492188	72046506	1	1	0
54c00254-1b5d-4cdd-9181-716fc83c41f2	chr16	72048755	74280381	2	1	1
54c00254-1b5d-4cdd-9181-716fc83c41f2	chr16	74283262	75890145	1	1	0
54c00254-1b5d-4cdd-9181-716fc83c41f2	chr16	75893567	80852891	2	1	1
54c00254-1b5d-4cdd-9181-716fc83c41f2	chr16	80854067	81309270	1	1	0
54c00254-1b5d-4cdd-9181-716fc83c41f2	chr16	81310711	90226358	2	1	1
54c00254-1b5d-4cdd-9181-716fc83c41f2	chr17	151035	29205496	2	1	1
54c00254-1b5d-4cdd-9181-716fc83c41f2	chr17	29207547	32568284	1	1	0
54c00254-1b5d-4cdd-9181-716fc83c41f2	chr17	32569437	46087217	2	1	1
54c00254-1b5d-4cdd-9181-716fc83c41f2	chr17	46088228	46691231	1	1	0
54c00254-1b5d-4cdd-9181-716fc83c41f2	chr17	46696417	58550237	2	1	1
54c00254-1b5d-4cdd-9181-716fc83c41f2	chr17	58551240	59331211	1	1	0
54c00254-1b5d-4cdd-9181-716fc83c41f2	chr17	59333280	67168314	2	1	1
54c00254-1b5d-4cdd-9181-716fc83c41f2	chr17	67170943	68121432	1	1	0
54c00254-1b5d-4cdd-9181-716fc83c41f2	chr17	68123155	83237603	2	1	1
54c00254-1b5d-4cdd-9181-716fc83c41f2	chr18	16444	15350153	2	1	1
54c00254-1b5d-4cdd-9181-716fc83c41f2	chr18	15352036	15410360	0	0	0
54c00254-1b5d-4cdd-9181-716fc83c41f2	chr18	20931967	21766741	1	1	0
54c00254-1b5d-4cdd-9181-716fc83c41f2	chr18	21771383	57583919	2	1	1
54c00254-1b5d-4cdd-9181-716fc83c41f2	chr18	57585381	57779665	1	1	0
54c00254-1b5d-4cdd-9181-716fc83c41f2	chr18	57781150	80259190	2	1	1
54c00254-1b5d-4cdd-9181-716fc83c41f2	chr19	157892	18195014	1	1	0
54c00254-1b5d-4cdd-9181-716fc83c41f2	chr19	18196180	18930214	2	1	1
54c00254-1b5d-4cdd-9181-716fc83c41f2	chr19	18931799	24208302	1	1	0
54c00254-1b5d-4cdd-9181-716fc83c41f2	chr19	24209463	27611321	0	0	0
54c00254-1b5d-4cdd-9181-716fc83c41f2	chr19	27612385	32519152	2	1	1
54c00254-1b5d-4cdd-9181-716fc83c41f2	chr19	32520554	33133214	1	1	0
54c00254-1b5d-4cdd-9181-716fc83c41f2	chr19	33134393	52140271	2	1	1
54c00254-1b5d-4cdd-9181-716fc83c41f2	chr19	52141753	54080896	1	1	0
54c00254-1b5d-4cdd-9181-716fc83c41f2	chr19	54082762	54818446	2	1	1
54c00254-1b5d-4cdd-9181-716fc83c41f2	chr19	54821641	55086001	1	1	0
54c00254-1b5d-4cdd-9181-716fc83c41f2	chr19	55087356	55679069	2	1	1
54c00254-1b5d-4cdd-9181-716fc83c41f2	chr19	55680141	56072511	1	1	0
54c00254-1b5d-4cdd-9181-716fc83c41f2	chr19	56073716	58607412	2	1	1
54c00254-1b5d-4cdd-9181-716fc83c41f2	chr20	80457	5704933	2	1	1
54c00254-1b5d-4cdd-9181-716fc83c41f2	chr20	5707164	5830581	1	1	0
54c00254-1b5d-4cdd-9181-716fc83c41f2	chr20	5831736	46003728	2	1	1
54c00254-1b5d-4cdd-9181-716fc83c41f2	chr20	46005037	47062677	3	2	1
54c00254-1b5d-4cdd-9181-716fc83c41f2	chr20	47064071	50218524	2	1	1
54c00254-1b5d-4cdd-9181-716fc83c41f2	chr20	50219711	50446195	3	2	1
54c00254-1b5d-4cdd-9181-716fc83c41f2	chr20	50447293	51647258	2	1	1
54c00254-1b5d-4cdd-9181-716fc83c41f2	chr20	51648340	52233215	1	1	0
54c00254-1b5d-4cdd-9181-716fc83c41f2	chr20	52235384	53635074	2	1	1
54c00254-1b5d-4cdd-9181-716fc83c41f2	chr20	53637040	53808459	1	1	0
54c00254-1b5d-4cdd-9181-716fc83c41f2	chr20	53809500	57018336	2	1	1
54c00254-1b5d-4cdd-9181-716fc83c41f2	chr20	57019400	62285860	3	2	1
54c00254-1b5d-4cdd-9181-716fc83c41f2	chr20	62287334	62334918	0	0	0
54c00254-1b5d-4cdd-9181-716fc83c41f2	chr20	62336902	64331516	2	1	1
54c00254-1b5d-4cdd-9181-716fc83c41f2	chr21	7762688	10652318	1	1	0
54c00254-1b5d-4cdd-9181-716fc83c41f2	chr21	10654701	13033482	0	0	0
54c00254-1b5d-4cdd-9181-716fc83c41f2	chr21	13034950	17109351	2	1	1
54c00254-1b5d-4cdd-9181-716fc83c41f2	chr21	17111224	17769800	1	1	0
54c00254-1b5d-4cdd-9181-716fc83c41f2	chr21	17770827	41679425	2	1	1
54c00254-1b5d-4cdd-9181-716fc83c41f2	chr21	41680558	42585053	3	2	1
54c00254-1b5d-4cdd-9181-716fc83c41f2	chr21	42586097	44367367	2	1	1
54c00254-1b5d-4cdd-9181-716fc83c41f2	chr21	44369568	44434170	0	0	0
54c00254-1b5d-4cdd-9181-716fc83c41f2	chr21	44435361	46699722	2	1	1
54c00254-1b5d-4cdd-9181-716fc83c41f2	chr22	15284540	17768860	1	1	0
54c00254-1b5d-4cdd-9181-716fc83c41f2	chr22	17771240	20093274	2	1	1
54c00254-1b5d-4cdd-9181-716fc83c41f2	chr22	20094329	20352579	3	2	1
54c00254-1b5d-4cdd-9181-716fc83c41f2	chr22	20354351	24712800	2	1	1
54c00254-1b5d-4cdd-9181-716fc83c41f2	chr22	24713953	25014299	1	1	0
54c00254-1b5d-4cdd-9181-716fc83c41f2	chr22	25015453	36160720	2	1	1
54c00254-1b5d-4cdd-9181-716fc83c41f2	chr22	36161893	36372550	3	2	1
54c00254-1b5d-4cdd-9181-716fc83c41f2	chr22	36373640	36687449	2	1	1
54c00254-1b5d-4cdd-9181-716fc83c41f2	chr22	36688788	37516590	3	2	1
54c00254-1b5d-4cdd-9181-716fc83c41f2	chr22	37517590	50802392	2	1	1
54c00254-1b5d-4cdd-9181-716fc83c41f2	chrX	2781514	23398829	2	1	1
54c00254-1b5d-4cdd-9181-716fc83c41f2	chrX	23400845	24216257	1	1	0
54c00254-1b5d-4cdd-9181-716fc83c41f2	chrX	24218448	41221409	2	1	1
54c00254-1b5d-4cdd-9181-716fc83c41f2	chrX	41222586	41469263	1	1	0
54c00254-1b5d-4cdd-9181-716fc83c41f2	chrX	41470313	44221143	2	1	1
54c00254-1b5d-4cdd-9181-716fc83c41f2	chrX	44222474	44941499	1	1	0
54c00254-1b5d-4cdd-9181-716fc83c41f2	chrX	44943168	47293430	2	1	1
54c00254-1b5d-4cdd-9181-716fc83c41f2	chrX	47294726	47493595	1	1	0
54c00254-1b5d-4cdd-9181-716fc83c41f2	chrX	47496999	53869988	2	1	1
54c00254-1b5d-4cdd-9181-716fc83c41f2	chrX	53870991	58416912	1	1	0
54c00254-1b5d-4cdd-9181-716fc83c41f2	chrX	58419218	62804989	0	0	0
54c00254-1b5d-4cdd-9181-716fc83c41f2	chrX	62806770	70700612	2	1	1
54c00254-1b5d-4cdd-9181-716fc83c41f2	chrX	70701721	71043934	1	1	0
54c00254-1b5d-4cdd-9181-716fc83c41f2	chrX	71045392	74639566	2	1	1
54c00254-1b5d-4cdd-9181-716fc83c41f2	chrX	74642707	76999944	1	1	0
54c00254-1b5d-4cdd-9181-716fc83c41f2	chrX	77001599	155699751	2	1	1
