GDC_Aliquot	Chromosome	Start	End	Num_Probes	Segment_Mean
330bcf69-6a65-46f2-8a96-88f2f41732a4	1	62920	16542868	8636	0.0128
330bcf69-6a65-46f2-8a96-88f2f41732a4	1	16544783	16689764	36	-0.34
330bcf69-6a65-46f2-8a96-88f2f41732a4	1	16718963	16721984	6	-1.2302
330bcf69-6a65-46f2-8a96-88f2f41732a4	1	16766762	16935737	68	-0.2502
330bcf69-6a65-46f2-8a96-88f2f41732a4	1	16935752	72303233	33996	0.0067
330bcf69-6a65-46f2-8a96-88f2f41732a4	1	72303253	72345465	45	1.2256
330bcf69-6a65-46f2-8a96-88f2f41732a4	1	72346221	75585159	1930	-0.0004
330bcf69-6a65-46f2-8a96-88f2f41732a4	1	75589078	75589169	2	-2.3783
330bcf69-6a65-46f2-8a96-88f2f41732a4	1	75593824	105470754	18987	0.0062
330bcf69-6a65-46f2-8a96-88f2f41732a4	1	105476583	105479753	17	1.2023
330bcf69-6a65-46f2-8a96-88f2f41732a4	1	105481433	112147704	4591	0.0096
330bcf69-6a65-46f2-8a96-88f2f41732a4	1	112153343	112154591	22	0.7085
330bcf69-6a65-46f2-8a96-88f2f41732a4	1	112154619	152583051	7599	0.0151
330bcf69-6a65-46f2-8a96-88f2f41732a4	1	152583230	152614118	35	-1.7919
330bcf69-6a65-46f2-8a96-88f2f41732a4	1	152618018	152675685	69	0.0092
330bcf69-6a65-46f2-8a96-88f2f41732a4	1	152676638	152687598	10	0.6655
330bcf69-6a65-46f2-8a96-88f2f41732a4	1	152687773	152787202	88	-0.0461
330bcf69-6a65-46f2-8a96-88f2f41732a4	1	152789447	152796224	37	-0.4158
330bcf69-6a65-46f2-8a96-88f2f41732a4	1	152801429	155210675	1343	-0.0013
330bcf69-6a65-46f2-8a96-88f2f41732a4	1	155219369	155231273	11	1.4592
330bcf69-6a65-46f2-8a96-88f2f41732a4	1	155241876	199142235	29504	0.0107
330bcf69-6a65-46f2-8a96-88f2f41732a4	1	199142298	199144712	8	-1.9508
330bcf69-6a65-46f2-8a96-88f2f41732a4	1	199145110	229205948	20128	0.0068
330bcf69-6a65-46f2-8a96-88f2f41732a4	1	229207110	229221145	14	-0.7957
330bcf69-6a65-46f2-8a96-88f2f41732a4	1	229221179	231794210	1816	0.0117
330bcf69-6a65-46f2-8a96-88f2f41732a4	1	231800457	231801734	2	-2.0425
330bcf69-6a65-46f2-8a96-88f2f41732a4	1	231802753	234539056	2297	0.005
330bcf69-6a65-46f2-8a96-88f2f41732a4	1	234541805	234544260	4	-1.0369
330bcf69-6a65-46f2-8a96-88f2f41732a4	1	234550433	240228440	4281	0.003
330bcf69-6a65-46f2-8a96-88f2f41732a4	1	240230715	240230824	5	-2.2408
330bcf69-6a65-46f2-8a96-88f2f41732a4	1	240230839	248930189	5855	0.0175
330bcf69-6a65-46f2-8a96-88f2f41732a4	2	12784	52527423	37105	0.0079
330bcf69-6a65-46f2-8a96-88f2f41732a4	2	52527590	52531615	4	-1.2031
330bcf69-6a65-46f2-8a96-88f2f41732a4	2	52531630	52554404	32	0.8131
330bcf69-6a65-46f2-8a96-88f2f41732a4	2	52560811	89044490	22698	0.0063
330bcf69-6a65-46f2-8a96-88f2f41732a4	2	89055939	89055950	2	-2.1913
330bcf69-6a65-46f2-8a96-88f2f41732a4	2	89058542	89100474	8	0.0392
330bcf69-6a65-46f2-8a96-88f2f41732a4	2	89102934	89119438	5	-1.298
330bcf69-6a65-46f2-8a96-88f2f41732a4	2	89128611	146104517	30490	0.003
330bcf69-6a65-46f2-8a96-88f2f41732a4	2	146106836	146109366	24	0.9245
330bcf69-6a65-46f2-8a96-88f2f41732a4	2	146120238	172119281	15654	0.0024
330bcf69-6a65-46f2-8a96-88f2f41732a4	2	172119631	172121848	2	-2.7911
330bcf69-6a65-46f2-8a96-88f2f41732a4	2	172127288	191411466	11865	0.0101
330bcf69-6a65-46f2-8a96-88f2f41732a4	2	191412645	191414330	4	-1.8662
330bcf69-6a65-46f2-8a96-88f2f41732a4	2	191414819	202425290	6221	0.0091
330bcf69-6a65-46f2-8a96-88f2f41732a4	2	202425310	202446990	43	-0.6732
330bcf69-6a65-46f2-8a96-88f2f41732a4	2	202447298	242147305	25195	0.0042
330bcf69-6a65-46f2-8a96-88f2f41732a4	3	20930	31777100	23702	0.0047
330bcf69-6a65-46f2-8a96-88f2f41732a4	3	31777399	31782855	2	-2.0157
330bcf69-6a65-46f2-8a96-88f2f41732a4	3	31785823	32316511	357	-0.0031
330bcf69-6a65-46f2-8a96-88f2f41732a4	3	32316598	32318161	3	-1.3774
330bcf69-6a65-46f2-8a96-88f2f41732a4	3	32319848	46751887	9080	0.0038
330bcf69-6a65-46f2-8a96-88f2f41732a4	3	46760327	46806126	38	-2.4657
330bcf69-6a65-46f2-8a96-88f2f41732a4	3	46807689	130067896	49188	0.0073
330bcf69-6a65-46f2-8a96-88f2f41732a4	3	130067910	130087393	28	0.7511
330bcf69-6a65-46f2-8a96-88f2f41732a4	3	130088081	193160113	39460	0.0142
330bcf69-6a65-46f2-8a96-88f2f41732a4	3	193160173	193168790	24	0.5442
330bcf69-6a65-46f2-8a96-88f2f41732a4	3	193168903	198169247	2686	0.0209
330bcf69-6a65-46f2-8a96-88f2f41732a4	4	68929	10208766	5701	0.0093
330bcf69-6a65-46f2-8a96-88f2f41732a4	4	10221792	10229874	28	2.664
330bcf69-6a65-46f2-8a96-88f2f41732a4	4	10232590	34777353	16962	0.0001
330bcf69-6a65-46f2-8a96-88f2f41732a4	4	34777382	34828291	44	0.4611
330bcf69-6a65-46f2-8a96-88f2f41732a4	4	34828306	56677154	12154	0.006
330bcf69-6a65-46f2-8a96-88f2f41732a4	4	56677675	56678865	12	-0.955
330bcf69-6a65-46f2-8a96-88f2f41732a4	4	56682117	63840033	4389	0.0062
330bcf69-6a65-46f2-8a96-88f2f41732a4	4	63841863	63851308	10	0.9725
330bcf69-6a65-46f2-8a96-88f2f41732a4	4	63852325	68389352	2847	0.0111
330bcf69-6a65-46f2-8a96-88f2f41732a4	4	68391041	68623617	87	0.5328
330bcf69-6a65-46f2-8a96-88f2f41732a4	4	68639397	68686026	7	-0.957
330bcf69-6a65-46f2-8a96-88f2f41732a4	4	68725894	69257792	307	0.0905
330bcf69-6a65-46f2-8a96-88f2f41732a4	4	69261926	69366406	56	-0.5943
330bcf69-6a65-46f2-8a96-88f2f41732a4	4	69370433	69386698	10	0.1322
330bcf69-6a65-46f2-8a96-88f2f41732a4	4	69392613	69414814	11	-0.6521
330bcf69-6a65-46f2-8a96-88f2f41732a4	4	69415349	76863103	4559	0.0141
330bcf69-6a65-46f2-8a96-88f2f41732a4	4	76863118	76866051	14	-1.2384
330bcf69-6a65-46f2-8a96-88f2f41732a4	4	76870066	86054941	5823	0.008
330bcf69-6a65-46f2-8a96-88f2f41732a4	4	86055238	86058611	18	-0.6278
330bcf69-6a65-46f2-8a96-88f2f41732a4	4	86058791	89507019	2133	0.0089
330bcf69-6a65-46f2-8a96-88f2f41732a4	4	89507048	89507113	2	-1.9221
330bcf69-6a65-46f2-8a96-88f2f41732a4	4	89507343	114252544	14717	0.0112
330bcf69-6a65-46f2-8a96-88f2f41732a4	4	114254167	114261019	23	1.0792
330bcf69-6a65-46f2-8a96-88f2f41732a4	4	114263073	121360818	4332	-0.0055
330bcf69-6a65-46f2-8a96-88f2f41732a4	4	121361313	121363980	28	-0.9097
330bcf69-6a65-46f2-8a96-88f2f41732a4	4	121369976	143367297	12967	0.0048
330bcf69-6a65-46f2-8a96-88f2f41732a4	4	143367313	143367473	5	-1.4965
330bcf69-6a65-46f2-8a96-88f2f41732a4	4	143369822	171448195	17282	0.0011
330bcf69-6a65-46f2-8a96-88f2f41732a4	4	171453733	171456625	12	1.0478
330bcf69-6a65-46f2-8a96-88f2f41732a4	4	171459220	172066777	396	-0.022
330bcf69-6a65-46f2-8a96-88f2f41732a4	4	172067997	172068382	12	-1.8695
330bcf69-6a65-46f2-8a96-88f2f41732a4	4	172074828	190106768	12060	0.0113
330bcf69-6a65-46f2-8a96-88f2f41732a4	5	15532	742574	324	0.0494
330bcf69-6a65-46f2-8a96-88f2f41732a4	5	760901	833513	29	0.5379
330bcf69-6a65-46f2-8a96-88f2f41732a4	5	852451	46251204	30269	0.0179
330bcf69-6a65-46f2-8a96-88f2f41732a4	5	46270906	46273400	8	-2.3154
330bcf69-6a65-46f2-8a96-88f2f41732a4	5	46278110	58030453	5068	0.0061
330bcf69-6a65-46f2-8a96-88f2f41732a4	5	58033288	58037089	25	-0.5286
330bcf69-6a65-46f2-8a96-88f2f41732a4	5	58037128	101866299	25322	0.0071
330bcf69-6a65-46f2-8a96-88f2f41732a4	5	101866322	101867194	2	-2.2262
330bcf69-6a65-46f2-8a96-88f2f41732a4	5	101868951	115706851	9044	0.0123
330bcf69-6a65-46f2-8a96-88f2f41732a4	5	115709293	115711884	3	-1.7338
330bcf69-6a65-46f2-8a96-88f2f41732a4	5	115714665	177770954	40639	0.004
330bcf69-6a65-46f2-8a96-88f2f41732a4	5	177771448	177805604	4	2.1453
330bcf69-6a65-46f2-8a96-88f2f41732a4	5	177827964	178056117	46	0.0688
330bcf69-6a65-46f2-8a96-88f2f41732a4	5	178057718	178059981	3	1.2914
330bcf69-6a65-46f2-8a96-88f2f41732a4	5	178061245	180951710	1747	0.0008
330bcf69-6a65-46f2-8a96-88f2f41732a4	5	180951888	181006264	20	0.4703
330bcf69-6a65-46f2-8a96-88f2f41732a4	5	181015400	181363319	168	0.0147
330bcf69-6a65-46f2-8a96-88f2f41732a4	6	149661	254283	101	0.0476
330bcf69-6a65-46f2-8a96-88f2f41732a4	6	257353	382897	98	-0.7937
330bcf69-6a65-46f2-8a96-88f2f41732a4	6	384109	29868462	21417	0.0162
330bcf69-6a65-46f2-8a96-88f2f41732a4	6	29868698	29933799	42	0.419
330bcf69-6a65-46f2-8a96-88f2f41732a4	6	29940692	31318528	646	-0.0083
330bcf69-6a65-46f2-8a96-88f2f41732a4	6	31318754	31328674	9	-1.7438
330bcf69-6a65-46f2-8a96-88f2f41732a4	6	31342147	31380423	47	0.0679
330bcf69-6a65-46f2-8a96-88f2f41732a4	6	31380693	31380871	3	1.7835
330bcf69-6a65-46f2-8a96-88f2f41732a4	6	31383258	32525591	461	-0.0034
330bcf69-6a65-46f2-8a96-88f2f41732a4	6	32529339	32605994	19	-0.866
330bcf69-6a65-46f2-8a96-88f2f41732a4	6	32606237	32641650	25	0.1323
330bcf69-6a65-46f2-8a96-88f2f41732a4	6	32656527	32658841	6	1.1276
330bcf69-6a65-46f2-8a96-88f2f41732a4	6	32682835	48353674	10031	0.0066
330bcf69-6a65-46f2-8a96-88f2f41732a4	6	48353983	48353991	2	-1.907
330bcf69-6a65-46f2-8a96-88f2f41732a4	6	48354088	54066286	3650	0.0082
330bcf69-6a65-46f2-8a96-88f2f41732a4	6	54066353	54067057	7	1.0138
330bcf69-6a65-46f2-8a96-88f2f41732a4	6	54070550	64627049	4219	0.011
330bcf69-6a65-46f2-8a96-88f2f41732a4	6	64637651	64639099	2	1.7489
330bcf69-6a65-46f2-8a96-88f2f41732a4	6	64640883	70814248	4131	0.006
330bcf69-6a65-46f2-8a96-88f2f41732a4	6	70822403	70822652	2	-1.6057
330bcf69-6a65-46f2-8a96-88f2f41732a4	6	70824218	76726815	3796	-0.0109
330bcf69-6a65-46f2-8a96-88f2f41732a4	6	76730151	76758871	25	0.5652
330bcf69-6a65-46f2-8a96-88f2f41732a4	6	76758906	78253172	972	0.0138
330bcf69-6a65-46f2-8a96-88f2f41732a4	6	78259348	78325468	111	-0.3117
330bcf69-6a65-46f2-8a96-88f2f41732a4	6	78329517	129116479	31207	0.0044
330bcf69-6a65-46f2-8a96-88f2f41732a4	6	129117478	129118405	4	-1.524
330bcf69-6a65-46f2-8a96-88f2f41732a4	6	129127565	160481758	21079	0.0028
330bcf69-6a65-46f2-8a96-88f2f41732a4	6	160482590	160485408	3	-1.7016
330bcf69-6a65-46f2-8a96-88f2f41732a4	6	160486102	170741917	7323	0.0176
330bcf69-6a65-46f2-8a96-88f2f41732a4	7	43355	43026186	30607	0.0113
330bcf69-6a65-46f2-8a96-88f2f41732a4	7	43026289	43045062	17	-0.6768
330bcf69-6a65-46f2-8a96-88f2f41732a4	7	43045655	54305455	7814	-0.0015
330bcf69-6a65-46f2-8a96-88f2f41732a4	7	54318812	54318824	6	-2.0447
330bcf69-6a65-46f2-8a96-88f2f41732a4	7	54325795	109793741	28421	0.0152
330bcf69-6a65-46f2-8a96-88f2f41732a4	7	109797035	109797044	8	0.9049
330bcf69-6a65-46f2-8a96-88f2f41732a4	7	109797612	109801155	16	0.2794
330bcf69-6a65-46f2-8a96-88f2f41732a4	7	109801187	109813853	11	0.8661
330bcf69-6a65-46f2-8a96-88f2f41732a4	7	109813925	143790571	20896	0.0141
330bcf69-6a65-46f2-8a96-88f2f41732a4	7	143799657	143850179	12	-1.0531
330bcf69-6a65-46f2-8a96-88f2f41732a4	7	143875073	144043025	178	0.0545
330bcf69-6a65-46f2-8a96-88f2f41732a4	7	144043125	152622130	5084	-0.0009
330bcf69-6a65-46f2-8a96-88f2f41732a4	7	152622618	159334314	4659	0.0375
330bcf69-6a65-46f2-8a96-88f2f41732a4	8	81254	2132302	1475	0.0214
330bcf69-6a65-46f2-8a96-88f2f41732a4	8	2132407	2134890	18	-0.9853
330bcf69-6a65-46f2-8a96-88f2f41732a4	8	2137191	4140085	2196	0.0439
330bcf69-6a65-46f2-8a96-88f2f41732a4	8	4141366	4146769	28	-0.9388
330bcf69-6a65-46f2-8a96-88f2f41732a4	8	4146976	6335204	3133	0.0371
330bcf69-6a65-46f2-8a96-88f2f41732a4	8	6335310	6336914	4	-1.4968
330bcf69-6a65-46f2-8a96-88f2f41732a4	8	6339060	9538675	2194	0.0173
330bcf69-6a65-46f2-8a96-88f2f41732a4	8	9538949	9539139	2	-2.5173
330bcf69-6a65-46f2-8a96-88f2f41732a4	8	9539828	32829101	17831	0.0081
330bcf69-6a65-46f2-8a96-88f2f41732a4	8	32829941	32830895	3	2.6701
330bcf69-6a65-46f2-8a96-88f2f41732a4	8	32834588	39368524	3568	0.0245
330bcf69-6a65-46f2-8a96-88f2f41732a4	8	39368830	39529446	63	0.77
330bcf69-6a65-46f2-8a96-88f2f41732a4	8	39530780	111279265	41965	0.0088
330bcf69-6a65-46f2-8a96-88f2f41732a4	8	111282050	111282417	4	1.6443
330bcf69-6a65-46f2-8a96-88f2f41732a4	8	111282441	111283031	6	3.8025
330bcf69-6a65-46f2-8a96-88f2f41732a4	8	111288052	145072769	22890	0.0127
330bcf69-6a65-46f2-8a96-88f2f41732a4	9	46587	9355896	8916	0.01
330bcf69-6a65-46f2-8a96-88f2f41732a4	9	9358617	9414893	64	0.6332
330bcf69-6a65-46f2-8a96-88f2f41732a4	9	9414923	61405110	22352	0.0034
330bcf69-6a65-46f2-8a96-88f2f41732a4	9	61520021	61629689	28	0.7797
330bcf69-6a65-46f2-8a96-88f2f41732a4	9	61633080	63580418	40	0.0443
330bcf69-6a65-46f2-8a96-88f2f41732a4	9	63590317	63592813	7	1.8709
330bcf69-6a65-46f2-8a96-88f2f41732a4	9	63614182	104599429	25537	0.0036
330bcf69-6a65-46f2-8a96-88f2f41732a4	9	104601552	104602688	15	-0.9737
330bcf69-6a65-46f2-8a96-88f2f41732a4	9	104602775	104602891	5	-0.0722
330bcf69-6a65-46f2-8a96-88f2f41732a4	9	104603614	104604239	6	-0.9851
330bcf69-6a65-46f2-8a96-88f2f41732a4	9	104607598	138200944	22445	0.008
330bcf69-6a65-46f2-8a96-88f2f41732a4	10	45792	24088745	19170	0.0116
330bcf69-6a65-46f2-8a96-88f2f41732a4	10	24088746	24089125	10	-1.7963
330bcf69-6a65-46f2-8a96-88f2f41732a4	10	24089979	28650620	3144	-0.0022
330bcf69-6a65-46f2-8a96-88f2f41732a4	10	28650923	28656927	10	-1.4468
330bcf69-6a65-46f2-8a96-88f2f41732a4	10	28657025	46146395	9123	0.0068
330bcf69-6a65-46f2-8a96-88f2f41732a4	10	46146453	46522514	176	0.6003
330bcf69-6a65-46f2-8a96-88f2f41732a4	10	46522571	46526248	13	-0.2942
330bcf69-6a65-46f2-8a96-88f2f41732a4	10	46526265	46804606	40	0.4773
330bcf69-6a65-46f2-8a96-88f2f41732a4	10	46810571	133654968	58885	0.0054
330bcf69-6a65-46f2-8a96-88f2f41732a4	11	198510	4274526	1748	0.0001
330bcf69-6a65-46f2-8a96-88f2f41732a4	11	4280126	4331751	14	0.5684
330bcf69-6a65-46f2-8a96-88f2f41732a4	11	4337579	4705210	379	0.0197
330bcf69-6a65-46f2-8a96-88f2f41732a4	11	4705388	4705661	5	-0.9976
330bcf69-6a65-46f2-8a96-88f2f41732a4	11	4707904	4946420	268	0.0286
330bcf69-6a65-46f2-8a96-88f2f41732a4	11	4947280	4955042	30	1.3413
330bcf69-6a65-46f2-8a96-88f2f41732a4	11	4955781	15171639	7706	0.012
330bcf69-6a65-46f2-8a96-88f2f41732a4	11	15174253	15174270	2	-1.8187
330bcf69-6a65-46f2-8a96-88f2f41732a4	11	15174895	18928190	2510	0.0075
330bcf69-6a65-46f2-8a96-88f2f41732a4	11	18928326	18940271	35	-0.4505
330bcf69-6a65-46f2-8a96-88f2f41732a4	11	18940375	25584216	5249	0.0068
330bcf69-6a65-46f2-8a96-88f2f41732a4	11	25584298	25603195	24	-1.0093
330bcf69-6a65-46f2-8a96-88f2f41732a4	11	25612037	90835019	36913	0.0031
330bcf69-6a65-46f2-8a96-88f2f41732a4	11	90835788	90837870	3	-2.7367
330bcf69-6a65-46f2-8a96-88f2f41732a4	11	90838996	93040806	1583	-0.0008
330bcf69-6a65-46f2-8a96-88f2f41732a4	11	93048042	93050173	6	-1.0907
330bcf69-6a65-46f2-8a96-88f2f41732a4	11	93050702	107359993	10329	0.0077
330bcf69-6a65-46f2-8a96-88f2f41732a4	11	107367930	107368402	7	-1.6829
330bcf69-6a65-46f2-8a96-88f2f41732a4	11	107381636	135074876	19908	0.0044
330bcf69-6a65-46f2-8a96-88f2f41732a4	12	51460	8404097	5589	0.0106
330bcf69-6a65-46f2-8a96-88f2f41732a4	12	8405892	8423870	15	1.2902
330bcf69-6a65-46f2-8a96-88f2f41732a4	12	8428232	9481274	561	-0.0017
330bcf69-6a65-46f2-8a96-88f2f41732a4	12	9485313	9562969	22	1.0576
330bcf69-6a65-46f2-8a96-88f2f41732a4	12	9575696	10427861	633	-0.0281
330bcf69-6a65-46f2-8a96-88f2f41732a4	12	10430768	10434196	2	-3.0808
330bcf69-6a65-46f2-8a96-88f2f41732a4	12	10434721	33227031	15999	0.0015
330bcf69-6a65-46f2-8a96-88f2f41732a4	12	33232895	33242207	6	-2.295
330bcf69-6a65-46f2-8a96-88f2f41732a4	12	33242483	99398036	39192	0.0081
330bcf69-6a65-46f2-8a96-88f2f41732a4	12	99401515	99404956	31	-0.5462
330bcf69-6a65-46f2-8a96-88f2f41732a4	12	99409315	133201603	22691	0.0111
330bcf69-6a65-46f2-8a96-88f2f41732a4	13	18452809	20318259	915	0.019
330bcf69-6a65-46f2-8a96-88f2f41732a4	13	20318465	20318550	2	-1.937
330bcf69-6a65-46f2-8a96-88f2f41732a4	13	20319292	22931933	1845	0.0228
330bcf69-6a65-46f2-8a96-88f2f41732a4	13	22945791	22950740	3	-1.2709
330bcf69-6a65-46f2-8a96-88f2f41732a4	13	22950825	24995207	1583	0.0177
330bcf69-6a65-46f2-8a96-88f2f41732a4	13	24998780	25006494	7	-1.2252
330bcf69-6a65-46f2-8a96-88f2f41732a4	13	25007627	30935928	4430	0.0012
330bcf69-6a65-46f2-8a96-88f2f41732a4	13	30937518	30938267	2	-2.0495
330bcf69-6a65-46f2-8a96-88f2f41732a4	13	30938349	37496998	4675	0.0105
330bcf69-6a65-46f2-8a96-88f2f41732a4	13	37497899	37510620	16	0.8569
330bcf69-6a65-46f2-8a96-88f2f41732a4	13	37514193	57176962	12507	0.0098
330bcf69-6a65-46f2-8a96-88f2f41732a4	13	57184136	57204246	34	-0.6895
330bcf69-6a65-46f2-8a96-88f2f41732a4	13	57215580	95367535	24471	0.0058
330bcf69-6a65-46f2-8a96-88f2f41732a4	13	95369781	95371532	3	-1.5248
330bcf69-6a65-46f2-8a96-88f2f41732a4	13	95374731	114342922	13564	0.007
330bcf69-6a65-46f2-8a96-88f2f41732a4	14	18239283	19289821	45	-0.4636
330bcf69-6a65-46f2-8a96-88f2f41732a4	14	19294457	106321086	55015	0.0066
330bcf69-6a65-46f2-8a96-88f2f41732a4	14	106340102	106362628	9	-1.572
330bcf69-6a65-46f2-8a96-88f2f41732a4	14	106364815	106689547	192	0.0914
330bcf69-6a65-46f2-8a96-88f2f41732a4	14	106696326	106770330	11	-1.0276
330bcf69-6a65-46f2-8a96-88f2f41732a4	14	106770361	106877229	69	-0.0245
330bcf69-6a65-46f2-8a96-88f2f41732a4	15	19811075	20422239	130	0.1155
330bcf69-6a65-46f2-8a96-88f2f41732a4	15	20441322	21065721	31	0.6309
330bcf69-6a65-46f2-8a96-88f2f41732a4	15	21067891	21975606	15	0.0435
330bcf69-6a65-46f2-8a96-88f2f41732a4	15	21997003	22299523	29	-0.7666
330bcf69-6a65-46f2-8a96-88f2f41732a4	15	22385639	24424598	989	0.0132
330bcf69-6a65-46f2-8a96-88f2f41732a4	15	24429604	24473026	33	-1.9682
330bcf69-6a65-46f2-8a96-88f2f41732a4	15	24473449	30500366	3627	0.0065
330bcf69-6a65-46f2-8a96-88f2f41732a4	15	30503586	30595753	3	-1.3968
330bcf69-6a65-46f2-8a96-88f2f41732a4	15	30608675	56497331	16243	-0.0004
330bcf69-6a65-46f2-8a96-88f2f41732a4	15	56497449	56508779	26	-0.5773
330bcf69-6a65-46f2-8a96-88f2f41732a4	15	56509425	76586021	12739	0.0053
330bcf69-6a65-46f2-8a96-88f2f41732a4	15	76598900	76603434	22	0.9633
330bcf69-6a65-46f2-8a96-88f2f41732a4	15	76609838	101928837	17595	0.006
330bcf69-6a65-46f2-8a96-88f2f41732a4	16	10777	90096867	51810	0.01
330bcf69-6a65-46f2-8a96-88f2f41732a4	17	150733	15756100	10025	0.0097
330bcf69-6a65-46f2-8a96-88f2f41732a4	17	15761790	15806245	16	-0.5753
330bcf69-6a65-46f2-8a96-88f2f41732a4	17	15810823	36109315	8200	0.0139
330bcf69-6a65-46f2-8a96-88f2f41732a4	17	36109735	36208249	37	1.383
330bcf69-6a65-46f2-8a96-88f2f41732a4	17	36460442	39821288	1737	0.0077
330bcf69-6a65-46f2-8a96-88f2f41732a4	17	39824535	39826630	2	-2.0892
330bcf69-6a65-46f2-8a96-88f2f41732a4	17	39828682	46110126	3321	0.009
330bcf69-6a65-46f2-8a96-88f2f41732a4	17	46110945	46351954	112	-0.2437
330bcf69-6a65-46f2-8a96-88f2f41732a4	17	46446345	83091923	21542	0.01
330bcf69-6a65-46f2-8a96-88f2f41732a4	18	48133	80257174	50680	0.0057
330bcf69-6a65-46f2-8a96-88f2f41732a4	19	90910	40854267	19492	0.002
330bcf69-6a65-46f2-8a96-88f2f41732a4	19	40854465	40869877	18	-0.9837
330bcf69-6a65-46f2-8a96-88f2f41732a4	19	40870114	51639099	5240	-0.001
330bcf69-6a65-46f2-8a96-88f2f41732a4	19	51639362	51644944	10	-2.9031
330bcf69-6a65-46f2-8a96-88f2f41732a4	19	51651652	52149866	334	0.0192
330bcf69-6a65-46f2-8a96-88f2f41732a4	19	52150720	52201694	42	0.4188
330bcf69-6a65-46f2-8a96-88f2f41732a4	19	52201708	55771003	2115	0.01
330bcf69-6a65-46f2-8a96-88f2f41732a4	19	55771169	55771663	2	-2.9836
330bcf69-6a65-46f2-8a96-88f2f41732a4	19	55771701	58586487	1838	0.0034
330bcf69-6a65-46f2-8a96-88f2f41732a4	20	80664	1580305	1203	0.0319
330bcf69-6a65-46f2-8a96-88f2f41732a4	20	1580353	1613247	42	-0.8655
330bcf69-6a65-46f2-8a96-88f2f41732a4	20	1617300	7624284	4470	0.0015
330bcf69-6a65-46f2-8a96-88f2f41732a4	20	7624771	7625126	3	-2.4639
330bcf69-6a65-46f2-8a96-88f2f41732a4	20	7626978	26239500	14246	0.0114
330bcf69-6a65-46f2-8a96-88f2f41732a4	20	26242063	26324855	35	-0.8318
330bcf69-6a65-46f2-8a96-88f2f41732a4	20	26324943	64324800	22341	0.0056
330bcf69-6a65-46f2-8a96-88f2f41732a4	21	10354168	46677045	23828	0.0008
330bcf69-6a65-46f2-8a96-88f2f41732a4	22	15294547	18649244	1133	-0.0066
330bcf69-6a65-46f2-8a96-88f2f41732a4	22	18760927	18917479	7	1.2036
330bcf69-6a65-46f2-8a96-88f2f41732a4	22	18918078	23162815	2751	0.0563
330bcf69-6a65-46f2-8a96-88f2f41732a4	22	23164572	23929492	484	0.0023
330bcf69-6a65-46f2-8a96-88f2f41732a4	22	23929505	23990431	19	0.5828
330bcf69-6a65-46f2-8a96-88f2f41732a4	22	23990739	30343586	4806	0.0004
330bcf69-6a65-46f2-8a96-88f2f41732a4	22	30344159	30344484	2	-2.0805
330bcf69-6a65-46f2-8a96-88f2f41732a4	22	30344940	30557308	119	0.0476
330bcf69-6a65-46f2-8a96-88f2f41732a4	22	30557534	30558088	2	-1.9749
330bcf69-6a65-46f2-8a96-88f2f41732a4	22	30559891	49053806	12861	0.0013
330bcf69-6a65-46f2-8a96-88f2f41732a4	22	49054319	50796027	1068	0.0589
330bcf69-6a65-46f2-8a96-88f2f41732a4	X	251810	10168662	5662	-0.0019
330bcf69-6a65-46f2-8a96-88f2f41732a4	X	10169321	10169345	2	-5.3523
330bcf69-6a65-46f2-8a96-88f2f41732a4	X	10170295	155952689	77416	0.0008
330bcf69-6a65-46f2-8a96-88f2f41732a4	Y	2782397	9685653	2308	-0.9219
330bcf69-6a65-46f2-8a96-88f2f41732a4	Y	9759940	9811130	3	-2.5934
330bcf69-6a65-46f2-8a96-88f2f41732a4	Y	9870332	56872112	4326	-0.918
