GDC_Aliquot	Chromosome	Start	End	Num_Probes	Segment_Mean
7eed573a-4367-48ef-ba5a-50813e859ecc	1	62920	668210	21	0.3404
7eed573a-4367-48ef-ba5a-50813e859ecc	1	771719	2066166	328	-0.1702
7eed573a-4367-48ef-ba5a-50813e859ecc	1	2083241	2125269	12	-0.8871
7eed573a-4367-48ef-ba5a-50813e859ecc	1	2125296	6591668	2698	-0.2136
7eed573a-4367-48ef-ba5a-50813e859ecc	1	6595917	16468706	5564	-0.1541
7eed573a-4367-48ef-ba5a-50813e859ecc	1	16470226	16898475	90	-0.4458
7eed573a-4367-48ef-ba5a-50813e859ecc	1	16898730	25256850	5290	-0.1539
7eed573a-4367-48ef-ba5a-50813e859ecc	1	25266637	25320455	24	0.4511
7eed573a-4367-48ef-ba5a-50813e859ecc	1	25336819	47057396	11788	-0.153
7eed573a-4367-48ef-ba5a-50813e859ecc	1	47059549	143494500	47548	-0.187
7eed573a-4367-48ef-ba5a-50813e859ecc	1	143541857	152582700	2432	0.2637
7eed573a-4367-48ef-ba5a-50813e859ecc	1	152583051	152613762	32	1.6045
7eed573a-4367-48ef-ba5a-50813e859ecc	1	152613802	222847162	47293	0.2301
7eed573a-4367-48ef-ba5a-50813e859ecc	1	222849581	222850427	3	-1.3894
7eed573a-4367-48ef-ba5a-50813e859ecc	1	222853375	248475325	17834	0.2265
7eed573a-4367-48ef-ba5a-50813e859ecc	1	248477891	248697359	76	0.5262
7eed573a-4367-48ef-ba5a-50813e859ecc	1	248697419	248930189	113	0.2178
7eed573a-4367-48ef-ba5a-50813e859ecc	2	12784	34466002	24028	0.0882
7eed573a-4367-48ef-ba5a-50813e859ecc	2	34474248	34515732	50	0.9127
7eed573a-4367-48ef-ba5a-50813e859ecc	2	34515960	88666108	35438	0.0999
7eed573a-4367-48ef-ba5a-50813e859ecc	2	88667825	89920951	280	-0.0175
7eed573a-4367-48ef-ba5a-50813e859ecc	2	89928014	89956227	4	1.3562
7eed573a-4367-48ef-ba5a-50813e859ecc	2	89960252	97359885	1067	-0.0049
7eed573a-4367-48ef-ba5a-50813e859ecc	2	97524284	97545247	8	-1.0936
7eed573a-4367-48ef-ba5a-50813e859ecc	2	97545726	106266773	5561	-0.0018
7eed573a-4367-48ef-ba5a-50813e859ecc	2	106266875	106268901	7	-1.7003
7eed573a-4367-48ef-ba5a-50813e859ecc	2	106270799	242147305	82643	-0.0019
7eed573a-4367-48ef-ba5a-50813e859ecc	3	20930	6604856	5792	0.0586
7eed573a-4367-48ef-ba5a-50813e859ecc	3	6609441	6611645	23	-0.7916
7eed573a-4367-48ef-ba5a-50813e859ecc	3	6613391	20271633	9390	0.0386
7eed573a-4367-48ef-ba5a-50813e859ecc	3	20273630	20274591	2	-2.3717
7eed573a-4367-48ef-ba5a-50813e859ecc	3	20286589	26570158	4725	0.0409
7eed573a-4367-48ef-ba5a-50813e859ecc	3	26570176	26570394	4	-2.2377
7eed573a-4367-48ef-ba5a-50813e859ecc	3	26570407	46146447	12757	0.0393
7eed573a-4367-48ef-ba5a-50813e859ecc	3	46146605	53005247	2947	0.0943
7eed573a-4367-48ef-ba5a-50813e859ecc	3	53005263	68697013	12004	0.0298
7eed573a-4367-48ef-ba5a-50813e859ecc	3	68697133	68699607	14	-0.7689
7eed573a-4367-48ef-ba5a-50813e859ecc	3	68699635	99225614	15846	0.0378
7eed573a-4367-48ef-ba5a-50813e859ecc	3	99225632	99230464	35	-0.6487
7eed573a-4367-48ef-ba5a-50813e859ecc	3	99230470	100621703	748	0.0306
7eed573a-4367-48ef-ba5a-50813e859ecc	3	100621952	100623358	2	-1.4509
7eed573a-4367-48ef-ba5a-50813e859ecc	3	100631901	104402322	2146	0.0401
7eed573a-4367-48ef-ba5a-50813e859ecc	3	104415147	104417687	10	0.782
7eed573a-4367-48ef-ba5a-50813e859ecc	3	104417702	130044016	15747	0.0346
7eed573a-4367-48ef-ba5a-50813e859ecc	3	130044855	130087209	37	0.8896
7eed573a-4367-48ef-ba5a-50813e859ecc	3	130087393	146756356	10415	0.0325
7eed573a-4367-48ef-ba5a-50813e859ecc	3	146756536	146758696	3	-1.7638
7eed573a-4367-48ef-ba5a-50813e859ecc	3	146759265	155757674	5503	0.0398
7eed573a-4367-48ef-ba5a-50813e859ecc	3	155758758	155795620	30	0.5688
7eed573a-4367-48ef-ba5a-50813e859ecc	3	155797707	158632329	1659	0.0453
7eed573a-4367-48ef-ba5a-50813e859ecc	3	158633095	158642178	5	2.0254
7eed573a-4367-48ef-ba5a-50813e859ecc	3	158651313	162718452	2536	0.0401
7eed573a-4367-48ef-ba5a-50813e859ecc	3	162718608	162953010	161	0.2592
7eed573a-4367-48ef-ba5a-50813e859ecc	3	162955613	195673928	20561	0.0428
7eed573a-4367-48ef-ba5a-50813e859ecc	3	195683075	195728990	24	0.6288
7eed573a-4367-48ef-ba5a-50813e859ecc	3	195729005	198111566	1166	0.0649
7eed573a-4367-48ef-ba5a-50813e859ecc	3	198118345	198121231	5	-0.9403
7eed573a-4367-48ef-ba5a-50813e859ecc	3	198121262	198169247	12	-0.0378
7eed573a-4367-48ef-ba5a-50813e859ecc	4	68929	10208339	5687	0.0336
7eed573a-4367-48ef-ba5a-50813e859ecc	4	10208489	10233542	38	0.8361
7eed573a-4367-48ef-ba5a-50813e859ecc	4	10233558	34777418	16922	0.0303
7eed573a-4367-48ef-ba5a-50813e859ecc	4	34777432	34828250	40	-0.4304
7eed573a-4367-48ef-ba5a-50813e859ecc	4	34828291	54709220	10970	0.0472
7eed573a-4367-48ef-ba5a-50813e859ecc	4	54709252	54709340	3	2.3431
7eed573a-4367-48ef-ba5a-50813e859ecc	4	54716074	61605869	4337	0.0456
7eed573a-4367-48ef-ba5a-50813e859ecc	4	61614233	61621729	3	2.1223
7eed573a-4367-48ef-ba5a-50813e859ecc	4	61621970	91148100	18046	0.0438
7eed573a-4367-48ef-ba5a-50813e859ecc	4	91148753	91159466	8	-0.8734
7eed573a-4367-48ef-ba5a-50813e859ecc	4	91160414	131138623	23664	0.0426
7eed573a-4367-48ef-ba5a-50813e859ecc	4	131145381	131151414	4	2.4164
7eed573a-4367-48ef-ba5a-50813e859ecc	4	131153615	190106768	37018	0.0417
7eed573a-4367-48ef-ba5a-50813e859ecc	5	15532	30677	9	0.1384
7eed573a-4367-48ef-ba5a-50813e859ecc	5	35793	698357	299	0.4565
7eed573a-4367-48ef-ba5a-50813e859ecc	5	698390	825192	43	0.1027
7eed573a-4367-48ef-ba5a-50813e859ecc	5	825538	17462856	12961	0.5009
7eed573a-4367-48ef-ba5a-50813e859ecc	5	17469581	30638612	7709	0.542
7eed573a-4367-48ef-ba5a-50813e859ecc	5	30639175	39152138	5776	0.5147
7eed573a-4367-48ef-ba5a-50813e859ecc	5	39152178	99500868	32733	0.1981
7eed573a-4367-48ef-ba5a-50813e859ecc	5	99504170	99504922	2	-1.6575
7eed573a-4367-48ef-ba5a-50813e859ecc	5	99508633	104515520	2900	0.2205
7eed573a-4367-48ef-ba5a-50813e859ecc	5	104524672	104524903	4	-0.9654
7eed573a-4367-48ef-ba5a-50813e859ecc	5	104525348	106691728	1276	0.2059
7eed573a-4367-48ef-ba5a-50813e859ecc	5	106699096	106846872	87	0.4494
7eed573a-4367-48ef-ba5a-50813e859ecc	5	106847323	110461428	2446	0.1975
7eed573a-4367-48ef-ba5a-50813e859ecc	5	110466498	110466518	2	-2.8219
7eed573a-4367-48ef-ba5a-50813e859ecc	5	110478051	119618000	6561	0.193
7eed573a-4367-48ef-ba5a-50813e859ecc	5	119624251	119625926	5	-0.8298
7eed573a-4367-48ef-ba5a-50813e859ecc	5	119628442	150819676	19324	0.1899
7eed573a-4367-48ef-ba5a-50813e859ecc	5	150822643	150839042	9	-0.787
7eed573a-4367-48ef-ba5a-50813e859ecc	5	150843825	156049910	3627	0.1797
7eed573a-4367-48ef-ba5a-50813e859ecc	5	156049988	156055719	12	-0.4964
7eed573a-4367-48ef-ba5a-50813e859ecc	5	156068240	181363319	16753	0.1867
7eed573a-4367-48ef-ba5a-50813e859ecc	6	149661	184656	22	0.1313
7eed573a-4367-48ef-ba5a-50813e859ecc	6	192679	205920	16	-0.3567
7eed573a-4367-48ef-ba5a-50813e859ecc	6	205947	5376637	4244	0.1169
7eed573a-4367-48ef-ba5a-50813e859ecc	6	5377114	6025978	553	0.1903
7eed573a-4367-48ef-ba5a-50813e859ecc	6	6033698	6034203	3	-1.0829
7eed573a-4367-48ef-ba5a-50813e859ecc	6	6036812	7494892	1213	0.205
7eed573a-4367-48ef-ba5a-50813e859ecc	6	7495523	9956329	1833	0.1233
7eed573a-4367-48ef-ba5a-50813e859ecc	6	9957925	12180934	1719	0.2095
7eed573a-4367-48ef-ba5a-50813e859ecc	6	12181634	13373553	969	0.1258
7eed573a-4367-48ef-ba5a-50813e859ecc	6	13373900	23060763	7091	0.0365
7eed573a-4367-48ef-ba5a-50813e859ecc	6	23060767	23060771	2	-1.9614
7eed573a-4367-48ef-ba5a-50813e859ecc	6	23064026	31313046	4606	0.0588
7eed573a-4367-48ef-ba5a-50813e859ecc	6	31318499	31328674	11	1.014
7eed573a-4367-48ef-ba5a-50813e859ecc	6	31342147	32098015	290	-0.0015
7eed573a-4367-48ef-ba5a-50813e859ecc	6	32098387	32641650	265	0.1037
7eed573a-4367-48ef-ba5a-50813e859ecc	6	32656527	32658841	6	-0.8042
7eed573a-4367-48ef-ba5a-50813e859ecc	6	32682835	39016598	3914	0.0726
7eed573a-4367-48ef-ba5a-50813e859ecc	6	39016672	54066286	9747	0.0339
7eed573a-4367-48ef-ba5a-50813e859ecc	6	54066353	54067057	7	-0.9234
7eed573a-4367-48ef-ba5a-50813e859ecc	6	54070550	54536469	311	0.0337
7eed573a-4367-48ef-ba5a-50813e859ecc	6	54536491	55192155	403	0.1636
7eed573a-4367-48ef-ba5a-50813e859ecc	6	55199413	63994303	3160	0.0479
7eed573a-4367-48ef-ba5a-50813e859ecc	6	63996332	66328153	1472	-0.456
7eed573a-4367-48ef-ba5a-50813e859ecc	6	66331020	66333004	6	-2.2779
7eed573a-4367-48ef-ba5a-50813e859ecc	6	66333299	76726815	6770	-0.4699
7eed573a-4367-48ef-ba5a-50813e859ecc	6	76730151	76742956	19	-1.3984
7eed573a-4367-48ef-ba5a-50813e859ecc	6	76742972	80574999	2518	-0.4646
7eed573a-4367-48ef-ba5a-50813e859ecc	6	80575042	80579817	28	-1.8338
7eed573a-4367-48ef-ba5a-50813e859ecc	6	80584624	103311783	13993	-0.4761
7eed573a-4367-48ef-ba5a-50813e859ecc	6	103311850	103314186	7	-1.9941
7eed573a-4367-48ef-ba5a-50813e859ecc	6	103317795	129218644	15722	-0.4735
7eed573a-4367-48ef-ba5a-50813e859ecc	6	129218760	129371562	105	0.0259
7eed573a-4367-48ef-ba5a-50813e859ecc	6	129378323	135404906	4226	-0.484
7eed573a-4367-48ef-ba5a-50813e859ecc	6	135405475	135646872	130	0.05
7eed573a-4367-48ef-ba5a-50813e859ecc	6	135648582	136505650	588	0.165
7eed573a-4367-48ef-ba5a-50813e859ecc	6	136505906	138026364	1069	0.0725
7eed573a-4367-48ef-ba5a-50813e859ecc	6	138029881	139982386	1294	-0.0847
7eed573a-4367-48ef-ba5a-50813e859ecc	6	139983209	139983682	2	0.6283
7eed573a-4367-48ef-ba5a-50813e859ecc	6	139985198	140505074	218	-0.4809
7eed573a-4367-48ef-ba5a-50813e859ecc	6	140505380	140929434	209	-0.244
7eed573a-4367-48ef-ba5a-50813e859ecc	6	140930435	146188738	3238	-0.3405
7eed573a-4367-48ef-ba5a-50813e859ecc	6	146193539	147357518	754	-0.4937
7eed573a-4367-48ef-ba5a-50813e859ecc	6	147359887	149039742	1282	-0.3601
7eed573a-4367-48ef-ba5a-50813e859ecc	6	149039953	154342434	3823	-0.2303
7eed573a-4367-48ef-ba5a-50813e859ecc	6	154345477	170741917	11347	-0.4892
7eed573a-4367-48ef-ba5a-50813e859ecc	7	43355	38239007	27272	0.0441
7eed573a-4367-48ef-ba5a-50813e859ecc	7	38239282	38289122	41	0.5066
7eed573a-4367-48ef-ba5a-50813e859ecc	7	38289139	38345240	84	0.1878
7eed573a-4367-48ef-ba5a-50813e859ecc	7	38347190	38361356	8	0.5596
7eed573a-4367-48ef-ba5a-50813e859ecc	7	38362895	54089391	10777	0.0348
7eed573a-4367-48ef-ba5a-50813e859ecc	7	54099885	54325795	187	0.4658
7eed573a-4367-48ef-ba5a-50813e859ecc	7	54326708	97766197	21768	0.0295
7eed573a-4367-48ef-ba5a-50813e859ecc	7	97772620	97773163	8	-1.8871
7eed573a-4367-48ef-ba5a-50813e859ecc	7	97774928	98950782	564	0.0516
7eed573a-4367-48ef-ba5a-50813e859ecc	7	98951219	99005016	42	-0.1974
7eed573a-4367-48ef-ba5a-50813e859ecc	7	99006170	100327112	573	0.0514
7eed573a-4367-48ef-ba5a-50813e859ecc	7	100328269	100340919	3	2.089
7eed573a-4367-48ef-ba5a-50813e859ecc	7	100362977	109797044	5408	0.043
7eed573a-4367-48ef-ba5a-50813e859ecc	7	109797612	109797700	6	1.1438
7eed573a-4367-48ef-ba5a-50813e859ecc	7	109797715	109801572	12	0.1905
7eed573a-4367-48ef-ba5a-50813e859ecc	7	109801722	109813853	9	1.127
7eed573a-4367-48ef-ba5a-50813e859ecc	7	109813925	134100442	14704	0.0303
7eed573a-4367-48ef-ba5a-50813e859ecc	7	134100458	134113805	31	0.6892
7eed573a-4367-48ef-ba5a-50813e859ecc	7	134114093	159254777	15978	0.0293
7eed573a-4367-48ef-ba5a-50813e859ecc	7	159258044	159265373	10	-1.0815
7eed573a-4367-48ef-ba5a-50813e859ecc	7	159266713	159324709	45	-0.0189
7eed573a-4367-48ef-ba5a-50813e859ecc	7	159324804	159326475	11	-0.851
7eed573a-4367-48ef-ba5a-50813e859ecc	7	159326530	159334314	5	-0.0978
7eed573a-4367-48ef-ba5a-50813e859ecc	8	81254	208062	4	0.0042
7eed573a-4367-48ef-ba5a-50813e859ecc	8	212672	569732	272	0.8535
7eed573a-4367-48ef-ba5a-50813e859ecc	8	570044	2185178	1289	0.5755
7eed573a-4367-48ef-ba5a-50813e859ecc	8	2193931	2210914	22	-0.5618
7eed573a-4367-48ef-ba5a-50813e859ecc	8	2215182	3929538	1761	0.5726
7eed573a-4367-48ef-ba5a-50813e859ecc	8	3929867	3932584	22	-0.5303
7eed573a-4367-48ef-ba5a-50813e859ecc	8	3933696	6178147	3189	0.6027
7eed573a-4367-48ef-ba5a-50813e859ecc	8	6178163	9196404	2105	0.5194
7eed573a-4367-48ef-ba5a-50813e859ecc	8	9198857	9204980	27	-0.5077
7eed573a-4367-48ef-ba5a-50813e859ecc	8	9205016	12092042	2302	0.4842
7eed573a-4367-48ef-ba5a-50813e859ecc	8	12130217	12143614	6	1.356
7eed573a-4367-48ef-ba5a-50813e859ecc	8	12176798	12389977	31	-1.0742
7eed573a-4367-48ef-ba5a-50813e859ecc	8	12418301	16591204	3695	0.4571
7eed573a-4367-48ef-ba5a-50813e859ecc	8	16592037	18106746	1377	0.5427
7eed573a-4367-48ef-ba5a-50813e859ecc	8	18107050	21324269	2837	0.4392
7eed573a-4367-48ef-ba5a-50813e859ecc	8	21330791	22479979	706	-0.2782
7eed573a-4367-48ef-ba5a-50813e859ecc	8	22481135	22501021	13	0.183
7eed573a-4367-48ef-ba5a-50813e859ecc	8	22501492	23544795	622	-0.2634
7eed573a-4367-48ef-ba5a-50813e859ecc	8	23550227	23550358	5	-2.2532
7eed573a-4367-48ef-ba5a-50813e859ecc	8	23550392	24868614	935	-0.2715
7eed573a-4367-48ef-ba5a-50813e859ecc	8	24868934	24869018	2	-1.6244
7eed573a-4367-48ef-ba5a-50813e859ecc	8	24869110	25116928	196	-0.2549
7eed573a-4367-48ef-ba5a-50813e859ecc	8	25116961	25133589	27	0.1459
7eed573a-4367-48ef-ba5a-50813e859ecc	8	25133612	32826447	5403	-0.2904
7eed573a-4367-48ef-ba5a-50813e859ecc	8	32826507	32830685	5	0.885
7eed573a-4367-48ef-ba5a-50813e859ecc	8	32830895	33215371	225	-0.3086
7eed573a-4367-48ef-ba5a-50813e859ecc	8	33215980	43931659	5983	0.4505
7eed573a-4367-48ef-ba5a-50813e859ecc	8	45951913	46236265	75	-0.3415
7eed573a-4367-48ef-ba5a-50813e859ecc	8	46249062	46272598	10	-1.0667
7eed573a-4367-48ef-ba5a-50813e859ecc	8	46277524	63316718	10595	-0.2957
7eed573a-4367-48ef-ba5a-50813e859ecc	8	63322860	68453980	2837	1.3071
7eed573a-4367-48ef-ba5a-50813e859ecc	8	68454035	69294368	536	1.5547
7eed573a-4367-48ef-ba5a-50813e859ecc	8	69295362	69296082	7	0.5055
7eed573a-4367-48ef-ba5a-50813e859ecc	8	69299337	70002272	461	1.5054
7eed573a-4367-48ef-ba5a-50813e859ecc	8	70002306	70040504	39	1.2546
7eed573a-4367-48ef-ba5a-50813e859ecc	8	70041692	70042119	3	-0.4052
7eed573a-4367-48ef-ba5a-50813e859ecc	8	70042441	70444239	222	1.2375
7eed573a-4367-48ef-ba5a-50813e859ecc	8	70446868	70457732	8	2.094
7eed573a-4367-48ef-ba5a-50813e859ecc	8	70464115	72301608	1174	1.6217
7eed573a-4367-48ef-ba5a-50813e859ecc	8	72302244	72510979	131	1.402
7eed573a-4367-48ef-ba5a-50813e859ecc	8	72514792	73527536	806	1.6626
7eed573a-4367-48ef-ba5a-50813e859ecc	8	73527561	74026541	243	1.8805
7eed573a-4367-48ef-ba5a-50813e859ecc	8	74027235	74395596	295	1.6572
7eed573a-4367-48ef-ba5a-50813e859ecc	8	74396083	74712993	186	1.8235
7eed573a-4367-48ef-ba5a-50813e859ecc	8	74716972	75616954	523	1.3928
7eed573a-4367-48ef-ba5a-50813e859ecc	8	75617602	75734825	79	1.6647
7eed573a-4367-48ef-ba5a-50813e859ecc	8	75734904	77330089	917	1.7518
7eed573a-4367-48ef-ba5a-50813e859ecc	8	77332377	78673641	746	1.9712
7eed573a-4367-48ef-ba5a-50813e859ecc	8	78674617	78864199	98	1.8319
7eed573a-4367-48ef-ba5a-50813e859ecc	8	78878090	78900119	53	1.4776
7eed573a-4367-48ef-ba5a-50813e859ecc	8	78900309	78902842	19	1.9975
7eed573a-4367-48ef-ba5a-50813e859ecc	8	78902873	80063254	706	1.5166
7eed573a-4367-48ef-ba5a-50813e859ecc	8	80067488	80569208	265	1.8087
7eed573a-4367-48ef-ba5a-50813e859ecc	8	80570102	82579733	1151	1.4916
7eed573a-4367-48ef-ba5a-50813e859ecc	8	82586650	83180992	367	1.73
7eed573a-4367-48ef-ba5a-50813e859ecc	8	83186619	84557985	810	1.5675
7eed573a-4367-48ef-ba5a-50813e859ecc	8	84558451	84558729	2	-0.3047
7eed573a-4367-48ef-ba5a-50813e859ecc	8	84566631	85499290	449	1.5613
7eed573a-4367-48ef-ba5a-50813e859ecc	8	85501953	85645184	93	-0.1359
7eed573a-4367-48ef-ba5a-50813e859ecc	8	85828731	85941650	97	0.5211
7eed573a-4367-48ef-ba5a-50813e859ecc	8	85944002	86572389	348	-0.1535
7eed573a-4367-48ef-ba5a-50813e859ecc	8	86574501	87298223	421	0.3099
7eed573a-4367-48ef-ba5a-50813e859ecc	8	87300040	90553251	1963	-0.1502
7eed573a-4367-48ef-ba5a-50813e859ecc	8	90553752	90644739	57	0.5588
7eed573a-4367-48ef-ba5a-50813e859ecc	8	90648855	91431207	410	1.7327
7eed573a-4367-48ef-ba5a-50813e859ecc	8	91437582	111282237	12079	-0.2983
7eed573a-4367-48ef-ba5a-50813e859ecc	8	111282417	111283031	7	-1.2137
7eed573a-4367-48ef-ba5a-50813e859ecc	8	111288052	114622478	1816	-0.2895
7eed573a-4367-48ef-ba5a-50813e859ecc	8	114622678	114623472	8	-1.4731
7eed573a-4367-48ef-ba5a-50813e859ecc	8	114626121	121953743	4943	-0.3099
7eed573a-4367-48ef-ba5a-50813e859ecc	8	121956710	122313392	245	1.7915
7eed573a-4367-48ef-ba5a-50813e859ecc	8	122313564	123125768	594	1.6132
7eed573a-4367-48ef-ba5a-50813e859ecc	8	123126142	123251187	76	1.8734
7eed573a-4367-48ef-ba5a-50813e859ecc	8	123252356	123405721	53	2.1896
7eed573a-4367-48ef-ba5a-50813e859ecc	8	123410097	124312566	650	1.2435
7eed573a-4367-48ef-ba5a-50813e859ecc	8	124313339	126273967	1365	1.6718
7eed573a-4367-48ef-ba5a-50813e859ecc	8	126276423	126411780	101	1.2573
7eed573a-4367-48ef-ba5a-50813e859ecc	8	126418631	126852874	316	0.5356
7eed573a-4367-48ef-ba5a-50813e859ecc	8	126855918	127566528	545	1.2408
7eed573a-4367-48ef-ba5a-50813e859ecc	8	127570068	128206991	534	1.4625
7eed573a-4367-48ef-ba5a-50813e859ecc	8	128207301	128785468	388	1.8685
7eed573a-4367-48ef-ba5a-50813e859ecc	8	128785868	132062967	2278	1.473
7eed573a-4367-48ef-ba5a-50813e859ecc	8	132067753	132433465	332	-0.1623
7eed573a-4367-48ef-ba5a-50813e859ecc	8	132439939	132783374	246	0.5446
7eed573a-4367-48ef-ba5a-50813e859ecc	8	132786673	136211657	2877	0.8998
7eed573a-4367-48ef-ba5a-50813e859ecc	8	136221422	136409898	159	-0.1466
7eed573a-4367-48ef-ba5a-50813e859ecc	8	136411220	139667332	2749	0.9379
7eed573a-4367-48ef-ba5a-50813e859ecc	8	139668013	143610108	2066	1.4339
7eed573a-4367-48ef-ba5a-50813e859ecc	8	143610163	144553435	280	1.155
7eed573a-4367-48ef-ba5a-50813e859ecc	8	144560767	145072769	238	1.36
7eed573a-4367-48ef-ba5a-50813e859ecc	9	46587	42279025	31206	-0.0369
7eed573a-4367-48ef-ba5a-50813e859ecc	9	42292452	42720266	23	0.6688
7eed573a-4367-48ef-ba5a-50813e859ecc	9	42726239	67832599	238	0.0904
7eed573a-4367-48ef-ba5a-50813e859ecc	9	67915741	124060450	40014	-0.048
7eed573a-4367-48ef-ba5a-50813e859ecc	9	124061051	138200944	7753	-0.0124
7eed573a-4367-48ef-ba5a-50813e859ecc	10	45792	1125883	624	0.2127
7eed573a-4367-48ef-ba5a-50813e859ecc	10	1133579	1138431	7	1.0381
7eed573a-4367-48ef-ba5a-50813e859ecc	10	1139366	2030387	830	0.197
7eed573a-4367-48ef-ba5a-50813e859ecc	10	2030513	2030559	2	-1.7577
7eed573a-4367-48ef-ba5a-50813e859ecc	10	2031213	24086334	17684	0.2393
7eed573a-4367-48ef-ba5a-50813e859ecc	10	24088745	24089125	11	-1.4564
7eed573a-4367-48ef-ba5a-50813e859ecc	10	24089979	133654968	71277	0.2231
7eed573a-4367-48ef-ba5a-50813e859ecc	11	198510	5755866	3206	-0.1834
7eed573a-4367-48ef-ba5a-50813e859ecc	11	5756780	5787818	43	0.1734
7eed573a-4367-48ef-ba5a-50813e859ecc	11	5787909	18919309	9383	-0.1942
7eed573a-4367-48ef-ba5a-50813e859ecc	11	18919323	18940586	48	0.6033
7eed573a-4367-48ef-ba5a-50813e859ecc	11	18949158	84582058	38090	-0.189
7eed573a-4367-48ef-ba5a-50813e859ecc	11	84583229	123746926	27168	-0.4637
7eed573a-4367-48ef-ba5a-50813e859ecc	11	123747769	124127453	287	-0.1865
7eed573a-4367-48ef-ba5a-50813e859ecc	11	124135453	132294665	6205	-0.4784
7eed573a-4367-48ef-ba5a-50813e859ecc	11	132294761	134174205	1414	-0.304
7eed573a-4367-48ef-ba5a-50813e859ecc	11	134174787	134570828	264	-0.5156
7eed573a-4367-48ef-ba5a-50813e859ecc	11	134572071	135074876	424	-0.1089
7eed573a-4367-48ef-ba5a-50813e859ecc	12	51460	756804	416	-0.1823
7eed573a-4367-48ef-ba5a-50813e859ecc	12	759943	764338	16	-0.7865
7eed573a-4367-48ef-ba5a-50813e859ecc	12	764778	9481274	5731	-0.1695
7eed573a-4367-48ef-ba5a-50813e859ecc	12	9485313	9532514	11	-1.1166
7eed573a-4367-48ef-ba5a-50813e859ecc	12	9533184	9541782	4	2.2529
7eed573a-4367-48ef-ba5a-50813e859ecc	12	9543959	9562969	7	-1.0843
7eed573a-4367-48ef-ba5a-50813e859ecc	12	9575696	11061546	1029	-0.1593
7eed573a-4367-48ef-ba5a-50813e859ecc	12	11062773	11088933	13	0.4578
7eed573a-4367-48ef-ba5a-50813e859ecc	12	11099275	16266471	3673	-0.1729
7eed573a-4367-48ef-ba5a-50813e859ecc	12	16268053	16268391	2	-2.1581
7eed573a-4367-48ef-ba5a-50813e859ecc	12	16275623	34565986	12599	-0.1714
7eed573a-4367-48ef-ba5a-50813e859ecc	12	34577418	38058952	144	0.0389
7eed573a-4367-48ef-ba5a-50813e859ecc	12	38064729	52285116	8371	-0.1556
7eed573a-4367-48ef-ba5a-50813e859ecc	12	52291988	52391735	112	0.2041
7eed573a-4367-48ef-ba5a-50813e859ecc	12	52391992	53215414	643	-0.1898
7eed573a-4367-48ef-ba5a-50813e859ecc	12	53215581	57886170	2418	-0.1253
7eed573a-4367-48ef-ba5a-50813e859ecc	12	57888677	98280034	26018	-0.1831
7eed573a-4367-48ef-ba5a-50813e859ecc	12	98280139	98280153	2	2.2463
7eed573a-4367-48ef-ba5a-50813e859ecc	12	98280168	109684521	7664	-0.1839
7eed573a-4367-48ef-ba5a-50813e859ecc	12	109685673	112257164	1155	-0.1152
7eed573a-4367-48ef-ba5a-50813e859ecc	12	112259699	112260377	2	1.9687
7eed573a-4367-48ef-ba5a-50813e859ecc	12	112261980	119551565	5524	-0.1999
7eed573a-4367-48ef-ba5a-50813e859ecc	12	119551841	124006982	2091	-0.1223
7eed573a-4367-48ef-ba5a-50813e859ecc	12	124009993	133201603	6945	-0.1908
7eed573a-4367-48ef-ba5a-50813e859ecc	13	18452809	37496998	13445	-0.0729
7eed573a-4367-48ef-ba5a-50813e859ecc	13	37497899	37514193	17	0.7409
7eed573a-4367-48ef-ba5a-50813e859ecc	13	37514237	114342922	50437	-0.0697
7eed573a-4367-48ef-ba5a-50813e859ecc	14	18239283	21917531	1492	-0.1819
7eed573a-4367-48ef-ba5a-50813e859ecc	14	21917596	22878345	771	-0.0221
7eed573a-4367-48ef-ba5a-50813e859ecc	14	22878419	106877229	52969	-0.1829
7eed573a-4367-48ef-ba5a-50813e859ecc	15	19811075	35177035	7940	-0.1828
7eed573a-4367-48ef-ba5a-50813e859ecc	15	35178356	35182479	3	1.9684
7eed573a-4367-48ef-ba5a-50813e859ecc	15	35182671	40194801	3533	-0.188
7eed573a-4367-48ef-ba5a-50813e859ecc	15	40194954	43022120	1407	-0.1231
7eed573a-4367-48ef-ba5a-50813e859ecc	15	43024871	43025323	2	1.7578
7eed573a-4367-48ef-ba5a-50813e859ecc	15	43025886	43604064	250	-0.1397
7eed573a-4367-48ef-ba5a-50813e859ecc	15	43637153	43721953	19	-1.1013
7eed573a-4367-48ef-ba5a-50813e859ecc	15	43722057	101928837	38215	-0.1753
7eed573a-4367-48ef-ba5a-50813e859ecc	16	10777	21361279	14356	0.2319
7eed573a-4367-48ef-ba5a-50813e859ecc	16	21368130	21582313	26	-0.2498
7eed573a-4367-48ef-ba5a-50813e859ecc	16	21584992	22546990	362	0.2284
7eed573a-4367-48ef-ba5a-50813e859ecc	16	22547676	22699421	71	-0.3626
7eed573a-4367-48ef-ba5a-50813e859ecc	16	22701658	22709045	7	0.6113
7eed573a-4367-48ef-ba5a-50813e859ecc	16	22710317	30161266	4441	0.245
7eed573a-4367-48ef-ba5a-50813e859ecc	16	30165200	34042508	748	0.4064
7eed573a-4367-48ef-ba5a-50813e859ecc	16	34043045	35210725	112	0.0331
7eed573a-4367-48ef-ba5a-50813e859ecc	16	35213515	35540942	188	0.5281
7eed573a-4367-48ef-ba5a-50813e859ecc	16	35546893	52371609	3819	0.0173
7eed573a-4367-48ef-ba5a-50813e859ecc	16	52373267	52380779	5	-0.7837
7eed573a-4367-48ef-ba5a-50813e859ecc	16	52383329	54375931	1532	0.0163
7eed573a-4367-48ef-ba5a-50813e859ecc	16	54376029	54386806	20	-0.5534
7eed573a-4367-48ef-ba5a-50813e859ecc	16	54386940	55762477	1199	-0.0016
7eed573a-4367-48ef-ba5a-50813e859ecc	16	55762598	55788485	20	-0.4653
7eed573a-4367-48ef-ba5a-50813e859ecc	16	55788532	67304594	7478	0.0177
7eed573a-4367-48ef-ba5a-50813e859ecc	16	67305232	70690849	1475	0.0807
7eed573a-4367-48ef-ba5a-50813e859ecc	16	70695353	78337711	5285	0.0138
7eed573a-4367-48ef-ba5a-50813e859ecc	16	78338543	78350841	16	-1.3115
7eed573a-4367-48ef-ba5a-50813e859ecc	16	78350868	90096867	10574	0.0104
7eed573a-4367-48ef-ba5a-50813e859ecc	17	150733	9034146	4981	-0.4031
7eed573a-4367-48ef-ba5a-50813e859ecc	17	9044051	15651247	4993	-0.4672
7eed573a-4367-48ef-ba5a-50813e859ecc	17	15654216	16798212	466	-0.3831
7eed573a-4367-48ef-ba5a-50813e859ecc	17	16806233	16838214	8	0.6669
7eed573a-4367-48ef-ba5a-50813e859ecc	17	16838470	18375453	883	-0.3994
7eed573a-4367-48ef-ba5a-50813e859ecc	17	18375514	18380385	10	0.3757
7eed573a-4367-48ef-ba5a-50813e859ecc	17	18380399	18455632	13	-0.4555
7eed573a-4367-48ef-ba5a-50813e859ecc	17	18455635	18550123	23	-1.621
7eed573a-4367-48ef-ba5a-50813e859ecc	17	18561272	18593989	6	-0.4533
7eed573a-4367-48ef-ba5a-50813e859ecc	17	18596118	27336553	1659	-0.1588
7eed573a-4367-48ef-ba5a-50813e859ecc	17	27336778	33283534	2960	0.0404
7eed573a-4367-48ef-ba5a-50813e859ecc	17	33283693	33286245	3	1.8031
7eed573a-4367-48ef-ba5a-50813e859ecc	17	33286476	36511816	2289	0.0144
7eed573a-4367-48ef-ba5a-50813e859ecc	17	36514765	36524497	5	1.0573
7eed573a-4367-48ef-ba5a-50813e859ecc	17	36524512	37414542	609	0.0228
7eed573a-4367-48ef-ba5a-50813e859ecc	17	37416083	43153809	2945	0.0804
7eed573a-4367-48ef-ba5a-50813e859ecc	17	43155084	46085732	1417	0.0292
7eed573a-4367-48ef-ba5a-50813e859ecc	17	46088437	46286804	124	-0.2856
7eed573a-4367-48ef-ba5a-50813e859ecc	17	46323701	46446360	4	1.5666
7eed573a-4367-48ef-ba5a-50813e859ecc	17	46569894	51441990	2475	0.1565
7eed573a-4367-48ef-ba5a-50813e859ecc	17	51442196	52205172	608	0.0159
7eed573a-4367-48ef-ba5a-50813e859ecc	17	52205474	61389340	5824	0.1343
7eed573a-4367-48ef-ba5a-50813e859ecc	17	61393481	62354007	477	-0.4025
7eed573a-4367-48ef-ba5a-50813e859ecc	17	62355992	63868089	664	0.1305
7eed573a-4367-48ef-ba5a-50813e859ecc	17	63876752	63877129	4	-1.2782
7eed573a-4367-48ef-ba5a-50813e859ecc	17	63879731	70613091	4163	0.1428
7eed573a-4367-48ef-ba5a-50813e859ecc	17	70613356	71026447	356	-0.4915
7eed573a-4367-48ef-ba5a-50813e859ecc	17	71030807	71835379	658	0.1143
7eed573a-4367-48ef-ba5a-50813e859ecc	17	71835902	83091923	6289	-0.4326
7eed573a-4367-48ef-ba5a-50813e859ecc	18	48133	290295	103	-0.1411
7eed573a-4367-48ef-ba5a-50813e859ecc	18	290297	290299	2	1.8022
7eed573a-4367-48ef-ba5a-50813e859ecc	18	290807	5991271	4134	-0.0578
7eed573a-4367-48ef-ba5a-50813e859ecc	18	5991481	6548121	381	0.0724
7eed573a-4367-48ef-ba5a-50813e859ecc	18	6552646	69076108	37766	-0.0736
7eed573a-4367-48ef-ba5a-50813e859ecc	18	69078869	69090459	38	-0.809
7eed573a-4367-48ef-ba5a-50813e859ecc	18	69090472	73925436	3616	-0.0365
7eed573a-4367-48ef-ba5a-50813e859ecc	18	73925872	73927768	2	1.9958
7eed573a-4367-48ef-ba5a-50813e859ecc	18	73934126	80257174	4530	-0.0872
7eed573a-4367-48ef-ba5a-50813e859ecc	19	90910	3308078	889	-0.3383
7eed573a-4367-48ef-ba5a-50813e859ecc	19	3308098	3319720	2	-2.2098
7eed573a-4367-48ef-ba5a-50813e859ecc	19	3319783	5851108	845	-0.3769
7eed573a-4367-48ef-ba5a-50813e859ecc	19	5858643	5858784	2	2.5189
7eed573a-4367-48ef-ba5a-50813e859ecc	19	5859154	7991789	1037	-0.3964
7eed573a-4367-48ef-ba5a-50813e859ecc	19	7992398	14928127	3302	-0.3485
7eed573a-4367-48ef-ba5a-50813e859ecc	19	14934380	14938487	3	-1.5995
7eed573a-4367-48ef-ba5a-50813e859ecc	19	14940475	19398197	2244	-0.3291
7eed573a-4367-48ef-ba5a-50813e859ecc	19	19399814	24324365	2796	-0.4114
7eed573a-4367-48ef-ba5a-50813e859ecc	19	24324370	27589857	51	0.2289
7eed573a-4367-48ef-ba5a-50813e859ecc	19	27589907	27706033	23	-0.3204
7eed573a-4367-48ef-ba5a-50813e859ecc	19	27707365	32921860	3866	0.0299
7eed573a-4367-48ef-ba5a-50813e859ecc	19	32921942	32925285	3	-1.3104
7eed573a-4367-48ef-ba5a-50813e859ecc	19	32926138	34117010	788	0.0384
7eed573a-4367-48ef-ba5a-50813e859ecc	19	34117694	52808310	9651	0.0888
7eed573a-4367-48ef-ba5a-50813e859ecc	19	52808581	52809234	2	2.6585
7eed573a-4367-48ef-ba5a-50813e859ecc	19	52813087	53021401	157	0.061
7eed573a-4367-48ef-ba5a-50813e859ecc	19	53022009	53043602	16	0.5435
7eed573a-4367-48ef-ba5a-50813e859ecc	19	53044108	53459743	309	0.0736
7eed573a-4367-48ef-ba5a-50813e859ecc	19	53461150	53461165	2	-1.8025
7eed573a-4367-48ef-ba5a-50813e859ecc	19	53461278	53719570	195	-0.0195
7eed573a-4367-48ef-ba5a-50813e859ecc	19	53719929	53753860	33	-0.3361
7eed573a-4367-48ef-ba5a-50813e859ecc	19	53756733	54828278	543	0.1029
7eed573a-4367-48ef-ba5a-50813e859ecc	19	54835675	54854175	10	-0.5904
7eed573a-4367-48ef-ba5a-50813e859ecc	19	54856748	55700565	382	0.0873
7eed573a-4367-48ef-ba5a-50813e859ecc	19	55700750	55701680	2	1.9401
7eed573a-4367-48ef-ba5a-50813e859ecc	19	55704280	55766684	52	0.0986
7eed573a-4367-48ef-ba5a-50813e859ecc	19	55770704	55771701	5	-1.2813
7eed573a-4367-48ef-ba5a-50813e859ecc	19	55774927	58586487	1838	0.0652
7eed573a-4367-48ef-ba5a-50813e859ecc	20	80664	80667	4	0.6569
7eed573a-4367-48ef-ba5a-50813e859ecc	20	80668	159445	64	0.2819
7eed573a-4367-48ef-ba5a-50813e859ecc	20	159639	1576590	1115	0.0233
7eed573a-4367-48ef-ba5a-50813e859ecc	20	1576866	1580353	18	0.3112
7eed573a-4367-48ef-ba5a-50813e859ecc	20	1580934	1609888	39	1.1506
7eed573a-4367-48ef-ba5a-50813e859ecc	20	1613203	5781088	2995	0.0486
7eed573a-4367-48ef-ba5a-50813e859ecc	20	5782370	6136732	282	-0.0977
7eed573a-4367-48ef-ba5a-50813e859ecc	20	6138082	13517900	5895	0.0207
7eed573a-4367-48ef-ba5a-50813e859ecc	20	13521934	18052884	3706	-0.131
7eed573a-4367-48ef-ba5a-50813e859ecc	20	18055193	23167888	3865	0.0124
7eed573a-4367-48ef-ba5a-50813e859ecc	20	23168335	23168338	2	2.8129
7eed573a-4367-48ef-ba5a-50813e859ecc	20	23180161	30325927	2007	0.0297
7eed573a-4367-48ef-ba5a-50813e859ecc	20	30332718	38357231	3675	-0.1357
7eed573a-4367-48ef-ba5a-50813e859ecc	20	38357381	41187627	1969	-0.3143
7eed573a-4367-48ef-ba5a-50813e859ecc	20	41192363	51429942	7244	-0.1718
7eed573a-4367-48ef-ba5a-50813e859ecc	20	51430039	53280576	1386	-0.2736
7eed573a-4367-48ef-ba5a-50813e859ecc	20	53291517	54757329	1207	0.1456
7eed573a-4367-48ef-ba5a-50813e859ecc	20	54758714	56958521	1774	-0.3078
7eed573a-4367-48ef-ba5a-50813e859ecc	20	56959982	64324800	5053	1.3511
7eed573a-4367-48ef-ba5a-50813e859ecc	21	10354168	10494350	19	-0.36
7eed573a-4367-48ef-ba5a-50813e859ecc	21	10511939	13166157	91	0.0478
7eed573a-4367-48ef-ba5a-50813e859ecc	21	13166236	13822907	168	-0.386
7eed573a-4367-48ef-ba5a-50813e859ecc	21	13823535	13837028	6	-1.4648
7eed573a-4367-48ef-ba5a-50813e859ecc	21	13837084	23057545	6555	-0.4559
7eed573a-4367-48ef-ba5a-50813e859ecc	21	23057562	23077886	43	-0.0262
7eed573a-4367-48ef-ba5a-50813e859ecc	21	23078230	37359058	10263	-0.4553
7eed573a-4367-48ef-ba5a-50813e859ecc	21	37362084	37362508	2	-2.5248
7eed573a-4367-48ef-ba5a-50813e859ecc	21	37372591	41483600	3652	-0.4713
7eed573a-4367-48ef-ba5a-50813e859ecc	21	41483707	41483754	4	0.7975
7eed573a-4367-48ef-ba5a-50813e859ecc	21	41484285	46677045	2973	-0.4443
7eed573a-4367-48ef-ba5a-50813e859ecc	22	15294547	16804770	163	-0.16
7eed573a-4367-48ef-ba5a-50813e859ecc	22	16805257	19205881	1144	-0.4643
7eed573a-4367-48ef-ba5a-50813e859ecc	22	19205953	22415626	2150	-0.1443
7eed573a-4367-48ef-ba5a-50813e859ecc	22	22416128	23378024	572	-0.3031
7eed573a-4367-48ef-ba5a-50813e859ecc	22	23378233	26511933	2383	-0.1833
7eed573a-4367-48ef-ba5a-50813e859ecc	22	26514033	28645344	1808	-0.2867
7eed573a-4367-48ef-ba5a-50813e859ecc	22	28645889	31019501	1364	-0.2221
7eed573a-4367-48ef-ba5a-50813e859ecc	22	31019850	31053199	15	-0.7309
7eed573a-4367-48ef-ba5a-50813e859ecc	22	31053755	32483630	858	-0.217
7eed573a-4367-48ef-ba5a-50813e859ecc	22	32484598	36374612	3271	-0.2871
7eed573a-4367-48ef-ba5a-50813e859ecc	22	36374829	36694372	228	-0.0569
7eed573a-4367-48ef-ba5a-50813e859ecc	22	36700882	37737696	640	-0.2803
7eed573a-4367-48ef-ba5a-50813e859ecc	22	37738483	38143077	172	-0.1734
7eed573a-4367-48ef-ba5a-50813e859ecc	22	38143160	38147347	4	-1.6228
7eed573a-4367-48ef-ba5a-50813e859ecc	22	38147446	38440732	160	-0.2333
7eed573a-4367-48ef-ba5a-50813e859ecc	22	38442242	46901697	5239	-0.0679
7eed573a-4367-48ef-ba5a-50813e859ecc	22	46901774	48955627	1884	-0.1262
7eed573a-4367-48ef-ba5a-50813e859ecc	22	48955650	49015003	55	0.0211
7eed573a-4367-48ef-ba5a-50813e859ecc	22	49015577	50796027	1123	-0.1787
7eed573a-4367-48ef-ba5a-50813e859ecc	X	251810	12167763	7019	-0.0029
7eed573a-4367-48ef-ba5a-50813e859ecc	X	12167911	12168479	2	-4.4075
7eed573a-4367-48ef-ba5a-50813e859ecc	X	12169035	134740405	63443	-0.005
7eed573a-4367-48ef-ba5a-50813e859ecc	X	134741302	134743109	2	-4.8372
7eed573a-4367-48ef-ba5a-50813e859ecc	X	134743251	148402648	8673	-0.0207
7eed573a-4367-48ef-ba5a-50813e859ecc	X	148404401	148404465	2	-2.9611
7eed573a-4367-48ef-ba5a-50813e859ecc	X	148404796	155952689	4036	0.0021
7eed573a-4367-48ef-ba5a-50813e859ecc	Y	2782397	12431926	2771	-1.0333
7eed573a-4367-48ef-ba5a-50813e859ecc	Y	12432420	17452014	2435	-1.2957
7eed573a-4367-48ef-ba5a-50813e859ecc	Y	17452645	20425048	558	-0.9867
7eed573a-4367-48ef-ba5a-50813e859ecc	Y	20427568	24472988	681	-1.1665
7eed573a-4367-48ef-ba5a-50813e859ecc	Y	24856206	56872112	183	-1.034
