GDC_Aliquot	Chromosome	Start	End	Num_Probes	Segment_Mean
4781fd42-b9f6-4f34-969d-8b12ea51a675	1	62920	48092857	26584	0.0056
4781fd42-b9f6-4f34-969d-8b12ea51a675	1	48096394	48116168	18	-1.0127
4781fd42-b9f6-4f34-969d-8b12ea51a675	1	48123876	72303233	16164	0.005
4781fd42-b9f6-4f34-969d-8b12ea51a675	1	72303253	72345465	45	-1.1676
4781fd42-b9f6-4f34-969d-8b12ea51a675	1	72346221	111769532	25167	0.0013
4781fd42-b9f6-4f34-969d-8b12ea51a675	1	111769589	111769929	3	1.1997
4781fd42-b9f6-4f34-969d-8b12ea51a675	1	111770456	112147704	363	0.0224
4781fd42-b9f6-4f34-969d-8b12ea51a675	1	112153343	112163334	26	0.4384
4781fd42-b9f6-4f34-969d-8b12ea51a675	1	112163438	143734438	5257	0.0071
4781fd42-b9f6-4f34-969d-8b12ea51a675	1	143748012	143754077	17	0.6213
4781fd42-b9f6-4f34-969d-8b12ea51a675	1	143754192	187746723	26035	0.002
4781fd42-b9f6-4f34-969d-8b12ea51a675	1	187748429	187752238	2	-2.2549
4781fd42-b9f6-4f34-969d-8b12ea51a675	1	187755479	188615142	568	-0.0021
4781fd42-b9f6-4f34-969d-8b12ea51a675	1	188617958	188618710	2	-1.4886
4781fd42-b9f6-4f34-969d-8b12ea51a675	1	188619475	193186662	2994	-0.0034
4781fd42-b9f6-4f34-969d-8b12ea51a675	1	193187149	193187218	4	1.1199
4781fd42-b9f6-4f34-969d-8b12ea51a675	1	193190593	194479104	938	-0.0063
4781fd42-b9f6-4f34-969d-8b12ea51a675	1	194482281	194485888	2	-2.1071
4781fd42-b9f6-4f34-969d-8b12ea51a675	1	194487886	196772186	1465	0.0029
4781fd42-b9f6-4f34-969d-8b12ea51a675	1	196772237	196780691	12	-0.6381
4781fd42-b9f6-4f34-969d-8b12ea51a675	1	196780705	209897717	8811	0.0054
4781fd42-b9f6-4f34-969d-8b12ea51a675	1	209908268	209910639	3	1.4294
4781fd42-b9f6-4f34-969d-8b12ea51a675	1	209913207	217536548	5374	-0.0025
4781fd42-b9f6-4f34-969d-8b12ea51a675	1	217537191	217537218	2	-2.2606
4781fd42-b9f6-4f34-969d-8b12ea51a675	1	217546221	222801584	3530	0.0044
4781fd42-b9f6-4f34-969d-8b12ea51a675	1	222802841	222816946	11	-0.8653
4781fd42-b9f6-4f34-969d-8b12ea51a675	1	222817311	248930189	18092	0.0004
4781fd42-b9f6-4f34-969d-8b12ea51a675	2	12784	33537896	23339	0.0093
4781fd42-b9f6-4f34-969d-8b12ea51a675	2	33540701	33543045	2	-2.0211
4781fd42-b9f6-4f34-969d-8b12ea51a675	2	33545200	34295406	636	0.0221
4781fd42-b9f6-4f34-969d-8b12ea51a675	2	34298911	34300513	2	-1.5251
4781fd42-b9f6-4f34-969d-8b12ea51a675	2	34300900	34427804	84	0.021
4781fd42-b9f6-4f34-969d-8b12ea51a675	2	34434869	34512096	58	0.5161
4781fd42-b9f6-4f34-969d-8b12ea51a675	2	34512489	41011095	4796	0.0066
4781fd42-b9f6-4f34-969d-8b12ea51a675	2	41011303	41016287	20	-0.5167
4781fd42-b9f6-4f34-969d-8b12ea51a675	2	41018409	52527330	8173	0.0052
4781fd42-b9f6-4f34-969d-8b12ea51a675	2	52527342	52554157	31	-0.8067
4781fd42-b9f6-4f34-969d-8b12ea51a675	2	52554188	78473831	16752	0.011
4781fd42-b9f6-4f34-969d-8b12ea51a675	2	78474950	78494776	14	-0.9045
4781fd42-b9f6-4f34-969d-8b12ea51a675	2	78498405	86710564	5133	-0.0014
4781fd42-b9f6-4f34-969d-8b12ea51a675	2	86725947	86726731	2	-2.0176
4781fd42-b9f6-4f34-969d-8b12ea51a675	2	86743283	89897956	856	0.0229
4781fd42-b9f6-4f34-969d-8b12ea51a675	2	89920951	89960252	6	0.9585
4781fd42-b9f6-4f34-969d-8b12ea51a675	2	89963133	97359885	1066	0.0185
4781fd42-b9f6-4f34-969d-8b12ea51a675	2	97524284	97545726	9	-1.0642
4781fd42-b9f6-4f34-969d-8b12ea51a675	2	97550415	128880504	18954	0.0036
4781fd42-b9f6-4f34-969d-8b12ea51a675	2	128880904	128882741	15	-0.7175
4781fd42-b9f6-4f34-969d-8b12ea51a675	2	128882755	212504894	50570	0.0055
4781fd42-b9f6-4f34-969d-8b12ea51a675	2	212505638	212505978	2	-2.5758
4781fd42-b9f6-4f34-969d-8b12ea51a675	2	212508264	242147305	18883	0.005
4781fd42-b9f6-4f34-969d-8b12ea51a675	3	20930	6275672	5549	-0.0136
4781fd42-b9f6-4f34-969d-8b12ea51a675	3	6277576	6293785	19	0.5559
4781fd42-b9f6-4f34-969d-8b12ea51a675	3	6296749	6604856	242	-0.0148
4781fd42-b9f6-4f34-969d-8b12ea51a675	3	6609441	6611427	19	-0.8336
4781fd42-b9f6-4f34-969d-8b12ea51a675	3	6611461	12656338	4682	-0.0012
4781fd42-b9f6-4f34-969d-8b12ea51a675	3	12656361	12660057	13	0.4992
4781fd42-b9f6-4f34-969d-8b12ea51a675	3	12660082	19958303	4508	-0.0032
4781fd42-b9f6-4f34-969d-8b12ea51a675	3	19961680	19961736	2	-1.5576
4781fd42-b9f6-4f34-969d-8b12ea51a675	3	19964543	68697013	32714	-0.0015
4781fd42-b9f6-4f34-969d-8b12ea51a675	3	68697108	68698262	14	-0.8827
4781fd42-b9f6-4f34-969d-8b12ea51a675	3	68699607	75372019	4867	0.0038
4781fd42-b9f6-4f34-969d-8b12ea51a675	3	75377956	75571744	72	-0.843
4781fd42-b9f6-4f34-969d-8b12ea51a675	3	75589590	99218940	10948	0.0024
4781fd42-b9f6-4f34-969d-8b12ea51a675	3	99225614	99226455	14	-1.5236
4781fd42-b9f6-4f34-969d-8b12ea51a675	3	99226551	99230212	13	-3.167
4781fd42-b9f6-4f34-969d-8b12ea51a675	3	99230225	99230464	9	-1.2086
4781fd42-b9f6-4f34-969d-8b12ea51a675	3	99230470	193160113	58193	-0.0012
4781fd42-b9f6-4f34-969d-8b12ea51a675	3	193160173	193165114	19	2.0871
4781fd42-b9f6-4f34-969d-8b12ea51a675	3	193168646	195685341	1489	0.0037
4781fd42-b9f6-4f34-969d-8b12ea51a675	3	195691392	195752877	42	-0.5846
4781fd42-b9f6-4f34-969d-8b12ea51a675	3	195754940	197613975	919	0.0073
4781fd42-b9f6-4f34-969d-8b12ea51a675	3	197621717	197671345	3	-1.4689
4781fd42-b9f6-4f34-969d-8b12ea51a675	3	197676287	198169247	240	0.0017
4781fd42-b9f6-4f34-969d-8b12ea51a675	4	68929	5308576	2524	-0.0089
4781fd42-b9f6-4f34-969d-8b12ea51a675	4	5308694	5319207	6	-1.0627
4781fd42-b9f6-4f34-969d-8b12ea51a675	4	5321568	34777432	20166	-0.0011
4781fd42-b9f6-4f34-969d-8b12ea51a675	4	34784878	34822561	37	0.6845
4781fd42-b9f6-4f34-969d-8b12ea51a675	4	34823103	62804351	15983	0.0016
4781fd42-b9f6-4f34-969d-8b12ea51a675	4	62804836	62805944	6	-0.8847
4781fd42-b9f6-4f34-969d-8b12ea51a675	4	62813912	63828222	556	-0.0028
4781fd42-b9f6-4f34-969d-8b12ea51a675	4	63831751	63840033	19	-0.7574
4781fd42-b9f6-4f34-969d-8b12ea51a675	4	63841863	63842540	8	-2.6076
4781fd42-b9f6-4f34-969d-8b12ea51a675	4	63850713	68506285	2867	0.001
4781fd42-b9f6-4f34-969d-8b12ea51a675	4	68509223	68663241	70	0.6364
4781fd42-b9f6-4f34-969d-8b12ea51a675	4	68671434	137017547	40778	-0.0011
4781fd42-b9f6-4f34-969d-8b12ea51a675	4	137017561	137017653	2	1.977
4781fd42-b9f6-4f34-969d-8b12ea51a675	4	137017888	154881396	10911	0.0024
4781fd42-b9f6-4f34-969d-8b12ea51a675	4	154881853	154881926	3	-2.7413
4781fd42-b9f6-4f34-969d-8b12ea51a675	4	154882047	171448195	10588	-0.0013
4781fd42-b9f6-4f34-969d-8b12ea51a675	4	171453733	171456625	12	1.431
4781fd42-b9f6-4f34-969d-8b12ea51a675	4	171459220	172066777	396	-0.0219
4781fd42-b9f6-4f34-969d-8b12ea51a675	4	172067997	172074828	13	0.6738
4781fd42-b9f6-4f34-969d-8b12ea51a675	4	172075742	187049935	10150	-0.0058
4781fd42-b9f6-4f34-969d-8b12ea51a675	4	187050156	187051053	2	-2.0252
4781fd42-b9f6-4f34-969d-8b12ea51a675	4	187056923	190106768	1907	-0.0166
4781fd42-b9f6-4f34-969d-8b12ea51a675	5	15532	10768657	8711	-0.0038
4781fd42-b9f6-4f34-969d-8b12ea51a675	5	10768823	10804271	36	-0.2954
4781fd42-b9f6-4f34-969d-8b12ea51a675	5	10804287	17601444	4617	0.0004
4781fd42-b9f6-4f34-969d-8b12ea51a675	5	17601619	17625524	10	-0.8982
4781fd42-b9f6-4f34-969d-8b12ea51a675	5	17629411	21449167	2321	0.0006
4781fd42-b9f6-4f34-969d-8b12ea51a675	5	21451091	21452387	6	0.9035
4781fd42-b9f6-4f34-969d-8b12ea51a675	5	21454830	27524345	3525	0.001
4781fd42-b9f6-4f34-969d-8b12ea51a675	5	27525283	27525913	10	-0.7889
4781fd42-b9f6-4f34-969d-8b12ea51a675	5	27527372	56957199	15782	-0.0016
4781fd42-b9f6-4f34-969d-8b12ea51a675	5	56958658	56958900	2	-1.7785
4781fd42-b9f6-4f34-969d-8b12ea51a675	5	56959644	104171056	27306	-0.0012
4781fd42-b9f6-4f34-969d-8b12ea51a675	5	104174079	104198425	22	-0.8948
4781fd42-b9f6-4f34-969d-8b12ea51a675	5	104199787	104515520	202	0.0295
4781fd42-b9f6-4f34-969d-8b12ea51a675	5	104524672	104524903	4	2.3077
4781fd42-b9f6-4f34-969d-8b12ea51a675	5	104525348	150822643	29762	-0.0008
4781fd42-b9f6-4f34-969d-8b12ea51a675	5	150825938	150839042	8	-0.933
4781fd42-b9f6-4f34-969d-8b12ea51a675	5	150843825	152134458	959	0.0045
4781fd42-b9f6-4f34-969d-8b12ea51a675	5	152134475	152137227	12	-0.6401
4781fd42-b9f6-4f34-969d-8b12ea51a675	5	152138502	156049910	2666	-0.0063
4781fd42-b9f6-4f34-969d-8b12ea51a675	5	156049988	156055719	12	-0.7131
4781fd42-b9f6-4f34-969d-8b12ea51a675	5	156068240	177771448	14799	0.0019
4781fd42-b9f6-4f34-969d-8b12ea51a675	5	177800550	177805604	3	2.5672
4781fd42-b9f6-4f34-969d-8b12ea51a675	5	177827964	180947523	1796	0.004
4781fd42-b9f6-4f34-969d-8b12ea51a675	5	180951710	180991103	19	-1.8688
4781fd42-b9f6-4f34-969d-8b12ea51a675	5	181006225	181363319	170	0.0112
4781fd42-b9f6-4f34-969d-8b12ea51a675	6	149661	254283	101	-0.0338
4781fd42-b9f6-4f34-969d-8b12ea51a675	6	257353	279695	13	-0.8857
4781fd42-b9f6-4f34-969d-8b12ea51a675	6	280399	378703	84	-0.3325
4781fd42-b9f6-4f34-969d-8b12ea51a675	6	379015	6025978	4645	-0.0061
4781fd42-b9f6-4f34-969d-8b12ea51a675	6	6033698	6034203	3	-1.3681
4781fd42-b9f6-4f34-969d-8b12ea51a675	6	6036812	29882603	16804	-0.0013
4781fd42-b9f6-4f34-969d-8b12ea51a675	6	29903859	29940692	17	-0.6022
4781fd42-b9f6-4f34-969d-8b12ea51a675	6	29946443	54066269	14905	-0.0025
4781fd42-b9f6-4f34-969d-8b12ea51a675	6	54066286	54067057	8	1.2361
4781fd42-b9f6-4f34-969d-8b12ea51a675	6	54070550	65689656	4918	0.0035
4781fd42-b9f6-4f34-969d-8b12ea51a675	6	65689660	65693959	19	-0.7588
4781fd42-b9f6-4f34-969d-8b12ea51a675	6	65697234	78252909	8206	0.0051
4781fd42-b9f6-4f34-969d-8b12ea51a675	6	78253157	78325468	113	-0.4939
4781fd42-b9f6-4f34-969d-8b12ea51a675	6	78329517	170741917	59631	-0.0049
4781fd42-b9f6-4f34-969d-8b12ea51a675	7	43355	54305455	38432	-0.0007
4781fd42-b9f6-4f34-969d-8b12ea51a675	7	54318812	54318824	6	2.3479
4781fd42-b9f6-4f34-969d-8b12ea51a675	7	54325795	67732366	4070	-0.0016
4781fd42-b9f6-4f34-969d-8b12ea51a675	7	67734842	67739409	4	-1.168
4781fd42-b9f6-4f34-969d-8b12ea51a675	7	67742850	101409205	19294	0.0006
4781fd42-b9f6-4f34-969d-8b12ea51a675	7	101416451	101416668	2	-2.0013
4781fd42-b9f6-4f34-969d-8b12ea51a675	7	101419630	109801155	5068	0.0012
4781fd42-b9f6-4f34-969d-8b12ea51a675	7	109801187	109813801	10	0.7719
4781fd42-b9f6-4f34-969d-8b12ea51a675	7	109813853	110027491	140	-0.0062
4781fd42-b9f6-4f34-969d-8b12ea51a675	7	110027515	110028132	2	-1.3338
4781fd42-b9f6-4f34-969d-8b12ea51a675	7	110041099	122093330	7254	0.0028
4781fd42-b9f6-4f34-969d-8b12ea51a675	7	122094880	122160338	31	-0.9114
4781fd42-b9f6-4f34-969d-8b12ea51a675	7	122163643	126405502	2592	0.0042
4781fd42-b9f6-4f34-969d-8b12ea51a675	7	126405597	126406489	8	-0.9534
4781fd42-b9f6-4f34-969d-8b12ea51a675	7	126406546	134100424	4700	0.0021
4781fd42-b9f6-4f34-969d-8b12ea51a675	7	134100442	134105690	23	0.7811
4781fd42-b9f6-4f34-969d-8b12ea51a675	7	134110881	142060194	5197	0.0006
4781fd42-b9f6-4f34-969d-8b12ea51a675	7	142061030	142083169	19	-0.9264
4781fd42-b9f6-4f34-969d-8b12ea51a675	7	142084696	144199159	1219	-0.0049
4781fd42-b9f6-4f34-969d-8b12ea51a675	7	144207186	144352208	15	-0.661
4781fd42-b9f6-4f34-969d-8b12ea51a675	7	144377836	154598185	6408	-0.0011
4781fd42-b9f6-4f34-969d-8b12ea51a675	7	154601461	154607903	4	1.1362
4781fd42-b9f6-4f34-969d-8b12ea51a675	7	154609120	156599096	1608	-0.0027
4781fd42-b9f6-4f34-969d-8b12ea51a675	7	156600474	156601485	3	-1.2061
4781fd42-b9f6-4f34-969d-8b12ea51a675	7	156602214	159334314	1624	-0.0127
4781fd42-b9f6-4f34-969d-8b12ea51a675	8	81254	643041	322	-0.0502
4781fd42-b9f6-4f34-969d-8b12ea51a675	8	644944	645908	10	1.2092
4781fd42-b9f6-4f34-969d-8b12ea51a675	8	656117	1418902	565	-0.0017
4781fd42-b9f6-4f34-969d-8b12ea51a675	8	1419196	1419436	2	-1.7091
4781fd42-b9f6-4f34-969d-8b12ea51a675	8	1419522	4137245	2792	-0.0102
4781fd42-b9f6-4f34-969d-8b12ea51a675	8	4140085	4144794	9	-1.0373
4781fd42-b9f6-4f34-969d-8b12ea51a675	8	4145131	4145783	10	-0.1341
4781fd42-b9f6-4f34-969d-8b12ea51a675	8	4145941	4145956	2	-2.5773
4781fd42-b9f6-4f34-969d-8b12ea51a675	8	4146039	5741828	2295	0.0038
4781fd42-b9f6-4f34-969d-8b12ea51a675	8	5743780	5743796	2	1.6758
4781fd42-b9f6-4f34-969d-8b12ea51a675	8	5743816	7182331	1712	-0.0181
4781fd42-b9f6-4f34-969d-8b12ea51a675	8	7185818	7380497	25	-0.4443
4781fd42-b9f6-4f34-969d-8b12ea51a675	8	7396819	7886542	22	0.2266
4781fd42-b9f6-4f34-969d-8b12ea51a675	8	7888457	7890177	4	-1.1159
4781fd42-b9f6-4f34-969d-8b12ea51a675	8	7919608	12176798	3244	-0.0039
4781fd42-b9f6-4f34-969d-8b12ea51a675	8	12177488	12418301	31	0.4689
4781fd42-b9f6-4f34-969d-8b12ea51a675	8	12419769	14652059	1959	0.0116
4781fd42-b9f6-4f34-969d-8b12ea51a675	8	14652523	14652565	3	-1.212
4781fd42-b9f6-4f34-969d-8b12ea51a675	8	14652887	18407644	3361	-0.0068
4781fd42-b9f6-4f34-969d-8b12ea51a675	8	18408647	18413675	4	-2.1724
4781fd42-b9f6-4f34-969d-8b12ea51a675	8	18413877	40914477	15244	-0.001
4781fd42-b9f6-4f34-969d-8b12ea51a675	8	40920333	40920952	2	-1.9216
4781fd42-b9f6-4f34-969d-8b12ea51a675	8	40926161	111282809	40898	-0.0025
4781fd42-b9f6-4f34-969d-8b12ea51a675	8	111282852	111283031	4	1.8456
4781fd42-b9f6-4f34-969d-8b12ea51a675	8	111288052	139591259	20246	-0.0053
4781fd42-b9f6-4f34-969d-8b12ea51a675	8	139592093	139593472	6	0.7803
4781fd42-b9f6-4f34-969d-8b12ea51a675	8	139594788	145072769	2652	0.0055
4781fd42-b9f6-4f34-969d-8b12ea51a675	9	46587	41639988	31230	0.0025
4781fd42-b9f6-4f34-969d-8b12ea51a675	9	41644133	42308537	46	-1.0576
4781fd42-b9f6-4f34-969d-8b12ea51a675	9	42501791	42574420	5	0.4272
4781fd42-b9f6-4f34-969d-8b12ea51a675	9	42585140	60894341	47	-0.1822
4781fd42-b9f6-4f34-969d-8b12ea51a675	9	60898630	61405110	8	0.4569
4781fd42-b9f6-4f34-969d-8b12ea51a675	9	61520021	61665362	31	-1.2446
4781fd42-b9f6-4f34-969d-8b12ea51a675	9	61668104	67168711	154	0.0432
4781fd42-b9f6-4f34-969d-8b12ea51a675	9	67216687	67375814	2	1.6855
4781fd42-b9f6-4f34-969d-8b12ea51a675	9	67402423	77154478	6515	0.0009
4781fd42-b9f6-4f34-969d-8b12ea51a675	9	77155482	77162488	29	0.5411
4781fd42-b9f6-4f34-969d-8b12ea51a675	9	77171212	138200944	41361	0.0034
4781fd42-b9f6-4f34-969d-8b12ea51a675	10	45792	4248622	3572	-0.001
4781fd42-b9f6-4f34-969d-8b12ea51a675	10	4248646	4248732	2	1.7935
4781fd42-b9f6-4f34-969d-8b12ea51a675	10	4248824	17885034	11258	0.0015
4781fd42-b9f6-4f34-969d-8b12ea51a675	10	17896194	17929793	4	-2.3102
4781fd42-b9f6-4f34-969d-8b12ea51a675	10	17934718	24088745	4333	-0.006
4781fd42-b9f6-4f34-969d-8b12ea51a675	10	24088746	24089125	10	-1.932
4781fd42-b9f6-4f34-969d-8b12ea51a675	10	24089979	46442116	12458	0.0018
4781fd42-b9f6-4f34-969d-8b12ea51a675	10	46446814	46967412	63	0.248
4781fd42-b9f6-4f34-969d-8b12ea51a675	10	47002596	47622159	287	-0.0332
4781fd42-b9f6-4f34-969d-8b12ea51a675	10	47627616	48079560	11	0.586
4781fd42-b9f6-4f34-969d-8b12ea51a675	10	48084420	87278584	26841	0.0036
4781fd42-b9f6-4f34-969d-8b12ea51a675	10	87286741	87310039	2	1.9503
4781fd42-b9f6-4f34-969d-8b12ea51a675	10	87310988	133654968	31771	0.0007
4781fd42-b9f6-4f34-969d-8b12ea51a675	11	198510	4946166	2416	0.0101
4781fd42-b9f6-4f34-969d-8b12ea51a675	11	4946420	4955027	30	0.6534
4781fd42-b9f6-4f34-969d-8b12ea51a675	11	4955042	5766175	783	0.0206
4781fd42-b9f6-4f34-969d-8b12ea51a675	11	5766850	5788231	34	-0.7769
4781fd42-b9f6-4f34-969d-8b12ea51a675	11	5791130	55595864	31184	-0.0005
4781fd42-b9f6-4f34-969d-8b12ea51a675	11	55606556	55608804	8	-0.8761
4781fd42-b9f6-4f34-969d-8b12ea51a675	11	55609022	55674842	40	-2.1831
4781fd42-b9f6-4f34-969d-8b12ea51a675	11	55676735	55685533	11	-0.9168
4781fd42-b9f6-4f34-969d-8b12ea51a675	11	55686100	135074876	52247	-0.0013
4781fd42-b9f6-4f34-969d-8b12ea51a675	12	51460	4276438	2877	0.0096
4781fd42-b9f6-4f34-969d-8b12ea51a675	12	4276627	4276648	2	1.4443
4781fd42-b9f6-4f34-969d-8b12ea51a675	12	4276884	9477960	3291	0.0016
4781fd42-b9f6-4f34-969d-8b12ea51a675	12	9481274	9562969	23	0.9738
4781fd42-b9f6-4f34-969d-8b12ea51a675	12	9575696	11062773	1034	-0.0066
4781fd42-b9f6-4f34-969d-8b12ea51a675	12	11064250	11088933	12	-1.1473
4781fd42-b9f6-4f34-969d-8b12ea51a675	12	11099275	11358644	133	-0.0031
4781fd42-b9f6-4f34-969d-8b12ea51a675	12	11359558	11399258	30	0.483
4781fd42-b9f6-4f34-969d-8b12ea51a675	12	11399668	45510655	20968	0.0044
4781fd42-b9f6-4f34-969d-8b12ea51a675	12	45512057	45515754	3	-2.2438
4781fd42-b9f6-4f34-969d-8b12ea51a675	12	45519509	58446371	7326	-0.0029
4781fd42-b9f6-4f34-969d-8b12ea51a675	12	58446533	58450183	5	-1.0601
4781fd42-b9f6-4f34-969d-8b12ea51a675	12	58450202	90089573	19880	0.0005
4781fd42-b9f6-4f34-969d-8b12ea51a675	12	90097892	90098297	7	-0.8651
4781fd42-b9f6-4f34-969d-8b12ea51a675	12	90099780	133201603	29181	0.0003
4781fd42-b9f6-4f34-969d-8b12ea51a675	13	18452809	24056776	3627	0.0025
4781fd42-b9f6-4f34-969d-8b12ea51a675	13	24058001	24058911	4	-1.0658
4781fd42-b9f6-4f34-969d-8b12ea51a675	13	24061115	27600497	2643	0.0002
4781fd42-b9f6-4f34-969d-8b12ea51a675	13	27602290	27602488	3	-1.7143
4781fd42-b9f6-4f34-969d-8b12ea51a675	13	27603729	48957415	15229	0.0004
4781fd42-b9f6-4f34-969d-8b12ea51a675	13	48959579	48962368	2	-2.1081
4781fd42-b9f6-4f34-969d-8b12ea51a675	13	48963569	57176962	4489	0.0058
4781fd42-b9f6-4f34-969d-8b12ea51a675	13	57184136	57204246	34	-0.7128
4781fd42-b9f6-4f34-969d-8b12ea51a675	13	57215580	66598647	5600	-0.0024
4781fd42-b9f6-4f34-969d-8b12ea51a675	13	66602087	66603651	2	-2.8056
4781fd42-b9f6-4f34-969d-8b12ea51a675	13	66604212	68668123	1278	0.009
4781fd42-b9f6-4f34-969d-8b12ea51a675	13	68674167	68694110	38	-0.6838
4781fd42-b9f6-4f34-969d-8b12ea51a675	13	68694987	82590399	9334	0.0021
4781fd42-b9f6-4f34-969d-8b12ea51a675	13	82594832	82596543	2	-2.654
4781fd42-b9f6-4f34-969d-8b12ea51a675	13	82598520	114342922	21787	-0.0037
4781fd42-b9f6-4f34-969d-8b12ea51a675	14	18239283	18605867	12	-0.2309
4781fd42-b9f6-4f34-969d-8b12ea51a675	14	18625765	19735307	57	0.3658
4781fd42-b9f6-4f34-969d-8b12ea51a675	14	19735726	23957515	2803	0.007
4781fd42-b9f6-4f34-969d-8b12ea51a675	14	23975620	24015250	23	0.4709
4781fd42-b9f6-4f34-969d-8b12ea51a675	14	24018934	73540147	31306	0.0057
4781fd42-b9f6-4f34-969d-8b12ea51a675	14	73542710	73583560	16	-0.608
4781fd42-b9f6-4f34-969d-8b12ea51a675	14	73589619	97686776	16195	-0.0025
4781fd42-b9f6-4f34-969d-8b12ea51a675	14	97687369	97688718	8	-0.8332
4781fd42-b9f6-4f34-969d-8b12ea51a675	14	97690252	105453862	4406	-0.0005
4781fd42-b9f6-4f34-969d-8b12ea51a675	14	105468051	106340102	250	0.1095
4781fd42-b9f6-4f34-969d-8b12ea51a675	14	106340305	106365807	10	-0.5325
4781fd42-b9f6-4f34-969d-8b12ea51a675	14	106369985	106503707	86	0.1753
4781fd42-b9f6-4f34-969d-8b12ea51a675	14	106504296	106877229	184	-0.0394
4781fd42-b9f6-4f34-969d-8b12ea51a675	15	19811075	20263311	66	0.001
4781fd42-b9f6-4f34-969d-8b12ea51a675	15	20267598	22385639	141	-0.3431
4781fd42-b9f6-4f34-969d-8b12ea51a675	15	22395047	24435538	996	0.0392
4781fd42-b9f6-4f34-969d-8b12ea51a675	15	24435590	24482084	31	0.3958
4781fd42-b9f6-4f34-969d-8b12ea51a675	15	24485848	30500366	3625	0.0027
4781fd42-b9f6-4f34-969d-8b12ea51a675	15	30503586	30608675	4	1.4572
4781fd42-b9f6-4f34-969d-8b12ea51a675	15	30621384	76598900	29026	0.0043
4781fd42-b9f6-4f34-969d-8b12ea51a675	15	76599170	76603434	21	0.9417
4781fd42-b9f6-4f34-969d-8b12ea51a675	15	76609838	101928837	17604	0.0043
4781fd42-b9f6-4f34-969d-8b12ea51a675	16	10777	78337711	41211	0.0048
4781fd42-b9f6-4f34-969d-8b12ea51a675	16	78338543	78350841	16	-2.093
4781fd42-b9f6-4f34-969d-8b12ea51a675	16	78350868	90096867	10615	-0.0004
4781fd42-b9f6-4f34-969d-8b12ea51a675	17	150733	15608819	9999	-0.0029
4781fd42-b9f6-4f34-969d-8b12ea51a675	17	15609752	15643476	5	-2.3926
4781fd42-b9f6-4f34-969d-8b12ea51a675	17	15650964	18712507	1441	0.0045
4781fd42-b9f6-4f34-969d-8b12ea51a675	17	18722676	18725135	4	1.0248
4781fd42-b9f6-4f34-969d-8b12ea51a675	17	18740195	41265456	9353	0.0022
4781fd42-b9f6-4f34-969d-8b12ea51a675	17	41266762	41274279	24	1.3746
4781fd42-b9f6-4f34-969d-8b12ea51a675	17	41276472	46099618	2507	0.0133
4781fd42-b9f6-4f34-969d-8b12ea51a675	17	46099684	46284643	113	-0.4634
4781fd42-b9f6-4f34-969d-8b12ea51a675	17	46284997	46446360	6	0.6843
4781fd42-b9f6-4f34-969d-8b12ea51a675	17	46569894	56081683	5799	0.0081
4781fd42-b9f6-4f34-969d-8b12ea51a675	17	56083553	56095230	26	-0.8514
4781fd42-b9f6-4f34-969d-8b12ea51a675	17	56095462	83091923	15730	0.0033
4781fd42-b9f6-4f34-969d-8b12ea51a675	18	48133	40678763	22767	0.0029
4781fd42-b9f6-4f34-969d-8b12ea51a675	18	40680456	40685425	19	0.4974
4781fd42-b9f6-4f34-969d-8b12ea51a675	18	40688060	66060309	17479	0.0046
4781fd42-b9f6-4f34-969d-8b12ea51a675	18	66060363	66061104	10	-1.5123
4781fd42-b9f6-4f34-969d-8b12ea51a675	18	66065502	80257174	10419	-0.001
4781fd42-b9f6-4f34-969d-8b12ea51a675	19	90910	20970252	9233	0.0012
4781fd42-b9f6-4f34-969d-8b12ea51a675	19	20970273	20970668	2	-1.9561
4781fd42-b9f6-4f34-969d-8b12ea51a675	19	20971362	51628560	15522	0.0078
4781fd42-b9f6-4f34-969d-8b12ea51a675	19	51639099	51644944	11	-0.873
4781fd42-b9f6-4f34-969d-8b12ea51a675	19	51651652	58586487	4336	-0.0074
4781fd42-b9f6-4f34-969d-8b12ea51a675	20	80664	189354	86	0.0453
4781fd42-b9f6-4f34-969d-8b12ea51a675	20	191198	195935	2	-1.9406
4781fd42-b9f6-4f34-969d-8b12ea51a675	20	198215	1576573	1097	-0.0134
4781fd42-b9f6-4f34-969d-8b12ea51a675	20	1576590	1580353	19	-0.7719
4781fd42-b9f6-4f34-969d-8b12ea51a675	20	1580934	1609809	38	0.0689
4781fd42-b9f6-4f34-969d-8b12ea51a675	20	1609888	1613247	3	1.7697
4781fd42-b9f6-4f34-969d-8b12ea51a675	20	1617300	54028329	33633	0.0015
4781fd42-b9f6-4f34-969d-8b12ea51a675	20	54031269	54046035	38	-0.7049
4781fd42-b9f6-4f34-969d-8b12ea51a675	20	54049104	64284715	7442	0.0064
4781fd42-b9f6-4f34-969d-8b12ea51a675	20	64323342	64324800	5	-1.5401
4781fd42-b9f6-4f34-969d-8b12ea51a675	21	10354168	46677045	23833	0.0026
4781fd42-b9f6-4f34-969d-8b12ea51a675	22	15294547	38967614	15235	0.0038
4781fd42-b9f6-4f34-969d-8b12ea51a675	22	38967679	38979302	23	-0.4901
4781fd42-b9f6-4f34-969d-8b12ea51a675	22	38993700	50796027	8014	0.0032
4781fd42-b9f6-4f34-969d-8b12ea51a675	X	251810	153229907	82522	0.001
4781fd42-b9f6-4f34-969d-8b12ea51a675	X	153294377	153302320	14	-0.6438
4781fd42-b9f6-4f34-969d-8b12ea51a675	X	153304220	155952689	994	0.0241
4781fd42-b9f6-4f34-969d-8b12ea51a675	Y	2782397	3117554	150	-2.8212
4781fd42-b9f6-4f34-969d-8b12ea51a675	Y	3137227	6249869	633	-2.5326
4781fd42-b9f6-4f34-969d-8b12ea51a675	Y	6252391	13478396	2478	-2.8739
4781fd42-b9f6-4f34-969d-8b12ea51a675	Y	13478462	13482643	3	-7.6439
4781fd42-b9f6-4f34-969d-8b12ea51a675	Y	13483009	56872112	3372	-2.8641
