GDC_Aliquot	Chromosome	Start	End	Num_Probes	Segment_Mean
0d08f514-9164-4a9a-9e21-3f9835a9a2f1	1	62920	3214026	701	0.0936
0d08f514-9164-4a9a-9e21-3f9835a9a2f1	1	3218611	15822848	7636	0.0053
0d08f514-9164-4a9a-9e21-3f9835a9a2f1	1	15823420	15827430	7	-1.2342
0d08f514-9164-4a9a-9e21-3f9835a9a2f1	1	15827706	16864367	360	0.0107
0d08f514-9164-4a9a-9e21-3f9835a9a2f1	1	16868660	16956580	57	-0.3916
0d08f514-9164-4a9a-9e21-3f9835a9a2f1	1	16958425	34626073	10233	0.0076
0d08f514-9164-4a9a-9e21-3f9835a9a2f1	1	34637053	34638890	20	-0.5519
0d08f514-9164-4a9a-9e21-3f9835a9a2f1	1	34648667	72303233	23754	0.0024
0d08f514-9164-4a9a-9e21-3f9835a9a2f1	1	72303253	72345465	45	-1.2565
0d08f514-9164-4a9a-9e21-3f9835a9a2f1	1	72346221	105470754	20945	-0.0045
0d08f514-9164-4a9a-9e21-3f9835a9a2f1	1	105476583	105479738	16	0.4476
0d08f514-9164-4a9a-9e21-3f9835a9a2f1	1	105479753	112147704	4597	0
0d08f514-9164-4a9a-9e21-3f9835a9a2f1	1	112153343	112154591	22	0.4403
0d08f514-9164-4a9a-9e21-3f9835a9a2f1	1	112154619	144442342	5298	0.0059
0d08f514-9164-4a9a-9e21-3f9835a9a2f1	1	144445555	145642990	13	-0.5819
0d08f514-9164-4a9a-9e21-3f9835a9a2f1	1	145664420	152582700	2291	0.0044
0d08f514-9164-4a9a-9e21-3f9835a9a2f1	1	152583051	152618486	41	0.356
0d08f514-9164-4a9a-9e21-3f9835a9a2f1	1	152618548	196745743	29645	0.0003
0d08f514-9164-4a9a-9e21-3f9835a9a2f1	1	196758720	196846661	61	0.5175
0d08f514-9164-4a9a-9e21-3f9835a9a2f1	1	196847600	248930189	35791	-0.0007
0d08f514-9164-4a9a-9e21-3f9835a9a2f1	2	12784	1294000	848	0.0053
0d08f514-9164-4a9a-9e21-3f9835a9a2f1	2	1295143	1908136	384	0.0991
0d08f514-9164-4a9a-9e21-3f9835a9a2f1	2	1910469	2610188	528	0.0028
0d08f514-9164-4a9a-9e21-3f9835a9a2f1	2	2610226	2610402	3	-0.9071
0d08f514-9164-4a9a-9e21-3f9835a9a2f1	2	2613432	13569368	8556	0.0102
0d08f514-9164-4a9a-9e21-3f9835a9a2f1	2	13573071	14222621	441	-0.0665
0d08f514-9164-4a9a-9e21-3f9835a9a2f1	2	14222642	14563570	275	0.0059
0d08f514-9164-4a9a-9e21-3f9835a9a2f1	2	14564825	14569897	11	-0.825
0d08f514-9164-4a9a-9e21-3f9835a9a2f1	2	14569968	52538386	26103	0.0026
0d08f514-9164-4a9a-9e21-3f9835a9a2f1	2	52538470	52563002	19	-0.4702
0d08f514-9164-4a9a-9e21-3f9835a9a2f1	2	52563355	106258266	29410	0.0033
0d08f514-9164-4a9a-9e21-3f9835a9a2f1	2	106263639	106268901	12	-1.4912
0d08f514-9164-4a9a-9e21-3f9835a9a2f1	2	106270799	116727503	5685	0.0052
0d08f514-9164-4a9a-9e21-3f9835a9a2f1	2	116728336	117647234	579	-0.0642
0d08f514-9164-4a9a-9e21-3f9835a9a2f1	2	117647276	124819088	4698	0.0143
0d08f514-9164-4a9a-9e21-3f9835a9a2f1	2	124822148	124868023	31	-0.284
0d08f514-9164-4a9a-9e21-3f9835a9a2f1	2	124871655	128880904	2394	0.0009
0d08f514-9164-4a9a-9e21-3f9835a9a2f1	2	128880928	128882741	14	-0.545
0d08f514-9164-4a9a-9e21-3f9835a9a2f1	2	128882755	130036283	875	0.0128
0d08f514-9164-4a9a-9e21-3f9835a9a2f1	2	130036310	130117303	14	-0.494
0d08f514-9164-4a9a-9e21-3f9835a9a2f1	2	130136424	211822526	49203	-0.0002
0d08f514-9164-4a9a-9e21-3f9835a9a2f1	2	211822670	211835355	10	-0.5733
0d08f514-9164-4a9a-9e21-3f9835a9a2f1	2	211835446	242147305	19376	0.008
0d08f514-9164-4a9a-9e21-3f9835a9a2f1	3	20930	26560273	19997	-0.0049
0d08f514-9164-4a9a-9e21-3f9835a9a2f1	3	26570006	26570394	7	-0.5422
0d08f514-9164-4a9a-9e21-3f9835a9a2f1	3	26570407	26570619	4	-0.0581
0d08f514-9164-4a9a-9e21-3f9835a9a2f1	3	26570673	26573486	7	-0.6256
0d08f514-9164-4a9a-9e21-3f9835a9a2f1	3	26574458	37935926	7591	-0.0001
0d08f514-9164-4a9a-9e21-3f9835a9a2f1	3	37940617	37945615	19	-0.6339
0d08f514-9164-4a9a-9e21-3f9835a9a2f1	3	37945651	136300257	58858	-0.0027
0d08f514-9164-4a9a-9e21-3f9835a9a2f1	3	136304109	136306584	2	-2.3927
0d08f514-9164-4a9a-9e21-3f9835a9a2f1	3	136319699	137314218	471	-0.0223
0d08f514-9164-4a9a-9e21-3f9835a9a2f1	3	137314418	137314591	11	-0.4922
0d08f514-9164-4a9a-9e21-3f9835a9a2f1	3	137322651	162795304	15753	-0.0002
0d08f514-9164-4a9a-9e21-3f9835a9a2f1	3	162795361	162908207	67	-1.3064
0d08f514-9164-4a9a-9e21-3f9835a9a2f1	3	162908784	162996729	72	-0.056
0d08f514-9164-4a9a-9e21-3f9835a9a2f1	3	162999939	163001774	2	1.0631
0d08f514-9164-4a9a-9e21-3f9835a9a2f1	3	163008371	167941968	2729	-0.008
0d08f514-9164-4a9a-9e21-3f9835a9a2f1	3	167942969	167943348	2	-1.6091
0d08f514-9164-4a9a-9e21-3f9835a9a2f1	3	167948129	189642489	13859	0.0004
0d08f514-9164-4a9a-9e21-3f9835a9a2f1	3	189642965	189646849	12	-0.5858
0d08f514-9164-4a9a-9e21-3f9835a9a2f1	3	189653199	193160113	2491	0.0064
0d08f514-9164-4a9a-9e21-3f9835a9a2f1	3	193160173	193165114	19	-1.0642
0d08f514-9164-4a9a-9e21-3f9835a9a2f1	3	193168646	198169247	2691	0.0134
0d08f514-9164-4a9a-9e21-3f9835a9a2f1	4	68929	10208766	5705	0.0163
0d08f514-9164-4a9a-9e21-3f9835a9a2f1	4	10221792	10233542	33	-0.5743
0d08f514-9164-4a9a-9e21-3f9835a9a2f1	4	10233558	34784878	16970	-0.0017
0d08f514-9164-4a9a-9e21-3f9835a9a2f1	4	34785333	34822561	36	0.416
0d08f514-9164-4a9a-9e21-3f9835a9a2f1	4	34823103	49214614	8964	-0.0043
0d08f514-9164-4a9a-9e21-3f9835a9a2f1	4	49289175	49289338	2	-2.0587
0d08f514-9164-4a9a-9e21-3f9835a9a2f1	4	49295203	54635561	1840	0.0119
0d08f514-9164-4a9a-9e21-3f9835a9a2f1	4	54635754	54639193	2	-1.4142
0d08f514-9164-4a9a-9e21-3f9835a9a2f1	4	54639766	63806949	5720	0.0033
0d08f514-9164-4a9a-9e21-3f9835a9a2f1	4	63807836	63850713	43	-0.3216
0d08f514-9164-4a9a-9e21-3f9835a9a2f1	4	63851308	114252544	30624	0.0006
0d08f514-9164-4a9a-9e21-3f9835a9a2f1	4	114254167	114263096	25	-0.9826
0d08f514-9164-4a9a-9e21-3f9835a9a2f1	4	114263110	151868634	22058	-0.0022
0d08f514-9164-4a9a-9e21-3f9835a9a2f1	4	151870381	151871739	13	-0.7469
0d08f514-9164-4a9a-9e21-3f9835a9a2f1	4	151873644	155964001	2729	0.0076
0d08f514-9164-4a9a-9e21-3f9835a9a2f1	4	155964036	155967367	7	-0.5743
0d08f514-9164-4a9a-9e21-3f9835a9a2f1	4	155969109	156035480	52	0.0155
0d08f514-9164-4a9a-9e21-3f9835a9a2f1	4	156046823	156052053	16	-0.8806
0d08f514-9164-4a9a-9e21-3f9835a9a2f1	4	156053545	160952773	3061	-0.0075
0d08f514-9164-4a9a-9e21-3f9835a9a2f1	4	160952788	160963432	21	-0.5921
0d08f514-9164-4a9a-9e21-3f9835a9a2f1	4	160963448	171448195	6666	-0.0007
0d08f514-9164-4a9a-9e21-3f9835a9a2f1	4	171453733	171456137	7	1.0893
0d08f514-9164-4a9a-9e21-3f9835a9a2f1	4	171456293	171829960	233	-0.0085
0d08f514-9164-4a9a-9e21-3f9835a9a2f1	4	171831109	171837885	8	-0.534
0d08f514-9164-4a9a-9e21-3f9835a9a2f1	4	171840067	172406118	349	-0.0193
0d08f514-9164-4a9a-9e21-3f9835a9a2f1	4	172408634	172537694	66	-0.2312
0d08f514-9164-4a9a-9e21-3f9835a9a2f1	4	172542320	190106768	11830	-0.0036
0d08f514-9164-4a9a-9e21-3f9835a9a2f1	5	15532	1871766	917	0.1044
0d08f514-9164-4a9a-9e21-3f9835a9a2f1	5	1872215	12791608	9265	0.0089
0d08f514-9164-4a9a-9e21-3f9835a9a2f1	5	12800777	12838421	15	-1.2223
0d08f514-9164-4a9a-9e21-3f9835a9a2f1	5	12849089	12977030	37	-0.0118
0d08f514-9164-4a9a-9e21-3f9835a9a2f1	5	12977395	12977974	3	-0.9599
0d08f514-9164-4a9a-9e21-3f9835a9a2f1	5	12978468	17515692	3133	0.0162
0d08f514-9164-4a9a-9e21-3f9835a9a2f1	5	17601444	17642442	19	-0.6767
0d08f514-9164-4a9a-9e21-3f9835a9a2f1	5	17655029	69550476	29670	0.0024
0d08f514-9164-4a9a-9e21-3f9835a9a2f1	5	69571467	69822308	5	-1.0758
0d08f514-9164-4a9a-9e21-3f9835a9a2f1	5	69937600	99484537	16606	0.0085
0d08f514-9164-4a9a-9e21-3f9835a9a2f1	5	99485248	100229863	445	-0.0848
0d08f514-9164-4a9a-9e21-3f9835a9a2f1	5	100231877	129351780	19117	-0.0002
0d08f514-9164-4a9a-9e21-3f9835a9a2f1	5	129351832	129354417	2	-1.2874
0d08f514-9164-4a9a-9e21-3f9835a9a2f1	5	129356005	140851980	6562	0.0036
0d08f514-9164-4a9a-9e21-3f9835a9a2f1	5	140852033	140852254	5	-1.1509
0d08f514-9164-4a9a-9e21-3f9835a9a2f1	5	140861442	180382935	26526	0.0021
0d08f514-9164-4a9a-9e21-3f9835a9a2f1	5	180383889	180399955	12	0.4569
0d08f514-9164-4a9a-9e21-3f9835a9a2f1	5	180399985	180947484	286	0.0042
0d08f514-9164-4a9a-9e21-3f9835a9a2f1	5	180947523	180987465	15	-0.3469
0d08f514-9164-4a9a-9e21-3f9835a9a2f1	5	180990207	181363319	175	0.031
0d08f514-9164-4a9a-9e21-3f9835a9a2f1	6	149661	254283	101	0.0624
0d08f514-9164-4a9a-9e21-3f9835a9a2f1	6	257353	366333	93	0.2831
0d08f514-9164-4a9a-9e21-3f9835a9a2f1	6	373453	771504	333	0.0237
0d08f514-9164-4a9a-9e21-3f9835a9a2f1	6	771711	776120	3	-1.1076
0d08f514-9164-4a9a-9e21-3f9835a9a2f1	6	776878	9525640	7078	0.0071
0d08f514-9164-4a9a-9e21-3f9835a9a2f1	6	9528280	9528811	2	-1.1758
0d08f514-9164-4a9a-9e21-3f9835a9a2f1	6	9530983	25420764	11788	0.0035
0d08f514-9164-4a9a-9e21-3f9835a9a2f1	6	25422125	25423079	3	-0.928
0d08f514-9164-4a9a-9e21-3f9835a9a2f1	6	25423775	29866002	2230	-0.0094
0d08f514-9164-4a9a-9e21-3f9835a9a2f1	6	29866171	29928196	42	0.4095
0d08f514-9164-4a9a-9e21-3f9835a9a2f1	6	29928644	32463515	1154	0.022
0d08f514-9164-4a9a-9e21-3f9835a9a2f1	6	32463775	32605994	35	1.4783
0d08f514-9164-4a9a-9e21-3f9835a9a2f1	6	32606237	32614426	11	0.0597
0d08f514-9164-4a9a-9e21-3f9835a9a2f1	6	32619131	32658841	20	0.5538
0d08f514-9164-4a9a-9e21-3f9835a9a2f1	6	32682835	32722250	44	0.0718
0d08f514-9164-4a9a-9e21-3f9835a9a2f1	6	32723020	32723053	3	1.3836
0d08f514-9164-4a9a-9e21-3f9835a9a2f1	6	32732907	55960697	14862	0.0012
0d08f514-9164-4a9a-9e21-3f9835a9a2f1	6	55961357	55978862	10	-0.9965
0d08f514-9164-4a9a-9e21-3f9835a9a2f1	6	55986080	62650941	1984	-0.0065
0d08f514-9164-4a9a-9e21-3f9835a9a2f1	6	62651290	62653962	4	-0.9663
0d08f514-9164-4a9a-9e21-3f9835a9a2f1	6	62654205	65209705	1406	-0.0015
0d08f514-9164-4a9a-9e21-3f9835a9a2f1	6	65209751	65210148	3	-1.1826
0d08f514-9164-4a9a-9e21-3f9835a9a2f1	6	65210459	68421171	2264	-0.0048
0d08f514-9164-4a9a-9e21-3f9835a9a2f1	6	68421190	68421475	2	-1.1118
0d08f514-9164-4a9a-9e21-3f9835a9a2f1	6	68424875	68976737	346	-0.0107
0d08f514-9164-4a9a-9e21-3f9835a9a2f1	6	68977806	68981476	4	-1.0671
0d08f514-9164-4a9a-9e21-3f9835a9a2f1	6	68987514	76726815	4924	-0.0031
0d08f514-9164-4a9a-9e21-3f9835a9a2f1	6	76730151	76743040	21	-0.4894
0d08f514-9164-4a9a-9e21-3f9835a9a2f1	6	76751356	114996934	23886	-0.0078
0d08f514-9164-4a9a-9e21-3f9835a9a2f1	6	114997858	115004524	3	-1.9468
0d08f514-9164-4a9a-9e21-3f9835a9a2f1	6	115004900	124555797	5700	-0.001
0d08f514-9164-4a9a-9e21-3f9835a9a2f1	6	124556865	124563451	3	-1.6517
0d08f514-9164-4a9a-9e21-3f9835a9a2f1	6	124566073	167194527	29044	-0.0021
0d08f514-9164-4a9a-9e21-3f9835a9a2f1	6	167199775	170274253	1885	0.0522
0d08f514-9164-4a9a-9e21-3f9835a9a2f1	6	170275315	170741917	218	-0.0118
0d08f514-9164-4a9a-9e21-3f9835a9a2f1	7	43355	113146	69	0.1771
0d08f514-9164-4a9a-9e21-3f9835a9a2f1	7	113205	155355	29	-0.0524
0d08f514-9164-4a9a-9e21-3f9835a9a2f1	7	158306	198119	29	0.2483
0d08f514-9164-4a9a-9e21-3f9835a9a2f1	7	198440	977087	110	-0.0071
0d08f514-9164-4a9a-9e21-3f9835a9a2f1	7	977312	1126510	78	0.2308
0d08f514-9164-4a9a-9e21-3f9835a9a2f1	7	1129896	15392007	10061	-0.0027
0d08f514-9164-4a9a-9e21-3f9835a9a2f1	7	15392045	15393664	2	-1.5096
0d08f514-9164-4a9a-9e21-3f9835a9a2f1	7	15394440	18965780	2842	-0.0036
0d08f514-9164-4a9a-9e21-3f9835a9a2f1	7	18969117	18980230	25	0.1657
0d08f514-9164-4a9a-9e21-3f9835a9a2f1	7	18980257	19722041	770	-0.0794
0d08f514-9164-4a9a-9e21-3f9835a9a2f1	7	19723417	54305455	24446	0.0034
0d08f514-9164-4a9a-9e21-3f9835a9a2f1	7	54318812	54318824	6	1.0022
0d08f514-9164-4a9a-9e21-3f9835a9a2f1	7	54325795	57465683	1860	0.003
0d08f514-9164-4a9a-9e21-3f9835a9a2f1	7	57465952	57467625	2	-1.2911
0d08f514-9164-4a9a-9e21-3f9835a9a2f1	7	57467959	63005615	333	0.0263
0d08f514-9164-4a9a-9e21-3f9835a9a2f1	7	63005790	63006030	3	-1.2049
0d08f514-9164-4a9a-9e21-3f9835a9a2f1	7	63006639	91578827	15764	-0.0029
0d08f514-9164-4a9a-9e21-3f9835a9a2f1	7	91589569	91589648	2	-1.9463
0d08f514-9164-4a9a-9e21-3f9835a9a2f1	7	91589817	96307786	2921	-0.0041
0d08f514-9164-4a9a-9e21-3f9835a9a2f1	7	96307865	96313422	3	-1.2901
0d08f514-9164-4a9a-9e21-3f9835a9a2f1	7	96313819	101475536	2516	-0.0008
0d08f514-9164-4a9a-9e21-3f9835a9a2f1	7	101477246	101480146	3	-1.2511
0d08f514-9164-4a9a-9e21-3f9835a9a2f1	7	101483000	108226824	3993	0.0018
0d08f514-9164-4a9a-9e21-3f9835a9a2f1	7	108230187	108230651	3	0.9657
0d08f514-9164-4a9a-9e21-3f9835a9a2f1	7	108230917	109329976	724	0.0045
0d08f514-9164-4a9a-9e21-3f9835a9a2f1	7	109332450	109354667	8	-0.5203
0d08f514-9164-4a9a-9e21-3f9835a9a2f1	7	109355501	109797700	299	0.0022
0d08f514-9164-4a9a-9e21-3f9835a9a2f1	7	109797715	109813762	19	-0.3415
0d08f514-9164-4a9a-9e21-3f9835a9a2f1	7	109813801	126404920	10026	0.0012
0d08f514-9164-4a9a-9e21-3f9835a9a2f1	7	126405428	126406822	13	-1.1005
0d08f514-9164-4a9a-9e21-3f9835a9a2f1	7	126406823	134104531	4717	0.0044
0d08f514-9164-4a9a-9e21-3f9835a9a2f1	7	134104753	134105690	6	0.7266
0d08f514-9164-4a9a-9e21-3f9835a9a2f1	7	134110881	134713074	483	-0.0182
0d08f514-9164-4a9a-9e21-3f9835a9a2f1	7	134715337	134715376	2	-1.1135
0d08f514-9164-4a9a-9e21-3f9835a9a2f1	7	134715941	142058171	4711	0.0078
0d08f514-9164-4a9a-9e21-3f9835a9a2f1	7	142059987	142099190	40	0.3066
0d08f514-9164-4a9a-9e21-3f9835a9a2f1	7	142099360	143733111	915	0.0112
0d08f514-9164-4a9a-9e21-3f9835a9a2f1	7	143733483	143848612	13	-0.5157
0d08f514-9164-4a9a-9e21-3f9835a9a2f1	7	143849210	144012543	125	0.0024
0d08f514-9164-4a9a-9e21-3f9835a9a2f1	7	144012591	144014278	12	0.325
0d08f514-9164-4a9a-9e21-3f9835a9a2f1	7	144014356	144249785	137	-0.0048
0d08f514-9164-4a9a-9e21-3f9835a9a2f1	7	144255220	144312471	9	-0.9905
0d08f514-9164-4a9a-9e21-3f9835a9a2f1	7	144326306	153450553	5553	0.0042
0d08f514-9164-4a9a-9e21-3f9835a9a2f1	7	153450560	153450627	2	-2.645
0d08f514-9164-4a9a-9e21-3f9835a9a2f1	7	153450630	154598185	851	0.0049
0d08f514-9164-4a9a-9e21-3f9835a9a2f1	7	154601461	154607903	4	0.9513
0d08f514-9164-4a9a-9e21-3f9835a9a2f1	7	154609120	156505584	1538	0.0234
0d08f514-9164-4a9a-9e21-3f9835a9a2f1	7	156505917	156518254	14	-0.7004
0d08f514-9164-4a9a-9e21-3f9835a9a2f1	7	156521340	159334314	1684	0.0242
0d08f514-9164-4a9a-9e21-3f9835a9a2f1	8	81254	2844412	2040	0.0232
0d08f514-9164-4a9a-9e21-3f9835a9a2f1	8	2846011	2846377	7	-1.0339
0d08f514-9164-4a9a-9e21-3f9835a9a2f1	8	2849649	4128645	1633	-0.0023
0d08f514-9164-4a9a-9e21-3f9835a9a2f1	8	4128724	4130913	5	-1.2163
0d08f514-9164-4a9a-9e21-3f9835a9a2f1	8	4136537	7329110	4041	0.0022
0d08f514-9164-4a9a-9e21-3f9835a9a2f1	8	7329124	7396819	22	0.4611
0d08f514-9164-4a9a-9e21-3f9835a9a2f1	8	7397588	8250244	53	0.1431
0d08f514-9164-4a9a-9e21-3f9835a9a2f1	8	8250448	8429535	176	0.0171
0d08f514-9164-4a9a-9e21-3f9835a9a2f1	8	8429546	8433847	5	-0.7513
0d08f514-9164-4a9a-9e21-3f9835a9a2f1	8	8434235	11789003	2862	-0.0001
0d08f514-9164-4a9a-9e21-3f9835a9a2f1	8	11791081	12359339	179	0.1198
0d08f514-9164-4a9a-9e21-3f9835a9a2f1	8	12374772	12418301	27	-0.4798
0d08f514-9164-4a9a-9e21-3f9835a9a2f1	8	12419769	25116928	10417	-0.0042
0d08f514-9164-4a9a-9e21-3f9835a9a2f1	8	25116961	25126818	26	-1.7604
0d08f514-9164-4a9a-9e21-3f9835a9a2f1	8	25133589	40914477	10141	-0.0001
0d08f514-9164-4a9a-9e21-3f9835a9a2f1	8	40920333	40920952	2	-1.5859
0d08f514-9164-4a9a-9e21-3f9835a9a2f1	8	40926161	46112758	1555	0.0081
0d08f514-9164-4a9a-9e21-3f9835a9a2f1	8	46127477	46261373	38	0.2426
0d08f514-9164-4a9a-9e21-3f9835a9a2f1	8	46263783	71300130	15228	0.0021
0d08f514-9164-4a9a-9e21-3f9835a9a2f1	8	71303076	71304364	8	-1.8384
0d08f514-9164-4a9a-9e21-3f9835a9a2f1	8	71307628	137810080	42770	0.0002
0d08f514-9164-4a9a-9e21-3f9835a9a2f1	8	137811491	137812412	3	-1.5306
0d08f514-9164-4a9a-9e21-3f9835a9a2f1	8	137812781	141028679	2477	0.0077
0d08f514-9164-4a9a-9e21-3f9835a9a2f1	8	141029001	142407067	807	0.1149
0d08f514-9164-4a9a-9e21-3f9835a9a2f1	8	142407252	144227251	627	0.0239
0d08f514-9164-4a9a-9e21-3f9835a9a2f1	8	144230103	145072769	329	0.1083
0d08f514-9164-4a9a-9e21-3f9835a9a2f1	9	46587	41741113	31277	-0.0079
0d08f514-9164-4a9a-9e21-3f9835a9a2f1	9	42014203	66880844	262	-0.1717
0d08f514-9164-4a9a-9e21-3f9835a9a2f1	9	66881239	87907679	14241	0.002
0d08f514-9164-4a9a-9e21-3f9835a9a2f1	9	87939236	87939304	2	-1.4776
0d08f514-9164-4a9a-9e21-3f9835a9a2f1	9	87943042	138200944	33683	0.0041
0d08f514-9164-4a9a-9e21-3f9835a9a2f1	10	45792	24086334	19181	0.0007
0d08f514-9164-4a9a-9e21-3f9835a9a2f1	10	24088745	24089125	11	-1.6667
0d08f514-9164-4a9a-9e21-3f9835a9a2f1	10	24089979	46532940	12478	-0.0036
0d08f514-9164-4a9a-9e21-3f9835a9a2f1	10	46538819	46632302	25	0.3934
0d08f514-9164-4a9a-9e21-3f9835a9a2f1	10	46657149	48084420	313	0.0507
0d08f514-9164-4a9a-9e21-3f9835a9a2f1	10	48084439	48114825	2	-1.2069
0d08f514-9164-4a9a-9e21-3f9835a9a2f1	10	48114838	54693189	4848	-0.0015
0d08f514-9164-4a9a-9e21-3f9835a9a2f1	10	54695009	54708677	12	0.6865
0d08f514-9164-4a9a-9e21-3f9835a9a2f1	10	54712504	65546400	7512	-0.0047
0d08f514-9164-4a9a-9e21-3f9835a9a2f1	10	65546518	65563037	30	0.5324
0d08f514-9164-4a9a-9e21-3f9835a9a2f1	10	65563168	107422466	27246	0.0016
0d08f514-9164-4a9a-9e21-3f9835a9a2f1	10	107422726	107432199	9	-0.9223
0d08f514-9164-4a9a-9e21-3f9835a9a2f1	10	107434748	133654968	18941	0.0079
0d08f514-9164-4a9a-9e21-3f9835a9a2f1	11	198510	4274526	1751	0.0206
0d08f514-9164-4a9a-9e21-3f9835a9a2f1	11	4280126	4368371	23	-0.4198
0d08f514-9164-4a9a-9e21-3f9835a9a2f1	11	4369227	48576870	31512	-0.0011
0d08f514-9164-4a9a-9e21-3f9835a9a2f1	11	48579882	48581124	2	-1.7444
0d08f514-9164-4a9a-9e21-3f9835a9a2f1	11	48584766	55608547	1183	0.0049
0d08f514-9164-4a9a-9e21-3f9835a9a2f1	11	55608760	55674842	43	0.5201
0d08f514-9164-4a9a-9e21-3f9835a9a2f1	11	55676735	55677818	4	-0.2853
0d08f514-9164-4a9a-9e21-3f9835a9a2f1	11	55678469	55686100	8	0.5335
0d08f514-9164-4a9a-9e21-3f9835a9a2f1	11	55693207	135074876	52262	0.0012
0d08f514-9164-4a9a-9e21-3f9835a9a2f1	12	51460	760032	416	0.046
0d08f514-9164-4a9a-9e21-3f9835a9a2f1	12	760097	766188	17	-0.6442
0d08f514-9164-4a9a-9e21-3f9835a9a2f1	12	767080	8289689	5124	0.0084
0d08f514-9164-4a9a-9e21-3f9835a9a2f1	12	8296516	8296621	2	1.0832
0d08f514-9164-4a9a-9e21-3f9835a9a2f1	12	8300870	8404097	35	-0.022
0d08f514-9164-4a9a-9e21-3f9835a9a2f1	12	8405892	8406509	5	1.7252
0d08f514-9164-4a9a-9e21-3f9835a9a2f1	12	8406526	9283548	488	0.0097
0d08f514-9164-4a9a-9e21-3f9835a9a2f1	12	9290254	9343297	23	0.3849
0d08f514-9164-4a9a-9e21-3f9835a9a2f1	12	9343806	33141726	16658	-0.0051
0d08f514-9164-4a9a-9e21-3f9835a9a2f1	12	33148472	33155426	28	-0.5755
0d08f514-9164-4a9a-9e21-3f9835a9a2f1	12	33155453	45510655	5582	-0.011
0d08f514-9164-4a9a-9e21-3f9835a9a2f1	12	45512057	45515754	3	-2.3388
0d08f514-9164-4a9a-9e21-3f9835a9a2f1	12	45519509	52308849	3731	0.0052
0d08f514-9164-4a9a-9e21-3f9835a9a2f1	12	52308872	52342960	35	0.2553
0d08f514-9164-4a9a-9e21-3f9835a9a2f1	12	52343068	72914808	12961	-0.0009
0d08f514-9164-4a9a-9e21-3f9835a9a2f1	12	72914818	72915666	2	-1.9391
0d08f514-9164-4a9a-9e21-3f9835a9a2f1	12	72917588	133201603	39687	0.0035
0d08f514-9164-4a9a-9e21-3f9835a9a2f1	13	18452809	19547319	532	-0.0098
0d08f514-9164-4a9a-9e21-3f9835a9a2f1	13	19549755	19549770	2	-1.3085
0d08f514-9164-4a9a-9e21-3f9835a9a2f1	13	19550361	23055048	2318	0.0141
0d08f514-9164-4a9a-9e21-3f9835a9a2f1	13	23055071	23059376	13	-0.4921
0d08f514-9164-4a9a-9e21-3f9835a9a2f1	13	23064056	23064782	5	0.009
0d08f514-9164-4a9a-9e21-3f9835a9a2f1	13	23065741	23065761	2	-1.8259
0d08f514-9164-4a9a-9e21-3f9835a9a2f1	13	23066724	71902850	32152	-0.0038
0d08f514-9164-4a9a-9e21-3f9835a9a2f1	13	71903417	71906418	4	1.1433
0d08f514-9164-4a9a-9e21-3f9835a9a2f1	13	71906467	72230762	281	0.0441
0d08f514-9164-4a9a-9e21-3f9835a9a2f1	13	72234344	72236198	3	-1.2495
0d08f514-9164-4a9a-9e21-3f9835a9a2f1	13	72238924	104897561	22038	0.0006
0d08f514-9164-4a9a-9e21-3f9835a9a2f1	13	104901315	104903681	3	-1.0251
0d08f514-9164-4a9a-9e21-3f9835a9a2f1	13	104904466	111070847	5002	-0.0001
0d08f514-9164-4a9a-9e21-3f9835a9a2f1	13	111071777	111072185	2	-1.0936
0d08f514-9164-4a9a-9e21-3f9835a9a2f1	13	111072198	112955441	1148	0.0041
0d08f514-9164-4a9a-9e21-3f9835a9a2f1	13	112956528	113070745	61	0.2173
0d08f514-9164-4a9a-9e21-3f9835a9a2f1	13	113073227	114342922	537	0.0182
0d08f514-9164-4a9a-9e21-3f9835a9a2f1	14	18239283	18605732	11	-0.2615
0d08f514-9164-4a9a-9e21-3f9835a9a2f1	14	18605867	19294475	36	-0.7812
0d08f514-9164-4a9a-9e21-3f9835a9a2f1	14	19298389	19957350	122	-0.389
0d08f514-9164-4a9a-9e21-3f9835a9a2f1	14	19957701	22093977	1477	0.0118
0d08f514-9164-4a9a-9e21-3f9835a9a2f1	14	22094005	22768452	573	0.0912
0d08f514-9164-4a9a-9e21-3f9835a9a2f1	14	22770303	90793069	43361	-0.0023
0d08f514-9164-4a9a-9e21-3f9835a9a2f1	14	90796815	90799257	4	-1.694
0d08f514-9164-4a9a-9e21-3f9835a9a2f1	14	90801631	106253003	9459	0.0028
0d08f514-9164-4a9a-9e21-3f9835a9a2f1	14	106253393	106340102	39	-0.222
0d08f514-9164-4a9a-9e21-3f9835a9a2f1	14	106340305	106346129	6	0.8031
0d08f514-9164-4a9a-9e21-3f9835a9a2f1	14	106360014	106877229	274	0.0607
0d08f514-9164-4a9a-9e21-3f9835a9a2f1	15	19811075	20345433	76	0.0451
0d08f514-9164-4a9a-9e21-3f9835a9a2f1	15	20364698	20538669	58	-0.2268
0d08f514-9164-4a9a-9e21-3f9835a9a2f1	15	20614765	20657137	10	0.1859
0d08f514-9164-4a9a-9e21-3f9835a9a2f1	15	20657735	20670989	7	-0.2343
0d08f514-9164-4a9a-9e21-3f9835a9a2f1	15	20981071	21005443	6	0.8252
0d08f514-9164-4a9a-9e21-3f9835a9a2f1	15	21018354	21997003	20	-0.0057
0d08f514-9164-4a9a-9e21-3f9835a9a2f1	15	21999319	22299009	28	-0.3988
0d08f514-9164-4a9a-9e21-3f9835a9a2f1	15	22299523	24429740	996	0.014
0d08f514-9164-4a9a-9e21-3f9835a9a2f1	15	24429986	24473026	31	-0.5421
0d08f514-9164-4a9a-9e21-3f9835a9a2f1	15	24473449	92262120	42968	0.0035
0d08f514-9164-4a9a-9e21-3f9835a9a2f1	15	92262132	92263243	19	-0.4794
0d08f514-9164-4a9a-9e21-3f9835a9a2f1	15	92267541	97265179	3876	0.0038
0d08f514-9164-4a9a-9e21-3f9835a9a2f1	15	97274562	97290422	14	-0.6629
0d08f514-9164-4a9a-9e21-3f9835a9a2f1	15	97301760	101928837	3421	0.013
0d08f514-9164-4a9a-9e21-3f9835a9a2f1	16	10777	19931704	13460	0.0078
0d08f514-9164-4a9a-9e21-3f9835a9a2f1	16	19932678	19956040	31	0.3639
0d08f514-9164-4a9a-9e21-3f9835a9a2f1	16	19958932	32016657	6464	0.0065
0d08f514-9164-4a9a-9e21-3f9835a9a2f1	16	32016985	32513457	21	-0.3961
0d08f514-9164-4a9a-9e21-3f9835a9a2f1	16	32553191	76005873	19002	0.0033
0d08f514-9164-4a9a-9e21-3f9835a9a2f1	16	76009032	76009303	3	-1.03
0d08f514-9164-4a9a-9e21-3f9835a9a2f1	16	76009616	78337711	2236	-0.0004
0d08f514-9164-4a9a-9e21-3f9835a9a2f1	16	78338543	78350841	16	-1.9258
0d08f514-9164-4a9a-9e21-3f9835a9a2f1	16	78350868	83891952	6267	0.0078
0d08f514-9164-4a9a-9e21-3f9835a9a2f1	16	83892741	84931374	901	0.0869
0d08f514-9164-4a9a-9e21-3f9835a9a2f1	16	84931537	88066715	2603	0.0163
0d08f514-9164-4a9a-9e21-3f9835a9a2f1	16	88070485	90096867	842	0.1015
0d08f514-9164-4a9a-9e21-3f9835a9a2f1	17	150733	224675	43	-0.0209
0d08f514-9164-4a9a-9e21-3f9835a9a2f1	17	228441	526894	135	0.18
0d08f514-9164-4a9a-9e21-3f9835a9a2f1	17	526952	18413879	11207	0.0037
0d08f514-9164-4a9a-9e21-3f9835a9a2f1	17	18414080	18561907	28	0.5414
0d08f514-9164-4a9a-9e21-3f9835a9a2f1	17	18565883	28452035	2253	0.0153
0d08f514-9164-4a9a-9e21-3f9835a9a2f1	17	28454323	28455301	2	1.3114
0d08f514-9164-4a9a-9e21-3f9835a9a2f1	17	28462253	33982634	3051	0.0005
0d08f514-9164-4a9a-9e21-3f9835a9a2f1	17	33984009	33984028	2	-1.0613
0d08f514-9164-4a9a-9e21-3f9835a9a2f1	17	33985113	36108119	1522	0.0175
0d08f514-9164-4a9a-9e21-3f9835a9a2f1	17	36108874	36200725	39	0.3482
0d08f514-9164-4a9a-9e21-3f9835a9a2f1	17	36208249	41262120	2523	0
0d08f514-9164-4a9a-9e21-3f9835a9a2f1	17	41265433	41274279	26	0.5421
0d08f514-9164-4a9a-9e21-3f9835a9a2f1	17	41276472	45699492	2222	0.0041
0d08f514-9164-4a9a-9e21-3f9835a9a2f1	17	45699947	45925791	149	0.1812
0d08f514-9164-4a9a-9e21-3f9835a9a2f1	17	45927076	46351954	254	0.0407
0d08f514-9164-4a9a-9e21-3f9835a9a2f1	17	46446345	46446360	2	1.327
0d08f514-9164-4a9a-9e21-3f9835a9a2f1	17	46569894	63868089	10072	0.0006
0d08f514-9164-4a9a-9e21-3f9835a9a2f1	17	63876752	63892837	7	-0.7592
0d08f514-9164-4a9a-9e21-3f9835a9a2f1	17	63899865	73840460	6738	0.0012
0d08f514-9164-4a9a-9e21-3f9835a9a2f1	17	73840477	74626398	510	0.113
0d08f514-9164-4a9a-9e21-3f9835a9a2f1	17	74626464	77539015	1483	0.0047
0d08f514-9164-4a9a-9e21-3f9835a9a2f1	17	77540904	77551343	14	0.4173
0d08f514-9164-4a9a-9e21-3f9835a9a2f1	17	77551814	82990120	2695	0.0141
0d08f514-9164-4a9a-9e21-3f9835a9a2f1	17	82992415	83091923	48	0.2318
0d08f514-9164-4a9a-9e21-3f9835a9a2f1	18	48133	28615803	15067	0.0011
0d08f514-9164-4a9a-9e21-3f9835a9a2f1	18	28616031	28616166	3	-1.0056
0d08f514-9164-4a9a-9e21-3f9835a9a2f1	18	28616668	42476604	8946	-0.001
0d08f514-9164-4a9a-9e21-3f9835a9a2f1	18	42476636	42477506	23	-0.6074
0d08f514-9164-4a9a-9e21-3f9835a9a2f1	18	42477802	44394050	1126	-0.0026
0d08f514-9164-4a9a-9e21-3f9835a9a2f1	18	44394853	44402706	8	-0.7701
0d08f514-9164-4a9a-9e21-3f9835a9a2f1	18	44403100	66095064	15178	0.0015
0d08f514-9164-4a9a-9e21-3f9835a9a2f1	18	66099904	66100686	3	-1.7899
0d08f514-9164-4a9a-9e21-3f9835a9a2f1	18	66108359	71398517	3788	-0.0028
0d08f514-9164-4a9a-9e21-3f9835a9a2f1	18	71398970	73948362	2058	-0.0408
0d08f514-9164-4a9a-9e21-3f9835a9a2f1	18	73948865	79475952	4132	0.0058
0d08f514-9164-4a9a-9e21-3f9835a9a2f1	18	79481207	80257174	389	0.1213
0d08f514-9164-4a9a-9e21-3f9835a9a2f1	19	90910	4403020	1160	0.013
0d08f514-9164-4a9a-9e21-3f9835a9a2f1	19	4406163	4658242	63	0.2235
0d08f514-9164-4a9a-9e21-3f9835a9a2f1	19	4658389	35358420	15473	0.0051
0d08f514-9164-4a9a-9e21-3f9835a9a2f1	19	35364451	35370877	20	0.438
0d08f514-9164-4a9a-9e21-3f9835a9a2f1	19	35370946	58586487	12376	0.0102
0d08f514-9164-4a9a-9e21-3f9835a9a2f1	20	80664	1571811	1182	0.0086
0d08f514-9164-4a9a-9e21-3f9835a9a2f1	20	1576544	1580353	21	-2.1173
0d08f514-9164-4a9a-9e21-3f9835a9a2f1	20	1580934	1601561	36	-0.1232
0d08f514-9164-4a9a-9e21-3f9835a9a2f1	20	1609611	1613203	4	2.3487
0d08f514-9164-4a9a-9e21-3f9835a9a2f1	20	1613247	45412753	27484	-0.0003
0d08f514-9164-4a9a-9e21-3f9835a9a2f1	20	45415300	45415363	2	-1.5676
0d08f514-9164-4a9a-9e21-3f9835a9a2f1	20	45415465	63591304	13318	0.0061
0d08f514-9164-4a9a-9e21-3f9835a9a2f1	20	63591871	64240305	271	0.153
0d08f514-9164-4a9a-9e21-3f9835a9a2f1	20	64240599	64324800	38	-0.0071
0d08f514-9164-4a9a-9e21-3f9835a9a2f1	21	10354168	45247560	23038	-0.0046
0d08f514-9164-4a9a-9e21-3f9835a9a2f1	21	45247943	45502844	122	0.1865
0d08f514-9164-4a9a-9e21-3f9835a9a2f1	21	45504279	45513553	6	1.0577
0d08f514-9164-4a9a-9e21-3f9835a9a2f1	21	45520594	45591428	32	0.1519
0d08f514-9164-4a9a-9e21-3f9835a9a2f1	21	45592695	46677045	653	0.012
0d08f514-9164-4a9a-9e21-3f9835a9a2f1	22	15294547	16803643	160	-0.0034
0d08f514-9164-4a9a-9e21-3f9835a9a2f1	22	16803650	16828472	18	-0.3037
0d08f514-9164-4a9a-9e21-3f9835a9a2f1	22	16828571	18167915	951	0.0024
0d08f514-9164-4a9a-9e21-3f9835a9a2f1	22	18190590	18822597	11	1.0232
0d08f514-9164-4a9a-9e21-3f9835a9a2f1	22	18917479	21746429	1664	0.0821
0d08f514-9164-4a9a-9e21-3f9835a9a2f1	22	21747003	23987520	1589	0.019
0d08f514-9164-4a9a-9e21-3f9835a9a2f1	22	23988078	23990739	4	-1.3967
0d08f514-9164-4a9a-9e21-3f9835a9a2f1	22	23995113	25256216	808	0.014
0d08f514-9164-4a9a-9e21-3f9835a9a2f1	22	25260266	25377543	116	0.1636
0d08f514-9164-4a9a-9e21-3f9835a9a2f1	22	25377555	36149626	8263	0.004
0d08f514-9164-4a9a-9e21-3f9835a9a2f1	22	36149778	36385635	181	0.1281
0d08f514-9164-4a9a-9e21-3f9835a9a2f1	22	36385763	49031365	8407	0.0051
0d08f514-9164-4a9a-9e21-3f9835a9a2f1	22	49035032	50796027	1096	0.0899
0d08f514-9164-4a9a-9e21-3f9835a9a2f1	X	251810	155952689	83624	0.0021
0d08f514-9164-4a9a-9e21-3f9835a9a2f1	Y	2782397	3137227	151	-2.6732
0d08f514-9164-4a9a-9e21-3f9835a9a2f1	Y	3138099	6071948	567	-2.3568
0d08f514-9164-4a9a-9e21-3f9835a9a2f1	Y	6075631	56872112	5922	-2.8345
