GDC_Aliquot	Chromosome	Start	End	Num_Probes	Segment_Mean
eeaa8e4a-c689-45f8-a469-eb9259c6928a	1	62920	86341	11	0.2508
eeaa8e4a-c689-45f8-a469-eb9259c6928a	1	98588	3256138	708	-0.0937
eeaa8e4a-c689-45f8-a469-eb9259c6928a	1	3256538	10186596	4372	-0.0064
eeaa8e4a-c689-45f8-a469-eb9259c6928a	1	10189904	10189919	3	-1.2477
eeaa8e4a-c689-45f8-a469-eb9259c6928a	1	10195198	12832455	1422	-0.0067
eeaa8e4a-c689-45f8-a469-eb9259c6928a	1	12850124	12867264	6	-0.8688
eeaa8e4a-c689-45f8-a469-eb9259c6928a	1	12868035	16542868	2126	-0.0036
eeaa8e4a-c689-45f8-a469-eb9259c6928a	1	16544783	17028744	145	-0.1318
eeaa8e4a-c689-45f8-a469-eb9259c6928a	1	17029588	72297687	33991	0.0013
eeaa8e4a-c689-45f8-a469-eb9259c6928a	1	72302735	72303233	3	-0.4007
eeaa8e4a-c689-45f8-a469-eb9259c6928a	1	72303253	72345465	45	-1.6967
eeaa8e4a-c689-45f8-a469-eb9259c6928a	1	72346221	105470754	20954	0.013
eeaa8e4a-c689-45f8-a469-eb9259c6928a	1	105476583	105479753	17	0.5215
eeaa8e4a-c689-45f8-a469-eb9259c6928a	1	105481433	110834746	3486	0.0102
eeaa8e4a-c689-45f8-a469-eb9259c6928a	1	110834943	110845604	38	-0.731
eeaa8e4a-c689-45f8-a469-eb9259c6928a	1	110849445	112147704	1072	0.0059
eeaa8e4a-c689-45f8-a469-eb9259c6928a	1	112153343	112154591	22	0.4147
eeaa8e4a-c689-45f8-a469-eb9259c6928a	1	112154619	117601710	3504	0.0057
eeaa8e4a-c689-45f8-a469-eb9259c6928a	1	117602916	117603574	2	-1.2797
eeaa8e4a-c689-45f8-a469-eb9259c6928a	1	117604520	121705338	1660	0.0138
eeaa8e4a-c689-45f8-a469-eb9259c6928a	1	143459641	143893019	123	0.8641
eeaa8e4a-c689-45f8-a469-eb9259c6928a	1	143921397	152583051	2319	0.3241
eeaa8e4a-c689-45f8-a469-eb9259c6928a	1	152583230	152613762	31	-1.7977
eeaa8e4a-c689-45f8-a469-eb9259c6928a	1	152613802	152614118	4	-0.5277
eeaa8e4a-c689-45f8-a469-eb9259c6928a	1	152618018	152789962	176	0.3478
eeaa8e4a-c689-45f8-a469-eb9259c6928a	1	152789978	152795883	26	0.6893
eeaa8e4a-c689-45f8-a469-eb9259c6928a	1	152796094	152896663	69	0.3263
eeaa8e4a-c689-45f8-a469-eb9259c6928a	1	152899818	152900077	2	-1.6341
eeaa8e4a-c689-45f8-a469-eb9259c6928a	1	152901969	161648901	5200	0.3422
eeaa8e4a-c689-45f8-a469-eb9259c6928a	1	161649069	161678447	7	-0.3623
eeaa8e4a-c689-45f8-a469-eb9259c6928a	1	161678831	166205703	3691	0.3439
eeaa8e4a-c689-45f8-a469-eb9259c6928a	1	166206806	166225133	11	0.8612
eeaa8e4a-c689-45f8-a469-eb9259c6928a	1	166226465	189679027	15754	0.3462
eeaa8e4a-c689-45f8-a469-eb9259c6928a	1	189679353	189679397	2	-1.093
eeaa8e4a-c689-45f8-a469-eb9259c6928a	1	189682917	209897717	13582	0.3497
eeaa8e4a-c689-45f8-a469-eb9259c6928a	1	209908268	209910639	3	1.5637
eeaa8e4a-c689-45f8-a469-eb9259c6928a	1	209913207	217131183	5059	0.3554
eeaa8e4a-c689-45f8-a469-eb9259c6928a	1	217142972	217143541	2	-0.9688
eeaa8e4a-c689-45f8-a469-eb9259c6928a	1	217143694	240228440	16103	0.352
eeaa8e4a-c689-45f8-a469-eb9259c6928a	1	240230715	240230839	6	-2.0458
eeaa8e4a-c689-45f8-a469-eb9259c6928a	1	240232805	248524544	5680	0.3501
eeaa8e4a-c689-45f8-a469-eb9259c6928a	1	248524859	248585918	11	-0.5303
eeaa8e4a-c689-45f8-a469-eb9259c6928a	1	248586259	248930189	171	0.33
eeaa8e4a-c689-45f8-a469-eb9259c6928a	2	12784	29418334	20650	0.0043
eeaa8e4a-c689-45f8-a469-eb9259c6928a	2	29419008	29422071	11	-0.8874
eeaa8e4a-c689-45f8-a469-eb9259c6928a	2	29423558	34466002	3431	0.0018
eeaa8e4a-c689-45f8-a469-eb9259c6928a	2	34474248	34512096	47	0.6125
eeaa8e4a-c689-45f8-a469-eb9259c6928a	2	34512489	35750907	871	0.0151
eeaa8e4a-c689-45f8-a469-eb9259c6928a	2	35752724	35762850	6	-1.739
eeaa8e4a-c689-45f8-a469-eb9259c6928a	2	35762881	41011095	3926	0.0083
eeaa8e4a-c689-45f8-a469-eb9259c6928a	2	41011303	41018747	22	-1.9315
eeaa8e4a-c689-45f8-a469-eb9259c6928a	2	41024093	87134049	30229	0.0095
eeaa8e4a-c689-45f8-a469-eb9259c6928a	2	87146770	87695122	113	0.3014
eeaa8e4a-c689-45f8-a469-eb9259c6928a	2	87696853	97181150	1702	-0.0044
eeaa8e4a-c689-45f8-a469-eb9259c6928a	2	97184260	97211069	15	-0.4323
eeaa8e4a-c689-45f8-a469-eb9259c6928a	2	97211264	97359885	15	0.0416
eeaa8e4a-c689-45f8-a469-eb9259c6928a	2	97524284	97545247	8	0.909
eeaa8e4a-c689-45f8-a469-eb9259c6928a	2	97545726	105730759	5120	0.0131
eeaa8e4a-c689-45f8-a469-eb9259c6928a	2	105731655	105734741	8	-1.0697
eeaa8e4a-c689-45f8-a469-eb9259c6928a	2	105734754	117465774	6589	0.0083
eeaa8e4a-c689-45f8-a469-eb9259c6928a	2	117466188	117467278	4	-1.1667
eeaa8e4a-c689-45f8-a469-eb9259c6928a	2	117468375	124891206	4875	0.0096
eeaa8e4a-c689-45f8-a469-eb9259c6928a	2	124894355	124900785	6	-1.4803
eeaa8e4a-c689-45f8-a469-eb9259c6928a	2	124902115	130455273	3368	0.0155
eeaa8e4a-c689-45f8-a469-eb9259c6928a	2	130471073	130526595	4	1.0308
eeaa8e4a-c689-45f8-a469-eb9259c6928a	2	130539652	146104517	9430	0.0106
eeaa8e4a-c689-45f8-a469-eb9259c6928a	2	146106836	146109366	24	0.5468
eeaa8e4a-c689-45f8-a469-eb9259c6928a	2	146120238	179553484	20502	0.0106
eeaa8e4a-c689-45f8-a469-eb9259c6928a	2	179553606	179557410	29	-0.9311
eeaa8e4a-c689-45f8-a469-eb9259c6928a	2	179560916	193823021	8346	0.0187
eeaa8e4a-c689-45f8-a469-eb9259c6928a	2	193825580	193829074	2	1.3991
eeaa8e4a-c689-45f8-a469-eb9259c6928a	2	193837590	202428368	4924	0.0148
eeaa8e4a-c689-45f8-a469-eb9259c6928a	2	202431052	202447478	41	-0.6878
eeaa8e4a-c689-45f8-a469-eb9259c6928a	2	202448759	226089732	15225	0.0091
eeaa8e4a-c689-45f8-a469-eb9259c6928a	2	226092047	226096702	9	-0.8993
eeaa8e4a-c689-45f8-a469-eb9259c6928a	2	226098982	241546649	9808	0.0008
eeaa8e4a-c689-45f8-a469-eb9259c6928a	2	241546809	242078959	148	-0.1844
eeaa8e4a-c689-45f8-a469-eb9259c6928a	2	242081666	242147305	36	-0.008
eeaa8e4a-c689-45f8-a469-eb9259c6928a	3	20930	1785911	1577	0.0315
eeaa8e4a-c689-45f8-a469-eb9259c6928a	3	1786084	1786098	2	-1.2176
eeaa8e4a-c689-45f8-a469-eb9259c6928a	3	1786243	37732682	25920	0.019
eeaa8e4a-c689-45f8-a469-eb9259c6928a	3	37733949	37734124	2	-1.1668
eeaa8e4a-c689-45f8-a469-eb9259c6928a	3	37734297	37935209	129	0.021
eeaa8e4a-c689-45f8-a469-eb9259c6928a	3	37935926	37945437	19	-0.8452
eeaa8e4a-c689-45f8-a469-eb9259c6928a	3	37945615	46751887	5544	0.0123
eeaa8e4a-c689-45f8-a469-eb9259c6928a	3	46760327	46807689	39	-0.8262
eeaa8e4a-c689-45f8-a469-eb9259c6928a	3	46808099	68697108	14569	0.012
eeaa8e4a-c689-45f8-a469-eb9259c6928a	3	68697133	68698262	13	-1.3515
eeaa8e4a-c689-45f8-a469-eb9259c6928a	3	68699607	114936935	25416	0.0145
eeaa8e4a-c689-45f8-a469-eb9259c6928a	3	114941745	114942097	6	-2.8898
eeaa8e4a-c689-45f8-a469-eb9259c6928a	3	114950103	151792254	22861	0.0118
eeaa8e4a-c689-45f8-a469-eb9259c6928a	3	151793297	151828091	29	-1.0629
eeaa8e4a-c689-45f8-a469-eb9259c6928a	3	151830703	162794951	6662	0.0193
eeaa8e4a-c689-45f8-a469-eb9259c6928a	3	162795304	162908207	68	-1.355
eeaa8e4a-c689-45f8-a469-eb9259c6928a	3	162908784	166345542	1990	0.0128
eeaa8e4a-c689-45f8-a469-eb9259c6928a	3	166345996	166347032	3	-1.3516
eeaa8e4a-c689-45f8-a469-eb9259c6928a	3	166350305	179875424	8530	0.0156
eeaa8e4a-c689-45f8-a469-eb9259c6928a	3	179876802	186688156	3909	-0.4861
eeaa8e4a-c689-45f8-a469-eb9259c6928a	3	186688334	186688349	2	-3.2781
eeaa8e4a-c689-45f8-a469-eb9259c6928a	3	186695072	189642965	2231	-0.4946
eeaa8e4a-c689-45f8-a469-eb9259c6928a	3	189645889	189653225	13	-1.7835
eeaa8e4a-c689-45f8-a469-eb9259c6928a	3	189654562	193155915	2484	-0.4833
eeaa8e4a-c689-45f8-a469-eb9259c6928a	3	193160113	193165114	20	0.6767
eeaa8e4a-c689-45f8-a469-eb9259c6928a	3	193168646	195559056	1481	-0.5011
eeaa8e4a-c689-45f8-a469-eb9259c6928a	3	195656271	195746925	42	0.0309
eeaa8e4a-c689-45f8-a469-eb9259c6928a	3	195747311	198169247	1166	-0.4949
eeaa8e4a-c689-45f8-a469-eb9259c6928a	4	68929	8722817	5102	-0.0048
eeaa8e4a-c689-45f8-a469-eb9259c6928a	4	9370577	9455251	59	0.2499
eeaa8e4a-c689-45f8-a469-eb9259c6928a	4	9459504	9477699	6	1.8351
eeaa8e4a-c689-45f8-a469-eb9259c6928a	4	9484440	10208766	539	0.0084
eeaa8e4a-c689-45f8-a469-eb9259c6928a	4	10212536	10222224	4	1.2202
eeaa8e4a-c689-45f8-a469-eb9259c6928a	4	10227159	21370380	8239	0.0127
eeaa8e4a-c689-45f8-a469-eb9259c6928a	4	21370416	21375228	14	-2.0414
eeaa8e4a-c689-45f8-a469-eb9259c6928a	4	21382117	23278352	1281	0.017
eeaa8e4a-c689-45f8-a469-eb9259c6928a	4	23278490	23281101	13	-0.5791
eeaa8e4a-c689-45f8-a469-eb9259c6928a	4	23290858	34777353	7455	0.019
eeaa8e4a-c689-45f8-a469-eb9259c6928a	4	34777382	34823103	42	0.4135
eeaa8e4a-c689-45f8-a469-eb9259c6928a	4	34828250	56663420	12172	0.0149
eeaa8e4a-c689-45f8-a469-eb9259c6928a	4	56664465	56678336	14	-0.6554
eeaa8e4a-c689-45f8-a469-eb9259c6928a	4	56678600	68509237	7275	0.0159
eeaa8e4a-c689-45f8-a469-eb9259c6928a	4	68509442	68623617	64	0.5308
eeaa8e4a-c689-45f8-a469-eb9259c6928a	4	68639397	69254604	309	0.0423
eeaa8e4a-c689-45f8-a469-eb9259c6928a	4	69254981	69370433	62	0.2078
eeaa8e4a-c689-45f8-a469-eb9259c6928a	4	69374263	69523998	107	0.0002
eeaa8e4a-c689-45f8-a469-eb9259c6928a	4	69524143	69525061	2	-2.8224
eeaa8e4a-c689-45f8-a469-eb9259c6928a	4	69526170	114252544	27213	0.0169
eeaa8e4a-c689-45f8-a469-eb9259c6928a	4	114254167	114263073	24	0.8831
eeaa8e4a-c689-45f8-a469-eb9259c6928a	4	114263096	115244948	610	0.018
eeaa8e4a-c689-45f8-a469-eb9259c6928a	4	115251455	115252113	10	-1.1303
eeaa8e4a-c689-45f8-a469-eb9259c6928a	4	115254098	115254289	5	0.1288
eeaa8e4a-c689-45f8-a469-eb9259c6928a	4	115254370	115254969	7	-0.7335
eeaa8e4a-c689-45f8-a469-eb9259c6928a	4	115259026	143902419	17052	0.0173
eeaa8e4a-c689-45f8-a469-eb9259c6928a	4	143902766	144022456	61	-0.69
eeaa8e4a-c689-45f8-a469-eb9259c6928a	4	144031375	154508483	6072	0.0074
eeaa8e4a-c689-45f8-a469-eb9259c6928a	4	154508879	154509514	3	-1.0519
eeaa8e4a-c689-45f8-a469-eb9259c6928a	4	154511020	154881396	225	0.009
eeaa8e4a-c689-45f8-a469-eb9259c6928a	4	154881853	154882047	4	0.6109
eeaa8e4a-c689-45f8-a469-eb9259c6928a	4	154882190	155957769	748	-0.0009
eeaa8e4a-c689-45f8-a469-eb9259c6928a	4	155958021	155959563	16	-0.5663
eeaa8e4a-c689-45f8-a469-eb9259c6928a	4	155959729	156047028	77	0.0098
eeaa8e4a-c689-45f8-a469-eb9259c6928a	4	156047131	156047146	2	-1.5215
eeaa8e4a-c689-45f8-a469-eb9259c6928a	4	156047321	157805876	1115	0.0147
eeaa8e4a-c689-45f8-a469-eb9259c6928a	4	157808285	157810222	10	-0.6941
eeaa8e4a-c689-45f8-a469-eb9259c6928a	4	157815297	164692679	4388	0.022
eeaa8e4a-c689-45f8-a469-eb9259c6928a	4	164694811	164695357	4	-0.8615
eeaa8e4a-c689-45f8-a469-eb9259c6928a	4	164695642	171448195	4244	0.015
eeaa8e4a-c689-45f8-a469-eb9259c6928a	4	171453733	171456559	10	1.9297
eeaa8e4a-c689-45f8-a469-eb9259c6928a	4	171456573	172066777	399	0.0128
eeaa8e4a-c689-45f8-a469-eb9259c6928a	4	172067997	172068382	12	0.7455
eeaa8e4a-c689-45f8-a469-eb9259c6928a	4	172074828	172501371	231	0.0345
eeaa8e4a-c689-45f8-a469-eb9259c6928a	4	172503796	172507492	7	0.8063
eeaa8e4a-c689-45f8-a469-eb9259c6928a	4	172519981	190106768	11842	0.01
eeaa8e4a-c689-45f8-a469-eb9259c6928a	5	15532	21963	4	0.0462
eeaa8e4a-c689-45f8-a469-eb9259c6928a	5	24132	661708	292	0.2884
eeaa8e4a-c689-45f8-a469-eb9259c6928a	5	667335	667394	3	-0.5874
eeaa8e4a-c689-45f8-a469-eb9259c6928a	5	670630	717410	12	0.3247
eeaa8e4a-c689-45f8-a469-eb9259c6928a	5	717446	822008	35	0.7138
eeaa8e4a-c689-45f8-a469-eb9259c6928a	5	823484	1891707	577	0.282
eeaa8e4a-c689-45f8-a469-eb9259c6928a	5	1892645	3055934	1053	0.3709
eeaa8e4a-c689-45f8-a469-eb9259c6928a	5	3057278	3057737	3	-0.7489
eeaa8e4a-c689-45f8-a469-eb9259c6928a	5	3059847	12800777	8213	0.3617
eeaa8e4a-c689-45f8-a469-eb9259c6928a	5	12815668	12826538	11	0.8125
eeaa8e4a-c689-45f8-a469-eb9259c6928a	5	12833745	16124136	2225	0.361
eeaa8e4a-c689-45f8-a469-eb9259c6928a	5	16125019	16125105	3	-0.4472
eeaa8e4a-c689-45f8-a469-eb9259c6928a	5	16127435	21280507	3196	0.3629
eeaa8e4a-c689-45f8-a469-eb9259c6928a	5	21295460	21449167	89	0.2994
eeaa8e4a-c689-45f8-a469-eb9259c6928a	5	21451091	21452329	5	-0.5189
eeaa8e4a-c689-45f8-a469-eb9259c6928a	5	21452387	33580076	7524	0.3553
eeaa8e4a-c689-45f8-a469-eb9259c6928a	5	33580649	33581278	2	-1.2127
eeaa8e4a-c689-45f8-a469-eb9259c6928a	5	33582052	46383233	7457	0.3556
eeaa8e4a-c689-45f8-a469-eb9259c6928a	5	46386290	70959079	12403	0.0115
eeaa8e4a-c689-45f8-a469-eb9259c6928a	5	71010832	71011717	5	-1.0185
eeaa8e4a-c689-45f8-a469-eb9259c6928a	5	71053366	177800550	67794	0.0111
eeaa8e4a-c689-45f8-a469-eb9259c6928a	5	177801578	177805604	2	1.5555
eeaa8e4a-c689-45f8-a469-eb9259c6928a	5	177827964	180947523	1796	-0.0037
eeaa8e4a-c689-45f8-a469-eb9259c6928a	5	180951710	180991103	19	0.5393
eeaa8e4a-c689-45f8-a469-eb9259c6928a	5	181006225	181363319	170	-0.0386
eeaa8e4a-c689-45f8-a469-eb9259c6928a	6	149661	6025978	4845	0.0525
eeaa8e4a-c689-45f8-a469-eb9259c6928a	6	6033698	6034203	3	-1.1359
eeaa8e4a-c689-45f8-a469-eb9259c6928a	6	6036812	16087003	7714	0.0496
eeaa8e4a-c689-45f8-a469-eb9259c6928a	6	16087418	16088037	2	-1.4335
eeaa8e4a-c689-45f8-a469-eb9259c6928a	6	16088162	29869411	9093	0.0533
eeaa8e4a-c689-45f8-a469-eb9259c6928a	6	29869537	29875657	7	-0.7386
eeaa8e4a-c689-45f8-a469-eb9259c6928a	6	29876257	29881490	7	-1.2653
eeaa8e4a-c689-45f8-a469-eb9259c6928a	6	29882419	31318528	664	0.0287
eeaa8e4a-c689-45f8-a469-eb9259c6928a	6	31318754	31328674	9	-1.2126
eeaa8e4a-c689-45f8-a469-eb9259c6928a	6	31342147	32463515	497	0.0275
eeaa8e4a-c689-45f8-a469-eb9259c6928a	6	32463775	32658841	66	-0.458
eeaa8e4a-c689-45f8-a469-eb9259c6928a	6	32682835	32718419	36	0.0316
eeaa8e4a-c689-45f8-a469-eb9259c6928a	6	32720838	32721076	3	-1.2502
eeaa8e4a-c689-45f8-a469-eb9259c6928a	6	32721547	64627049	17894	0.0513
eeaa8e4a-c689-45f8-a469-eb9259c6928a	6	64637651	64639099	2	-2.506
eeaa8e4a-c689-45f8-a469-eb9259c6928a	6	64640883	72555174	5328	0.0466
eeaa8e4a-c689-45f8-a469-eb9259c6928a	6	72555590	78253172	3605	-0.47
eeaa8e4a-c689-45f8-a469-eb9259c6928a	6	78259348	78332092	118	-0.0368
eeaa8e4a-c689-45f8-a469-eb9259c6928a	6	78336049	91032879	8022	-0.4824
eeaa8e4a-c689-45f8-a469-eb9259c6928a	6	91039523	91041384	4	-1.4719
eeaa8e4a-c689-45f8-a469-eb9259c6928a	6	91042693	97019052	3640	-0.4751
eeaa8e4a-c689-45f8-a469-eb9259c6928a	6	97021018	97021514	3	-2.0428
eeaa8e4a-c689-45f8-a469-eb9259c6928a	6	97023263	103282678	3788	-0.481
eeaa8e4a-c689-45f8-a469-eb9259c6928a	6	103286299	103314186	52	0.1863
eeaa8e4a-c689-45f8-a469-eb9259c6928a	6	103317795	121197655	10910	-0.4885
eeaa8e4a-c689-45f8-a469-eb9259c6928a	6	121200760	121202909	5	-2.0867
eeaa8e4a-c689-45f8-a469-eb9259c6928a	6	121205634	125861617	2969	-0.4884
eeaa8e4a-c689-45f8-a469-eb9259c6928a	6	125862546	125865630	3	-1.7157
eeaa8e4a-c689-45f8-a469-eb9259c6928a	6	125867747	126285666	224	-0.4864
eeaa8e4a-c689-45f8-a469-eb9259c6928a	6	126287978	126288125	2	-2.0518
eeaa8e4a-c689-45f8-a469-eb9259c6928a	6	126289097	133422083	4597	-0.4837
eeaa8e4a-c689-45f8-a469-eb9259c6928a	6	133425969	133426155	2	-2.2877
eeaa8e4a-c689-45f8-a469-eb9259c6928a	6	133427243	167219474	23338	-0.4974
eeaa8e4a-c689-45f8-a469-eb9259c6928a	6	167219977	168191454	406	-0.5982
eeaa8e4a-c689-45f8-a469-eb9259c6928a	6	168192300	168192830	2	-3.163
eeaa8e4a-c689-45f8-a469-eb9259c6928a	6	168195239	170741917	1678	-0.5324
eeaa8e4a-c689-45f8-a469-eb9259c6928a	7	43355	3349458	1419	-0.0205
eeaa8e4a-c689-45f8-a469-eb9259c6928a	7	3355447	3355694	5	-1.6682
eeaa8e4a-c689-45f8-a469-eb9259c6928a	7	3359128	26092670	17402	0.0135
eeaa8e4a-c689-45f8-a469-eb9259c6928a	7	26102772	26105793	4	-3.4438
eeaa8e4a-c689-45f8-a469-eb9259c6928a	7	26107599	38347842	8659	0.0142
eeaa8e4a-c689-45f8-a469-eb9259c6928a	7	38351764	38356875	4	-1.7288
eeaa8e4a-c689-45f8-a469-eb9259c6928a	7	38361356	54318812	10986	0.0077
eeaa8e4a-c689-45f8-a469-eb9259c6928a	7	54318816	54318824	5	-1.6394
eeaa8e4a-c689-45f8-a469-eb9259c6928a	7	54325795	67172252	3733	-0.0024
eeaa8e4a-c689-45f8-a469-eb9259c6928a	7	67176387	67180245	5	-2.277
eeaa8e4a-c689-45f8-a469-eb9259c6928a	7	67182652	67233947	15	-0.4648
eeaa8e4a-c689-45f8-a469-eb9259c6928a	7	67234797	123219288	32798	0.0096
eeaa8e4a-c689-45f8-a469-eb9259c6928a	7	123221591	123230018	3	-1.0647
eeaa8e4a-c689-45f8-a469-eb9259c6928a	7	123230115	126405597	1956	0.0154
eeaa8e4a-c689-45f8-a469-eb9259c6928a	7	126405632	126406546	8	-1.2546
eeaa8e4a-c689-45f8-a469-eb9259c6928a	7	126406561	144199159	11166	0.0012
eeaa8e4a-c689-45f8-a469-eb9259c6928a	7	144207186	144306653	10	-0.5861
eeaa8e4a-c689-45f8-a469-eb9259c6928a	7	144312471	146556600	1354	0.0131
eeaa8e4a-c689-45f8-a469-eb9259c6928a	7	146556961	146557568	4	-0.8368
eeaa8e4a-c689-45f8-a469-eb9259c6928a	7	146561746	150211753	2260	0.0068
eeaa8e4a-c689-45f8-a469-eb9259c6928a	7	150212153	150212265	2	-2.0425
eeaa8e4a-c689-45f8-a469-eb9259c6928a	7	150224578	159334314	6028	-0.0009
eeaa8e4a-c689-45f8-a469-eb9259c6928a	8	81254	643041	322	0.0148
eeaa8e4a-c689-45f8-a469-eb9259c6928a	8	644944	645875	8	0.6069
eeaa8e4a-c689-45f8-a469-eb9259c6928a	8	645892	645908	2	3.4453
eeaa8e4a-c689-45f8-a469-eb9259c6928a	8	656117	4761583	4404	0.0174
eeaa8e4a-c689-45f8-a469-eb9259c6928a	8	4762202	7380497	3011	-0.5003
eeaa8e4a-c689-45f8-a469-eb9259c6928a	8	7396819	8528287	335	-0.0108
eeaa8e4a-c689-45f8-a469-eb9259c6928a	8	8528640	8528932	4	-2.0028
eeaa8e4a-c689-45f8-a469-eb9259c6928a	8	8530797	11277654	2388	0.0113
eeaa8e4a-c689-45f8-a469-eb9259c6928a	8	11282375	12037736	538	-0.5334
eeaa8e4a-c689-45f8-a469-eb9259c6928a	8	12092042	12358500	11	0.1928
eeaa8e4a-c689-45f8-a469-eb9259c6928a	8	12359339	12385031	20	-1.0888
eeaa8e4a-c689-45f8-a469-eb9259c6928a	8	12387683	12389977	7	-2.3755
eeaa8e4a-c689-45f8-a469-eb9259c6928a	8	12418301	12519969	7	-0.3349
eeaa8e4a-c689-45f8-a469-eb9259c6928a	8	12545544	12616034	13	0.1218
eeaa8e4a-c689-45f8-a469-eb9259c6928a	8	12616049	12879480	192	-0.4516
eeaa8e4a-c689-45f8-a469-eb9259c6928a	8	12880104	13980959	1123	0.0128
eeaa8e4a-c689-45f8-a469-eb9259c6928a	8	13981381	15466620	1350	-0.4852
eeaa8e4a-c689-45f8-a469-eb9259c6928a	8	15467009	16339682	794	0.015
eeaa8e4a-c689-45f8-a469-eb9259c6928a	8	16349445	16349614	8	-1.4902
eeaa8e4a-c689-45f8-a469-eb9259c6928a	8	16354575	24861074	6720	0.0118
eeaa8e4a-c689-45f8-a469-eb9259c6928a	8	24862514	24862556	2	-1.1966
eeaa8e4a-c689-45f8-a469-eb9259c6928a	8	24862583	25117007	212	0.0036
eeaa8e4a-c689-45f8-a469-eb9259c6928a	8	25117062	25122447	16	0.5335
eeaa8e4a-c689-45f8-a469-eb9259c6928a	8	25122457	33215371	5674	0.0098
eeaa8e4a-c689-45f8-a469-eb9259c6928a	8	33215980	33224225	5	-0.7044
eeaa8e4a-c689-45f8-a469-eb9259c6928a	8	33224632	39373140	3348	0.0087
eeaa8e4a-c689-45f8-a469-eb9259c6928a	8	39378084	39529446	59	0.6907
eeaa8e4a-c689-45f8-a469-eb9259c6928a	8	39530780	46089809	2621	0.0067
eeaa8e4a-c689-45f8-a469-eb9259c6928a	8	46090027	46277524	53	-0.2092
eeaa8e4a-c689-45f8-a469-eb9259c6928a	8	46278999	47333607	404	0.0004
eeaa8e4a-c689-45f8-a469-eb9259c6928a	8	47333723	47362252	18	-0.5195
eeaa8e4a-c689-45f8-a469-eb9259c6928a	8	47365402	51317542	2214	-0.0075
eeaa8e4a-c689-45f8-a469-eb9259c6928a	8	51319457	53135228	1235	0.3571
eeaa8e4a-c689-45f8-a469-eb9259c6928a	8	53135978	53308756	169	0.0214
eeaa8e4a-c689-45f8-a469-eb9259c6928a	8	53309633	53403738	42	0.3914
eeaa8e4a-c689-45f8-a469-eb9259c6928a	8	53404402	54115545	395	0.0031
eeaa8e4a-c689-45f8-a469-eb9259c6928a	8	54117385	54261702	68	0.3714
eeaa8e4a-c689-45f8-a469-eb9259c6928a	8	54262259	54920511	466	0.0071
eeaa8e4a-c689-45f8-a469-eb9259c6928a	8	54922886	55596495	531	0.3677
eeaa8e4a-c689-45f8-a469-eb9259c6928a	8	55601478	57203991	967	-0.0031
eeaa8e4a-c689-45f8-a469-eb9259c6928a	8	57204927	57217466	4	-1.2534
eeaa8e4a-c689-45f8-a469-eb9259c6928a	8	57220239	57237456	14	-0.0516
eeaa8e4a-c689-45f8-a469-eb9259c6928a	8	57238869	57435642	146	0.3315
eeaa8e4a-c689-45f8-a469-eb9259c6928a	8	57436296	57436438	3	-0.4652
eeaa8e4a-c689-45f8-a469-eb9259c6928a	8	57437208	58279681	619	0.3782
eeaa8e4a-c689-45f8-a469-eb9259c6928a	8	58280709	63936079	3681	0.0036
eeaa8e4a-c689-45f8-a469-eb9259c6928a	8	63936340	63936561	6	0.7612
eeaa8e4a-c689-45f8-a469-eb9259c6928a	8	63936953	65418202	787	0.0008
eeaa8e4a-c689-45f8-a469-eb9259c6928a	8	65418227	65733314	161	0.3448
eeaa8e4a-c689-45f8-a469-eb9259c6928a	8	65733334	67235333	715	-0.0119
eeaa8e4a-c689-45f8-a469-eb9259c6928a	8	67240127	68101583	610	0.3418
eeaa8e4a-c689-45f8-a469-eb9259c6928a	8	68101843	71281354	1954	0.0074
eeaa8e4a-c689-45f8-a469-eb9259c6928a	8	71282345	71697252	291	0.3619
eeaa8e4a-c689-45f8-a469-eb9259c6928a	8	71697660	71880796	151	-0.0041
eeaa8e4a-c689-45f8-a469-eb9259c6928a	8	71887569	72128196	180	0.3718
eeaa8e4a-c689-45f8-a469-eb9259c6928a	8	72130244	74396083	1587	0.0028
eeaa8e4a-c689-45f8-a469-eb9259c6928a	8	74406948	74416300	6	-0.793
eeaa8e4a-c689-45f8-a469-eb9259c6928a	8	74419850	76203812	1035	0.0095
eeaa8e4a-c689-45f8-a469-eb9259c6928a	8	76205142	76557059	218	0.3652
eeaa8e4a-c689-45f8-a469-eb9259c6928a	8	76558295	78441422	1088	0.018
eeaa8e4a-c689-45f8-a469-eb9259c6928a	8	78442500	80861748	1400	0.3555
eeaa8e4a-c689-45f8-a469-eb9259c6928a	8	80863021	80989757	85	-0.0371
eeaa8e4a-c689-45f8-a469-eb9259c6928a	8	80992296	81217607	178	0.364
eeaa8e4a-c689-45f8-a469-eb9259c6928a	8	81221972	81590343	237	0.0102
eeaa8e4a-c689-45f8-a469-eb9259c6928a	8	81593186	94329905	7289	0.3532
eeaa8e4a-c689-45f8-a469-eb9259c6928a	8	94330105	94385660	26	0.0532
eeaa8e4a-c689-45f8-a469-eb9259c6928a	8	94385742	94421283	14	-0.1251
eeaa8e4a-c689-45f8-a469-eb9259c6928a	8	94421456	94545374	75	0.3715
eeaa8e4a-c689-45f8-a469-eb9259c6928a	8	94545481	94545764	5	1.0613
eeaa8e4a-c689-45f8-a469-eb9259c6928a	8	94545887	94623824	47	0.2853
eeaa8e4a-c689-45f8-a469-eb9259c6928a	8	94626974	94635644	5	-0.3578
eeaa8e4a-c689-45f8-a469-eb9259c6928a	8	94648544	96504028	1381	0.3434
eeaa8e4a-c689-45f8-a469-eb9259c6928a	8	96510281	96751037	169	-0.0085
eeaa8e4a-c689-45f8-a469-eb9259c6928a	8	96753577	97786974	591	0.3514
eeaa8e4a-c689-45f8-a469-eb9259c6928a	8	97787589	98546445	512	0.0083
eeaa8e4a-c689-45f8-a469-eb9259c6928a	8	98550665	110661730	7242	0.3503
eeaa8e4a-c689-45f8-a469-eb9259c6928a	8	110665414	111279265	318	0.0167
eeaa8e4a-c689-45f8-a469-eb9259c6928a	8	111282050	111283031	10	1.3843
eeaa8e4a-c689-45f8-a469-eb9259c6928a	8	111288052	111688569	206	0.0287
eeaa8e4a-c689-45f8-a469-eb9259c6928a	8	111698371	125995868	9403	0.354
eeaa8e4a-c689-45f8-a469-eb9259c6928a	8	125999969	127113259	819	-0.0022
eeaa8e4a-c689-45f8-a469-eb9259c6928a	8	127117127	130582672	2407	0.3435
eeaa8e4a-c689-45f8-a469-eb9259c6928a	8	130583128	130588769	2	-0.8926
eeaa8e4a-c689-45f8-a469-eb9259c6928a	8	130589555	133214954	2151	0.3581
eeaa8e4a-c689-45f8-a469-eb9259c6928a	8	133215457	134700048	1322	0.0001
eeaa8e4a-c689-45f8-a469-eb9259c6928a	8	134701937	141215063	4971	0.3555
eeaa8e4a-c689-45f8-a469-eb9259c6928a	8	141216984	141742418	313	0.2517
eeaa8e4a-c689-45f8-a469-eb9259c6928a	8	141748641	141803716	34	0.381
eeaa8e4a-c689-45f8-a469-eb9259c6928a	8	141803843	141803855	2	-1.4123
eeaa8e4a-c689-45f8-a469-eb9259c6928a	8	141804501	143329482	699	0.2907
eeaa8e4a-c689-45f8-a469-eb9259c6928a	8	143330459	145072769	590	-0.0577
eeaa8e4a-c689-45f8-a469-eb9259c6928a	9	46587	41451846	31256	0.011
eeaa8e4a-c689-45f8-a469-eb9259c6928a	9	41473331	41646527	24	0.4081
eeaa8e4a-c689-45f8-a469-eb9259c6928a	9	41646850	41741113	8	-0.0026
eeaa8e4a-c689-45f8-a469-eb9259c6928a	9	42014203	42202227	22	-1.7049
eeaa8e4a-c689-45f8-a469-eb9259c6928a	9	42211663	68375055	277	0.0338
eeaa8e4a-c689-45f8-a469-eb9259c6928a	9	68381085	68384471	2	-1.524
eeaa8e4a-c689-45f8-a469-eb9259c6928a	9	68388042	138200944	47928	0.0028
eeaa8e4a-c689-45f8-a469-eb9259c6928a	10	45792	2805817	2242	0.0021
eeaa8e4a-c689-45f8-a469-eb9259c6928a	10	2807079	2807144	2	1.4759
eeaa8e4a-c689-45f8-a469-eb9259c6928a	10	2807267	17794593	12598	0.0066
eeaa8e4a-c689-45f8-a469-eb9259c6928a	10	17817444	17885034	8	-0.4712
eeaa8e4a-c689-45f8-a469-eb9259c6928a	10	17896194	17910884	3	-1.8397
eeaa8e4a-c689-45f8-a469-eb9259c6928a	10	17929793	46708121	16868	0.0072
eeaa8e4a-c689-45f8-a469-eb9259c6928a	10	46708198	47044272	19	-0.4867
eeaa8e4a-c689-45f8-a469-eb9259c6928a	10	47045228	50070600	1669	0.011
eeaa8e4a-c689-45f8-a469-eb9259c6928a	10	50081224	50210870	8	0.6164
eeaa8e4a-c689-45f8-a469-eb9259c6928a	10	50222104	51252249	731	0.023
eeaa8e4a-c689-45f8-a469-eb9259c6928a	10	51254408	51255823	11	-0.4175
eeaa8e4a-c689-45f8-a469-eb9259c6928a	10	51256832	53317022	1669	0.0131
eeaa8e4a-c689-45f8-a469-eb9259c6928a	10	53328068	53329069	4	-0.9719
eeaa8e4a-c689-45f8-a469-eb9259c6928a	10	53333771	65548193	8591	0.0167
eeaa8e4a-c689-45f8-a469-eb9259c6928a	10	65548259	65551602	19	0.3855
eeaa8e4a-c689-45f8-a469-eb9259c6928a	10	65554104	65581795	25	0.0124
eeaa8e4a-c689-45f8-a469-eb9259c6928a	10	65583696	65584197	8	-0.5624
eeaa8e4a-c689-45f8-a469-eb9259c6928a	10	65585009	66219101	519	0.0211
eeaa8e4a-c689-45f8-a469-eb9259c6928a	10	66221163	66221306	3	-0.9705
eeaa8e4a-c689-45f8-a469-eb9259c6928a	10	66223652	76493093	6233	0.0066
eeaa8e4a-c689-45f8-a469-eb9259c6928a	10	76497303	76497852	2	2.0322
eeaa8e4a-c689-45f8-a469-eb9259c6928a	10	76501509	79624118	2442	-0.0023
eeaa8e4a-c689-45f8-a469-eb9259c6928a	10	79624128	79625643	3	-1.8736
eeaa8e4a-c689-45f8-a469-eb9259c6928a	10	79625693	87269486	5210	0.0085
eeaa8e4a-c689-45f8-a469-eb9259c6928a	10	87278584	87286741	2	2.0574
eeaa8e4a-c689-45f8-a469-eb9259c6928a	10	87310039	118204057	20399	0.0132
eeaa8e4a-c689-45f8-a469-eb9259c6928a	10	118204992	118214730	8	-0.6594
eeaa8e4a-c689-45f8-a469-eb9259c6928a	10	118215315	124792311	4994	0.0075
eeaa8e4a-c689-45f8-a469-eb9259c6928a	10	124794979	124800091	7	-0.7352
eeaa8e4a-c689-45f8-a469-eb9259c6928a	10	124809643	126201754	972	0.0045
eeaa8e4a-c689-45f8-a469-eb9259c6928a	10	126206011	126206650	3	-1.0701
eeaa8e4a-c689-45f8-a469-eb9259c6928a	10	126211731	132747703	5017	0.0019
eeaa8e4a-c689-45f8-a469-eb9259c6928a	10	132750789	133152410	154	-0.1476
eeaa8e4a-c689-45f8-a469-eb9259c6928a	10	133152650	133654968	233	-0.0134
eeaa8e4a-c689-45f8-a469-eb9259c6928a	11	198510	5766175	3234	-0.0078
eeaa8e4a-c689-45f8-a469-eb9259c6928a	11	5766850	5787909	32	-0.6625
eeaa8e4a-c689-45f8-a469-eb9259c6928a	11	5788108	18919323	9412	0.0062
eeaa8e4a-c689-45f8-a469-eb9259c6928a	11	18927525	18940441	45	0.3724
eeaa8e4a-c689-45f8-a469-eb9259c6928a	11	18940469	25584298	5255	0.0161
eeaa8e4a-c689-45f8-a469-eb9259c6928a	11	25587000	25603195	23	-0.9695
eeaa8e4a-c689-45f8-a469-eb9259c6928a	11	25612037	55595864	16493	0.0128
eeaa8e4a-c689-45f8-a469-eb9259c6928a	11	55606556	55686100	60	0.423
eeaa8e4a-c689-45f8-a469-eb9259c6928a	11	55693207	64657552	5064	0.0042
eeaa8e4a-c689-45f8-a469-eb9259c6928a	11	64657648	65894490	461	-0.0735
eeaa8e4a-c689-45f8-a469-eb9259c6928a	11	65894607	80256469	7737	0.0001
eeaa8e4a-c689-45f8-a469-eb9259c6928a	11	80256504	80256520	2	-2.6565
eeaa8e4a-c689-45f8-a469-eb9259c6928a	11	80256642	89741663	6590	0.0065
eeaa8e4a-c689-45f8-a469-eb9259c6928a	11	89754781	89765194	3	-1.5002
eeaa8e4a-c689-45f8-a469-eb9259c6928a	11	89768798	134280635	31812	0.0062
eeaa8e4a-c689-45f8-a469-eb9259c6928a	11	134282136	134334211	32	0.4871
eeaa8e4a-c689-45f8-a469-eb9259c6928a	11	134334833	135074876	595	-0.0038
eeaa8e4a-c689-45f8-a469-eb9259c6928a	12	51460	33233822	22857	0.0072
eeaa8e4a-c689-45f8-a469-eb9259c6928a	12	33235894	33242207	4	-3.721
eeaa8e4a-c689-45f8-a469-eb9259c6928a	12	33242483	34175632	581	0.0015
eeaa8e4a-c689-45f8-a469-eb9259c6928a	12	34179379	34461752	108	-0.154
eeaa8e4a-c689-45f8-a469-eb9259c6928a	12	34462205	43026154	3388	0.0202
eeaa8e4a-c689-45f8-a469-eb9259c6928a	12	43026726	43026950	2	-2.2183
eeaa8e4a-c689-45f8-a469-eb9259c6928a	12	43033505	45506042	1459	0.0084
eeaa8e4a-c689-45f8-a469-eb9259c6928a	12	45510655	45515754	4	-1.2164
eeaa8e4a-c689-45f8-a469-eb9259c6928a	12	45519509	58327273	7191	0.0012
eeaa8e4a-c689-45f8-a469-eb9259c6928a	12	58327297	58336379	7	-0.8517
eeaa8e4a-c689-45f8-a469-eb9259c6928a	12	58337065	99398036	26502	0.0135
eeaa8e4a-c689-45f8-a469-eb9259c6928a	12	99401515	99404956	31	-1.5456
eeaa8e4a-c689-45f8-a469-eb9259c6928a	12	99409315	131287897	21816	0.0027
eeaa8e4a-c689-45f8-a469-eb9259c6928a	12	131289421	131290763	3	-1.0951
eeaa8e4a-c689-45f8-a469-eb9259c6928a	12	131291086	131636170	321	-0.0112
eeaa8e4a-c689-45f8-a469-eb9259c6928a	12	131648039	131648790	13	0.4815
eeaa8e4a-c689-45f8-a469-eb9259c6928a	12	131657925	133201603	559	-0.0072
eeaa8e4a-c689-45f8-a469-eb9259c6928a	13	18452809	19547319	532	-0.0097
eeaa8e4a-c689-45f8-a469-eb9259c6928a	13	19549755	19549770	2	1.1589
eeaa8e4a-c689-45f8-a469-eb9259c6928a	13	19550361	24580988	3574	0.0091
eeaa8e4a-c689-45f8-a469-eb9259c6928a	13	24589082	24599368	6	-1.0221
eeaa8e4a-c689-45f8-a469-eb9259c6928a	13	24602984	37514193	9387	0.0078
eeaa8e4a-c689-45f8-a469-eb9259c6928a	13	37514237	37540973	51	-0.912
eeaa8e4a-c689-45f8-a469-eb9259c6928a	13	37551050	38478674	649	0.0185
eeaa8e4a-c689-45f8-a469-eb9259c6928a	13	38483435	38483919	2	1.284
eeaa8e4a-c689-45f8-a469-eb9259c6928a	13	38490920	57184136	11825	0.0138
eeaa8e4a-c689-45f8-a469-eb9259c6928a	13	57184155	57204246	33	-0.7302
eeaa8e4a-c689-45f8-a469-eb9259c6928a	13	57215580	57290815	49	0.0812
eeaa8e4a-c689-45f8-a469-eb9259c6928a	13	57295053	57314833	17	-0.8359
eeaa8e4a-c689-45f8-a469-eb9259c6928a	13	57318101	75531469	11599	0.017
eeaa8e4a-c689-45f8-a469-eb9259c6928a	13	75535400	75543517	10	0.5721
eeaa8e4a-c689-45f8-a469-eb9259c6928a	13	75543632	83554948	5250	0.0129
eeaa8e4a-c689-45f8-a469-eb9259c6928a	13	83555960	83556097	3	-1.5423
eeaa8e4a-c689-45f8-a469-eb9259c6928a	13	83557090	114342922	21167	0.0151
eeaa8e4a-c689-45f8-a469-eb9259c6928a	14	18239283	19732024	65	0.1703
eeaa8e4a-c689-45f8-a469-eb9259c6928a	14	19732222	19954424	101	-0.4852
eeaa8e4a-c689-45f8-a469-eb9259c6928a	14	19955213	41002809	13447	0.011
eeaa8e4a-c689-45f8-a469-eb9259c6928a	14	41002893	41016322	35	-0.8959
eeaa8e4a-c689-45f8-a469-eb9259c6928a	14	41016372	73529070	20587	0.0102
eeaa8e4a-c689-45f8-a469-eb9259c6928a	14	73534419	73554275	9	1.2838
eeaa8e4a-c689-45f8-a469-eb9259c6928a	14	73563196	106258891	20846	0.009
eeaa8e4a-c689-45f8-a469-eb9259c6928a	14	106260759	106372206	49	-0.2343
eeaa8e4a-c689-45f8-a469-eb9259c6928a	14	106378645	106877229	266	0.0001
eeaa8e4a-c689-45f8-a469-eb9259c6928a	15	19811075	20372908	87	-0.0069
eeaa8e4a-c689-45f8-a469-eb9259c6928a	15	20373168	20418953	41	0.2907
eeaa8e4a-c689-45f8-a469-eb9259c6928a	15	20421755	20668932	21	-0.1456
eeaa8e4a-c689-45f8-a469-eb9259c6928a	15	20670516	21078947	16	-0.8423
eeaa8e4a-c689-45f8-a469-eb9259c6928a	15	21085447	21417107	10	-0.2292
eeaa8e4a-c689-45f8-a469-eb9259c6928a	15	21975606	22003073	4	1.4044
eeaa8e4a-c689-45f8-a469-eb9259c6928a	15	22005276	26315045	2385	-0.002
eeaa8e4a-c689-45f8-a469-eb9259c6928a	15	26317005	26318009	2	-4.153
eeaa8e4a-c689-45f8-a469-eb9259c6928a	15	26318441	27673477	1008	0.0092
eeaa8e4a-c689-45f8-a469-eb9259c6928a	15	27674351	27683648	14	-0.9737
eeaa8e4a-c689-45f8-a469-eb9259c6928a	15	27684001	29654922	972	0.005
eeaa8e4a-c689-45f8-a469-eb9259c6928a	15	29655156	29655658	2	-1.1775
eeaa8e4a-c689-45f8-a469-eb9259c6928a	15	29655862	43698230	8634	0.0099
eeaa8e4a-c689-45f8-a469-eb9259c6928a	15	43698816	43703690	4	-0.9976
eeaa8e4a-c689-45f8-a469-eb9259c6928a	15	43721953	76598900	20718	0.0031
eeaa8e4a-c689-45f8-a469-eb9259c6928a	15	76599170	76599700	8	0.8801
eeaa8e4a-c689-45f8-a469-eb9259c6928a	15	76599852	76603434	13	0.4406
eeaa8e4a-c689-45f8-a469-eb9259c6928a	15	76609838	83874498	4417	0.0056
eeaa8e4a-c689-45f8-a469-eb9259c6928a	15	83874650	83874798	3	-0.9185
eeaa8e4a-c689-45f8-a469-eb9259c6928a	15	83878525	85403519	646	-0.0072
eeaa8e4a-c689-45f8-a469-eb9259c6928a	15	85407622	85408630	4	-0.778
eeaa8e4a-c689-45f8-a469-eb9259c6928a	15	85413359	85796288	280	0.0234
eeaa8e4a-c689-45f8-a469-eb9259c6928a	15	85796735	85806953	45	-0.725
eeaa8e4a-c689-45f8-a469-eb9259c6928a	15	85806973	101928837	12222	0.0059
eeaa8e4a-c689-45f8-a469-eb9259c6928a	16	10777	29268429	19054	0.0022
eeaa8e4a-c689-45f8-a469-eb9259c6928a	16	29269203	29269734	3	-1.3695
eeaa8e4a-c689-45f8-a469-eb9259c6928a	16	29270444	55762682	7883	0.0047
eeaa8e4a-c689-45f8-a469-eb9259c6928a	16	55764310	55788532	18	0.7365
eeaa8e4a-c689-45f8-a469-eb9259c6928a	16	55808442	76764575	12669	0.0028
eeaa8e4a-c689-45f8-a469-eb9259c6928a	16	76764612	76772531	3	-1.6613
eeaa8e4a-c689-45f8-a469-eb9259c6928a	16	76774655	78337711	1609	0.0051
eeaa8e4a-c689-45f8-a469-eb9259c6928a	16	78338543	78350841	16	0.6261
eeaa8e4a-c689-45f8-a469-eb9259c6928a	16	78350868	80632491	2751	0.0094
eeaa8e4a-c689-45f8-a469-eb9259c6928a	16	80632882	80638532	2	-1.998
eeaa8e4a-c689-45f8-a469-eb9259c6928a	16	80638807	84015025	3604	0.0078
eeaa8e4a-c689-45f8-a469-eb9259c6928a	16	84017560	84029323	12	-1.0645
eeaa8e4a-c689-45f8-a469-eb9259c6928a	16	84029815	86933533	2643	-0.0058
eeaa8e4a-c689-45f8-a469-eb9259c6928a	16	86935986	86936928	2	-2.1504
eeaa8e4a-c689-45f8-a469-eb9259c6928a	16	86937389	88326325	870	-0.003
eeaa8e4a-c689-45f8-a469-eb9259c6928a	16	88330387	89206684	286	-0.1197
eeaa8e4a-c689-45f8-a469-eb9259c6928a	16	89206933	89937925	355	-0.0315
eeaa8e4a-c689-45f8-a469-eb9259c6928a	16	89942654	89954453	5	-1.3783
eeaa8e4a-c689-45f8-a469-eb9259c6928a	16	89957051	90096867	94	-0.0464
eeaa8e4a-c689-45f8-a469-eb9259c6928a	17	150733	22375149	12755	-0.0013
eeaa8e4a-c689-45f8-a469-eb9259c6928a	17	22410509	22411050	2	-1.4822
eeaa8e4a-c689-45f8-a469-eb9259c6928a	17	22411171	36109315	5497	-0.0009
eeaa8e4a-c689-45f8-a469-eb9259c6928a	17	36109735	36157718	35	0.7726
eeaa8e4a-c689-45f8-a469-eb9259c6928a	17	36200725	36785066	286	-0.0353
eeaa8e4a-c689-45f8-a469-eb9259c6928a	17	36785877	36787193	2	-1.2729
eeaa8e4a-c689-45f8-a469-eb9259c6928a	17	36787738	41265456	2238	-0.0001
eeaa8e4a-c689-45f8-a469-eb9259c6928a	17	41266762	41267053	10	1.3044
eeaa8e4a-c689-45f8-a469-eb9259c6928a	17	41267068	41273905	10	0.3209
eeaa8e4a-c689-45f8-a469-eb9259c6928a	17	41273921	41274198	3	1.195
eeaa8e4a-c689-45f8-a469-eb9259c6928a	17	41274279	43354897	1106	-0.0092
eeaa8e4a-c689-45f8-a469-eb9259c6928a	17	43361222	43362553	3	0.9696
eeaa8e4a-c689-45f8-a469-eb9259c6928a	17	43366336	46113318	1409	-0.0213
eeaa8e4a-c689-45f8-a469-eb9259c6928a	17	46113719	46687628	114	-0.2989
eeaa8e4a-c689-45f8-a469-eb9259c6928a	17	46707286	75127320	17577	-0.0025
eeaa8e4a-c689-45f8-a469-eb9259c6928a	17	75132055	75132069	2	-1.6065
eeaa8e4a-c689-45f8-a469-eb9259c6928a	17	75133069	79162921	2185	-0.0161
eeaa8e4a-c689-45f8-a469-eb9259c6928a	17	79169135	79238589	43	-0.2502
eeaa8e4a-c689-45f8-a469-eb9259c6928a	17	79239524	83091923	1759	-0.0169
eeaa8e4a-c689-45f8-a469-eb9259c6928a	18	48133	15277603	10387	0.0583
eeaa8e4a-c689-45f8-a469-eb9259c6928a	18	15284338	15307550	6	-1.0481
eeaa8e4a-c689-45f8-a469-eb9259c6928a	18	15307805	29510973	5206	0.0398
eeaa8e4a-c689-45f8-a469-eb9259c6928a	18	29515670	80257174	35123	-0.4884
eeaa8e4a-c689-45f8-a469-eb9259c6928a	19	90910	4640283	1222	-0.0141
eeaa8e4a-c689-45f8-a469-eb9259c6928a	19	4653836	4658389	5	-0.8568
eeaa8e4a-c689-45f8-a469-eb9259c6928a	19	4658892	6466471	807	-0.0137
eeaa8e4a-c689-45f8-a469-eb9259c6928a	19	6469836	6481111	4	-0.9781
eeaa8e4a-c689-45f8-a469-eb9259c6928a	19	6481448	8994873	1269	-0.003
eeaa8e4a-c689-45f8-a469-eb9259c6928a	19	8995829	8995943	2	-1.5117
eeaa8e4a-c689-45f8-a469-eb9259c6928a	19	8995948	12581187	1734	-0.0146
eeaa8e4a-c689-45f8-a469-eb9259c6928a	19	12586552	12587288	2	-1.343
eeaa8e4a-c689-45f8-a469-eb9259c6928a	19	12589709	15669231	1530	-0.0045
eeaa8e4a-c689-45f8-a469-eb9259c6928a	19	15669412	15722914	60	0.4175
eeaa8e4a-c689-45f8-a469-eb9259c6928a	19	15723113	22231138	3322	-0.0121
eeaa8e4a-c689-45f8-a469-eb9259c6928a	19	22232943	22263657	28	0.4284
eeaa8e4a-c689-45f8-a469-eb9259c6928a	19	22263846	36265950	7176	0.0003
eeaa8e4a-c689-45f8-a469-eb9259c6928a	19	36267995	36316398	4	-0.8416
eeaa8e4a-c689-45f8-a469-eb9259c6928a	19	36334346	43003893	3348	-0.0114
eeaa8e4a-c689-45f8-a469-eb9259c6928a	19	43004788	43198881	84	-0.9042
eeaa8e4a-c689-45f8-a469-eb9259c6928a	19	43199352	43252085	21	-2.2796
eeaa8e4a-c689-45f8-a469-eb9259c6928a	19	43262507	51628560	4146	-0.0098
eeaa8e4a-c689-45f8-a469-eb9259c6928a	19	51639099	51644944	11	-0.6655
eeaa8e4a-c689-45f8-a469-eb9259c6928a	19	51651652	56692890	3180	-0.0057
eeaa8e4a-c689-45f8-a469-eb9259c6928a	19	56694503	56700143	5	-1.0917
eeaa8e4a-c689-45f8-a469-eb9259c6928a	19	56705460	58586487	1151	-0.0006
eeaa8e4a-c689-45f8-a469-eb9259c6928a	20	80664	80941	9	-0.0737
eeaa8e4a-c689-45f8-a469-eb9259c6928a	20	81034	1579916	1189	-0.514
eeaa8e4a-c689-45f8-a469-eb9259c6928a	20	1580141	1590457	19	-0.9766
eeaa8e4a-c689-45f8-a469-eb9259c6928a	20	1590626	24222012	17633	-0.4957
eeaa8e4a-c689-45f8-a469-eb9259c6928a	20	24222239	64324800	23527	-0.0033
eeaa8e4a-c689-45f8-a469-eb9259c6928a	21	10354168	10569525	55	0.0211
eeaa8e4a-c689-45f8-a469-eb9259c6928a	21	10571815	12996886	36	0.3982
eeaa8e4a-c689-45f8-a469-eb9259c6928a	21	13004391	26822585	9709	0.0122
eeaa8e4a-c689-45f8-a469-eb9259c6928a	21	26827753	26828403	7	-0.7339
eeaa8e4a-c689-45f8-a469-eb9259c6928a	21	26831754	43371963	12382	0.0061
eeaa8e4a-c689-45f8-a469-eb9259c6928a	21	43373304	43373568	2	-1.2178
eeaa8e4a-c689-45f8-a469-eb9259c6928a	21	43374861	45250959	872	-0.0006
eeaa8e4a-c689-45f8-a469-eb9259c6928a	21	45251056	45618418	179	-0.1256
eeaa8e4a-c689-45f8-a469-eb9259c6928a	21	45618451	46569891	535	-0.0042
eeaa8e4a-c689-45f8-a469-eb9259c6928a	21	46570095	46570289	3	-0.9004
eeaa8e4a-c689-45f8-a469-eb9259c6928a	21	46572809	46677045	88	-0.0167
eeaa8e4a-c689-45f8-a469-eb9259c6928a	22	15294547	19703133	1618	-0.0054
eeaa8e4a-c689-45f8-a469-eb9259c6928a	22	19708302	20317120	393	-0.1364
eeaa8e4a-c689-45f8-a469-eb9259c6928a	22	20317352	25403975	3340	-0.0253
eeaa8e4a-c689-45f8-a469-eb9259c6928a	22	25404017	25407582	4	-1.1186
eeaa8e4a-c689-45f8-a469-eb9259c6928a	22	25407680	38137964	9439	-0.006
eeaa8e4a-c689-45f8-a469-eb9259c6928a	22	38142239	38143077	5	-0.7251
eeaa8e4a-c689-45f8-a469-eb9259c6928a	22	38143160	42517063	2362	-0.0105
eeaa8e4a-c689-45f8-a469-eb9259c6928a	22	42517914	42536412	13	0.4833
eeaa8e4a-c689-45f8-a469-eb9259c6928a	22	42538456	48984898	4961	-0.0029
eeaa8e4a-c689-45f8-a469-eb9259c6928a	22	48985051	50796027	1143	-0.0596
eeaa8e4a-c689-45f8-a469-eb9259c6928a	X	251810	56630035	32579	0.0006
eeaa8e4a-c689-45f8-a469-eb9259c6928a	X	56635479	56646272	3	-2.0402
eeaa8e4a-c689-45f8-a469-eb9259c6928a	X	56652478	155952689	51069	0.0012
eeaa8e4a-c689-45f8-a469-eb9259c6928a	Y	2782397	6076562	720	-2.5817
eeaa8e4a-c689-45f8-a469-eb9259c6928a	Y	6080059	13478396	2545	-2.9898
eeaa8e4a-c689-45f8-a469-eb9259c6928a	Y	13478462	13482643	3	-7.6945
eeaa8e4a-c689-45f8-a469-eb9259c6928a	Y	13483009	23586854	3180	-3.0007
eeaa8e4a-c689-45f8-a469-eb9259c6928a	Y	23784615	56872112	192	-2.5957
