GDC_Aliquot	Chromosome	Start	End	Num_Probes	Segment_Mean
2cc36772-2177-4308-991a-978feb47e0e0	1	62920	86341	11	-0.5959
2cc36772-2177-4308-991a-978feb47e0e0	1	98588	1696979	201	0.0363
2cc36772-2177-4308-991a-978feb47e0e0	1	1710664	1741164	14	0.7491
2cc36772-2177-4308-991a-978feb47e0e0	1	1756148	3587509	643	0.0498
2cc36772-2177-4308-991a-978feb47e0e0	1	3595777	10189919	4215	-0.522
2cc36772-2177-4308-991a-978feb47e0e0	1	10195198	10196297	2	-2.5748
2cc36772-2177-4308-991a-978feb47e0e0	1	10198748	14635373	2401	-0.5231
2cc36772-2177-4308-991a-978feb47e0e0	1	14636721	14637973	3	-1.9319
2cc36772-2177-4308-991a-978feb47e0e0	1	14639657	16544783	1141	-0.5058
2cc36772-2177-4308-991a-978feb47e0e0	1	16569132	16679483	32	0.1594
2cc36772-2177-4308-991a-978feb47e0e0	1	16685961	16721910	8	-0.345
2cc36772-2177-4308-991a-978feb47e0e0	1	16721984	18830130	1487	0.0965
2cc36772-2177-4308-991a-978feb47e0e0	1	18833666	20847936	1323	-0.4978
2cc36772-2177-4308-991a-978feb47e0e0	1	20851144	21262661	178	0.0856
2cc36772-2177-4308-991a-978feb47e0e0	1	21264261	22170210	526	-0.5067
2cc36772-2177-4308-991a-978feb47e0e0	1	22175223	22180930	4	-1.5622
2cc36772-2177-4308-991a-978feb47e0e0	1	22182157	25092208	1689	-0.4966
2cc36772-2177-4308-991a-978feb47e0e0	1	25096910	25097831	2	-1.7904
2cc36772-2177-4308-991a-978feb47e0e0	1	25098398	25256800	117	-0.5195
2cc36772-2177-4308-991a-978feb47e0e0	1	25256850	25319693	22	-1.2179
2cc36772-2177-4308-991a-978feb47e0e0	1	25320198	25605443	73	-0.5499
2cc36772-2177-4308-991a-978feb47e0e0	1	25605695	29400363	1637	-0.4637
2cc36772-2177-4308-991a-978feb47e0e0	1	29410923	29947396	410	-0.5789
2cc36772-2177-4308-991a-978feb47e0e0	1	29947892	29975370	26	0.0335
2cc36772-2177-4308-991a-978feb47e0e0	1	29987723	30254028	230	-0.5289
2cc36772-2177-4308-991a-978feb47e0e0	1	30258675	30272363	17	-1.2153
2cc36772-2177-4308-991a-978feb47e0e0	1	30274729	31750531	923	-0.5011
2cc36772-2177-4308-991a-978feb47e0e0	1	31753916	36693649	2618	0.0971
2cc36772-2177-4308-991a-978feb47e0e0	1	36695453	46289402	5447	-0.5118
2cc36772-2177-4308-991a-978feb47e0e0	1	46295490	46975124	375	0.0976
2cc36772-2177-4308-991a-978feb47e0e0	1	46977720	57187484	6294	-0.541
2cc36772-2177-4308-991a-978feb47e0e0	1	57188224	57188987	3	-1.908
2cc36772-2177-4308-991a-978feb47e0e0	1	57192363	70119107	9332	-0.5622
2cc36772-2177-4308-991a-978feb47e0e0	1	70123085	70139284	11	0.1663
2cc36772-2177-4308-991a-978feb47e0e0	1	70140536	103614714	21367	-0.549
2cc36772-2177-4308-991a-978feb47e0e0	1	103615687	103620877	4	-2.8921
2cc36772-2177-4308-991a-978feb47e0e0	1	103621165	105470754	922	-0.5318
2cc36772-2177-4308-991a-978feb47e0e0	1	105476583	105481468	20	0.3141
2cc36772-2177-4308-991a-978feb47e0e0	1	105481515	109679105	2628	-0.5472
2cc36772-2177-4308-991a-978feb47e0e0	1	109684695	109707950	21	0.329
2cc36772-2177-4308-991a-978feb47e0e0	1	109707962	110788378	795	-0.5278
2cc36772-2177-4308-991a-978feb47e0e0	1	110789023	110859070	93	-0.3099
2cc36772-2177-4308-991a-978feb47e0e0	1	110859082	112153571	1057	-0.5516
2cc36772-2177-4308-991a-978feb47e0e0	1	112153651	112163506	28	0.0127
2cc36772-2177-4308-991a-978feb47e0e0	1	112163518	116257394	2625	-0.5409
2cc36772-2177-4308-991a-978feb47e0e0	1	116257579	116260109	2	-2.1636
2cc36772-2177-4308-991a-978feb47e0e0	1	116261870	116902804	428	-0.5291
2cc36772-2177-4308-991a-978feb47e0e0	1	116902892	116914314	3	-1.6459
2cc36772-2177-4308-991a-978feb47e0e0	1	116915112	119979978	1967	-0.555
2cc36772-2177-4308-991a-978feb47e0e0	1	119981279	121442201	54	-0.2572
2cc36772-2177-4308-991a-978feb47e0e0	1	121443040	121601998	68	-0.4544
2cc36772-2177-4308-991a-978feb47e0e0	1	121705338	143751765	113	0.7285
2cc36772-2177-4308-991a-978feb47e0e0	1	143754062	144442342	21	0.2814
2cc36772-2177-4308-991a-978feb47e0e0	1	144445555	152583051	2311	0.7105
2cc36772-2177-4308-991a-978feb47e0e0	1	152583230	152613641	30	1.4818
2cc36772-2177-4308-991a-978feb47e0e0	1	152613762	152787202	172	0.6956
2cc36772-2177-4308-991a-978feb47e0e0	1	152789447	152795487	31	1.4575
2cc36772-2177-4308-991a-978feb47e0e0	1	152795783	152796224	6	0.9657
2cc36772-2177-4308-991a-978feb47e0e0	1	152801429	153353209	448	0.694
2cc36772-2177-4308-991a-978feb47e0e0	1	153355859	157054983	1746	0.7381
2cc36772-2177-4308-991a-978feb47e0e0	1	157055664	170742815	10178	0.6831
2cc36772-2177-4308-991a-978feb47e0e0	1	170745089	179354603	5533	0.002
2cc36772-2177-4308-991a-978feb47e0e0	1	179361393	179364180	4	-1.1592
2cc36772-2177-4308-991a-978feb47e0e0	1	179370071	193186662	9168	0.002
2cc36772-2177-4308-991a-978feb47e0e0	1	193187149	193187218	4	1.1999
2cc36772-2177-4308-991a-978feb47e0e0	1	193190593	196745743	2393	0.0088
2cc36772-2177-4308-991a-978feb47e0e0	1	196758720	196802150	43	0.4022
2cc36772-2177-4308-991a-978feb47e0e0	1	196820098	196829513	7	-0.1869
2cc36772-2177-4308-991a-978feb47e0e0	1	196829534	196932623	73	-0.8672
2cc36772-2177-4308-991a-978feb47e0e0	1	196936029	200736678	2439	-0.005
2cc36772-2177-4308-991a-978feb47e0e0	1	200737962	207040843	4054	0.0333
2cc36772-2177-4308-991a-978feb47e0e0	1	207041995	222589431	11046	-0.0122
2cc36772-2177-4308-991a-978feb47e0e0	1	222589873	222590319	2	-1.9923
2cc36772-2177-4308-991a-978feb47e0e0	1	222591411	238529331	10997	-0.0006
2cc36772-2177-4308-991a-978feb47e0e0	1	238529597	238529641	2	-1.1861
2cc36772-2177-4308-991a-978feb47e0e0	1	238530255	244583848	4450	-0.0047
2cc36772-2177-4308-991a-978feb47e0e0	1	244584822	244585032	2	-1.3798
2cc36772-2177-4308-991a-978feb47e0e0	1	244585155	246830382	1577	-0.0011
2cc36772-2177-4308-991a-978feb47e0e0	1	246838141	246838651	2	1.2409
2cc36772-2177-4308-991a-978feb47e0e0	1	246841508	248550567	1014	0.0348
2cc36772-2177-4308-991a-978feb47e0e0	1	248572774	248645808	36	0.5042
2cc36772-2177-4308-991a-978feb47e0e0	1	248646068	248930189	139	0.0234
2cc36772-2177-4308-991a-978feb47e0e0	2	12784	165674	81	0.0569
2cc36772-2177-4308-991a-978feb47e0e0	2	165862	170344	3	1.0078
2cc36772-2177-4308-991a-978feb47e0e0	2	170576	737505	434	0.0281
2cc36772-2177-4308-991a-978feb47e0e0	2	742100	753378	5	-0.9845
2cc36772-2177-4308-991a-978feb47e0e0	2	753489	17493526	12661	0.0164
2cc36772-2177-4308-991a-978feb47e0e0	2	17494468	17494692	2	-2.4569
2cc36772-2177-4308-991a-978feb47e0e0	2	17496781	24376374	4749	0.0078
2cc36772-2177-4308-991a-978feb47e0e0	2	24376380	24388259	20	-0.5224
2cc36772-2177-4308-991a-978feb47e0e0	2	24388858	28959815	2283	0.046
2cc36772-2177-4308-991a-978feb47e0e0	2	28960273	31738272	2095	-0.0081
2cc36772-2177-4308-991a-978feb47e0e0	2	31740396	32458142	278	0.0437
2cc36772-2177-4308-991a-978feb47e0e0	2	32459118	32733065	137	0.1454
2cc36772-2177-4308-991a-978feb47e0e0	2	32733120	34295406	1251	0.0164
2cc36772-2177-4308-991a-978feb47e0e0	2	34298911	34300513	2	1.2047
2cc36772-2177-4308-991a-978feb47e0e0	2	34300900	34476327	97	-0.0374
2cc36772-2177-4308-991a-978feb47e0e0	2	34476516	34512489	46	-0.3709
2cc36772-2177-4308-991a-978feb47e0e0	2	34512965	35171695	424	0.0553
2cc36772-2177-4308-991a-978feb47e0e0	2	35179317	35183693	6	0.8064
2cc36772-2177-4308-991a-978feb47e0e0	2	35186359	52527743	12576	0.0259
2cc36772-2177-4308-991a-978feb47e0e0	2	52531615	52554404	33	0.7229
2cc36772-2177-4308-991a-978feb47e0e0	2	52560811	57182568	3381	0.0247
2cc36772-2177-4308-991a-978feb47e0e0	2	57182580	57220263	36	0.282
2cc36772-2177-4308-991a-978feb47e0e0	2	57220277	81183986	15296	0.0187
2cc36772-2177-4308-991a-978feb47e0e0	2	81194578	81231308	22	0.4788
2cc36772-2177-4308-991a-978feb47e0e0	2	81231355	82128960	561	0.0628
2cc36772-2177-4308-991a-978feb47e0e0	2	82129068	82832846	390	-0.0167
2cc36772-2177-4308-991a-978feb47e0e0	2	82835710	82838736	4	-0.7295
2cc36772-2177-4308-991a-978feb47e0e0	2	82841297	84921963	1195	0.0142
2cc36772-2177-4308-991a-978feb47e0e0	2	84925467	86901078	1102	0.0588
2cc36772-2177-4308-991a-978feb47e0e0	2	86902080	86910262	2	-1.7729
2cc36772-2177-4308-991a-978feb47e0e0	2	86934730	89169780	755	0.0113
2cc36772-2177-4308-991a-978feb47e0e0	2	89170066	91967906	216	0.1324
2cc36772-2177-4308-991a-978feb47e0e0	2	91972195	97042874	809	0.0469
2cc36772-2177-4308-991a-978feb47e0e0	2	97043979	97645672	115	0.1782
2cc36772-2177-4308-991a-978feb47e0e0	2	97646002	116731000	11248	0.0135
2cc36772-2177-4308-991a-978feb47e0e0	2	116731546	117065024	189	0.1389
2cc36772-2177-4308-991a-978feb47e0e0	2	117065383	121833115	3003	0.0018
2cc36772-2177-4308-991a-978feb47e0e0	2	121834065	121841576	2	-1.4978
2cc36772-2177-4308-991a-978feb47e0e0	2	121842089	123303278	1043	-0.0161
2cc36772-2177-4308-991a-978feb47e0e0	2	123306040	123583808	214	0.1159
2cc36772-2177-4308-991a-978feb47e0e0	2	123583936	124307732	484	-0.0238
2cc36772-2177-4308-991a-978feb47e0e0	2	124308054	125701834	851	0.0808
2cc36772-2177-4308-991a-978feb47e0e0	2	125701867	128880504	1915	0.0098
2cc36772-2177-4308-991a-978feb47e0e0	2	128880904	128882755	16	-0.8311
2cc36772-2177-4308-991a-978feb47e0e0	2	128888874	129027150	110	0.0026
2cc36772-2177-4308-991a-978feb47e0e0	2	129027826	129027847	2	-1.5291
2cc36772-2177-4308-991a-978feb47e0e0	2	129031535	130031201	762	0.014
2cc36772-2177-4308-991a-978feb47e0e0	2	130036283	130116915	14	0.8185
2cc36772-2177-4308-991a-978feb47e0e0	2	130117303	137805786	4416	0.0073
2cc36772-2177-4308-991a-978feb47e0e0	2	137806910	138302884	303	0.1011
2cc36772-2177-4308-991a-978feb47e0e0	2	138303874	146103836	4806	0.0044
2cc36772-2177-4308-991a-978feb47e0e0	2	146103878	146109366	26	0.7958
2cc36772-2177-4308-991a-978feb47e0e0	2	146120238	154026599	4881	0.0031
2cc36772-2177-4308-991a-978feb47e0e0	2	154027429	154045992	9	0.5349
2cc36772-2177-4308-991a-978feb47e0e0	2	154051051	159102108	2900	-0.003
2cc36772-2177-4308-991a-978feb47e0e0	2	159103831	159104461	2	-1.29
2cc36772-2177-4308-991a-978feb47e0e0	2	159106775	183082936	14972	0.0002
2cc36772-2177-4308-991a-978feb47e0e0	2	183083482	188702360	3152	0.0326
2cc36772-2177-4308-991a-978feb47e0e0	2	188703044	188724249	42	0.2741
2cc36772-2177-4308-991a-978feb47e0e0	2	188729762	194759671	3407	0.0126
2cc36772-2177-4308-991a-978feb47e0e0	2	194763444	195371502	370	0.0926
2cc36772-2177-4308-991a-978feb47e0e0	2	195372014	222111294	16685	0.0114
2cc36772-2177-4308-991a-978feb47e0e0	2	222112316	227375482	3488	-0.0068
2cc36772-2177-4308-991a-978feb47e0e0	2	227381813	227389556	6	1.3886
2cc36772-2177-4308-991a-978feb47e0e0	2	227394141	242147305	9163	0.0267
2cc36772-2177-4308-991a-978feb47e0e0	3	20930	2740719	2378	0.0427
2cc36772-2177-4308-991a-978feb47e0e0	3	2741021	5492673	2462	0.0042
2cc36772-2177-4308-991a-978feb47e0e0	3	5493206	5761714	208	0.0699
2cc36772-2177-4308-991a-978feb47e0e0	3	5761916	5763409	6	-0.6361
2cc36772-2177-4308-991a-978feb47e0e0	3	5763512	6764013	918	0.0593
2cc36772-2177-4308-991a-978feb47e0e0	3	6764472	11980610	4020	0.0053
2cc36772-2177-4308-991a-978feb47e0e0	3	11984159	12656501	536	0.0576
2cc36772-2177-4308-991a-978feb47e0e0	3	12656967	12658121	5	-0.5245
2cc36772-2177-4308-991a-978feb47e0e0	3	12659897	13510310	583	0.0652
2cc36772-2177-4308-991a-978feb47e0e0	3	13513386	13575637	39	-1.001
2cc36772-2177-4308-991a-978feb47e0e0	3	13579162	31467743	12400	0.0019
2cc36772-2177-4308-991a-978feb47e0e0	3	31468504	31469596	3	-1.1034
2cc36772-2177-4308-991a-978feb47e0e0	3	31469797	46008344	9157	0.0079
2cc36772-2177-4308-991a-978feb47e0e0	3	46010221	53484593	3325	0.0452
2cc36772-2177-4308-991a-978feb47e0e0	3	53484956	61477328	6091	0.009
2cc36772-2177-4308-991a-978feb47e0e0	3	61480480	61484251	5	-0.8494
2cc36772-2177-4308-991a-978feb47e0e0	3	61486551	68697013	5669	-0.0108
2cc36772-2177-4308-991a-978feb47e0e0	3	68697108	68698262	14	-1.8883
2cc36772-2177-4308-991a-978feb47e0e0	3	68699607	75372019	4870	0.0008
2cc36772-2177-4308-991a-978feb47e0e0	3	75377956	75519398	60	0.2284
2cc36772-2177-4308-991a-978feb47e0e0	3	75523398	75528153	3	-2.2186
2cc36772-2177-4308-991a-978feb47e0e0	3	75529707	99215760	10975	0.0037
2cc36772-2177-4308-991a-978feb47e0e0	3	99217783	99230470	40	0.4939
2cc36772-2177-4308-991a-978feb47e0e0	3	99230577	117450681	11242	-0.0027
2cc36772-2177-4308-991a-978feb47e0e0	3	117455289	117457478	6	-1.0072
2cc36772-2177-4308-991a-978feb47e0e0	3	117459062	125716589	4992	-0.0026
2cc36772-2177-4308-991a-978feb47e0e0	3	125717394	125743486	12	0.5554
2cc36772-2177-4308-991a-978feb47e0e0	3	125747704	125993496	103	0.0275
2cc36772-2177-4308-991a-978feb47e0e0	3	125993720	125994138	8	0.6522
2cc36772-2177-4308-991a-978feb47e0e0	3	125994249	146674197	12785	-0.0052
2cc36772-2177-4308-991a-978feb47e0e0	3	146675288	147747248	569	0.088
2cc36772-2177-4308-991a-978feb47e0e0	3	147750170	162790480	9306	-0.0069
2cc36772-2177-4308-991a-978feb47e0e0	3	162794869	162906109	68	0.5316
2cc36772-2177-4308-991a-978feb47e0e0	3	162908192	173119782	6118	0.0071
2cc36772-2177-4308-991a-978feb47e0e0	3	173124066	173284335	79	0.3983
2cc36772-2177-4308-991a-978feb47e0e0	3	173287550	173294845	4	-0.1104
2cc36772-2177-4308-991a-978feb47e0e0	3	173298521	173444122	95	0.4137
2cc36772-2177-4308-991a-978feb47e0e0	3	173444214	173915101	332	0.4964
2cc36772-2177-4308-991a-978feb47e0e0	3	173919601	175118947	799	0.3843
2cc36772-2177-4308-991a-978feb47e0e0	3	175126620	175362822	231	0.0068
2cc36772-2177-4308-991a-978feb47e0e0	3	175362958	175363536	5	-1.1158
2cc36772-2177-4308-991a-978feb47e0e0	3	175368999	177176493	1159	0.0806
2cc36772-2177-4308-991a-978feb47e0e0	3	177177049	180267278	1944	-0.0106
2cc36772-2177-4308-991a-978feb47e0e0	3	180267704	190538297	6562	-0.5533
2cc36772-2177-4308-991a-978feb47e0e0	3	190542248	190542374	2	-3.3577
2cc36772-2177-4308-991a-978feb47e0e0	3	190542906	190809798	207	-0.5661
2cc36772-2177-4308-991a-978feb47e0e0	3	190810074	190810345	2	-2.2269
2cc36772-2177-4308-991a-978feb47e0e0	3	190810697	193133056	1593	-0.5451
2cc36772-2177-4308-991a-978feb47e0e0	3	193133076	193133115	2	-3.2588
2cc36772-2177-4308-991a-978feb47e0e0	3	193133574	193160113	29	-0.4742
2cc36772-2177-4308-991a-978feb47e0e0	3	193160173	193165114	19	-1.3972
2cc36772-2177-4308-991a-978feb47e0e0	3	193168646	195068434	1281	-0.5437
2cc36772-2177-4308-991a-978feb47e0e0	3	195068458	195072847	5	-2.3296
2cc36772-2177-4308-991a-978feb47e0e0	3	195078273	195685341	200	-0.5445
2cc36772-2177-4308-991a-978feb47e0e0	3	195691392	195720051	20	-1.0326
2cc36772-2177-4308-991a-978feb47e0e0	3	195728637	195729069	6	-0.0878
2cc36772-2177-4308-991a-978feb47e0e0	3	195729085	195751823	14	-1.0751
2cc36772-2177-4308-991a-978feb47e0e0	3	195751990	198169247	1164	-0.4727
2cc36772-2177-4308-991a-978feb47e0e0	4	68929	4121101	1629	0.0551
2cc36772-2177-4308-991a-978feb47e0e0	4	4133219	4165270	10	-0.4672
2cc36772-2177-4308-991a-978feb47e0e0	4	4165406	9450197	3520	0.0311
2cc36772-2177-4308-991a-978feb47e0e0	4	9455251	9477560	6	-1.4512
2cc36772-2177-4308-991a-978feb47e0e0	4	9477699	10208766	541	0.0053
2cc36772-2177-4308-991a-978feb47e0e0	4	10212536	10229874	29	3.2529
2cc36772-2177-4308-991a-978feb47e0e0	4	10232590	10233644	7	0.9818
2cc36772-2177-4308-991a-978feb47e0e0	4	10234518	10389091	171	-0.0594
2cc36772-2177-4308-991a-978feb47e0e0	4	10390730	10399044	16	-2.9534
2cc36772-2177-4308-991a-978feb47e0e0	4	10401094	32392452	15437	0.0085
2cc36772-2177-4308-991a-978feb47e0e0	4	32398929	32398977	4	-0.8768
2cc36772-2177-4308-991a-978feb47e0e0	4	32399891	32464507	50	-0.0291
2cc36772-2177-4308-991a-978feb47e0e0	4	32465566	32537555	43	0.2434
2cc36772-2177-4308-991a-978feb47e0e0	4	32538160	32960408	218	0.0195
2cc36772-2177-4308-991a-978feb47e0e0	4	32962842	33023405	38	0.2356
2cc36772-2177-4308-991a-978feb47e0e0	4	33024278	34771893	987	0.0095
2cc36772-2177-4308-991a-978feb47e0e0	4	34777238	34839742	56	0.4927
2cc36772-2177-4308-991a-978feb47e0e0	4	34839764	48093110	8323	0.018
2cc36772-2177-4308-991a-978feb47e0e0	4	48093249	49214614	639	0.1021
2cc36772-2177-4308-991a-978feb47e0e0	4	49289175	61071220	6084	0.0273
2cc36772-2177-4308-991a-978feb47e0e0	4	61075217	61076234	2	2.7297
2cc36772-2177-4308-991a-978feb47e0e0	4	61079968	63093342	1101	-0.0019
2cc36772-2177-4308-991a-978feb47e0e0	4	63093980	63265520	87	0.1905
2cc36772-2177-4308-991a-978feb47e0e0	4	63275560	63831799	316	-0.0024
2cc36772-2177-4308-991a-978feb47e0e0	4	63831812	63842099	22	-0.3307
2cc36772-2177-4308-991a-978feb47e0e0	4	63842411	68506285	2877	-0.0033
2cc36772-2177-4308-991a-978feb47e0e0	4	68509223	68616004	60	-0.3998
2cc36772-2177-4308-991a-978feb47e0e0	4	68618331	68639397	7	-0.1114
2cc36772-2177-4308-991a-978feb47e0e0	4	68640616	68663241	3	1.4152
2cc36772-2177-4308-991a-978feb47e0e0	4	68671434	69717549	622	0.0887
2cc36772-2177-4308-991a-978feb47e0e0	4	69722959	172066777	62162	-0.0115
2cc36772-2177-4308-991a-978feb47e0e0	4	172067997	172068382	12	-1.7617
2cc36772-2177-4308-991a-978feb47e0e0	4	172074828	178358907	3805	-0.0055
2cc36772-2177-4308-991a-978feb47e0e0	4	178359216	178739895	294	0.1006
2cc36772-2177-4308-991a-978feb47e0e0	4	178744047	180614655	1376	0.0013
2cc36772-2177-4308-991a-978feb47e0e0	4	180614863	181158385	387	0.0927
2cc36772-2177-4308-991a-978feb47e0e0	4	181161221	186699490	4035	0.0083
2cc36772-2177-4308-991a-978feb47e0e0	4	186700127	186700996	3	-1.3966
2cc36772-2177-4308-991a-978feb47e0e0	4	186703040	190106768	2184	0.0381
2cc36772-2177-4308-991a-978feb47e0e0	5	15532	626163	274	0.4296
2cc36772-2177-4308-991a-978feb47e0e0	5	637162	637175	2	-0.6688
2cc36772-2177-4308-991a-978feb47e0e0	5	642617	823951	73	0.237
2cc36772-2177-4308-991a-978feb47e0e0	5	824333	15361869	11624	0.3956
2cc36772-2177-4308-991a-978feb47e0e0	5	15362431	15859121	298	0.5157
2cc36772-2177-4308-991a-978feb47e0e0	5	15861148	20367255	2809	0.3987
2cc36772-2177-4308-991a-978feb47e0e0	5	20367391	20564211	173	0.5243
2cc36772-2177-4308-991a-978feb47e0e0	5	20566972	21376735	416	0.4043
2cc36772-2177-4308-991a-978feb47e0e0	5	21377730	21377744	2	2.6025
2cc36772-2177-4308-991a-978feb47e0e0	5	21385957	25053532	2127	0.3935
2cc36772-2177-4308-991a-978feb47e0e0	5	25053895	25378353	168	0.5263
2cc36772-2177-4308-991a-978feb47e0e0	5	25378853	45383300	12432	0.3951
2cc36772-2177-4308-991a-978feb47e0e0	5	45390579	45819224	177	0.5395
2cc36772-2177-4308-991a-978feb47e0e0	5	45825707	50146124	130	0.4203
2cc36772-2177-4308-991a-978feb47e0e0	5	50151472	50328524	60	0.0222
2cc36772-2177-4308-991a-978feb47e0e0	5	50342054	50820624	205	0.1506
2cc36772-2177-4308-991a-978feb47e0e0	5	50820898	53399287	1662	-0.0034
2cc36772-2177-4308-991a-978feb47e0e0	5	53399527	53400140	2	1.0547
2cc36772-2177-4308-991a-978feb47e0e0	5	53401297	58025819	3125	0.0039
2cc36772-2177-4308-991a-978feb47e0e0	5	58030200	58037706	32	1.8972
2cc36772-2177-4308-991a-978feb47e0e0	5	58042530	63354649	3483	-0.0042
2cc36772-2177-4308-991a-978feb47e0e0	5	63355744	63855545	303	0.0889
2cc36772-2177-4308-991a-978feb47e0e0	5	63856956	69456125	3482	0.0002
2cc36772-2177-4308-991a-978feb47e0e0	5	69457794	71095426	52	0.2559
2cc36772-2177-4308-991a-978feb47e0e0	5	71358245	97755391	15632	-0.0015
2cc36772-2177-4308-991a-978feb47e0e0	5	97757356	97843991	49	0.2616
2cc36772-2177-4308-991a-978feb47e0e0	5	97845226	98151304	165	0.038
2cc36772-2177-4308-991a-978feb47e0e0	5	98151462	98151521	3	1.3834
2cc36772-2177-4308-991a-978feb47e0e0	5	98156352	98165583	5	-0.7783
2cc36772-2177-4308-991a-978feb47e0e0	5	98166807	99147616	563	-0.0092
2cc36772-2177-4308-991a-978feb47e0e0	5	99152826	101948661	1666	0.0657
2cc36772-2177-4308-991a-978feb47e0e0	5	101949678	102127485	114	-0.0204
2cc36772-2177-4308-991a-978feb47e0e0	5	102128569	102129402	3	-0.8506
2cc36772-2177-4308-991a-978feb47e0e0	5	102137483	104524672	1318	0.0007
2cc36772-2177-4308-991a-978feb47e0e0	5	104524780	104524903	3	2.0072
2cc36772-2177-4308-991a-978feb47e0e0	5	104525348	140838209	23217	0.0025
2cc36772-2177-4308-991a-978feb47e0e0	5	140838745	140872578	16	-0.4759
2cc36772-2177-4308-991a-978feb47e0e0	5	140874202	143829233	1928	0.0187
2cc36772-2177-4308-991a-978feb47e0e0	5	143832548	143923135	66	0.4203
2cc36772-2177-4308-991a-978feb47e0e0	5	143923464	150822643	4571	-0.0014
2cc36772-2177-4308-991a-978feb47e0e0	5	150825938	150839042	8	-3.3092
2cc36772-2177-4308-991a-978feb47e0e0	5	150843825	152134610	962	-0.0071
2cc36772-2177-4308-991a-978feb47e0e0	5	152135825	152140710	15	-0.682
2cc36772-2177-4308-991a-978feb47e0e0	5	152140861	156048095	2659	-0.0027
2cc36772-2177-4308-991a-978feb47e0e0	5	156049762	156068240	15	-0.5143
2cc36772-2177-4308-991a-978feb47e0e0	5	156068247	169929080	9610	-0.0018
2cc36772-2177-4308-991a-978feb47e0e0	5	169929311	177724103	5189	0.0232
2cc36772-2177-4308-991a-978feb47e0e0	5	177730398	177800550	6	-0.7039
2cc36772-2177-4308-991a-978feb47e0e0	5	177801578	180947523	1796	0.0461
2cc36772-2177-4308-991a-978feb47e0e0	5	180951710	180987465	14	0.8797
2cc36772-2177-4308-991a-978feb47e0e0	5	180990207	181269383	171	0.0408
2cc36772-2177-4308-991a-978feb47e0e0	5	181287470	181363319	4	0.5413
2cc36772-2177-4308-991a-978feb47e0e0	6	149661	254267	100	0.0117
2cc36772-2177-4308-991a-978feb47e0e0	6	254283	364468	86	-0.3695
2cc36772-2177-4308-991a-978feb47e0e0	6	364486	7913450	6273	0.0068
2cc36772-2177-4308-991a-978feb47e0e0	6	7915974	7916853	3	-1.3926
2cc36772-2177-4308-991a-978feb47e0e0	6	7917295	16872001	6753	-0.0016
2cc36772-2177-4308-991a-978feb47e0e0	6	16874754	16875295	5	-2.7093
2cc36772-2177-4308-991a-978feb47e0e0	6	16875433	29882589	8454	0.004
2cc36772-2177-4308-991a-978feb47e0e0	6	29882603	29933799	17	-1.3456
2cc36772-2177-4308-991a-978feb47e0e0	6	29940692	30003229	48	-0.2453
2cc36772-2177-4308-991a-978feb47e0e0	6	30003771	31301352	583	0.0379
2cc36772-2177-4308-991a-978feb47e0e0	6	31301377	31313046	12	-0.2569
2cc36772-2177-4308-991a-978feb47e0e0	6	31318499	31328674	11	-1.4825
2cc36772-2177-4308-991a-978feb47e0e0	6	31342147	33970222	1364	0.0349
2cc36772-2177-4308-991a-978feb47e0e0	6	33970966	33974928	7	-1.1649
2cc36772-2177-4308-991a-978feb47e0e0	6	33976809	37238576	1872	0.058
2cc36772-2177-4308-991a-978feb47e0e0	6	37241509	41321952	3021	-0.0038
2cc36772-2177-4308-991a-978feb47e0e0	6	41322848	45076843	2168	0.0399
2cc36772-2177-4308-991a-978feb47e0e0	6	45094065	54066269	5831	-0.008
2cc36772-2177-4308-991a-978feb47e0e0	6	54066286	54067057	8	-1.5156
2cc36772-2177-4308-991a-978feb47e0e0	6	54070550	58096364	2077	-0.0021
2cc36772-2177-4308-991a-978feb47e0e0	6	58099774	58100791	4	-0.7873
2cc36772-2177-4308-991a-978feb47e0e0	6	58106296	58377025	108	0.0516
2cc36772-2177-4308-991a-978feb47e0e0	6	58377037	61579270	409	0.1211
2cc36772-2177-4308-991a-978feb47e0e0	6	61579685	73882142	7792	0.0051
2cc36772-2177-4308-991a-978feb47e0e0	6	73882509	73887625	9	0.9645
2cc36772-2177-4308-991a-978feb47e0e0	6	73891694	74152548	152	-0.0204
2cc36772-2177-4308-991a-978feb47e0e0	6	74156994	74167266	8	0.5632
2cc36772-2177-4308-991a-978feb47e0e0	6	74167377	75531811	892	-0.0045
2cc36772-2177-4308-991a-978feb47e0e0	6	75532861	75543180	5	-1.0342
2cc36772-2177-4308-991a-978feb47e0e0	6	75560563	76305231	416	0.0009
2cc36772-2177-4308-991a-978feb47e0e0	6	76307183	76307209	3	-1.2952
2cc36772-2177-4308-991a-978feb47e0e0	6	76307276	78253172	1294	0.0101
2cc36772-2177-4308-991a-978feb47e0e0	6	78259348	78325468	113	-0.4253
2cc36772-2177-4308-991a-978feb47e0e0	6	78329517	93673919	9853	-0.0033
2cc36772-2177-4308-991a-978feb47e0e0	6	93675886	94962618	835	0.0994
2cc36772-2177-4308-991a-978feb47e0e0	6	94963447	118233300	13998	-0.0073
2cc36772-2177-4308-991a-978feb47e0e0	6	118233676	118551137	180	0.1317
2cc36772-2177-4308-991a-978feb47e0e0	6	118553182	123954171	3225	-0.01
2cc36772-2177-4308-991a-978feb47e0e0	6	123960483	123964380	4	-0.8945
2cc36772-2177-4308-991a-978feb47e0e0	6	123964459	130131975	3895	-0.014
2cc36772-2177-4308-991a-978feb47e0e0	6	130133179	130133694	2	-1.2287
2cc36772-2177-4308-991a-978feb47e0e0	6	130136217	140759659	7099	-0.0069
2cc36772-2177-4308-991a-978feb47e0e0	6	140759777	140887745	68	0.1791
2cc36772-2177-4308-991a-978feb47e0e0	6	140888440	156148601	10419	-0.0067
2cc36772-2177-4308-991a-978feb47e0e0	6	156149071	156149097	2	1.2547
2cc36772-2177-4308-991a-978feb47e0e0	6	156149931	162003411	3983	-0.004
2cc36772-2177-4308-991a-978feb47e0e0	6	162003547	162075562	77	0.1029
2cc36772-2177-4308-991a-978feb47e0e0	6	162075577	162075620	2	1.3133
2cc36772-2177-4308-991a-978feb47e0e0	6	162075640	162701188	506	0.0881
2cc36772-2177-4308-991a-978feb47e0e0	6	162701704	170741917	5560	-0.0038
2cc36772-2177-4308-991a-978feb47e0e0	7	43355	5992310	3078	0.0133
2cc36772-2177-4308-991a-978feb47e0e0	7	5999094	5999270	2	-1.3493
2cc36772-2177-4308-991a-978feb47e0e0	7	5999449	15392007	7304	0.0119
2cc36772-2177-4308-991a-978feb47e0e0	7	15392045	15393664	2	-2.021
2cc36772-2177-4308-991a-978feb47e0e0	7	15394440	17092705	1397	0.0102
2cc36772-2177-4308-991a-978feb47e0e0	7	17092955	17412153	204	0.1326
2cc36772-2177-4308-991a-978feb47e0e0	7	17412391	19026744	1355	0.0101
2cc36772-2177-4308-991a-978feb47e0e0	7	19026759	19748494	695	0.1068
2cc36772-2177-4308-991a-978feb47e0e0	7	19749151	38347842	13452	-0.0131
2cc36772-2177-4308-991a-978feb47e0e0	7	38351764	38356875	4	-1.4356
2cc36772-2177-4308-991a-978feb47e0e0	7	38361356	57402928	12798	-0.0093
2cc36772-2177-4308-991a-978feb47e0e0	7	57404269	63211802	511	0.0946
2cc36772-2177-4308-991a-978feb47e0e0	7	63217644	65031781	689	0.0079
2cc36772-2177-4308-991a-978feb47e0e0	7	65034568	66143569	379	0.1012
2cc36772-2177-4308-991a-978feb47e0e0	7	66143851	72111259	3533	-0.0186
2cc36772-2177-4308-991a-978feb47e0e0	7	72115790	75808367	1083	0.0478
2cc36772-2177-4308-991a-978feb47e0e0	7	75809445	75809462	2	-1.4863
2cc36772-2177-4308-991a-978feb47e0e0	7	75810378	77161900	459	0.0365
2cc36772-2177-4308-991a-978feb47e0e0	7	77162396	88566450	7435	-0.028
2cc36772-2177-4308-991a-978feb47e0e0	7	88567140	90147096	1065	0.0618
2cc36772-2177-4308-991a-978feb47e0e0	7	90147103	90472882	204	-0.0759
2cc36772-2177-4308-991a-978feb47e0e0	7	90474578	90696707	149	0.0456
2cc36772-2177-4308-991a-978feb47e0e0	7	90700550	91578827	660	-0.0654
2cc36772-2177-4308-991a-978feb47e0e0	7	91589569	91589817	3	1.0484
2cc36772-2177-4308-991a-978feb47e0e0	7	91595717	97756621	3848	-0.0707
2cc36772-2177-4308-991a-978feb47e0e0	7	97756658	97773163	17	-0.6471
2cc36772-2177-4308-991a-978feb47e0e0	7	97774928	102740558	2069	-0.0156
2cc36772-2177-4308-991a-978feb47e0e0	7	102752570	107775908	3147	-0.0616
2cc36772-2177-4308-991a-978feb47e0e0	7	107779357	108169482	308	-0.0204
2cc36772-2177-4308-991a-978feb47e0e0	7	108171008	108188913	22	0.255
2cc36772-2177-4308-991a-978feb47e0e0	7	108189416	108226824	32	-0.0925
2cc36772-2177-4308-991a-978feb47e0e0	7	108230187	108230651	3	1.0381
2cc36772-2177-4308-991a-978feb47e0e0	7	108230917	109797612	1029	-0.0452
2cc36772-2177-4308-991a-978feb47e0e0	7	109797616	109818700	31	0.5626
2cc36772-2177-4308-991a-978feb47e0e0	7	109818715	111149951	884	-0.0654
2cc36772-2177-4308-991a-978feb47e0e0	7	111150555	111472797	233	0.073
2cc36772-2177-4308-991a-978feb47e0e0	7	111473243	142082310	18866	-0.0606
2cc36772-2177-4308-991a-978feb47e0e0	7	142082848	142083169	2	-2.4733
2cc36772-2177-4308-991a-978feb47e0e0	7	142084696	142092108	17	-0.5524
2cc36772-2177-4308-991a-978feb47e0e0	7	142092307	154221793	7289	-0.044
2cc36772-2177-4308-991a-978feb47e0e0	7	154223036	154223107	2	-1.7059
2cc36772-2177-4308-991a-978feb47e0e0	7	154223216	154598185	333	-0.0878
2cc36772-2177-4308-991a-978feb47e0e0	7	154601461	154607903	4	-2.4601
2cc36772-2177-4308-991a-978feb47e0e0	7	154609120	155413823	736	-0.0531
2cc36772-2177-4308-991a-978feb47e0e0	7	155414053	155414572	3	-1.1925
2cc36772-2177-4308-991a-978feb47e0e0	7	155415881	159216367	2407	-0.0681
2cc36772-2177-4308-991a-978feb47e0e0	7	159227414	159334314	88	0.1284
2cc36772-2177-4308-991a-978feb47e0e0	8	81254	644973	324	-0.0061
2cc36772-2177-4308-991a-978feb47e0e0	8	645220	645908	8	1.1901
2cc36772-2177-4308-991a-978feb47e0e0	8	656117	7153553	7389	0.0047
2cc36772-2177-4308-991a-978feb47e0e0	8	7155402	7380497	31	0.5836
2cc36772-2177-4308-991a-978feb47e0e0	8	7396819	12385031	3297	0.0049
2cc36772-2177-4308-991a-978feb47e0e0	8	12387683	12418301	8	-0.8638
2cc36772-2177-4308-991a-978feb47e0e0	8	12419769	12788880	111	0.0626
2cc36772-2177-4308-991a-978feb47e0e0	8	12791219	12795017	4	-1.6483
2cc36772-2177-4308-991a-978feb47e0e0	8	12796024	13740733	921	0.0124
2cc36772-2177-4308-991a-978feb47e0e0	8	13740782	13742761	20	0.387
2cc36772-2177-4308-991a-978feb47e0e0	8	13742801	14652059	910	0.0121
2cc36772-2177-4308-991a-978feb47e0e0	8	14652523	14652565	3	-1.5237
2cc36772-2177-4308-991a-978feb47e0e0	8	14652887	16086798	1310	0.0048
2cc36772-2177-4308-991a-978feb47e0e0	8	16092468	16163959	74	-1.0031
2cc36772-2177-4308-991a-978feb47e0e0	8	16166714	16339682	127	-0.0051
2cc36772-2177-4308-991a-978feb47e0e0	8	16349445	16349614	8	-0.6586
2cc36772-2177-4308-991a-978feb47e0e0	8	16354575	16404738	49	0.0675
2cc36772-2177-4308-991a-978feb47e0e0	8	16404755	16417152	26	-0.7481
2cc36772-2177-4308-991a-978feb47e0e0	8	16421186	17590041	997	0.014
2cc36772-2177-4308-991a-978feb47e0e0	8	17592148	17592226	3	-0.9694
2cc36772-2177-4308-991a-978feb47e0e0	8	17596651	18407644	772	-0.0162
2cc36772-2177-4308-991a-978feb47e0e0	8	18408647	18413675	4	-2.025
2cc36772-2177-4308-991a-978feb47e0e0	8	18413877	18617617	203	-0.0373
2cc36772-2177-4308-991a-978feb47e0e0	8	18617770	18618233	7	-0.6997
2cc36772-2177-4308-991a-978feb47e0e0	8	18621647	25114672	4871	0.0005
2cc36772-2177-4308-991a-978feb47e0e0	8	25116928	25119160	10	-0.5722
2cc36772-2177-4308-991a-978feb47e0e0	8	25120977	36401616	7441	-0.0006
2cc36772-2177-4308-991a-978feb47e0e0	8	36405161	36578271	85	0.1677
2cc36772-2177-4308-991a-978feb47e0e0	8	36578738	38430945	1000	-0.0016
2cc36772-2177-4308-991a-978feb47e0e0	8	38432841	38432991	3	-0.8483
2cc36772-2177-4308-991a-978feb47e0e0	8	38433569	38460926	52	0.1029
2cc36772-2177-4308-991a-978feb47e0e0	8	38460939	38463814	11	0.4851
2cc36772-2177-4308-991a-978feb47e0e0	8	38463910	39373140	446	0.0175
2cc36772-2177-4308-991a-978feb47e0e0	8	39378084	39529446	59	1.1792
2cc36772-2177-4308-991a-978feb47e0e0	8	39530780	39973438	269	-0.0043
2cc36772-2177-4308-991a-978feb47e0e0	8	39973681	39974128	2	-0.9144
2cc36772-2177-4308-991a-978feb47e0e0	8	39977300	40914477	802	-0.0023
2cc36772-2177-4308-991a-978feb47e0e0	8	40920333	40920952	2	1.5722
2cc36772-2177-4308-991a-978feb47e0e0	8	40926161	43081812	1270	-0.0009
2cc36772-2177-4308-991a-978feb47e0e0	8	43084488	43451003	141	0.1369
2cc36772-2177-4308-991a-978feb47e0e0	8	43452626	57204927	6697	0
2cc36772-2177-4308-991a-978feb47e0e0	8	57205493	57217466	3	-2.0563
2cc36772-2177-4308-991a-978feb47e0e0	8	57220239	60331289	2143	-0.0151
2cc36772-2177-4308-991a-978feb47e0e0	8	60335029	62201562	1270	0.6622
2cc36772-2177-4308-991a-978feb47e0e0	8	62201914	64372605	1289	0.889
2cc36772-2177-4308-991a-978feb47e0e0	8	64378591	65498311	602	-0.015
2cc36772-2177-4308-991a-978feb47e0e0	8	65499953	65526313	14	0.9147
2cc36772-2177-4308-991a-978feb47e0e0	8	65528958	66607830	587	0.6431
2cc36772-2177-4308-991a-978feb47e0e0	8	66608551	67027302	153	0.9144
2cc36772-2177-4308-991a-978feb47e0e0	8	67029383	67110134	33	-0.4903
2cc36772-2177-4308-991a-978feb47e0e0	8	67113580	67217532	35	1.0183
2cc36772-2177-4308-991a-978feb47e0e0	8	67222888	69830062	1760	-0.6028
2cc36772-2177-4308-991a-978feb47e0e0	8	69832208	70040504	126	0.6486
2cc36772-2177-4308-991a-978feb47e0e0	8	70041692	70051137	17	0.1458
2cc36772-2177-4308-991a-978feb47e0e0	8	70051197	73201477	2082	0.6445
2cc36772-2177-4308-991a-978feb47e0e0	8	73201638	75609400	1495	1.5936
2cc36772-2177-4308-991a-978feb47e0e0	8	75612128	76814891	696	0.6815
2cc36772-2177-4308-991a-978feb47e0e0	8	76822127	77142181	190	1.5761
2cc36772-2177-4308-991a-978feb47e0e0	8	77143113	77143135	2	0.0814
2cc36772-2177-4308-991a-978feb47e0e0	8	77143556	77660008	318	1.654
2cc36772-2177-4308-991a-978feb47e0e0	8	77666595	78276379	355	1.2795
2cc36772-2177-4308-991a-978feb47e0e0	8	78276667	79849910	969	0.6703
2cc36772-2177-4308-991a-978feb47e0e0	8	79850092	81497119	954	0.371
2cc36772-2177-4308-991a-978feb47e0e0	8	81499246	83823523	1281	0.6474
2cc36772-2177-4308-991a-978feb47e0e0	8	83825137	84179885	219	-0.6031
2cc36772-2177-4308-991a-978feb47e0e0	8	84187760	84226816	36	0.845
2cc36772-2177-4308-991a-978feb47e0e0	8	84229207	84356431	82	-0.5358
2cc36772-2177-4308-991a-978feb47e0e0	8	84358447	84358908	11	-0.0138
2cc36772-2177-4308-991a-978feb47e0e0	8	84358944	84601140	148	-0.5667
2cc36772-2177-4308-991a-978feb47e0e0	8	84605933	85404680	368	0.8361
2cc36772-2177-4308-991a-978feb47e0e0	8	85405133	86680742	672	-0.5924
2cc36772-2177-4308-991a-978feb47e0e0	8	86682278	86734815	39	0.9334
2cc36772-2177-4308-991a-978feb47e0e0	8	86737785	86777104	28	-0.5222
2cc36772-2177-4308-991a-978feb47e0e0	8	86777129	86777398	2	-2.053
2cc36772-2177-4308-991a-978feb47e0e0	8	86777618	87469951	372	-0.579
2cc36772-2177-4308-991a-978feb47e0e0	8	87473178	87473286	2	-1.9257
2cc36772-2177-4308-991a-978feb47e0e0	8	87473455	87906332	223	-0.5917
2cc36772-2177-4308-991a-978feb47e0e0	8	87911423	88135149	139	0.9
2cc36772-2177-4308-991a-978feb47e0e0	8	88137401	88157848	9	-0.515
2cc36772-2177-4308-991a-978feb47e0e0	8	88160586	88299556	78	0.8706
2cc36772-2177-4308-991a-978feb47e0e0	8	88301209	91106779	1715	0.6283
2cc36772-2177-4308-991a-978feb47e0e0	8	91107489	91173841	41	0.9196
2cc36772-2177-4308-991a-978feb47e0e0	8	91174785	94196789	1788	0.6265
2cc36772-2177-4308-991a-978feb47e0e0	8	94199901	94504280	172	0.8434
2cc36772-2177-4308-991a-978feb47e0e0	8	94508181	94544215	26	1.5814
2cc36772-2177-4308-991a-978feb47e0e0	8	94544231	94756568	134	1.0335
2cc36772-2177-4308-991a-978feb47e0e0	8	94766680	96025090	984	0.8685
2cc36772-2177-4308-991a-978feb47e0e0	8	96025231	97950222	1213	1.6615
2cc36772-2177-4308-991a-978feb47e0e0	8	97955642	100139215	1073	1.3787
2cc36772-2177-4308-991a-978feb47e0e0	8	100143262	101480881	911	1.5042
2cc36772-2177-4308-991a-978feb47e0e0	8	101484440	101553118	49	1.5848
2cc36772-2177-4308-991a-978feb47e0e0	8	101556262	102211426	516	1.0838
2cc36772-2177-4308-991a-978feb47e0e0	8	102219580	103539854	785	1.4889
2cc36772-2177-4308-991a-978feb47e0e0	8	103553213	103907248	172	1.0832
2cc36772-2177-4308-991a-978feb47e0e0	8	103907674	104000078	43	1.5861
2cc36772-2177-4308-991a-978feb47e0e0	8	104003126	111279265	4397	-0.5897
2cc36772-2177-4308-991a-978feb47e0e0	8	111282050	111283016	9	0.366
2cc36772-2177-4308-991a-978feb47e0e0	8	111283031	111747526	247	-0.5747
2cc36772-2177-4308-991a-978feb47e0e0	8	111756329	112098483	169	1.6174
2cc36772-2177-4308-991a-978feb47e0e0	8	112098946	112195445	56	1.1278
2cc36772-2177-4308-991a-978feb47e0e0	8	112199585	114363612	1204	-0.5817
2cc36772-2177-4308-991a-978feb47e0e0	8	114370289	114480261	64	1.5868
2cc36772-2177-4308-991a-978feb47e0e0	8	114486770	117815600	2164	-0.5912
2cc36772-2177-4308-991a-978feb47e0e0	8	117816942	118289169	365	1.0772
2cc36772-2177-4308-991a-978feb47e0e0	8	118291021	118297090	9	-0.1987
2cc36772-2177-4308-991a-978feb47e0e0	8	118298556	119204718	730	-0.6065
2cc36772-2177-4308-991a-978feb47e0e0	8	119210301	119211398	3	0.8122
2cc36772-2177-4308-991a-978feb47e0e0	8	119212566	119403995	131	-0.6326
2cc36772-2177-4308-991a-978feb47e0e0	8	119408516	119847580	290	-0.077
2cc36772-2177-4308-991a-978feb47e0e0	8	119848495	120786077	593	0.5705
2cc36772-2177-4308-991a-978feb47e0e0	8	120790505	120884585	65	-0.0495
2cc36772-2177-4308-991a-978feb47e0e0	8	120888649	122270179	927	-0.5918
2cc36772-2177-4308-991a-978feb47e0e0	8	122270200	122302054	15	-0.0585
2cc36772-2177-4308-991a-978feb47e0e0	8	122305521	122685632	287	-0.6133
2cc36772-2177-4308-991a-978feb47e0e0	8	122691500	122732806	23	0.3411
2cc36772-2177-4308-991a-978feb47e0e0	8	122732823	122750582	18	-0.5482
2cc36772-2177-4308-991a-978feb47e0e0	8	122751013	122846937	80	-0.0666
2cc36772-2177-4308-991a-978feb47e0e0	8	122847751	122962211	82	0.3027
2cc36772-2177-4308-991a-978feb47e0e0	8	122967177	123270144	202	-0.0516
2cc36772-2177-4308-991a-978feb47e0e0	8	123278634	123339439	19	1.1087
2cc36772-2177-4308-991a-978feb47e0e0	8	123346048	123377649	9	-0.0659
2cc36772-2177-4308-991a-978feb47e0e0	8	123382196	123410196	14	0.7261
2cc36772-2177-4308-991a-978feb47e0e0	8	123417155	123421381	7	-0.1528
2cc36772-2177-4308-991a-978feb47e0e0	8	123424956	123461654	29	0.7472
2cc36772-2177-4308-991a-978feb47e0e0	8	123461899	124350275	627	0.8689
2cc36772-2177-4308-991a-978feb47e0e0	8	124350654	124730067	255	1.0081
2cc36772-2177-4308-991a-978feb47e0e0	8	124732506	124789901	40	1.4901
2cc36772-2177-4308-991a-978feb47e0e0	8	124793796	124833065	31	1.8066
2cc36772-2177-4308-991a-978feb47e0e0	8	124834714	125775517	691	2.0637
2cc36772-2177-4308-991a-978feb47e0e0	8	125775791	127014072	911	1.8784
2cc36772-2177-4308-991a-978feb47e0e0	8	127014165	127199268	122	1.6543
2cc36772-2177-4308-991a-978feb47e0e0	8	127200047	127211501	9	1.0051
2cc36772-2177-4308-991a-978feb47e0e0	8	127214428	127281100	52	1.9086
2cc36772-2177-4308-991a-978feb47e0e0	8	127281283	128061212	584	2.2065
2cc36772-2177-4308-991a-978feb47e0e0	8	128061229	128207559	165	2.0074
2cc36772-2177-4308-991a-978feb47e0e0	8	128207919	129319661	713	2.2157
2cc36772-2177-4308-991a-978feb47e0e0	8	129319819	130721285	950	1.9904
2cc36772-2177-4308-991a-978feb47e0e0	8	130727205	130835623	139	1.5041
2cc36772-2177-4308-991a-978feb47e0e0	8	130839453	130840369	2	-0.5729
2cc36772-2177-4308-991a-978feb47e0e0	8	130842946	131889597	749	1.5146
2cc36772-2177-4308-991a-978feb47e0e0	8	131898103	131982329	56	2.1774
2cc36772-2177-4308-991a-978feb47e0e0	8	131984112	132513260	464	1.6068
2cc36772-2177-4308-991a-978feb47e0e0	8	132513769	132832154	207	1.2492
2cc36772-2177-4308-991a-978feb47e0e0	8	132832263	133045288	189	1.0376
2cc36772-2177-4308-991a-978feb47e0e0	8	133046471	133355962	345	1.2563
2cc36772-2177-4308-991a-978feb47e0e0	8	133356965	135382246	1695	1.4068
2cc36772-2177-4308-991a-978feb47e0e0	8	135382944	135998313	438	2.0201
2cc36772-2177-4308-991a-978feb47e0e0	8	135999214	136398460	341	1.5025
2cc36772-2177-4308-991a-978feb47e0e0	8	136406283	136456202	25	0.8691
2cc36772-2177-4308-991a-978feb47e0e0	8	136456413	136851637	324	1.0637
2cc36772-2177-4308-991a-978feb47e0e0	8	136851683	137332027	331	0.8125
2cc36772-2177-4308-991a-978feb47e0e0	8	137332082	137931286	532	1.2646
2cc36772-2177-4308-991a-978feb47e0e0	8	137931957	138166139	205	1.4185
2cc36772-2177-4308-991a-978feb47e0e0	8	138171333	138195248	27	1.2439
2cc36772-2177-4308-991a-978feb47e0e0	8	138195488	139016917	685	0.9886
2cc36772-2177-4308-991a-978feb47e0e0	8	139017087	139267915	230	0.7812
2cc36772-2177-4308-991a-978feb47e0e0	8	139268428	139359857	78	1.065
2cc36772-2177-4308-991a-978feb47e0e0	8	139360545	140606532	914	0.8181
2cc36772-2177-4308-991a-978feb47e0e0	8	140607289	140867902	111	0.3879
2cc36772-2177-4308-991a-978feb47e0e0	8	140869637	140872476	2	1.0527
2cc36772-2177-4308-991a-978feb47e0e0	8	140873057	141293490	283	1.2645
2cc36772-2177-4308-991a-978feb47e0e0	8	141295539	141474521	77	0.2884
2cc36772-2177-4308-991a-978feb47e0e0	8	141479979	143041416	812	0.8152
2cc36772-2177-4308-991a-978feb47e0e0	8	143050070	143622987	197	0.0025
2cc36772-2177-4308-991a-978feb47e0e0	8	143623027	143624714	5	-1.2984
2cc36772-2177-4308-991a-978feb47e0e0	8	143624808	143625638	3	-3.6507
2cc36772-2177-4308-991a-978feb47e0e0	8	143636819	144775912	336	0.0089
2cc36772-2177-4308-991a-978feb47e0e0	8	144777204	145072769	168	0.8882
2cc36772-2177-4308-991a-978feb47e0e0	9	46587	11315271	10724	0.0093
2cc36772-2177-4308-991a-978feb47e0e0	9	11315871	12531726	963	0.1128
2cc36772-2177-4308-991a-978feb47e0e0	9	12532907	23361807	8744	0.0036
2cc36772-2177-4308-991a-978feb47e0e0	9	23363117	23372401	7	0.8876
2cc36772-2177-4308-991a-978feb47e0e0	9	23373486	39807498	10752	0.0166
2cc36772-2177-4308-991a-978feb47e0e0	9	39827488	39833357	2	-1.9522
2cc36772-2177-4308-991a-978feb47e0e0	9	39840169	61405110	194	0.1036
2cc36772-2177-4308-991a-978feb47e0e0	9	61520021	61647899	30	-1.4323
2cc36772-2177-4308-991a-978feb47e0e0	9	61665362	68444337	205	0.1206
2cc36772-2177-4308-991a-978feb47e0e0	9	68444455	91639924	16864	0.0055
2cc36772-2177-4308-991a-978feb47e0e0	9	91639986	91641263	16	-0.8857
2cc36772-2177-4308-991a-978feb47e0e0	9	91641428	124019911	23199	0.0121
2cc36772-2177-4308-991a-978feb47e0e0	9	124019937	138200944	7813	0.063
2cc36772-2177-4308-991a-978feb47e0e0	10	45792	751569	415	0.4053
2cc36772-2177-4308-991a-978feb47e0e0	10	752021	754237	3	-2.1892
2cc36772-2177-4308-991a-978feb47e0e0	10	754273	1408169	419	0.4067
2cc36772-2177-4308-991a-978feb47e0e0	10	1408293	1408305	2	-0.9815
2cc36772-2177-4308-991a-978feb47e0e0	10	1408356	6368453	4558	0.4194
2cc36772-2177-4308-991a-978feb47e0e0	10	6368535	6369519	11	-0.3931
2cc36772-2177-4308-991a-978feb47e0e0	10	6376792	46257656	26168	0.3997
2cc36772-2177-4308-991a-978feb47e0e0	10	46257676	46267036	26	0.089
2cc36772-2177-4308-991a-978feb47e0e0	10	46269298	46446817	81	0.3586
2cc36772-2177-4308-991a-978feb47e0e0	10	46489651	46526280	18	-0.0679
2cc36772-2177-4308-991a-978feb47e0e0	10	46526920	47559596	329	0.3819
2cc36772-2177-4308-991a-978feb47e0e0	10	47622159	48154966	19	0.8127
2cc36772-2177-4308-991a-978feb47e0e0	10	48173568	49893576	1328	0.3666
2cc36772-2177-4308-991a-978feb47e0e0	10	49894474	50791752	452	0.4581
2cc36772-2177-4308-991a-978feb47e0e0	10	50795386	55147491	3373	0.3821
2cc36772-2177-4308-991a-978feb47e0e0	10	55147544	56027710	603	0.4765
2cc36772-2177-4308-991a-978feb47e0e0	10	56028329	57062631	753	0.3848
2cc36772-2177-4308-991a-978feb47e0e0	10	57062646	57174560	83	0.5753
2cc36772-2177-4308-991a-978feb47e0e0	10	57174884	57443289	231	0.3943
2cc36772-2177-4308-991a-978feb47e0e0	10	57450745	57484863	15	0.7524
2cc36772-2177-4308-991a-978feb47e0e0	10	57490663	65548178	5551	0.3769
2cc36772-2177-4308-991a-978feb47e0e0	10	65548193	65576730	41	0.787
2cc36772-2177-4308-991a-978feb47e0e0	10	65580420	133654968	46219	0.3926
2cc36772-2177-4308-991a-978feb47e0e0	11	198510	3891796	1516	0.0384
2cc36772-2177-4308-991a-978feb47e0e0	11	3892042	4234899	224	0.0067
2cc36772-2177-4308-991a-978feb47e0e0	11	4235070	4314837	24	-0.7371
2cc36772-2177-4308-991a-978feb47e0e0	11	4325579	4946420	655	0.0019
2cc36772-2177-4308-991a-978feb47e0e0	11	4947280	4952799	25	1.0061
2cc36772-2177-4308-991a-978feb47e0e0	11	4953934	5530937	593	-0.0037
2cc36772-2177-4308-991a-978feb47e0e0	11	5533358	5534273	2	-1.5817
2cc36772-2177-4308-991a-978feb47e0e0	11	5535157	5761746	189	-0.011
2cc36772-2177-4308-991a-978feb47e0e0	11	5761822	5791130	41	0.5536
2cc36772-2177-4308-991a-978feb47e0e0	11	5794956	7760286	1477	0.009
2cc36772-2177-4308-991a-978feb47e0e0	11	7760875	7760980	3	1.0173
2cc36772-2177-4308-991a-978feb47e0e0	11	7762732	18930384	7944	-0.0025
2cc36772-2177-4308-991a-978feb47e0e0	11	18930645	18939855	24	-0.3663
2cc36772-2177-4308-991a-978feb47e0e0	11	18940050	20822345	1679	-0.0054
2cc36772-2177-4308-991a-978feb47e0e0	11	20823306	20828212	3	-0.9096
2cc36772-2177-4308-991a-978feb47e0e0	11	20828684	21825348	920	0.0148
2cc36772-2177-4308-991a-978feb47e0e0	11	21825960	21827206	5	-1.0021
2cc36772-2177-4308-991a-978feb47e0e0	11	21829111	37121609	10866	-0.0079
2cc36772-2177-4308-991a-978feb47e0e0	11	37121624	37687116	360	0.0854
2cc36772-2177-4308-991a-978feb47e0e0	11	37688462	46107975	5694	0.0016
2cc36772-2177-4308-991a-978feb47e0e0	11	46111545	46298943	95	0.1131
2cc36772-2177-4308-991a-978feb47e0e0	11	46302294	55198132	1945	0.0364
2cc36772-2177-4308-991a-978feb47e0e0	11	55202385	55608804	214	0.1411
2cc36772-2177-4308-991a-978feb47e0e0	11	55609022	55674842	40	0.7546
2cc36772-2177-4308-991a-978feb47e0e0	11	55676735	56205385	385	0.1108
2cc36772-2177-4308-991a-978feb47e0e0	11	56205393	60916830	2828	0.0097
2cc36772-2177-4308-991a-978feb47e0e0	11	60923490	65894490	2325	0.0605
2cc36772-2177-4308-991a-978feb47e0e0	11	65894607	69118179	1298	0.1176
2cc36772-2177-4308-991a-978feb47e0e0	11	69118711	74353070	2741	0.0683
2cc36772-2177-4308-991a-978feb47e0e0	11	74357698	78198832	2125	0.7108
2cc36772-2177-4308-991a-978feb47e0e0	11	78201663	78203447	2	-0.5807
2cc36772-2177-4308-991a-978feb47e0e0	11	78205899	80256460	1567	0.6613
2cc36772-2177-4308-991a-978feb47e0e0	11	80256469	80256520	3	-1.214
2cc36772-2177-4308-991a-978feb47e0e0	11	80256642	89923071	6612	0.6749
2cc36772-2177-4308-991a-978feb47e0e0	11	89962925	89966336	2	2.2003
2cc36772-2177-4308-991a-978feb47e0e0	11	90043678	97646000	5485	0.6781
2cc36772-2177-4308-991a-978feb47e0e0	11	97647368	97648782	2	-0.7517
2cc36772-2177-4308-991a-978feb47e0e0	11	97651098	101125547	2785	0.6885
2cc36772-2177-4308-991a-978feb47e0e0	11	101129538	101129607	2	-0.8415
2cc36772-2177-4308-991a-978feb47e0e0	11	101129677	107910653	4609	0.6777
2cc36772-2177-4308-991a-978feb47e0e0	11	107913781	107916987	3	-0.4536
2cc36772-2177-4308-991a-978feb47e0e0	11	107919044	109560635	941	0.6947
2cc36772-2177-4308-991a-978feb47e0e0	11	109569527	135074876	18574	-0.564
2cc36772-2177-4308-991a-978feb47e0e0	12	51460	3318489	2149	0.0379
2cc36772-2177-4308-991a-978feb47e0e0	12	3318572	3319262	2	-1.7363
2cc36772-2177-4308-991a-978feb47e0e0	12	3319593	8204911	3389	0.0341
2cc36772-2177-4308-991a-978feb47e0e0	12	8209454	8220161	9	0.754
2cc36772-2177-4308-991a-978feb47e0e0	12	8241232	9477960	627	0.0048
2cc36772-2177-4308-991a-978feb47e0e0	12	9481274	9575696	24	1.1473
2cc36772-2177-4308-991a-978feb47e0e0	12	9582373	11351157	1178	0.0198
2cc36772-2177-4308-991a-978feb47e0e0	12	11358643	11390472	31	0.4767
2cc36772-2177-4308-991a-978feb47e0e0	12	11399258	19806724	5766	0.0139
2cc36772-2177-4308-991a-978feb47e0e0	12	19806888	19813844	3	-1.3209
2cc36772-2177-4308-991a-978feb47e0e0	12	19820881	30087223	7339	0.0064
2cc36772-2177-4308-991a-978feb47e0e0	12	30087238	30087524	5	0.9039
2cc36772-2177-4308-991a-978feb47e0e0	12	30088437	33137723	2257	0.013
2cc36772-2177-4308-991a-978feb47e0e0	12	33140973	33227031	78	0.247
2cc36772-2177-4308-991a-978feb47e0e0	12	33232895	33242207	6	-0.6756
2cc36772-2177-4308-991a-978feb47e0e0	12	33242483	38711907	1230	0.0877
2cc36772-2177-4308-991a-978feb47e0e0	12	38712177	48635262	6203	0.0065
2cc36772-2177-4308-991a-978feb47e0e0	12	48636743	53065317	2511	0.0514
2cc36772-2177-4308-991a-978feb47e0e0	12	53066097	53069266	3	-1.0822
2cc36772-2177-4308-991a-978feb47e0e0	12	53069567	58075565	2603	0.0472
2cc36772-2177-4308-991a-978feb47e0e0	12	58075799	73917808	10316	-0.0013
2cc36772-2177-4308-991a-978feb47e0e0	12	73919105	73964126	26	0.3064
2cc36772-2177-4308-991a-978feb47e0e0	12	73964774	99401870	16360	0
2cc36772-2177-4308-991a-978feb47e0e0	12	99401959	99404956	28	0.3372
2cc36772-2177-4308-991a-978feb47e0e0	12	99409315	107110952	5163	0.0041
2cc36772-2177-4308-991a-978feb47e0e0	12	107111862	133201603	17555	0.0225
2cc36772-2177-4308-991a-978feb47e0e0	13	18452809	18601035	14	-0.02
2cc36772-2177-4308-991a-978feb47e0e0	13	18603030	18687972	29	-0.5091
2cc36772-2177-4308-991a-978feb47e0e0	13	18690687	23055048	2813	-0.01
2cc36772-2177-4308-991a-978feb47e0e0	13	23055071	23059376	13	-2.3652
2cc36772-2177-4308-991a-978feb47e0e0	13	23064056	30929899	5922	-0.0154
2cc36772-2177-4308-991a-978feb47e0e0	13	30934377	30934587	2	-1.4964
2cc36772-2177-4308-991a-978feb47e0e0	13	30935607	49840751	13144	-0.0208
2cc36772-2177-4308-991a-978feb47e0e0	13	49842480	52622074	1484	0.027
2cc36772-2177-4308-991a-978feb47e0e0	13	52625702	57048158	2540	-0.0147
2cc36772-2177-4308-991a-978feb47e0e0	13	57052460	57352749	196	0.1306
2cc36772-2177-4308-991a-978feb47e0e0	13	57354234	61653967	2624	-0.0151
2cc36772-2177-4308-991a-978feb47e0e0	13	61657507	61989219	157	-0.5628
2cc36772-2177-4308-991a-978feb47e0e0	13	61993412	63569716	871	0.0226
2cc36772-2177-4308-991a-978feb47e0e0	13	63578674	64350886	457	0.1297
2cc36772-2177-4308-991a-978feb47e0e0	13	64351333	66747876	1523	0.0038
2cc36772-2177-4308-991a-978feb47e0e0	13	66748627	66748815	2	-1.1567
2cc36772-2177-4308-991a-978feb47e0e0	13	66749396	73654480	4549	0.0099
2cc36772-2177-4308-991a-978feb47e0e0	13	73654776	73655629	2	-1.2962
2cc36772-2177-4308-991a-978feb47e0e0	13	73656079	80276380	4633	0.0041
2cc36772-2177-4308-991a-978feb47e0e0	13	80276972	80280327	2	-2.2175
2cc36772-2177-4308-991a-978feb47e0e0	13	80288544	104234603	15877	0.0017
2cc36772-2177-4308-991a-978feb47e0e0	13	104234687	104318766	60	-0.5602
2cc36772-2177-4308-991a-978feb47e0e0	13	104321629	105012281	572	0.0231
2cc36772-2177-4308-991a-978feb47e0e0	13	105012969	105013318	3	-0.8271
2cc36772-2177-4308-991a-978feb47e0e0	13	105016520	105139712	100	0.0246
2cc36772-2177-4308-991a-978feb47e0e0	13	105139969	105140729	3	-0.5205
2cc36772-2177-4308-991a-978feb47e0e0	13	105141419	105906027	616	0.0734
2cc36772-2177-4308-991a-978feb47e0e0	13	105906132	109255163	2726	-0.0004
2cc36772-2177-4308-991a-978feb47e0e0	13	109257242	109257900	3	-0.8619
2cc36772-2177-4308-991a-978feb47e0e0	13	109261202	110020621	595	0.0144
2cc36772-2177-4308-991a-978feb47e0e0	13	110021267	110021301	2	-1.5848
2cc36772-2177-4308-991a-978feb47e0e0	13	110022432	114342922	2630	-0.0095
2cc36772-2177-4308-991a-978feb47e0e0	14	18239283	19650668	60	-0.1003
2cc36772-2177-4308-991a-978feb47e0e0	14	19667065	21121922	943	-0.5338
2cc36772-2177-4308-991a-978feb47e0e0	14	21138361	21752794	352	0.0238
2cc36772-2177-4308-991a-978feb47e0e0	14	21760737	22066233	272	-0.5679
2cc36772-2177-4308-991a-978feb47e0e0	14	22066726	22486728	356	-0.706
2cc36772-2177-4308-991a-978feb47e0e0	14	22490304	22509792	54	-0.4892
2cc36772-2177-4308-991a-978feb47e0e0	14	22514241	22526139	5	-1.6129
2cc36772-2177-4308-991a-978feb47e0e0	14	22526849	25465038	1818	-0.5343
2cc36772-2177-4308-991a-978feb47e0e0	14	25466379	25676201	184	-0.0005
2cc36772-2177-4308-991a-978feb47e0e0	14	25683353	25731247	39	-0.5486
2cc36772-2177-4308-991a-978feb47e0e0	14	25734593	26015068	179	-0.017
2cc36772-2177-4308-991a-978feb47e0e0	14	26017307	26163813	100	-0.5664
2cc36772-2177-4308-991a-978feb47e0e0	14	26165281	27514296	869	-0.5084
2cc36772-2177-4308-991a-978feb47e0e0	14	27515042	27515124	2	-2.0788
2cc36772-2177-4308-991a-978feb47e0e0	14	27515317	31788468	2315	-0.4898
2cc36772-2177-4308-991a-978feb47e0e0	14	31792039	34454346	2135	-0.5796
2cc36772-2177-4308-991a-978feb47e0e0	14	34461477	35823145	649	-0.4886
2cc36772-2177-4308-991a-978feb47e0e0	14	35823678	37114492	1008	-0.5716
2cc36772-2177-4308-991a-978feb47e0e0	14	37115648	39429286	1303	-0.0376
2cc36772-2177-4308-991a-978feb47e0e0	14	39434560	39560135	64	1.0521
2cc36772-2177-4308-991a-978feb47e0e0	14	39562815	40085500	290	-0.024
2cc36772-2177-4308-991a-978feb47e0e0	14	40090392	40115781	17	1.2017
2cc36772-2177-4308-991a-978feb47e0e0	14	40115943	51564094	6925	-0.0197
2cc36772-2177-4308-991a-978feb47e0e0	14	51564243	51769424	157	0.3587
2cc36772-2177-4308-991a-978feb47e0e0	14	51770668	53341126	1046	-0.0214
2cc36772-2177-4308-991a-978feb47e0e0	14	53344322	53345341	5	-0.7374
2cc36772-2177-4308-991a-978feb47e0e0	14	53345534	55130387	1232	-0.0223
2cc36772-2177-4308-991a-978feb47e0e0	14	55134644	61118214	3860	0.3537
2cc36772-2177-4308-991a-978feb47e0e0	14	61119319	63033882	1378	-0.019
2cc36772-2177-4308-991a-978feb47e0e0	14	63036944	63264475	131	0.3456
2cc36772-2177-4308-991a-978feb47e0e0	14	63265876	64240516	610	-0.0157
2cc36772-2177-4308-991a-978feb47e0e0	14	64242712	64697966	336	0.3167
2cc36772-2177-4308-991a-978feb47e0e0	14	64707868	65742472	638	-0.019
2cc36772-2177-4308-991a-978feb47e0e0	14	65744192	65758260	6	-0.7237
2cc36772-2177-4308-991a-978feb47e0e0	14	65759716	66048608	227	-0.0476
2cc36772-2177-4308-991a-978feb47e0e0	14	66050531	66051150	2	-1.0981
2cc36772-2177-4308-991a-978feb47e0e0	14	66051519	67812639	898	-0.0395
2cc36772-2177-4308-991a-978feb47e0e0	14	67821863	68195465	184	0.6769
2cc36772-2177-4308-991a-978feb47e0e0	14	68195479	68716775	415	0.3728
2cc36772-2177-4308-991a-978feb47e0e0	14	68718939	69644775	589	-0.0025
2cc36772-2177-4308-991a-978feb47e0e0	14	69649319	70837373	792	0.3478
2cc36772-2177-4308-991a-978feb47e0e0	14	70838768	73564027	1796	-0.026
2cc36772-2177-4308-991a-978feb47e0e0	14	73571010	73583560	7	-0.7486
2cc36772-2177-4308-991a-978feb47e0e0	14	73589619	76240618	1589	-0.003
2cc36772-2177-4308-991a-978feb47e0e0	14	76241347	76253277	8	-0.5434
2cc36772-2177-4308-991a-978feb47e0e0	14	76255218	77248066	695	0.0044
2cc36772-2177-4308-991a-978feb47e0e0	14	77249179	88822160	7760	-0.047
2cc36772-2177-4308-991a-978feb47e0e0	14	88822892	98957875	7306	-0.0169
2cc36772-2177-4308-991a-978feb47e0e0	14	98958148	98962497	2	-1.3317
2cc36772-2177-4308-991a-978feb47e0e0	14	98966770	104384306	2932	0.0001
2cc36772-2177-4308-991a-978feb47e0e0	14	104390160	104395990	2	-1.3395
2cc36772-2177-4308-991a-978feb47e0e0	14	104400350	105796355	389	0.0149
2cc36772-2177-4308-991a-978feb47e0e0	14	105797340	105935612	49	-0.222
2cc36772-2177-4308-991a-978feb47e0e0	14	105935639	106258891	104	0.0047
2cc36772-2177-4308-991a-978feb47e0e0	14	106260759	106266923	7	1.2766
2cc36772-2177-4308-991a-978feb47e0e0	14	106271566	106418444	65	-0.0188
2cc36772-2177-4308-991a-978feb47e0e0	14	106423925	106462169	47	-0.5757
2cc36772-2177-4308-991a-978feb47e0e0	14	106462183	106877229	196	0.0124
2cc36772-2177-4308-991a-978feb47e0e0	15	19811075	20217125	62	0.1609
2cc36772-2177-4308-991a-978feb47e0e0	15	20235285	22455811	148	0.4423
2cc36772-2177-4308-991a-978feb47e0e0	15	22483983	30231102	4630	0.0239
2cc36772-2177-4308-991a-978feb47e0e0	15	30252720	30259942	4	-0.9232
2cc36772-2177-4308-991a-978feb47e0e0	15	30269364	32730381	1198	0.048
2cc36772-2177-4308-991a-978feb47e0e0	15	32731009	40060414	5409	0.0088
2cc36772-2177-4308-991a-978feb47e0e0	15	40061492	47221056	3648	0.0453
2cc36772-2177-4308-991a-978feb47e0e0	15	47226610	47227357	6	-1.1889
2cc36772-2177-4308-991a-978feb47e0e0	15	47233464	52968515	3591	0.0184
2cc36772-2177-4308-991a-978feb47e0e0	15	52972037	53094056	77	-0.5626
2cc36772-2177-4308-991a-978feb47e0e0	15	53094752	53492691	336	0.0102
2cc36772-2177-4308-991a-978feb47e0e0	15	53492794	53493082	6	-2.2437
2cc36772-2177-4308-991a-978feb47e0e0	15	53498050	62933730	6908	0.0028
2cc36772-2177-4308-991a-978feb47e0e0	15	62933816	78793061	9026	0.0295
2cc36772-2177-4308-991a-978feb47e0e0	15	78802623	82889131	2788	0.0051
2cc36772-2177-4308-991a-978feb47e0e0	15	82889302	82889319	2	-1.9578
2cc36772-2177-4308-991a-978feb47e0e0	15	82890669	101928837	13719	0.0144
2cc36772-2177-4308-991a-978feb47e0e0	16	10777	1505082	479	0.0138
2cc36772-2177-4308-991a-978feb47e0e0	16	1509837	5328355	1869	0.0811
2cc36772-2177-4308-991a-978feb47e0e0	16	5328428	10092696	5205	0.0193
2cc36772-2177-4308-991a-978feb47e0e0	16	10093544	35194406	12581	0.0462
2cc36772-2177-4308-991a-978feb47e0e0	16	35195926	35533134	201	-0.0884
2cc36772-2177-4308-991a-978feb47e0e0	16	35533625	55750518	6585	0.02
2cc36772-2177-4308-991a-978feb47e0e0	16	55750694	55762477	8	-0.2343
2cc36772-2177-4308-991a-978feb47e0e0	16	55762598	55788532	21	-0.9531
2cc36772-2177-4308-991a-978feb47e0e0	16	55808442	55814156	10	0.557
2cc36772-2177-4308-991a-978feb47e0e0	16	55822442	59204403	2080	0.0394
2cc36772-2177-4308-991a-978feb47e0e0	16	59206731	66172183	4837	0.0019
2cc36772-2177-4308-991a-978feb47e0e0	16	66172874	70153189	1837	0.0625
2cc36772-2177-4308-991a-978feb47e0e0	16	70153291	70164493	5	-0.8652
2cc36772-2177-4308-991a-978feb47e0e0	16	70177541	74346075	2297	0.027
2cc36772-2177-4308-991a-978feb47e0e0	16	74350360	74422703	10	-0.6467
2cc36772-2177-4308-991a-978feb47e0e0	16	74431498	76062155	1009	0.0547
2cc36772-2177-4308-991a-978feb47e0e0	16	76062186	84863055	9332	0.0099
2cc36772-2177-4308-991a-978feb47e0e0	16	84865668	90096867	3495	0.0459
2cc36772-2177-4308-991a-978feb47e0e0	17	150733	4597720	2420	0.0772
2cc36772-2177-4308-991a-978feb47e0e0	17	4598258	4602789	2	-1.3622
2cc36772-2177-4308-991a-978feb47e0e0	17	4610140	8339592	2114	0.0733
2cc36772-2177-4308-991a-978feb47e0e0	17	8344229	8344415	2	1.2624
2cc36772-2177-4308-991a-978feb47e0e0	17	8346140	9956227	1151	0.055
2cc36772-2177-4308-991a-978feb47e0e0	17	9956782	15754770	4347	0.0193
2cc36772-2177-4308-991a-978feb47e0e0	17	15755665	16759600	442	0.0633
2cc36772-2177-4308-991a-978feb47e0e0	17	16759737	16838214	11	0.8522
2cc36772-2177-4308-991a-978feb47e0e0	17	16838470	17557360	448	0.0575
2cc36772-2177-4308-991a-978feb47e0e0	17	17560485	17560700	2	-0.9203
2cc36772-2177-4308-991a-978feb47e0e0	17	17562900	18414080	456	0.0794
2cc36772-2177-4308-991a-978feb47e0e0	17	18452078	18561907	27	-1.783
2cc36772-2177-4308-991a-978feb47e0e0	17	18565883	32959395	4325	0.0537
2cc36772-2177-4308-991a-978feb47e0e0	17	32959491	34159131	1135	0.0006
2cc36772-2177-4308-991a-978feb47e0e0	17	34159262	41265456	3941	0.0583
2cc36772-2177-4308-991a-978feb47e0e0	17	41266762	41267234	13	0.9539
2cc36772-2177-4308-991a-978feb47e0e0	17	41271598	41273905	7	0.0309
2cc36772-2177-4308-991a-978feb47e0e0	17	41273921	41274279	4	1.0952
2cc36772-2177-4308-991a-978feb47e0e0	17	41276472	45675182	2198	0.0801
2cc36772-2177-4308-991a-978feb47e0e0	17	45676232	46286804	425	-0.0217
2cc36772-2177-4308-991a-978feb47e0e0	17	46323701	46446360	4	-1.5668
2cc36772-2177-4308-991a-978feb47e0e0	17	46569894	50683718	2091	0.0585
2cc36772-2177-4308-991a-978feb47e0e0	17	50688462	52876233	1486	0.0131
2cc36772-2177-4308-991a-978feb47e0e0	17	52878109	53246927	232	0.1155
2cc36772-2177-4308-991a-978feb47e0e0	17	53246963	55545649	1531	-0.0044
2cc36772-2177-4308-991a-978feb47e0e0	17	55545755	55548781	2	-1.4111
2cc36772-2177-4308-991a-978feb47e0e0	17	55548803	74637676	11994	0.0371
2cc36772-2177-4308-991a-978feb47e0e0	17	74639767	74641454	4	-0.8599
2cc36772-2177-4308-991a-978feb47e0e0	17	74643971	74675481	30	-0.1254
2cc36772-2177-4308-991a-978feb47e0e0	17	74680224	83091923	4202	0.0715
2cc36772-2177-4308-991a-978feb47e0e0	18	48133	11836810	8637	0.0223
2cc36772-2177-4308-991a-978feb47e0e0	18	11838419	11858390	13	-0.4708
2cc36772-2177-4308-991a-978feb47e0e0	18	11859635	15402409	1754	-0.0012
2cc36772-2177-4308-991a-978feb47e0e0	18	20949392	40678618	12371	-0.5507
2cc36772-2177-4308-991a-978feb47e0e0	18	40678640	40685425	23	0.0661
2cc36772-2177-4308-991a-978feb47e0e0	18	40688060	44394050	2363	-0.5392
2cc36772-2177-4308-991a-978feb47e0e0	18	44394853	44398660	7	-1.9802
2cc36772-2177-4308-991a-978feb47e0e0	18	44402706	64419296	14011	-0.5517
2cc36772-2177-4308-991a-978feb47e0e0	18	64421566	64423736	3	-1.9122
2cc36772-2177-4308-991a-978feb47e0e0	18	64426245	66239629	1256	-0.5167
2cc36772-2177-4308-991a-978feb47e0e0	18	66240197	66244352	10	-1.9415
2cc36772-2177-4308-991a-978feb47e0e0	18	66244639	71381922	3666	-0.5343
2cc36772-2177-4308-991a-978feb47e0e0	18	71382253	73282307	1477	-0.4768
2cc36772-2177-4308-991a-978feb47e0e0	18	73282625	78601202	4224	-0.5667
2cc36772-2177-4308-991a-978feb47e0e0	18	78602084	78607500	3	-3.1313
2cc36772-2177-4308-991a-978feb47e0e0	18	78608437	78903872	182	-0.56
2cc36772-2177-4308-991a-978feb47e0e0	18	78904040	78904863	2	-2.5805
2cc36772-2177-4308-991a-978feb47e0e0	18	78906449	80257174	704	-0.5478
2cc36772-2177-4308-991a-978feb47e0e0	19	90910	5506648	1591	-0.4662
2cc36772-2177-4308-991a-978feb47e0e0	19	5510228	5510689	4	-2.6861
2cc36772-2177-4308-991a-978feb47e0e0	19	5513048	9163124	1789	-0.469
2cc36772-2177-4308-991a-978feb47e0e0	19	9163996	9166800	4	-1.9991
2cc36772-2177-4308-991a-978feb47e0e0	19	9167445	12581187	1651	-0.4591
2cc36772-2177-4308-991a-978feb47e0e0	19	12586552	12587288	2	-2.3501
2cc36772-2177-4308-991a-978feb47e0e0	19	12589709	15683917	1557	-0.4488
2cc36772-2177-4308-991a-978feb47e0e0	19	15686003	15687584	3	-1.6156
2cc36772-2177-4308-991a-978feb47e0e0	19	15688466	20449594	2340	-0.4515
2cc36772-2177-4308-991a-978feb47e0e0	19	20449708	20449717	3	-2.0556
2cc36772-2177-4308-991a-978feb47e0e0	19	20450416	20969561	285	-0.3956
2cc36772-2177-4308-991a-978feb47e0e0	19	20970252	20985935	13	-0.9955
2cc36772-2177-4308-991a-978feb47e0e0	19	20986748	21632117	363	-0.4649
2cc36772-2177-4308-991a-978feb47e0e0	19	21632838	21637067	2	-2.5426
2cc36772-2177-4308-991a-978feb47e0e0	19	21637309	24400510	1547	-0.4956
2cc36772-2177-4308-991a-978feb47e0e0	19	24413948	32541220	3718	0.017
2cc36772-2177-4308-991a-978feb47e0e0	19	32542511	35358420	1831	0.066
2cc36772-2177-4308-991a-978feb47e0e0	19	35364451	35370946	21	-0.2451
2cc36772-2177-4308-991a-978feb47e0e0	19	35375842	36354973	441	0.1031
2cc36772-2177-4308-991a-978feb47e0e0	19	36355248	36356596	10	-0.4869
2cc36772-2177-4308-991a-978feb47e0e0	19	36356735	45504076	4719	0.0762
2cc36772-2177-4308-991a-978feb47e0e0	19	45524494	54101539	4541	-0.4724
2cc36772-2177-4308-991a-978feb47e0e0	19	54107404	58586487	2667	0.0488
2cc36772-2177-4308-991a-978feb47e0e0	20	80664	1289450	933	0.0297
2cc36772-2177-4308-991a-978feb47e0e0	20	1289561	1571811	250	-0.5496
2cc36772-2177-4308-991a-978feb47e0e0	20	1576544	1580353	21	-1.6917
2cc36772-2177-4308-991a-978feb47e0e0	20	1580934	1601561	36	-0.2685
2cc36772-2177-4308-991a-978feb47e0e0	20	1609611	1613247	5	0.7894
2cc36772-2177-4308-991a-978feb47e0e0	20	1617300	4777576	2323	-0.533
2cc36772-2177-4308-991a-978feb47e0e0	20	4781931	5629967	587	0.0258
2cc36772-2177-4308-991a-978feb47e0e0	20	5630091	7993651	1849	-0.5575
2cc36772-2177-4308-991a-978feb47e0e0	20	7996933	8509190	374	-0.4496
2cc36772-2177-4308-991a-978feb47e0e0	20	8513302	8524502	10	0.1253
2cc36772-2177-4308-991a-978feb47e0e0	20	8531240	8553344	24	-0.5327
2cc36772-2177-4308-991a-978feb47e0e0	20	8553708	15859501	5749	-0.0192
2cc36772-2177-4308-991a-978feb47e0e0	20	15866036	15882939	15	-0.5615
2cc36772-2177-4308-991a-978feb47e0e0	20	15883891	16075535	206	-0.0295
2cc36772-2177-4308-991a-978feb47e0e0	20	16080157	16443473	356	-0.5807
2cc36772-2177-4308-991a-978feb47e0e0	20	16444442	16537505	80	-0.0129
2cc36772-2177-4308-991a-978feb47e0e0	20	16541381	24943182	6573	-0.5243
2cc36772-2177-4308-991a-978feb47e0e0	20	24945082	37698121	3900	-0.4471
2cc36772-2177-4308-991a-978feb47e0e0	20	37698160	42320211	3201	-0.5481
2cc36772-2177-4308-991a-978feb47e0e0	20	42321191	42321264	2	-3.0231
2cc36772-2177-4308-991a-978feb47e0e0	20	42321543	52172679	6963	-0.5284
2cc36772-2177-4308-991a-978feb47e0e0	20	52179983	52181323	3	-1.9653
2cc36772-2177-4308-991a-978feb47e0e0	20	52183443	53138980	719	-0.5742
2cc36772-2177-4308-991a-978feb47e0e0	20	53140601	53748274	450	-0.0007
2cc36772-2177-4308-991a-978feb47e0e0	20	53748741	53931280	121	1.1146
2cc36772-2177-4308-991a-978feb47e0e0	20	53931828	57089905	2685	-0.038
2cc36772-2177-4308-991a-978feb47e0e0	20	57101803	58928698	1393	1.1049
2cc36772-2177-4308-991a-978feb47e0e0	20	58930651	59436575	389	-0.0065
2cc36772-2177-4308-991a-978feb47e0e0	20	59436605	61593738	1896	-0.0461
2cc36772-2177-4308-991a-978feb47e0e0	20	61595039	63459705	875	0.0163
2cc36772-2177-4308-991a-978feb47e0e0	20	63468033	64138679	246	1.3488
2cc36772-2177-4308-991a-978feb47e0e0	20	64143585	64324800	106	0.8554
2cc36772-2177-4308-991a-978feb47e0e0	21	10354168	10459118	17	0.127
2cc36772-2177-4308-991a-978feb47e0e0	21	10459828	13251464	108	-0.6093
2cc36772-2177-4308-991a-978feb47e0e0	21	13270143	14067865	218	-0.219
2cc36772-2177-4308-991a-978feb47e0e0	21	14074891	21789030	5570	-0.4865
2cc36772-2177-4308-991a-978feb47e0e0	21	21791912	23275002	1141	-0.3937
2cc36772-2177-4308-991a-978feb47e0e0	21	23275732	24213071	809	-0.4842
2cc36772-2177-4308-991a-978feb47e0e0	21	24215936	24216026	3	-1.6076
2cc36772-2177-4308-991a-978feb47e0e0	21	24216643	24763407	396	-0.5172
2cc36772-2177-4308-991a-978feb47e0e0	21	24764717	24766157	2	-3.4543
2cc36772-2177-4308-991a-978feb47e0e0	21	24768248	33852571	6462	-0.4933
2cc36772-2177-4308-991a-978feb47e0e0	21	33853778	34218042	306	-0.3628
2cc36772-2177-4308-991a-978feb47e0e0	21	34219525	45407957	8079	-0.4941
2cc36772-2177-4308-991a-978feb47e0e0	21	45419655	45428674	8	-1.5976
2cc36772-2177-4308-991a-978feb47e0e0	21	45429306	46549195	595	-0.497
2cc36772-2177-4308-991a-978feb47e0e0	21	46549773	46567333	28	-0.8395
2cc36772-2177-4308-991a-978feb47e0e0	21	46567382	46677045	95	-0.4442
2cc36772-2177-4308-991a-978feb47e0e0	22	15294547	17413571	579	0.0533
2cc36772-2177-4308-991a-978feb47e0e0	22	17420066	17429240	20	-0.9382
2cc36772-2177-4308-991a-978feb47e0e0	22	17429322	23988078	3795	0.0404
2cc36772-2177-4308-991a-978feb47e0e0	22	23989773	23990739	3	-1.9546
2cc36772-2177-4308-991a-978feb47e0e0	22	23995113	36391885	9372	0.0366
2cc36772-2177-4308-991a-978feb47e0e0	22	36393399	38525491	1235	0.0974
2cc36772-2177-4308-991a-978feb47e0e0	22	38526077	38894915	192	0.0513
2cc36772-2177-4308-991a-978feb47e0e0	22	38899250	38900899	3	-3.4612
2cc36772-2177-4308-991a-978feb47e0e0	22	38903109	44734586	3607	0.0726
2cc36772-2177-4308-991a-978feb47e0e0	22	44737460	44740755	4	-1.0629
2cc36772-2177-4308-991a-978feb47e0e0	22	44741026	48670948	3061	0.0624
2cc36772-2177-4308-991a-978feb47e0e0	22	48671087	50796027	1405	-0.0116
2cc36772-2177-4308-991a-978feb47e0e0	X	251810	67418912	35323	0.0126
2cc36772-2177-4308-991a-978feb47e0e0	X	67419350	67507735	32	0.9896
2cc36772-2177-4308-991a-978feb47e0e0	X	67514024	142528501	40037	0.0095
2cc36772-2177-4308-991a-978feb47e0e0	X	142528637	142528975	3	-2.9101
2cc36772-2177-4308-991a-978feb47e0e0	X	142529202	150344651	5193	-0.0003
2cc36772-2177-4308-991a-978feb47e0e0	X	150348203	150348491	2	-4.0208
2cc36772-2177-4308-991a-978feb47e0e0	X	150349143	155952689	2895	0.026
2cc36772-2177-4308-991a-978feb47e0e0	Y	2782397	22169542	6343	-0.943
2cc36772-2177-4308-991a-978feb47e0e0	Y	22196203	22197200	2	-2.4867
2cc36772-2177-4308-991a-978feb47e0e0	Y	22213784	56872112	294	-0.9053
