GDC_Aliquot	Chromosome	Start	End	Num_Probes	Segment_Mean
0594ab89-da3d-4166-8c9c-8e914884020d	1	62920	814954	31	0.2517
0594ab89-da3d-4166-8c9c-8e914884020d	1	817186	12813243	6480	0.015
0594ab89-da3d-4166-8c9c-8e914884020d	1	12817195	13114062	15	0.4846
0594ab89-da3d-4166-8c9c-8e914884020d	1	13118266	16643683	2146	0.0097
0594ab89-da3d-4166-8c9c-8e914884020d	1	16643816	16721910	15	-0.4365
0594ab89-da3d-4166-8c9c-8e914884020d	1	16721984	16883108	20	0.1004
0594ab89-da3d-4166-8c9c-8e914884020d	1	16884157	16935737	49	-0.4183
0594ab89-da3d-4166-8c9c-8e914884020d	1	16935752	61810248	26837	0.0125
0594ab89-da3d-4166-8c9c-8e914884020d	1	61813922	61819695	8	-1.0558
0594ab89-da3d-4166-8c9c-8e914884020d	1	61822639	72303233	7176	-0.0021
0594ab89-da3d-4166-8c9c-8e914884020d	1	72303253	72345450	43	1.4564
0594ab89-da3d-4166-8c9c-8e914884020d	1	72345465	94359901	14154	0.0027
0594ab89-da3d-4166-8c9c-8e914884020d	1	94362214	94364722	2	-1.3923
0594ab89-da3d-4166-8c9c-8e914884020d	1	94364728	105470754	6787	0.0013
0594ab89-da3d-4166-8c9c-8e914884020d	1	105476583	105479753	17	-2.816
0594ab89-da3d-4166-8c9c-8e914884020d	1	105481433	108187137	1938	-0.0043
0594ab89-da3d-4166-8c9c-8e914884020d	1	108191613	108192255	2	-1.3156
0594ab89-da3d-4166-8c9c-8e914884020d	1	108194874	112153465	2657	0.001
0594ab89-da3d-4166-8c9c-8e914884020d	1	112153571	112154591	20	-0.5676
0594ab89-da3d-4166-8c9c-8e914884020d	1	112154619	121597150	5158	0.0027
0594ab89-da3d-4166-8c9c-8e914884020d	1	121598439	152784298	2641	0.3043
0594ab89-da3d-4166-8c9c-8e914884020d	1	152784330	152796224	40	-0.3689
0594ab89-da3d-4166-8c9c-8e914884020d	1	152801429	158395825	3134	0.2948
0594ab89-da3d-4166-8c9c-8e914884020d	1	158395907	158398847	6	-0.3926
0594ab89-da3d-4166-8c9c-8e914884020d	1	158399004	165685290	5441	0.2874
0594ab89-da3d-4166-8c9c-8e914884020d	1	165685614	165685632	2	-1.0554
0594ab89-da3d-4166-8c9c-8e914884020d	1	165686867	169189280	2649	0.2838
0594ab89-da3d-4166-8c9c-8e914884020d	1	169193340	169196278	7	-0.5028
0594ab89-da3d-4166-8c9c-8e914884020d	1	169196337	169247699	36	0.2375
0594ab89-da3d-4166-8c9c-8e914884020d	1	169264736	169272528	7	-0.4427
0594ab89-da3d-4166-8c9c-8e914884020d	1	169273163	170087329	616	0.2705
0594ab89-da3d-4166-8c9c-8e914884020d	1	170087879	170088433	2	-1.0216
0594ab89-da3d-4166-8c9c-8e914884020d	1	170096814	174827267	2896	0.2883
0594ab89-da3d-4166-8c9c-8e914884020d	1	174827418	174832702	16	-0.2259
0594ab89-da3d-4166-8c9c-8e914884020d	1	174832716	177842171	1993	0.2892
0594ab89-da3d-4166-8c9c-8e914884020d	1	177842220	177842236	2	-0.8974
0594ab89-da3d-4166-8c9c-8e914884020d	1	177842364	189058152	7488	0.2879
0594ab89-da3d-4166-8c9c-8e914884020d	1	189059858	189062230	5	-0.6424
0594ab89-da3d-4166-8c9c-8e914884020d	1	189063349	196741937	5148	0.294
0594ab89-da3d-4166-8c9c-8e914884020d	1	196742057	196832720	61	-0.4022
0594ab89-da3d-4166-8c9c-8e914884020d	1	196843377	212831113	10733	0.2919
0594ab89-da3d-4166-8c9c-8e914884020d	1	212831670	212833055	6	-1.1015
0594ab89-da3d-4166-8c9c-8e914884020d	1	212837094	248437495	24870	0.2926
0594ab89-da3d-4166-8c9c-8e914884020d	1	248442451	248458096	5	-0.6719
0594ab89-da3d-4166-8c9c-8e914884020d	1	248458851	248633912	56	0.3213
0594ab89-da3d-4166-8c9c-8e914884020d	1	248645563	248645808	2	1.8512
0594ab89-da3d-4166-8c9c-8e914884020d	1	248646068	248930189	138	0.2742
0594ab89-da3d-4166-8c9c-8e914884020d	2	12784	4169315	2994	0.0084
0594ab89-da3d-4166-8c9c-8e914884020d	2	4169594	4175113	28	0.4922
0594ab89-da3d-4166-8c9c-8e914884020d	2	4175577	50283730	32514	0.0056
0594ab89-da3d-4166-8c9c-8e914884020d	2	50283882	50285921	3	-1.3884
0594ab89-da3d-4166-8c9c-8e914884020d	2	50287608	50694794	353	-0.0054
0594ab89-da3d-4166-8c9c-8e914884020d	2	50696595	50698702	4	-0.6942
0594ab89-da3d-4166-8c9c-8e914884020d	2	50700120	50749033	33	0.1316
0594ab89-da3d-4166-8c9c-8e914884020d	2	50749321	50749714	5	-0.7443
0594ab89-da3d-4166-8c9c-8e914884020d	2	50750841	52527743	1209	-0.0031
0594ab89-da3d-4166-8c9c-8e914884020d	2	52531615	52554404	33	-0.7708
0594ab89-da3d-4166-8c9c-8e914884020d	2	52560811	86881088	21971	0.006
0594ab89-da3d-4166-8c9c-8e914884020d	2	86882149	87321941	84	0.1962
0594ab89-da3d-4166-8c9c-8e914884020d	2	87328190	97124542	1734	0.0131
0594ab89-da3d-4166-8c9c-8e914884020d	2	97128607	97310327	42	0.3805
0594ab89-da3d-4166-8c9c-8e914884020d	2	97348052	97359380	11	-0.0044
0594ab89-da3d-4166-8c9c-8e914884020d	2	97359885	97545247	9	-0.9739
0594ab89-da3d-4166-8c9c-8e914884020d	2	97545726	106258193	5568	0.0097
0594ab89-da3d-4166-8c9c-8e914884020d	2	106258266	106268901	13	0.5636
0594ab89-da3d-4166-8c9c-8e914884020d	2	106270799	130026710	14268	0.0138
0594ab89-da3d-4166-8c9c-8e914884020d	2	130031187	130116915	16	0.6015
0594ab89-da3d-4166-8c9c-8e914884020d	2	130117303	146106875	9526	0.0075
0594ab89-da3d-4166-8c9c-8e914884020d	2	146106889	146109366	21	-2.3419
0594ab89-da3d-4166-8c9c-8e914884020d	2	146120238	242147305	59038	0.0124
0594ab89-da3d-4166-8c9c-8e914884020d	3	20930	8780118	7722	0.0067
0594ab89-da3d-4166-8c9c-8e914884020d	3	8783681	8825123	28	0.6984
0594ab89-da3d-4166-8c9c-8e914884020d	3	8825517	68697013	40021	0.008
0594ab89-da3d-4166-8c9c-8e914884020d	3	68697108	68698262	14	-0.8603
0594ab89-da3d-4166-8c9c-8e914884020d	3	68699607	75496671	4918	0.0084
0594ab89-da3d-4166-8c9c-8e914884020d	3	75497579	75547095	17	0.6877
0594ab89-da3d-4166-8c9c-8e914884020d	3	75559488	89337951	7688	0.0089
0594ab89-da3d-4166-8c9c-8e914884020d	3	89345442	89368137	48	-0.7782
0594ab89-da3d-4166-8c9c-8e914884020d	3	89370214	91462299	388	0.0106
0594ab89-da3d-4166-8c9c-8e914884020d	3	93800634	119631498	15503	0.2914
0594ab89-da3d-4166-8c9c-8e914884020d	3	119632551	119635091	5	-1.4615
0594ab89-da3d-4166-8c9c-8e914884020d	3	119636564	130067910	6093	0.2954
0594ab89-da3d-4166-8c9c-8e914884020d	3	130068178	130087209	26	-0.231
0594ab89-da3d-4166-8c9c-8e914884020d	3	130087393	162200870	19872	0.2964
0594ab89-da3d-4166-8c9c-8e914884020d	3	162201550	162201585	2	1.673
0594ab89-da3d-4166-8c9c-8e914884020d	3	162203275	162795361	386	0.3208
0594ab89-da3d-4166-8c9c-8e914884020d	3	162795671	162857273	34	1.068
0594ab89-da3d-4166-8c9c-8e914884020d	3	162860892	162908192	31	0.5977
0594ab89-da3d-4166-8c9c-8e914884020d	3	162908207	169631156	3910	0.3007
0594ab89-da3d-4166-8c9c-8e914884020d	3	169632074	169632816	2	-1.0908
0594ab89-da3d-4166-8c9c-8e914884020d	3	169634670	191562314	14131	0.3001
0594ab89-da3d-4166-8c9c-8e914884020d	3	191566836	191566890	2	-1.0725
0594ab89-da3d-4166-8c9c-8e914884020d	3	191566911	198107849	3805	0.2947
0594ab89-da3d-4166-8c9c-8e914884020d	3	198107931	198108585	4	1.1447
0594ab89-da3d-4166-8c9c-8e914884020d	3	198108859	198169247	22	0.3584
0594ab89-da3d-4166-8c9c-8e914884020d	4	68929	3873169	1564	0.0065
0594ab89-da3d-4166-8c9c-8e914884020d	4	3876063	4176082	79	0.2117
0594ab89-da3d-4166-8c9c-8e914884020d	4	4180275	10208766	4058	-0.0002
0594ab89-da3d-4166-8c9c-8e914884020d	4	10212536	10233644	36	1.6269
0594ab89-da3d-4166-8c9c-8e914884020d	4	10234518	10390730	172	-0.0363
0594ab89-da3d-4166-8c9c-8e914884020d	4	10391530	10399044	15	-2.3989
0594ab89-da3d-4166-8c9c-8e914884020d	4	10401094	34777432	16774	-0.0086
0594ab89-da3d-4166-8c9c-8e914884020d	4	34784878	34822561	37	-0.718
0594ab89-da3d-4166-8c9c-8e914884020d	4	34823103	36008312	768	-0.019
0594ab89-da3d-4166-8c9c-8e914884020d	4	36009771	36010007	2	-1.3955
0594ab89-da3d-4166-8c9c-8e914884020d	4	36011231	49152601	8197	-0.0029
0594ab89-da3d-4166-8c9c-8e914884020d	4	49152752	49654496	23	0.3486
0594ab89-da3d-4166-8c9c-8e914884020d	4	49654578	61071220	6060	0.0037
0594ab89-da3d-4166-8c9c-8e914884020d	4	61075217	61076234	2	-1.7244
0594ab89-da3d-4166-8c9c-8e914884020d	4	61079968	68395346	4385	0.0071
0594ab89-da3d-4166-8c9c-8e914884020d	4	68416487	68422424	5	-1.1833
0594ab89-da3d-4166-8c9c-8e914884020d	4	68429081	68501424	11	-0.0869
0594ab89-da3d-4166-8c9c-8e914884020d	4	68506285	68620261	66	0.6249
0594ab89-da3d-4166-8c9c-8e914884020d	4	68623617	69229929	302	0.0243
0594ab89-da3d-4166-8c9c-8e914884020d	4	69234399	69412731	89	0.2109
0594ab89-da3d-4166-8c9c-8e914884020d	4	69414814	121360818	31655	-0.0027
0594ab89-da3d-4166-8c9c-8e914884020d	4	121361313	121363980	28	-0.8044
0594ab89-da3d-4166-8c9c-8e914884020d	4	121369976	172066777	30674	0.0014
0594ab89-da3d-4166-8c9c-8e914884020d	4	172067997	172068368	11	-1.6883
0594ab89-da3d-4166-8c9c-8e914884020d	4	172068382	172501371	232	-0.0044
0594ab89-da3d-4166-8c9c-8e914884020d	4	172503796	172507492	7	1.6038
0594ab89-da3d-4166-8c9c-8e914884020d	4	172519981	189267889	11480	0.0065
0594ab89-da3d-4166-8c9c-8e914884020d	4	189273964	189278110	4	-3.1128
0594ab89-da3d-4166-8c9c-8e914884020d	4	189278617	190106768	350	0.0351
0594ab89-da3d-4166-8c9c-8e914884020d	5	15532	11160274	9097	0.0088
0594ab89-da3d-4166-8c9c-8e914884020d	5	11160319	11162659	5	-0.8848
0594ab89-da3d-4166-8c9c-8e914884020d	5	11167165	12791608	1087	-0.0093
0594ab89-da3d-4166-8c9c-8e914884020d	5	12800777	12857021	17	0.7931
0594ab89-da3d-4166-8c9c-8e914884020d	5	12857227	21376735	5455	0.0057
0594ab89-da3d-4166-8c9c-8e914884020d	5	21377730	21377744	2	-2.2892
0594ab89-da3d-4166-8c9c-8e914884020d	5	21385957	21449167	44	0.0228
0594ab89-da3d-4166-8c9c-8e914884020d	5	21451091	21452329	5	-2.3986
0594ab89-da3d-4166-8c9c-8e914884020d	5	21452387	27525283	3533	0.0116
0594ab89-da3d-4166-8c9c-8e914884020d	5	27525800	27525913	8	-2.099
0594ab89-da3d-4166-8c9c-8e914884020d	5	27527372	53106218	13134	0.0026
0594ab89-da3d-4166-8c9c-8e914884020d	5	53108689	53109452	2	-1.5753
0594ab89-da3d-4166-8c9c-8e914884020d	5	53113609	58025819	3360	-0.0055
0594ab89-da3d-4166-8c9c-8e914884020d	5	58030200	58037706	32	1.6065
0594ab89-da3d-4166-8c9c-8e914884020d	5	58042530	104515520	26826	-0.0036
0594ab89-da3d-4166-8c9c-8e914884020d	5	104524672	104524903	4	-1.4812
0594ab89-da3d-4166-8c9c-8e914884020d	5	104525348	127121923	15310	-0.0022
0594ab89-da3d-4166-8c9c-8e914884020d	5	127122434	127122625	2	-1.4112
0594ab89-da3d-4166-8c9c-8e914884020d	5	127127947	127883613	453	-0.0045
0594ab89-da3d-4166-8c9c-8e914884020d	5	127886013	127886952	2	1.4692
0594ab89-da3d-4166-8c9c-8e914884020d	5	127889723	180951888	34268	0.0054
0594ab89-da3d-4166-8c9c-8e914884020d	5	180953203	180979968	9	-1.0083
0594ab89-da3d-4166-8c9c-8e914884020d	5	180980230	181363319	178	-0.0299
0594ab89-da3d-4166-8c9c-8e914884020d	6	149661	252049	95	0.0313
0594ab89-da3d-4166-8c9c-8e914884020d	6	252145	294837	29	0.5686
0594ab89-da3d-4166-8c9c-8e914884020d	6	302306	355360	49	0.2363
0594ab89-da3d-4166-8c9c-8e914884020d	6	355386	29875657	21483	-0.0005
0594ab89-da3d-4166-8c9c-8e914884020d	6	29876257	29881490	7	0.949
0594ab89-da3d-4166-8c9c-8e914884020d	6	29882419	31318499	663	0.0029
0594ab89-da3d-4166-8c9c-8e914884020d	6	31318528	31328674	10	0.5194
0594ab89-da3d-4166-8c9c-8e914884020d	6	31342147	31380423	47	0.009
0594ab89-da3d-4166-8c9c-8e914884020d	6	31380693	31380871	3	-1.3002
0594ab89-da3d-4166-8c9c-8e914884020d	6	31383258	32529429	465	0.0046
0594ab89-da3d-4166-8c9c-8e914884020d	6	32533522	32633540	35	-0.3322
0594ab89-da3d-4166-8c9c-8e914884020d	6	32634330	54066286	13706	0.0077
0594ab89-da3d-4166-8c9c-8e914884020d	6	54066353	54067005	6	-1.2382
0594ab89-da3d-4166-8c9c-8e914884020d	6	54067057	55454943	889	0.0094
0594ab89-da3d-4166-8c9c-8e914884020d	6	55455409	55458632	4	-0.8446
0594ab89-da3d-4166-8c9c-8e914884020d	6	55458648	61028778	1524	0.0211
0594ab89-da3d-4166-8c9c-8e914884020d	6	61033822	73882142	7969	-0.3457
0594ab89-da3d-4166-8c9c-8e914884020d	6	73882509	73891694	10	0.5277
0594ab89-da3d-4166-8c9c-8e914884020d	6	73893839	76726442	1766	-0.3416
0594ab89-da3d-4166-8c9c-8e914884020d	6	76726815	76733530	12	-0.8652
0594ab89-da3d-4166-8c9c-8e914884020d	6	76736482	77080091	239	-0.3249
0594ab89-da3d-4166-8c9c-8e914884020d	6	77082131	77082368	3	-1.7763
0594ab89-da3d-4166-8c9c-8e914884020d	6	77093112	77467751	229	-0.3432
0594ab89-da3d-4166-8c9c-8e914884020d	6	77470021	77471985	2	-1.7167
0594ab89-da3d-4166-8c9c-8e914884020d	6	77474821	78259348	515	-0.3311
0594ab89-da3d-4166-8c9c-8e914884020d	6	78259388	78325223	108	0.0867
0594ab89-da3d-4166-8c9c-8e914884020d	6	78325310	113817503	22119	-0.3477
0594ab89-da3d-4166-8c9c-8e914884020d	6	113824400	129826451	9660	-0.0011
0594ab89-da3d-4166-8c9c-8e914884020d	6	129827931	129828641	3	-1.2751
0594ab89-da3d-4166-8c9c-8e914884020d	6	129828851	157095241	18441	-0.0084
0594ab89-da3d-4166-8c9c-8e914884020d	6	157099267	157101442	2	-1.6705
0594ab89-da3d-4166-8c9c-8e914884020d	6	157110544	170741917	9447	0.0075
0594ab89-da3d-4166-8c9c-8e914884020d	7	43355	6845252	3435	0.042
0594ab89-da3d-4166-8c9c-8e914884020d	7	6845907	6889070	12	0.6364
0594ab89-da3d-4166-8c9c-8e914884020d	7	6890031	54305455	35028	0.0335
0594ab89-da3d-4166-8c9c-8e914884020d	7	54318812	54318824	6	2.744
0594ab89-da3d-4166-8c9c-8e914884020d	7	54325795	55960654	1233	0.035
0594ab89-da3d-4166-8c9c-8e914884020d	7	55963367	69279518	3907	0.0728
0594ab89-da3d-4166-8c9c-8e914884020d	7	69280172	109797623	23304	0.0337
0594ab89-da3d-4166-8c9c-8e914884020d	7	109797700	109800863	7	1.0566
0594ab89-da3d-4166-8c9c-8e914884020d	7	109800864	109801187	5	0.3143
0594ab89-da3d-4166-8c9c-8e914884020d	7	109801572	109813705	6	0.8205
0594ab89-da3d-4166-8c9c-8e914884020d	7	109813746	111654840	1211	0.0192
0594ab89-da3d-4166-8c9c-8e914884020d	7	111655857	111663603	2	1.3951
0594ab89-da3d-4166-8c9c-8e914884020d	7	111669738	134093899	13527	0.0358
0594ab89-da3d-4166-8c9c-8e914884020d	7	134100424	134105244	22	0.562
0594ab89-da3d-4166-8c9c-8e914884020d	7	134105258	134110881	4	1.4129
0594ab89-da3d-4166-8c9c-8e914884020d	7	134110912	134113790	7	0.4425
0594ab89-da3d-4166-8c9c-8e914884020d	7	134113805	142063324	5195	0.0351
0594ab89-da3d-4166-8c9c-8e914884020d	7	142069843	142092307	34	-2.7409
0594ab89-da3d-4166-8c9c-8e914884020d	7	142099190	143529806	898	0.0508
0594ab89-da3d-4166-8c9c-8e914884020d	7	143530003	143603307	4	1.1259
0594ab89-da3d-4166-8c9c-8e914884020d	7	143728285	155044734	7093	0.0425
0594ab89-da3d-4166-8c9c-8e914884020d	7	155048147	155126198	136	0.3878
0594ab89-da3d-4166-8c9c-8e914884020d	7	155132067	159334314	2734	0.0544
0594ab89-da3d-4166-8c9c-8e914884020d	8	81254	5716836	5968	0.0096
0594ab89-da3d-4166-8c9c-8e914884020d	8	5718947	5721181	7	-0.8829
0594ab89-da3d-4166-8c9c-8e914884020d	8	5721206	5736610	23	-0.1109
0594ab89-da3d-4166-8c9c-8e914884020d	8	5736745	5746973	28	-0.8499
0594ab89-da3d-4166-8c9c-8e914884020d	8	5749566	6969240	1600	0.0077
0594ab89-da3d-4166-8c9c-8e914884020d	8	6969479	6980411	8	-1.0316
0594ab89-da3d-4166-8c9c-8e914884020d	8	6982183	7167045	84	0.0777
0594ab89-da3d-4166-8c9c-8e914884020d	8	7172468	7296545	6	0.8207
0594ab89-da3d-4166-8c9c-8e914884020d	8	7312952	7396819	24	-0.0267
0594ab89-da3d-4166-8c9c-8e914884020d	8	7397588	7941868	29	-0.6359
0594ab89-da3d-4166-8c9c-8e914884020d	8	7974123	14243840	4817	0.0062
0594ab89-da3d-4166-8c9c-8e914884020d	8	14247259	14264083	12	-0.9275
0594ab89-da3d-4166-8c9c-8e914884020d	8	14266205	14652059	410	0.0094
0594ab89-da3d-4166-8c9c-8e914884020d	8	14652523	14652565	3	-1.6944
0594ab89-da3d-4166-8c9c-8e914884020d	8	14652887	25114437	8448	0.0075
0594ab89-da3d-4166-8c9c-8e914884020d	8	25114672	25126641	25	-0.6464
0594ab89-da3d-4166-8c9c-8e914884020d	8	25126708	50118212	13648	0.0127
0594ab89-da3d-4166-8c9c-8e914884020d	8	50119451	50120863	9	-0.7957
0594ab89-da3d-4166-8c9c-8e914884020d	8	50126018	111279265	37408	0.0036
0594ab89-da3d-4166-8c9c-8e914884020d	8	111282050	111283016	8	-1.543
0594ab89-da3d-4166-8c9c-8e914884020d	8	111283031	114626121	1837	0.0081
0594ab89-da3d-4166-8c9c-8e914884020d	8	114626166	114628588	8	0.5893
0594ab89-da3d-4166-8c9c-8e914884020d	8	114628679	119139771	3122	0.0085
0594ab89-da3d-4166-8c9c-8e914884020d	8	119142545	119147207	4	-0.8924
0594ab89-da3d-4166-8c9c-8e914884020d	8	119150615	145072769	17946	0.0095
0594ab89-da3d-4166-8c9c-8e914884020d	9	46587	22492890	19838	0.0038
0594ab89-da3d-4166-8c9c-8e914884020d	9	22501914	22502700	2	-3.3518
0594ab89-da3d-4166-8c9c-8e914884020d	9	22509341	23361807	581	0.0234
0594ab89-da3d-4166-8c9c-8e914884020d	9	23363117	23373486	8	-2.6679
0594ab89-da3d-4166-8c9c-8e914884020d	9	23378490	31870067	6253	0.0053
0594ab89-da3d-4166-8c9c-8e914884020d	9	31871223	31871337	3	-1.2869
0594ab89-da3d-4166-8c9c-8e914884020d	9	31872723	37033364	3229	-0.003
0594ab89-da3d-4166-8c9c-8e914884020d	9	37034620	39105783	1216	-0.3582
0594ab89-da3d-4166-8c9c-8e914884020d	9	39110889	60898630	237	0.2964
0594ab89-da3d-4166-8c9c-8e914884020d	9	61337631	61665362	38	-0.1134
0594ab89-da3d-4166-8c9c-8e914884020d	9	61668104	68423153	190	0.2554
0594ab89-da3d-4166-8c9c-8e914884020d	9	68424128	68761130	301	-0.0026
0594ab89-da3d-4166-8c9c-8e914884020d	9	68762080	68763050	3	-1.6137
0594ab89-da3d-4166-8c9c-8e914884020d	9	68763687	103804216	24475	0.0065
0594ab89-da3d-4166-8c9c-8e914884020d	9	103806415	103807009	2	-3.0841
0594ab89-da3d-4166-8c9c-8e914884020d	9	103808421	138200944	23110	0.0128
0594ab89-da3d-4166-8c9c-8e914884020d	10	45792	24086334	19189	0.0025
0594ab89-da3d-4166-8c9c-8e914884020d	10	24088745	24089125	11	-1.6588
0594ab89-da3d-4166-8c9c-8e914884020d	10	24089979	24274061	144	0.0377
0594ab89-da3d-4166-8c9c-8e914884020d	10	24274847	24276418	4	-0.8456
0594ab89-da3d-4166-8c9c-8e914884020d	10	24277163	26934974	1837	0.0091
0594ab89-da3d-4166-8c9c-8e914884020d	10	26936975	26939544	13	1.1804
0594ab89-da3d-4166-8c9c-8e914884020d	10	26941064	30957581	3020	0.0087
0594ab89-da3d-4166-8c9c-8e914884020d	10	30962405	30962850	11	-0.7902
0594ab89-da3d-4166-8c9c-8e914884020d	10	30962893	41796971	4846	0.0054
0594ab89-da3d-4166-8c9c-8e914884020d	10	41798237	42411753	79	0.2026
0594ab89-da3d-4166-8c9c-8e914884020d	10	42412103	44712777	1675	0.0117
0594ab89-da3d-4166-8c9c-8e914884020d	10	44715242	44862350	113	0.584
0594ab89-da3d-4166-8c9c-8e914884020d	10	44871459	46077320	531	0.0095
0594ab89-da3d-4166-8c9c-8e914884020d	10	46080365	46093430	10	0.4901
0594ab89-da3d-4166-8c9c-8e914884020d	10	46093658	46525728	189	0.0096
0594ab89-da3d-4166-8c9c-8e914884020d	10	46525759	46525833	5	-0.879
0594ab89-da3d-4166-8c9c-8e914884020d	10	46525848	46526920	8	-0.0032
0594ab89-da3d-4166-8c9c-8e914884020d	10	46527206	46836986	39	0.4307
0594ab89-da3d-4166-8c9c-8e914884020d	10	46898735	47711321	296	-0.001
0594ab89-da3d-4166-8c9c-8e914884020d	10	47724261	48154966	12	0.5287
0594ab89-da3d-4166-8c9c-8e914884020d	10	48173568	55288170	5220	0.0042
0594ab89-da3d-4166-8c9c-8e914884020d	10	55294821	55297220	2	-1.4802
0594ab89-da3d-4166-8c9c-8e914884020d	10	55300315	82121629	17986	0.0059
0594ab89-da3d-4166-8c9c-8e914884020d	10	82124522	82128587	5	-1.4426
0594ab89-da3d-4166-8c9c-8e914884020d	10	82128911	89197818	5027	0.0036
0594ab89-da3d-4166-8c9c-8e914884020d	10	89197863	89197944	4	-0.9855
0594ab89-da3d-4166-8c9c-8e914884020d	10	89198861	90700170	1078	0.0013
0594ab89-da3d-4166-8c9c-8e914884020d	10	90702958	90703534	4	-0.8413
0594ab89-da3d-4166-8c9c-8e914884020d	10	90711823	93641190	1734	0.0067
0594ab89-da3d-4166-8c9c-8e914884020d	10	93643216	93645904	3	-1.5408
0594ab89-da3d-4166-8c9c-8e914884020d	10	93646882	131401841	26413	0.0065
0594ab89-da3d-4166-8c9c-8e914884020d	10	131405858	131406087	2	-1.4762
0594ab89-da3d-4166-8c9c-8e914884020d	10	131406242	133654968	1140	0.0111
0594ab89-da3d-4166-8c9c-8e914884020d	11	198510	4950928	2427	0.0175
0594ab89-da3d-4166-8c9c-8e914884020d	11	4951865	4952799	16	0.6061
0594ab89-da3d-4166-8c9c-8e914884020d	11	4953934	5766850	790	-0.0117
0594ab89-da3d-4166-8c9c-8e914884020d	11	5766862	5797091	38	0.4005
0594ab89-da3d-4166-8c9c-8e914884020d	11	5798299	31371747	18524	0.0056
0594ab89-da3d-4166-8c9c-8e914884020d	11	31372721	31375533	2	-2.8048
0594ab89-da3d-4166-8c9c-8e914884020d	11	31376660	50258763	12173	0.0098
0594ab89-da3d-4166-8c9c-8e914884020d	11	50259014	55606572	502	0.0916
0594ab89-da3d-4166-8c9c-8e914884020d	11	55606712	55685501	56	0.5812
0594ab89-da3d-4166-8c9c-8e914884020d	11	55685533	61182288	3381	0.0119
0594ab89-da3d-4166-8c9c-8e914884020d	11	61184956	61185401	5	-1.2509
0594ab89-da3d-4166-8c9c-8e914884020d	11	61185439	67697457	2822	0.0191
0594ab89-da3d-4166-8c9c-8e914884020d	11	67697535	67981851	81	0.2508
0594ab89-da3d-4166-8c9c-8e914884020d	11	67996609	81792426	8279	0.0114
0594ab89-da3d-4166-8c9c-8e914884020d	11	81792950	81813619	13	-0.8123
0594ab89-da3d-4166-8c9c-8e914884020d	11	81815195	99968957	12518	0.001
0594ab89-da3d-4166-8c9c-8e914884020d	11	99972614	99972870	3	-1.7625
0594ab89-da3d-4166-8c9c-8e914884020d	11	99974970	107359993	5247	-0.0001
0594ab89-da3d-4166-8c9c-8e914884020d	11	107367930	107368402	7	-2.2367
0594ab89-da3d-4166-8c9c-8e914884020d	11	107381636	135074876	19917	0.0049
0594ab89-da3d-4166-8c9c-8e914884020d	12	51460	275926	142	-0.3608
0594ab89-da3d-4166-8c9c-8e914884020d	12	279146	2423520	1382	0.7201
0594ab89-da3d-4166-8c9c-8e914884020d	12	2426251	7821407	3833	0.2921
0594ab89-da3d-4166-8c9c-8e914884020d	12	7842191	7971304	59	0.9276
0594ab89-da3d-4166-8c9c-8e914884020d	12	7978362	8172524	111	0.2799
0594ab89-da3d-4166-8c9c-8e914884020d	12	8176916	8409838	76	0.4788
0594ab89-da3d-4166-8c9c-8e914884020d	12	8410039	11351157	1768	0.2838
0594ab89-da3d-4166-8c9c-8e914884020d	12	11358643	11390472	31	-0.8559
0594ab89-da3d-4166-8c9c-8e914884020d	12	11399258	13178404	1382	0.2959
0594ab89-da3d-4166-8c9c-8e914884020d	12	13181725	13182206	2	-2.2034
0594ab89-da3d-4166-8c9c-8e914884020d	12	13183433	15498238	1684	0.2896
0594ab89-da3d-4166-8c9c-8e914884020d	12	15505454	15505734	2	1.5827
0594ab89-da3d-4166-8c9c-8e914884020d	12	15507549	31125097	10915	0.2964
0594ab89-da3d-4166-8c9c-8e914884020d	12	31127656	31753738	367	0.5529
0594ab89-da3d-4166-8c9c-8e914884020d	12	31754340	31756974	4	-1.2619
0594ab89-da3d-4166-8c9c-8e914884020d	12	31764286	34159654	1661	0.5376
0594ab89-da3d-4166-8c9c-8e914884020d	12	34162026	37509070	178	0.0899
0594ab89-da3d-4166-8c9c-8e914884020d	12	37514960	37999858	96	-0.3137
0594ab89-da3d-4166-8c9c-8e914884020d	12	38031180	38275095	115	0.546
0594ab89-da3d-4166-8c9c-8e914884020d	12	38278147	38279909	3	1.9252
0594ab89-da3d-4166-8c9c-8e914884020d	12	38280876	39072931	466	0.5364
0594ab89-da3d-4166-8c9c-8e914884020d	12	39075373	39307249	134	1.081
0594ab89-da3d-4166-8c9c-8e914884020d	12	39311759	39312589	2	0.347
0594ab89-da3d-4166-8c9c-8e914884020d	12	39313083	55921266	9940	-0.37
0594ab89-da3d-4166-8c9c-8e914884020d	12	55930762	55969882	11	0.2992
0594ab89-da3d-4166-8c9c-8e914884020d	12	55970372	56654812	342	0.5131
0594ab89-da3d-4166-8c9c-8e914884020d	12	56659769	57101444	238	0.2445
0594ab89-da3d-4166-8c9c-8e914884020d	12	57102440	57714636	251	-0.0055
0594ab89-da3d-4166-8c9c-8e914884020d	12	57721488	58032033	162	-0.3755
0594ab89-da3d-4166-8c9c-8e914884020d	12	58037627	58077768	43	0.7816
0594ab89-da3d-4166-8c9c-8e914884020d	12	58077816	58828192	600	0.902
0594ab89-da3d-4166-8c9c-8e914884020d	12	58828198	58828619	11	0.3655
0594ab89-da3d-4166-8c9c-8e914884020d	12	58828895	60077529	811	0.9286
0594ab89-da3d-4166-8c9c-8e914884020d	12	60078092	61013320	509	0.7657
0594ab89-da3d-4166-8c9c-8e914884020d	12	61015897	61293588	188	1.2555
0594ab89-da3d-4166-8c9c-8e914884020d	12	61299710	62319922	654	0.7375
0594ab89-da3d-4166-8c9c-8e914884020d	12	62320562	62809405	312	0.9099
0594ab89-da3d-4166-8c9c-8e914884020d	12	62811322	63053745	204	0.7248
0594ab89-da3d-4166-8c9c-8e914884020d	12	63053777	63350600	216	0.9349
0594ab89-da3d-4166-8c9c-8e914884020d	12	63351231	64663497	690	1.0854
0594ab89-da3d-4166-8c9c-8e914884020d	12	64666584	64873485	100	0.8769
0594ab89-da3d-4166-8c9c-8e914884020d	12	64873822	65781076	531	1.3132
0594ab89-da3d-4166-8c9c-8e914884020d	12	65781114	66305115	329	1.1158
0594ab89-da3d-4166-8c9c-8e914884020d	12	66311497	66636120	228	0.9469
0594ab89-da3d-4166-8c9c-8e914884020d	12	66636516	66637075	3	2.018
0594ab89-da3d-4166-8c9c-8e914884020d	12	66641086	67389328	583	0.8973
0594ab89-da3d-4166-8c9c-8e914884020d	12	67389390	68283125	723	1.3374
0594ab89-da3d-4166-8c9c-8e914884020d	12	68283389	69293885	671	1.5582
0594ab89-da3d-4166-8c9c-8e914884020d	12	69298386	69370744	49	1.2187
0594ab89-da3d-4166-8c9c-8e914884020d	12	69378431	70482706	745	1.0396
0594ab89-da3d-4166-8c9c-8e914884020d	12	70483970	70566291	68	0.8396
0594ab89-da3d-4166-8c9c-8e914884020d	12	70567353	71624248	735	0.3188
0594ab89-da3d-4166-8c9c-8e914884020d	12	71625088	71675093	22	0.047
0594ab89-da3d-4166-8c9c-8e914884020d	12	71680955	73160218	915	-0.3854
0594ab89-da3d-4166-8c9c-8e914884020d	12	73161134	76237985	1868	-0.0044
0594ab89-da3d-4166-8c9c-8e914884020d	12	76238557	76239248	3	-0.9229
0594ab89-da3d-4166-8c9c-8e914884020d	12	76239989	77005301	419	-0.0117
0594ab89-da3d-4166-8c9c-8e914884020d	12	77009186	83769408	4405	-0.3769
0594ab89-da3d-4166-8c9c-8e914884020d	12	83769511	83769569	2	-2.2105
0594ab89-da3d-4166-8c9c-8e914884020d	12	83771462	91754414	4695	-0.3766
0594ab89-da3d-4166-8c9c-8e914884020d	12	91754463	91754952	2	-1.7388
0594ab89-da3d-4166-8c9c-8e914884020d	12	91760796	97481891	4057	-0.3776
0594ab89-da3d-4166-8c9c-8e914884020d	12	97481915	97483910	6	-1.3055
0594ab89-da3d-4166-8c9c-8e914884020d	12	97484633	98556712	804	-0.3715
0594ab89-da3d-4166-8c9c-8e914884020d	12	98562467	98564210	2	-3.2297
0594ab89-da3d-4166-8c9c-8e914884020d	12	98568304	99401690	506	-0.363
0594ab89-da3d-4166-8c9c-8e914884020d	12	99401870	99404374	23	0.1142
0594ab89-da3d-4166-8c9c-8e914884020d	12	99404412	115146628	10308	-0.3678
0594ab89-da3d-4166-8c9c-8e914884020d	12	115147000	115175176	12	-1.0468
0594ab89-da3d-4166-8c9c-8e914884020d	12	115176003	133201603	12371	-0.3671
0594ab89-da3d-4166-8c9c-8e914884020d	13	18452809	19553218	537	0.0617
0594ab89-da3d-4166-8c9c-8e914884020d	13	19553745	19569598	3	-1.1694
0594ab89-da3d-4166-8c9c-8e914884020d	13	19569629	31958485	9021	0.0015
0594ab89-da3d-4166-8c9c-8e914884020d	13	31958590	31964286	17	-1.0129
0594ab89-da3d-4166-8c9c-8e914884020d	13	31965910	52502570	13802	-0.0029
0594ab89-da3d-4166-8c9c-8e914884020d	13	52505209	52531650	7	-1.109
0594ab89-da3d-4166-8c9c-8e914884020d	13	52543744	57184136	2621	0.0055
0594ab89-da3d-4166-8c9c-8e914884020d	13	57184155	57202435	31	-0.7894
0594ab89-da3d-4166-8c9c-8e914884020d	13	57204234	68668123	6889	-0.0034
0594ab89-da3d-4166-8c9c-8e914884020d	13	68674167	68694110	38	-0.7705
0594ab89-da3d-4166-8c9c-8e914884020d	13	68694987	71902850	2063	-0.0027
0594ab89-da3d-4166-8c9c-8e914884020d	13	71903417	71906418	4	-2.157
0594ab89-da3d-4166-8c9c-8e914884020d	13	71906467	104800659	22231	0.0023
0594ab89-da3d-4166-8c9c-8e914884020d	13	104801817	104801904	2	-1.5726
0594ab89-da3d-4166-8c9c-8e914884020d	13	104802517	106730287	1573	0.0028
0594ab89-da3d-4166-8c9c-8e914884020d	13	106731890	106732362	2	-1.9096
0594ab89-da3d-4166-8c9c-8e914884020d	13	106732887	114342922	5272	0.0016
0594ab89-da3d-4166-8c9c-8e914884020d	14	18239283	19952080	165	0.4171
0594ab89-da3d-4166-8c9c-8e914884020d	14	19954424	48040647	17686	0.0023
0594ab89-da3d-4166-8c9c-8e914884020d	14	48041374	48041387	2	-1.6969
0594ab89-da3d-4166-8c9c-8e914884020d	14	48043734	69849748	13892	-0.0005
0594ab89-da3d-4166-8c9c-8e914884020d	14	69851920	69854146	2	1.6269
0594ab89-da3d-4166-8c9c-8e914884020d	14	69854274	73534419	2479	0.0075
0594ab89-da3d-4166-8c9c-8e914884020d	14	73540003	73563196	9	-1.2826
0594ab89-da3d-4166-8c9c-8e914884020d	14	73563211	86500353	8637	0.0101
0594ab89-da3d-4166-8c9c-8e914884020d	14	86505671	86529823	19	-0.3683
0594ab89-da3d-4166-8c9c-8e914884020d	14	86532812	106423925	12253	0.0096
0594ab89-da3d-4166-8c9c-8e914884020d	14	106425447	106475361	49	-0.6982
0594ab89-da3d-4166-8c9c-8e914884020d	14	106487515	106877229	193	0.0167
0594ab89-da3d-4166-8c9c-8e914884020d	15	19811075	20538669	134	0.2292
0594ab89-da3d-4166-8c9c-8e914884020d	15	20614765	24533269	1123	0.0278
0594ab89-da3d-4166-8c9c-8e914884020d	15	24533744	24556648	11	0.6067
0594ab89-da3d-4166-8c9c-8e914884020d	15	24562881	30077828	3558	0.0174
0594ab89-da3d-4166-8c9c-8e914884020d	15	30094208	30608675	38	-0.5853
0594ab89-da3d-4166-8c9c-8e914884020d	15	30621384	53492691	14234	0.0024
0594ab89-da3d-4166-8c9c-8e914884020d	15	53492794	53493082	6	-2.1695
0594ab89-da3d-4166-8c9c-8e914884020d	15	53498050	98965281	30252	0.0046
0594ab89-da3d-4166-8c9c-8e914884020d	15	98966438	98980976	6	-0.9968
0594ab89-da3d-4166-8c9c-8e914884020d	15	98982559	101928837	2159	0.008
0594ab89-da3d-4166-8c9c-8e914884020d	16	10777	22546611	14772	0.0165
0594ab89-da3d-4166-8c9c-8e914884020d	16	22546990	22699421	72	-0.3404
0594ab89-da3d-4166-8c9c-8e914884020d	16	22701658	28637882	4053	0.0075
0594ab89-da3d-4166-8c9c-8e914884020d	16	28696878	28742130	3	1.0888
0594ab89-da3d-4166-8c9c-8e914884020d	16	28752527	30635374	508	0.0103
0594ab89-da3d-4166-8c9c-8e914884020d	16	30635952	30657191	4	0.8468
0594ab89-da3d-4166-8c9c-8e914884020d	16	30657469	31960199	535	-0.0056
0594ab89-da3d-4166-8c9c-8e914884020d	16	31963848	32000050	10	0.5735
0594ab89-da3d-4166-8c9c-8e914884020d	16	32000528	34042508	87	0.1529
0594ab89-da3d-4166-8c9c-8e914884020d	16	34043045	34056609	4	0.709
0594ab89-da3d-4166-8c9c-8e914884020d	16	34060396	35225338	118	0.0363
0594ab89-da3d-4166-8c9c-8e914884020d	16	35232200	35522700	168	0.9233
0594ab89-da3d-4166-8c9c-8e914884020d	16	35526596	55762598	6598	0.0159
0594ab89-da3d-4166-8c9c-8e914884020d	16	55762663	55788532	20	-0.7093
0594ab89-da3d-4166-8c9c-8e914884020d	16	55808442	55824881	13	0.4373
0594ab89-da3d-4166-8c9c-8e914884020d	16	55834527	70117657	8740	0.0161
0594ab89-da3d-4166-8c9c-8e914884020d	16	70118419	70163864	11	0.9377
0594ab89-da3d-4166-8c9c-8e914884020d	16	70164427	90096867	16133	0.0072
0594ab89-da3d-4166-8c9c-8e914884020d	17	150733	18455635	11385	-0.3261
0594ab89-da3d-4166-8c9c-8e914884020d	17	18458372	18550123	22	0.53
0594ab89-da3d-4166-8c9c-8e914884020d	17	18561272	20833191	903	-0.2904
0594ab89-da3d-4166-8c9c-8e914884020d	17	20834118	41265456	8490	0.0151
0594ab89-da3d-4166-8c9c-8e914884020d	17	41266762	41274279	24	2.1992
0594ab89-da3d-4166-8c9c-8e914884020d	17	41276472	46136800	2537	0.0226
0594ab89-da3d-4166-8c9c-8e914884020d	17	46137998	46267672	78	-0.4278
0594ab89-da3d-4166-8c9c-8e914884020d	17	46273919	56081683	5818	0.0111
0594ab89-da3d-4166-8c9c-8e914884020d	17	56083553	56095230	26	-1.1725
0594ab89-da3d-4166-8c9c-8e914884020d	17	56095462	79367431	14121	0.0078
0594ab89-da3d-4166-8c9c-8e914884020d	17	79369452	79393019	19	0.6771
0594ab89-da3d-4166-8c9c-8e914884020d	17	79404541	83091923	1599	0.0174
0594ab89-da3d-4166-8c9c-8e914884020d	18	48133	14193567	10065	0.0039
0594ab89-da3d-4166-8c9c-8e914884020d	18	14194828	15287838	323	0.097
0594ab89-da3d-4166-8c9c-8e914884020d	18	15291710	42471713	13624	0.0027
0594ab89-da3d-4166-8c9c-8e914884020d	18	42476604	42477802	25	-0.5733
0594ab89-da3d-4166-8c9c-8e914884020d	18	42478430	80257174	26680	0.0001
0594ab89-da3d-4166-8c9c-8e914884020d	19	90910	5506648	1593	0.027
0594ab89-da3d-4166-8c9c-8e914884020d	19	5510228	5510569	2	-3.5248
0594ab89-da3d-4166-8c9c-8e914884020d	19	5510642	5718055	94	-0.011
0594ab89-da3d-4166-8c9c-8e914884020d	19	5725981	5726816	3	-1.3007
0594ab89-da3d-4166-8c9c-8e914884020d	19	5734163	6981874	629	0.01
0594ab89-da3d-4166-8c9c-8e914884020d	19	6982698	6987787	2	1.5343
0594ab89-da3d-4166-8c9c-8e914884020d	19	6988259	35358420	14380	0.0163
0594ab89-da3d-4166-8c9c-8e914884020d	19	35364451	35370877	20	-0.6079
0594ab89-da3d-4166-8c9c-8e914884020d	19	35370946	42878962	3722	0.0138
0594ab89-da3d-4166-8c9c-8e914884020d	19	42879062	43026206	72	0.2153
0594ab89-da3d-4166-8c9c-8e914884020d	19	43029275	43034626	6	1.0608
0594ab89-da3d-4166-8c9c-8e914884020d	19	43037267	55771003	6741	0.0216
0594ab89-da3d-4166-8c9c-8e914884020d	19	55771169	55771701	3	-2.8453
0594ab89-da3d-4166-8c9c-8e914884020d	19	55774927	58429147	1784	0.0241
0594ab89-da3d-4166-8c9c-8e914884020d	19	58432041	58433008	2	-3.7406
0594ab89-da3d-4166-8c9c-8e914884020d	19	58434689	58586487	52	0.0677
0594ab89-da3d-4166-8c9c-8e914884020d	20	80664	82279	16	-0.043
0594ab89-da3d-4166-8c9c-8e914884020d	20	84659	1580353	1187	-0.2948
0594ab89-da3d-4166-8c9c-8e914884020d	20	1580934	1609888	39	0.4632
0594ab89-da3d-4166-8c9c-8e914884020d	20	1613203	15320728	10386	-0.3347
0594ab89-da3d-4166-8c9c-8e914884020d	20	15321256	15321728	3	-1.8372
0594ab89-da3d-4166-8c9c-8e914884020d	20	15324612	26217263	8336	-0.3275
0594ab89-da3d-4166-8c9c-8e914884020d	20	26217295	30185676	42	-0.137
0594ab89-da3d-4166-8c9c-8e914884020d	20	30193847	30414321	44	0.2679
0594ab89-da3d-4166-8c9c-8e914884020d	20	30416535	50165997	11946	0.015
0594ab89-da3d-4166-8c9c-8e914884020d	20	50175182	50176256	2	-1.8389
0594ab89-da3d-4166-8c9c-8e914884020d	20	50178380	64324800	10355	0.0146
0594ab89-da3d-4166-8c9c-8e914884020d	21	10354168	13251464	126	-0.0105
0594ab89-da3d-4166-8c9c-8e914884020d	21	13270143	13966152	193	0.1257
0594ab89-da3d-4166-8c9c-8e914884020d	21	13968218	16738711	1897	-0.0123
0594ab89-da3d-4166-8c9c-8e914884020d	21	16740643	16741468	4	-1.2653
0594ab89-da3d-4166-8c9c-8e914884020d	21	16742039	46677045	21634	-0.0001
0594ab89-da3d-4166-8c9c-8e914884020d	22	15294547	16914810	227	0.1417
0594ab89-da3d-4166-8c9c-8e914884020d	22	16917910	18547989	905	0.0178
0594ab89-da3d-4166-8c9c-8e914884020d	22	18620743	18783014	5	1.0453
0594ab89-da3d-4166-8c9c-8e914884020d	22	18818348	22106365	1975	0.0311
0594ab89-da3d-4166-8c9c-8e914884020d	22	22108569	22127104	14	-0.5284
0594ab89-da3d-4166-8c9c-8e914884020d	22	22130385	22398127	330	0.005
0594ab89-da3d-4166-8c9c-8e914884020d	22	22398345	22398545	4	-1.4677
0594ab89-da3d-4166-8c9c-8e914884020d	22	22402989	38955461	11776	0.0199
0594ab89-da3d-4166-8c9c-8e914884020d	22	38967614	38979302	24	-0.6585
0594ab89-da3d-4166-8c9c-8e914884020d	22	38993700	42496576	1889	0.0106
0594ab89-da3d-4166-8c9c-8e914884020d	22	42496590	42559425	27	0.4645
0594ab89-da3d-4166-8c9c-8e914884020d	22	42559782	49583909	5547	0.025
0594ab89-da3d-4166-8c9c-8e914884020d	22	49584375	49584805	3	-1.1733
0594ab89-da3d-4166-8c9c-8e914884020d	22	49584854	50796027	547	0.0095
0594ab89-da3d-4166-8c9c-8e914884020d	X	251810	5240323	1875	0.0189
0594ab89-da3d-4166-8c9c-8e914884020d	X	5242906	5244183	2	-1.3363
0594ab89-da3d-4166-8c9c-8e914884020d	X	5247771	24577219	13068	0.0167
0594ab89-da3d-4166-8c9c-8e914884020d	X	24577297	24577630	4	-1.1065
0594ab89-da3d-4166-8c9c-8e914884020d	X	24579832	77102715	24847	0.0185
0594ab89-da3d-4166-8c9c-8e914884020d	X	77109871	77296889	17	0.4995
0594ab89-da3d-4166-8c9c-8e914884020d	X	77324696	81589626	2024	0.0048
0594ab89-da3d-4166-8c9c-8e914884020d	X	81594692	81601061	7	-0.7561
0594ab89-da3d-4166-8c9c-8e914884020d	X	81601144	114019588	17310	0.0129
0594ab89-da3d-4166-8c9c-8e914884020d	X	114022125	114073410	32	-1.0891
0594ab89-da3d-4166-8c9c-8e914884020d	X	114079351	116940352	1512	0.0238
0594ab89-da3d-4166-8c9c-8e914884020d	X	116941831	116970899	14	0.5689
0594ab89-da3d-4166-8c9c-8e914884020d	X	116975018	155952689	22912	0.0152
0594ab89-da3d-4166-8c9c-8e914884020d	Y	2782397	6249869	784	-2.723
0594ab89-da3d-4166-8c9c-8e914884020d	Y	6252391	17053374	4233	-3.1771
0594ab89-da3d-4166-8c9c-8e914884020d	Y	17054981	17067660	8	-6.0353
0594ab89-da3d-4166-8c9c-8e914884020d	Y	17070391	22804854	1412	-3.2392
0594ab89-da3d-4166-8c9c-8e914884020d	Y	22913244	56872112	202	-2.6379
