GDC_Aliquot	Chromosome	Start	End	Num_Probes	Segment_Mean
d2e13e01-a80b-4db2-bb05-0ee89fc1941c	1	62920	3302046	739	0.1195
d2e13e01-a80b-4db2-bb05-0ee89fc1941c	1	3302359	16679483	7943	0.012
d2e13e01-a80b-4db2-bb05-0ee89fc1941c	1	16685961	16766922	11	0.7695
d2e13e01-a80b-4db2-bb05-0ee89fc1941c	1	16767520	72303233	34104	0.0129
d2e13e01-a80b-4db2-bb05-0ee89fc1941c	1	72303253	72345465	45	-1.4028
d2e13e01-a80b-4db2-bb05-0ee89fc1941c	1	72346221	103616762	20029	0.0259
d2e13e01-a80b-4db2-bb05-0ee89fc1941c	1	103620877	103697067	3	-1.0577
d2e13e01-a80b-4db2-bb05-0ee89fc1941c	1	103697364	104497098	416	0.0293
d2e13e01-a80b-4db2-bb05-0ee89fc1941c	1	104503262	104508392	4	-1.0985
d2e13e01-a80b-4db2-bb05-0ee89fc1941c	1	104512295	105476583	501	0.0318
d2e13e01-a80b-4db2-bb05-0ee89fc1941c	1	105476614	105479753	16	-0.522
d2e13e01-a80b-4db2-bb05-0ee89fc1941c	1	105481433	109684893	2634	0.0218
d2e13e01-a80b-4db2-bb05-0ee89fc1941c	1	109690352	109690705	5	-1.0022
d2e13e01-a80b-4db2-bb05-0ee89fc1941c	1	109690949	143546851	7152	0.0179
d2e13e01-a80b-4db2-bb05-0ee89fc1941c	1	143547055	143942271	122	0.688
d2e13e01-a80b-4db2-bb05-0ee89fc1941c	1	144432083	152583051	2314	0.0241
d2e13e01-a80b-4db2-bb05-0ee89fc1941c	1	152583230	152613762	31	-1.7192
d2e13e01-a80b-4db2-bb05-0ee89fc1941c	1	152613802	152782154	164	-0.0121
d2e13e01-a80b-4db2-bb05-0ee89fc1941c	1	152783832	152796094	43	0.3871
d2e13e01-a80b-4db2-bb05-0ee89fc1941c	1	152796224	161648901	5270	-0.0007
d2e13e01-a80b-4db2-bb05-0ee89fc1941c	1	161649069	161678447	7	-0.7878
d2e13e01-a80b-4db2-bb05-0ee89fc1941c	1	161678831	189679027	19462	0.0076
d2e13e01-a80b-4db2-bb05-0ee89fc1941c	1	189679353	189679397	2	-1.4653
d2e13e01-a80b-4db2-bb05-0ee89fc1941c	1	189682917	193186662	2338	0.0217
d2e13e01-a80b-4db2-bb05-0ee89fc1941c	1	193187149	193187218	4	1.0018
d2e13e01-a80b-4db2-bb05-0ee89fc1941c	1	193190593	196758720	2396	0.0072
d2e13e01-a80b-4db2-bb05-0ee89fc1941c	1	196761905	196832525	56	0.7346
d2e13e01-a80b-4db2-bb05-0ee89fc1941c	1	196832720	243139864	32112	0.0082
d2e13e01-a80b-4db2-bb05-0ee89fc1941c	1	243143622	243144364	2	1.8247
d2e13e01-a80b-4db2-bb05-0ee89fc1941c	1	243145889	248930189	3715	0.02
d2e13e01-a80b-4db2-bb05-0ee89fc1941c	2	12784	34466002	24094	0.0165
d2e13e01-a80b-4db2-bb05-0ee89fc1941c	2	34474248	34515732	52	0.5771
d2e13e01-a80b-4db2-bb05-0ee89fc1941c	2	34515960	52527330	13004	0.0152
d2e13e01-a80b-4db2-bb05-0ee89fc1941c	2	52527342	52554404	39	-2.3092
d2e13e01-a80b-4db2-bb05-0ee89fc1941c	2	52560811	66557087	9096	0.0167
d2e13e01-a80b-4db2-bb05-0ee89fc1941c	2	66557524	66559594	3	-1.8395
d2e13e01-a80b-4db2-bb05-0ee89fc1941c	2	66559637	97359885	14759	0.0123
d2e13e01-a80b-4db2-bb05-0ee89fc1941c	2	97524284	97545247	8	1.2858
d2e13e01-a80b-4db2-bb05-0ee89fc1941c	2	97545726	127084661	17937	0.0144
d2e13e01-a80b-4db2-bb05-0ee89fc1941c	2	127084748	127101070	13	0.7144
d2e13e01-a80b-4db2-bb05-0ee89fc1941c	2	127103254	182598035	33993	0.0201
d2e13e01-a80b-4db2-bb05-0ee89fc1941c	2	182598931	182644704	33	-0.9082
d2e13e01-a80b-4db2-bb05-0ee89fc1941c	2	182644757	183219425	304	0.0208
d2e13e01-a80b-4db2-bb05-0ee89fc1941c	2	183220725	183224996	10	-0.8844
d2e13e01-a80b-4db2-bb05-0ee89fc1941c	2	183229270	184451949	840	0.0102
d2e13e01-a80b-4db2-bb05-0ee89fc1941c	2	184452153	184455332	4	1.524
d2e13e01-a80b-4db2-bb05-0ee89fc1941c	2	184460792	207490231	13273	0.0144
d2e13e01-a80b-4db2-bb05-0ee89fc1941c	2	207490454	207494836	19	-0.7518
d2e13e01-a80b-4db2-bb05-0ee89fc1941c	2	207495072	242147305	22079	0.016
d2e13e01-a80b-4db2-bb05-0ee89fc1941c	3	20930	6604856	5821	0.0202
d2e13e01-a80b-4db2-bb05-0ee89fc1941c	3	6609441	6611645	23	-0.7506
d2e13e01-a80b-4db2-bb05-0ee89fc1941c	3	6613391	16197556	7056	0.0212
d2e13e01-a80b-4db2-bb05-0ee89fc1941c	3	16199049	16199672	6	-0.7742
d2e13e01-a80b-4db2-bb05-0ee89fc1941c	3	16199818	26570619	7119	0.0178
d2e13e01-a80b-4db2-bb05-0ee89fc1941c	3	26570673	26570675	3	1.2072
d2e13e01-a80b-4db2-bb05-0ee89fc1941c	3	26571710	68697013	27779	0.0169
d2e13e01-a80b-4db2-bb05-0ee89fc1941c	3	68697108	68698262	14	-0.9875
d2e13e01-a80b-4db2-bb05-0ee89fc1941c	3	68699607	75403949	4879	0.0178
d2e13e01-a80b-4db2-bb05-0ee89fc1941c	3	75407149	75632059	71	0.2688
d2e13e01-a80b-4db2-bb05-0ee89fc1941c	3	75633167	98180575	10362	0.0184
d2e13e01-a80b-4db2-bb05-0ee89fc1941c	3	98189826	98195973	4	1.1934
d2e13e01-a80b-4db2-bb05-0ee89fc1941c	3	98197104	99332309	687	0.0188
d2e13e01-a80b-4db2-bb05-0ee89fc1941c	3	99332466	99337046	8	-0.9342
d2e13e01-a80b-4db2-bb05-0ee89fc1941c	3	99337604	131987852	19853	0.018
d2e13e01-a80b-4db2-bb05-0ee89fc1941c	3	131989313	131989627	2	-2.509
d2e13e01-a80b-4db2-bb05-0ee89fc1941c	3	131996155	133306023	953	0.0268
d2e13e01-a80b-4db2-bb05-0ee89fc1941c	3	133306038	133306053	2	1.4352
d2e13e01-a80b-4db2-bb05-0ee89fc1941c	3	133306168	143566276	6241	0.0218
d2e13e01-a80b-4db2-bb05-0ee89fc1941c	3	143566923	143567132	5	0.96
d2e13e01-a80b-4db2-bb05-0ee89fc1941c	3	143567959	149245176	3537	0.014
d2e13e01-a80b-4db2-bb05-0ee89fc1941c	3	149245189	149250334	26	-0.8245
d2e13e01-a80b-4db2-bb05-0ee89fc1941c	3	149253293	150810915	922	0.0203
d2e13e01-a80b-4db2-bb05-0ee89fc1941c	3	150812165	150812953	2	1.0358
d2e13e01-a80b-4db2-bb05-0ee89fc1941c	3	150813207	151329707	370	-0.0135
d2e13e01-a80b-4db2-bb05-0ee89fc1941c	3	151330040	162827928	7067	0.3956
d2e13e01-a80b-4db2-bb05-0ee89fc1941c	3	162828441	162914509	61	0.0121
d2e13e01-a80b-4db2-bb05-0ee89fc1941c	3	162914526	173519113	6347	0.3885
d2e13e01-a80b-4db2-bb05-0ee89fc1941c	3	173522845	173582403	25	1.0432
d2e13e01-a80b-4db2-bb05-0ee89fc1941c	3	173583028	189642489	10287	0.386
d2e13e01-a80b-4db2-bb05-0ee89fc1941c	3	189642965	189655037	19	-0.2467
d2e13e01-a80b-4db2-bb05-0ee89fc1941c	3	189655208	191934428	1599	0.3885
d2e13e01-a80b-4db2-bb05-0ee89fc1941c	3	191938381	191946976	7	-0.3807
d2e13e01-a80b-4db2-bb05-0ee89fc1941c	3	191949154	193160113	878	0.3956
d2e13e01-a80b-4db2-bb05-0ee89fc1941c	3	193160173	193165114	19	-0.9986
d2e13e01-a80b-4db2-bb05-0ee89fc1941c	3	193168646	198169247	2694	0.3836
d2e13e01-a80b-4db2-bb05-0ee89fc1941c	4	68929	10221792	5707	0.021
d2e13e01-a80b-4db2-bb05-0ee89fc1941c	4	10222004	10229874	27	-1.7056
d2e13e01-a80b-4db2-bb05-0ee89fc1941c	4	10232590	34777432	16984	0.0215
d2e13e01-a80b-4db2-bb05-0ee89fc1941c	4	34784878	34828306	41	-0.5303
d2e13e01-a80b-4db2-bb05-0ee89fc1941c	4	34828327	68378716	19439	0.0185
d2e13e01-a80b-4db2-bb05-0ee89fc1941c	4	68389352	68478894	19	-0.5107
d2e13e01-a80b-4db2-bb05-0ee89fc1941c	4	68494770	68663241	73	0.5134
d2e13e01-a80b-4db2-bb05-0ee89fc1941c	4	68671434	69636069	577	0.035
d2e13e01-a80b-4db2-bb05-0ee89fc1941c	4	69636262	69636906	4	-1.3653
d2e13e01-a80b-4db2-bb05-0ee89fc1941c	4	69641110	114252544	27114	0.0241
d2e13e01-a80b-4db2-bb05-0ee89fc1941c	4	114254167	114261019	23	-1.1788
d2e13e01-a80b-4db2-bb05-0ee89fc1941c	4	114263073	121360818	4341	0.0303
d2e13e01-a80b-4db2-bb05-0ee89fc1941c	4	121361313	121363980	28	-0.7297
d2e13e01-a80b-4db2-bb05-0ee89fc1941c	4	121369976	170346793	29600	0.0231
d2e13e01-a80b-4db2-bb05-0ee89fc1941c	4	170346931	170352007	7	-0.9002
d2e13e01-a80b-4db2-bb05-0ee89fc1941c	4	170352863	171448195	684	0.0085
d2e13e01-a80b-4db2-bb05-0ee89fc1941c	4	171453733	171456559	10	-0.9999
d2e13e01-a80b-4db2-bb05-0ee89fc1941c	4	171456573	188300104	11351	0.0224
d2e13e01-a80b-4db2-bb05-0ee89fc1941c	4	188300206	188300285	4	1.1676
d2e13e01-a80b-4db2-bb05-0ee89fc1941c	4	188301659	190106768	1141	0.0055
d2e13e01-a80b-4db2-bb05-0ee89fc1941c	5	15532	685389	305	0.0763
d2e13e01-a80b-4db2-bb05-0ee89fc1941c	5	685633	773453	28	0.4593
d2e13e01-a80b-4db2-bb05-0ee89fc1941c	5	779766	3346992	2002	0.035
d2e13e01-a80b-4db2-bb05-0ee89fc1941c	5	3347611	3349469	5	-1.2373
d2e13e01-a80b-4db2-bb05-0ee89fc1941c	5	3350300	12819201	7856	0.0105
d2e13e01-a80b-4db2-bb05-0ee89fc1941c	5	12819263	12838421	11	-1.3461
d2e13e01-a80b-4db2-bb05-0ee89fc1941c	5	12849089	21449110	5509	0.0115
d2e13e01-a80b-4db2-bb05-0ee89fc1941c	5	21449167	21452387	7	0.8014
d2e13e01-a80b-4db2-bb05-0ee89fc1941c	5	21454830	27525800	3532	0.0153
d2e13e01-a80b-4db2-bb05-0ee89fc1941c	5	27525809	27525913	7	-2.0978
d2e13e01-a80b-4db2-bb05-0ee89fc1941c	5	27527372	46191782	11400	0.0165
d2e13e01-a80b-4db2-bb05-0ee89fc1941c	5	46195781	46199333	4	-1.2255
d2e13e01-a80b-4db2-bb05-0ee89fc1941c	5	46209197	46271006	15	0.1554
d2e13e01-a80b-4db2-bb05-0ee89fc1941c	5	46271828	46273400	6	1.1982
d2e13e01-a80b-4db2-bb05-0ee89fc1941c	5	46278110	76154195	15556	0.0163
d2e13e01-a80b-4db2-bb05-0ee89fc1941c	5	76154242	76154319	3	1.3567
d2e13e01-a80b-4db2-bb05-0ee89fc1941c	5	76154351	99986860	13778	0.0177
d2e13e01-a80b-4db2-bb05-0ee89fc1941c	5	99988808	99989106	3	-1.6226
d2e13e01-a80b-4db2-bb05-0ee89fc1941c	5	99989443	104515520	2607	0.0141
d2e13e01-a80b-4db2-bb05-0ee89fc1941c	5	104524672	104524903	4	1.3059
d2e13e01-a80b-4db2-bb05-0ee89fc1941c	5	104525348	117717574	9166	0.0208
d2e13e01-a80b-4db2-bb05-0ee89fc1941c	5	117719342	117719591	3	-1.0629
d2e13e01-a80b-4db2-bb05-0ee89fc1941c	5	117723631	118050922	222	0.0406
d2e13e01-a80b-4db2-bb05-0ee89fc1941c	5	118052727	118053390	11	-0.5979
d2e13e01-a80b-4db2-bb05-0ee89fc1941c	5	118068645	172753966	35739	0.0198
d2e13e01-a80b-4db2-bb05-0ee89fc1941c	5	172762223	172764068	2	-1.7042
d2e13e01-a80b-4db2-bb05-0ee89fc1941c	5	172769585	177771448	3132	0.0153
d2e13e01-a80b-4db2-bb05-0ee89fc1941c	5	177800550	177805604	3	2.3134
d2e13e01-a80b-4db2-bb05-0ee89fc1941c	5	177827964	180947523	1796	0.0066
d2e13e01-a80b-4db2-bb05-0ee89fc1941c	5	180951710	180990911	18	-1.7223
d2e13e01-a80b-4db2-bb05-0ee89fc1941c	5	180991103	181363319	171	0.0666
d2e13e01-a80b-4db2-bb05-0ee89fc1941c	6	149661	254283	101	0.0657
d2e13e01-a80b-4db2-bb05-0ee89fc1941c	6	257353	385056	107	0.4892
d2e13e01-a80b-4db2-bb05-0ee89fc1941c	6	385687	7913450	6255	0.0097
d2e13e01-a80b-4db2-bb05-0ee89fc1941c	6	7915974	7916433	2	-3.0718
d2e13e01-a80b-4db2-bb05-0ee89fc1941c	6	7917295	32718419	16486	0.0178
d2e13e01-a80b-4db2-bb05-0ee89fc1941c	6	32720838	32723053	11	0.9482
d2e13e01-a80b-4db2-bb05-0ee89fc1941c	6	32732907	61531997	16225	0.0168
d2e13e01-a80b-4db2-bb05-0ee89fc1941c	6	61532213	62130381	367	-0.4868
d2e13e01-a80b-4db2-bb05-0ee89fc1941c	6	62137529	62203089	36	0.4021
d2e13e01-a80b-4db2-bb05-0ee89fc1941c	6	62208079	66331020	2404	-0.4844
d2e13e01-a80b-4db2-bb05-0ee89fc1941c	6	66331558	66333342	7	-1.7183
d2e13e01-a80b-4db2-bb05-0ee89fc1941c	6	66333465	68428164	1523	-0.4822
d2e13e01-a80b-4db2-bb05-0ee89fc1941c	6	68428437	68432116	2	-2.4893
d2e13e01-a80b-4db2-bb05-0ee89fc1941c	6	68436135	68977806	341	-0.4701
d2e13e01-a80b-4db2-bb05-0ee89fc1941c	6	68977891	68981476	3	-2.48
d2e13e01-a80b-4db2-bb05-0ee89fc1941c	6	68987514	78253172	5916	-0.4949
d2e13e01-a80b-4db2-bb05-0ee89fc1941c	6	78259348	78325310	110	-0.1837
d2e13e01-a80b-4db2-bb05-0ee89fc1941c	6	78325457	93872692	9967	-0.4912
d2e13e01-a80b-4db2-bb05-0ee89fc1941c	6	93873712	94469546	397	-0.6027
d2e13e01-a80b-4db2-bb05-0ee89fc1941c	6	94470194	110074988	9387	-0.4976
d2e13e01-a80b-4db2-bb05-0ee89fc1941c	6	110075473	110088274	15	-1.2956
d2e13e01-a80b-4db2-bb05-0ee89fc1941c	6	110091263	140205060	19076	-0.4908
d2e13e01-a80b-4db2-bb05-0ee89fc1941c	6	140206257	140329690	49	-1.8577
d2e13e01-a80b-4db2-bb05-0ee89fc1941c	6	140337736	170741917	20795	-0.501
d2e13e01-a80b-4db2-bb05-0ee89fc1941c	7	43355	54318812	38491	0.3838
d2e13e01-a80b-4db2-bb05-0ee89fc1941c	7	54318816	54318824	5	1.9773
d2e13e01-a80b-4db2-bb05-0ee89fc1941c	7	54325795	97756658	21829	0.3829
d2e13e01-a80b-4db2-bb05-0ee89fc1941c	7	97766148	97766159	6	-0.3332
d2e13e01-a80b-4db2-bb05-0ee89fc1941c	7	97766194	97772647	4	0.3101
d2e13e01-a80b-4db2-bb05-0ee89fc1941c	7	97772665	97773163	6	-0.2778
d2e13e01-a80b-4db2-bb05-0ee89fc1941c	7	97774928	101475536	1579	0.3722
d2e13e01-a80b-4db2-bb05-0ee89fc1941c	7	101477246	101480146	3	1.5786
d2e13e01-a80b-4db2-bb05-0ee89fc1941c	7	101483000	109801187	5043	0.3774
d2e13e01-a80b-4db2-bb05-0ee89fc1941c	7	109801572	109813762	8	1.1259
d2e13e01-a80b-4db2-bb05-0ee89fc1941c	7	109813801	126404920	10034	0.383
d2e13e01-a80b-4db2-bb05-0ee89fc1941c	7	126405428	126406823	14	-1.0235
d2e13e01-a80b-4db2-bb05-0ee89fc1941c	7	126406824	134100424	4699	0.376
d2e13e01-a80b-4db2-bb05-0ee89fc1941c	7	134100442	134114444	36	0.9369
d2e13e01-a80b-4db2-bb05-0ee89fc1941c	7	134121491	134640762	401	0.3892
d2e13e01-a80b-4db2-bb05-0ee89fc1941c	7	134641192	134744659	107	0.764
d2e13e01-a80b-4db2-bb05-0ee89fc1941c	7	134744793	144199159	5921	0.3835
d2e13e01-a80b-4db2-bb05-0ee89fc1941c	7	144207186	144352208	15	0.9895
d2e13e01-a80b-4db2-bb05-0ee89fc1941c	7	144377836	151806724	4609	0.3842
d2e13e01-a80b-4db2-bb05-0ee89fc1941c	7	151809069	151813485	6	-0.9519
d2e13e01-a80b-4db2-bb05-0ee89fc1941c	7	151813637	151980588	106	0.3636
d2e13e01-a80b-4db2-bb05-0ee89fc1941c	7	151981261	151981515	2	-0.8381
d2e13e01-a80b-4db2-bb05-0ee89fc1941c	7	151982987	154598185	1686	0.3903
d2e13e01-a80b-4db2-bb05-0ee89fc1941c	7	154601461	154607903	4	-1.7049
d2e13e01-a80b-4db2-bb05-0ee89fc1941c	7	154609120	156089623	1219	0.3865
d2e13e01-a80b-4db2-bb05-0ee89fc1941c	7	156089785	156094352	7	-0.511
d2e13e01-a80b-4db2-bb05-0ee89fc1941c	7	156095374	156599096	382	0.399
d2e13e01-a80b-4db2-bb05-0ee89fc1941c	7	156600474	156601485	3	-3.7302
d2e13e01-a80b-4db2-bb05-0ee89fc1941c	7	156602214	159334314	1625	0.3942
d2e13e01-a80b-4db2-bb05-0ee89fc1941c	8	81254	645875	330	0.0235
d2e13e01-a80b-4db2-bb05-0ee89fc1941c	8	645892	645908	2	-2.8232
d2e13e01-a80b-4db2-bb05-0ee89fc1941c	8	656117	2683216	1525	0.0193
d2e13e01-a80b-4db2-bb05-0ee89fc1941c	8	2683606	2700967	19	0.6322
d2e13e01-a80b-4db2-bb05-0ee89fc1941c	8	2701532	3929538	1479	0.029
d2e13e01-a80b-4db2-bb05-0ee89fc1941c	8	3929561	3932584	23	-0.6315
d2e13e01-a80b-4db2-bb05-0ee89fc1941c	8	3933696	7312952	4352	0.0058
d2e13e01-a80b-4db2-bb05-0ee89fc1941c	8	7329110	7329124	2	4.1215
d2e13e01-a80b-4db2-bb05-0ee89fc1941c	8	7336299	8120447	61	0.219
d2e13e01-a80b-4db2-bb05-0ee89fc1941c	8	8120649	8234503	8	0.8903
d2e13e01-a80b-4db2-bb05-0ee89fc1941c	8	8235660	12323772	3228	0.0253
d2e13e01-a80b-4db2-bb05-0ee89fc1941c	8	12358500	12704946	77	0.2725
d2e13e01-a80b-4db2-bb05-0ee89fc1941c	8	12709141	25116961	10378	0.0162
d2e13e01-a80b-4db2-bb05-0ee89fc1941c	8	25117007	25126735	24	-0.3527
d2e13e01-a80b-4db2-bb05-0ee89fc1941c	8	25126818	39373140	9023	0.018
d2e13e01-a80b-4db2-bb05-0ee89fc1941c	8	39378084	39529446	57	-2.1427
d2e13e01-a80b-4db2-bb05-0ee89fc1941c	8	39530780	40914477	1074	0.0292
d2e13e01-a80b-4db2-bb05-0ee89fc1941c	8	40920333	40920952	2	-1.5972
d2e13e01-a80b-4db2-bb05-0ee89fc1941c	8	40926161	128739928	52605	0.0107
d2e13e01-a80b-4db2-bb05-0ee89fc1941c	8	128742994	128744020	3	-1.5608
d2e13e01-a80b-4db2-bb05-0ee89fc1941c	8	128750889	136881227	6277	0.0064
d2e13e01-a80b-4db2-bb05-0ee89fc1941c	8	136882257	136882271	2	-2.152
d2e13e01-a80b-4db2-bb05-0ee89fc1941c	8	136888490	140990543	3151	0.0005
d2e13e01-a80b-4db2-bb05-0ee89fc1941c	8	140990563	142384289	858	0.0958
d2e13e01-a80b-4db2-bb05-0ee89fc1941c	8	142384303	145072769	964	0.0362
d2e13e01-a80b-4db2-bb05-0ee89fc1941c	9	46587	186580	17	-0.0622
d2e13e01-a80b-4db2-bb05-0ee89fc1941c	9	192129	21927328	19446	-0.4917
d2e13e01-a80b-4db2-bb05-0ee89fc1941c	9	21928314	22171485	196	-1.2198
d2e13e01-a80b-4db2-bb05-0ee89fc1941c	9	22174713	22492890	182	-0.4411
d2e13e01-a80b-4db2-bb05-0ee89fc1941c	9	22501914	22502700	2	-4.2061
d2e13e01-a80b-4db2-bb05-0ee89fc1941c	9	22509341	23363117	581	-0.4885
d2e13e01-a80b-4db2-bb05-0ee89fc1941c	9	23363935	23373486	7	0.6359
d2e13e01-a80b-4db2-bb05-0ee89fc1941c	9	23378490	23810586	376	-0.4822
d2e13e01-a80b-4db2-bb05-0ee89fc1941c	9	23810890	23812881	2	-1.7213
d2e13e01-a80b-4db2-bb05-0ee89fc1941c	9	23813025	24503818	417	-0.4732
d2e13e01-a80b-4db2-bb05-0ee89fc1941c	9	24504127	24517684	19	-1.9879
d2e13e01-a80b-4db2-bb05-0ee89fc1941c	9	24519686	28309880	2957	-0.4835
d2e13e01-a80b-4db2-bb05-0ee89fc1941c	9	28310572	28312063	3	1.0337
d2e13e01-a80b-4db2-bb05-0ee89fc1941c	9	28316541	29277194	691	-0.4946
d2e13e01-a80b-4db2-bb05-0ee89fc1941c	9	29281636	31481955	1520	0.0201
d2e13e01-a80b-4db2-bb05-0ee89fc1941c	9	31482971	39146321	4725	-0.4862
d2e13e01-a80b-4db2-bb05-0ee89fc1941c	9	39214987	41635766	126	-0.1008
d2e13e01-a80b-4db2-bb05-0ee89fc1941c	9	41639988	42295397	44	0.4456
d2e13e01-a80b-4db2-bb05-0ee89fc1941c	9	42302534	61405110	63	-0.0363
d2e13e01-a80b-4db2-bb05-0ee89fc1941c	9	61520021	61629689	28	-1.073
d2e13e01-a80b-4db2-bb05-0ee89fc1941c	9	61633080	116090405	34364	0.0199
d2e13e01-a80b-4db2-bb05-0ee89fc1941c	9	116092945	116098328	7	0.909
d2e13e01-a80b-4db2-bb05-0ee89fc1941c	9	116098635	135319522	12625	0.0145
d2e13e01-a80b-4db2-bb05-0ee89fc1941c	9	135322259	135323776	2	-1.7262
d2e13e01-a80b-4db2-bb05-0ee89fc1941c	9	135324566	138119269	1087	0.0526
d2e13e01-a80b-4db2-bb05-0ee89fc1941c	9	138123971	138133487	8	-0.7515
d2e13e01-a80b-4db2-bb05-0ee89fc1941c	9	138137547	138200944	13	0.0084
d2e13e01-a80b-4db2-bb05-0ee89fc1941c	10	45792	6368453	5386	-0.5018
d2e13e01-a80b-4db2-bb05-0ee89fc1941c	10	6368535	6369519	11	0.255
d2e13e01-a80b-4db2-bb05-0ee89fc1941c	10	6376792	17885034	9449	-0.4946
d2e13e01-a80b-4db2-bb05-0ee89fc1941c	10	17896194	17907840	2	-2.5481
d2e13e01-a80b-4db2-bb05-0ee89fc1941c	10	17910884	29659888	8352	-0.4804
d2e13e01-a80b-4db2-bb05-0ee89fc1941c	10	29662698	38783090	5860	-0.0074
d2e13e01-a80b-4db2-bb05-0ee89fc1941c	10	41715085	45574604	2317	-0.4751
d2e13e01-a80b-4db2-bb05-0ee89fc1941c	10	45577424	45592613	13	-1.4533
d2e13e01-a80b-4db2-bb05-0ee89fc1941c	10	45593515	46289812	214	-0.4342
d2e13e01-a80b-4db2-bb05-0ee89fc1941c	10	46290653	46303867	14	0.0711
d2e13e01-a80b-4db2-bb05-0ee89fc1941c	10	46304188	46522514	54	-0.3978
d2e13e01-a80b-4db2-bb05-0ee89fc1941c	10	46522571	46526086	12	0.1786
d2e13e01-a80b-4db2-bb05-0ee89fc1941c	10	46526248	46560397	24	-0.4918
d2e13e01-a80b-4db2-bb05-0ee89fc1941c	10	46560437	46967412	22	0.1066
d2e13e01-a80b-4db2-bb05-0ee89fc1941c	10	47002596	83182468	24390	-0.483
d2e13e01-a80b-4db2-bb05-0ee89fc1941c	10	83187390	83187858	3	-2.5618
d2e13e01-a80b-4db2-bb05-0ee89fc1941c	10	83187966	133654968	34544	-0.4864
d2e13e01-a80b-4db2-bb05-0ee89fc1941c	11	198510	4949013	2421	0.0319
d2e13e01-a80b-4db2-bb05-0ee89fc1941c	11	4949047	4954475	26	-1.5683
d2e13e01-a80b-4db2-bb05-0ee89fc1941c	11	4955027	18927562	10229	0.011
d2e13e01-a80b-4db2-bb05-0ee89fc1941c	11	18927778	18939837	36	0.4486
d2e13e01-a80b-4db2-bb05-0ee89fc1941c	11	18939855	55608804	21784	0.0204
d2e13e01-a80b-4db2-bb05-0ee89fc1941c	11	55609022	55674842	40	-0.6128
d2e13e01-a80b-4db2-bb05-0ee89fc1941c	11	55676735	64886292	5151	0.0034
d2e13e01-a80b-4db2-bb05-0ee89fc1941c	11	64892365	65815595	349	0.1266
d2e13e01-a80b-4db2-bb05-0ee89fc1941c	11	65819038	67556531	672	-0.0068
d2e13e01-a80b-4db2-bb05-0ee89fc1941c	11	67557462	68009216	145	0.1524
d2e13e01-a80b-4db2-bb05-0ee89fc1941c	11	68010856	70265426	1222	0.0118
d2e13e01-a80b-4db2-bb05-0ee89fc1941c	11	70265755	70362175	48	0.3812
d2e13e01-a80b-4db2-bb05-0ee89fc1941c	11	70366943	92097323	13730	0.0194
d2e13e01-a80b-4db2-bb05-0ee89fc1941c	11	92097492	92097877	2	1.9387
d2e13e01-a80b-4db2-bb05-0ee89fc1941c	11	92099538	95700846	2648	0.0153
d2e13e01-a80b-4db2-bb05-0ee89fc1941c	11	95704574	97847029	1527	0.3724
d2e13e01-a80b-4db2-bb05-0ee89fc1941c	11	97847834	98474231	471	-0.9237
d2e13e01-a80b-4db2-bb05-0ee89fc1941c	11	98480368	110252234	8181	0.3859
d2e13e01-a80b-4db2-bb05-0ee89fc1941c	11	110254265	130656644	14653	0.0172
d2e13e01-a80b-4db2-bb05-0ee89fc1941c	11	130662885	130662909	2	-1.651
d2e13e01-a80b-4db2-bb05-0ee89fc1941c	11	130663682	135074876	3517	0.0353
d2e13e01-a80b-4db2-bb05-0ee89fc1941c	12	51460	8265383	5554	0.0253
d2e13e01-a80b-4db2-bb05-0ee89fc1941c	12	8265736	8423870	59	0.2727
d2e13e01-a80b-4db2-bb05-0ee89fc1941c	12	8428232	9481274	562	0.0116
d2e13e01-a80b-4db2-bb05-0ee89fc1941c	12	9485313	9582374	25	0.703
d2e13e01-a80b-4db2-bb05-0ee89fc1941c	12	9583090	11061546	1031	0.0067
d2e13e01-a80b-4db2-bb05-0ee89fc1941c	12	11062773	11088933	13	0.9102
d2e13e01-a80b-4db2-bb05-0ee89fc1941c	12	11099275	48513377	22990	0.0192
d2e13e01-a80b-4db2-bb05-0ee89fc1941c	12	48516156	48517434	2	-1.8671
d2e13e01-a80b-4db2-bb05-0ee89fc1941c	12	48523224	90089573	25416	0.0191
d2e13e01-a80b-4db2-bb05-0ee89fc1941c	12	90097892	90099780	8	-1.2306
d2e13e01-a80b-4db2-bb05-0ee89fc1941c	12	90099836	126640834	24251	0.0156
d2e13e01-a80b-4db2-bb05-0ee89fc1941c	12	126641198	126645946	2	1.646
d2e13e01-a80b-4db2-bb05-0ee89fc1941c	12	126646494	131636170	4377	0.0343
d2e13e01-a80b-4db2-bb05-0ee89fc1941c	12	131648039	131648790	13	-0.8281
d2e13e01-a80b-4db2-bb05-0ee89fc1941c	12	131657925	133201603	559	0.0433
d2e13e01-a80b-4db2-bb05-0ee89fc1941c	13	18452809	23055048	2858	0.0153
d2e13e01-a80b-4db2-bb05-0ee89fc1941c	13	23055071	23059376	13	-2.3305
d2e13e01-a80b-4db2-bb05-0ee89fc1941c	13	23064056	37496998	10619	0.0207
d2e13e01-a80b-4db2-bb05-0ee89fc1941c	13	37497899	37510620	16	-0.5141
d2e13e01-a80b-4db2-bb05-0ee89fc1941c	13	37514193	50344529	8678	0.0153
d2e13e01-a80b-4db2-bb05-0ee89fc1941c	13	50344909	50345520	2	1.495
d2e13e01-a80b-4db2-bb05-0ee89fc1941c	13	50347810	50970918	435	0.0566
d2e13e01-a80b-4db2-bb05-0ee89fc1941c	13	50972775	50975062	2	1.6331
d2e13e01-a80b-4db2-bb05-0ee89fc1941c	13	50975421	57176962	3411	0.0223
d2e13e01-a80b-4db2-bb05-0ee89fc1941c	13	57184136	57215580	35	-0.7155
d2e13e01-a80b-4db2-bb05-0ee89fc1941c	13	57215875	114342922	38094	0.0214
d2e13e01-a80b-4db2-bb05-0ee89fc1941c	14	18239283	19256296	43	0.0685
d2e13e01-a80b-4db2-bb05-0ee89fc1941c	14	19280948	19952080	122	-0.2226
d2e13e01-a80b-4db2-bb05-0ee89fc1941c	14	19954424	21856896	1260	0.0496
d2e13e01-a80b-4db2-bb05-0ee89fc1941c	14	21856963	21860397	10	-0.6024
d2e13e01-a80b-4db2-bb05-0ee89fc1941c	14	21860829	22093822	211	0.1159
d2e13e01-a80b-4db2-bb05-0ee89fc1941c	14	22093977	22524749	396	0.2613
d2e13e01-a80b-4db2-bb05-0ee89fc1941c	14	22526139	41003608	11573	0.0457
d2e13e01-a80b-4db2-bb05-0ee89fc1941c	14	41003781	41003795	2	-1.5929
d2e13e01-a80b-4db2-bb05-0ee89fc1941c	14	41003989	41141293	145	0.0607
d2e13e01-a80b-4db2-bb05-0ee89fc1941c	14	41141487	41184774	12	-0.7667
d2e13e01-a80b-4db2-bb05-0ee89fc1941c	14	41188046	42385962	763	0.0631
d2e13e01-a80b-4db2-bb05-0ee89fc1941c	14	42386263	42386514	3	-1.3496
d2e13e01-a80b-4db2-bb05-0ee89fc1941c	14	42387773	105521701	40358	0.0363
d2e13e01-a80b-4db2-bb05-0ee89fc1941c	14	105533894	106294689	217	0.1836
d2e13e01-a80b-4db2-bb05-0ee89fc1941c	14	106297265	106297273	3	1.6633
d2e13e01-a80b-4db2-bb05-0ee89fc1941c	14	106297409	106877229	295	0.0291
d2e13e01-a80b-4db2-bb05-0ee89fc1941c	15	19811075	20235285	63	0.1404
d2e13e01-a80b-4db2-bb05-0ee89fc1941c	15	20240885	22576496	150	0.3956
d2e13e01-a80b-4db2-bb05-0ee89fc1941c	15	22582296	30284526	4634	0.0349
d2e13e01-a80b-4db2-bb05-0ee89fc1941c	15	30291233	30483791	10	-0.5544
d2e13e01-a80b-4db2-bb05-0ee89fc1941c	15	30487388	30500366	4	-1.7295
d2e13e01-a80b-4db2-bb05-0ee89fc1941c	15	30503586	32220019	1059	0.0054
d2e13e01-a80b-4db2-bb05-0ee89fc1941c	15	32239115	32323432	8	-1.1731
d2e13e01-a80b-4db2-bb05-0ee89fc1941c	15	32339520	34378326	1496	0.0088
d2e13e01-a80b-4db2-bb05-0ee89fc1941c	15	34378801	34438901	14	0.6009
d2e13e01-a80b-4db2-bb05-0ee89fc1941c	15	34438964	36754336	1625	0.0238
d2e13e01-a80b-4db2-bb05-0ee89fc1941c	15	36761719	36762042	3	-1.7855
d2e13e01-a80b-4db2-bb05-0ee89fc1941c	15	36762756	50061080	7874	0.0118
d2e13e01-a80b-4db2-bb05-0ee89fc1941c	15	50062381	68931661	12677	0.6533
d2e13e01-a80b-4db2-bb05-0ee89fc1941c	15	68942521	101855640	21930	0.8897
d2e13e01-a80b-4db2-bb05-0ee89fc1941c	15	101856342	101928837	16	0.5481
d2e13e01-a80b-4db2-bb05-0ee89fc1941c	16	10777	6962471	4339	0.0329
d2e13e01-a80b-4db2-bb05-0ee89fc1941c	16	6963199	6963567	2	1.8864
d2e13e01-a80b-4db2-bb05-0ee89fc1941c	16	6965769	22430653	10436	0.0309
d2e13e01-a80b-4db2-bb05-0ee89fc1941c	16	22430699	22690800	69	0.473
d2e13e01-a80b-4db2-bb05-0ee89fc1941c	16	22691516	55762682	12101	0.0197
d2e13e01-a80b-4db2-bb05-0ee89fc1941c	16	55764310	55776109	11	1.3629
d2e13e01-a80b-4db2-bb05-0ee89fc1941c	16	55776295	88571375	24265	0.0176
d2e13e01-a80b-4db2-bb05-0ee89fc1941c	16	88571388	88579409	4	1.2627
d2e13e01-a80b-4db2-bb05-0ee89fc1941c	16	88579725	90096867	659	0.0762
d2e13e01-a80b-4db2-bb05-0ee89fc1941c	17	150733	761804	337	-0.433
d2e13e01-a80b-4db2-bb05-0ee89fc1941c	17	764003	764137	2	1.3825
d2e13e01-a80b-4db2-bb05-0ee89fc1941c	17	775251	14992671	9215	-0.4991
d2e13e01-a80b-4db2-bb05-0ee89fc1941c	17	14992685	16073196	622	0.0282
d2e13e01-a80b-4db2-bb05-0ee89fc1941c	17	16081727	16819487	305	-0.4833
d2e13e01-a80b-4db2-bb05-0ee89fc1941c	17	16834846	16838214	3	0.6622
d2e13e01-a80b-4db2-bb05-0ee89fc1941c	17	16838470	18414080	906	-0.491
d2e13e01-a80b-4db2-bb05-0ee89fc1941c	17	18452078	18565883	28	0.3301
d2e13e01-a80b-4db2-bb05-0ee89fc1941c	17	18571332	20690595	838	-0.4573
d2e13e01-a80b-4db2-bb05-0ee89fc1941c	17	20692349	21005517	144	-0.008
d2e13e01-a80b-4db2-bb05-0ee89fc1941c	17	21006331	21531299	235	-0.4612
d2e13e01-a80b-4db2-bb05-0ee89fc1941c	17	21535096	21564111	12	-0.8028
d2e13e01-a80b-4db2-bb05-0ee89fc1941c	17	21567685	36109315	5609	0.0188
d2e13e01-a80b-4db2-bb05-0ee89fc1941c	17	36109735	36200725	36	0.6485
d2e13e01-a80b-4db2-bb05-0ee89fc1941c	17	36208249	36510019	66	0.0603
d2e13e01-a80b-4db2-bb05-0ee89fc1941c	17	36511816	36521030	4	0.8437
d2e13e01-a80b-4db2-bb05-0ee89fc1941c	17	36521650	41265456	2455	0.0011
d2e13e01-a80b-4db2-bb05-0ee89fc1941c	17	41266762	41274279	24	1.4111
d2e13e01-a80b-4db2-bb05-0ee89fc1941c	17	41276472	46085732	2500	0.0197
d2e13e01-a80b-4db2-bb05-0ee89fc1941c	17	46088437	46284997	123	0.3706
d2e13e01-a80b-4db2-bb05-0ee89fc1941c	17	46286804	74064515	17004	0.004
d2e13e01-a80b-4db2-bb05-0ee89fc1941c	17	74064752	74641126	346	0.1691
d2e13e01-a80b-4db2-bb05-0ee89fc1941c	17	74641454	80655063	3281	0.0211
d2e13e01-a80b-4db2-bb05-0ee89fc1941c	17	80655993	80660379	2	2.2689
d2e13e01-a80b-4db2-bb05-0ee89fc1941c	17	80660500	83091923	950	0.0099
d2e13e01-a80b-4db2-bb05-0ee89fc1941c	18	48133	53677765	31719	0.0208
d2e13e01-a80b-4db2-bb05-0ee89fc1941c	18	53680839	53684270	5	-1.464
d2e13e01-a80b-4db2-bb05-0ee89fc1941c	18	53685778	66401217	8872	0.0183
d2e13e01-a80b-4db2-bb05-0ee89fc1941c	18	66405852	66413425	9	-0.8282
d2e13e01-a80b-4db2-bb05-0ee89fc1941c	18	66417333	70285714	2823	0.0167
d2e13e01-a80b-4db2-bb05-0ee89fc1941c	18	70286439	70286792	2	-1.3932
d2e13e01-a80b-4db2-bb05-0ee89fc1941c	18	70291746	78900693	6607	0.0144
d2e13e01-a80b-4db2-bb05-0ee89fc1941c	18	78902714	78904863	5	-1.1334
d2e13e01-a80b-4db2-bb05-0ee89fc1941c	18	78906449	80257174	703	0.0376
d2e13e01-a80b-4db2-bb05-0ee89fc1941c	19	90910	11802115	4634	0.0098
d2e13e01-a80b-4db2-bb05-0ee89fc1941c	19	11804370	11950569	85	0.5453
d2e13e01-a80b-4db2-bb05-0ee89fc1941c	19	11958031	14928127	1378	0.022
d2e13e01-a80b-4db2-bb05-0ee89fc1941c	19	14934380	14938487	3	-0.9494
d2e13e01-a80b-4db2-bb05-0ee89fc1941c	19	14940475	15670436	483	-0.0052
d2e13e01-a80b-4db2-bb05-0ee89fc1941c	19	15670547	15728815	59	0.245
d2e13e01-a80b-4db2-bb05-0ee89fc1941c	19	15729100	20888000	2543	0.0031
d2e13e01-a80b-4db2-bb05-0ee89fc1941c	19	20891639	20907500	9	-1.0964
d2e13e01-a80b-4db2-bb05-0ee89fc1941c	19	20908202	35358420	7515	0.0124
d2e13e01-a80b-4db2-bb05-0ee89fc1941c	19	35364451	35370946	21	-0.5085
d2e13e01-a80b-4db2-bb05-0ee89fc1941c	19	35375842	50824837	7480	0.0138
d2e13e01-a80b-4db2-bb05-0ee89fc1941c	19	50829011	50829982	6	-1.1006
d2e13e01-a80b-4db2-bb05-0ee89fc1941c	19	50835951	54801545	2591	0.028
d2e13e01-a80b-4db2-bb05-0ee89fc1941c	19	54802362	54856748	26	0.4486
d2e13e01-a80b-4db2-bb05-0ee89fc1941c	19	54856908	58586487	2281	0.0119
d2e13e01-a80b-4db2-bb05-0ee89fc1941c	20	80664	1601561	1240	0.021
d2e13e01-a80b-4db2-bb05-0ee89fc1941c	20	1609611	1613247	5	-1.0739
d2e13e01-a80b-4db2-bb05-0ee89fc1941c	20	1617300	15320728	10392	0.0152
d2e13e01-a80b-4db2-bb05-0ee89fc1941c	20	15321256	15321728	3	-3.1699
d2e13e01-a80b-4db2-bb05-0ee89fc1941c	20	15324612	39062219	12525	0.0141
d2e13e01-a80b-4db2-bb05-0ee89fc1941c	20	39067002	39067766	2	-1.9042
d2e13e01-a80b-4db2-bb05-0ee89fc1941c	20	39067877	63591105	17907	0.0076
d2e13e01-a80b-4db2-bb05-0ee89fc1941c	20	63591304	64324800	310	0.1181
d2e13e01-a80b-4db2-bb05-0ee89fc1941c	21	10354168	46677045	23863	0.0159
d2e13e01-a80b-4db2-bb05-0ee89fc1941c	22	15294547	22113053	3116	0.0564
d2e13e01-a80b-4db2-bb05-0ee89fc1941c	22	22113116	22120255	9	-0.6748
d2e13e01-a80b-4db2-bb05-0ee89fc1941c	22	22127104	22398345	334	0.0667
d2e13e01-a80b-4db2-bb05-0ee89fc1941c	22	22398407	22402989	4	-1.0458
d2e13e01-a80b-4db2-bb05-0ee89fc1941c	22	22415587	24020100	953	0.0525
d2e13e01-a80b-4db2-bb05-0ee89fc1941c	22	24022005	48872888	17631	0.0099
d2e13e01-a80b-4db2-bb05-0ee89fc1941c	22	48874111	48874730	2	-1.8184
d2e13e01-a80b-4db2-bb05-0ee89fc1941c	22	48877479	48935200	37	-0.0096
d2e13e01-a80b-4db2-bb05-0ee89fc1941c	22	48940621	50092775	885	0.0868
d2e13e01-a80b-4db2-bb05-0ee89fc1941c	22	50096480	50096497	2	-1.8594
d2e13e01-a80b-4db2-bb05-0ee89fc1941c	22	50096523	50796027	309	0.0688
d2e13e01-a80b-4db2-bb05-0ee89fc1941c	X	251810	4125937	917	-0.0364
d2e13e01-a80b-4db2-bb05-0ee89fc1941c	X	4125976	4125980	2	-1.7916
d2e13e01-a80b-4db2-bb05-0ee89fc1941c	X	4128902	50895685	29264	-0.0262
d2e13e01-a80b-4db2-bb05-0ee89fc1941c	X	50895783	50896531	2	-2.056
d2e13e01-a80b-4db2-bb05-0ee89fc1941c	X	50897971	135541248	41077	-0.0119
d2e13e01-a80b-4db2-bb05-0ee89fc1941c	X	135541828	135735221	109	0.9089
d2e13e01-a80b-4db2-bb05-0ee89fc1941c	X	135735249	136331715	287	-0.0121
d2e13e01-a80b-4db2-bb05-0ee89fc1941c	X	136342682	136449668	71	0.9004
d2e13e01-a80b-4db2-bb05-0ee89fc1941c	X	136450694	148506179	7906	-0.0172
d2e13e01-a80b-4db2-bb05-0ee89fc1941c	X	148507238	150939650	1463	0.8978
d2e13e01-a80b-4db2-bb05-0ee89fc1941c	X	150940067	154347869	1951	-0.0172
d2e13e01-a80b-4db2-bb05-0ee89fc1941c	X	154348290	154396235	48	0.2839
d2e13e01-a80b-4db2-bb05-0ee89fc1941c	X	154398397	154834063	165	-0.057
d2e13e01-a80b-4db2-bb05-0ee89fc1941c	X	154838329	154874526	13	0.5106
d2e13e01-a80b-4db2-bb05-0ee89fc1941c	X	154880917	155235513	156	-0.0116
d2e13e01-a80b-4db2-bb05-0ee89fc1941c	X	155237303	155237561	2	1.6179
d2e13e01-a80b-4db2-bb05-0ee89fc1941c	X	155238267	155952689	197	-0.0112
d2e13e01-a80b-4db2-bb05-0ee89fc1941c	Y	2782397	6249869	785	-2.6354
d2e13e01-a80b-4db2-bb05-0ee89fc1941c	Y	6252391	9317966	1435	-3.0934
d2e13e01-a80b-4db2-bb05-0ee89fc1941c	Y	9318536	9554275	33	-4.409
d2e13e01-a80b-4db2-bb05-0ee89fc1941c	Y	9554586	23586854	4195	-3.0299
d2e13e01-a80b-4db2-bb05-0ee89fc1941c	Y	23784615	56872112	192	-2.571
