GDC_Aliquot	Chromosome	Start	End	Num_Probes	Segment_Mean
1b565a36-37b3-46b6-9736-4ebbc965f9a0	1	62920	72776	4	0.2122
1b565a36-37b3-46b6-9736-4ebbc965f9a0	1	82170	86341	7	-0.9587
1b565a36-37b3-46b6-9736-4ebbc965f9a0	1	98588	10610834	5346	-0.0025
1b565a36-37b3-46b6-9736-4ebbc965f9a0	1	10611363	10619664	3	-1.8746
1b565a36-37b3-46b6-9736-4ebbc965f9a0	1	10621749	15822848	2977	-0.0018
1b565a36-37b3-46b6-9736-4ebbc965f9a0	1	15823420	15827041	3	-1.0676
1b565a36-37b3-46b6-9736-4ebbc965f9a0	1	15827259	16864367	364	-0.0323
1b565a36-37b3-46b6-9736-4ebbc965f9a0	1	16868660	16955930	56	-0.5121
1b565a36-37b3-46b6-9736-4ebbc965f9a0	1	16956580	25256850	5261	0.0027
1b565a36-37b3-46b6-9736-4ebbc965f9a0	1	25266637	25320455	24	-2.1294
1b565a36-37b3-46b6-9736-4ebbc965f9a0	1	25336819	34626073	4951	0.0012
1b565a36-37b3-46b6-9736-4ebbc965f9a0	1	34637053	34638890	20	-3.272
1b565a36-37b3-46b6-9736-4ebbc965f9a0	1	34648667	72303233	23772	0.0023
1b565a36-37b3-46b6-9736-4ebbc965f9a0	1	72303253	72345450	44	-1.7895
1b565a36-37b3-46b6-9736-4ebbc965f9a0	1	72345465	81422771	5774	-0.0005
1b565a36-37b3-46b6-9736-4ebbc965f9a0	1	81422917	81422920	2	-1.551
1b565a36-37b3-46b6-9736-4ebbc965f9a0	1	81422982	89009572	5158	0.0041
1b565a36-37b3-46b6-9736-4ebbc965f9a0	1	89012275	89012522	2	-3.0961
1b565a36-37b3-46b6-9736-4ebbc965f9a0	1	89015841	103697067	9091	0.0006
1b565a36-37b3-46b6-9736-4ebbc965f9a0	1	103697364	103760781	4	1.0164
1b565a36-37b3-46b6-9736-4ebbc965f9a0	1	103760879	105476583	917	-0.0002
1b565a36-37b3-46b6-9736-4ebbc965f9a0	1	105476614	105479738	15	-0.4627
1b565a36-37b3-46b6-9736-4ebbc965f9a0	1	105479753	109684893	2634	0.012
1b565a36-37b3-46b6-9736-4ebbc965f9a0	1	109690352	109697556	13	1.9135
1b565a36-37b3-46b6-9736-4ebbc965f9a0	1	109702376	112147704	1950	0.0005
1b565a36-37b3-46b6-9736-4ebbc965f9a0	1	112153343	112154591	22	0.4786
1b565a36-37b3-46b6-9736-4ebbc965f9a0	1	112154619	152583051	7607	0.0025
1b565a36-37b3-46b6-9736-4ebbc965f9a0	1	152583230	152614100	34	-2.2894
1b565a36-37b3-46b6-9736-4ebbc965f9a0	1	152614118	152787202	168	-0.0189
1b565a36-37b3-46b6-9736-4ebbc965f9a0	1	152789447	152796224	37	-1.9917
1b565a36-37b3-46b6-9736-4ebbc965f9a0	1	152801429	161647657	5266	0.0034
1b565a36-37b3-46b6-9736-4ebbc965f9a0	1	161648901	161649268	7	0.8274
1b565a36-37b3-46b6-9736-4ebbc965f9a0	1	161678447	169247699	6013	0.0035
1b565a36-37b3-46b6-9736-4ebbc965f9a0	1	169264736	169269320	4	1.0342
1b565a36-37b3-46b6-9736-4ebbc965f9a0	1	169269493	179466458	6688	0.0004
1b565a36-37b3-46b6-9736-4ebbc965f9a0	1	179469946	179478146	4	-0.8194
1b565a36-37b3-46b6-9736-4ebbc965f9a0	1	179478408	180779181	804	-0.0003
1b565a36-37b3-46b6-9736-4ebbc965f9a0	1	180781437	180784347	4	-1.2114
1b565a36-37b3-46b6-9736-4ebbc965f9a0	1	180786525	189679027	5944	-0.0084
1b565a36-37b3-46b6-9736-4ebbc965f9a0	1	189679353	189679397	2	-1.6676
1b565a36-37b3-46b6-9736-4ebbc965f9a0	1	189682917	193186662	2338	-0.0104
1b565a36-37b3-46b6-9736-4ebbc965f9a0	1	193187149	193187202	3	-1.0598
1b565a36-37b3-46b6-9736-4ebbc965f9a0	1	193187218	196745743	2397	-0.0126
1b565a36-37b3-46b6-9736-4ebbc965f9a0	1	196758720	196846661	61	0.649
1b565a36-37b3-46b6-9736-4ebbc965f9a0	1	196847600	231794210	23365	-0.003
1b565a36-37b3-46b6-9736-4ebbc965f9a0	1	231800457	231801734	2	-1.3889
1b565a36-37b3-46b6-9736-4ebbc965f9a0	1	231802753	248574146	12282	-0.0048
1b565a36-37b3-46b6-9736-4ebbc965f9a0	1	248585893	248631988	30	0.3107
1b565a36-37b3-46b6-9736-4ebbc965f9a0	1	248633821	248930189	143	-0.0905
1b565a36-37b3-46b6-9736-4ebbc965f9a0	2	12784	4158097	2987	0.0123
1b565a36-37b3-46b6-9736-4ebbc965f9a0	2	4166274	4176429	42	-0.6372
1b565a36-37b3-46b6-9736-4ebbc965f9a0	2	4182472	7373393	2781	0.0076
1b565a36-37b3-46b6-9736-4ebbc965f9a0	2	7376522	7553070	143	-0.1635
1b565a36-37b3-46b6-9736-4ebbc965f9a0	2	7553140	34476327	18136	-0.0026
1b565a36-37b3-46b6-9736-4ebbc965f9a0	2	34476516	34511990	44	0.4642
1b565a36-37b3-46b6-9736-4ebbc965f9a0	2	34512489	49295759	10728	-0.0033
1b565a36-37b3-46b6-9736-4ebbc965f9a0	2	49305903	49314051	6	-0.9914
1b565a36-37b3-46b6-9736-4ebbc965f9a0	2	49317902	52527330	2273	-0.0024
1b565a36-37b3-46b6-9736-4ebbc965f9a0	2	52527342	52554404	39	0.5219
1b565a36-37b3-46b6-9736-4ebbc965f9a0	2	52560811	86710564	21919	0.0004
1b565a36-37b3-46b6-9736-4ebbc965f9a0	2	86725947	86726731	2	-1.9992
1b565a36-37b3-46b6-9736-4ebbc965f9a0	2	86743283	117465774	13651	-0.0014
1b565a36-37b3-46b6-9736-4ebbc965f9a0	2	117466188	117468375	5	-1.1861
1b565a36-37b3-46b6-9736-4ebbc965f9a0	2	117470941	125518139	5209	0.0007
1b565a36-37b3-46b6-9736-4ebbc965f9a0	2	125520549	125522119	2	-1.659
1b565a36-37b3-46b6-9736-4ebbc965f9a0	2	125522815	146106875	12476	-0.0032
1b565a36-37b3-46b6-9736-4ebbc965f9a0	2	146106889	146109366	21	-2.1081
1b565a36-37b3-46b6-9736-4ebbc965f9a0	2	146120238	150174288	2264	-0.0113
1b565a36-37b3-46b6-9736-4ebbc965f9a0	2	150174937	150181218	5	-1.3844
1b565a36-37b3-46b6-9736-4ebbc965f9a0	2	150182694	159099246	5514	-0.0038
1b565a36-37b3-46b6-9736-4ebbc965f9a0	2	159100008	159104461	7	-0.5793
1b565a36-37b3-46b6-9736-4ebbc965f9a0	2	159106775	163780342	2799	-0.002
1b565a36-37b3-46b6-9736-4ebbc965f9a0	2	163786978	163788025	4	-1.009
1b565a36-37b3-46b6-9736-4ebbc965f9a0	2	163788616	183220725	12249	-0.0006
1b565a36-37b3-46b6-9736-4ebbc965f9a0	2	183221060	183224996	9	-1.2241
1b565a36-37b3-46b6-9736-4ebbc965f9a0	2	183229270	188254196	2866	-0.0252
1b565a36-37b3-46b6-9736-4ebbc965f9a0	2	188255201	188262203	4	-2.2774
1b565a36-37b3-46b6-9736-4ebbc965f9a0	2	188264331	242147305	33347	-0.0013
1b565a36-37b3-46b6-9736-4ebbc965f9a0	3	20930	16199049	12900	-0.0007
1b565a36-37b3-46b6-9736-4ebbc965f9a0	3	16199122	16199672	5	-3.3521
1b565a36-37b3-46b6-9736-4ebbc965f9a0	3	16199818	26384700	6987	0.0014
1b565a36-37b3-46b6-9736-4ebbc965f9a0	3	26392633	26397852	5	-2.9539
1b565a36-37b3-46b6-9736-4ebbc965f9a0	3	26404482	47358421	13579	-0.0022
1b565a36-37b3-46b6-9736-4ebbc965f9a0	3	47358841	47363961	3	-1.3374
1b565a36-37b3-46b6-9736-4ebbc965f9a0	3	47367722	47437019	26	0.0192
1b565a36-37b3-46b6-9736-4ebbc965f9a0	3	47450332	47451230	2	-2.7876
1b565a36-37b3-46b6-9736-4ebbc965f9a0	3	47455724	68697013	14298	0.0056
1b565a36-37b3-46b6-9736-4ebbc965f9a0	3	68697108	68698262	14	0.492
1b565a36-37b3-46b6-9736-4ebbc965f9a0	3	68699607	75372019	4869	-0.0063
1b565a36-37b3-46b6-9736-4ebbc965f9a0	3	75377956	75590356	72	-0.8606
1b565a36-37b3-46b6-9736-4ebbc965f9a0	3	75596233	149245189	41657	-0.0035
1b565a36-37b3-46b6-9736-4ebbc965f9a0	3	149245608	149250334	25	-1.0084
1b565a36-37b3-46b6-9736-4ebbc965f9a0	3	149253293	154706102	3432	-0.01
1b565a36-37b3-46b6-9736-4ebbc965f9a0	3	154706231	154706602	2	-1.2779
1b565a36-37b3-46b6-9736-4ebbc965f9a0	3	154709817	158632329	2294	0.0044
1b565a36-37b3-46b6-9736-4ebbc965f9a0	3	158633095	158633756	2	-2.1179
1b565a36-37b3-46b6-9736-4ebbc965f9a0	3	158641083	162405578	2332	-0.0025
1b565a36-37b3-46b6-9736-4ebbc965f9a0	3	162419812	162424917	14	-0.9039
1b565a36-37b3-46b6-9736-4ebbc965f9a0	3	162426460	162790404	257	0.0054
1b565a36-37b3-46b6-9736-4ebbc965f9a0	3	162790480	162908207	71	-0.5334
1b565a36-37b3-46b6-9736-4ebbc965f9a0	3	162908784	175362822	7656	-0.0076
1b565a36-37b3-46b6-9736-4ebbc965f9a0	3	175362958	175363536	5	-2.9491
1b565a36-37b3-46b6-9736-4ebbc965f9a0	3	175368999	193160173	11511	-0.0042
1b565a36-37b3-46b6-9736-4ebbc965f9a0	3	193160256	193161217	5	1.2422
1b565a36-37b3-46b6-9736-4ebbc965f9a0	3	193162684	198169247	2707	0.0017
1b565a36-37b3-46b6-9736-4ebbc965f9a0	4	68929	5309029	2527	0.0057
1b565a36-37b3-46b6-9736-4ebbc965f9a0	4	5313707	5319207	4	-1.0095
1b565a36-37b3-46b6-9736-4ebbc965f9a0	4	5321568	10221792	3175	0.0022
1b565a36-37b3-46b6-9736-4ebbc965f9a0	4	10222004	10232642	29	-2.0286
1b565a36-37b3-46b6-9736-4ebbc965f9a0	4	10232984	34777432	16981	-0.0014
1b565a36-37b3-46b6-9736-4ebbc965f9a0	4	34784878	34828306	41	-0.5818
1b565a36-37b3-46b6-9736-4ebbc965f9a0	4	34828327	43143380	5524	0.0012
1b565a36-37b3-46b6-9736-4ebbc965f9a0	4	43143414	43145497	6	-0.7588
1b565a36-37b3-46b6-9736-4ebbc965f9a0	4	43146144	60461461	9123	0.0049
1b565a36-37b3-46b6-9736-4ebbc965f9a0	4	60461594	60465899	3	1.0265
1b565a36-37b3-46b6-9736-4ebbc965f9a0	4	60469846	62802116	1336	0.0156
1b565a36-37b3-46b6-9736-4ebbc965f9a0	4	62804218	62805944	8	-0.6618
1b565a36-37b3-46b6-9736-4ebbc965f9a0	4	62813912	68354665	3433	0.0046
1b565a36-37b3-46b6-9736-4ebbc965f9a0	4	68361130	68391041	4	-0.726
1b565a36-37b3-46b6-9736-4ebbc965f9a0	4	68394355	68509237	22	-0.0164
1b565a36-37b3-46b6-9736-4ebbc965f9a0	4	68509442	68620261	63	0.4576
1b565a36-37b3-46b6-9736-4ebbc965f9a0	4	68623617	114252544	27700	0.0012
1b565a36-37b3-46b6-9736-4ebbc965f9a0	4	114254167	114263096	25	-1.4559
1b565a36-37b3-46b6-9736-4ebbc965f9a0	4	114263110	137017547	13120	-0.004
1b565a36-37b3-46b6-9736-4ebbc965f9a0	4	137017561	137028350	27	-0.298
1b565a36-37b3-46b6-9736-4ebbc965f9a0	4	137028649	171448195	21506	0.0015
1b565a36-37b3-46b6-9736-4ebbc965f9a0	4	171453733	171456559	10	-1.2244
1b565a36-37b3-46b6-9736-4ebbc965f9a0	4	171456573	177961549	3963	-0.0022
1b565a36-37b3-46b6-9736-4ebbc965f9a0	4	177961766	177961815	2	-1.3386
1b565a36-37b3-46b6-9736-4ebbc965f9a0	4	177961868	190106768	8530	0.0107
1b565a36-37b3-46b6-9736-4ebbc965f9a0	5	15532	685633	306	0.03
1b565a36-37b3-46b6-9736-4ebbc965f9a0	5	698256	779766	28	0.8976
1b565a36-37b3-46b6-9736-4ebbc965f9a0	5	800724	14352486	10962	0.0061
1b565a36-37b3-46b6-9736-4ebbc965f9a0	5	14352780	14354718	2	-1.2258
1b565a36-37b3-46b6-9736-4ebbc965f9a0	5	14355853	21376735	4376	0.0029
1b565a36-37b3-46b6-9736-4ebbc965f9a0	5	21377730	21377744	2	2.5434
1b565a36-37b3-46b6-9736-4ebbc965f9a0	5	21385957	21449167	44	0.039
1b565a36-37b3-46b6-9736-4ebbc965f9a0	5	21451091	21452329	5	1.0712
1b565a36-37b3-46b6-9736-4ebbc965f9a0	5	21452387	26789387	3135	-0.0035
1b565a36-37b3-46b6-9736-4ebbc965f9a0	5	26797651	26797735	2	-1.784
1b565a36-37b3-46b6-9736-4ebbc965f9a0	5	26803775	27524345	394	-0.0061
1b565a36-37b3-46b6-9736-4ebbc965f9a0	5	27525283	27525913	10	-0.8711
1b565a36-37b3-46b6-9736-4ebbc965f9a0	5	27527372	35232125	5021	0.0022
1b565a36-37b3-46b6-9736-4ebbc965f9a0	5	35234084	35238263	6	-1.0892
1b565a36-37b3-46b6-9736-4ebbc965f9a0	5	35238407	46191782	6369	-0.0014
1b565a36-37b3-46b6-9736-4ebbc965f9a0	5	46195781	46199333	4	-1.107
1b565a36-37b3-46b6-9736-4ebbc965f9a0	5	46209197	46271006	15	-0.0492
1b565a36-37b3-46b6-9736-4ebbc965f9a0	5	46271828	46273400	6	0.8756
1b565a36-37b3-46b6-9736-4ebbc965f9a0	5	46278110	58030200	5075	-0.0099
1b565a36-37b3-46b6-9736-4ebbc965f9a0	5	58030336	58037706	31	-0.6292
1b565a36-37b3-46b6-9736-4ebbc965f9a0	5	58042530	59007731	739	-0.0042
1b565a36-37b3-46b6-9736-4ebbc965f9a0	5	59007799	59008743	4	-1.053
1b565a36-37b3-46b6-9736-4ebbc965f9a0	5	59008878	69550476	6554	-0.0036
1b565a36-37b3-46b6-9736-4ebbc965f9a0	5	69571467	69822308	5	1.4335
1b565a36-37b3-46b6-9736-4ebbc965f9a0	5	69937600	104515520	19535	-0.003
1b565a36-37b3-46b6-9736-4ebbc965f9a0	5	104524672	104524903	4	1.3529
1b565a36-37b3-46b6-9736-4ebbc965f9a0	5	104525348	116675042	8383	-0.0046
1b565a36-37b3-46b6-9736-4ebbc965f9a0	5	116675182	116675902	2	-1.3368
1b565a36-37b3-46b6-9736-4ebbc965f9a0	5	116678068	159517449	27437	-0.001
1b565a36-37b3-46b6-9736-4ebbc965f9a0	5	159519128	159519487	2	-1.505
1b565a36-37b3-46b6-9736-4ebbc965f9a0	5	159519748	174696132	10792	-0.0046
1b565a36-37b3-46b6-9736-4ebbc965f9a0	5	174697811	174804083	64	-0.2059
1b565a36-37b3-46b6-9736-4ebbc965f9a0	5	174804343	176033084	855	0.0058
1b565a36-37b3-46b6-9736-4ebbc965f9a0	5	176038686	176042504	2	-3.4904
1b565a36-37b3-46b6-9736-4ebbc965f9a0	5	176043321	177771448	723	-0.0003
1b565a36-37b3-46b6-9736-4ebbc965f9a0	5	177800550	177805604	3	2.6483
1b565a36-37b3-46b6-9736-4ebbc965f9a0	5	177827964	180971271	1802	0.01
1b565a36-37b3-46b6-9736-4ebbc965f9a0	5	180972373	180991103	13	-0.5053
1b565a36-37b3-46b6-9736-4ebbc965f9a0	5	181006225	181363319	170	0.0055
1b565a36-37b3-46b6-9736-4ebbc965f9a0	6	149661	251566	93	0.0233
1b565a36-37b3-46b6-9736-4ebbc965f9a0	6	251648	254283	8	0.1419
1b565a36-37b3-46b6-9736-4ebbc965f9a0	6	257353	315197	28	0.5093
1b565a36-37b3-46b6-9736-4ebbc965f9a0	6	318804	428983	114	0.1609
1b565a36-37b3-46b6-9736-4ebbc965f9a0	6	429457	29869295	21420	-0.0025
1b565a36-37b3-46b6-9736-4ebbc965f9a0	6	29869410	29881490	16	-0.8921
1b565a36-37b3-46b6-9736-4ebbc965f9a0	6	29882419	31313046	664	-0.0029
1b565a36-37b3-46b6-9736-4ebbc965f9a0	6	31318499	31319445	5	0.9238
1b565a36-37b3-46b6-9736-4ebbc965f9a0	6	31319724	31370073	29	-0.0184
1b565a36-37b3-46b6-9736-4ebbc965f9a0	6	31370095	31373030	7	-1.0961
1b565a36-37b3-46b6-9736-4ebbc965f9a0	6	31375827	32463515	467	-0.0288
1b565a36-37b3-46b6-9736-4ebbc965f9a0	6	32463775	32572834	30	-0.6353
1b565a36-37b3-46b6-9736-4ebbc965f9a0	6	32576532	35597034	1690	-0.0069
1b565a36-37b3-46b6-9736-4ebbc965f9a0	6	35600797	35601504	3	-0.9656
1b565a36-37b3-46b6-9736-4ebbc965f9a0	6	35605468	52771808	11083	0.0032
1b565a36-37b3-46b6-9736-4ebbc965f9a0	6	52771810	52771811	2	-1.0921
1b565a36-37b3-46b6-9736-4ebbc965f9a0	6	52772065	54066286	959	-0.0052
1b565a36-37b3-46b6-9736-4ebbc965f9a0	6	54066353	54067057	7	-1.7331
1b565a36-37b3-46b6-9736-4ebbc965f9a0	6	54070550	73882142	10390	0
1b565a36-37b3-46b6-9736-4ebbc965f9a0	6	73882509	73891694	10	0.889
1b565a36-37b3-46b6-9736-4ebbc965f9a0	6	73893839	76305231	1471	0.0131
1b565a36-37b3-46b6-9736-4ebbc965f9a0	6	76307183	76307209	3	1.0269
1b565a36-37b3-46b6-9736-4ebbc965f9a0	6	76307276	76718872	290	-0.0018
1b565a36-37b3-46b6-9736-4ebbc965f9a0	6	76719482	76742675	22	-0.6127
1b565a36-37b3-46b6-9736-4ebbc965f9a0	6	76742729	78253172	981	-0.001
1b565a36-37b3-46b6-9736-4ebbc965f9a0	6	78259348	78325468	112	-0.6485
1b565a36-37b3-46b6-9736-4ebbc965f9a0	6	78329517	124110629	28215	0.0007
1b565a36-37b3-46b6-9736-4ebbc965f9a0	6	124114796	124140544	19	0.6144
1b565a36-37b3-46b6-9736-4ebbc965f9a0	6	124149220	153319755	19337	-0.0018
1b565a36-37b3-46b6-9736-4ebbc965f9a0	6	153326573	153335740	9	-0.9656
1b565a36-37b3-46b6-9736-4ebbc965f9a0	6	153341290	162469182	6386	0.0009
1b565a36-37b3-46b6-9736-4ebbc965f9a0	6	162474673	162501286	31	0.6631
1b565a36-37b3-46b6-9736-4ebbc965f9a0	6	162510414	170741917	5703	0.0161
1b565a36-37b3-46b6-9736-4ebbc965f9a0	7	43355	3608667	1682	0.0008
1b565a36-37b3-46b6-9736-4ebbc965f9a0	7	3615168	3615229	2	-1.2492
1b565a36-37b3-46b6-9736-4ebbc965f9a0	7	3618314	8326156	2988	0.0046
1b565a36-37b3-46b6-9736-4ebbc965f9a0	7	8326882	8336318	8	-0.7936
1b565a36-37b3-46b6-9736-4ebbc965f9a0	7	8337077	8786255	385	0.0223
1b565a36-37b3-46b6-9736-4ebbc965f9a0	7	8787540	8826367	50	-1.0702
1b565a36-37b3-46b6-9736-4ebbc965f9a0	7	8833366	15392007	5267	-0.005
1b565a36-37b3-46b6-9736-4ebbc965f9a0	7	15392045	15393664	2	-1.8216
1b565a36-37b3-46b6-9736-4ebbc965f9a0	7	15394440	26102772	8443	-0.0008
1b565a36-37b3-46b6-9736-4ebbc965f9a0	7	26103638	26105793	3	-1.0513
1b565a36-37b3-46b6-9736-4ebbc965f9a0	7	26107599	38251092	8538	-0.0017
1b565a36-37b3-46b6-9736-4ebbc965f9a0	7	38251113	38356875	126	-0.1749
1b565a36-37b3-46b6-9736-4ebbc965f9a0	7	38361356	54318816	10990	0.0019
1b565a36-37b3-46b6-9736-4ebbc965f9a0	7	54318817	54318824	4	-0.8702
1b565a36-37b3-46b6-9736-4ebbc965f9a0	7	54325795	70955452	6129	-0.0042
1b565a36-37b3-46b6-9736-4ebbc965f9a0	7	70958264	70961155	2	-2.9856
1b565a36-37b3-46b6-9736-4ebbc965f9a0	7	70963257	109789993	22308	0.0015
1b565a36-37b3-46b6-9736-4ebbc965f9a0	7	109793690	109797717	20	-0.3517
1b565a36-37b3-46b6-9736-4ebbc965f9a0	7	109800860	109800866	7	0.1449
1b565a36-37b3-46b6-9736-4ebbc965f9a0	7	109801155	109813801	11	-0.5432
1b565a36-37b3-46b6-9736-4ebbc965f9a0	7	109813853	134100424	14744	-0.0001
1b565a36-37b3-46b6-9736-4ebbc965f9a0	7	134100442	134102334	15	0.8429
1b565a36-37b3-46b6-9736-4ebbc965f9a0	7	134104128	134104753	4	0.1055
1b565a36-37b3-46b6-9736-4ebbc965f9a0	7	134105212	134110881	6	0.8769
1b565a36-37b3-46b6-9736-4ebbc965f9a0	7	134110912	159334314	16102	0.0017
1b565a36-37b3-46b6-9736-4ebbc965f9a0	8	81254	643041	322	0.0774
1b565a36-37b3-46b6-9736-4ebbc965f9a0	8	644944	645790	7	-0.8013
1b565a36-37b3-46b6-9736-4ebbc965f9a0	8	645875	645908	3	-2.7351
1b565a36-37b3-46b6-9736-4ebbc965f9a0	8	656117	18407644	16058	0.0158
1b565a36-37b3-46b6-9736-4ebbc965f9a0	8	18408647	18413675	4	-1.9256
1b565a36-37b3-46b6-9736-4ebbc965f9a0	8	18413877	25114672	5080	0.0069
1b565a36-37b3-46b6-9736-4ebbc965f9a0	8	25116928	25119126	9	-0.6585
1b565a36-37b3-46b6-9736-4ebbc965f9a0	8	25119160	25122414	8	-0.2975
1b565a36-37b3-46b6-9736-4ebbc965f9a0	8	25122440	53268565	15778	0.0003
1b565a36-37b3-46b6-9736-4ebbc965f9a0	8	53272202	53280237	5	-0.7581
1b565a36-37b3-46b6-9736-4ebbc965f9a0	8	53280535	63329773	6613	-0.0065
1b565a36-37b3-46b6-9736-4ebbc965f9a0	8	63329826	63330190	2	-1.2601
1b565a36-37b3-46b6-9736-4ebbc965f9a0	8	63332354	71303129	4593	-0.0029
1b565a36-37b3-46b6-9736-4ebbc965f9a0	8	71303791	71304364	6	-1.1545
1b565a36-37b3-46b6-9736-4ebbc965f9a0	8	71307628	82357048	6811	-0.0039
1b565a36-37b3-46b6-9736-4ebbc965f9a0	8	82359141	82382783	12	-1.066
1b565a36-37b3-46b6-9736-4ebbc965f9a0	8	82385345	145072769	40202	-0.0058
1b565a36-37b3-46b6-9736-4ebbc965f9a0	9	46587	6695986	6372	0.0122
1b565a36-37b3-46b6-9736-4ebbc965f9a0	9	6701145	6708357	7	-0.8271
1b565a36-37b3-46b6-9736-4ebbc965f9a0	9	6712314	22492890	13460	0.0007
1b565a36-37b3-46b6-9736-4ebbc965f9a0	9	22501914	22502700	2	1.2068
1b565a36-37b3-46b6-9736-4ebbc965f9a0	9	22509341	23361807	580	-0.0023
1b565a36-37b3-46b6-9736-4ebbc965f9a0	9	23363117	23373486	8	0.9086
1b565a36-37b3-46b6-9736-4ebbc965f9a0	9	23378490	41024999	10788	0.0048
1b565a36-37b3-46b6-9736-4ebbc965f9a0	9	41025002	42727685	116	-0.3152
1b565a36-37b3-46b6-9736-4ebbc965f9a0	9	42729302	61405110	41	0.0599
1b565a36-37b3-46b6-9736-4ebbc965f9a0	9	61520021	61647899	30	-1.5055
1b565a36-37b3-46b6-9736-4ebbc965f9a0	9	61665362	64480563	92	-0.063
1b565a36-37b3-46b6-9736-4ebbc965f9a0	9	64480573	64503154	9	0.7459
1b565a36-37b3-46b6-9736-4ebbc965f9a0	9	64507211	64853789	19	-0.0106
1b565a36-37b3-46b6-9736-4ebbc965f9a0	9	64866665	64965577	8	-0.6358
1b565a36-37b3-46b6-9736-4ebbc965f9a0	9	64965589	138130866	47947	0.0041
1b565a36-37b3-46b6-9736-4ebbc965f9a0	9	138130876	138138696	6	-0.7772
1b565a36-37b3-46b6-9736-4ebbc965f9a0	9	138151368	138200944	10	0.3158
1b565a36-37b3-46b6-9736-4ebbc965f9a0	10	45792	20551945	17001	-0.0016
1b565a36-37b3-46b6-9736-4ebbc965f9a0	10	20561183	20564574	5	-1.0296
1b565a36-37b3-46b6-9736-4ebbc965f9a0	10	20564605	24086334	2197	0.0058
1b565a36-37b3-46b6-9736-4ebbc965f9a0	10	24088745	24089125	11	-2.3688
1b565a36-37b3-46b6-9736-4ebbc965f9a0	10	24089979	65548178	25220	-0.0016
1b565a36-37b3-46b6-9736-4ebbc965f9a0	10	65548193	65554688	26	-0.5597
1b565a36-37b3-46b6-9736-4ebbc965f9a0	10	65563037	90700170	16923	0.0008
1b565a36-37b3-46b6-9736-4ebbc965f9a0	10	90702958	90703534	4	-1.0749
1b565a36-37b3-46b6-9736-4ebbc965f9a0	10	90711823	122574497	21391	0.0063
1b565a36-37b3-46b6-9736-4ebbc965f9a0	10	122584593	122587398	4	-1.1902
1b565a36-37b3-46b6-9736-4ebbc965f9a0	10	122587462	133654968	7906	0.0064
1b565a36-37b3-46b6-9736-4ebbc965f9a0	11	198510	2508932	803	-0.0254
1b565a36-37b3-46b6-9736-4ebbc965f9a0	11	2509049	2512061	2	-1.1277
1b565a36-37b3-46b6-9736-4ebbc965f9a0	11	2512204	4274526	947	0.0097
1b565a36-37b3-46b6-9736-4ebbc965f9a0	11	4280126	4306942	10	-0.6685
1b565a36-37b3-46b6-9736-4ebbc965f9a0	11	4314648	4949013	659	0.0219
1b565a36-37b3-46b6-9736-4ebbc965f9a0	11	4949047	4955042	28	0.7922
1b565a36-37b3-46b6-9736-4ebbc965f9a0	11	4955781	8936423	3108	-0.0005
1b565a36-37b3-46b6-9736-4ebbc965f9a0	11	8936466	8944841	9	-0.6517
1b565a36-37b3-46b6-9736-4ebbc965f9a0	11	8944913	17383105	6058	0.0019
1b565a36-37b3-46b6-9736-4ebbc965f9a0	11	17383786	17383800	2	-1.0293
1b565a36-37b3-46b6-9736-4ebbc965f9a0	11	17384070	18927562	1048	0.0152
1b565a36-37b3-46b6-9736-4ebbc965f9a0	11	18927778	18938568	31	0.4547
1b565a36-37b3-46b6-9736-4ebbc965f9a0	11	18939550	48576870	20589	0.001
1b565a36-37b3-46b6-9736-4ebbc965f9a0	11	48579882	48581124	2	-2.143
1b565a36-37b3-46b6-9736-4ebbc965f9a0	11	48584766	55595864	1178	-0.0148
1b565a36-37b3-46b6-9736-4ebbc965f9a0	11	55606556	55685058	57	-0.5743
1b565a36-37b3-46b6-9736-4ebbc965f9a0	11	55685501	64898471	5146	0.0084
1b565a36-37b3-46b6-9736-4ebbc965f9a0	11	64898476	65594509	249	-0.1007
1b565a36-37b3-46b6-9736-4ebbc965f9a0	11	65595007	107359993	26976	0.0041
1b565a36-37b3-46b6-9736-4ebbc965f9a0	11	107367930	107381636	8	-0.6197
1b565a36-37b3-46b6-9736-4ebbc965f9a0	11	107386439	107910653	384	0.0019
1b565a36-37b3-46b6-9736-4ebbc965f9a0	11	107913781	107916987	3	-0.9229
1b565a36-37b3-46b6-9736-4ebbc965f9a0	11	107919044	119699122	7917	0.0005
1b565a36-37b3-46b6-9736-4ebbc965f9a0	11	119702155	119702679	2	-1.2577
1b565a36-37b3-46b6-9736-4ebbc965f9a0	11	119705014	134732386	11333	0.0051
1b565a36-37b3-46b6-9736-4ebbc965f9a0	11	134733052	134734098	2	-1.9313
1b565a36-37b3-46b6-9736-4ebbc965f9a0	11	134737977	135074876	281	-0.0148
1b565a36-37b3-46b6-9736-4ebbc965f9a0	12	51460	9477960	6173	0.0036
1b565a36-37b3-46b6-9736-4ebbc965f9a0	12	9481274	9575696	24	-1.5078
1b565a36-37b3-46b6-9736-4ebbc965f9a0	12	9582373	11359558	1180	0.0076
1b565a36-37b3-46b6-9736-4ebbc965f9a0	12	11359597	11390472	28	-0.8271
1b565a36-37b3-46b6-9736-4ebbc965f9a0	12	11399258	31108764	13992	0.0013
1b565a36-37b3-46b6-9736-4ebbc965f9a0	12	31112123	31254189	89	0.6129
1b565a36-37b3-46b6-9736-4ebbc965f9a0	12	31256945	33141726	1297	-0.0126
1b565a36-37b3-46b6-9736-4ebbc965f9a0	12	33148472	33155426	28	-0.8235
1b565a36-37b3-46b6-9736-4ebbc965f9a0	12	33155453	39083525	1483	-0.018
1b565a36-37b3-46b6-9736-4ebbc965f9a0	12	39087759	39089311	5	-1.0636
1b565a36-37b3-46b6-9736-4ebbc965f9a0	12	39094246	74785641	21933	0.0051
1b565a36-37b3-46b6-9736-4ebbc965f9a0	12	74792132	74792534	3	-0.9995
1b565a36-37b3-46b6-9736-4ebbc965f9a0	12	74793920	87369772	7814	-0.0013
1b565a36-37b3-46b6-9736-4ebbc965f9a0	12	87369832	87369847	2	-1.3091
1b565a36-37b3-46b6-9736-4ebbc965f9a0	12	87370018	88396367	579	0.013
1b565a36-37b3-46b6-9736-4ebbc965f9a0	12	88399865	88400682	3	0.9355
1b565a36-37b3-46b6-9736-4ebbc965f9a0	12	88400810	95410229	4693	-0.0033
1b565a36-37b3-46b6-9736-4ebbc965f9a0	12	95410272	95410309	2	-1.0475
1b565a36-37b3-46b6-9736-4ebbc965f9a0	12	95410324	99398036	2775	0.0054
1b565a36-37b3-46b6-9736-4ebbc965f9a0	12	99401515	99404956	31	-0.4495
1b565a36-37b3-46b6-9736-4ebbc965f9a0	12	99409315	131636170	22141	0.0073
1b565a36-37b3-46b6-9736-4ebbc965f9a0	12	131648039	131648790	13	0.528
1b565a36-37b3-46b6-9736-4ebbc965f9a0	12	131657925	133201603	559	-0.008
1b565a36-37b3-46b6-9736-4ebbc965f9a0	13	18452809	37496998	13486	0.0056
1b565a36-37b3-46b6-9736-4ebbc965f9a0	13	37497899	37510620	16	-2.4486
1b565a36-37b3-46b6-9736-4ebbc965f9a0	13	37514193	38478674	701	0.0029
1b565a36-37b3-46b6-9736-4ebbc965f9a0	13	38483435	38483919	2	1.1589
1b565a36-37b3-46b6-9736-4ebbc965f9a0	13	38490920	52266063	9128	0.0001
1b565a36-37b3-46b6-9736-4ebbc965f9a0	13	52284657	52349637	16	0.3777
1b565a36-37b3-46b6-9736-4ebbc965f9a0	13	52352121	52485081	49	-0.006
1b565a36-37b3-46b6-9736-4ebbc965f9a0	13	52497017	52583183	17	-0.5366
1b565a36-37b3-46b6-9736-4ebbc965f9a0	13	52585716	71902850	11642	-0.0028
1b565a36-37b3-46b6-9736-4ebbc965f9a0	13	71903417	71906418	4	-2.3963
1b565a36-37b3-46b6-9736-4ebbc965f9a0	13	71906467	111024573	27301	-0.0007
1b565a36-37b3-46b6-9736-4ebbc965f9a0	13	111027571	111099567	68	0.656
1b565a36-37b3-46b6-9736-4ebbc965f9a0	13	111107963	114342922	1724	0.0044
1b565a36-37b3-46b6-9736-4ebbc965f9a0	14	18239283	19675350	63	0.1401
1b565a36-37b3-46b6-9736-4ebbc965f9a0	14	19689684	19955213	104	-0.3302
1b565a36-37b3-46b6-9736-4ebbc965f9a0	14	19956767	22137197	1528	-0.0121
1b565a36-37b3-46b6-9736-4ebbc965f9a0	14	22137787	22395207	227	-0.1975
1b565a36-37b3-46b6-9736-4ebbc965f9a0	14	22395910	22400231	3	-1.3415
1b565a36-37b3-46b6-9736-4ebbc965f9a0	14	22400424	22497429	75	-0.2393
1b565a36-37b3-46b6-9736-4ebbc965f9a0	14	22497433	40139724	11040	0.0073
1b565a36-37b3-46b6-9736-4ebbc965f9a0	14	40144718	40147715	2	-2.5716
1b565a36-37b3-46b6-9736-4ebbc965f9a0	14	40148961	106877229	42365	-0.0011
1b565a36-37b3-46b6-9736-4ebbc965f9a0	15	19811075	20001686	45	0.028
1b565a36-37b3-46b6-9736-4ebbc965f9a0	15	20011702	20064520	9	-1.3559
1b565a36-37b3-46b6-9736-4ebbc965f9a0	15	20187568	21417107	121	-0.2164
1b565a36-37b3-46b6-9736-4ebbc965f9a0	15	21975606	22003073	4	1.2867
1b565a36-37b3-46b6-9736-4ebbc965f9a0	15	22005276	24225955	941	0.0159
1b565a36-37b3-46b6-9736-4ebbc965f9a0	15	24226855	24248497	10	-0.4002
1b565a36-37b3-46b6-9736-4ebbc965f9a0	15	24256264	24258119	2	-2.4527
1b565a36-37b3-46b6-9736-4ebbc965f9a0	15	24258513	30252720	3709	0.0203
1b565a36-37b3-46b6-9736-4ebbc965f9a0	15	30253290	30656433	33	-0.3918
1b565a36-37b3-46b6-9736-4ebbc965f9a0	15	30658326	32220019	1047	0.0122
1b565a36-37b3-46b6-9736-4ebbc965f9a0	15	32239115	32323432	8	-0.8031
1b565a36-37b3-46b6-9736-4ebbc965f9a0	15	32339520	71376776	25273	0.0063
1b565a36-37b3-46b6-9736-4ebbc965f9a0	15	71379761	71380506	4	-1.1595
1b565a36-37b3-46b6-9736-4ebbc965f9a0	15	71380846	97265179	16913	0.0019
1b565a36-37b3-46b6-9736-4ebbc965f9a0	15	97274562	97301919	16	-0.7902
1b565a36-37b3-46b6-9736-4ebbc965f9a0	15	97302726	101928837	3421	0.0075
1b565a36-37b3-46b6-9736-4ebbc965f9a0	16	10777	4814100	2006	-0.0032
1b565a36-37b3-46b6-9736-4ebbc965f9a0	16	4814178	8605006	4211	0.0355
1b565a36-37b3-46b6-9736-4ebbc965f9a0	16	8606254	14955046	4907	0.0007
1b565a36-37b3-46b6-9736-4ebbc965f9a0	16	14955480	14960331	18	-0.4299
1b565a36-37b3-46b6-9736-4ebbc965f9a0	16	14960447	18104860	1625	-0.0052
1b565a36-37b3-46b6-9736-4ebbc965f9a0	16	18134261	18780542	42	0.3922
1b565a36-37b3-46b6-9736-4ebbc965f9a0	16	18781388	29268429	6251	0.0076
1b565a36-37b3-46b6-9736-4ebbc965f9a0	16	29269203	29269734	3	-1.2801
1b565a36-37b3-46b6-9736-4ebbc965f9a0	16	29270444	55762663	7881	0.0045
1b565a36-37b3-46b6-9736-4ebbc965f9a0	16	55762682	55775312	10	1.3671
1b565a36-37b3-46b6-9736-4ebbc965f9a0	16	55775554	55782734	5	-0.0472
1b565a36-37b3-46b6-9736-4ebbc965f9a0	16	55782793	55788532	4	1.1186
1b565a36-37b3-46b6-9736-4ebbc965f9a0	16	55808442	83610385	20187	0.0038
1b565a36-37b3-46b6-9736-4ebbc965f9a0	16	83611456	83618080	5	-1.0542
1b565a36-37b3-46b6-9736-4ebbc965f9a0	16	83618124	90096867	4724	0.002
1b565a36-37b3-46b6-9736-4ebbc965f9a0	17	150733	41266774	20820	0.0096
1b565a36-37b3-46b6-9736-4ebbc965f9a0	17	41266805	41274279	22	-0.5322
1b565a36-37b3-46b6-9736-4ebbc965f9a0	17	41276472	45577724	2157	0.011
1b565a36-37b3-46b6-9736-4ebbc965f9a0	17	45579014	45582060	6	0.6811
1b565a36-37b3-46b6-9736-4ebbc965f9a0	17	45587327	46085732	337	0.0119
1b565a36-37b3-46b6-9736-4ebbc965f9a0	17	46088437	46284997	123	0.4051
1b565a36-37b3-46b6-9736-4ebbc965f9a0	17	46286804	48402094	893	-0.0079
1b565a36-37b3-46b6-9736-4ebbc965f9a0	17	48408080	48408241	2	-1.6322
1b565a36-37b3-46b6-9736-4ebbc965f9a0	17	48410498	57610128	6113	0.0091
1b565a36-37b3-46b6-9736-4ebbc965f9a0	17	57610972	57611632	2	-2.2417
1b565a36-37b3-46b6-9736-4ebbc965f9a0	17	57614632	83091923	14567	0.001
1b565a36-37b3-46b6-9736-4ebbc965f9a0	18	48133	66050517	40311	0.0044
1b565a36-37b3-46b6-9736-4ebbc965f9a0	18	66054343	66061104	13	-0.5282
1b565a36-37b3-46b6-9736-4ebbc965f9a0	18	66065502	80257174	10431	0.0054
1b565a36-37b3-46b6-9736-4ebbc965f9a0	19	90910	9724285	3694	-0.0051
1b565a36-37b3-46b6-9736-4ebbc965f9a0	19	9727934	9733277	4	-0.8439
1b565a36-37b3-46b6-9736-4ebbc965f9a0	19	9742969	36265950	13459	0.0058
1b565a36-37b3-46b6-9736-4ebbc965f9a0	19	36267995	36316398	4	-0.9027
1b565a36-37b3-46b6-9736-4ebbc965f9a0	19	36334346	37849175	775	-0.0142
1b565a36-37b3-46b6-9736-4ebbc965f9a0	19	37850859	37853577	3	-0.8657
1b565a36-37b3-46b6-9736-4ebbc965f9a0	19	37855094	40854267	1561	-0.0059
1b565a36-37b3-46b6-9736-4ebbc965f9a0	19	40854465	40870114	19	-0.8036
1b565a36-37b3-46b6-9736-4ebbc965f9a0	19	40886250	42778107	888	0.0013
1b565a36-37b3-46b6-9736-4ebbc965f9a0	19	42778238	42811459	14	-0.5234
1b565a36-37b3-46b6-9736-4ebbc965f9a0	19	42816985	58586487	8690	-0.0059
1b565a36-37b3-46b6-9736-4ebbc965f9a0	20	80664	158778	63	-0.0662
1b565a36-37b3-46b6-9736-4ebbc965f9a0	20	158935	159104	2	-1.1844
1b565a36-37b3-46b6-9736-4ebbc965f9a0	20	159160	1571811	1118	0.0031
1b565a36-37b3-46b6-9736-4ebbc965f9a0	20	1576544	1599891	54	-0.6203
1b565a36-37b3-46b6-9736-4ebbc965f9a0	20	1601122	1613247	8	0.5246
1b565a36-37b3-46b6-9736-4ebbc965f9a0	20	1617300	5780959	3007	-0.013
1b565a36-37b3-46b6-9736-4ebbc965f9a0	20	5781088	48745188	26944	0.0075
1b565a36-37b3-46b6-9736-4ebbc965f9a0	20	48746693	50165997	819	-0.034
1b565a36-37b3-46b6-9736-4ebbc965f9a0	20	50175182	50176256	2	-1.4913
1b565a36-37b3-46b6-9736-4ebbc965f9a0	20	50178380	50301534	75	0.0309
1b565a36-37b3-46b6-9736-4ebbc965f9a0	20	50301994	50302580	2	-1.0589
1b565a36-37b3-46b6-9736-4ebbc965f9a0	20	50302907	54795609	3473	0.0072
1b565a36-37b3-46b6-9736-4ebbc965f9a0	20	54796361	54797778	2	-1.0138
1b565a36-37b3-46b6-9736-4ebbc965f9a0	20	54798000	57539439	2206	0.0072
1b565a36-37b3-46b6-9736-4ebbc965f9a0	20	57540627	57544076	2	-1.3318
1b565a36-37b3-46b6-9736-4ebbc965f9a0	20	57544613	64324800	4605	-0.0027
1b565a36-37b3-46b6-9736-4ebbc965f9a0	21	10354168	13583316	268	-0.007
1b565a36-37b3-46b6-9736-4ebbc965f9a0	21	13612103	13677975	4	-1.0987
1b565a36-37b3-46b6-9736-4ebbc965f9a0	21	13803967	46677045	23589	0.0008
1b565a36-37b3-46b6-9736-4ebbc965f9a0	22	15294547	22398127	3458	0.0081
1b565a36-37b3-46b6-9736-4ebbc965f9a0	22	22398345	22398545	4	1.0082
1b565a36-37b3-46b6-9736-4ebbc965f9a0	22	22402989	37346951	10966	0.0074
1b565a36-37b3-46b6-9736-4ebbc965f9a0	22	37352689	37353573	2	-5.0208
1b565a36-37b3-46b6-9736-4ebbc965f9a0	22	37353906	50796027	8846	0.0122
1b565a36-37b3-46b6-9736-4ebbc965f9a0	X	251810	5785597	2336	0.0219
1b565a36-37b3-46b6-9736-4ebbc965f9a0	X	5788866	5793196	3	-1.9361
1b565a36-37b3-46b6-9736-4ebbc965f9a0	X	5794092	13436108	5747	0.0045
1b565a36-37b3-46b6-9736-4ebbc965f9a0	X	13436263	13436317	2	-1.1166
1b565a36-37b3-46b6-9736-4ebbc965f9a0	X	13437587	14849763	953	-0.0067
1b565a36-37b3-46b6-9736-4ebbc965f9a0	X	14854329	14855301	3	-1.0538
1b565a36-37b3-46b6-9736-4ebbc965f9a0	X	14860699	19434541	2667	0.0102
1b565a36-37b3-46b6-9736-4ebbc965f9a0	X	19435452	19540773	69	-0.1948
1b565a36-37b3-46b6-9736-4ebbc965f9a0	X	19542391	79204473	28706	0
1b565a36-37b3-46b6-9736-4ebbc965f9a0	X	79212295	79223026	7	-1.0392
1b565a36-37b3-46b6-9736-4ebbc965f9a0	X	79228796	90634991	6337	-0.0094
1b565a36-37b3-46b6-9736-4ebbc965f9a0	X	90640076	90656859	11	-0.7251
1b565a36-37b3-46b6-9736-4ebbc965f9a0	X	90674980	140411160	27322	0.0035
1b565a36-37b3-46b6-9736-4ebbc965f9a0	X	140414245	140419029	6	-1.5851
1b565a36-37b3-46b6-9736-4ebbc965f9a0	X	140422569	152551056	8056	0.0033
1b565a36-37b3-46b6-9736-4ebbc965f9a0	X	152556019	153392264	487	0.0788
1b565a36-37b3-46b6-9736-4ebbc965f9a0	X	153393000	155952689	942	0.0104
1b565a36-37b3-46b6-9736-4ebbc965f9a0	Y	2782397	6233384	783	-2.8796
1b565a36-37b3-46b6-9736-4ebbc965f9a0	Y	6249869	8468802	1060	-3.3971
1b565a36-37b3-46b6-9736-4ebbc965f9a0	Y	8469061	9554275	409	-3.7528
1b565a36-37b3-46b6-9736-4ebbc965f9a0	Y	9554586	25971733	4215	-3.3617
1b565a36-37b3-46b6-9736-4ebbc965f9a0	Y	26077669	56872112	172	-2.9343
