GDC_Aliquot	Chromosome	Start	End	Num_Probes	Segment_Mean
d673a9ce-f06e-4298-bd88-206eb36b9233	1	62920	1710664	213	0.084
d673a9ce-f06e-4298-bd88-206eb36b9233	1	1715891	1741164	13	-0.9619
d673a9ce-f06e-4298-bd88-206eb36b9233	1	1756148	3274912	502	0.0622
d673a9ce-f06e-4298-bd88-206eb36b9233	1	3280916	9275686	3942	-0.0031
d673a9ce-f06e-4298-bd88-206eb36b9233	1	9279146	9281831	2	-1.3068
d673a9ce-f06e-4298-bd88-206eb36b9233	1	9283710	15823420	3669	0.0021
d673a9ce-f06e-4298-bd88-206eb36b9233	1	15827002	15828471	9	0.5866
d673a9ce-f06e-4298-bd88-206eb36b9233	1	15828515	16785682	352	-0.028
d673a9ce-f06e-4298-bd88-206eb36b9233	1	16787932	16949746	59	-0.4703
d673a9ce-f06e-4298-bd88-206eb36b9233	1	16951445	25248216	5260	-0.0001
d673a9ce-f06e-4298-bd88-206eb36b9233	1	25256138	25318693	24	0.5531
d673a9ce-f06e-4298-bd88-206eb36b9233	1	25319167	34626073	4958	-0.0027
d673a9ce-f06e-4298-bd88-206eb36b9233	1	34637053	34648667	21	-0.7595
d673a9ce-f06e-4298-bd88-206eb36b9233	1	34649941	72284670	23761	0.0001
d673a9ce-f06e-4298-bd88-206eb36b9233	1	72290430	72351338	61	0.281
d673a9ce-f06e-4298-bd88-206eb36b9233	1	72352916	105476583	20951	0
d673a9ce-f06e-4298-bd88-206eb36b9233	1	105476614	105479753	16	0.4409
d673a9ce-f06e-4298-bd88-206eb36b9233	1	105481433	108187137	1938	0.0047
d673a9ce-f06e-4298-bd88-206eb36b9233	1	108191613	108192255	2	-1.0647
d673a9ce-f06e-4298-bd88-206eb36b9233	1	108194874	109684893	695	0.0179
d673a9ce-f06e-4298-bd88-206eb36b9233	1	109690352	109690949	6	0.6659
d673a9ce-f06e-4298-bd88-206eb36b9233	1	109691609	109697556	7	1.602
d673a9ce-f06e-4298-bd88-206eb36b9233	1	109702376	143577488	7164	0.0022
d673a9ce-f06e-4298-bd88-206eb36b9233	1	143582192	143927536	99	0.2473
d673a9ce-f06e-4298-bd88-206eb36b9233	1	143927887	143942271	3	-0.811
d673a9ce-f06e-4298-bd88-206eb36b9233	1	144432083	152789479	2521	0.0139
d673a9ce-f06e-4298-bd88-206eb36b9233	1	152789532	152795883	32	0.4473
d673a9ce-f06e-4298-bd88-206eb36b9233	1	152796094	158989785	3680	0.0041
d673a9ce-f06e-4298-bd88-206eb36b9233	1	158992249	158993006	2	-1.1837
d673a9ce-f06e-4298-bd88-206eb36b9233	1	158997074	165067758	4286	0.0004
d673a9ce-f06e-4298-bd88-206eb36b9233	1	165076228	165076317	3	-0.9358
d673a9ce-f06e-4298-bd88-206eb36b9233	1	165077278	191263928	17855	0.0037
d673a9ce-f06e-4298-bd88-206eb36b9233	1	191267399	191278008	10	-0.8476
d673a9ce-f06e-4298-bd88-206eb36b9233	1	191278040	194479104	2190	-0.0036
d673a9ce-f06e-4298-bd88-206eb36b9233	1	194482281	194485888	2	1.4759
d673a9ce-f06e-4298-bd88-206eb36b9233	1	194487886	214464465	13401	-0.0007
d673a9ce-f06e-4298-bd88-206eb36b9233	1	214465093	214471704	7	-0.7012
d673a9ce-f06e-4298-bd88-206eb36b9233	1	214471811	215682652	784	-0.0027
d673a9ce-f06e-4298-bd88-206eb36b9233	1	215684851	215688763	14	-1.1514
d673a9ce-f06e-4298-bd88-206eb36b9233	1	215692667	222193326	4709	0.0003
d673a9ce-f06e-4298-bd88-206eb36b9233	1	222201492	222203662	2	1.2011
d673a9ce-f06e-4298-bd88-206eb36b9233	1	222208792	227237600	3057	0.0072
d673a9ce-f06e-4298-bd88-206eb36b9233	1	227238371	227238705	3	-1.321
d673a9ce-f06e-4298-bd88-206eb36b9233	1	227241477	229675422	1377	0.0045
d673a9ce-f06e-4298-bd88-206eb36b9233	1	229681109	229684449	3	-3.084
d673a9ce-f06e-4298-bd88-206eb36b9233	1	229684709	248524859	13803	0.0048
d673a9ce-f06e-4298-bd88-206eb36b9233	1	248525264	248646068	43	0.3158
d673a9ce-f06e-4298-bd88-206eb36b9233	1	248661836	248930189	138	0.0513
d673a9ce-f06e-4298-bd88-206eb36b9233	2	12784	6871994	5351	0.01
d673a9ce-f06e-4298-bd88-206eb36b9233	2	6874539	6874885	2	-1.4035
d673a9ce-f06e-4298-bd88-206eb36b9233	2	6876488	34466002	18738	0.007
d673a9ce-f06e-4298-bd88-206eb36b9233	2	34474248	34476668	6	-2.4576
d673a9ce-f06e-4298-bd88-206eb36b9233	2	34483565	34492841	23	-1.0832
d673a9ce-f06e-4298-bd88-206eb36b9233	2	34492907	34512096	18	-2.851
d673a9ce-f06e-4298-bd88-206eb36b9233	2	34512489	35750907	870	0.0207
d673a9ce-f06e-4298-bd88-206eb36b9233	2	35752724	35761842	5	-1.4232
d673a9ce-f06e-4298-bd88-206eb36b9233	2	35762850	104235021	40114	0.0053
d673a9ce-f06e-4298-bd88-206eb36b9233	2	104238134	104240574	2	-1.3568
d673a9ce-f06e-4298-bd88-206eb36b9233	2	104242787	113604438	5291	0.0006
d673a9ce-f06e-4298-bd88-206eb36b9233	2	113604837	113623244	3	-1.4171
d673a9ce-f06e-4298-bd88-206eb36b9233	2	113625975	128880504	9606	0.002
d673a9ce-f06e-4298-bd88-206eb36b9233	2	128880904	128882723	14	-0.8044
d673a9ce-f06e-4298-bd88-206eb36b9233	2	128882741	179544902	30933	0.0001
d673a9ce-f06e-4298-bd88-206eb36b9233	2	179546276	179557161	32	0.2924
d673a9ce-f06e-4298-bd88-206eb36b9233	2	179557179	207485538	16444	0.0052
d673a9ce-f06e-4298-bd88-206eb36b9233	2	207485595	207494612	21	0.3918
d673a9ce-f06e-4298-bd88-206eb36b9233	2	207494752	242147305	22090	0.0053
d673a9ce-f06e-4298-bd88-206eb36b9233	3	20930	2926956	2541	0.011
d673a9ce-f06e-4298-bd88-206eb36b9233	3	2927375	2931355	5	-1.1249
d673a9ce-f06e-4298-bd88-206eb36b9233	3	2933398	6604856	3274	0.008
d673a9ce-f06e-4298-bd88-206eb36b9233	3	6609441	6611645	23	-0.791
d673a9ce-f06e-4298-bd88-206eb36b9233	3	6613391	52988933	29886	0.0032
d673a9ce-f06e-4298-bd88-206eb36b9233	3	52989195	53005100	38	-0.4931
d673a9ce-f06e-4298-bd88-206eb36b9233	3	53005201	68697013	12039	0.0026
d673a9ce-f06e-4298-bd88-206eb36b9233	3	68697108	68698262	14	-0.9215
d673a9ce-f06e-4298-bd88-206eb36b9233	3	68699607	130067097	34665	0.0019
d673a9ce-f06e-4298-bd88-206eb36b9233	3	130067366	130088081	33	0.6047
d673a9ce-f06e-4298-bd88-206eb36b9233	3	130088155	162790480	20272	0.0063
d673a9ce-f06e-4298-bd88-206eb36b9233	3	162794869	162908815	72	0.4193
d673a9ce-f06e-4298-bd88-206eb36b9233	3	162910826	162996729	70	0.0122
d673a9ce-f06e-4298-bd88-206eb36b9233	3	162999939	163001774	2	1.2956
d673a9ce-f06e-4298-bd88-206eb36b9233	3	163008371	175362803	7583	0.0087
d673a9ce-f06e-4298-bd88-206eb36b9233	3	175362822	175369016	8	-0.7857
d673a9ce-f06e-4298-bd88-206eb36b9233	3	175369131	186688349	6775	0.0134
d673a9ce-f06e-4298-bd88-206eb36b9233	3	186695072	186697745	8	-0.9164
d673a9ce-f06e-4298-bd88-206eb36b9233	3	186698220	193162684	4734	0.0087
d673a9ce-f06e-4298-bd88-206eb36b9233	3	193162798	193165114	12	-1.1384
d673a9ce-f06e-4298-bd88-206eb36b9233	3	193168646	195559056	1484	0.0132
d673a9ce-f06e-4298-bd88-206eb36b9233	3	195656271	195752877	47	0.6126
d673a9ce-f06e-4298-bd88-206eb36b9233	3	195754940	195973611	79	0.1361
d673a9ce-f06e-4298-bd88-206eb36b9233	3	195974244	195974457	3	0.871
d673a9ce-f06e-4298-bd88-206eb36b9233	3	195982791	196935283	453	0.0085
d673a9ce-f06e-4298-bd88-206eb36b9233	3	196935404	197015419	49	0.2333
d673a9ce-f06e-4298-bd88-206eb36b9233	3	197022537	198142659	574	0.0268
d673a9ce-f06e-4298-bd88-206eb36b9233	3	198169114	198169247	4	0.8354
d673a9ce-f06e-4298-bd88-206eb36b9233	4	68929	10221792	5707	0.008
d673a9ce-f06e-4298-bd88-206eb36b9233	4	10222004	10232642	29	-1.4117
d673a9ce-f06e-4298-bd88-206eb36b9233	4	10232984	34777340	16979	0.0038
d673a9ce-f06e-4298-bd88-206eb36b9233	4	34777353	34822561	42	0.5443
d673a9ce-f06e-4298-bd88-206eb36b9233	4	34823103	41802785	4659	0.012
d673a9ce-f06e-4298-bd88-206eb36b9233	4	41812354	41812802	2	-1.1258
d673a9ce-f06e-4298-bd88-206eb36b9233	4	41815566	42760100	573	-0.0041
d673a9ce-f06e-4298-bd88-206eb36b9233	4	42762932	42765846	2	1.1675
d673a9ce-f06e-4298-bd88-206eb36b9233	4	42769229	45003835	1404	0.0034
d673a9ce-f06e-4298-bd88-206eb36b9233	4	45004175	45004318	3	-0.9028
d673a9ce-f06e-4298-bd88-206eb36b9233	4	45008952	46695928	883	0.0108
d673a9ce-f06e-4298-bd88-206eb36b9233	4	46705678	46708343	4	-0.8739
d673a9ce-f06e-4298-bd88-206eb36b9233	4	46708955	48202282	1009	0.0076
d673a9ce-f06e-4298-bd88-206eb36b9233	4	48202619	48202631	2	-1.6985
d673a9ce-f06e-4298-bd88-206eb36b9233	4	48203925	49214614	434	0.0375
d673a9ce-f06e-4298-bd88-206eb36b9233	4	49289175	49289338	2	-1.4996
d673a9ce-f06e-4298-bd88-206eb36b9233	4	49295203	60631418	5815	0.0073
d673a9ce-f06e-4298-bd88-206eb36b9233	4	60635111	60635552	2	-3.8102
d673a9ce-f06e-4298-bd88-206eb36b9233	4	60638258	63828222	1769	0.0035
d673a9ce-f06e-4298-bd88-206eb36b9233	4	63831751	63832110	6	0.7059
d673a9ce-f06e-4298-bd88-206eb36b9233	4	63838575	63841887	16	0.239
d673a9ce-f06e-4298-bd88-206eb36b9233	4	63842036	63842540	6	1.0237
d673a9ce-f06e-4298-bd88-206eb36b9233	4	63850713	68506285	2875	0.0033
d673a9ce-f06e-4298-bd88-206eb36b9233	4	68509223	68623617	65	-1.564
d673a9ce-f06e-4298-bd88-206eb36b9233	4	68639397	171448195	62381	0.0078
d673a9ce-f06e-4298-bd88-206eb36b9233	4	171453733	171456625	12	0.988
d673a9ce-f06e-4298-bd88-206eb36b9233	4	171459220	180845575	6056	0.0024
d673a9ce-f06e-4298-bd88-206eb36b9233	4	180846059	180850342	4	-1.1294
d673a9ce-f06e-4298-bd88-206eb36b9233	4	180850498	188300104	5286	0.0157
d673a9ce-f06e-4298-bd88-206eb36b9233	4	188300206	188300285	4	1.3306
d673a9ce-f06e-4298-bd88-206eb36b9233	4	188301659	190106768	1141	0.0463
d673a9ce-f06e-4298-bd88-206eb36b9233	5	15532	685633	306	0.067
d673a9ce-f06e-4298-bd88-206eb36b9233	5	698256	779766	28	0.7234
d673a9ce-f06e-4298-bd88-206eb36b9233	5	800724	1174963	138	-0.0071
d673a9ce-f06e-4298-bd88-206eb36b9233	5	1175656	1860442	436	0.0846
d673a9ce-f06e-4298-bd88-206eb36b9233	5	1860858	18442123	13037	0.0038
d673a9ce-f06e-4298-bd88-206eb36b9233	5	18442843	18453901	4	-1.3892
d673a9ce-f06e-4298-bd88-206eb36b9233	5	18458441	34259309	9710	0.0045
d673a9ce-f06e-4298-bd88-206eb36b9233	5	34264242	34266472	5	-0.9391
d673a9ce-f06e-4298-bd88-206eb36b9233	5	34266977	46271006	7019	-0.0005
d673a9ce-f06e-4298-bd88-206eb36b9233	5	46271828	46273400	6	-2.3996
d673a9ce-f06e-4298-bd88-206eb36b9233	5	46278110	104515520	31946	0.0066
d673a9ce-f06e-4298-bd88-206eb36b9233	5	104524672	104524903	4	1.4517
d673a9ce-f06e-4298-bd88-206eb36b9233	5	104525348	156048095	33454	0.0086
d673a9ce-f06e-4298-bd88-206eb36b9233	5	156049762	156055719	14	-0.5955
d673a9ce-f06e-4298-bd88-206eb36b9233	5	156068240	176654094	14336	0.001
d673a9ce-f06e-4298-bd88-206eb36b9233	5	176655624	176831400	108	0.1582
d673a9ce-f06e-4298-bd88-206eb36b9233	5	176838981	181363319	2350	0.0191
d673a9ce-f06e-4298-bd88-206eb36b9233	6	149661	253861	99	0.021
d673a9ce-f06e-4298-bd88-206eb36b9233	6	254267	303017	27	0.3755
d673a9ce-f06e-4298-bd88-206eb36b9233	6	303121	23057409	17587	0.0051
d673a9ce-f06e-4298-bd88-206eb36b9233	6	23060763	23064026	4	-1.1504
d673a9ce-f06e-4298-bd88-206eb36b9233	6	23067417	29869295	3941	0.009
d673a9ce-f06e-4298-bd88-206eb36b9233	6	29869410	29882603	20	0.745
d673a9ce-f06e-4298-bd88-206eb36b9233	6	29903859	29931120	11	-0.4283
d673a9ce-f06e-4298-bd88-206eb36b9233	6	29931900	31243089	600	0.0074
d673a9ce-f06e-4298-bd88-206eb36b9233	6	31261685	31261867	3	-1.3231
d673a9ce-f06e-4298-bd88-206eb36b9233	6	31262890	31309909	45	0.0711
d673a9ce-f06e-4298-bd88-206eb36b9233	6	31313046	31328674	12	-1.0668
d673a9ce-f06e-4298-bd88-206eb36b9233	6	31342147	32485152	501	0.0425
d673a9ce-f06e-4298-bd88-206eb36b9233	6	32486498	32486746	2	1.2878
d673a9ce-f06e-4298-bd88-206eb36b9233	6	32488906	32533522	13	0.0909
d673a9ce-f06e-4298-bd88-206eb36b9233	6	32540699	32541506	2	-1.2488
d673a9ce-f06e-4298-bd88-206eb36b9233	6	32541699	32614112	24	0.0095
d673a9ce-f06e-4298-bd88-206eb36b9233	6	32614426	32658841	21	-0.7257
d673a9ce-f06e-4298-bd88-206eb36b9233	6	32682835	64627049	17936	0.0057
d673a9ce-f06e-4298-bd88-206eb36b9233	6	64637651	64639099	2	1.2136
d673a9ce-f06e-4298-bd88-206eb36b9233	6	64640883	66295080	1103	0.006
d673a9ce-f06e-4298-bd88-206eb36b9233	6	66298369	66339706	59	-0.6701
d673a9ce-f06e-4298-bd88-206eb36b9233	6	66341309	76305231	6481	0.0006
d673a9ce-f06e-4298-bd88-206eb36b9233	6	76307183	76307209	3	-0.9904
d673a9ce-f06e-4298-bd88-206eb36b9233	6	76307276	76726815	296	0.0058
d673a9ce-f06e-4298-bd88-206eb36b9233	6	76730151	76731658	6	-1.0931
d673a9ce-f06e-4298-bd88-206eb36b9233	6	76731725	76743040	15	-0.4842
d673a9ce-f06e-4298-bd88-206eb36b9233	6	76751356	78253157	975	0.0057
d673a9ce-f06e-4298-bd88-206eb36b9233	6	78253172	78325223	110	0.3384
d673a9ce-f06e-4298-bd88-206eb36b9233	6	78325310	124110629	28224	0.0059
d673a9ce-f06e-4298-bd88-206eb36b9233	6	124114796	124149220	20	0.6013
d673a9ce-f06e-4298-bd88-206eb36b9233	6	124149616	125861617	1180	-0.0002
d673a9ce-f06e-4298-bd88-206eb36b9233	6	125862546	125865630	3	-2.5428
d673a9ce-f06e-4298-bd88-206eb36b9233	6	125867747	157566585	20958	0.006
d673a9ce-f06e-4298-bd88-206eb36b9233	6	157574491	157576940	2	-1.3299
d673a9ce-f06e-4298-bd88-206eb36b9233	6	157584784	167272200	7261	0.0092
d673a9ce-f06e-4298-bd88-206eb36b9233	6	167272423	168256262	428	0.1077
d673a9ce-f06e-4298-bd88-206eb36b9233	6	168258986	170741917	1637	0.0281
d673a9ce-f06e-4298-bd88-206eb36b9233	7	43355	19627165	13979	0.0089
d673a9ce-f06e-4298-bd88-206eb36b9233	7	19637924	19638846	2	-1.3844
d673a9ce-f06e-4298-bd88-206eb36b9233	7	19641896	38248326	13390	0.0021
d673a9ce-f06e-4298-bd88-206eb36b9233	7	38251092	38263833	9	0.7018
d673a9ce-f06e-4298-bd88-206eb36b9233	7	38271122	38286177	15	0.1749
d673a9ce-f06e-4298-bd88-206eb36b9233	7	38286323	38288895	10	0.5188
d673a9ce-f06e-4298-bd88-206eb36b9233	7	38289029	38347842	89	0.1255
d673a9ce-f06e-4298-bd88-206eb36b9233	7	38351764	38361356	5	0.6775
d673a9ce-f06e-4298-bd88-206eb36b9233	7	38362895	54318817	10992	-0.0003
d673a9ce-f06e-4298-bd88-206eb36b9233	7	54318819	54318824	3	-1.0367
d673a9ce-f06e-4298-bd88-206eb36b9233	7	54325795	56693807	1559	-0.0007
d673a9ce-f06e-4298-bd88-206eb36b9233	7	56694420	56701121	3	-2.7814
d673a9ce-f06e-4298-bd88-206eb36b9233	7	56704473	56908389	53	0.0189
d673a9ce-f06e-4298-bd88-206eb36b9233	7	56997653	57016425	4	1.0205
d673a9ce-f06e-4298-bd88-206eb36b9233	7	57048761	63381394	718	0.0366
d673a9ce-f06e-4298-bd88-206eb36b9233	7	63455884	63579159	9	-0.8508
d673a9ce-f06e-4298-bd88-206eb36b9233	7	63582683	87303449	12875	-0.0007
d673a9ce-f06e-4298-bd88-206eb36b9233	7	87311487	87317572	3	-1.4589
d673a9ce-f06e-4298-bd88-206eb36b9233	7	87318911	100727566	7902	0.0058
d673a9ce-f06e-4298-bd88-206eb36b9233	7	100731621	100735219	3	-1.9643
d673a9ce-f06e-4298-bd88-206eb36b9233	7	100753382	101437642	273	-0.012
d673a9ce-f06e-4298-bd88-206eb36b9233	7	101438517	101438705	2	-1.2136
d673a9ce-f06e-4298-bd88-206eb36b9233	7	101442977	124523209	13926	0.0055
d673a9ce-f06e-4298-bd88-206eb36b9233	7	124523712	124524073	3	-1.1768
d673a9ce-f06e-4298-bd88-206eb36b9233	7	124524582	126406489	1188	0.0106
d673a9ce-f06e-4298-bd88-206eb36b9233	7	126406546	126406822	3	1.3099
d673a9ce-f06e-4298-bd88-206eb36b9233	7	126406823	134100424	4700	0.005
d673a9ce-f06e-4298-bd88-206eb36b9233	7	134100442	134110881	25	-1.6678
d673a9ce-f06e-4298-bd88-206eb36b9233	7	134110912	134114444	11	-0.3846
d673a9ce-f06e-4298-bd88-206eb36b9233	7	134121491	143521765	6125	0.0102
d673a9ce-f06e-4298-bd88-206eb36b9233	7	143529806	143603307	5	0.9853
d673a9ce-f06e-4298-bd88-206eb36b9233	7	143728285	148017689	2724	0.0046
d673a9ce-f06e-4298-bd88-206eb36b9233	7	148018302	148018502	2	-1.5804
d673a9ce-f06e-4298-bd88-206eb36b9233	7	148018804	154598185	3999	0.0087
d673a9ce-f06e-4298-bd88-206eb36b9233	7	154601461	154607903	4	0.9829
d673a9ce-f06e-4298-bd88-206eb36b9233	7	154609120	155671335	916	0.0118
d673a9ce-f06e-4298-bd88-206eb36b9233	7	155673169	155674244	2	1.369
d673a9ce-f06e-4298-bd88-206eb36b9233	7	155676942	159334314	2317	0.0248
d673a9ce-f06e-4298-bd88-206eb36b9233	8	81254	7336299	7733	0.0239
d673a9ce-f06e-4298-bd88-206eb36b9233	8	7357089	8234503	68	0.5097
d673a9ce-f06e-4298-bd88-206eb36b9233	8	8235660	18407644	8596	0.0095
d673a9ce-f06e-4298-bd88-206eb36b9233	8	18408647	18413675	4	-1.6628
d673a9ce-f06e-4298-bd88-206eb36b9233	8	18413877	71303076	32095	0.0024
d673a9ce-f06e-4298-bd88-206eb36b9233	8	71303129	71304199	5	-1.2144
d673a9ce-f06e-4298-bd88-206eb36b9233	8	71304266	71402751	80	-0.0541
d673a9ce-f06e-4298-bd88-206eb36b9233	8	71411997	71412651	2	-1.1531
d673a9ce-f06e-4298-bd88-206eb36b9233	8	71414685	82357048	6731	0.0001
d673a9ce-f06e-4298-bd88-206eb36b9233	8	82359141	82360243	6	-0.9957
d673a9ce-f06e-4298-bd88-206eb36b9233	8	82363666	114353668	18966	-0.0024
d673a9ce-f06e-4298-bd88-206eb36b9233	8	114353827	114356292	2	-1.2075
d673a9ce-f06e-4298-bd88-206eb36b9233	8	114356495	114622891	156	-0.0094
d673a9ce-f06e-4298-bd88-206eb36b9233	8	114622999	114629502	27	-0.5399
d673a9ce-f06e-4298-bd88-206eb36b9233	8	114638468	117063876	1523	-0.0058
d673a9ce-f06e-4298-bd88-206eb36b9233	8	117066017	117066512	3	-0.8869
d673a9ce-f06e-4298-bd88-206eb36b9233	8	117068542	119139771	1582	0.0017
d673a9ce-f06e-4298-bd88-206eb36b9233	8	119142545	119147207	4	-0.9385
d673a9ce-f06e-4298-bd88-206eb36b9233	8	119150615	136654130	12768	-0.0045
d673a9ce-f06e-4298-bd88-206eb36b9233	8	136654485	136870980	195	0.1127
d673a9ce-f06e-4298-bd88-206eb36b9233	8	136872020	140981811	3159	-0.0102
d673a9ce-f06e-4298-bd88-206eb36b9233	8	140984319	142384289	865	0.0987
d673a9ce-f06e-4298-bd88-206eb36b9233	8	142384303	143217232	318	-0.0054
d673a9ce-f06e-4298-bd88-206eb36b9233	8	143217284	143228267	12	0.4342
d673a9ce-f06e-4298-bd88-206eb36b9233	8	143228432	143616987	121	0.0192
d673a9ce-f06e-4298-bd88-206eb36b9233	8	143622987	143624714	6	-0.8889
d673a9ce-f06e-4298-bd88-206eb36b9233	8	143624808	143624851	2	-2.9548
d673a9ce-f06e-4298-bd88-206eb36b9233	8	143636819	145072769	503	0.0508
d673a9ce-f06e-4298-bd88-206eb36b9233	9	46587	602903	508	0.0477
d673a9ce-f06e-4298-bd88-206eb36b9233	9	606699	606961	4	-1.4767
d673a9ce-f06e-4298-bd88-206eb36b9233	9	607307	23361807	19911	0.0067
d673a9ce-f06e-4298-bd88-206eb36b9233	9	23363117	23373486	8	-2.2986
d673a9ce-f06e-4298-bd88-206eb36b9233	9	23378490	27236646	2799	0.0105
d673a9ce-f06e-4298-bd88-206eb36b9233	9	27248179	27248646	5	-1.092
d673a9ce-f06e-4298-bd88-206eb36b9233	9	27248729	42037471	8052	0.0101
d673a9ce-f06e-4298-bd88-206eb36b9233	9	42042339	42160250	17	0.4731
d673a9ce-f06e-4298-bd88-206eb36b9233	9	42164177	42265987	7	0.0928
d673a9ce-f06e-4298-bd88-206eb36b9233	9	42279025	42566207	11	-0.7154
d673a9ce-f06e-4298-bd88-206eb36b9233	9	42574420	61405110	56	0.0159
d673a9ce-f06e-4298-bd88-206eb36b9233	9	61520021	61647899	30	-1.0711
d673a9ce-f06e-4298-bd88-206eb36b9233	9	61665362	69413658	1040	0.0066
d673a9ce-f06e-4298-bd88-206eb36b9233	9	69420283	69434112	16	0.5616
d673a9ce-f06e-4298-bd88-206eb36b9233	9	69434688	76939544	5431	0.0086
d673a9ce-f06e-4298-bd88-206eb36b9233	9	76941965	76944420	4	-1.243
d673a9ce-f06e-4298-bd88-206eb36b9233	9	76951948	135266407	40468	0.0073
d673a9ce-f06e-4298-bd88-206eb36b9233	9	135266911	135427311	115	0.2567
d673a9ce-f06e-4298-bd88-206eb36b9233	9	135427512	138200944	1029	0.029
d673a9ce-f06e-4298-bd88-206eb36b9233	10	45792	24088745	19204	0.0063
d673a9ce-f06e-4298-bd88-206eb36b9233	10	24088746	24089125	10	-2.2805
d673a9ce-f06e-4298-bd88-206eb36b9233	10	24089979	45761333	12230	0.006
d673a9ce-f06e-4298-bd88-206eb36b9233	10	45798061	45798171	2	1.2843
d673a9ce-f06e-4298-bd88-206eb36b9233	10	45817039	46792344	289	0.0193
d673a9ce-f06e-4298-bd88-206eb36b9233	10	46804606	46810571	2	-1.1796
d673a9ce-f06e-4298-bd88-206eb36b9233	10	46836986	48084420	303	0.0334
d673a9ce-f06e-4298-bd88-206eb36b9233	10	48084439	48181925	9	0.5072
d673a9ce-f06e-4298-bd88-206eb36b9233	10	48182265	50097459	1373	0.0035
d673a9ce-f06e-4298-bd88-206eb36b9233	10	50107474	50132160	2	1.4139
d673a9ce-f06e-4298-bd88-206eb36b9233	10	50144008	54920517	3641	0.0174
d673a9ce-f06e-4298-bd88-206eb36b9233	10	54923330	54929747	4	-1.2387
d673a9ce-f06e-4298-bd88-206eb36b9233	10	54929994	56753095	1207	0.0068
d673a9ce-f06e-4298-bd88-206eb36b9233	10	56756615	56766578	37	-0.7866
d673a9ce-f06e-4298-bd88-206eb36b9233	10	56766637	63738213	4892	0.0057
d673a9ce-f06e-4298-bd88-206eb36b9233	10	63747957	63749006	2	-1.1296
d673a9ce-f06e-4298-bd88-206eb36b9233	10	63751864	65548951	1234	0.0119
d673a9ce-f06e-4298-bd88-206eb36b9233	10	65548979	65563037	22	-0.4632
d673a9ce-f06e-4298-bd88-206eb36b9233	10	65563168	79747269	9240	0.0015
d673a9ce-f06e-4298-bd88-206eb36b9233	10	79754419	79838023	21	-0.6407
d673a9ce-f06e-4298-bd88-206eb36b9233	10	79838299	130395908	34918	0.0036
d673a9ce-f06e-4298-bd88-206eb36b9233	10	130397336	133562190	2019	0.0477
d673a9ce-f06e-4298-bd88-206eb36b9233	10	133563765	133563774	2	-2.4077
d673a9ce-f06e-4298-bd88-206eb36b9233	10	133573736	133654968	35	-0.0906
d673a9ce-f06e-4298-bd88-206eb36b9233	11	198510	1745842	557	0.0088
d673a9ce-f06e-4298-bd88-206eb36b9233	11	1752026	1855487	28	0.3199
d673a9ce-f06e-4298-bd88-206eb36b9233	11	1860026	4949013	1836	0.0041
d673a9ce-f06e-4298-bd88-206eb36b9233	11	4949047	4954445	25	-1.3671
d673a9ce-f06e-4298-bd88-206eb36b9233	11	4954475	5749610	764	0.0022
d673a9ce-f06e-4298-bd88-206eb36b9233	11	5749666	5922193	168	0.1259
d673a9ce-f06e-4298-bd88-206eb36b9233	11	5922814	18928100	9302	0.0061
d673a9ce-f06e-4298-bd88-206eb36b9233	11	18928121	18949866	47	-0.2367
d673a9ce-f06e-4298-bd88-206eb36b9233	11	18950075	21825348	2590	-0.0019
d673a9ce-f06e-4298-bd88-206eb36b9233	11	21825960	21827206	5	-1.0774
d673a9ce-f06e-4298-bd88-206eb36b9233	11	21829111	49737435	18435	0.0036
d673a9ce-f06e-4298-bd88-206eb36b9233	11	49738003	49739136	6	-1.0145
d673a9ce-f06e-4298-bd88-206eb36b9233	11	49744609	55168113	514	0.0106
d673a9ce-f06e-4298-bd88-206eb36b9233	11	55171612	55214735	8	-0.6227
d673a9ce-f06e-4298-bd88-206eb36b9233	11	55241999	55608804	209	0.0073
d673a9ce-f06e-4298-bd88-206eb36b9233	11	55609022	55686100	52	0.4313
d673a9ce-f06e-4298-bd88-206eb36b9233	11	55693207	101723653	28565	0.0045
d673a9ce-f06e-4298-bd88-206eb36b9233	11	101727129	101727233	4	1.908
d673a9ce-f06e-4298-bd88-206eb36b9233	11	101727481	107910653	4189	0.0092
d673a9ce-f06e-4298-bd88-206eb36b9233	11	107913781	107914372	2	-3.5997
d673a9ce-f06e-4298-bd88-206eb36b9233	11	107916987	125205425	11971	0.0007
d673a9ce-f06e-4298-bd88-206eb36b9233	11	125205483	125213808	27	-0.8832
d673a9ce-f06e-4298-bd88-206eb36b9233	11	125218374	132968060	5958	-0.0025
d673a9ce-f06e-4298-bd88-206eb36b9233	11	132968341	135074876	1584	0.0528
d673a9ce-f06e-4298-bd88-206eb36b9233	12	51460	2148857	1308	0.0558
d673a9ce-f06e-4298-bd88-206eb36b9233	12	2148938	9026438	4639	-0.0032
d673a9ce-f06e-4298-bd88-206eb36b9233	12	9027225	9481274	227	0.055
d673a9ce-f06e-4298-bd88-206eb36b9233	12	9485313	9575696	23	-1.3883
d673a9ce-f06e-4298-bd88-206eb36b9233	12	9582373	27941830	12758	0.0049
d673a9ce-f06e-4298-bd88-206eb36b9233	12	27941988	27944711	12	-0.6938
d673a9ce-f06e-4298-bd88-206eb36b9233	12	27950527	30086486	1544	0.0036
d673a9ce-f06e-4298-bd88-206eb36b9233	12	30086777	30087363	8	0.464
d673a9ce-f06e-4298-bd88-206eb36b9233	12	30087429	30090756	13	0.0163
d673a9ce-f06e-4298-bd88-206eb36b9233	12	30090789	30091052	4	0.6615
d673a9ce-f06e-4298-bd88-206eb36b9233	12	30091101	31112123	866	-0.0045
d673a9ce-f06e-4298-bd88-206eb36b9233	12	31116364	31258117	92	0.5672
d673a9ce-f06e-4298-bd88-206eb36b9233	12	31258280	33141726	1294	0.0115
d673a9ce-f06e-4298-bd88-206eb36b9233	12	33148472	33154440	27	-0.7669
d673a9ce-f06e-4298-bd88-206eb36b9233	12	33155426	38846087	1348	0.0624
d673a9ce-f06e-4298-bd88-206eb36b9233	12	38847438	45506042	4242	0.0068
d673a9ce-f06e-4298-bd88-206eb36b9233	12	45510655	45515754	4	-2.2693
d673a9ce-f06e-4298-bd88-206eb36b9233	12	45519509	99401959	33710	0.0065
d673a9ce-f06e-4298-bd88-206eb36b9233	12	99401995	99404956	27	-1.6058
d673a9ce-f06e-4298-bd88-206eb36b9233	12	99409315	133201603	22718	0.0128
d673a9ce-f06e-4298-bd88-206eb36b9233	13	18452809	19511499	508	-0.0068
d673a9ce-f06e-4298-bd88-206eb36b9233	13	19517126	19918532	199	0.1407
d673a9ce-f06e-4298-bd88-206eb36b9233	13	19918880	23055071	2152	0.0114
d673a9ce-f06e-4298-bd88-206eb36b9233	13	23058539	23064056	13	-0.507
d673a9ce-f06e-4298-bd88-206eb36b9233	13	23064071	24526883	1204	0.0246
d673a9ce-f06e-4298-bd88-206eb36b9233	13	24527202	24669223	97	0.1686
d673a9ce-f06e-4298-bd88-206eb36b9233	13	24670745	31957984	5395	0.0036
d673a9ce-f06e-4298-bd88-206eb36b9233	13	31958485	31964286	18	-0.755
d673a9ce-f06e-4298-bd88-206eb36b9233	13	31965910	71902850	25475	0.01
d673a9ce-f06e-4298-bd88-206eb36b9233	13	71903417	71906418	4	-2.5256
d673a9ce-f06e-4298-bd88-206eb36b9233	13	71906467	114342922	29097	0.0067
d673a9ce-f06e-4298-bd88-206eb36b9233	14	18239283	19954424	166	-0.264
d673a9ce-f06e-4298-bd88-206eb36b9233	14	19955213	21708954	1168	0.0065
d673a9ce-f06e-4298-bd88-206eb36b9233	14	21711991	22082038	304	0.1067
d673a9ce-f06e-4298-bd88-206eb36b9233	14	22084726	22509114	394	0.2143
d673a9ce-f06e-4298-bd88-206eb36b9233	14	22509351	22808213	215	0.1066
d673a9ce-f06e-4298-bd88-206eb36b9233	14	22808794	73534419	31995	0.0062
d673a9ce-f06e-4298-bd88-206eb36b9233	14	73540003	73563211	10	0.8891
d673a9ce-f06e-4298-bd88-206eb36b9233	14	73564027	86123660	8351	0.0019
d673a9ce-f06e-4298-bd88-206eb36b9233	14	86124137	86140135	12	0.4824
d673a9ce-f06e-4298-bd88-206eb36b9233	14	86140246	99690434	9569	0.0037
d673a9ce-f06e-4298-bd88-206eb36b9233	14	99691454	99694043	2	1.3717
d673a9ce-f06e-4298-bd88-206eb36b9233	14	99696040	102048678	1325	-0.0033
d673a9ce-f06e-4298-bd88-206eb36b9233	14	102051180	102052532	2	1.0861
d673a9ce-f06e-4298-bd88-206eb36b9233	14	102052533	106340774	1627	0.0095
d673a9ce-f06e-4298-bd88-206eb36b9233	14	106345431	106365807	8	0.615
d673a9ce-f06e-4298-bd88-206eb36b9233	14	106369985	106416146	26	0.0219
d673a9ce-f06e-4298-bd88-206eb36b9233	14	106418444	106462183	49	-0.4462
d673a9ce-f06e-4298-bd88-206eb36b9233	14	106462724	106877229	195	0.0699
d673a9ce-f06e-4298-bd88-206eb36b9233	15	19811075	20986997	155	0.0089
d673a9ce-f06e-4298-bd88-206eb36b9233	15	20988347	21085447	11	0.778
d673a9ce-f06e-4298-bd88-206eb36b9233	15	21096887	25174845	1525	0.0368
d673a9ce-f06e-4298-bd88-206eb36b9233	15	25176460	25185081	6	-1.1134
d673a9ce-f06e-4298-bd88-206eb36b9233	15	25185096	27784099	1973	0.0013
d673a9ce-f06e-4298-bd88-206eb36b9233	15	27784117	30839824	1272	0.0665
d673a9ce-f06e-4298-bd88-206eb36b9233	15	30842699	76586021	28980	0.0016
d673a9ce-f06e-4298-bd88-206eb36b9233	15	76598900	76603434	22	0.7127
d673a9ce-f06e-4298-bd88-206eb36b9233	15	76609838	101928837	17620	0.0102
d673a9ce-f06e-4298-bd88-206eb36b9233	16	10777	601525	274	0.1233
d673a9ce-f06e-4298-bd88-206eb36b9233	16	601599	14652868	10817	0.0053
d673a9ce-f06e-4298-bd88-206eb36b9233	16	14653245	16269368	666	0.0961
d673a9ce-f06e-4298-bd88-206eb36b9233	16	16419234	16614737	29	0.5672
d673a9ce-f06e-4298-bd88-206eb36b9233	16	16620150	18540265	995	0.0362
d673a9ce-f06e-4298-bd88-206eb36b9233	16	18545398	18705983	14	0.4616
d673a9ce-f06e-4298-bd88-206eb36b9233	16	18713525	70105639	22926	0.0063
d673a9ce-f06e-4298-bd88-206eb36b9233	16	70117657	70164427	13	0.5051
d673a9ce-f06e-4298-bd88-206eb36b9233	16	70164453	78337711	5512	0.0084
d673a9ce-f06e-4298-bd88-206eb36b9233	16	78338543	78349243	15	-2.1201
d673a9ce-f06e-4298-bd88-206eb36b9233	16	78350841	83993072	6333	0.0133
d673a9ce-f06e-4298-bd88-206eb36b9233	16	83995067	84876056	803	0.0906
d673a9ce-f06e-4298-bd88-206eb36b9233	16	84877016	87736282	2460	0.0154
d673a9ce-f06e-4298-bd88-206eb36b9233	16	87736345	87736452	2	-1.0867
d673a9ce-f06e-4298-bd88-206eb36b9233	16	87740187	88594219	379	0.0212
d673a9ce-f06e-4298-bd88-206eb36b9233	16	88594428	90096867	647	0.1148
d673a9ce-f06e-4298-bd88-206eb36b9233	17	150733	1504582	657	0.077
d673a9ce-f06e-4298-bd88-206eb36b9233	17	1504603	16759600	9821	0.0059
d673a9ce-f06e-4298-bd88-206eb36b9233	17	16759737	16834846	9	-0.7383
d673a9ce-f06e-4298-bd88-206eb36b9233	17	16838201	18414080	908	0.006
d673a9ce-f06e-4298-bd88-206eb36b9233	17	18452078	18508083	15	1.1523
d673a9ce-f06e-4298-bd88-206eb36b9233	17	18508609	35349487	6401	0.013
d673a9ce-f06e-4298-bd88-206eb36b9233	17	35355491	35431559	39	-0.9673
d673a9ce-f06e-4298-bd88-206eb36b9233	17	35439199	41265456	2972	0.0039
d673a9ce-f06e-4298-bd88-206eb36b9233	17	41266762	41274198	23	1.4939
d673a9ce-f06e-4298-bd88-206eb36b9233	17	41274279	46124022	2528	0.0087
d673a9ce-f06e-4298-bd88-206eb36b9233	17	46124072	46571001	103	-0.2904
d673a9ce-f06e-4298-bd88-206eb36b9233	17	46664059	83091923	21574	0.0077
d673a9ce-f06e-4298-bd88-206eb36b9233	18	48133	122470	13	-0.2017
d673a9ce-f06e-4298-bd88-206eb36b9233	18	136240	40680516	22786	0.0035
d673a9ce-f06e-4298-bd88-206eb36b9233	18	40680526	40685425	14	-0.5424
d673a9ce-f06e-4298-bd88-206eb36b9233	18	40688060	53675521	8910	0.0071
d673a9ce-f06e-4298-bd88-206eb36b9233	18	53677765	53684270	6	-0.9853
d673a9ce-f06e-4298-bd88-206eb36b9233	18	53685778	78900693	18317	0.0116
d673a9ce-f06e-4298-bd88-206eb36b9233	18	78902714	78904863	5	-0.9237
d673a9ce-f06e-4298-bd88-206eb36b9233	18	78906449	80257174	703	0.0602
d673a9ce-f06e-4298-bd88-206eb36b9233	19	90910	55770704	27271	0.0109
d673a9ce-f06e-4298-bd88-206eb36b9233	19	55771003	55771701	4	1.3737
d673a9ce-f06e-4298-bd88-206eb36b9233	19	55774927	58429147	1785	0.0199
d673a9ce-f06e-4298-bd88-206eb36b9233	19	58432041	58433008	2	-3.0304
d673a9ce-f06e-4298-bd88-206eb36b9233	19	58434689	58586487	52	0.1718
d673a9ce-f06e-4298-bd88-206eb36b9233	20	80664	80670	6	0.4349
d673a9ce-f06e-4298-bd88-206eb36b9233	20	80671	63595400	42077	0.0041
d673a9ce-f06e-4298-bd88-206eb36b9233	20	63598636	64324800	306	0.1257
d673a9ce-f06e-4298-bd88-206eb36b9233	21	10354168	46677045	23865	0.0062
d673a9ce-f06e-4298-bd88-206eb36b9233	22	15294547	16443189	53	0.1625
d673a9ce-f06e-4298-bd88-206eb36b9233	22	16446006	18131162	1052	-0.0005
d673a9ce-f06e-4298-bd88-206eb36b9233	22	18131238	21454896	1611	0.0679
d673a9ce-f06e-4298-bd88-206eb36b9233	22	21486385	21491066	6	-1.0717
d673a9ce-f06e-4298-bd88-206eb36b9233	22	21562864	23987520	1673	0.045
d673a9ce-f06e-4298-bd88-206eb36b9233	22	23988078	23989773	2	-2.6917
d673a9ce-f06e-4298-bd88-206eb36b9233	22	23990431	48872888	17650	0.0026
d673a9ce-f06e-4298-bd88-206eb36b9233	22	48874111	48882111	5	-0.6891
d673a9ce-f06e-4298-bd88-206eb36b9233	22	48885900	50796027	1230	0.0728
d673a9ce-f06e-4298-bd88-206eb36b9233	X	251810	11963609	6851	0.0119
d673a9ce-f06e-4298-bd88-206eb36b9233	X	11963912	11965331	2	-4.026
d673a9ce-f06e-4298-bd88-206eb36b9233	X	11965514	30280721	11661	0.005
d673a9ce-f06e-4298-bd88-206eb36b9233	X	30283020	30283109	2	-3.5595
d673a9ce-f06e-4298-bd88-206eb36b9233	X	30283124	122555679	45497	0.0048
d673a9ce-f06e-4298-bd88-206eb36b9233	X	122559355	122561004	3	-2.6428
d673a9ce-f06e-4298-bd88-206eb36b9233	X	122563127	155952689	19587	0.0081
d673a9ce-f06e-4298-bd88-206eb36b9233	Y	2782397	22737592	6434	-0.8955
d673a9ce-f06e-4298-bd88-206eb36b9233	Y	22743060	22804854	4	-3.3623
d673a9ce-f06e-4298-bd88-206eb36b9233	Y	22913244	56872112	202	-0.8776
