GDC_Aliquot	Chromosome	Start	End	Copy_Number	Major_Copy_Number	Minor_Copy_Number
5a5eb3fb-fcca-47bf-be8e-7431634a2361	chr1	13116	30788190	2	1	1
5a5eb3fb-fcca-47bf-be8e-7431634a2361	chr1	30789652	37612628	3	2	1
5a5eb3fb-fcca-47bf-be8e-7431634a2361	chr1	37616450	121742438	2	1	1
5a5eb3fb-fcca-47bf-be8e-7431634a2361	chr1	143417573	158097044	5	4	1
5a5eb3fb-fcca-47bf-be8e-7431634a2361	chr1	158098554	163483008	4	3	1
5a5eb3fb-fcca-47bf-be8e-7431634a2361	chr1	163484121	178772430	4	2	2
5a5eb3fb-fcca-47bf-be8e-7431634a2361	chr1	178774284	179260586	5	4	1
5a5eb3fb-fcca-47bf-be8e-7431634a2361	chr1	179262522	179641527	4	2	2
5a5eb3fb-fcca-47bf-be8e-7431634a2361	chr1	179642729	199908755	3	2	1
5a5eb3fb-fcca-47bf-be8e-7431634a2361	chr1	199910181	248945703	2	1	1
5a5eb3fb-fcca-47bf-be8e-7431634a2361	chr2	10587	87093140	2	1	1
5a5eb3fb-fcca-47bf-be8e-7431634a2361	chr2	87094279	87730663	2	2	0
5a5eb3fb-fcca-47bf-be8e-7431634a2361	chr2	87738134	120493244	3	2	1
5a5eb3fb-fcca-47bf-be8e-7431634a2361	chr2	120495253	136151567	2	1	1
5a5eb3fb-fcca-47bf-be8e-7431634a2361	chr2	136152703	232442662	3	2	1
5a5eb3fb-fcca-47bf-be8e-7431634a2361	chr2	232444316	242183243	2	1	1
5a5eb3fb-fcca-47bf-be8e-7431634a2361	chr3	18519	90281893	2	1	1
5a5eb3fb-fcca-47bf-be8e-7431634a2361	chr3	90283241	99978066	3	2	1
5a5eb3fb-fcca-47bf-be8e-7431634a2361	chr3	99982290	192081537	2	1	1
5a5eb3fb-fcca-47bf-be8e-7431634a2361	chr3	192083020	198181744	3	2	1
5a5eb3fb-fcca-47bf-be8e-7431634a2361	chr4	11961	36589905	2	1	1
5a5eb3fb-fcca-47bf-be8e-7431634a2361	chr4	36591347	38506561	5	3	2
5a5eb3fb-fcca-47bf-be8e-7431634a2361	chr4	38507866	39287853	6	5	1
5a5eb3fb-fcca-47bf-be8e-7431634a2361	chr4	39289462	41688393	3	2	1
5a5eb3fb-fcca-47bf-be8e-7431634a2361	chr4	41689584	43681329	2	1	1
5a5eb3fb-fcca-47bf-be8e-7431634a2361	chr4	43683444	44364758	5	4	1
5a5eb3fb-fcca-47bf-be8e-7431634a2361	chr4	44366132	48045574	3	2	1
5a5eb3fb-fcca-47bf-be8e-7431634a2361	chr4	48046627	49089765	4	2	2
5a5eb3fb-fcca-47bf-be8e-7431634a2361	chr4	49091180	49655995	1	1	0
5a5eb3fb-fcca-47bf-be8e-7431634a2361	chr4	49656999	52774977	5	3	2
5a5eb3fb-fcca-47bf-be8e-7431634a2361	chr4	52776254	52881049	12	10	2
5a5eb3fb-fcca-47bf-be8e-7431634a2361	chr4	52882348	52980404	6	3	3
5a5eb3fb-fcca-47bf-be8e-7431634a2361	chr4	52982057	53926893	12	10	2
5a5eb3fb-fcca-47bf-be8e-7431634a2361	chr4	53928079	55836708	9	7	2
5a5eb3fb-fcca-47bf-be8e-7431634a2361	chr4	55838605	58038055	5	3	2
5a5eb3fb-fcca-47bf-be8e-7431634a2361	chr4	58039089	58221083	9	7	2
5a5eb3fb-fcca-47bf-be8e-7431634a2361	chr4	58222803	63895317	2	1	1
5a5eb3fb-fcca-47bf-be8e-7431634a2361	chr4	63896760	66990439	6	3	3
5a5eb3fb-fcca-47bf-be8e-7431634a2361	chr4	66991446	67053672	2	1	1
5a5eb3fb-fcca-47bf-be8e-7431634a2361	chr4	67055057	67056998	5	3	2
5a5eb3fb-fcca-47bf-be8e-7431634a2361	chr4	67058780	76838514	3	2	1
5a5eb3fb-fcca-47bf-be8e-7431634a2361	chr4	76839522	101930627	2	1	1
5a5eb3fb-fcca-47bf-be8e-7431634a2361	chr4	101931782	115681517	3	2	1
5a5eb3fb-fcca-47bf-be8e-7431634a2361	chr4	115682594	143129092	2	1	1
5a5eb3fb-fcca-47bf-be8e-7431634a2361	chr4	143130123	143610838	5	4	1
5a5eb3fb-fcca-47bf-be8e-7431634a2361	chr4	143612221	146226432	3	2	1
5a5eb3fb-fcca-47bf-be8e-7431634a2361	chr4	146227595	146381385	2	1	1
5a5eb3fb-fcca-47bf-be8e-7431634a2361	chr4	146382726	146409198	7	5	2
5a5eb3fb-fcca-47bf-be8e-7431634a2361	chr4	146410987	168982458	2	1	1
5a5eb3fb-fcca-47bf-be8e-7431634a2361	chr4	168983963	172284261	3	2	1
5a5eb3fb-fcca-47bf-be8e-7431634a2361	chr4	172285751	190122722	2	1	1
5a5eb3fb-fcca-47bf-be8e-7431634a2361	chr5	11882	631904	1	1	0
5a5eb3fb-fcca-47bf-be8e-7431634a2361	chr5	633269	873683	6	5	1
5a5eb3fb-fcca-47bf-be8e-7431634a2361	chr5	874873	960204	2	2	0
5a5eb3fb-fcca-47bf-be8e-7431634a2361	chr5	961395	1100950	4	4	0
5a5eb3fb-fcca-47bf-be8e-7431634a2361	chr5	1102019	1572470	12	11	1
5a5eb3fb-fcca-47bf-be8e-7431634a2361	chr5	1576076	1692215	6	5	1
5a5eb3fb-fcca-47bf-be8e-7431634a2361	chr5	1693460	2146162	3	2	1
5a5eb3fb-fcca-47bf-be8e-7431634a2361	chr5	2147331	2234971	1	1	0
5a5eb3fb-fcca-47bf-be8e-7431634a2361	chr5	2237148	3074676	8	7	1
5a5eb3fb-fcca-47bf-be8e-7431634a2361	chr5	3075802	5690234	6	5	1
5a5eb3fb-fcca-47bf-be8e-7431634a2361	chr5	5691959	7581825	4	3	1
5a5eb3fb-fcca-47bf-be8e-7431634a2361	chr5	7583043	11432966	6	5	1
5a5eb3fb-fcca-47bf-be8e-7431634a2361	chr5	11434978	16011678	4	3	1
5a5eb3fb-fcca-47bf-be8e-7431634a2361	chr5	16012808	18119785	5	4	1
5a5eb3fb-fcca-47bf-be8e-7431634a2361	chr5	18121125	25112801	4	3	1
5a5eb3fb-fcca-47bf-be8e-7431634a2361	chr5	25113888	25158579	7	5	2
5a5eb3fb-fcca-47bf-be8e-7431634a2361	chr5	25160469	28679556	6	5	1
5a5eb3fb-fcca-47bf-be8e-7431634a2361	chr5	28680826	28701874	2	2	0
5a5eb3fb-fcca-47bf-be8e-7431634a2361	chr5	28702894	43356476	2	1	1
5a5eb3fb-fcca-47bf-be8e-7431634a2361	chr5	43357992	43448219	3	3	0
5a5eb3fb-fcca-47bf-be8e-7431634a2361	chr5	43449486	45970899	3	2	1
5a5eb3fb-fcca-47bf-be8e-7431634a2361	chr5	45972105	50132078	4	2	2
5a5eb3fb-fcca-47bf-be8e-7431634a2361	chr5	50133353	50134498	2	2	0
5a5eb3fb-fcca-47bf-be8e-7431634a2361	chr5	50135531	50140992	4	4	0
5a5eb3fb-fcca-47bf-be8e-7431634a2361	chr5	50142480	50142480	6	6	0
5a5eb3fb-fcca-47bf-be8e-7431634a2361	chr5	50143546	108699856	2	1	1
5a5eb3fb-fcca-47bf-be8e-7431634a2361	chr5	108701007	114572703	5	4	1
5a5eb3fb-fcca-47bf-be8e-7431634a2361	chr5	114573708	114860877	8	7	1
5a5eb3fb-fcca-47bf-be8e-7431634a2361	chr5	114862293	181363900	2	1	1
5a5eb3fb-fcca-47bf-be8e-7431634a2361	chr6	100116	47921315	3	2	1
5a5eb3fb-fcca-47bf-be8e-7431634a2361	chr6	47923077	50372069	4	2	2
5a5eb3fb-fcca-47bf-be8e-7431634a2361	chr6	50373382	58375417	2	1	1
5a5eb3fb-fcca-47bf-be8e-7431634a2361	chr6	58376611	58444971	4	2	2
5a5eb3fb-fcca-47bf-be8e-7431634a2361	chr6	58446147	62203462	2	2	0
5a5eb3fb-fcca-47bf-be8e-7431634a2361	chr6	62204550	88564935	1	1	0
5a5eb3fb-fcca-47bf-be8e-7431634a2361	chr6	88566465	88974569	3	3	0
5a5eb3fb-fcca-47bf-be8e-7431634a2361	chr6	88975579	89228515	2	2	0
5a5eb3fb-fcca-47bf-be8e-7431634a2361	chr6	89229553	89270006	2	1	1
5a5eb3fb-fcca-47bf-be8e-7431634a2361	chr6	89271694	97662267	1	1	0
5a5eb3fb-fcca-47bf-be8e-7431634a2361	chr6	97663293	98915724	3	3	0
5a5eb3fb-fcca-47bf-be8e-7431634a2361	chr6	98922013	108820572	1	1	0
5a5eb3fb-fcca-47bf-be8e-7431634a2361	chr6	108821693	141372760	2	2	0
5a5eb3fb-fcca-47bf-be8e-7431634a2361	chr6	141374688	168396648	2	1	1
5a5eb3fb-fcca-47bf-be8e-7431634a2361	chr6	168397683	170740469	1	1	0
5a5eb3fb-fcca-47bf-be8e-7431634a2361	chr7	20608	9611921	3	2	1
5a5eb3fb-fcca-47bf-be8e-7431634a2361	chr7	9614275	57894181	2	1	1
5a5eb3fb-fcca-47bf-be8e-7431634a2361	chr7	57895817	63071154	3	2	1
5a5eb3fb-fcca-47bf-be8e-7431634a2361	chr7	63072214	64834454	2	1	1
5a5eb3fb-fcca-47bf-be8e-7431634a2361	chr7	64835748	67123195	3	2	1
5a5eb3fb-fcca-47bf-be8e-7431634a2361	chr7	67124404	83473852	2	1	1
5a5eb3fb-fcca-47bf-be8e-7431634a2361	chr7	83476526	88632286	4	2	2
5a5eb3fb-fcca-47bf-be8e-7431634a2361	chr7	88633289	88888832	5	4	1
5a5eb3fb-fcca-47bf-be8e-7431634a2361	chr7	88890017	89097538	7	6	1
5a5eb3fb-fcca-47bf-be8e-7431634a2361	chr7	89100452	93821771	6	5	1
5a5eb3fb-fcca-47bf-be8e-7431634a2361	chr7	93823538	95916807	8	7	1
5a5eb3fb-fcca-47bf-be8e-7431634a2361	chr7	95918394	97465970	6	5	1
5a5eb3fb-fcca-47bf-be8e-7431634a2361	chr7	97467225	99662469	7	6	1
5a5eb3fb-fcca-47bf-be8e-7431634a2361	chr7	99668695	100717633	9	8	1
5a5eb3fb-fcca-47bf-be8e-7431634a2361	chr7	100718744	101422050	3	2	1
5a5eb3fb-fcca-47bf-be8e-7431634a2361	chr7	101423155	107282713	2	1	1
5a5eb3fb-fcca-47bf-be8e-7431634a2361	chr7	107284483	108436507	7	6	1
5a5eb3fb-fcca-47bf-be8e-7431634a2361	chr7	108437797	110111617	5	4	1
5a5eb3fb-fcca-47bf-be8e-7431634a2361	chr7	110113137	110212441	2	2	0
5a5eb3fb-fcca-47bf-be8e-7431634a2361	chr7	110214095	110214095	8	6	2
5a5eb3fb-fcca-47bf-be8e-7431634a2361	chr7	110216068	159334386	2	1	1
5a5eb3fb-fcca-47bf-be8e-7431634a2361	chr8	61774	39381849	2	2	0
5a5eb3fb-fcca-47bf-be8e-7431634a2361	chr8	39383651	39490975	4	4	0
5a5eb3fb-fcca-47bf-be8e-7431634a2361	chr8	39492164	43752642	2	2	0
5a5eb3fb-fcca-47bf-be8e-7431634a2361	chr8	43755586	66526105	4	2	2
5a5eb3fb-fcca-47bf-be8e-7431634a2361	chr8	66530906	66647012	7	4	3
5a5eb3fb-fcca-47bf-be8e-7431634a2361	chr8	66653394	66744485	6	3	3
5a5eb3fb-fcca-47bf-be8e-7431634a2361	chr8	66745594	66864717	7	4	3
5a5eb3fb-fcca-47bf-be8e-7431634a2361	chr8	66866228	66911754	6	6	0
5a5eb3fb-fcca-47bf-be8e-7431634a2361	chr8	66914177	96817162	4	2	2
5a5eb3fb-fcca-47bf-be8e-7431634a2361	chr8	96820515	96840866	8	6	2
5a5eb3fb-fcca-47bf-be8e-7431634a2361	chr8	96842310	121453339	4	2	2
5a5eb3fb-fcca-47bf-be8e-7431634a2361	chr8	121454619	122168919	3	2	1
5a5eb3fb-fcca-47bf-be8e-7431634a2361	chr8	122170025	122434390	4	2	2
5a5eb3fb-fcca-47bf-be8e-7431634a2361	chr8	122435538	138141131	3	2	1
5a5eb3fb-fcca-47bf-be8e-7431634a2361	chr8	138142242	145078402	2	2	0
5a5eb3fb-fcca-47bf-be8e-7431634a2361	chr9	10469	126439	3	2	1
5a5eb3fb-fcca-47bf-be8e-7431634a2361	chr9	127455	43070419	2	1	1
5a5eb3fb-fcca-47bf-be8e-7431634a2361	chr9	60839871	64819404	2	2	0
5a5eb3fb-fcca-47bf-be8e-7431634a2361	chr9	64821670	64843681	6	6	0
5a5eb3fb-fcca-47bf-be8e-7431634a2361	chr9	64847204	64857044	5	5	0
5a5eb3fb-fcca-47bf-be8e-7431634a2361	chr9	64858532	64861792	2	2	0
5a5eb3fb-fcca-47bf-be8e-7431634a2361	chr9	64862934	64866666	7	7	0
5a5eb3fb-fcca-47bf-be8e-7431634a2361	chr9	64869271	64870650	8	8	0
5a5eb3fb-fcca-47bf-be8e-7431634a2361	chr9	64872810	64897188	6	6	0
5a5eb3fb-fcca-47bf-be8e-7431634a2361	chr9	64899782	64912973	4	4	0
5a5eb3fb-fcca-47bf-be8e-7431634a2361	chr9	64915757	64922931	2	2	0
5a5eb3fb-fcca-47bf-be8e-7431634a2361	chr9	64925435	64986675	6	6	0
5a5eb3fb-fcca-47bf-be8e-7431634a2361	chr9	64988379	64993512	8	8	0
5a5eb3fb-fcca-47bf-be8e-7431634a2361	chr9	64995132	68693420	2	2	0
5a5eb3fb-fcca-47bf-be8e-7431634a2361	chr9	68694791	138256233	2	1	1
5a5eb3fb-fcca-47bf-be8e-7431634a2361	chr10	15029	4300855	2	1	1
5a5eb3fb-fcca-47bf-be8e-7431634a2361	chr10	4302222	9029822	3	2	1
5a5eb3fb-fcca-47bf-be8e-7431634a2361	chr10	9030934	16964864	2	1	1
5a5eb3fb-fcca-47bf-be8e-7431634a2361	chr10	16966172	16974768	1	1	0
5a5eb3fb-fcca-47bf-be8e-7431634a2361	chr10	16975797	42755698	3	2	1
5a5eb3fb-fcca-47bf-be8e-7431634a2361	chr10	42757365	46249948	2	1	1
5a5eb3fb-fcca-47bf-be8e-7431634a2361	chr10	46251051	46299119	2	2	0
5a5eb3fb-fcca-47bf-be8e-7431634a2361	chr10	46300184	49494329	2	1	1
5a5eb3fb-fcca-47bf-be8e-7431634a2361	chr10	49495549	59943503	3	2	1
5a5eb3fb-fcca-47bf-be8e-7431634a2361	chr10	59944539	65303817	4	2	2
5a5eb3fb-fcca-47bf-be8e-7431634a2361	chr10	65304817	133787009	2	1	1
5a5eb3fb-fcca-47bf-be8e-7431634a2361	chr11	87268	135076424	2	1	1
5a5eb3fb-fcca-47bf-be8e-7431634a2361	chr12	11065	1838027	5	5	0
5a5eb3fb-fcca-47bf-be8e-7431634a2361	chr12	1839220	3597202	1	1	0
5a5eb3fb-fcca-47bf-be8e-7431634a2361	chr12	3598443	6469303	5	5	0
5a5eb3fb-fcca-47bf-be8e-7431634a2361	chr12	6470646	6588187	9	9	0
5a5eb3fb-fcca-47bf-be8e-7431634a2361	chr12	6590005	6859577	5	5	0
5a5eb3fb-fcca-47bf-be8e-7431634a2361	chr12	6867524	18496375	2	1	1
5a5eb3fb-fcca-47bf-be8e-7431634a2361	chr12	18497391	18798947	3	3	0
5a5eb3fb-fcca-47bf-be8e-7431634a2361	chr12	18800838	19111930	6	6	0
5a5eb3fb-fcca-47bf-be8e-7431634a2361	chr12	19112987	20289851	2	2	0
5a5eb3fb-fcca-47bf-be8e-7431634a2361	chr12	20291558	20957298	2	1	1
5a5eb3fb-fcca-47bf-be8e-7431634a2361	chr12	20958718	21595233	4	4	0
5a5eb3fb-fcca-47bf-be8e-7431634a2361	chr12	21596620	22535045	2	1	1
5a5eb3fb-fcca-47bf-be8e-7431634a2361	chr12	22536085	22546690	3	3	0
5a5eb3fb-fcca-47bf-be8e-7431634a2361	chr12	22547841	24019236	4	4	0
5a5eb3fb-fcca-47bf-be8e-7431634a2361	chr12	24021344	25629862	7	7	0
5a5eb3fb-fcca-47bf-be8e-7431634a2361	chr12	25630932	27243901	9	9	0
5a5eb3fb-fcca-47bf-be8e-7431634a2361	chr12	27245313	27261166	8	7	1
5a5eb3fb-fcca-47bf-be8e-7431634a2361	chr12	27262400	28911897	4	4	0
5a5eb3fb-fcca-47bf-be8e-7431634a2361	chr12	28912934	31088411	3	3	0
5a5eb3fb-fcca-47bf-be8e-7431634a2361	chr12	31089465	32726609	5	5	0
5a5eb3fb-fcca-47bf-be8e-7431634a2361	chr12	32728524	33862370	2	2	0
5a5eb3fb-fcca-47bf-be8e-7431634a2361	chr12	33863377	37962653	4	4	0
5a5eb3fb-fcca-47bf-be8e-7431634a2361	chr12	37963653	38153023	2	2	0
5a5eb3fb-fcca-47bf-be8e-7431634a2361	chr12	38154152	39106123	1	1	0
5a5eb3fb-fcca-47bf-be8e-7431634a2361	chr12	39107437	75855239	3	2	1
5a5eb3fb-fcca-47bf-be8e-7431634a2361	chr12	75856647	78110859	2	1	1
5a5eb3fb-fcca-47bf-be8e-7431634a2361	chr12	78112558	133264676	3	2	1
5a5eb3fb-fcca-47bf-be8e-7431634a2361	chr13	18445955	22340770	1	1	0
5a5eb3fb-fcca-47bf-be8e-7431634a2361	chr13	22342381	26593265	3	2	1
5a5eb3fb-fcca-47bf-be8e-7431634a2361	chr13	26594680	26709839	1	1	0
5a5eb3fb-fcca-47bf-be8e-7431634a2361	chr13	26710946	27629536	3	2	1
5a5eb3fb-fcca-47bf-be8e-7431634a2361	chr13	27630722	55116974	1	1	0
5a5eb3fb-fcca-47bf-be8e-7431634a2361	chr13	55118359	57038914	2	1	1
5a5eb3fb-fcca-47bf-be8e-7431634a2361	chr13	57040632	62810493	1	1	0
5a5eb3fb-fcca-47bf-be8e-7431634a2361	chr13	62811532	63224721	2	1	1
5a5eb3fb-fcca-47bf-be8e-7431634a2361	chr13	63226357	91952177	1	1	0
5a5eb3fb-fcca-47bf-be8e-7431634a2361	chr13	91954957	92631157	0	0	0
5a5eb3fb-fcca-47bf-be8e-7431634a2361	chr13	92632408	114343123	1	1	0
5a5eb3fb-fcca-47bf-be8e-7431634a2361	chr14	18223583	22528448	3	2	1
5a5eb3fb-fcca-47bf-be8e-7431634a2361	chr14	22529966	106880670	2	1	1
5a5eb3fb-fcca-47bf-be8e-7431634a2361	chr15	19795285	20200936	3	2	1
5a5eb3fb-fcca-47bf-be8e-7431634a2361	chr15	20202570	22267365	2	2	0
5a5eb3fb-fcca-47bf-be8e-7431634a2361	chr15	22270317	83908577	2	1	1
5a5eb3fb-fcca-47bf-be8e-7431634a2361	chr15	83909612	101980591	3	2	1
5a5eb3fb-fcca-47bf-be8e-7431634a2361	chr16	10291	2267776	3	2	1
5a5eb3fb-fcca-47bf-be8e-7431634a2361	chr16	2271035	90226358	2	1	1
5a5eb3fb-fcca-47bf-be8e-7431634a2361	chr17	151035	76049143	2	1	1
5a5eb3fb-fcca-47bf-be8e-7431634a2361	chr17	76050591	83237603	3	2	1
5a5eb3fb-fcca-47bf-be8e-7431634a2361	chr18	16444	15410360	3	2	1
5a5eb3fb-fcca-47bf-be8e-7431634a2361	chr18	20931967	21374594	4	2	2
5a5eb3fb-fcca-47bf-be8e-7431634a2361	chr18	21377632	21419347	4	4	0
5a5eb3fb-fcca-47bf-be8e-7431634a2361	chr18	21421819	25918031	1	1	0
5a5eb3fb-fcca-47bf-be8e-7431634a2361	chr18	25920132	25939504	0	0	0
5a5eb3fb-fcca-47bf-be8e-7431634a2361	chr18	25941157	39096203	1	1	0
5a5eb3fb-fcca-47bf-be8e-7431634a2361	chr18	39097220	80259190	2	1	1
5a5eb3fb-fcca-47bf-be8e-7431634a2361	chr19	157892	24324012	2	2	0
5a5eb3fb-fcca-47bf-be8e-7431634a2361	chr19	24325041	27262789	3	2	1
5a5eb3fb-fcca-47bf-be8e-7431634a2361	chr19	27263800	27727522	12	10	2
5a5eb3fb-fcca-47bf-be8e-7431634a2361	chr19	27728655	28824699	8	7	1
5a5eb3fb-fcca-47bf-be8e-7431634a2361	chr19	28825720	30849845	11	10	1
5a5eb3fb-fcca-47bf-be8e-7431634a2361	chr19	30851362	32104364	13	12	1
5a5eb3fb-fcca-47bf-be8e-7431634a2361	chr19	32105393	32299563	8	7	1
5a5eb3fb-fcca-47bf-be8e-7431634a2361	chr19	32303087	58607412	2	1	1
5a5eb3fb-fcca-47bf-be8e-7431634a2361	chr20	80457	12522762	6	3	3
5a5eb3fb-fcca-47bf-be8e-7431634a2361	chr20	12523930	26334093	5	3	2
5a5eb3fb-fcca-47bf-be8e-7431634a2361	chr20	26335827	31263614	5	4	1
5a5eb3fb-fcca-47bf-be8e-7431634a2361	chr20	31264825	42128152	2	1	1
5a5eb3fb-fcca-47bf-be8e-7431634a2361	chr20	42129402	42415071	5	4	1
5a5eb3fb-fcca-47bf-be8e-7431634a2361	chr20	42416111	47768626	2	1	1
5a5eb3fb-fcca-47bf-be8e-7431634a2361	chr20	47769838	49266356	5	4	1
5a5eb3fb-fcca-47bf-be8e-7431634a2361	chr20	49267405	51054474	2	1	1
5a5eb3fb-fcca-47bf-be8e-7431634a2361	chr20	51055776	52289471	5	4	1
5a5eb3fb-fcca-47bf-be8e-7431634a2361	chr20	52290643	52430426	5	5	0
5a5eb3fb-fcca-47bf-be8e-7431634a2361	chr20	52431443	53486636	8	7	1
5a5eb3fb-fcca-47bf-be8e-7431634a2361	chr20	53487813	54489814	12	11	1
5a5eb3fb-fcca-47bf-be8e-7431634a2361	chr20	54493082	56409689	6	5	1
5a5eb3fb-fcca-47bf-be8e-7431634a2361	chr20	56411164	56423488	3	3	0
5a5eb3fb-fcca-47bf-be8e-7431634a2361	chr20	56424957	56577885	4	3	1
5a5eb3fb-fcca-47bf-be8e-7431634a2361	chr20	56579218	57276483	2	1	1
5a5eb3fb-fcca-47bf-be8e-7431634a2361	chr20	57280737	58688690	6	5	1
5a5eb3fb-fcca-47bf-be8e-7431634a2361	chr20	58689850	59585573	4	3	1
5a5eb3fb-fcca-47bf-be8e-7431634a2361	chr20	59586998	60696499	2	1	1
5a5eb3fb-fcca-47bf-be8e-7431634a2361	chr20	60697674	62704555	3	2	1
5a5eb3fb-fcca-47bf-be8e-7431634a2361	chr20	62705664	64331516	4	2	2
5a5eb3fb-fcca-47bf-be8e-7431634a2361	chr21	7762688	14621636	2	2	0
5a5eb3fb-fcca-47bf-be8e-7431634a2361	chr21	14623955	17117793	1	1	0
5a5eb3fb-fcca-47bf-be8e-7431634a2361	chr21	17119656	17137904	0	0	0
5a5eb3fb-fcca-47bf-be8e-7431634a2361	chr21	17138921	30815125	1	1	0
5a5eb3fb-fcca-47bf-be8e-7431634a2361	chr21	30817190	32210410	5	4	1
5a5eb3fb-fcca-47bf-be8e-7431634a2361	chr21	32211506	34021320	4	4	0
5a5eb3fb-fcca-47bf-be8e-7431634a2361	chr21	34022442	46699722	1	1	0
5a5eb3fb-fcca-47bf-be8e-7431634a2361	chr22	15284540	15367954	8	4	4
5a5eb3fb-fcca-47bf-be8e-7431634a2361	chr22	15369969	15380035	2	2	0
5a5eb3fb-fcca-47bf-be8e-7431634a2361	chr22	15385242	15386336	10	10	0
5a5eb3fb-fcca-47bf-be8e-7431634a2361	chr22	15388840	15408297	5	5	0
5a5eb3fb-fcca-47bf-be8e-7431634a2361	chr22	15412353	15417845	7	7	0
5a5eb3fb-fcca-47bf-be8e-7431634a2361	chr22	15420206	15454115	4	4	0
5a5eb3fb-fcca-47bf-be8e-7431634a2361	chr22	15465444	15489149	5	5	0
5a5eb3fb-fcca-47bf-be8e-7431634a2361	chr22	15492872	15500570	11	11	0
5a5eb3fb-fcca-47bf-be8e-7431634a2361	chr22	15515496	15581687	6	6	0
5a5eb3fb-fcca-47bf-be8e-7431634a2361	chr22	15633618	15692613	6	3	3
5a5eb3fb-fcca-47bf-be8e-7431634a2361	chr22	15700341	50802392	2	1	1
5a5eb3fb-fcca-47bf-be8e-7431634a2361	chrX	2781514	23222567	1	1	0
5a5eb3fb-fcca-47bf-be8e-7431634a2361	chrX	23223660	23231679	0	0	0
5a5eb3fb-fcca-47bf-be8e-7431634a2361	chrX	23232717	34292101	1	1	0
5a5eb3fb-fcca-47bf-be8e-7431634a2361	chrX	34294477	34321012	0	0	0
5a5eb3fb-fcca-47bf-be8e-7431634a2361	chrX	34322840	58290957	1	1	0
5a5eb3fb-fcca-47bf-be8e-7431634a2361	chrX	58293184	62736008	3	3	0
5a5eb3fb-fcca-47bf-be8e-7431634a2361	chrX	62740512	82569111	2	2	0
5a5eb3fb-fcca-47bf-be8e-7431634a2361	chrX	82570216	82579738	8	8	0
5a5eb3fb-fcca-47bf-be8e-7431634a2361	chrX	82581117	92378717	2	2	0
5a5eb3fb-fcca-47bf-be8e-7431634a2361	chrX	92380406	92388119	0	0	0
5a5eb3fb-fcca-47bf-be8e-7431634a2361	chrX	92389843	111161379	2	2	0
5a5eb3fb-fcca-47bf-be8e-7431634a2361	chrX	111162656	111176798	6	6	0
5a5eb3fb-fcca-47bf-be8e-7431634a2361	chrX	111178003	114207728	2	2	0
5a5eb3fb-fcca-47bf-be8e-7431634a2361	chrX	114208868	114371269	3	3	0
5a5eb3fb-fcca-47bf-be8e-7431634a2361	chrX	114372643	129449598	2	2	0
5a5eb3fb-fcca-47bf-be8e-7431634a2361	chrX	129450851	129823664	3	3	0
5a5eb3fb-fcca-47bf-be8e-7431634a2361	chrX	129825556	132217822	2	2	0
5a5eb3fb-fcca-47bf-be8e-7431634a2361	chrX	132221086	132287074	3	3	0
5a5eb3fb-fcca-47bf-be8e-7431634a2361	chrX	132288251	132356407	0	0	0
5a5eb3fb-fcca-47bf-be8e-7431634a2361	chrX	132361492	139836134	2	2	0
5a5eb3fb-fcca-47bf-be8e-7431634a2361	chrX	139837337	139868444	4	4	0
5a5eb3fb-fcca-47bf-be8e-7431634a2361	chrX	139870212	155699751	2	2	0
5a5eb3fb-fcca-47bf-be8e-7431634a2361	chrY	2789135	26622951	1	1	0
