GDC_Aliquot	Chromosome	Start	End	Num_Probes	Segment_Mean
d151e3fc-1477-4a07-bc49-5566fc9776f4	1	62920	25256800	14008	0.0007
d151e3fc-1477-4a07-bc49-5566fc9776f4	1	25256850	25284961	15	0.6025
d151e3fc-1477-4a07-bc49-5566fc9776f4	1	25289805	34626073	4961	0.005
d151e3fc-1477-4a07-bc49-5566fc9776f4	1	34637053	34638890	20	-0.4713
d151e3fc-1477-4a07-bc49-5566fc9776f4	1	34648667	72303233	23762	0.001
d151e3fc-1477-4a07-bc49-5566fc9776f4	1	72303253	72345450	44	-1.0094
d151e3fc-1477-4a07-bc49-5566fc9776f4	1	72345465	81422771	5778	0.0091
d151e3fc-1477-4a07-bc49-5566fc9776f4	1	81422917	81422920	2	1.5215
d151e3fc-1477-4a07-bc49-5566fc9776f4	1	81422982	103616762	14246	0.0006
d151e3fc-1477-4a07-bc49-5566fc9776f4	1	103620877	103761017	9	0.5399
d151e3fc-1477-4a07-bc49-5566fc9776f4	1	103764621	105470754	914	0.0079
d151e3fc-1477-4a07-bc49-5566fc9776f4	1	105476583	105517976	54	0.3076
d151e3fc-1477-4a07-bc49-5566fc9776f4	1	105518099	109690352	2600	0.0097
d151e3fc-1477-4a07-bc49-5566fc9776f4	1	109690415	109697556	12	-1.0132
d151e3fc-1477-4a07-bc49-5566fc9776f4	1	109702376	152583051	9577	0.0087
d151e3fc-1477-4a07-bc49-5566fc9776f4	1	152583230	152613762	31	-1.6496
d151e3fc-1477-4a07-bc49-5566fc9776f4	1	152613802	161539085	5465	0.0002
d151e3fc-1477-4a07-bc49-5566fc9776f4	1	161553345	161649268	11	0.5455
d151e3fc-1477-4a07-bc49-5566fc9776f4	1	161678447	169247699	6006	-0.0078
d151e3fc-1477-4a07-bc49-5566fc9776f4	1	169264736	169286164	10	0.6276
d151e3fc-1477-4a07-bc49-5566fc9776f4	1	169287263	174827418	3516	0.0064
d151e3fc-1477-4a07-bc49-5566fc9776f4	1	174827561	174828195	6	-0.8937
d151e3fc-1477-4a07-bc49-5566fc9776f4	1	174828247	194479104	13196	0.0031
d151e3fc-1477-4a07-bc49-5566fc9776f4	1	194482281	194485888	2	1.8986
d151e3fc-1477-4a07-bc49-5566fc9776f4	1	194487886	195378851	550	0.0372
d151e3fc-1477-4a07-bc49-5566fc9776f4	1	195379014	195379808	2	1.503
d151e3fc-1477-4a07-bc49-5566fc9776f4	1	195380656	196745692	899	0.007
d151e3fc-1477-4a07-bc49-5566fc9776f4	1	196745743	196843377	60	0.3199
d151e3fc-1477-4a07-bc49-5566fc9776f4	1	196843400	196846661	2	3.4316
d151e3fc-1477-4a07-bc49-5566fc9776f4	1	196847600	196977676	82	0.1026
d151e3fc-1477-4a07-bc49-5566fc9776f4	1	196977739	198335406	737	0.0051
d151e3fc-1477-4a07-bc49-5566fc9776f4	1	198337730	198338649	3	-1.0448
d151e3fc-1477-4a07-bc49-5566fc9776f4	1	198342229	202073744	2591	0.0012
d151e3fc-1477-4a07-bc49-5566fc9776f4	1	202075400	202082856	2	-1.2387
d151e3fc-1477-4a07-bc49-5566fc9776f4	1	202082885	243139864	28677	0.0019
d151e3fc-1477-4a07-bc49-5566fc9776f4	1	243143622	243144364	2	1.3641
d151e3fc-1477-4a07-bc49-5566fc9776f4	1	243145889	247656685	3008	-0.001
d151e3fc-1477-4a07-bc49-5566fc9776f4	1	247664666	248930189	704	0.0756
d151e3fc-1477-4a07-bc49-5566fc9776f4	2	12784	6259887	4832	0.0141
d151e3fc-1477-4a07-bc49-5566fc9776f4	2	6261777	6262028	2	-1.6054
d151e3fc-1477-4a07-bc49-5566fc9776f4	2	6262164	18139320	8869	0.0037
d151e3fc-1477-4a07-bc49-5566fc9776f4	2	18147073	18162673	21	0.4943
d151e3fc-1477-4a07-bc49-5566fc9776f4	2	18171139	24378642	4202	0.0049
d151e3fc-1477-4a07-bc49-5566fc9776f4	2	24378911	24387919	17	-0.7458
d151e3fc-1477-4a07-bc49-5566fc9776f4	2	24388259	33187980	5143	0.0026
d151e3fc-1477-4a07-bc49-5566fc9776f4	2	33188126	33194902	3	1.2808
d151e3fc-1477-4a07-bc49-5566fc9776f4	2	33203167	34295406	897	0.0051
d151e3fc-1477-4a07-bc49-5566fc9776f4	2	34298911	34300513	2	-1.3625
d151e3fc-1477-4a07-bc49-5566fc9776f4	2	34300900	34460213	94	0.0221
d151e3fc-1477-4a07-bc49-5566fc9776f4	2	34466002	34511446	46	-0.2302
d151e3fc-1477-4a07-bc49-5566fc9776f4	2	34511990	35750907	872	0.0121
d151e3fc-1477-4a07-bc49-5566fc9776f4	2	35752724	35762881	7	-1.3062
d151e3fc-1477-4a07-bc49-5566fc9776f4	2	35772407	52516787	12122	0.0071
d151e3fc-1477-4a07-bc49-5566fc9776f4	2	52527330	52537070	16	0.6388
d151e3fc-1477-4a07-bc49-5566fc9776f4	2	52537091	52554157	16	1.0197
d151e3fc-1477-4a07-bc49-5566fc9776f4	2	52554188	52554404	8	0.552
d151e3fc-1477-4a07-bc49-5566fc9776f4	2	52560811	57178889	3352	0.0157
d151e3fc-1477-4a07-bc49-5566fc9776f4	2	57178926	57179330	3	1.2108
d151e3fc-1477-4a07-bc49-5566fc9776f4	2	57179424	87223346	18669	0.0078
d151e3fc-1477-4a07-bc49-5566fc9776f4	2	87225631	87245291	4	-0.8694
d151e3fc-1477-4a07-bc49-5566fc9776f4	2	87249453	89960252	748	0.013
d151e3fc-1477-4a07-bc49-5566fc9776f4	2	89963133	90228237	119	-0.7897
d151e3fc-1477-4a07-bc49-5566fc9776f4	2	90228255	97359380	947	0.005
d151e3fc-1477-4a07-bc49-5566fc9776f4	2	97359885	97545247	9	-0.786
d151e3fc-1477-4a07-bc49-5566fc9776f4	2	97545726	132084473	20513	0.0044
d151e3fc-1477-4a07-bc49-5566fc9776f4	2	132088703	132101513	3	1.0734
d151e3fc-1477-4a07-bc49-5566fc9776f4	2	132105177	146104517	8874	0.0047
d151e3fc-1477-4a07-bc49-5566fc9776f4	2	146106836	146109366	24	0.7867
d151e3fc-1477-4a07-bc49-5566fc9776f4	2	146120238	184451949	23687	0.0039
d151e3fc-1477-4a07-bc49-5566fc9776f4	2	184452153	184455332	4	1.1511
d151e3fc-1477-4a07-bc49-5566fc9776f4	2	184460792	242147305	35351	0.0045
d151e3fc-1477-4a07-bc49-5566fc9776f4	3	20930	130837	98	-0.0346
d151e3fc-1477-4a07-bc49-5566fc9776f4	3	131059	1939883	1638	0.0594
d151e3fc-1477-4a07-bc49-5566fc9776f4	3	1940909	68675541	46025	0.0052
d151e3fc-1477-4a07-bc49-5566fc9776f4	3	68676600	68698262	17	0.9908
d151e3fc-1477-4a07-bc49-5566fc9776f4	3	68699607	162794951	54932	0.0055
d151e3fc-1477-4a07-bc49-5566fc9776f4	3	162795304	162908207	68	0.4451
d151e3fc-1477-4a07-bc49-5566fc9776f4	3	162908784	193160113	19152	0.0096
d151e3fc-1477-4a07-bc49-5566fc9776f4	3	193160173	193165114	19	-0.3647
d151e3fc-1477-4a07-bc49-5566fc9776f4	3	193168646	195934679	1608	-0.0008
d151e3fc-1477-4a07-bc49-5566fc9776f4	3	195963975	195998433	8	-0.692
d151e3fc-1477-4a07-bc49-5566fc9776f4	3	196012333	198169247	1077	0.0117
d151e3fc-1477-4a07-bc49-5566fc9776f4	4	68929	190106768	117093	0.0082
d151e3fc-1477-4a07-bc49-5566fc9776f4	5	15532	773453	333	0.033
d151e3fc-1477-4a07-bc49-5566fc9776f4	5	779766	852451	21	-0.6443
d151e3fc-1477-4a07-bc49-5566fc9776f4	5	863682	12785150	9824	0.0044
d151e3fc-1477-4a07-bc49-5566fc9776f4	5	12790757	12849089	19	0.6555
d151e3fc-1477-4a07-bc49-5566fc9776f4	5	12857021	17515692	3172	0.004
d151e3fc-1477-4a07-bc49-5566fc9776f4	5	17601444	17625524	11	-0.6678
d151e3fc-1477-4a07-bc49-5566fc9776f4	5	17629411	21376735	2277	0.01
d151e3fc-1477-4a07-bc49-5566fc9776f4	5	21377730	21377744	2	-1.1819
d151e3fc-1477-4a07-bc49-5566fc9776f4	5	21385957	21449167	44	0.0389
d151e3fc-1477-4a07-bc49-5566fc9776f4	5	21451091	21451855	3	-1.5235
d151e3fc-1477-4a07-bc49-5566fc9776f4	5	21451889	45701926	14796	0.003
d151e3fc-1477-4a07-bc49-5566fc9776f4	5	45701947	50856267	475	0.0842
d151e3fc-1477-4a07-bc49-5566fc9776f4	5	50856621	86815939	21746	0.0001
d151e3fc-1477-4a07-bc49-5566fc9776f4	5	86819561	86823329	3	-2.2191
d151e3fc-1477-4a07-bc49-5566fc9776f4	5	86825812	99282990	6846	0.0028
d151e3fc-1477-4a07-bc49-5566fc9776f4	5	99283117	100071822	487	0.1024
d151e3fc-1477-4a07-bc49-5566fc9776f4	5	100076887	104515520	2549	0.0124
d151e3fc-1477-4a07-bc49-5566fc9776f4	5	104524672	104524903	4	1.0791
d151e3fc-1477-4a07-bc49-5566fc9776f4	5	104525348	113988573	6358	0.0101
d151e3fc-1477-4a07-bc49-5566fc9776f4	5	113991308	113999622	10	-0.8697
d151e3fc-1477-4a07-bc49-5566fc9776f4	5	113999692	116199251	1563	0.0118
d151e3fc-1477-4a07-bc49-5566fc9776f4	5	116201698	116201705	2	-1.224
d151e3fc-1477-4a07-bc49-5566fc9776f4	5	116201735	118050922	1450	-0.0009
d151e3fc-1477-4a07-bc49-5566fc9776f4	5	118052727	118053390	11	-0.5817
d151e3fc-1477-4a07-bc49-5566fc9776f4	5	118068645	119508143	939	-0.0122
d151e3fc-1477-4a07-bc49-5566fc9776f4	5	119508585	119508868	3	-1.0562
d151e3fc-1477-4a07-bc49-5566fc9776f4	5	119514980	138469431	11799	0.0052
d151e3fc-1477-4a07-bc49-5566fc9776f4	5	138472272	138480022	17	-0.7514
d151e3fc-1477-4a07-bc49-5566fc9776f4	5	138480779	152135825	8602	0.0054
d151e3fc-1477-4a07-bc49-5566fc9776f4	5	152135909	152138790	13	-0.5869
d151e3fc-1477-4a07-bc49-5566fc9776f4	5	152140710	170602579	12904	0.0044
d151e3fc-1477-4a07-bc49-5566fc9776f4	5	170603229	170603267	2	-1.555
d151e3fc-1477-4a07-bc49-5566fc9776f4	5	170605296	177771448	4569	-0.0007
d151e3fc-1477-4a07-bc49-5566fc9776f4	5	177800550	177827964	4	1.782
d151e3fc-1477-4a07-bc49-5566fc9776f4	5	177832414	177959312	20	0.0777
d151e3fc-1477-4a07-bc49-5566fc9776f4	5	177963074	177973282	8	-0.7983
d151e3fc-1477-4a07-bc49-5566fc9776f4	5	177973867	180947484	1764	0.0027
d151e3fc-1477-4a07-bc49-5566fc9776f4	5	180947523	181006225	21	0.5049
d151e3fc-1477-4a07-bc49-5566fc9776f4	5	181006264	181363319	169	0.0135
d151e3fc-1477-4a07-bc49-5566fc9776f4	6	149661	254283	101	-0.0193
d151e3fc-1477-4a07-bc49-5566fc9776f4	6	257353	387532	110	0.208
d151e3fc-1477-4a07-bc49-5566fc9776f4	6	387659	31318528	22114	0.0026
d151e3fc-1477-4a07-bc49-5566fc9776f4	6	31318754	31328674	9	0.9957
d151e3fc-1477-4a07-bc49-5566fc9776f4	6	31342147	32463515	497	0.0339
d151e3fc-1477-4a07-bc49-5566fc9776f4	6	32463775	32602588	34	1.1226
d151e3fc-1477-4a07-bc49-5566fc9776f4	6	32605994	33970966	834	0.033
d151e3fc-1477-4a07-bc49-5566fc9776f4	6	33974234	33974928	6	-0.7058
d151e3fc-1477-4a07-bc49-5566fc9776f4	6	33976809	54980887	13500	0.0033
d151e3fc-1477-4a07-bc49-5566fc9776f4	6	54983657	54987314	5	-0.7621
d151e3fc-1477-4a07-bc49-5566fc9776f4	6	54992409	64627049	3615	0.0121
d151e3fc-1477-4a07-bc49-5566fc9776f4	6	64637651	64639099	2	-2.3812
d151e3fc-1477-4a07-bc49-5566fc9776f4	6	64640883	76726815	7936	0.0126
d151e3fc-1477-4a07-bc49-5566fc9776f4	6	76730151	76742665	15	-3.5038
d151e3fc-1477-4a07-bc49-5566fc9776f4	6	76742675	76742956	4	-1.5291
d151e3fc-1477-4a07-bc49-5566fc9776f4	6	76742972	78285373	1011	0.0025
d151e3fc-1477-4a07-bc49-5566fc9776f4	6	78285389	78317580	72	-0.1795
d151e3fc-1477-4a07-bc49-5566fc9776f4	6	78317642	94006909	10056	0.0081
d151e3fc-1477-4a07-bc49-5566fc9776f4	6	94006931	95393356	640	0.093
d151e3fc-1477-4a07-bc49-5566fc9776f4	6	95393618	124110629	17504	0.0046
d151e3fc-1477-4a07-bc49-5566fc9776f4	6	124114796	124149616	21	0.4296
d151e3fc-1477-4a07-bc49-5566fc9776f4	6	124150388	143546656	12514	0.0049
d151e3fc-1477-4a07-bc49-5566fc9776f4	6	143548730	143551460	6	-0.9865
d151e3fc-1477-4a07-bc49-5566fc9776f4	6	143553010	170741917	18920	0.0027
d151e3fc-1477-4a07-bc49-5566fc9776f4	7	43355	3355528	1424	0.0006
d151e3fc-1477-4a07-bc49-5566fc9776f4	7	3355614	3355694	2	-1.7996
d151e3fc-1477-4a07-bc49-5566fc9776f4	7	3359128	8436772	3328	0.0108
d151e3fc-1477-4a07-bc49-5566fc9776f4	7	8437812	10470109	1658	0.0542
d151e3fc-1477-4a07-bc49-5566fc9776f4	7	10470566	15392007	3968	-0.0052
d151e3fc-1477-4a07-bc49-5566fc9776f4	7	15392045	15393664	2	-1.4339
d151e3fc-1477-4a07-bc49-5566fc9776f4	7	15394440	54318812	28085	0.0031
d151e3fc-1477-4a07-bc49-5566fc9776f4	7	54318816	54318824	5	-2.2461
d151e3fc-1477-4a07-bc49-5566fc9776f4	7	54325795	66143569	3381	0.0131
d151e3fc-1477-4a07-bc49-5566fc9776f4	7	66143851	66144178	2	-1.3283
d151e3fc-1477-4a07-bc49-5566fc9776f4	7	66144214	76524031	4889	0.0114
d151e3fc-1477-4a07-bc49-5566fc9776f4	7	76524046	76527224	2	-1.2673
d151e3fc-1477-4a07-bc49-5566fc9776f4	7	76531980	88469520	7556	0.0041
d151e3fc-1477-4a07-bc49-5566fc9776f4	7	88469750	90556226	1387	0.0568
d151e3fc-1477-4a07-bc49-5566fc9776f4	7	90556754	91728554	849	-0.0117
d151e3fc-1477-4a07-bc49-5566fc9776f4	7	91728979	91729639	6	0.8418
d151e3fc-1477-4a07-bc49-5566fc9776f4	7	91729718	109793741	10353	0.0065
d151e3fc-1477-4a07-bc49-5566fc9776f4	7	109797035	109813801	34	0.3162
d151e3fc-1477-4a07-bc49-5566fc9776f4	7	109813853	121370844	6919	0.0052
d151e3fc-1477-4a07-bc49-5566fc9776f4	7	121377419	121380073	2	-1.3515
d151e3fc-1477-4a07-bc49-5566fc9776f4	7	121380676	134100424	7814	0.0105
d151e3fc-1477-4a07-bc49-5566fc9776f4	7	134100442	134130675	40	0.4312
d151e3fc-1477-4a07-bc49-5566fc9776f4	7	134130692	144255220	6423	0.0142
d151e3fc-1477-4a07-bc49-5566fc9776f4	7	144255475	144352208	12	-0.4748
d151e3fc-1477-4a07-bc49-5566fc9776f4	7	144377836	159334314	9642	0.013
d151e3fc-1477-4a07-bc49-5566fc9776f4	8	81254	3605817	2869	0.0195
d151e3fc-1477-4a07-bc49-5566fc9776f4	8	3605923	4050285	690	0.0608
d151e3fc-1477-4a07-bc49-5566fc9776f4	8	4050319	4050928	4	-1.0432
d151e3fc-1477-4a07-bc49-5566fc9776f4	8	4052574	6358344	3334	0.048
d151e3fc-1477-4a07-bc49-5566fc9776f4	8	6359290	7167045	820	-0.0088
d151e3fc-1477-4a07-bc49-5566fc9776f4	8	7172468	7185818	5	-0.7961
d151e3fc-1477-4a07-bc49-5566fc9776f4	8	7296545	12092042	3291	0.0141
d151e3fc-1477-4a07-bc49-5566fc9776f4	8	12130217	12143614	6	-0.7932
d151e3fc-1477-4a07-bc49-5566fc9776f4	8	12176798	16339682	3510	0.0192
d151e3fc-1477-4a07-bc49-5566fc9776f4	8	16349445	16436539	91	0.2031
d151e3fc-1477-4a07-bc49-5566fc9776f4	8	16445015	39373140	15888	0.0044
d151e3fc-1477-4a07-bc49-5566fc9776f4	8	39378084	39529446	58	-1.9237
d151e3fc-1477-4a07-bc49-5566fc9776f4	8	39530780	40914477	1074	0.004
d151e3fc-1477-4a07-bc49-5566fc9776f4	8	40920333	40920952	2	-1.8571
d151e3fc-1477-4a07-bc49-5566fc9776f4	8	40926161	114596872	42729	0.0022
d151e3fc-1477-4a07-bc49-5566fc9776f4	8	114599367	114874204	209	0.1208
d151e3fc-1477-4a07-bc49-5566fc9776f4	8	114879397	119139771	2951	-0.0012
d151e3fc-1477-4a07-bc49-5566fc9776f4	8	119142545	119147207	4	-0.8476
d151e3fc-1477-4a07-bc49-5566fc9776f4	8	119150615	122988114	2575	0.0031
d151e3fc-1477-4a07-bc49-5566fc9776f4	8	122991939	122992304	3	-1.2174
d151e3fc-1477-4a07-bc49-5566fc9776f4	8	122992738	128744020	4113	0.0083
d151e3fc-1477-4a07-bc49-5566fc9776f4	8	128750889	128751839	2	-1.9615
d151e3fc-1477-4a07-bc49-5566fc9776f4	8	128765208	141574857	9811	0.0035
d151e3fc-1477-4a07-bc49-5566fc9776f4	8	141576010	141580496	2	-2.2519
d151e3fc-1477-4a07-bc49-5566fc9776f4	8	141585696	145072769	1435	-0.0065
d151e3fc-1477-4a07-bc49-5566fc9776f4	9	46587	280727	141	0.0854
d151e3fc-1477-4a07-bc49-5566fc9776f4	9	282180	602903	367	0.5125
d151e3fc-1477-4a07-bc49-5566fc9776f4	9	606699	606893	3	1.3632
d151e3fc-1477-4a07-bc49-5566fc9776f4	9	606961	739812	211	0.5079
d151e3fc-1477-4a07-bc49-5566fc9776f4	9	739851	1447011	737	0.0317
d151e3fc-1477-4a07-bc49-5566fc9776f4	9	1448017	1449360	7	-1.0036
d151e3fc-1477-4a07-bc49-5566fc9776f4	9	1450010	1490383	47	-0.0405
d151e3fc-1477-4a07-bc49-5566fc9776f4	9	1490407	1556054	153	0.1138
d151e3fc-1477-4a07-bc49-5566fc9776f4	9	1556298	5079156	3575	-0.0029
d151e3fc-1477-4a07-bc49-5566fc9776f4	9	5081416	5081766	8	-0.5224
d151e3fc-1477-4a07-bc49-5566fc9776f4	9	5081852	5097281	20	0.0187
d151e3fc-1477-4a07-bc49-5566fc9776f4	9	5100291	5106023	2	1.3997
d151e3fc-1477-4a07-bc49-5566fc9776f4	9	5106680	6695986	1101	0.0317
d151e3fc-1477-4a07-bc49-5566fc9776f4	9	6701145	6708357	7	-0.6763
d151e3fc-1477-4a07-bc49-5566fc9776f4	9	6712314	9404039	2603	0.0077
d151e3fc-1477-4a07-bc49-5566fc9776f4	9	9404090	12624629	2768	0.047
d151e3fc-1477-4a07-bc49-5566fc9776f4	9	12624943	27995263	12160	0.001
d151e3fc-1477-4a07-bc49-5566fc9776f4	9	27999512	30925081	2114	0.0481
d151e3fc-1477-4a07-bc49-5566fc9776f4	9	30927380	39272359	5112	0.0049
d151e3fc-1477-4a07-bc49-5566fc9776f4	9	39313823	39342578	3	0.9755
d151e3fc-1477-4a07-bc49-5566fc9776f4	9	39342828	42046831	136	-0.0133
d151e3fc-1477-4a07-bc49-5566fc9776f4	9	42073850	42574420	34	0.3753
d151e3fc-1477-4a07-bc49-5566fc9776f4	9	42585140	61369645	50	-0.1369
d151e3fc-1477-4a07-bc49-5566fc9776f4	9	61371448	61860153	44	0.2538
d151e3fc-1477-4a07-bc49-5566fc9776f4	9	61918788	138200944	48061	0.0028
d151e3fc-1477-4a07-bc49-5566fc9776f4	10	45792	2910645	2329	0.0057
d151e3fc-1477-4a07-bc49-5566fc9776f4	10	2910855	2915989	2	1.3279
d151e3fc-1477-4a07-bc49-5566fc9776f4	10	2917539	42704153	26988	0.0037
d151e3fc-1477-4a07-bc49-5566fc9776f4	10	42706787	42756256	37	0.519
d151e3fc-1477-4a07-bc49-5566fc9776f4	10	42758139	44310606	1089	-0.0039
d151e3fc-1477-4a07-bc49-5566fc9776f4	10	44313749	44315181	6	-0.6848
d151e3fc-1477-4a07-bc49-5566fc9776f4	10	44315647	46792344	1258	0.0003
d151e3fc-1477-4a07-bc49-5566fc9776f4	10	46804606	46810571	2	-1.3522
d151e3fc-1477-4a07-bc49-5566fc9776f4	10	46836986	50070600	1680	-0.0026
d151e3fc-1477-4a07-bc49-5566fc9776f4	10	50081224	50132160	4	-1.6013
d151e3fc-1477-4a07-bc49-5566fc9776f4	10	50144008	59605153	6975	0.0144
d151e3fc-1477-4a07-bc49-5566fc9776f4	10	59605316	59605424	2	1.3287
d151e3fc-1477-4a07-bc49-5566fc9776f4	10	59605506	65540090	4019	0.0017
d151e3fc-1477-4a07-bc49-5566fc9776f4	10	65540316	65563037	36	0.2663
d151e3fc-1477-4a07-bc49-5566fc9776f4	10	65563168	87278584	14439	0.0064
d151e3fc-1477-4a07-bc49-5566fc9776f4	10	87286741	87310039	2	1.5981
d151e3fc-1477-4a07-bc49-5566fc9776f4	10	87310988	133654968	31767	0.0047
d151e3fc-1477-4a07-bc49-5566fc9776f4	11	198510	7481032	4534	0.0092
d151e3fc-1477-4a07-bc49-5566fc9776f4	11	7481934	7482164	2	-1.4426
d151e3fc-1477-4a07-bc49-5566fc9776f4	11	7489286	55595864	29928	0.0067
d151e3fc-1477-4a07-bc49-5566fc9776f4	11	55606556	55686100	60	0.3967
d151e3fc-1477-4a07-bc49-5566fc9776f4	11	55693207	65922735	5539	0.0128
d151e3fc-1477-4a07-bc49-5566fc9776f4	11	65925289	65925596	3	-1.0453
d151e3fc-1477-4a07-bc49-5566fc9776f4	11	65927337	86594771	12206	0.0028
d151e3fc-1477-4a07-bc49-5566fc9776f4	11	86594775	86595012	4	-0.9096
d151e3fc-1477-4a07-bc49-5566fc9776f4	11	86604132	135074876	34509	0.0075
d151e3fc-1477-4a07-bc49-5566fc9776f4	12	51460	1551567	881	0.028
d151e3fc-1477-4a07-bc49-5566fc9776f4	12	1551977	1571785	16	0.4165
d151e3fc-1477-4a07-bc49-5566fc9776f4	12	1591340	11078856	6341	0.0035
d151e3fc-1477-4a07-bc49-5566fc9776f4	12	11080319	11088933	5	-1.4992
d151e3fc-1477-4a07-bc49-5566fc9776f4	12	11099275	19314078	5568	0.0084
d151e3fc-1477-4a07-bc49-5566fc9776f4	12	19321836	19428607	54	0.4741
d151e3fc-1477-4a07-bc49-5566fc9776f4	12	19432224	30082648	7637	0.0035
d151e3fc-1477-4a07-bc49-5566fc9776f4	12	30086334	30090698	22	-0.3524
d151e3fc-1477-4a07-bc49-5566fc9776f4	12	30090732	31742077	1228	0.006
d151e3fc-1477-4a07-bc49-5566fc9776f4	12	31745406	31753724	10	0.5961
d151e3fc-1477-4a07-bc49-5566fc9776f4	12	31753738	33141726	1016	-0.0048
d151e3fc-1477-4a07-bc49-5566fc9776f4	12	33148472	33154440	27	-0.4588
d151e3fc-1477-4a07-bc49-5566fc9776f4	12	33155426	33488622	227	-0.0106
d151e3fc-1477-4a07-bc49-5566fc9776f4	12	33502900	33504433	2	1.3365
d151e3fc-1477-4a07-bc49-5566fc9776f4	12	33504799	38770525	1088	0.0641
d151e3fc-1477-4a07-bc49-5566fc9776f4	12	38770600	42767023	2603	0.0047
d151e3fc-1477-4a07-bc49-5566fc9776f4	12	42767047	43338157	395	0.107
d151e3fc-1477-4a07-bc49-5566fc9776f4	12	43338184	45506042	1271	-0.003
d151e3fc-1477-4a07-bc49-5566fc9776f4	12	45510655	45515754	4	-2.0683
d151e3fc-1477-4a07-bc49-5566fc9776f4	12	45519509	67888338	13340	0.0083
d151e3fc-1477-4a07-bc49-5566fc9776f4	12	67891362	67892729	4	-0.9525
d151e3fc-1477-4a07-bc49-5566fc9776f4	12	67893538	99401959	20349	0.0048
d151e3fc-1477-4a07-bc49-5566fc9776f4	12	99401995	99404577	23	-0.38
d151e3fc-1477-4a07-bc49-5566fc9776f4	12	99404748	133201603	22693	0.0064
d151e3fc-1477-4a07-bc49-5566fc9776f4	13	18452809	23055048	2853	0.0113
d151e3fc-1477-4a07-bc49-5566fc9776f4	13	23055071	23059376	13	-0.562
d151e3fc-1477-4a07-bc49-5566fc9776f4	13	23064056	27945217	3659	-0.0024
d151e3fc-1477-4a07-bc49-5566fc9776f4	13	27945240	27945279	2	-1.6451
d151e3fc-1477-4a07-bc49-5566fc9776f4	13	27945292	37496998	6952	0.0018
d151e3fc-1477-4a07-bc49-5566fc9776f4	13	37497899	37510620	16	-1.9168
d151e3fc-1477-4a07-bc49-5566fc9776f4	13	37514193	50970918	9113	0.0021
d151e3fc-1477-4a07-bc49-5566fc9776f4	13	50972775	50975062	2	1.4606
d151e3fc-1477-4a07-bc49-5566fc9776f4	13	50975421	52520664	784	0.0109
d151e3fc-1477-4a07-bc49-5566fc9776f4	13	52523849	52531650	3	-1.5946
d151e3fc-1477-4a07-bc49-5566fc9776f4	13	52543744	66496910	8181	0.0158
d151e3fc-1477-4a07-bc49-5566fc9776f4	13	66498944	66504857	5	1.2581
d151e3fc-1477-4a07-bc49-5566fc9776f4	13	66505215	114342922	32539	0.0039
d151e3fc-1477-4a07-bc49-5566fc9776f4	14	18239283	19921562	146	0.2037
d151e3fc-1477-4a07-bc49-5566fc9776f4	14	19922395	22097597	1508	0.0156
d151e3fc-1477-4a07-bc49-5566fc9776f4	14	22099551	22700963	525	0.1216
d151e3fc-1477-4a07-bc49-5566fc9776f4	14	22701051	46687720	14798	0.0052
d151e3fc-1477-4a07-bc49-5566fc9776f4	14	46691286	46691955	3	-1.0585
d151e3fc-1477-4a07-bc49-5566fc9776f4	14	46693176	105824648	37960	0.004
d151e3fc-1477-4a07-bc49-5566fc9776f4	14	105824880	106416146	199	0.1247
d151e3fc-1477-4a07-bc49-5566fc9776f4	14	106418444	106462183	49	-0.4193
d151e3fc-1477-4a07-bc49-5566fc9776f4	14	106462724	106877229	195	0.0369
d151e3fc-1477-4a07-bc49-5566fc9776f4	15	19811075	21417107	175	0.0631
d151e3fc-1477-4a07-bc49-5566fc9776f4	15	21975606	22299523	30	0.5228
d151e3fc-1477-4a07-bc49-5566fc9776f4	15	22385639	30252720	4632	0.0115
d151e3fc-1477-4a07-bc49-5566fc9776f4	15	30253290	30442554	16	-0.5998
d151e3fc-1477-4a07-bc49-5566fc9776f4	15	30483791	53492691	14244	0.0018
d151e3fc-1477-4a07-bc49-5566fc9776f4	15	53492794	53493082	6	-1.1696
d151e3fc-1477-4a07-bc49-5566fc9776f4	15	53498050	76586021	14795	-0.0016
d151e3fc-1477-4a07-bc49-5566fc9776f4	15	76598900	76603434	22	0.729
d151e3fc-1477-4a07-bc49-5566fc9776f4	15	76609838	96716901	13795	0.0107
d151e3fc-1477-4a07-bc49-5566fc9776f4	15	96718128	96721448	6	-0.809
d151e3fc-1477-4a07-bc49-5566fc9776f4	15	96726551	97265179	375	0.0144
d151e3fc-1477-4a07-bc49-5566fc9776f4	15	97274562	97288957	11	-0.7165
d151e3fc-1477-4a07-bc49-5566fc9776f4	15	97290419	101928837	3425	0.0096
d151e3fc-1477-4a07-bc49-5566fc9776f4	16	10777	19933041	13463	0.0137
d151e3fc-1477-4a07-bc49-5566fc9776f4	16	19934328	19954553	28	-2.3386
d151e3fc-1477-4a07-bc49-5566fc9776f4	16	19956040	20046578	69	-0.004
d151e3fc-1477-4a07-bc49-5566fc9776f4	16	20047451	20047761	3	-2.0718
d151e3fc-1477-4a07-bc49-5566fc9776f4	16	20048355	32198553	6406	0.0122
d151e3fc-1477-4a07-bc49-5566fc9776f4	16	32198778	32513457	11	-0.5742
d151e3fc-1477-4a07-bc49-5566fc9776f4	16	32553191	32852602	6	0.2136
d151e3fc-1477-4a07-bc49-5566fc9776f4	16	32861972	33340712	22	-0.5718
d151e3fc-1477-4a07-bc49-5566fc9776f4	16	33640096	60519407	9876	0.0092
d151e3fc-1477-4a07-bc49-5566fc9776f4	16	60521634	60537315	9	-0.8435
d151e3fc-1477-4a07-bc49-5566fc9776f4	16	60540490	70146322	5815	-0.0012
d151e3fc-1477-4a07-bc49-5566fc9776f4	16	70152235	70164453	6	0.6587
d151e3fc-1477-4a07-bc49-5566fc9776f4	16	70164493	74330951	2293	0.0011
d151e3fc-1477-4a07-bc49-5566fc9776f4	16	74334793	74373481	11	0.5377
d151e3fc-1477-4a07-bc49-5566fc9776f4	16	74418138	90096867	13831	0.0003
d151e3fc-1477-4a07-bc49-5566fc9776f4	17	150733	14451612	9083	0.0091
d151e3fc-1477-4a07-bc49-5566fc9776f4	17	14452851	15695893	941	0.0665
d151e3fc-1477-4a07-bc49-5566fc9776f4	17	15703965	41265456	10784	0.0063
d151e3fc-1477-4a07-bc49-5566fc9776f4	17	41266762	41274198	23	-0.8944
d151e3fc-1477-4a07-bc49-5566fc9776f4	17	41274279	46085231	2499	0.0089
d151e3fc-1477-4a07-bc49-5566fc9776f4	17	46085732	46284997	124	-0.3336
d151e3fc-1477-4a07-bc49-5566fc9776f4	17	46286804	46446360	5	0.8732
d151e3fc-1477-4a07-bc49-5566fc9776f4	17	46569894	53694791	4093	0.0061
d151e3fc-1477-4a07-bc49-5566fc9776f4	17	53695733	53704400	11	-0.8665
d151e3fc-1477-4a07-bc49-5566fc9776f4	17	53705026	78274006	15132	0.0046
d151e3fc-1477-4a07-bc49-5566fc9776f4	17	78279792	78286887	5	0.8171
d151e3fc-1477-4a07-bc49-5566fc9776f4	17	78290662	80655063	1368	0.0069
d151e3fc-1477-4a07-bc49-5566fc9776f4	17	80655993	80660379	2	1.1562
d151e3fc-1477-4a07-bc49-5566fc9776f4	17	80660500	83091923	950	-0.001
d151e3fc-1477-4a07-bc49-5566fc9776f4	18	48133	7748663	5568	0.0146
d151e3fc-1477-4a07-bc49-5566fc9776f4	18	7752786	7755228	2	1.3367
d151e3fc-1477-4a07-bc49-5566fc9776f4	18	7755354	12226369	3311	0.0007
d151e3fc-1477-4a07-bc49-5566fc9776f4	18	12228773	12238864	2	1.219
d151e3fc-1477-4a07-bc49-5566fc9776f4	18	12244141	14807771	1354	0.0114
d151e3fc-1477-4a07-bc49-5566fc9776f4	18	14810459	14814639	3	-1.8396
d151e3fc-1477-4a07-bc49-5566fc9776f4	18	14816210	21086816	212	0.092
d151e3fc-1477-4a07-bc49-5566fc9776f4	18	21090041	40620660	12259	-0.0029
d151e3fc-1477-4a07-bc49-5566fc9776f4	18	40620789	40680456	65	0.0845
d151e3fc-1477-4a07-bc49-5566fc9776f4	18	40680470	40685399	16	-0.6646
d151e3fc-1477-4a07-bc49-5566fc9776f4	18	40685413	42471713	1216	0.0143
d151e3fc-1477-4a07-bc49-5566fc9776f4	18	42476604	42477436	21	-0.4251
d151e3fc-1477-4a07-bc49-5566fc9776f4	18	42477469	53740491	7735	-0.0023
d151e3fc-1477-4a07-bc49-5566fc9776f4	18	53740727	53740840	4	1.0343
d151e3fc-1477-4a07-bc49-5566fc9776f4	18	53740980	71558369	12491	0.0046
d151e3fc-1477-4a07-bc49-5566fc9776f4	18	71558866	73923961	1907	0.0531
d151e3fc-1477-4a07-bc49-5566fc9776f4	18	73924063	80257174	4546	0.0016
d151e3fc-1477-4a07-bc49-5566fc9776f4	19	90910	46386965	22266	0.0062
d151e3fc-1477-4a07-bc49-5566fc9776f4	19	46400109	46435531	24	-1.0775
d151e3fc-1477-4a07-bc49-5566fc9776f4	19	46443416	55771003	4969	0.0114
d151e3fc-1477-4a07-bc49-5566fc9776f4	19	55771169	55771701	3	1.3948
d151e3fc-1477-4a07-bc49-5566fc9776f4	19	55774927	58586487	1839	0.0259
d151e3fc-1477-4a07-bc49-5566fc9776f4	20	80664	1586808	1207	0.0131
d151e3fc-1477-4a07-bc49-5566fc9776f4	20	1587007	1617300	39	-0.338
d151e3fc-1477-4a07-bc49-5566fc9776f4	20	1617460	14801529	9902	0.0015
d151e3fc-1477-4a07-bc49-5566fc9776f4	20	14801830	15173929	367	0.0871
d151e3fc-1477-4a07-bc49-5566fc9776f4	20	15174060	48489519	19537	0.0004
d151e3fc-1477-4a07-bc49-5566fc9776f4	20	48489530	48519356	3	-1.1549
d151e3fc-1477-4a07-bc49-5566fc9776f4	20	48519463	64324800	11310	0.0067
d151e3fc-1477-4a07-bc49-5566fc9776f4	21	10354168	46677045	23855	0.007
d151e3fc-1477-4a07-bc49-5566fc9776f4	22	15294547	18142004	1110	0.0116
d151e3fc-1477-4a07-bc49-5566fc9776f4	22	18143362	18146386	8	-0.7106
d151e3fc-1477-4a07-bc49-5566fc9776f4	22	18147293	22398127	2340	0.0175
d151e3fc-1477-4a07-bc49-5566fc9776f4	22	22398345	22398545	4	1.1165
d151e3fc-1477-4a07-bc49-5566fc9776f4	22	22402989	23981995	932	-0.002
d151e3fc-1477-4a07-bc49-5566fc9776f4	22	23987520	23989773	3	-2.2832
d151e3fc-1477-4a07-bc49-5566fc9776f4	22	23990431	25288441	827	0.007
d151e3fc-1477-4a07-bc49-5566fc9776f4	22	25288864	25289870	2	1.5803
d151e3fc-1477-4a07-bc49-5566fc9776f4	22	25293106	37242577	9146	-0.0013
d151e3fc-1477-4a07-bc49-5566fc9776f4	22	37246885	37252574	8	-0.7033
d151e3fc-1477-4a07-bc49-5566fc9776f4	22	37252859	37346951	46	-0.0014
d151e3fc-1477-4a07-bc49-5566fc9776f4	22	37352689	37353906	4	-0.9403
d151e3fc-1477-4a07-bc49-5566fc9776f4	22	37354627	50796027	8841	0.0035
d151e3fc-1477-4a07-bc49-5566fc9776f4	X	251810	24576650	14921	0.0039
d151e3fc-1477-4a07-bc49-5566fc9776f4	X	24576668	24577297	3	-2.8398
d151e3fc-1477-4a07-bc49-5566fc9776f4	X	24577524	155952689	68529	0.0003
d151e3fc-1477-4a07-bc49-5566fc9776f4	Y	2782397	21961640	6339	-0.8739
d151e3fc-1477-4a07-bc49-5566fc9776f4	Y	22159306	22215125	7	0.203
d151e3fc-1477-4a07-bc49-5566fc9776f4	Y	22215723	56872112	292	-0.9079
