GDC_Aliquot	Chromosome	Start	End	Copy_Number	Major_Copy_Number	Minor_Copy_Number
b269581f-4996-46b7-8cd4-67a687921374	chr1	13116	8874178	2	2	0
b269581f-4996-46b7-8cd4-67a687921374	chr1	8876854	8893546	0	0	0
b269581f-4996-46b7-8cd4-67a687921374	chr1	8894809	69185273	2	2	0
b269581f-4996-46b7-8cd4-67a687921374	chr1	69189079	121593454	4	2	2
b269581f-4996-46b7-8cd4-67a687921374	chr1	121595872	121742438	3	2	1
b269581f-4996-46b7-8cd4-67a687921374	chr1	143417573	185471043	4	2	2
b269581f-4996-46b7-8cd4-67a687921374	chr1	185473524	185520620	7	5	2
b269581f-4996-46b7-8cd4-67a687921374	chr1	185521620	198880610	5	3	2
b269581f-4996-46b7-8cd4-67a687921374	chr1	198882697	217321521	4	2	2
b269581f-4996-46b7-8cd4-67a687921374	chr1	217322622	217382603	3	2	1
b269581f-4996-46b7-8cd4-67a687921374	chr1	217384107	235214664	4	2	2
b269581f-4996-46b7-8cd4-67a687921374	chr1	235215871	236065352	6	4	2
b269581f-4996-46b7-8cd4-67a687921374	chr1	236067510	248945703	4	2	2
b269581f-4996-46b7-8cd4-67a687921374	chr2	10587	54970826	4	2	2
b269581f-4996-46b7-8cd4-67a687921374	chr2	54971932	56149173	3	2	1
b269581f-4996-46b7-8cd4-67a687921374	chr2	56151352	71152220	4	2	2
b269581f-4996-46b7-8cd4-67a687921374	chr2	71153225	71387817	6	3	3
b269581f-4996-46b7-8cd4-67a687921374	chr2	71390514	71421732	5	5	0
b269581f-4996-46b7-8cd4-67a687921374	chr2	71424467	75567647	4	2	2
b269581f-4996-46b7-8cd4-67a687921374	chr2	75568667	79863128	5	3	2
b269581f-4996-46b7-8cd4-67a687921374	chr2	79864290	88960585	4	2	2
b269581f-4996-46b7-8cd4-67a687921374	chr2	88962777	94768886	5	3	2
b269581f-4996-46b7-8cd4-67a687921374	chr2	94771640	109778472	4	2	2
b269581f-4996-46b7-8cd4-67a687921374	chr2	109948569	119510098	2	2	0
b269581f-4996-46b7-8cd4-67a687921374	chr2	119511611	119567218	0	0	0
b269581f-4996-46b7-8cd4-67a687921374	chr2	119568497	123746732	2	2	0
b269581f-4996-46b7-8cd4-67a687921374	chr2	123748007	123773903	1	1	0
b269581f-4996-46b7-8cd4-67a687921374	chr2	123778833	242183243	2	2	0
b269581f-4996-46b7-8cd4-67a687921374	chr3	18519	75086440	2	2	0
b269581f-4996-46b7-8cd4-67a687921374	chr3	75087471	75098662	1	1	0
b269581f-4996-46b7-8cd4-67a687921374	chr3	75100232	130044038	2	2	0
b269581f-4996-46b7-8cd4-67a687921374	chr3	130045273	130086217	0	0	0
b269581f-4996-46b7-8cd4-67a687921374	chr3	130087414	155789215	2	2	0
b269581f-4996-46b7-8cd4-67a687921374	chr3	155790227	155797792	4	4	0
b269581f-4996-46b7-8cd4-67a687921374	chr3	155798849	156125855	4	2	2
b269581f-4996-46b7-8cd4-67a687921374	chr3	156126952	164241985	2	2	0
b269581f-4996-46b7-8cd4-67a687921374	chr3	164243226	164836864	5	3	2
b269581f-4996-46b7-8cd4-67a687921374	chr3	164837918	164935636	2	2	0
b269581f-4996-46b7-8cd4-67a687921374	chr3	164936981	164996508	2	1	1
b269581f-4996-46b7-8cd4-67a687921374	chr3	164997953	165684250	5	3	2
b269581f-4996-46b7-8cd4-67a687921374	chr3	165685344	168247156	2	2	0
b269581f-4996-46b7-8cd4-67a687921374	chr3	168248180	175177953	4	2	2
b269581f-4996-46b7-8cd4-67a687921374	chr3	175178961	182196648	2	2	0
b269581f-4996-46b7-8cd4-67a687921374	chr3	182198733	184463280	4	2	2
b269581f-4996-46b7-8cd4-67a687921374	chr3	184464324	193573180	2	2	0
b269581f-4996-46b7-8cd4-67a687921374	chr3	193574246	193600461	3	3	0
b269581f-4996-46b7-8cd4-67a687921374	chr3	193602360	198181744	2	2	0
b269581f-4996-46b7-8cd4-67a687921374	chr4	11961	34782308	2	2	0
b269581f-4996-46b7-8cd4-67a687921374	chr4	34784986	34835734	4	4	0
b269581f-4996-46b7-8cd4-67a687921374	chr4	34837656	48824665	2	2	0
b269581f-4996-46b7-8cd4-67a687921374	chr4	48829222	49637506	4	2	2
b269581f-4996-46b7-8cd4-67a687921374	chr4	49638700	49646177	6	3	3
b269581f-4996-46b7-8cd4-67a687921374	chr4	49647181	49648307	3	3	0
b269581f-4996-46b7-8cd4-67a687921374	chr4	49649323	51804896	8	8	0
b269581f-4996-46b7-8cd4-67a687921374	chr4	51811015	51814398	3	3	0
b269581f-4996-46b7-8cd4-67a687921374	chr4	51816194	51821773	7	7	0
b269581f-4996-46b7-8cd4-67a687921374	chr4	51823809	71953032	3	2	1
b269581f-4996-46b7-8cd4-67a687921374	chr4	71954097	90664865	4	2	2
b269581f-4996-46b7-8cd4-67a687921374	chr4	90666372	146015675	2	2	0
b269581f-4996-46b7-8cd4-67a687921374	chr4	146016957	146058834	0	0	0
b269581f-4996-46b7-8cd4-67a687921374	chr4	146059931	176932976	2	2	0
b269581f-4996-46b7-8cd4-67a687921374	chr4	176934524	177635569	0	0	0
b269581f-4996-46b7-8cd4-67a687921374	chr4	177637423	190122722	2	2	0
b269581f-4996-46b7-8cd4-67a687921374	chr5	11882	1922159	4	2	2
b269581f-4996-46b7-8cd4-67a687921374	chr5	1923353	3527908	3	2	1
b269581f-4996-46b7-8cd4-67a687921374	chr5	3529071	50124805	4	2	2
b269581f-4996-46b7-8cd4-67a687921374	chr5	50126967	141355648	2	2	0
b269581f-4996-46b7-8cd4-67a687921374	chr5	141356907	168029174	4	4	0
b269581f-4996-46b7-8cd4-67a687921374	chr5	168030367	168508995	6	6	0
b269581f-4996-46b7-8cd4-67a687921374	chr5	168510134	175901876	4	4	0
b269581f-4996-46b7-8cd4-67a687921374	chr5	175903372	175973833	4	3	1
b269581f-4996-46b7-8cd4-67a687921374	chr5	175985196	180949116	4	4	0
b269581f-4996-46b7-8cd4-67a687921374	chr5	180950331	180995452	0	0	0
b269581f-4996-46b7-8cd4-67a687921374	chr5	180996876	181003238	1	1	0
b269581f-4996-46b7-8cd4-67a687921374	chr5	181004613	181363900	4	4	0
b269581f-4996-46b7-8cd4-67a687921374	chr6	100116	58415891	4	2	2
b269581f-4996-46b7-8cd4-67a687921374	chr6	58416988	60529889	7	4	3
b269581f-4996-46b7-8cd4-67a687921374	chr6	60531635	69018685	4	2	2
b269581f-4996-46b7-8cd4-67a687921374	chr6	69019786	113395368	2	2	0
b269581f-4996-46b7-8cd4-67a687921374	chr6	113396519	161804396	4	2	2
b269581f-4996-46b7-8cd4-67a687921374	chr6	161806386	162257678	2	2	0
b269581f-4996-46b7-8cd4-67a687921374	chr6	162259888	162327945	1	1	0
b269581f-4996-46b7-8cd4-67a687921374	chr6	162328983	164958000	2	2	0
b269581f-4996-46b7-8cd4-67a687921374	chr6	164959006	164993615	4	4	0
b269581f-4996-46b7-8cd4-67a687921374	chr6	164994629	165069152	2	2	0
b269581f-4996-46b7-8cd4-67a687921374	chr6	165070675	165159691	4	4	0
b269581f-4996-46b7-8cd4-67a687921374	chr6	165161430	170740469	2	2	0
b269581f-4996-46b7-8cd4-67a687921374	chr7	20608	1493877	6	4	2
b269581f-4996-46b7-8cd4-67a687921374	chr7	1494957	1509038	9	6	3
b269581f-4996-46b7-8cd4-67a687921374	chr7	1510819	7094430	6	3	3
b269581f-4996-46b7-8cd4-67a687921374	chr7	7095731	21115008	7	4	3
b269581f-4996-46b7-8cd4-67a687921374	chr7	21116387	30776101	6	3	3
b269581f-4996-46b7-8cd4-67a687921374	chr7	30777292	31279808	6	4	2
b269581f-4996-46b7-8cd4-67a687921374	chr7	31281613	41084319	6	3	3
b269581f-4996-46b7-8cd4-67a687921374	chr7	41085339	61079834	4	2	2
b269581f-4996-46b7-8cd4-67a687921374	chr7	61081288	62604941	5	3	2
b269581f-4996-46b7-8cd4-67a687921374	chr7	62606201	68749775	4	2	2
b269581f-4996-46b7-8cd4-67a687921374	chr7	68753494	87299071	2	2	0
b269581f-4996-46b7-8cd4-67a687921374	chr7	87300331	143474309	3	2	1
b269581f-4996-46b7-8cd4-67a687921374	chr7	143477380	144490778	1	1	0
b269581f-4996-46b7-8cd4-67a687921374	chr7	144492000	159334386	3	2	1
b269581f-4996-46b7-8cd4-67a687921374	chr8	61774	2603784	3	2	1
b269581f-4996-46b7-8cd4-67a687921374	chr8	2604828	89234877	4	2	2
b269581f-4996-46b7-8cd4-67a687921374	chr8	89236041	89465377	2	2	0
b269581f-4996-46b7-8cd4-67a687921374	chr8	89466951	104735867	4	2	2
b269581f-4996-46b7-8cd4-67a687921374	chr8	104736932	104785708	5	3	2
b269581f-4996-46b7-8cd4-67a687921374	chr8	104787202	145078402	4	2	2
b269581f-4996-46b7-8cd4-67a687921374	chr9	10469	139703	2	2	0
b269581f-4996-46b7-8cd4-67a687921374	chr9	140859	153203	1	1	0
b269581f-4996-46b7-8cd4-67a687921374	chr9	154367	39013453	2	2	0
b269581f-4996-46b7-8cd4-67a687921374	chr9	39015657	39055474	3	2	1
b269581f-4996-46b7-8cd4-67a687921374	chr9	39056498	39357773	1	1	0
b269581f-4996-46b7-8cd4-67a687921374	chr9	39486117	40316539	2	2	0
b269581f-4996-46b7-8cd4-67a687921374	chr9	40341142	40956760	2	1	1
b269581f-4996-46b7-8cd4-67a687921374	chr9	40958435	42961938	2	2	0
b269581f-4996-46b7-8cd4-67a687921374	chr9	42975562	61122397	4	2	2
b269581f-4996-46b7-8cd4-67a687921374	chr9	61142307	61557197	6	4	2
b269581f-4996-46b7-8cd4-67a687921374	chr9	61558605	61589890	6	6	0
b269581f-4996-46b7-8cd4-67a687921374	chr9	61590953	61606236	5	5	0
b269581f-4996-46b7-8cd4-67a687921374	chr9	61607560	63545031	3	2	1
b269581f-4996-46b7-8cd4-67a687921374	chr9	63548480	64340774	6	3	3
b269581f-4996-46b7-8cd4-67a687921374	chr9	64342491	66154605	3	3	0
b269581f-4996-46b7-8cd4-67a687921374	chr9	66158035	67556405	2	1	1
b269581f-4996-46b7-8cd4-67a687921374	chr9	67585801	68541379	3	3	0
b269581f-4996-46b7-8cd4-67a687921374	chr9	68542543	113727671	2	2	0
b269581f-4996-46b7-8cd4-67a687921374	chr9	113729363	114397697	4	2	2
b269581f-4996-46b7-8cd4-67a687921374	chr9	114398775	114814687	2	2	0
b269581f-4996-46b7-8cd4-67a687921374	chr9	114816094	115099931	4	2	2
b269581f-4996-46b7-8cd4-67a687921374	chr9	115101204	126021908	2	2	0
b269581f-4996-46b7-8cd4-67a687921374	chr9	126023294	126579798	4	2	2
b269581f-4996-46b7-8cd4-67a687921374	chr9	126581591	127380834	2	2	0
b269581f-4996-46b7-8cd4-67a687921374	chr9	127381903	129133337	4	2	2
b269581f-4996-46b7-8cd4-67a687921374	chr9	129134720	130900470	2	2	0
b269581f-4996-46b7-8cd4-67a687921374	chr9	130901604	131122156	4	2	2
b269581f-4996-46b7-8cd4-67a687921374	chr9	131124140	138256233	2	2	0
b269581f-4996-46b7-8cd4-67a687921374	chr10	15029	30358255	3	2	1
b269581f-4996-46b7-8cd4-67a687921374	chr10	30359281	30465583	5	4	1
b269581f-4996-46b7-8cd4-67a687921374	chr10	30466849	38826967	3	2	1
b269581f-4996-46b7-8cd4-67a687921374	chr10	38827991	42154904	5	3	2
b269581f-4996-46b7-8cd4-67a687921374	chr10	42156118	42298829	4	2	2
b269581f-4996-46b7-8cd4-67a687921374	chr10	42300301	42315807	3	2	1
b269581f-4996-46b7-8cd4-67a687921374	chr10	42317101	42427039	4	4	0
b269581f-4996-46b7-8cd4-67a687921374	chr10	42428602	95450506	3	2	1
b269581f-4996-46b7-8cd4-67a687921374	chr10	95451705	115713314	5	3	2
b269581f-4996-46b7-8cd4-67a687921374	chr10	115714434	115903207	4	4	0
b269581f-4996-46b7-8cd4-67a687921374	chr10	115904323	127573760	5	3	2
b269581f-4996-46b7-8cd4-67a687921374	chr10	127575103	131833941	4	2	2
b269581f-4996-46b7-8cd4-67a687921374	chr10	131835289	133787009	5	3	2
b269581f-4996-46b7-8cd4-67a687921374	chr11	87268	20350082	2	2	0
b269581f-4996-46b7-8cd4-67a687921374	chr11	20351243	20627519	4	4	0
b269581f-4996-46b7-8cd4-67a687921374	chr11	20629224	50536800	2	2	0
b269581f-4996-46b7-8cd4-67a687921374	chr11	50538034	50816301	3	3	0
b269581f-4996-46b7-8cd4-67a687921374	chr11	50817769	60559620	4	2	2
b269581f-4996-46b7-8cd4-67a687921374	chr11	60560944	60865777	3	2	1
b269581f-4996-46b7-8cd4-67a687921374	chr11	60868031	84014654	4	2	2
b269581f-4996-46b7-8cd4-67a687921374	chr11	84015881	84255976	3	2	1
b269581f-4996-46b7-8cd4-67a687921374	chr11	84257193	84458930	2	2	0
b269581f-4996-46b7-8cd4-67a687921374	chr11	84461031	134321691	4	2	2
b269581f-4996-46b7-8cd4-67a687921374	chr11	134323848	135076424	2	2	0
b269581f-4996-46b7-8cd4-67a687921374	chr12	11065	13648150	4	2	2
b269581f-4996-46b7-8cd4-67a687921374	chr12	13649383	133264676	5	3	2
b269581f-4996-46b7-8cd4-67a687921374	chr13	18445955	23570924	4	2	2
b269581f-4996-46b7-8cd4-67a687921374	chr13	23572008	84589459	2	2	0
b269581f-4996-46b7-8cd4-67a687921374	chr13	84590484	89935209	5	3	2
b269581f-4996-46b7-8cd4-67a687921374	chr13	89936270	89961097	3	2	1
b269581f-4996-46b7-8cd4-67a687921374	chr13	89962111	111397772	4	2	2
b269581f-4996-46b7-8cd4-67a687921374	chr13	111398895	114343123	2	2	0
b269581f-4996-46b7-8cd4-67a687921374	chr14	18223583	18468630	9	8	1
b269581f-4996-46b7-8cd4-67a687921374	chr14	18472052	18618130	6	6	0
b269581f-4996-46b7-8cd4-67a687921374	chr14	18627382	18644304	6	3	3
b269581f-4996-46b7-8cd4-67a687921374	chr14	18646280	18646280	5	5	0
b269581f-4996-46b7-8cd4-67a687921374	chr14	18648824	28815955	3	2	1
b269581f-4996-46b7-8cd4-67a687921374	chr14	28818527	30989923	4	2	2
b269581f-4996-46b7-8cd4-67a687921374	chr14	30991074	106825092	3	2	1
b269581f-4996-46b7-8cd4-67a687921374	chr14	106826872	106880670	6	3	3
b269581f-4996-46b7-8cd4-67a687921374	chr15	19795285	24551944	6	4	2
b269581f-4996-46b7-8cd4-67a687921374	chr15	24553007	24573420	3	2	1
b269581f-4996-46b7-8cd4-67a687921374	chr15	24574532	29459482	5	3	2
b269581f-4996-46b7-8cd4-67a687921374	chr15	29460503	67617527	6	4	2
b269581f-4996-46b7-8cd4-67a687921374	chr15	67618578	101980591	5	4	1
b269581f-4996-46b7-8cd4-67a687921374	chr16	10291	36045725	4	2	2
b269581f-4996-46b7-8cd4-67a687921374	chr16	46380940	46383084	19	19	0
b269581f-4996-46b7-8cd4-67a687921374	chr16	46384085	46490675	10	5	5
b269581f-4996-46b7-8cd4-67a687921374	chr16	46493536	55515485	4	2	2
b269581f-4996-46b7-8cd4-67a687921374	chr16	55516578	55525177	3	2	1
b269581f-4996-46b7-8cd4-67a687921374	chr16	55527155	58859929	4	2	2
b269581f-4996-46b7-8cd4-67a687921374	chr16	58861736	90226358	5	3	2
b269581f-4996-46b7-8cd4-67a687921374	chr17	151035	29140075	4	2	2
b269581f-4996-46b7-8cd4-67a687921374	chr17	29144580	29813592	2	2	0
b269581f-4996-46b7-8cd4-67a687921374	chr17	29817030	65209912	4	2	2
b269581f-4996-46b7-8cd4-67a687921374	chr17	65211200	65574570	6	4	2
b269581f-4996-46b7-8cd4-67a687921374	chr17	65575811	83237603	4	2	2
b269581f-4996-46b7-8cd4-67a687921374	chr18	16444	20683	4	4	0
b269581f-4996-46b7-8cd4-67a687921374	chr18	22048	3103699	4	2	2
b269581f-4996-46b7-8cd4-67a687921374	chr18	3104924	15085345	2	2	0
b269581f-4996-46b7-8cd4-67a687921374	chr18	15086611	15410360	3	3	0
b269581f-4996-46b7-8cd4-67a687921374	chr18	20931967	80223381	2	2	0
b269581f-4996-46b7-8cd4-67a687921374	chr18	80225019	80259190	3	3	0
b269581f-4996-46b7-8cd4-67a687921374	chr19	157892	20412476	2	2	0
b269581f-4996-46b7-8cd4-67a687921374	chr19	20414935	20534730	4	4	0
b269581f-4996-46b7-8cd4-67a687921374	chr19	20535807	24239768	2	2	0
b269581f-4996-46b7-8cd4-67a687921374	chr19	24241263	24319642	3	3	0
b269581f-4996-46b7-8cd4-67a687921374	chr19	24320708	24390560	4	2	2
b269581f-4996-46b7-8cd4-67a687921374	chr19	24391842	24406065	6	3	3
b269581f-4996-46b7-8cd4-67a687921374	chr19	24407421	24431805	5	3	2
b269581f-4996-46b7-8cd4-67a687921374	chr19	24432906	27315257	9	9	0
b269581f-4996-46b7-8cd4-67a687921374	chr19	27316260	27566816	5	3	2
b269581f-4996-46b7-8cd4-67a687921374	chr19	27567849	27588697	4	4	0
b269581f-4996-46b7-8cd4-67a687921374	chr19	27589703	56127446	3	2	1
b269581f-4996-46b7-8cd4-67a687921374	chr19	56128492	56167905	4	3	1
b269581f-4996-46b7-8cd4-67a687921374	chr19	56169360	58607412	3	2	1
b269581f-4996-46b7-8cd4-67a687921374	chr20	80457	13009253	4	2	2
b269581f-4996-46b7-8cd4-67a687921374	chr20	13010462	20354636	2	2	0
b269581f-4996-46b7-8cd4-67a687921374	chr20	20356127	26304566	4	2	2
b269581f-4996-46b7-8cd4-67a687921374	chr20	26305583	52391550	6	4	2
b269581f-4996-46b7-8cd4-67a687921374	chr20	52392723	52461754	10	10	0
b269581f-4996-46b7-8cd4-67a687921374	chr20	52465795	64331516	6	4	2
b269581f-4996-46b7-8cd4-67a687921374	chr21	7762688	10002648	5	3	2
b269581f-4996-46b7-8cd4-67a687921374	chr21	10004921	10063559	3	2	1
b269581f-4996-46b7-8cd4-67a687921374	chr21	10064791	10091246	1	1	0
b269581f-4996-46b7-8cd4-67a687921374	chr21	10096393	10652318	5	3	2
b269581f-4996-46b7-8cd4-67a687921374	chr21	10654701	13032427	10	5	5
b269581f-4996-46b7-8cd4-67a687921374	chr21	13033482	13147037	5	3	2
b269581f-4996-46b7-8cd4-67a687921374	chr21	13148512	44112520	3	2	1
b269581f-4996-46b7-8cd4-67a687921374	chr21	44114151	44116856	2	2	0
b269581f-4996-46b7-8cd4-67a687921374	chr21	44118766	44121038	1	1	0
b269581f-4996-46b7-8cd4-67a687921374	chr21	44122712	44126398	2	2	0
b269581f-4996-46b7-8cd4-67a687921374	chr21	44127682	44129992	1	1	0
b269581f-4996-46b7-8cd4-67a687921374	chr21	44130994	44138305	2	2	0
b269581f-4996-46b7-8cd4-67a687921374	chr21	44139575	44140873	0	0	0
b269581f-4996-46b7-8cd4-67a687921374	chr21	44142569	44146986	2	2	0
b269581f-4996-46b7-8cd4-67a687921374	chr21	44148094	44154705	0	0	0
b269581f-4996-46b7-8cd4-67a687921374	chr21	44155745	44161766	1	1	0
b269581f-4996-46b7-8cd4-67a687921374	chr21	44162828	44175177	2	2	0
b269581f-4996-46b7-8cd4-67a687921374	chr21	44176324	44197995	12	12	0
b269581f-4996-46b7-8cd4-67a687921374	chr21	44199251	44208491	1	1	0
b269581f-4996-46b7-8cd4-67a687921374	chr21	44209682	44211815	0	0	0
b269581f-4996-46b7-8cd4-67a687921374	chr21	44213162	44252116	2	2	0
b269581f-4996-46b7-8cd4-67a687921374	chr21	44253766	44253766	1	1	0
b269581f-4996-46b7-8cd4-67a687921374	chr21	44255059	46699722	3	2	1
b269581f-4996-46b7-8cd4-67a687921374	chr22	15284540	18368548	2	2	0
b269581f-4996-46b7-8cd4-67a687921374	chr22	18369572	18392948	7	6	1
b269581f-4996-46b7-8cd4-67a687921374	chr22	18484009	18621369	0	0	0
b269581f-4996-46b7-8cd4-67a687921374	chr22	18622434	50802392	2	2	0
b269581f-4996-46b7-8cd4-67a687921374	chrX	2781514	26640415	2	2	0
b269581f-4996-46b7-8cd4-67a687921374	chrX	26642502	26867665	3	3	0
b269581f-4996-46b7-8cd4-67a687921374	chrX	26868810	36685620	2	2	0
b269581f-4996-46b7-8cd4-67a687921374	chrX	36686794	37719158	3	3	0
b269581f-4996-46b7-8cd4-67a687921374	chrX	37723467	39543455	2	2	0
b269581f-4996-46b7-8cd4-67a687921374	chrX	39544469	39612835	1	1	0
b269581f-4996-46b7-8cd4-67a687921374	chrX	39614028	89353636	2	2	0
b269581f-4996-46b7-8cd4-67a687921374	chrX	89356931	89448606	3	3	0
b269581f-4996-46b7-8cd4-67a687921374	chrX	89449625	96919010	2	2	0
b269581f-4996-46b7-8cd4-67a687921374	chrX	96921235	96962450	4	4	0
b269581f-4996-46b7-8cd4-67a687921374	chrX	96963858	114378838	2	2	0
b269581f-4996-46b7-8cd4-67a687921374	chrX	114380069	114489759	3	3	0
b269581f-4996-46b7-8cd4-67a687921374	chrX	114491114	144314878	2	2	0
b269581f-4996-46b7-8cd4-67a687921374	chrX	144316010	144599303	3	3	0
b269581f-4996-46b7-8cd4-67a687921374	chrX	144601109	155699751	2	2	0
b269581f-4996-46b7-8cd4-67a687921374	chrY	2789135	2974171	1	1	0
b269581f-4996-46b7-8cd4-67a687921374	chrY	2987256	7868703	0	0	0
b269581f-4996-46b7-8cd4-67a687921374	chrY	7879913	7903090	1	1	0
b269581f-4996-46b7-8cd4-67a687921374	chrY	7906746	14190603	0	0	0
b269581f-4996-46b7-8cd4-67a687921374	chrY	14203273	14226657	1	1	0
b269581f-4996-46b7-8cd4-67a687921374	chrY	14228978	20883596	0	0	0
b269581f-4996-46b7-8cd4-67a687921374	chrY	20888132	20937345	1	1	0
b269581f-4996-46b7-8cd4-67a687921374	chrY	20942193	22315285	0	0	0
b269581f-4996-46b7-8cd4-67a687921374	chrY	22332256	26622951	4	4	0
