GDC_Aliquot	Chromosome	Start	End	Num_Probes	Segment_Mean
93ed48b5-afc4-4898-a24f-dcb5c69dd062	1	62920	3368586	783	0.0868
93ed48b5-afc4-4898-a24f-dcb5c69dd062	1	3368666	16525019	7865	0.0073
93ed48b5-afc4-4898-a24f-dcb5c69dd062	1	16542868	16868660	60	0.3845
93ed48b5-afc4-4898-a24f-dcb5c69dd062	1	16877002	30265657	7732	0.0056
93ed48b5-afc4-4898-a24f-dcb5c69dd062	1	30265687	30266509	3	-1.6386
93ed48b5-afc4-4898-a24f-dcb5c69dd062	1	30266949	103697067	46432	0.0003
93ed48b5-afc4-4898-a24f-dcb5c69dd062	1	103697364	103760781	4	-1.1618
93ed48b5-afc4-4898-a24f-dcb5c69dd062	1	103760879	105470754	916	0.0005
93ed48b5-afc4-4898-a24f-dcb5c69dd062	1	105476583	105479738	16	0.582
93ed48b5-afc4-4898-a24f-dcb5c69dd062	1	105479753	107111598	1081	-0.0039
93ed48b5-afc4-4898-a24f-dcb5c69dd062	1	107112980	107120873	11	-1.1156
93ed48b5-afc4-4898-a24f-dcb5c69dd062	1	107122811	108951525	1198	-0.0001
93ed48b5-afc4-4898-a24f-dcb5c69dd062	1	108954232	108955523	14	-0.9433
93ed48b5-afc4-4898-a24f-dcb5c69dd062	1	108961034	109690352	333	0.0114
93ed48b5-afc4-4898-a24f-dcb5c69dd062	1	109690415	109697556	12	1.2095
93ed48b5-afc4-4898-a24f-dcb5c69dd062	1	109702376	110811880	816	0.0077
93ed48b5-afc4-4898-a24f-dcb5c69dd062	1	110817113	110817262	4	-0.9523
93ed48b5-afc4-4898-a24f-dcb5c69dd062	1	110817313	110833598	16	0.06
93ed48b5-afc4-4898-a24f-dcb5c69dd062	1	110834746	110845604	39	-0.8118
93ed48b5-afc4-4898-a24f-dcb5c69dd062	1	110849445	146150530	6571	0.0066
93ed48b5-afc4-4898-a24f-dcb5c69dd062	1	146161924	146174153	2	-1.6249
93ed48b5-afc4-4898-a24f-dcb5c69dd062	1	146250588	152787202	2336	0.0272
93ed48b5-afc4-4898-a24f-dcb5c69dd062	1	152789447	152796094	36	0.4203
93ed48b5-afc4-4898-a24f-dcb5c69dd062	1	152796224	153699771	625	0.026
93ed48b5-afc4-4898-a24f-dcb5c69dd062	1	153701198	153722864	9	0.586
93ed48b5-afc4-4898-a24f-dcb5c69dd062	1	153723505	186467980	22018	-0.0011
93ed48b5-afc4-4898-a24f-dcb5c69dd062	1	186469952	186470404	2	-1.5585
93ed48b5-afc4-4898-a24f-dcb5c69dd062	1	186472644	199142298	8262	-0.0085
93ed48b5-afc4-4898-a24f-dcb5c69dd062	1	199142393	199145110	8	-0.7695
93ed48b5-afc4-4898-a24f-dcb5c69dd062	1	199145262	209897717	7405	0.0019
93ed48b5-afc4-4898-a24f-dcb5c69dd062	1	209908268	209908720	2	-1.6298
93ed48b5-afc4-4898-a24f-dcb5c69dd062	1	209910639	229675422	13050	-0.0008
93ed48b5-afc4-4898-a24f-dcb5c69dd062	1	229681109	229684449	3	-3.2718
93ed48b5-afc4-4898-a24f-dcb5c69dd062	1	229684709	231456469	1311	-0.0044
93ed48b5-afc4-4898-a24f-dcb5c69dd062	1	231456756	231473251	19	-1.1397
93ed48b5-afc4-4898-a24f-dcb5c69dd062	1	231476775	237158255	4307	0.0001
93ed48b5-afc4-4898-a24f-dcb5c69dd062	1	237158614	237214855	54	-1.0778
93ed48b5-afc4-4898-a24f-dcb5c69dd062	1	237217155	248546369	8114	-0.0064
93ed48b5-afc4-4898-a24f-dcb5c69dd062	1	248550567	248645808	37	0.3319
93ed48b5-afc4-4898-a24f-dcb5c69dd062	1	248646068	248930189	139	-0.0156
93ed48b5-afc4-4898-a24f-dcb5c69dd062	2	12784	34466002	24093	0.0039
93ed48b5-afc4-4898-a24f-dcb5c69dd062	2	34474248	34511990	46	-2.1258
93ed48b5-afc4-4898-a24f-dcb5c69dd062	2	34512096	35750907	871	-0.0162
93ed48b5-afc4-4898-a24f-dcb5c69dd062	2	35752724	35762881	7	0.9561
93ed48b5-afc4-4898-a24f-dcb5c69dd062	2	35772407	40381231	3427	-0.0027
93ed48b5-afc4-4898-a24f-dcb5c69dd062	2	40385644	40386349	3	-1.327
93ed48b5-afc4-4898-a24f-dcb5c69dd062	2	40387528	46497748	4648	-0.0109
93ed48b5-afc4-4898-a24f-dcb5c69dd062	2	46497778	46498377	3	-1.1486
93ed48b5-afc4-4898-a24f-dcb5c69dd062	2	46502270	52527590	4056	-0.0168
93ed48b5-afc4-4898-a24f-dcb5c69dd062	2	52527727	52554274	31	-0.5372
93ed48b5-afc4-4898-a24f-dcb5c69dd062	2	52554359	57167767	3353	-0.0046
93ed48b5-afc4-4898-a24f-dcb5c69dd062	2	57174909	57218336	69	0.5534
93ed48b5-afc4-4898-a24f-dcb5c69dd062	2	57220263	97359885	20439	-0.0028
93ed48b5-afc4-4898-a24f-dcb5c69dd062	2	97524284	97545247	8	1.228
93ed48b5-afc4-4898-a24f-dcb5c69dd062	2	97545726	113604438	9367	0.0008
93ed48b5-afc4-4898-a24f-dcb5c69dd062	2	113604837	113604839	2	-1.7297
93ed48b5-afc4-4898-a24f-dcb5c69dd062	2	113623244	129437919	10083	-0.0038
93ed48b5-afc4-4898-a24f-dcb5c69dd062	2	129438526	129441961	11	-1.0143
93ed48b5-afc4-4898-a24f-dcb5c69dd062	2	129447971	130036283	403	0.011
93ed48b5-afc4-4898-a24f-dcb5c69dd062	2	130036310	130246315	41	0.3556
93ed48b5-afc4-4898-a24f-dcb5c69dd062	2	130258634	146104517	9501	-0.0023
93ed48b5-afc4-4898-a24f-dcb5c69dd062	2	146106836	146109366	24	0.6906
93ed48b5-afc4-4898-a24f-dcb5c69dd062	2	146120238	154033296	4886	-0.0076
93ed48b5-afc4-4898-a24f-dcb5c69dd062	2	154039462	154039969	2	-2.6639
93ed48b5-afc4-4898-a24f-dcb5c69dd062	2	154043710	163779119	5704	-0.0118
93ed48b5-afc4-4898-a24f-dcb5c69dd062	2	163780342	163788616	6	-0.7702
93ed48b5-afc4-4898-a24f-dcb5c69dd062	2	163790132	183929124	12690	0.0022
93ed48b5-afc4-4898-a24f-dcb5c69dd062	2	183929673	183937714	17	-0.6902
93ed48b5-afc4-4898-a24f-dcb5c69dd062	2	183943862	189545683	3102	-0.014
93ed48b5-afc4-4898-a24f-dcb5c69dd062	2	189546964	189551547	7	0.74
93ed48b5-afc4-4898-a24f-dcb5c69dd062	2	189559059	242147305	32666	-0.0011
93ed48b5-afc4-4898-a24f-dcb5c69dd062	3	20930	16189951	12885	-0.0073
93ed48b5-afc4-4898-a24f-dcb5c69dd062	3	16191735	16192316	2	-1.3325
93ed48b5-afc4-4898-a24f-dcb5c69dd062	3	16192331	37940970	14753	-0.0059
93ed48b5-afc4-4898-a24f-dcb5c69dd062	3	37941181	37945437	16	-0.9283
93ed48b5-afc4-4898-a24f-dcb5c69dd062	3	37945615	56595877	10765	0.0042
93ed48b5-afc4-4898-a24f-dcb5c69dd062	3	56596441	56599864	5	-1.072
93ed48b5-afc4-4898-a24f-dcb5c69dd062	3	56611838	68697013	9378	-0.0002
93ed48b5-afc4-4898-a24f-dcb5c69dd062	3	68697108	68698262	14	0.5524
93ed48b5-afc4-4898-a24f-dcb5c69dd062	3	68699607	75412686	4883	-0.0042
93ed48b5-afc4-4898-a24f-dcb5c69dd062	3	75413478	75755699	93	0.1671
93ed48b5-afc4-4898-a24f-dcb5c69dd062	3	75757227	95737262	9081	-0.0092
93ed48b5-afc4-4898-a24f-dcb5c69dd062	3	95748036	95749266	2	-3.147
93ed48b5-afc4-4898-a24f-dcb5c69dd062	3	95749836	162813082	40924	-0.003
93ed48b5-afc4-4898-a24f-dcb5c69dd062	3	162815162	162822702	7	-1.5519
93ed48b5-afc4-4898-a24f-dcb5c69dd062	3	162827928	162908192	47	0.3395
93ed48b5-afc4-4898-a24f-dcb5c69dd062	3	162908207	195685341	20684	-0.0065
93ed48b5-afc4-4898-a24f-dcb5c69dd062	3	195691392	195720051	20	-0.6938
93ed48b5-afc4-4898-a24f-dcb5c69dd062	3	195728637	195729085	7	0.0383
93ed48b5-afc4-4898-a24f-dcb5c69dd062	3	195729177	195751823	13	-0.4674
93ed48b5-afc4-4898-a24f-dcb5c69dd062	3	195751990	198169247	1165	0.0318
93ed48b5-afc4-4898-a24f-dcb5c69dd062	4	68929	4121101	1629	0.0215
93ed48b5-afc4-4898-a24f-dcb5c69dd062	4	4133219	4133854	4	-1.3063
93ed48b5-afc4-4898-a24f-dcb5c69dd062	4	4151033	9455251	3528	0.0039
93ed48b5-afc4-4898-a24f-dcb5c69dd062	4	9459504	9484440	7	-1.1001
93ed48b5-afc4-4898-a24f-dcb5c69dd062	4	9494650	10221792	541	0.0166
93ed48b5-afc4-4898-a24f-dcb5c69dd062	4	10222004	10233644	34	0.4988
93ed48b5-afc4-4898-a24f-dcb5c69dd062	4	10234518	34777382	16976	-0.0039
93ed48b5-afc4-4898-a24f-dcb5c69dd062	4	34777403	34828291	43	0.4153
93ed48b5-afc4-4898-a24f-dcb5c69dd062	4	34828306	68506285	19464	-0.0017
93ed48b5-afc4-4898-a24f-dcb5c69dd062	4	68509223	68686026	73	0.4627
93ed48b5-afc4-4898-a24f-dcb5c69dd062	4	68725894	69257792	307	-0.0682
93ed48b5-afc4-4898-a24f-dcb5c69dd062	4	69261926	69366081	54	-0.517
93ed48b5-afc4-4898-a24f-dcb5c69dd062	4	69366304	86054070	10442	-0.0035
93ed48b5-afc4-4898-a24f-dcb5c69dd062	4	86054941	86058791	20	-0.8477
93ed48b5-afc4-4898-a24f-dcb5c69dd062	4	86058936	114252544	16871	-0.0034
93ed48b5-afc4-4898-a24f-dcb5c69dd062	4	114254167	114261019	23	-1.2267
93ed48b5-afc4-4898-a24f-dcb5c69dd062	4	114263073	115244948	612	-0.0018
93ed48b5-afc4-4898-a24f-dcb5c69dd062	4	115251455	115259214	26	-0.7682
93ed48b5-afc4-4898-a24f-dcb5c69dd062	4	115259399	121360818	3703	-0.0113
93ed48b5-afc4-4898-a24f-dcb5c69dd062	4	121361313	121362996	23	-0.8852
93ed48b5-afc4-4898-a24f-dcb5c69dd062	4	121363014	140238082	11028	-0.0045
93ed48b5-afc4-4898-a24f-dcb5c69dd062	4	140238291	140348237	62	-0.1195
93ed48b5-afc4-4898-a24f-dcb5c69dd062	4	140349703	140360474	9	-0.5247
93ed48b5-afc4-4898-a24f-dcb5c69dd062	4	140363332	140393568	20	-0.2113
93ed48b5-afc4-4898-a24f-dcb5c69dd062	4	140394866	160952773	12488	0.0033
93ed48b5-afc4-4898-a24f-dcb5c69dd062	4	160952788	160963756	23	-0.7992
93ed48b5-afc4-4898-a24f-dcb5c69dd062	4	160963767	171448195	6668	-0.0069
93ed48b5-afc4-4898-a24f-dcb5c69dd062	4	171453733	171456625	12	-0.9513
93ed48b5-afc4-4898-a24f-dcb5c69dd062	4	171459220	190036988	12489	-0.0019
93ed48b5-afc4-4898-a24f-dcb5c69dd062	4	190046094	190106768	5	0.8227
93ed48b5-afc4-4898-a24f-dcb5c69dd062	5	15532	685633	306	0.0327
93ed48b5-afc4-4898-a24f-dcb5c69dd062	5	698256	773453	27	0.5585
93ed48b5-afc4-4898-a24f-dcb5c69dd062	5	779766	15719113	11847	0.0017
93ed48b5-afc4-4898-a24f-dcb5c69dd062	5	15719241	15720488	10	-1.0145
93ed48b5-afc4-4898-a24f-dcb5c69dd062	5	15723237	58025819	23575	-0.0082
93ed48b5-afc4-4898-a24f-dcb5c69dd062	5	58030200	58037706	32	1.587
93ed48b5-afc4-4898-a24f-dcb5c69dd062	5	58042530	62277545	2836	0.0018
93ed48b5-afc4-4898-a24f-dcb5c69dd062	5	62279164	62286365	4	-0.9407
93ed48b5-afc4-4898-a24f-dcb5c69dd062	5	62286902	69528390	4454	-0.002
93ed48b5-afc4-4898-a24f-dcb5c69dd062	5	69529174	71010832	22	0.4387
93ed48b5-afc4-4898-a24f-dcb5c69dd062	5	71010901	91125576	11939	-0.0082
93ed48b5-afc4-4898-a24f-dcb5c69dd062	5	91127735	91128077	3	-0.9996
93ed48b5-afc4-4898-a24f-dcb5c69dd062	5	91128462	99147616	4483	-0.0073
93ed48b5-afc4-4898-a24f-dcb5c69dd062	5	99152826	102391526	1922	-0.0567
93ed48b5-afc4-4898-a24f-dcb5c69dd062	5	102392815	104515520	1178	-0.0054
93ed48b5-afc4-4898-a24f-dcb5c69dd062	5	104524672	104524903	4	-1.0285
93ed48b5-afc4-4898-a24f-dcb5c69dd062	5	104525348	113817942	6247	-0.0027
93ed48b5-afc4-4898-a24f-dcb5c69dd062	5	113822325	113834748	7	-1.1562
93ed48b5-afc4-4898-a24f-dcb5c69dd062	5	113841208	152135825	24526	-0.0023
93ed48b5-afc4-4898-a24f-dcb5c69dd062	5	152135909	152138790	13	-0.7411
93ed48b5-afc4-4898-a24f-dcb5c69dd062	5	152140710	177771448	17480	-0.0018
93ed48b5-afc4-4898-a24f-dcb5c69dd062	5	177800550	177805604	3	2.7692
93ed48b5-afc4-4898-a24f-dcb5c69dd062	5	177827964	180947523	1796	0.017
93ed48b5-afc4-4898-a24f-dcb5c69dd062	5	180951710	181006225	20	0.7703
93ed48b5-afc4-4898-a24f-dcb5c69dd062	5	181006264	181363319	168	0.0308
93ed48b5-afc4-4898-a24f-dcb5c69dd062	6	149661	294837	124	0.0215
93ed48b5-afc4-4898-a24f-dcb5c69dd062	6	302306	361129	60	-0.3376
93ed48b5-afc4-4898-a24f-dcb5c69dd062	6	361155	9425899	7329	0.0073
93ed48b5-afc4-4898-a24f-dcb5c69dd062	6	9427253	9427283	2	-1.8236
93ed48b5-afc4-4898-a24f-dcb5c69dd062	6	9427947	27699793	13106	-0.0057
93ed48b5-afc4-4898-a24f-dcb5c69dd062	6	27699814	27700977	5	0.9084
93ed48b5-afc4-4898-a24f-dcb5c69dd062	6	27701057	29868462	1031	0.0109
93ed48b5-afc4-4898-a24f-dcb5c69dd062	6	29868698	29868926	4	-1.9056
93ed48b5-afc4-4898-a24f-dcb5c69dd062	6	29868964	29882603	22	0.2979
93ed48b5-afc4-4898-a24f-dcb5c69dd062	6	29903859	29931120	11	-4.5245
93ed48b5-afc4-4898-a24f-dcb5c69dd062	6	29931900	32612840	1200	-0.0145
93ed48b5-afc4-4898-a24f-dcb5c69dd062	6	32614061	32658841	23	-0.7581
93ed48b5-afc4-4898-a24f-dcb5c69dd062	6	32682835	32718419	36	-0.035
93ed48b5-afc4-4898-a24f-dcb5c69dd062	6	32720838	32721076	3	1.6468
93ed48b5-afc4-4898-a24f-dcb5c69dd062	6	32721547	32723053	8	0.4233
93ed48b5-afc4-4898-a24f-dcb5c69dd062	6	32732907	54066286	13657	0.0085
93ed48b5-afc4-4898-a24f-dcb5c69dd062	6	54066353	54067057	7	0.9
93ed48b5-afc4-4898-a24f-dcb5c69dd062	6	54070550	73882142	10391	-0.0022
93ed48b5-afc4-4898-a24f-dcb5c69dd062	6	73882509	73891694	10	0.6686
93ed48b5-afc4-4898-a24f-dcb5c69dd062	6	73893839	76305231	1471	-0.0133
93ed48b5-afc4-4898-a24f-dcb5c69dd062	6	76307183	76307209	3	1.4505
93ed48b5-afc4-4898-a24f-dcb5c69dd062	6	76307276	76726815	296	-0.0097
93ed48b5-afc4-4898-a24f-dcb5c69dd062	6	76730151	76742972	20	-0.7391
93ed48b5-afc4-4898-a24f-dcb5c69dd062	6	76743040	78253172	976	-0.0117
93ed48b5-afc4-4898-a24f-dcb5c69dd062	6	78259348	78317798	105	-0.5973
93ed48b5-afc4-4898-a24f-dcb5c69dd062	6	78318053	80568270	1435	-0.0131
93ed48b5-afc4-4898-a24f-dcb5c69dd062	6	80574472	80579817	33	-0.9301
93ed48b5-afc4-4898-a24f-dcb5c69dd062	6	80584624	153636235	46329	0.0003
93ed48b5-afc4-4898-a24f-dcb5c69dd062	6	153639651	153640284	2	-2.8358
93ed48b5-afc4-4898-a24f-dcb5c69dd062	6	153640764	170741917	11919	0.0064
93ed48b5-afc4-4898-a24f-dcb5c69dd062	7	43355	15392007	10383	0.004
93ed48b5-afc4-4898-a24f-dcb5c69dd062	7	15392045	15393664	2	-1.908
93ed48b5-afc4-4898-a24f-dcb5c69dd062	7	15394440	91578827	46090	-0.0042
93ed48b5-afc4-4898-a24f-dcb5c69dd062	7	91589569	91589817	3	-1.3491
93ed48b5-afc4-4898-a24f-dcb5c69dd062	7	91595717	97305435	3539	0.0008
93ed48b5-afc4-4898-a24f-dcb5c69dd062	7	97305949	97305962	2	-1.1673
93ed48b5-afc4-4898-a24f-dcb5c69dd062	7	97308318	101409205	1870	0.0009
93ed48b5-afc4-4898-a24f-dcb5c69dd062	7	101416451	101416668	2	-1.726
93ed48b5-afc4-4898-a24f-dcb5c69dd062	7	101419630	109793728	5050	-0.0015
93ed48b5-afc4-4898-a24f-dcb5c69dd062	7	109793741	109813746	33	0.3626
93ed48b5-afc4-4898-a24f-dcb5c69dd062	7	109813762	111425236	1093	-0.0169
93ed48b5-afc4-4898-a24f-dcb5c69dd062	7	111425438	111426603	5	-1.2859
93ed48b5-afc4-4898-a24f-dcb5c69dd062	7	111429358	126405502	8939	-0.0062
93ed48b5-afc4-4898-a24f-dcb5c69dd062	7	126405597	126406561	10	0.8214
93ed48b5-afc4-4898-a24f-dcb5c69dd062	7	126406822	129098428	1654	0.0067
93ed48b5-afc4-4898-a24f-dcb5c69dd062	7	129098859	129101992	2	-1.237
93ed48b5-afc4-4898-a24f-dcb5c69dd062	7	129102110	143530003	9208	0.0004
93ed48b5-afc4-4898-a24f-dcb5c69dd062	7	143549276	143802123	25	1.0035
93ed48b5-afc4-4898-a24f-dcb5c69dd062	7	143802294	159334314	9943	0.0095
93ed48b5-afc4-4898-a24f-dcb5c69dd062	8	81254	645875	330	0.0551
93ed48b5-afc4-4898-a24f-dcb5c69dd062	8	645892	645908	2	-3.4851
93ed48b5-afc4-4898-a24f-dcb5c69dd062	8	656117	6347362	6545	0.0111
93ed48b5-afc4-4898-a24f-dcb5c69dd062	8	6348145	6350617	8	-0.9799
93ed48b5-afc4-4898-a24f-dcb5c69dd062	8	6352856	7167045	838	-0.0001
93ed48b5-afc4-4898-a24f-dcb5c69dd062	8	7172468	7357089	11	0.329
93ed48b5-afc4-4898-a24f-dcb5c69dd062	8	7357288	7396819	19	0.6657
93ed48b5-afc4-4898-a24f-dcb5c69dd062	8	7397588	7433619	5	-0.5254
93ed48b5-afc4-4898-a24f-dcb5c69dd062	8	7440674	7890177	20	0.4695
93ed48b5-afc4-4898-a24f-dcb5c69dd062	8	7919608	8429535	204	0.0103
93ed48b5-afc4-4898-a24f-dcb5c69dd062	8	8429546	8433847	5	-0.8926
93ed48b5-afc4-4898-a24f-dcb5c69dd062	8	8434235	12004300	3028	0.0044
93ed48b5-afc4-4898-a24f-dcb5c69dd062	8	12024350	12649562	72	0.2731
93ed48b5-afc4-4898-a24f-dcb5c69dd062	8	12670919	13947089	1274	0.0075
93ed48b5-afc4-4898-a24f-dcb5c69dd062	8	13947497	13957728	11	-0.6369
93ed48b5-afc4-4898-a24f-dcb5c69dd062	8	13957826	25116928	9111	0.0047
93ed48b5-afc4-4898-a24f-dcb5c69dd062	8	25116961	25133589	27	0.5443
93ed48b5-afc4-4898-a24f-dcb5c69dd062	8	25133612	111279265	51094	-0.0065
93ed48b5-afc4-4898-a24f-dcb5c69dd062	8	111282050	111283031	10	0.9279
93ed48b5-afc4-4898-a24f-dcb5c69dd062	8	111288052	140993377	21112	-0.0067
93ed48b5-afc4-4898-a24f-dcb5c69dd062	8	140993499	141574857	369	0.0653
93ed48b5-afc4-4898-a24f-dcb5c69dd062	8	141576010	141585696	3	0.9903
93ed48b5-afc4-4898-a24f-dcb5c69dd062	8	141585817	143217284	788	0.0413
93ed48b5-afc4-4898-a24f-dcb5c69dd062	8	143217495	143227585	4	-0.8671
93ed48b5-afc4-4898-a24f-dcb5c69dd062	8	143227622	144830982	493	0.051
93ed48b5-afc4-4898-a24f-dcb5c69dd062	8	144831250	145072769	148	-0.0474
93ed48b5-afc4-4898-a24f-dcb5c69dd062	9	46587	6695986	6375	0.02
93ed48b5-afc4-4898-a24f-dcb5c69dd062	9	6701145	6708357	7	-0.8335
93ed48b5-afc4-4898-a24f-dcb5c69dd062	9	6712314	10403105	3588	-0.0088
93ed48b5-afc4-4898-a24f-dcb5c69dd062	9	10404138	10404986	2	1.8779
93ed48b5-afc4-4898-a24f-dcb5c69dd062	9	10407943	11498096	904	-0.017
93ed48b5-afc4-4898-a24f-dcb5c69dd062	9	11499438	12766062	986	-0.0765
93ed48b5-afc4-4898-a24f-dcb5c69dd062	9	12766338	22492890	7981	-0.0012
93ed48b5-afc4-4898-a24f-dcb5c69dd062	9	22501914	22502700	2	-4.0859
93ed48b5-afc4-4898-a24f-dcb5c69dd062	9	22509341	23361807	580	-0.0056
93ed48b5-afc4-4898-a24f-dcb5c69dd062	9	23363117	23373486	8	0.9037
93ed48b5-afc4-4898-a24f-dcb5c69dd062	9	23378490	24500842	794	0.0014
93ed48b5-afc4-4898-a24f-dcb5c69dd062	9	24503818	24517684	20	-0.8998
93ed48b5-afc4-4898-a24f-dcb5c69dd062	9	24519686	29866362	4059	-0.0011
93ed48b5-afc4-4898-a24f-dcb5c69dd062	9	29866597	29867261	2	-1.3925
93ed48b5-afc4-4898-a24f-dcb5c69dd062	9	29869985	30587290	499	-0.0061
93ed48b5-afc4-4898-a24f-dcb5c69dd062	9	30587690	30592523	12	-0.5016
93ed48b5-afc4-4898-a24f-dcb5c69dd062	9	30597972	41741113	5468	0.0127
93ed48b5-afc4-4898-a24f-dcb5c69dd062	9	42014203	42302678	32	0.3336
93ed48b5-afc4-4898-a24f-dcb5c69dd062	9	42308537	42727685	20	0.7336
93ed48b5-afc4-4898-a24f-dcb5c69dd062	9	42729302	63580418	109	0.1393
93ed48b5-afc4-4898-a24f-dcb5c69dd062	9	63590317	63592813	7	1.3786
93ed48b5-afc4-4898-a24f-dcb5c69dd062	9	63614182	67832599	120	0.1396
93ed48b5-afc4-4898-a24f-dcb5c69dd062	9	67915741	127408828	42217	0.0047
93ed48b5-afc4-4898-a24f-dcb5c69dd062	9	127412817	127421270	3	-1.5658
93ed48b5-afc4-4898-a24f-dcb5c69dd062	9	127424421	131381288	2082	0.0114
93ed48b5-afc4-4898-a24f-dcb5c69dd062	9	131383392	131390317	6	-0.8382
93ed48b5-afc4-4898-a24f-dcb5c69dd062	9	131396628	138200944	3627	0.0187
93ed48b5-afc4-4898-a24f-dcb5c69dd062	10	45792	10808295	9199	0.0096
93ed48b5-afc4-4898-a24f-dcb5c69dd062	10	10808903	10808997	2	-1.3505
93ed48b5-afc4-4898-a24f-dcb5c69dd062	10	10811024	17885034	5657	0.0029
93ed48b5-afc4-4898-a24f-dcb5c69dd062	10	17896194	17910884	3	0.981
93ed48b5-afc4-4898-a24f-dcb5c69dd062	10	17929793	20495319	2091	0.0001
93ed48b5-afc4-4898-a24f-dcb5c69dd062	10	20501155	20503719	7	0.7987
93ed48b5-afc4-4898-a24f-dcb5c69dd062	10	20504413	20514188	13	0.372
93ed48b5-afc4-4898-a24f-dcb5c69dd062	10	20521109	20522514	3	0.7211
93ed48b5-afc4-4898-a24f-dcb5c69dd062	10	20526776	26933116	4223	0.013
93ed48b5-afc4-4898-a24f-dcb5c69dd062	10	26934974	26939544	14	-0.8301
93ed48b5-afc4-4898-a24f-dcb5c69dd062	10	26941064	49928341	12178	0.0048
93ed48b5-afc4-4898-a24f-dcb5c69dd062	10	49929507	50178219	40	0.2801
93ed48b5-afc4-4898-a24f-dcb5c69dd062	10	50210870	54685856	3474	-0.0017
93ed48b5-afc4-4898-a24f-dcb5c69dd062	10	54693189	54708677	13	0.9992
93ed48b5-afc4-4898-a24f-dcb5c69dd062	10	54712504	59604357	3488	-0.0187
93ed48b5-afc4-4898-a24f-dcb5c69dd062	10	59604372	59605153	4	-2.6506
93ed48b5-afc4-4898-a24f-dcb5c69dd062	10	59605316	59605506	3	-1.1158
93ed48b5-afc4-4898-a24f-dcb5c69dd062	10	59605724	114098532	36088	0.0032
93ed48b5-afc4-4898-a24f-dcb5c69dd062	10	114103981	114104745	2	-1.7104
93ed48b5-afc4-4898-a24f-dcb5c69dd062	10	114115376	133654968	14201	0.0078
93ed48b5-afc4-4898-a24f-dcb5c69dd062	11	198510	4946166	2418	0.0082
93ed48b5-afc4-4898-a24f-dcb5c69dd062	11	4946420	4952799	26	-1.5039
93ed48b5-afc4-4898-a24f-dcb5c69dd062	11	4953934	6096746	1067	0.0061
93ed48b5-afc4-4898-a24f-dcb5c69dd062	11	6099417	6101273	3	-1.3956
93ed48b5-afc4-4898-a24f-dcb5c69dd062	11	6102658	9301920	2263	0.0051
93ed48b5-afc4-4898-a24f-dcb5c69dd062	11	9302806	9311895	3	-0.9428
93ed48b5-afc4-4898-a24f-dcb5c69dd062	11	9314802	18927562	6897	-0.0039
93ed48b5-afc4-4898-a24f-dcb5c69dd062	11	18927778	18940441	43	0.4645
93ed48b5-afc4-4898-a24f-dcb5c69dd062	11	18940469	21825348	2596	0.0031
93ed48b5-afc4-4898-a24f-dcb5c69dd062	11	21825960	21827206	5	-0.9568
93ed48b5-afc4-4898-a24f-dcb5c69dd062	11	21829111	48576870	17987	-0.0048
93ed48b5-afc4-4898-a24f-dcb5c69dd062	11	48579882	48581124	2	-1.8965
93ed48b5-afc4-4898-a24f-dcb5c69dd062	11	48584766	55157542	964	-0.013
93ed48b5-afc4-4898-a24f-dcb5c69dd062	11	55157936	55214735	13	-0.6158
93ed48b5-afc4-4898-a24f-dcb5c69dd062	11	55241999	55606572	203	-0.0237
93ed48b5-afc4-4898-a24f-dcb5c69dd062	11	55606712	55686100	58	0.3418
93ed48b5-afc4-4898-a24f-dcb5c69dd062	11	55693207	135074876	52309	0.0027
93ed48b5-afc4-4898-a24f-dcb5c69dd062	12	51460	760032	419	0.0502
93ed48b5-afc4-4898-a24f-dcb5c69dd062	12	760097	764863	16	-1.014
93ed48b5-afc4-4898-a24f-dcb5c69dd062	12	766188	8404097	5163	0.012
93ed48b5-afc4-4898-a24f-dcb5c69dd062	12	8405892	8423870	15	1.318
93ed48b5-afc4-4898-a24f-dcb5c69dd062	12	8428232	9477960	561	0.013
93ed48b5-afc4-4898-a24f-dcb5c69dd062	12	9481274	9575696	24	-1.6079
93ed48b5-afc4-4898-a24f-dcb5c69dd062	12	9582373	16266471	4736	0.0027
93ed48b5-afc4-4898-a24f-dcb5c69dd062	12	16268053	16268391	2	1.1658
93ed48b5-afc4-4898-a24f-dcb5c69dd062	12	16275623	27941830	8018	0.0022
93ed48b5-afc4-4898-a24f-dcb5c69dd062	12	27941988	27950527	13	-0.8114
93ed48b5-afc4-4898-a24f-dcb5c69dd062	12	27950842	30082648	1539	0.0062
93ed48b5-afc4-4898-a24f-dcb5c69dd062	12	30086334	30090642	19	-0.5873
93ed48b5-afc4-4898-a24f-dcb5c69dd062	12	30090657	63685755	18560	0.0074
93ed48b5-afc4-4898-a24f-dcb5c69dd062	12	63690554	63742874	26	-0.3368
93ed48b5-afc4-4898-a24f-dcb5c69dd062	12	63749408	90089573	16543	0.0016
93ed48b5-afc4-4898-a24f-dcb5c69dd062	12	90097892	90098297	7	-1.4332
93ed48b5-afc4-4898-a24f-dcb5c69dd062	12	90099780	91327341	807	-0.0097
93ed48b5-afc4-4898-a24f-dcb5c69dd062	12	91328156	91328972	3	-1.0931
93ed48b5-afc4-4898-a24f-dcb5c69dd062	12	91329416	93903526	1692	-0.0017
93ed48b5-afc4-4898-a24f-dcb5c69dd062	12	93908178	93922996	16	-0.9609
93ed48b5-afc4-4898-a24f-dcb5c69dd062	12	93924203	99398014	3936	0.0017
93ed48b5-afc4-4898-a24f-dcb5c69dd062	12	99398036	99404748	29	0.325
93ed48b5-afc4-4898-a24f-dcb5c69dd062	12	99404811	119546020	13659	0.0067
93ed48b5-afc4-4898-a24f-dcb5c69dd062	12	119551082	119552943	15	-0.9195
93ed48b5-afc4-4898-a24f-dcb5c69dd062	12	119552956	129516016	6689	0.0143
93ed48b5-afc4-4898-a24f-dcb5c69dd062	12	129516041	129519049	3	-1.4334
93ed48b5-afc4-4898-a24f-dcb5c69dd062	12	129519225	133201603	2355	0.0345
93ed48b5-afc4-4898-a24f-dcb5c69dd062	13	18452809	32391806	10000	0.0095
93ed48b5-afc4-4898-a24f-dcb5c69dd062	13	32396963	32397255	5	-0.7807
93ed48b5-afc4-4898-a24f-dcb5c69dd062	13	32407005	37502130	3488	-0.0039
93ed48b5-afc4-4898-a24f-dcb5c69dd062	13	37502150	37510620	11	0.5517
93ed48b5-afc4-4898-a24f-dcb5c69dd062	13	37514193	41359292	2694	-0.0019
93ed48b5-afc4-4898-a24f-dcb5c69dd062	13	41360628	41364696	2	-1.2875
93ed48b5-afc4-4898-a24f-dcb5c69dd062	13	41369132	46776347	3701	0.0048
93ed48b5-afc4-4898-a24f-dcb5c69dd062	13	46776416	46779100	2	-1.3715
93ed48b5-afc4-4898-a24f-dcb5c69dd062	13	46780642	52520664	3503	-0.0012
93ed48b5-afc4-4898-a24f-dcb5c69dd062	13	52523849	52531650	3	-1.8226
93ed48b5-afc4-4898-a24f-dcb5c69dd062	13	52543744	62385052	5766	0.0012
93ed48b5-afc4-4898-a24f-dcb5c69dd062	13	62386990	62387307	2	-1.6067
93ed48b5-afc4-4898-a24f-dcb5c69dd062	13	62387466	71902850	5884	-0.0178
93ed48b5-afc4-4898-a24f-dcb5c69dd062	13	71903417	71906418	4	-1.8758
93ed48b5-afc4-4898-a24f-dcb5c69dd062	13	71906467	114342922	29099	-0.0004
93ed48b5-afc4-4898-a24f-dcb5c69dd062	14	18239283	19294475	47	-0.0053
93ed48b5-afc4-4898-a24f-dcb5c69dd062	14	19298389	19955213	120	0.7449
93ed48b5-afc4-4898-a24f-dcb5c69dd062	14	19956767	20698124	568	0.0188
93ed48b5-afc4-4898-a24f-dcb5c69dd062	14	20704842	20707933	4	0.8358
93ed48b5-afc4-4898-a24f-dcb5c69dd062	14	20710239	21855405	684	0.0134
93ed48b5-afc4-4898-a24f-dcb5c69dd062	14	21856896	22410019	506	-0.102
93ed48b5-afc4-4898-a24f-dcb5c69dd062	14	22411336	41139155	11835	0.0058
93ed48b5-afc4-4898-a24f-dcb5c69dd062	14	41141293	41188046	14	-2.9545
93ed48b5-afc4-4898-a24f-dcb5c69dd062	14	41188146	106340774	41366	0.0027
93ed48b5-afc4-4898-a24f-dcb5c69dd062	14	106345431	106346129	4	-1.7677
93ed48b5-afc4-4898-a24f-dcb5c69dd062	14	106360014	106437363	37	-0.0102
93ed48b5-afc4-4898-a24f-dcb5c69dd062	14	106437546	106524704	65	0.3008
93ed48b5-afc4-4898-a24f-dcb5c69dd062	14	106531859	106877229	172	-0.0057
93ed48b5-afc4-4898-a24f-dcb5c69dd062	15	19811075	20190276	56	-0.0015
93ed48b5-afc4-4898-a24f-dcb5c69dd062	15	20206125	22584747	159	0.4706
93ed48b5-afc4-4898-a24f-dcb5c69dd062	15	22590285	24326202	948	0.0203
93ed48b5-afc4-4898-a24f-dcb5c69dd062	15	24329610	24533744	95	0.6177
93ed48b5-afc4-4898-a24f-dcb5c69dd062	15	24537120	30077711	3569	0.0215
93ed48b5-afc4-4898-a24f-dcb5c69dd062	15	30077828	30621384	40	0.4185
93ed48b5-afc4-4898-a24f-dcb5c69dd062	15	30628421	56497449	16278	0.0071
93ed48b5-afc4-4898-a24f-dcb5c69dd062	15	56498505	56509425	26	-0.611
93ed48b5-afc4-4898-a24f-dcb5c69dd062	15	56509503	92222525	22964	0.005
93ed48b5-afc4-4898-a24f-dcb5c69dd062	15	92222644	92223064	3	1.6241
93ed48b5-afc4-4898-a24f-dcb5c69dd062	15	92223528	97265179	3991	0.0021
93ed48b5-afc4-4898-a24f-dcb5c69dd062	15	97274562	97288957	11	-1.1727
93ed48b5-afc4-4898-a24f-dcb5c69dd062	15	97290419	101928837	3427	0.0189
93ed48b5-afc4-4898-a24f-dcb5c69dd062	16	10777	22614450	14797	0.0194
93ed48b5-afc4-4898-a24f-dcb5c69dd062	16	22615026	22699421	54	-0.4051
93ed48b5-afc4-4898-a24f-dcb5c69dd062	16	22701658	22853651	129	0.0756
93ed48b5-afc4-4898-a24f-dcb5c69dd062	16	22855043	28620264	3924	-0.0017
93ed48b5-afc4-4898-a24f-dcb5c69dd062	16	28620700	35232200	1272	0.0488
93ed48b5-afc4-4898-a24f-dcb5c69dd062	16	35236333	35521195	166	0.549
93ed48b5-afc4-4898-a24f-dcb5c69dd062	16	35522700	55761136	6601	0.0044
93ed48b5-afc4-4898-a24f-dcb5c69dd062	16	55762477	55782734	18	-0.8868
93ed48b5-afc4-4898-a24f-dcb5c69dd062	16	55782793	55808442	5	0.0073
93ed48b5-afc4-4898-a24f-dcb5c69dd062	16	55808470	55824881	12	0.6126
93ed48b5-afc4-4898-a24f-dcb5c69dd062	16	55834527	66017015	6749	0.0028
93ed48b5-afc4-4898-a24f-dcb5c69dd062	16	66019327	66020304	3	-1.0771
93ed48b5-afc4-4898-a24f-dcb5c69dd062	16	66020806	81144991	10750	0.0104
93ed48b5-afc4-4898-a24f-dcb5c69dd062	16	81147413	81152300	7	-0.826
93ed48b5-afc4-4898-a24f-dcb5c69dd062	16	81153284	82928218	1831	0.0054
93ed48b5-afc4-4898-a24f-dcb5c69dd062	16	82931194	82931460	2	-1.2821
93ed48b5-afc4-4898-a24f-dcb5c69dd062	16	82931749	83008733	66	-0.0233
93ed48b5-afc4-4898-a24f-dcb5c69dd062	16	83011060	83022539	7	-0.7326
93ed48b5-afc4-4898-a24f-dcb5c69dd062	16	83023736	90096867	5491	0.0166
93ed48b5-afc4-4898-a24f-dcb5c69dd062	17	150733	18414080	11395	0.0222
93ed48b5-afc4-4898-a24f-dcb5c69dd062	17	18452078	18561907	27	0.7508
93ed48b5-afc4-4898-a24f-dcb5c69dd062	17	18565883	36119737	6846	0.0181
93ed48b5-afc4-4898-a24f-dcb5c69dd062	17	36120012	36157718	28	0.6269
93ed48b5-afc4-4898-a24f-dcb5c69dd062	17	36200725	46131308	5082	0.0123
93ed48b5-afc4-4898-a24f-dcb5c69dd062	17	46135062	46707312	101	0.1997
93ed48b5-afc4-4898-a24f-dcb5c69dd062	17	46707616	70826038	14420	0.0071
93ed48b5-afc4-4898-a24f-dcb5c69dd062	17	70829343	70829484	2	-1.7182
93ed48b5-afc4-4898-a24f-dcb5c69dd062	17	70830967	83091923	7148	0.0161
93ed48b5-afc4-4898-a24f-dcb5c69dd062	18	48133	80257174	50759	0.0021
93ed48b5-afc4-4898-a24f-dcb5c69dd062	19	90910	52813087	25563	0.0177
93ed48b5-afc4-4898-a24f-dcb5c69dd062	19	52815851	52815906	2	-1.5225
93ed48b5-afc4-4898-a24f-dcb5c69dd062	19	52824137	58586487	3548	0.0237
93ed48b5-afc4-4898-a24f-dcb5c69dd062	20	80664	1601561	1240	0.0427
93ed48b5-afc4-4898-a24f-dcb5c69dd062	20	1609611	1617460	7	-0.8392
93ed48b5-afc4-4898-a24f-dcb5c69dd062	20	1617690	26275068	18762	0.0036
93ed48b5-afc4-4898-a24f-dcb5c69dd062	20	26277456	30259177	29	-0.4183
93ed48b5-afc4-4898-a24f-dcb5c69dd062	20	30271154	64324800	22351	0.0065
93ed48b5-afc4-4898-a24f-dcb5c69dd062	21	10354168	10589439	62	0.1458
93ed48b5-afc4-4898-a24f-dcb5c69dd062	21	10590289	12996806	28	-0.3114
93ed48b5-afc4-4898-a24f-dcb5c69dd062	21	12996886	13388553	103	0.0648
93ed48b5-afc4-4898-a24f-dcb5c69dd062	21	13393853	13397265	2	-1.2948
93ed48b5-afc4-4898-a24f-dcb5c69dd062	21	13397811	23120145	6748	0.0008
93ed48b5-afc4-4898-a24f-dcb5c69dd062	21	23120391	23266436	112	-1.1055
93ed48b5-afc4-4898-a24f-dcb5c69dd062	21	23268473	27608469	3425	0.0005
93ed48b5-afc4-4898-a24f-dcb5c69dd062	21	27617931	27622854	5	-0.9797
93ed48b5-afc4-4898-a24f-dcb5c69dd062	21	27626244	46616324	13333	0.0097
93ed48b5-afc4-4898-a24f-dcb5c69dd062	21	46620254	46677045	47	-0.272
93ed48b5-afc4-4898-a24f-dcb5c69dd062	22	15294547	18058780	1023	0.0193
93ed48b5-afc4-4898-a24f-dcb5c69dd062	22	18060506	24041599	3409	0.0566
93ed48b5-afc4-4898-a24f-dcb5c69dd062	22	24042894	37346951	9998	0.0076
93ed48b5-afc4-4898-a24f-dcb5c69dd062	22	37352689	37353906	4	-1.121
93ed48b5-afc4-4898-a24f-dcb5c69dd062	22	37354627	48364313	7172	0.0099
93ed48b5-afc4-4898-a24f-dcb5c69dd062	22	48366697	48371099	11	-1.1916
93ed48b5-afc4-4898-a24f-dcb5c69dd062	22	48372384	50796027	1664	0.0392
93ed48b5-afc4-4898-a24f-dcb5c69dd062	X	251810	10187917	5734	0.0117
93ed48b5-afc4-4898-a24f-dcb5c69dd062	X	10190498	10190732	2	-1.752
93ed48b5-afc4-4898-a24f-dcb5c69dd062	X	10190870	103917238	47998	-0.0008
93ed48b5-afc4-4898-a24f-dcb5c69dd062	X	103924147	103955573	25	0.6968
93ed48b5-afc4-4898-a24f-dcb5c69dd062	X	103988453	104006126	26	0.0449
93ed48b5-afc4-4898-a24f-dcb5c69dd062	X	104006356	104050792	53	0.6613
93ed48b5-afc4-4898-a24f-dcb5c69dd062	X	104083894	155952689	29824	0.0023
93ed48b5-afc4-4898-a24f-dcb5c69dd062	Y	2782397	6071948	718	-2.6443
93ed48b5-afc4-4898-a24f-dcb5c69dd062	Y	6075631	26324843	5761	-3.1763
93ed48b5-afc4-4898-a24f-dcb5c69dd062	Y	26329892	56872112	161	-2.6805
