GDC_Aliquot	Chromosome	Start	End	Num_Probes	Segment_Mean
24a17445-02d6-4707-8470-ff10cb055c55	1	62920	259422	15	0.2419
24a17445-02d6-4707-8470-ff10cb055c55	1	259926	16570326	8627	-0.0009
24a17445-02d6-4707-8470-ff10cb055c55	1	16583114	16864367	55	0.2913
24a17445-02d6-4707-8470-ff10cb055c55	1	16868660	16935737	52	-0.4822
24a17445-02d6-4707-8470-ff10cb055c55	1	16935752	24851840	4969	-0.0021
24a17445-02d6-4707-8470-ff10cb055c55	1	24853888	24854754	3	-1.2137
24a17445-02d6-4707-8470-ff10cb055c55	1	24857660	25256800	290	-0.0431
24a17445-02d6-4707-8470-ff10cb055c55	1	25256850	25320198	23	0.4428
24a17445-02d6-4707-8470-ff10cb055c55	1	25320253	105470132	49696	0.0034
24a17445-02d6-4707-8470-ff10cb055c55	1	105470754	105479753	18	0.8647
24a17445-02d6-4707-8470-ff10cb055c55	1	105481433	109684893	2633	0.0071
24a17445-02d6-4707-8470-ff10cb055c55	1	109690352	109697556	13	1.3487
24a17445-02d6-4707-8470-ff10cb055c55	1	109702376	110837128	854	0.0078
24a17445-02d6-4707-8470-ff10cb055c55	1	110837143	110837398	3	0.684
24a17445-02d6-4707-8470-ff10cb055c55	1	110839857	112147704	1094	0.0022
24a17445-02d6-4707-8470-ff10cb055c55	1	112153343	112154390	18	-0.3755
24a17445-02d6-4707-8470-ff10cb055c55	1	112154552	114374517	1390	0.0062
24a17445-02d6-4707-8470-ff10cb055c55	1	114380480	114381511	3	-0.9577
24a17445-02d6-4707-8470-ff10cb055c55	1	114384780	114417266	19	0.1299
24a17445-02d6-4707-8470-ff10cb055c55	1	114417452	121164565	3662	0.0006
24a17445-02d6-4707-8470-ff10cb055c55	1	121170716	145793372	279	0.0908
24a17445-02d6-4707-8470-ff10cb055c55	1	145793816	145800668	2	1.4606
24a17445-02d6-4707-8470-ff10cb055c55	1	145800740	152583230	2240	0.0225
24a17445-02d6-4707-8470-ff10cb055c55	1	152583291	152613762	30	-1.7243
24a17445-02d6-4707-8470-ff10cb055c55	1	152613802	161509648	5461	-0.0049
24a17445-02d6-4707-8470-ff10cb055c55	1	161532067	161678447	17	0.5978
24a17445-02d6-4707-8470-ff10cb055c55	1	161678831	161864381	148	0.0306
24a17445-02d6-4707-8470-ff10cb055c55	1	161864656	161872417	10	0.4357
24a17445-02d6-4707-8470-ff10cb055c55	1	161874316	165067758	2525	-0.0014
24a17445-02d6-4707-8470-ff10cb055c55	1	165076228	165076317	3	-0.972
24a17445-02d6-4707-8470-ff10cb055c55	1	165077278	169247699	3310	0.0055
24a17445-02d6-4707-8470-ff10cb055c55	1	169264736	169272528	6	0.8708
24a17445-02d6-4707-8470-ff10cb055c55	1	169273163	187746723	12194	-0.0009
24a17445-02d6-4707-8470-ff10cb055c55	1	187748429	187752238	2	-1.5874
24a17445-02d6-4707-8470-ff10cb055c55	1	187755479	189193276	920	0.0029
24a17445-02d6-4707-8470-ff10cb055c55	1	189197742	189469067	159	0.1176
24a17445-02d6-4707-8470-ff10cb055c55	1	189475192	190706082	893	0.0097
24a17445-02d6-4707-8470-ff10cb055c55	1	190706389	190706406	2	-1.2775
24a17445-02d6-4707-8470-ff10cb055c55	1	190710852	196745743	3987	0.0156
24a17445-02d6-4707-8470-ff10cb055c55	1	196758720	196829513	50	0.4292
24a17445-02d6-4707-8470-ff10cb055c55	1	196829534	247976740	35333	0.0035
24a17445-02d6-4707-8470-ff10cb055c55	1	247979151	248633912	327	0.1423
24a17445-02d6-4707-8470-ff10cb055c55	1	248645563	248930189	141	0.005
24a17445-02d6-4707-8470-ff10cb055c55	2	12784	295136	179	0.0171
24a17445-02d6-4707-8470-ff10cb055c55	2	295255	296852	4	-0.7692
24a17445-02d6-4707-8470-ff10cb055c55	2	300879	4158097	2802	0.0042
24a17445-02d6-4707-8470-ff10cb055c55	2	4166274	4175577	36	-0.6034
24a17445-02d6-4707-8470-ff10cb055c55	2	4175922	22376054	13612	0.0056
24a17445-02d6-4707-8470-ff10cb055c55	2	22378048	22378060	2	-1.2194
24a17445-02d6-4707-8470-ff10cb055c55	2	22378280	24376380	1280	0.0139
24a17445-02d6-4707-8470-ff10cb055c55	2	24378642	24388259	19	-0.553
24a17445-02d6-4707-8470-ff10cb055c55	2	24388858	116214083	53993	0.01
24a17445-02d6-4707-8470-ff10cb055c55	2	116216846	116216862	2	-1.5374
24a17445-02d6-4707-8470-ff10cb055c55	2	116218490	117394829	701	0.0329
24a17445-02d6-4707-8470-ff10cb055c55	2	117395267	122712754	3414	-0.0117
24a17445-02d6-4707-8470-ff10cb055c55	2	122712772	130037806	4787	0.0201
24a17445-02d6-4707-8470-ff10cb055c55	2	130059766	130116915	11	0.7141
24a17445-02d6-4707-8470-ff10cb055c55	2	130117303	242147305	68536	0.0072
24a17445-02d6-4707-8470-ff10cb055c55	3	20930	182919	154	0.0642
24a17445-02d6-4707-8470-ff10cb055c55	3	188339	191117	4	-0.8648
24a17445-02d6-4707-8470-ff10cb055c55	3	193194	1730425	1365	0.0834
24a17445-02d6-4707-8470-ff10cb055c55	3	1730586	8387945	5854	0.0233
24a17445-02d6-4707-8470-ff10cb055c55	3	8389210	8428760	36	-0.9132
24a17445-02d6-4707-8470-ff10cb055c55	3	8433912	21798379	8943	0.008
24a17445-02d6-4707-8470-ff10cb055c55	3	21799551	22262402	432	0.0937
24a17445-02d6-4707-8470-ff10cb055c55	3	22263264	37523079	10522	0.0087
24a17445-02d6-4707-8470-ff10cb055c55	3	37523352	37528908	2	-1.083
24a17445-02d6-4707-8470-ff10cb055c55	3	37528979	37935926	285	-0.015
24a17445-02d6-4707-8470-ff10cb055c55	3	37940617	37945437	18	-0.7615
24a17445-02d6-4707-8470-ff10cb055c55	3	37945615	52997922	8078	0.0081
24a17445-02d6-4707-8470-ff10cb055c55	3	52997929	53005100	28	-0.5008
24a17445-02d6-4707-8470-ff10cb055c55	3	53005201	59811143	4651	0.0031
24a17445-02d6-4707-8470-ff10cb055c55	3	59811858	59936291	127	0.0441
24a17445-02d6-4707-8470-ff10cb055c55	3	59936661	59936912	2	-0.8882
24a17445-02d6-4707-8470-ff10cb055c55	3	59937083	60949700	1161	0.0563
24a17445-02d6-4707-8470-ff10cb055c55	3	60949789	60950040	2	-1.0592
24a17445-02d6-4707-8470-ff10cb055c55	3	60951377	61055218	82	0.0742
24a17445-02d6-4707-8470-ff10cb055c55	3	61057116	68697013	6002	0.0029
24a17445-02d6-4707-8470-ff10cb055c55	3	68697108	68698262	14	1.1941
24a17445-02d6-4707-8470-ff10cb055c55	3	68699607	146655651	45038	0.0061
24a17445-02d6-4707-8470-ff10cb055c55	3	146657279	147961509	703	0.0931
24a17445-02d6-4707-8470-ff10cb055c55	3	147961906	161797809	8484	0.0046
24a17445-02d6-4707-8470-ff10cb055c55	3	161797839	161797861	2	1.1608
24a17445-02d6-4707-8470-ff10cb055c55	3	161798156	162795361	677	0.0318
24a17445-02d6-4707-8470-ff10cb055c55	3	162795671	162906065	62	0.509
24a17445-02d6-4707-8470-ff10cb055c55	3	162906093	162996729	76	0.1087
24a17445-02d6-4707-8470-ff10cb055c55	3	162999939	163001774	2	-2.6221
24a17445-02d6-4707-8470-ff10cb055c55	3	163008371	165336903	1258	0.0102
24a17445-02d6-4707-8470-ff10cb055c55	3	165336922	165344960	23	0.3862
24a17445-02d6-4707-8470-ff10cb055c55	3	165344980	169012392	2085	0.0218
24a17445-02d6-4707-8470-ff10cb055c55	3	169015614	169020840	2	1.2281
24a17445-02d6-4707-8470-ff10cb055c55	3	169022039	175362958	4210	0.0038
24a17445-02d6-4707-8470-ff10cb055c55	3	175363114	175363437	3	-1.1414
24a17445-02d6-4707-8470-ff10cb055c55	3	175363536	176678617	834	0.075
24a17445-02d6-4707-8470-ff10cb055c55	3	176680541	193054845	10581	0.005
24a17445-02d6-4707-8470-ff10cb055c55	3	193058384	193160113	81	0.094
24a17445-02d6-4707-8470-ff10cb055c55	3	193160173	193165114	19	1.3238
24a17445-02d6-4707-8470-ff10cb055c55	3	193168646	195729177	1515	-0.0055
24a17445-02d6-4707-8470-ff10cb055c55	3	195730018	195747892	10	-0.9837
24a17445-02d6-4707-8470-ff10cb055c55	3	195751823	198169247	1164	0.0002
24a17445-02d6-4707-8470-ff10cb055c55	4	68929	4093722	1619	0
24a17445-02d6-4707-8470-ff10cb055c55	4	4093936	4174887	22	0.3181
24a17445-02d6-4707-8470-ff10cb055c55	4	4174902	9455251	3514	-0.0048
24a17445-02d6-4707-8470-ff10cb055c55	4	9459504	9477699	6	1.3514
24a17445-02d6-4707-8470-ff10cb055c55	4	9484440	10208766	538	-0.017
24a17445-02d6-4707-8470-ff10cb055c55	4	10212536	10233644	36	1.2083
24a17445-02d6-4707-8470-ff10cb055c55	4	10234518	10389091	171	-0.0238
24a17445-02d6-4707-8470-ff10cb055c55	4	10390730	10399044	16	-2.1596
24a17445-02d6-4707-8470-ff10cb055c55	4	10401094	34764075	16754	0.0052
24a17445-02d6-4707-8470-ff10cb055c55	4	34764149	34828327	52	0.3748
24a17445-02d6-4707-8470-ff10cb055c55	4	34828382	49214614	8959	0.0134
24a17445-02d6-4707-8470-ff10cb055c55	4	49289175	49289338	2	1.3175
24a17445-02d6-4707-8470-ff10cb055c55	4	49295203	63805522	7561	0.0065
24a17445-02d6-4707-8470-ff10cb055c55	4	63806949	63865087	53	0.263
24a17445-02d6-4707-8470-ff10cb055c55	4	63866325	68422422	2845	0.0051
24a17445-02d6-4707-8470-ff10cb055c55	4	68422424	68620261	77	0.3954
24a17445-02d6-4707-8470-ff10cb055c55	4	68623617	69254981	310	0.0918
24a17445-02d6-4707-8470-ff10cb055c55	4	69255175	69459991	116	0.264
24a17445-02d6-4707-8470-ff10cb055c55	4	69460790	69523998	52	-0.0516
24a17445-02d6-4707-8470-ff10cb055c55	4	69524143	69525061	2	-2.2352
24a17445-02d6-4707-8470-ff10cb055c55	4	69526170	103816743	20879	0.0085
24a17445-02d6-4707-8470-ff10cb055c55	4	103816811	103839872	36	0.273
24a17445-02d6-4707-8470-ff10cb055c55	4	103839885	114252472	6269	0.0075
24a17445-02d6-4707-8470-ff10cb055c55	4	114252500	114263224	31	0.5726
24a17445-02d6-4707-8470-ff10cb055c55	4	114263234	115244948	603	0.0154
24a17445-02d6-4707-8470-ff10cb055c55	4	115251455	115254969	22	-0.4709
24a17445-02d6-4707-8470-ff10cb055c55	4	115259026	118322125	1856	0.019
24a17445-02d6-4707-8470-ff10cb055c55	4	118324233	118324458	3	-0.9073
24a17445-02d6-4707-8470-ff10cb055c55	4	118326320	118804851	185	0.0072
24a17445-02d6-4707-8470-ff10cb055c55	4	118808925	118819798	8	-0.4892
24a17445-02d6-4707-8470-ff10cb055c55	4	118821149	127043514	4998	0.0139
24a17445-02d6-4707-8470-ff10cb055c55	4	127043845	127044136	2	-1.1513
24a17445-02d6-4707-8470-ff10cb055c55	4	127045262	130936394	2205	0.0136
24a17445-02d6-4707-8470-ff10cb055c55	4	130945166	131464106	267	0.1271
24a17445-02d6-4707-8470-ff10cb055c55	4	131467699	132375518	411	0.0275
24a17445-02d6-4707-8470-ff10cb055c55	4	132375635	132375715	2	-1.1699
24a17445-02d6-4707-8470-ff10cb055c55	4	132380796	134022739	920	0.0106
24a17445-02d6-4707-8470-ff10cb055c55	4	134023176	134280075	123	0.1601
24a17445-02d6-4707-8470-ff10cb055c55	4	134290051	137033231	1534	0.0111
24a17445-02d6-4707-8470-ff10cb055c55	4	137033441	137049499	9	0.5415
24a17445-02d6-4707-8470-ff10cb055c55	4	137050140	151868634	8911	0.007
24a17445-02d6-4707-8470-ff10cb055c55	4	151870381	151871415	12	-0.9294
24a17445-02d6-4707-8470-ff10cb055c55	4	151871739	171448195	12548	0.011
24a17445-02d6-4707-8470-ff10cb055c55	4	171453733	171456293	8	-1.0075
24a17445-02d6-4707-8470-ff10cb055c55	4	171456307	172066488	395	0.0154
24a17445-02d6-4707-8470-ff10cb055c55	4	172066567	172079670	21	0.3943
24a17445-02d6-4707-8470-ff10cb055c55	4	172080680	180613796	5463	0.0197
24a17445-02d6-4707-8470-ff10cb055c55	4	180614166	181144277	378	0.1003
24a17445-02d6-4707-8470-ff10cb055c55	4	181144640	183011562	1530	0.0124
24a17445-02d6-4707-8470-ff10cb055c55	4	183012233	183014086	2	1.3423
24a17445-02d6-4707-8470-ff10cb055c55	4	183014136	188249892	3512	0.0106
24a17445-02d6-4707-8470-ff10cb055c55	4	188251357	188251711	2	-1.1617
24a17445-02d6-4707-8470-ff10cb055c55	4	188255022	188300104	32	0.0449
24a17445-02d6-4707-8470-ff10cb055c55	4	188300206	188300221	2	-1.3485
24a17445-02d6-4707-8470-ff10cb055c55	4	188300270	190106768	1143	0.043
24a17445-02d6-4707-8470-ff10cb055c55	5	15532	698357	308	0.0029
24a17445-02d6-4707-8470-ff10cb055c55	5	698390	773453	25	0.7105
24a17445-02d6-4707-8470-ff10cb055c55	5	779766	896700	38	0.0074
24a17445-02d6-4707-8470-ff10cb055c55	5	905586	908425	3	-1.0159
24a17445-02d6-4707-8470-ff10cb055c55	5	913276	12800777	9808	-0.0017
24a17445-02d6-4707-8470-ff10cb055c55	5	12815668	12857227	17	0.5319
24a17445-02d6-4707-8470-ff10cb055c55	5	12864509	20216152	4781	0.0142
24a17445-02d6-4707-8470-ff10cb055c55	5	20220396	20570483	263	0.1037
24a17445-02d6-4707-8470-ff10cb055c55	5	20570878	27524345	3989	0.0034
24a17445-02d6-4707-8470-ff10cb055c55	5	27525800	27525913	8	-1.2976
24a17445-02d6-4707-8470-ff10cb055c55	5	27527372	45273522	11081	0.0028
24a17445-02d6-4707-8470-ff10cb055c55	5	45276037	50816878	614	0.1052
24a17445-02d6-4707-8470-ff10cb055c55	5	50820622	58025819	4787	0.0099
24a17445-02d6-4707-8470-ff10cb055c55	5	58030200	58037706	32	1.5959
24a17445-02d6-4707-8470-ff10cb055c55	5	58042530	99271998	23772	0.0041
24a17445-02d6-4707-8470-ff10cb055c55	5	99272307	100506519	705	0.1
24a17445-02d6-4707-8470-ff10cb055c55	5	100507719	101649194	667	0.0031
24a17445-02d6-4707-8470-ff10cb055c55	5	101649557	102007531	273	0.1009
24a17445-02d6-4707-8470-ff10cb055c55	5	102008143	104515520	1401	0.0135
24a17445-02d6-4707-8470-ff10cb055c55	5	104524672	104524903	4	-1.1757
24a17445-02d6-4707-8470-ff10cb055c55	5	104525348	106723167	1294	0.0048
24a17445-02d6-4707-8470-ff10cb055c55	5	106724741	106974497	182	0.1104
24a17445-02d6-4707-8470-ff10cb055c55	5	106974529	156049988	31918	0.002
24a17445-02d6-4707-8470-ff10cb055c55	5	156051752	156055719	11	0.5169
24a17445-02d6-4707-8470-ff10cb055c55	5	156068240	175946505	14062	0
24a17445-02d6-4707-8470-ff10cb055c55	5	175960543	175993893	7	0.7526
24a17445-02d6-4707-8470-ff10cb055c55	5	175999690	180947523	2528	0.0015
24a17445-02d6-4707-8470-ff10cb055c55	5	180951710	181006264	21	-0.4441
24a17445-02d6-4707-8470-ff10cb055c55	5	181015400	181363319	168	-0.025
24a17445-02d6-4707-8470-ff10cb055c55	6	149661	254283	101	-0.006
24a17445-02d6-4707-8470-ff10cb055c55	6	257353	302306	24	0.4861
24a17445-02d6-4707-8470-ff10cb055c55	6	303017	19039888	14635	0.0022
24a17445-02d6-4707-8470-ff10cb055c55	6	19041950	19044517	6	-0.6931
24a17445-02d6-4707-8470-ff10cb055c55	6	19044532	22903102	2811	0.0013
24a17445-02d6-4707-8470-ff10cb055c55	6	22905088	22905603	4	0.6897
24a17445-02d6-4707-8470-ff10cb055c55	6	22909104	24947577	1448	0.0106
24a17445-02d6-4707-8470-ff10cb055c55	6	24950971	24951581	5	-0.9936
24a17445-02d6-4707-8470-ff10cb055c55	6	24954007	31318528	3277	0.0062
24a17445-02d6-4707-8470-ff10cb055c55	6	31318754	31328674	9	-1.5854
24a17445-02d6-4707-8470-ff10cb055c55	6	31342147	32533522	516	-0.0576
24a17445-02d6-4707-8470-ff10cb055c55	6	32540699	32605994	16	0.9002
24a17445-02d6-4707-8470-ff10cb055c55	6	32606237	32614112	10	0.003
24a17445-02d6-4707-8470-ff10cb055c55	6	32614426	32638979	14	-0.7619
24a17445-02d6-4707-8470-ff10cb055c55	6	32641650	32722250	51	-0.0457
24a17445-02d6-4707-8470-ff10cb055c55	6	32723020	32723053	3	-1.2073
24a17445-02d6-4707-8470-ff10cb055c55	6	32732907	54066353	13643	0.0048
24a17445-02d6-4707-8470-ff10cb055c55	6	54066432	54067057	6	-1.6779
24a17445-02d6-4707-8470-ff10cb055c55	6	54070550	57350696	1981	0.0021
24a17445-02d6-4707-8470-ff10cb055c55	6	57368944	61823514	775	0.0761
24a17445-02d6-4707-8470-ff10cb055c55	6	61823563	66283562	2560	0.0094
24a17445-02d6-4707-8470-ff10cb055c55	6	66283625	66328153	46	0.1706
24a17445-02d6-4707-8470-ff10cb055c55	6	66331020	66333299	7	0.515
24a17445-02d6-4707-8470-ff10cb055c55	6	66333342	66344634	19	0.1856
24a17445-02d6-4707-8470-ff10cb055c55	6	66344991	73882142	4990	0.0164
24a17445-02d6-4707-8470-ff10cb055c55	6	73882509	73882741	2	-1.2783
24a17445-02d6-4707-8470-ff10cb055c55	6	73883255	76726815	1775	0.0084
24a17445-02d6-4707-8470-ff10cb055c55	6	76730151	76742924	18	-0.6303
24a17445-02d6-4707-8470-ff10cb055c55	6	76742956	78253172	976	0.0151
24a17445-02d6-4707-8470-ff10cb055c55	6	78259348	78325468	113	0.3375
24a17445-02d6-4707-8470-ff10cb055c55	6	78329517	93702534	9854	0.0073
24a17445-02d6-4707-8470-ff10cb055c55	6	93704030	95386776	823	0.1022
24a17445-02d6-4707-8470-ff10cb055c55	6	95388284	103286954	4782	0.009
24a17445-02d6-4707-8470-ff10cb055c55	6	103290101	103314186	46	0.8866
24a17445-02d6-4707-8470-ff10cb055c55	6	103317795	104356321	658	-0.0038
24a17445-02d6-4707-8470-ff10cb055c55	6	104357313	104358576	3	-2.3058
24a17445-02d6-4707-8470-ff10cb055c55	6	104358665	170741917	43466	0.0085
24a17445-02d6-4707-8470-ff10cb055c55	7	43355	8135898	4507	-0.0015
24a17445-02d6-4707-8470-ff10cb055c55	7	8136671	10599184	1995	0.055
24a17445-02d6-4707-8470-ff10cb055c55	7	10599205	12492822	1569	0.0088
24a17445-02d6-4707-8470-ff10cb055c55	7	12503547	12509401	9	-0.8397
24a17445-02d6-4707-8470-ff10cb055c55	7	12512533	13940600	1130	0.0154
24a17445-02d6-4707-8470-ff10cb055c55	7	13940652	13940879	3	-1.0514
24a17445-02d6-4707-8470-ff10cb055c55	7	13940991	18903703	3941	0.0223
24a17445-02d6-4707-8470-ff10cb055c55	7	18903798	19738449	861	0.09
24a17445-02d6-4707-8470-ff10cb055c55	7	19738463	23995508	3104	0.0103
24a17445-02d6-4707-8470-ff10cb055c55	7	24000259	24000764	2	1.3125
24a17445-02d6-4707-8470-ff10cb055c55	7	24001198	32334980	6208	0.0028
24a17445-02d6-4707-8470-ff10cb055c55	7	32335336	32335370	2	-1.3463
24a17445-02d6-4707-8470-ff10cb055c55	7	32341567	38289122	4047	0.0019
24a17445-02d6-4707-8470-ff10cb055c55	7	38289139	38347842	87	0.1955
24a17445-02d6-4707-8470-ff10cb055c55	7	38351764	38565266	188	0.0035
24a17445-02d6-4707-8470-ff10cb055c55	7	38569059	38576019	2	0.7471
24a17445-02d6-4707-8470-ff10cb055c55	7	38576829	39037797	344	0.0019
24a17445-02d6-4707-8470-ff10cb055c55	7	39037805	39039873	2	-2.4862
24a17445-02d6-4707-8470-ff10cb055c55	7	39040000	54305455	10445	0.0025
24a17445-02d6-4707-8470-ff10cb055c55	7	54318812	54318824	6	-1.6968
24a17445-02d6-4707-8470-ff10cb055c55	7	54325795	88546210	15870	0.0134
24a17445-02d6-4707-8470-ff10cb055c55	7	88547689	90254853	1145	0.0882
24a17445-02d6-4707-8470-ff10cb055c55	7	90255283	97777749	4817	0.0084
24a17445-02d6-4707-8470-ff10cb055c55	7	97788295	97788298	2	-1.5289
24a17445-02d6-4707-8470-ff10cb055c55	7	97791337	100731621	1260	0.0061
24a17445-02d6-4707-8470-ff10cb055c55	7	100731642	100735219	2	-1.4093
24a17445-02d6-4707-8470-ff10cb055c55	7	100753382	109793741	5310	0.0104
24a17445-02d6-4707-8470-ff10cb055c55	7	109797035	109797700	14	-0.9461
24a17445-02d6-4707-8470-ff10cb055c55	7	109797715	109801187	11	-0.1748
24a17445-02d6-4707-8470-ff10cb055c55	7	109801572	109813853	10	-1.9063
24a17445-02d6-4707-8470-ff10cb055c55	7	109813925	134100424	14724	0.0061
24a17445-02d6-4707-8470-ff10cb055c55	7	134100442	134110881	23	0.6504
24a17445-02d6-4707-8470-ff10cb055c55	7	134110912	144199159	6433	0.0078
24a17445-02d6-4707-8470-ff10cb055c55	7	144207186	144264193	8	-0.6625
24a17445-02d6-4707-8470-ff10cb055c55	7	144295437	150587812	3834	0.0176
24a17445-02d6-4707-8470-ff10cb055c55	7	150588016	150604481	9	-0.553
24a17445-02d6-4707-8470-ff10cb055c55	7	150610834	159334314	5804	0.0073
24a17445-02d6-4707-8470-ff10cb055c55	8	81254	645875	330	0.0271
24a17445-02d6-4707-8470-ff10cb055c55	8	645892	645908	2	3.6666
24a17445-02d6-4707-8470-ff10cb055c55	8	656117	18994043	16573	0.0164
24a17445-02d6-4707-8470-ff10cb055c55	8	18994067	19001036	24	-1.0286
24a17445-02d6-4707-8470-ff10cb055c55	8	19001217	25116961	4534	-0.0005
24a17445-02d6-4707-8470-ff10cb055c55	8	25117007	25126708	23	-2.1578
24a17445-02d6-4707-8470-ff10cb055c55	8	25126735	39373140	9005	0.0048
24a17445-02d6-4707-8470-ff10cb055c55	8	39378084	39531496	62	0.6566
24a17445-02d6-4707-8470-ff10cb055c55	8	39531510	63936079	13631	0.0013
24a17445-02d6-4707-8470-ff10cb055c55	8	63936340	63936953	7	0.9461
24a17445-02d6-4707-8470-ff10cb055c55	8	63937166	94545324	18068	0.0042
24a17445-02d6-4707-8470-ff10cb055c55	8	94545374	94545764	6	0.7094
24a17445-02d6-4707-8470-ff10cb055c55	8	94545887	97323873	1905	0.0057
24a17445-02d6-4707-8470-ff10cb055c55	8	97324318	97325122	2	-1.585
24a17445-02d6-4707-8470-ff10cb055c55	8	97327049	145072769	31249	0.002
24a17445-02d6-4707-8470-ff10cb055c55	9	46587	1529051	1622	0.0449
24a17445-02d6-4707-8470-ff10cb055c55	9	1529070	3935560	2312	-0.0096
24a17445-02d6-4707-8470-ff10cb055c55	9	3937288	11291467	6753	0.0237
24a17445-02d6-4707-8470-ff10cb055c55	9	11294703	12485451	924	0.1183
24a17445-02d6-4707-8470-ff10cb055c55	9	12486057	22492890	8197	0.0026
24a17445-02d6-4707-8470-ff10cb055c55	9	22501914	22502700	2	-3.255
24a17445-02d6-4707-8470-ff10cb055c55	9	22509341	37224584	10152	0.0135
24a17445-02d6-4707-8470-ff10cb055c55	9	37229460	37233020	4	-1.1066
24a17445-02d6-4707-8470-ff10cb055c55	9	37239574	38989381	1107	-0.0022
24a17445-02d6-4707-8470-ff10cb055c55	9	38996106	41473518	136	0.1879
24a17445-02d6-4707-8470-ff10cb055c55	9	41473533	42014203	31	-0.0505
24a17445-02d6-4707-8470-ff10cb055c55	9	42037471	42524983	34	-1.2639
24a17445-02d6-4707-8470-ff10cb055c55	9	42546668	67168711	243	-0.0128
24a17445-02d6-4707-8470-ff10cb055c55	9	67216687	67375814	2	1.3082
24a17445-02d6-4707-8470-ff10cb055c55	9	67402423	87907679	14213	-0.0004
24a17445-02d6-4707-8470-ff10cb055c55	9	87939236	87939304	2	-1.7009
24a17445-02d6-4707-8470-ff10cb055c55	9	87943042	110124660	15572	0.0074
24a17445-02d6-4707-8470-ff10cb055c55	9	110128026	110128353	3	-1.1062
24a17445-02d6-4707-8470-ff10cb055c55	9	110129138	138200944	18097	0.0026
24a17445-02d6-4707-8470-ff10cb055c55	10	45792	24086334	19172	0.0046
24a17445-02d6-4707-8470-ff10cb055c55	10	24088745	24090110	15	0.872
24a17445-02d6-4707-8470-ff10cb055c55	10	24091731	26934974	1978	0.0083
24a17445-02d6-4707-8470-ff10cb055c55	10	26936975	26939544	13	0.4398
24a17445-02d6-4707-8470-ff10cb055c55	10	26941064	46146453	10292	-0.0005
24a17445-02d6-4707-8470-ff10cb055c55	10	46154876	46792335	227	0.4685
24a17445-02d6-4707-8470-ff10cb055c55	10	46792344	47460004	290	-0.0064
24a17445-02d6-4707-8470-ff10cb055c55	10	47559592	47954600	12	0.6645
24a17445-02d6-4707-8470-ff10cb055c55	10	48079548	53632037	4014	0.0023
24a17445-02d6-4707-8470-ff10cb055c55	10	53632200	53699632	89	0.1684
24a17445-02d6-4707-8470-ff10cb055c55	10	53704194	55156783	1058	0.0193
24a17445-02d6-4707-8470-ff10cb055c55	10	55156877	55846256	487	0.1039
24a17445-02d6-4707-8470-ff10cb055c55	10	55846344	65524120	6703	0.0079
24a17445-02d6-4707-8470-ff10cb055c55	10	65524153	65528467	2	1.3117
24a17445-02d6-4707-8470-ff10cb055c55	10	65528488	65540316	21	-0.0308
24a17445-02d6-4707-8470-ff10cb055c55	10	65545311	65554688	34	0.4358
24a17445-02d6-4707-8470-ff10cb055c55	10	65563037	66297263	605	0.0049
24a17445-02d6-4707-8470-ff10cb055c55	10	66297305	66507568	138	0.1446
24a17445-02d6-4707-8470-ff10cb055c55	10	66508507	66976260	362	0.0145
24a17445-02d6-4707-8470-ff10cb055c55	10	66984052	67254561	176	0.1152
24a17445-02d6-4707-8470-ff10cb055c55	10	67255494	81015873	8766	0.001
24a17445-02d6-4707-8470-ff10cb055c55	10	81023651	81285526	153	-0.9566
24a17445-02d6-4707-8470-ff10cb055c55	10	81286795	133654968	35991	0.0052
24a17445-02d6-4707-8470-ff10cb055c55	11	198510	5757293	3219	0.0045
24a17445-02d6-4707-8470-ff10cb055c55	11	5761695	5791130	44	0.3219
24a17445-02d6-4707-8470-ff10cb055c55	11	5794956	6086560	235	0.0074
24a17445-02d6-4707-8470-ff10cb055c55	11	6087039	6100864	8	-0.901
24a17445-02d6-4707-8470-ff10cb055c55	11	6101273	7791493	1249	0.0077
24a17445-02d6-4707-8470-ff10cb055c55	11	7791913	7810711	6	-0.6646
24a17445-02d6-4707-8470-ff10cb055c55	11	7815462	18919323	7899	0.007
24a17445-02d6-4707-8470-ff10cb055c55	11	18927525	18939631	35	-0.8919
24a17445-02d6-4707-8470-ff10cb055c55	11	18939734	36972840	13314	0.0083
24a17445-02d6-4707-8470-ff10cb055c55	11	36973305	37813411	562	0.0876
24a17445-02d6-4707-8470-ff10cb055c55	11	37821027	50140397	7306	0.0053
24a17445-02d6-4707-8470-ff10cb055c55	11	50140545	56242723	1012	0.0872
24a17445-02d6-4707-8470-ff10cb055c55	11	56244856	95533318	23392	0.0038
24a17445-02d6-4707-8470-ff10cb055c55	11	95534736	95536228	4	-1.0611
24a17445-02d6-4707-8470-ff10cb055c55	11	95538364	99968957	3290	0.0152
24a17445-02d6-4707-8470-ff10cb055c55	11	99972614	99972630	2	-1.3307
24a17445-02d6-4707-8470-ff10cb055c55	11	99972870	115651518	10780	0.0073
24a17445-02d6-4707-8470-ff10cb055c55	11	115653192	115653419	2	-1.2401
24a17445-02d6-4707-8470-ff10cb055c55	11	115653933	135074876	14384	0.001
24a17445-02d6-4707-8470-ff10cb055c55	12	51460	9477960	6170	-0.0018
24a17445-02d6-4707-8470-ff10cb055c55	12	9481274	9562969	23	-1.2869
24a17445-02d6-4707-8470-ff10cb055c55	12	9575696	33141726	16557	0.0101
24a17445-02d6-4707-8470-ff10cb055c55	12	33148472	33154440	27	-2.9416
24a17445-02d6-4707-8470-ff10cb055c55	12	33155426	33358796	132	-0.002
24a17445-02d6-4707-8470-ff10cb055c55	12	33358982	38779583	1189	0.0861
24a17445-02d6-4707-8470-ff10cb055c55	12	38779672	127149591	56191	0.0036
24a17445-02d6-4707-8470-ff10cb055c55	12	127149742	127150001	6	-0.742
24a17445-02d6-4707-8470-ff10cb055c55	12	127150302	131636170	3888	0.0001
24a17445-02d6-4707-8470-ff10cb055c55	12	131648039	131648790	13	-1.7749
24a17445-02d6-4707-8470-ff10cb055c55	12	131657925	133201603	559	-0.0076
24a17445-02d6-4707-8470-ff10cb055c55	13	18452809	19199374	328	0.0194
24a17445-02d6-4707-8470-ff10cb055c55	13	19202953	19203130	2	-1.1283
24a17445-02d6-4707-8470-ff10cb055c55	13	19207320	19836416	332	0.021
24a17445-02d6-4707-8470-ff10cb055c55	13	19844601	19872719	12	0.5039
24a17445-02d6-4707-8470-ff10cb055c55	13	19875751	23055048	2179	0.0106
24a17445-02d6-4707-8470-ff10cb055c55	13	23055071	23059376	13	-2.0912
24a17445-02d6-4707-8470-ff10cb055c55	13	23064056	57176962	23129	0.0083
24a17445-02d6-4707-8470-ff10cb055c55	13	57184136	57204246	34	-0.5338
24a17445-02d6-4707-8470-ff10cb055c55	13	57215580	57477107	161	0.141
24a17445-02d6-4707-8470-ff10cb055c55	13	57479530	63102752	3304	0.0018
24a17445-02d6-4707-8470-ff10cb055c55	13	63104940	63145685	24	0.3109
24a17445-02d6-4707-8470-ff10cb055c55	13	63147115	63606492	278	0.0262
24a17445-02d6-4707-8470-ff10cb055c55	13	63606617	63650072	34	0.1403
24a17445-02d6-4707-8470-ff10cb055c55	13	63650659	63662559	9	-0.6541
24a17445-02d6-4707-8470-ff10cb055c55	13	63665430	64372045	404	0.1123
24a17445-02d6-4707-8470-ff10cb055c55	13	64372411	71902850	4769	0.0171
24a17445-02d6-4707-8470-ff10cb055c55	13	71903417	71906418	4	-2.4641
24a17445-02d6-4707-8470-ff10cb055c55	13	71906467	114342922	29053	0.0074
24a17445-02d6-4707-8470-ff10cb055c55	14	18239283	18625765	13	0.1378
24a17445-02d6-4707-8470-ff10cb055c55	14	18639714	19289821	32	0.5911
24a17445-02d6-4707-8470-ff10cb055c55	14	19294457	19387271	9	-0.467
24a17445-02d6-4707-8470-ff10cb055c55	14	19425567	19955213	113	0.5768
24a17445-02d6-4707-8470-ff10cb055c55	14	19956767	21881869	1289	0.0102
24a17445-02d6-4707-8470-ff10cb055c55	14	21881982	22496095	536	0.1207
24a17445-02d6-4707-8470-ff10cb055c55	14	22496189	40930532	11554	0.0041
24a17445-02d6-4707-8470-ff10cb055c55	14	40930791	46420281	3238	0.0451
24a17445-02d6-4707-8470-ff10cb055c55	14	46423918	65602888	12451	0.0036
24a17445-02d6-4707-8470-ff10cb055c55	14	65605322	65608496	3	-1.187
24a17445-02d6-4707-8470-ff10cb055c55	14	65613313	73953773	5162	-0.0028
24a17445-02d6-4707-8470-ff10cb055c55	14	73957074	73957079	2	-1.3166
24a17445-02d6-4707-8470-ff10cb055c55	14	73958353	85098248	7388	-0.0034
24a17445-02d6-4707-8470-ff10cb055c55	14	85098551	85099129	9	-0.5306
24a17445-02d6-4707-8470-ff10cb055c55	14	85099150	103374831	12268	0.0052
24a17445-02d6-4707-8470-ff10cb055c55	14	103388296	103413336	16	0.5517
24a17445-02d6-4707-8470-ff10cb055c55	14	103415542	105537192	753	-0.0118
24a17445-02d6-4707-8470-ff10cb055c55	14	105541843	106258891	198	0.1211
24a17445-02d6-4707-8470-ff10cb055c55	14	106260759	106266923	7	-0.6683
24a17445-02d6-4707-8470-ff10cb055c55	14	106271566	106294689	10	0.0045
24a17445-02d6-4707-8470-ff10cb055c55	14	106297265	106297273	3	1.0452
24a17445-02d6-4707-8470-ff10cb055c55	14	106297409	106320716	13	0.1043
24a17445-02d6-4707-8470-ff10cb055c55	14	106321086	106346115	7	0.4724
24a17445-02d6-4707-8470-ff10cb055c55	14	106346129	106423925	33	-0.0215
24a17445-02d6-4707-8470-ff10cb055c55	14	106425447	106462183	47	-0.4996
24a17445-02d6-4707-8470-ff10cb055c55	14	106462724	106696326	116	0.0337
24a17445-02d6-4707-8470-ff10cb055c55	14	106696342	106775945	12	-0.4353
24a17445-02d6-4707-8470-ff10cb055c55	14	106776137	106877229	67	0.0139
24a17445-02d6-4707-8470-ff10cb055c55	15	19811075	20376311	95	0.0625
24a17445-02d6-4707-8470-ff10cb055c55	15	20380735	20381689	9	-0.6418
24a17445-02d6-4707-8470-ff10cb055c55	15	20381704	24240681	1022	0.0265
24a17445-02d6-4707-8470-ff10cb055c55	15	24247869	24259010	7	-1.0562
24a17445-02d6-4707-8470-ff10cb055c55	15	24263561	24482084	100	0.1976
24a17445-02d6-4707-8470-ff10cb055c55	15	24485848	30158166	3599	0.0123
24a17445-02d6-4707-8470-ff10cb055c55	15	30199184	30633402	35	0.3459
24a17445-02d6-4707-8470-ff10cb055c55	15	30638297	34378326	2555	0.0124
24a17445-02d6-4707-8470-ff10cb055c55	15	34378801	34503476	63	0.2289
24a17445-02d6-4707-8470-ff10cb055c55	15	34503602	71183017	23534	0.002
24a17445-02d6-4707-8470-ff10cb055c55	15	71183826	71183854	2	-1.2553
24a17445-02d6-4707-8470-ff10cb055c55	15	71183985	88697547	10595	0.0055
24a17445-02d6-4707-8470-ff10cb055c55	15	88701941	88712412	5	-1.0181
24a17445-02d6-4707-8470-ff10cb055c55	15	88712667	101928837	9884	0.0043
24a17445-02d6-4707-8470-ff10cb055c55	16	10777	16491407	11758	0.0053
24a17445-02d6-4707-8470-ff10cb055c55	16	16498856	16563603	10	0.6311
24a17445-02d6-4707-8470-ff10cb055c55	16	16569719	19933041	1695	0.0239
24a17445-02d6-4707-8470-ff10cb055c55	16	19934328	19956040	29	-0.7426
24a17445-02d6-4707-8470-ff10cb055c55	16	19958932	20161633	170	0.004
24a17445-02d6-4707-8470-ff10cb055c55	16	20166613	20167268	2	-1.2503
24a17445-02d6-4707-8470-ff10cb055c55	16	20171427	35225338	6499	0.0067
24a17445-02d6-4707-8470-ff10cb055c55	16	35232200	35533134	172	0.515
24a17445-02d6-4707-8470-ff10cb055c55	16	35533625	90096867	31505	-0.0013
24a17445-02d6-4707-8470-ff10cb055c55	17	150733	41266838	20805	0.0005
24a17445-02d6-4707-8470-ff10cb055c55	17	41266851	41274198	18	-0.6717
24a17445-02d6-4707-8470-ff10cb055c55	17	41274279	45497555	2145	-0.0005
24a17445-02d6-4707-8470-ff10cb055c55	17	45508731	45571138	4	-0.8621
24a17445-02d6-4707-8470-ff10cb055c55	17	45571174	46135062	379	-0.0115
24a17445-02d6-4707-8470-ff10cb055c55	17	46135838	46323701	91	0.2128
24a17445-02d6-4707-8470-ff10cb055c55	17	46351954	46446360	3	-0.6795
24a17445-02d6-4707-8470-ff10cb055c55	17	46569894	49087966	1221	0.0064
24a17445-02d6-4707-8470-ff10cb055c55	17	49091673	49092761	2	-1.0684
24a17445-02d6-4707-8470-ff10cb055c55	17	49098000	52863043	2348	0.0016
24a17445-02d6-4707-8470-ff10cb055c55	17	52868536	53237046	231	0.1173
24a17445-02d6-4707-8470-ff10cb055c55	17	53239515	83091923	17756	0.0002
24a17445-02d6-4707-8470-ff10cb055c55	18	48133	40678741	22760	0.0033
24a17445-02d6-4707-8470-ff10cb055c55	18	40678763	40685425	20	0.6358
24a17445-02d6-4707-8470-ff10cb055c55	18	40688060	42232938	1046	0.0106
24a17445-02d6-4707-8470-ff10cb055c55	18	42232941	42234804	2	-1.4416
24a17445-02d6-4707-8470-ff10cb055c55	18	42235307	66095064	16490	0.0076
24a17445-02d6-4707-8470-ff10cb055c55	18	66099904	66100686	3	-2.1037
24a17445-02d6-4707-8470-ff10cb055c55	18	66108359	71412016	3799	0.0114
24a17445-02d6-4707-8470-ff10cb055c55	18	71412112	72775945	1040	0.0925
24a17445-02d6-4707-8470-ff10cb055c55	18	72776956	73028708	234	-0.0014
24a17445-02d6-4707-8470-ff10cb055c55	18	73029350	73721007	562	0.0971
24a17445-02d6-4707-8470-ff10cb055c55	18	73721774	80257174	4735	-0.0048
24a17445-02d6-4707-8470-ff10cb055c55	19	90910	24059854	11015	0.0088
24a17445-02d6-4707-8470-ff10cb055c55	19	24061772	27707365	209	0.1499
24a17445-02d6-4707-8470-ff10cb055c55	19	27707531	35358420	5475	0.0005
24a17445-02d6-4707-8470-ff10cb055c55	19	35364451	35370946	21	-1.5689
24a17445-02d6-4707-8470-ff10cb055c55	19	35375842	48572002	6592	0.0053
24a17445-02d6-4707-8470-ff10cb055c55	19	48572020	48572202	2	-1.4829
24a17445-02d6-4707-8470-ff10cb055c55	19	48572658	51628560	1437	-0.0014
24a17445-02d6-4707-8470-ff10cb055c55	19	51639099	51644944	11	-0.8228
24a17445-02d6-4707-8470-ff10cb055c55	19	51651652	54787128	2022	0.0139
24a17445-02d6-4707-8470-ff10cb055c55	19	54788617	54867244	42	-0.7256
24a17445-02d6-4707-8470-ff10cb055c55	19	54868000	58586487	2271	0.0022
24a17445-02d6-4707-8470-ff10cb055c55	20	80664	1580156	1198	0.0056
24a17445-02d6-4707-8470-ff10cb055c55	20	1580276	1601561	39	0.6836
24a17445-02d6-4707-8470-ff10cb055c55	20	1609611	23423302	16975	0.0018
24a17445-02d6-4707-8470-ff10cb055c55	20	23432265	23432772	2	1.411
24a17445-02d6-4707-8470-ff10cb055c55	20	23436068	64324800	24127	0.0044
24a17445-02d6-4707-8470-ff10cb055c55	21	10354168	10529628	27	0.0745
24a17445-02d6-4707-8470-ff10cb055c55	21	10535758	13300097	124	0.2328
24a17445-02d6-4707-8470-ff10cb055c55	21	13300202	22889486	6575	0.0172
24a17445-02d6-4707-8470-ff10cb055c55	21	22889726	23322186	370	0.1183
24a17445-02d6-4707-8470-ff10cb055c55	21	23322328	41929607	14134	0.0019
24a17445-02d6-4707-8470-ff10cb055c55	21	41933501	41933616	3	-1.2054
24a17445-02d6-4707-8470-ff10cb055c55	21	41935354	42962716	786	-0.01
24a17445-02d6-4707-8470-ff10cb055c55	21	42963142	42967363	2	-1.2163
24a17445-02d6-4707-8470-ff10cb055c55	21	42971065	46677045	1824	-0.0076
24a17445-02d6-4707-8470-ff10cb055c55	22	15294547	16392123	38	0.3335
24a17445-02d6-4707-8470-ff10cb055c55	22	16394084	16745245	97	0.6206
24a17445-02d6-4707-8470-ff10cb055c55	22	16749153	16777841	13	0.3605
24a17445-02d6-4707-8470-ff10cb055c55	22	16780090	18142004	961	0.0052
24a17445-02d6-4707-8470-ff10cb055c55	22	18143362	18146386	8	-0.9697
24a17445-02d6-4707-8470-ff10cb055c55	22	18147293	23929558	3259	-0.0052
24a17445-02d6-4707-8470-ff10cb055c55	22	23940911	23959448	8	-1.0019
24a17445-02d6-4707-8470-ff10cb055c55	22	23971476	48872888	17644	0.0004
24a17445-02d6-4707-8470-ff10cb055c55	22	48874111	48874730	2	-1.5577
24a17445-02d6-4707-8470-ff10cb055c55	22	48877479	50796027	1230	-0.0243
24a17445-02d6-4707-8470-ff10cb055c55	X	251810	155952689	83453	0.0045
24a17445-02d6-4707-8470-ff10cb055c55	Y	2782397	22731761	6432	-0.883
24a17445-02d6-4707-8470-ff10cb055c55	Y	22737592	22804854	5	-3.1222
24a17445-02d6-4707-8470-ff10cb055c55	Y	22913244	24320966	15	-0.9568
24a17445-02d6-4707-8470-ff10cb055c55	Y	24452555	25971733	15	-1.7304
24a17445-02d6-4707-8470-ff10cb055c55	Y	26077669	56872112	172	-0.838
