GDC_Aliquot	Chromosome	Start	End	Num_Probes	Segment_Mean
0568b1c7-e381-446d-8b49-14a284a2ebb7	1	62920	72704	3	-0.9256
0568b1c7-e381-446d-8b49-14a284a2ebb7	1	72776	16609512	8648	0.0098
0568b1c7-e381-446d-8b49-14a284a2ebb7	1	16617118	16935752	104	0.2451
0568b1c7-e381-446d-8b49-14a284a2ebb7	1	16949746	25256850	5261	0.0086
0568b1c7-e381-446d-8b49-14a284a2ebb7	1	25266637	25320455	24	0.4342
0568b1c7-e381-446d-8b49-14a284a2ebb7	1	25336819	63621773	22793	0.0032
0568b1c7-e381-446d-8b49-14a284a2ebb7	1	63621862	63622576	2	-1.1863
0568b1c7-e381-446d-8b49-14a284a2ebb7	1	63623100	72284670	5933	0.008
0568b1c7-e381-446d-8b49-14a284a2ebb7	1	72290430	72297687	9	-1.0003
0568b1c7-e381-446d-8b49-14a284a2ebb7	1	72302735	72345465	48	1.0741
0568b1c7-e381-446d-8b49-14a284a2ebb7	1	72346221	72977100	413	-0.0151
0568b1c7-e381-446d-8b49-14a284a2ebb7	1	72985507	72989897	4	1.4218
0568b1c7-e381-446d-8b49-14a284a2ebb7	1	72994094	105476583	20536	0.0059
0568b1c7-e381-446d-8b49-14a284a2ebb7	1	105476614	105479753	16	-0.5298
0568b1c7-e381-446d-8b49-14a284a2ebb7	1	105481433	108186662	1936	0.0049
0568b1c7-e381-446d-8b49-14a284a2ebb7	1	108187137	108192255	3	-0.9662
0568b1c7-e381-446d-8b49-14a284a2ebb7	1	108194874	109028555	404	0.006
0568b1c7-e381-446d-8b49-14a284a2ebb7	1	109031904	109032025	2	-1.3289
0568b1c7-e381-446d-8b49-14a284a2ebb7	1	109061619	109690352	291	0.0038
0568b1c7-e381-446d-8b49-14a284a2ebb7	1	109690415	109697556	12	-1.9229
0568b1c7-e381-446d-8b49-14a284a2ebb7	1	109702376	112153343	1951	0.0068
0568b1c7-e381-446d-8b49-14a284a2ebb7	1	112153465	112154768	24	-1.8507
0568b1c7-e381-446d-8b49-14a284a2ebb7	1	112163334	121705338	5159	0.0021
0568b1c7-e381-446d-8b49-14a284a2ebb7	1	143459641	143708096	75	-0.7374
0568b1c7-e381-446d-8b49-14a284a2ebb7	1	143708149	143760271	42	-0.3443
0568b1c7-e381-446d-8b49-14a284a2ebb7	1	143762042	143928045	9	-0.7659
0568b1c7-e381-446d-8b49-14a284a2ebb7	1	143942271	152789570	2518	0.0344
0568b1c7-e381-446d-8b49-14a284a2ebb7	1	152789781	152801429	33	0.4653
0568b1c7-e381-446d-8b49-14a284a2ebb7	1	152804279	169247699	11283	0.0021
0568b1c7-e381-446d-8b49-14a284a2ebb7	1	169264736	169272528	7	0.9585
0568b1c7-e381-446d-8b49-14a284a2ebb7	1	169273163	196769493	18180	0.0052
0568b1c7-e381-446d-8b49-14a284a2ebb7	1	196769506	196847600	57	-0.384
0568b1c7-e381-446d-8b49-14a284a2ebb7	1	196854187	248574146	35633	0.0069
0568b1c7-e381-446d-8b49-14a284a2ebb7	1	248585893	248645808	34	-0.8474
0568b1c7-e381-446d-8b49-14a284a2ebb7	1	248646068	248930189	138	-0.0132
0568b1c7-e381-446d-8b49-14a284a2ebb7	2	12784	24194475	17832	0.0067
0568b1c7-e381-446d-8b49-14a284a2ebb7	2	24199261	24201010	2	-1.3346
0568b1c7-e381-446d-8b49-14a284a2ebb7	2	24202751	34474248	6254	0.0052
0568b1c7-e381-446d-8b49-14a284a2ebb7	2	34476327	34511446	44	-0.4854
0568b1c7-e381-446d-8b49-14a284a2ebb7	2	34511990	76146862	28231	0.006
0568b1c7-e381-446d-8b49-14a284a2ebb7	2	76147845	76148585	3	-2.2826
0568b1c7-e381-446d-8b49-14a284a2ebb7	2	76149514	77125559	738	0.0026
0568b1c7-e381-446d-8b49-14a284a2ebb7	2	77131370	77140718	5	-0.7835
0568b1c7-e381-446d-8b49-14a284a2ebb7	2	77141673	86710564	5974	0.0068
0568b1c7-e381-446d-8b49-14a284a2ebb7	2	86725947	86726731	2	-1.6155
0568b1c7-e381-446d-8b49-14a284a2ebb7	2	86743283	87103855	82	-0.013
0568b1c7-e381-446d-8b49-14a284a2ebb7	2	87110846	87696853	116	-0.8307
0568b1c7-e381-446d-8b49-14a284a2ebb7	2	87725148	212316590	71177	0.0034
0568b1c7-e381-446d-8b49-14a284a2ebb7	2	212316597	212327101	26	-0.7205
0568b1c7-e381-446d-8b49-14a284a2ebb7	2	212327402	242147305	19006	0.0059
0568b1c7-e381-446d-8b49-14a284a2ebb7	3	20930	182919	154	0.0621
0568b1c7-e381-446d-8b49-14a284a2ebb7	3	188339	191117	4	-0.8808
0568b1c7-e381-446d-8b49-14a284a2ebb7	3	193194	2785688	2263	0.058
0568b1c7-e381-446d-8b49-14a284a2ebb7	3	2788917	28768295	19029	0.0096
0568b1c7-e381-446d-8b49-14a284a2ebb7	3	28768950	28775352	8	-1.0937
0568b1c7-e381-446d-8b49-14a284a2ebb7	3	28777632	31848721	2318	0.0079
0568b1c7-e381-446d-8b49-14a284a2ebb7	3	31849233	31849538	3	-0.9775
0568b1c7-e381-446d-8b49-14a284a2ebb7	3	31850936	37935926	3840	-0.0005
0568b1c7-e381-446d-8b49-14a284a2ebb7	3	37940617	37945437	18	-0.9148
0568b1c7-e381-446d-8b49-14a284a2ebb7	3	37945615	99218940	36071	0.01
0568b1c7-e381-446d-8b49-14a284a2ebb7	3	99225614	99230577	38	-0.5359
0568b1c7-e381-446d-8b49-14a284a2ebb7	3	99232120	130044016	18710	0.0058
0568b1c7-e381-446d-8b49-14a284a2ebb7	3	130044855	130079892	32	0.5718
0568b1c7-e381-446d-8b49-14a284a2ebb7	3	130079938	162405578	19999	0.0087
0568b1c7-e381-446d-8b49-14a284a2ebb7	3	162419812	162424917	14	-0.8125
0568b1c7-e381-446d-8b49-14a284a2ebb7	3	162426460	162794951	260	0.0041
0568b1c7-e381-446d-8b49-14a284a2ebb7	3	162795304	162908207	68	0.4764
0568b1c7-e381-446d-8b49-14a284a2ebb7	3	162908784	169012392	3442	0.0075
0568b1c7-e381-446d-8b49-14a284a2ebb7	3	169015614	169020840	2	-1.9289
0568b1c7-e381-446d-8b49-14a284a2ebb7	3	169022039	193160173	15723	0.0124
0568b1c7-e381-446d-8b49-14a284a2ebb7	3	193160256	193161217	5	0.7392
0568b1c7-e381-446d-8b49-14a284a2ebb7	3	193162684	195559056	1496	0.0106
0568b1c7-e381-446d-8b49-14a284a2ebb7	3	195656271	195728637	26	-0.3953
0568b1c7-e381-446d-8b49-14a284a2ebb7	3	195728990	198169247	1182	0.0371
0568b1c7-e381-446d-8b49-14a284a2ebb7	4	68929	10212536	5699	0.012
0568b1c7-e381-446d-8b49-14a284a2ebb7	4	10221792	10228533	18	0.4213
0568b1c7-e381-446d-8b49-14a284a2ebb7	4	10228870	10390730	188	-0.0176
0568b1c7-e381-446d-8b49-14a284a2ebb7	4	10391530	10399044	15	-0.6567
0568b1c7-e381-446d-8b49-14a284a2ebb7	4	10401094	34784878	16786	0.005
0568b1c7-e381-446d-8b49-14a284a2ebb7	4	34785333	34823103	37	-0.4455
0568b1c7-e381-446d-8b49-14a284a2ebb7	4	34828250	61071220	15054	0.0068
0568b1c7-e381-446d-8b49-14a284a2ebb7	4	61075217	61080494	4	-0.8894
0568b1c7-e381-446d-8b49-14a284a2ebb7	4	61083343	63265520	1185	0.0074
0568b1c7-e381-446d-8b49-14a284a2ebb7	4	63275560	63286195	6	-0.7757
0568b1c7-e381-446d-8b49-14a284a2ebb7	4	63288849	68394833	3191	0.0059
0568b1c7-e381-446d-8b49-14a284a2ebb7	4	68395346	68416487	2	1.6802
0568b1c7-e381-446d-8b49-14a284a2ebb7	4	68418873	68478894	13	0.2083
0568b1c7-e381-446d-8b49-14a284a2ebb7	4	68494770	68620261	68	-1.7181
0568b1c7-e381-446d-8b49-14a284a2ebb7	4	68623617	69261934	317	0.0505
0568b1c7-e381-446d-8b49-14a284a2ebb7	4	69262694	69366081	52	-0.5657
0568b1c7-e381-446d-8b49-14a284a2ebb7	4	69366304	114252544	27333	0.0052
0568b1c7-e381-446d-8b49-14a284a2ebb7	4	114254167	114261019	23	0.5788
0568b1c7-e381-446d-8b49-14a284a2ebb7	4	114263073	121360818	4339	0.0021
0568b1c7-e381-446d-8b49-14a284a2ebb7	4	121361313	121363980	28	-0.7782
0568b1c7-e381-446d-8b49-14a284a2ebb7	4	121369976	124538250	1728	0.0061
0568b1c7-e381-446d-8b49-14a284a2ebb7	4	124539196	124541780	3	-1.2414
0568b1c7-e381-446d-8b49-14a284a2ebb7	4	124541870	132267989	4413	-0.0009
0568b1c7-e381-446d-8b49-14a284a2ebb7	4	132277177	132277486	2	-1.1485
0568b1c7-e381-446d-8b49-14a284a2ebb7	4	132277997	151868634	11567	0.0056
0568b1c7-e381-446d-8b49-14a284a2ebb7	4	151870381	151871415	12	-1.0547
0568b1c7-e381-446d-8b49-14a284a2ebb7	4	151871739	190106768	25055	0.0142
0568b1c7-e381-446d-8b49-14a284a2ebb7	5	15532	685633	306	0.019
0568b1c7-e381-446d-8b49-14a284a2ebb7	5	698256	773453	27	-1.0842
0568b1c7-e381-446d-8b49-14a284a2ebb7	5	779766	9898850	7679	0.0134
0568b1c7-e381-446d-8b49-14a284a2ebb7	5	9901840	9926299	32	-0.945
0568b1c7-e381-446d-8b49-14a284a2ebb7	5	9926575	12800777	2144	0.0106
0568b1c7-e381-446d-8b49-14a284a2ebb7	5	12815668	12826538	11	-1.8908
0568b1c7-e381-446d-8b49-14a284a2ebb7	5	12833745	39808530	17161	0.0104
0568b1c7-e381-446d-8b49-14a284a2ebb7	5	39808852	39808867	2	-1.921
0568b1c7-e381-446d-8b49-14a284a2ebb7	5	39808883	46251204	3301	0.0056
0568b1c7-e381-446d-8b49-14a284a2ebb7	5	46270906	46271006	2	-1.0592
0568b1c7-e381-446d-8b49-14a284a2ebb7	5	46271828	46273400	6	-2.6457
0568b1c7-e381-446d-8b49-14a284a2ebb7	5	46278110	56369663	3893	0.0067
0568b1c7-e381-446d-8b49-14a284a2ebb7	5	56370640	56371463	3	-1.0381
0568b1c7-e381-446d-8b49-14a284a2ebb7	5	56371478	58025819	1180	0.0138
0568b1c7-e381-446d-8b49-14a284a2ebb7	5	58030200	58037706	32	1.1991
0568b1c7-e381-446d-8b49-14a284a2ebb7	5	58042530	69571467	7300	0.0073
0568b1c7-e381-446d-8b49-14a284a2ebb7	5	69779150	69822308	4	1.0434
0568b1c7-e381-446d-8b49-14a284a2ebb7	5	69937600	98151304	15860	0.0054
0568b1c7-e381-446d-8b49-14a284a2ebb7	5	98151462	98151521	3	1.3218
0568b1c7-e381-446d-8b49-14a284a2ebb7	5	98156352	123810516	16787	0.0077
0568b1c7-e381-446d-8b49-14a284a2ebb7	5	123810750	123810832	2	-1.6186
0568b1c7-e381-446d-8b49-14a284a2ebb7	5	123811156	152134610	17655	0.0065
0568b1c7-e381-446d-8b49-14a284a2ebb7	5	152135825	152137227	9	-4.2543
0568b1c7-e381-446d-8b49-14a284a2ebb7	5	152138502	152138790	5	-1.8597
0568b1c7-e381-446d-8b49-14a284a2ebb7	5	152140710	180951888	19277	0.0028
0568b1c7-e381-446d-8b49-14a284a2ebb7	5	180953203	181006225	18	-0.4434
0568b1c7-e381-446d-8b49-14a284a2ebb7	5	181006264	181363319	168	0.0644
0568b1c7-e381-446d-8b49-14a284a2ebb7	6	149661	303017	126	0.0744
0568b1c7-e381-446d-8b49-14a284a2ebb7	6	303121	375277	70	-0.2988
0568b1c7-e381-446d-8b49-14a284a2ebb7	6	375759	9158392	7185	0.0107
0568b1c7-e381-446d-8b49-14a284a2ebb7	6	9174559	9201267	4	-0.9174
0568b1c7-e381-446d-8b49-14a284a2ebb7	6	9202384	29869411	14269	0.0056
0568b1c7-e381-446d-8b49-14a284a2ebb7	6	29869537	29881490	14	-1.0718
0568b1c7-e381-446d-8b49-14a284a2ebb7	6	29882419	78253172	28105	0.0073
0568b1c7-e381-446d-8b49-14a284a2ebb7	6	78259348	78325468	113	-0.533
0568b1c7-e381-446d-8b49-14a284a2ebb7	6	78329517	93923908	9999	0.0108
0568b1c7-e381-446d-8b49-14a284a2ebb7	6	93924277	94459771	361	0.0894
0568b1c7-e381-446d-8b49-14a284a2ebb7	6	94460152	103286770	5110	0.0059
0568b1c7-e381-446d-8b49-14a284a2ebb7	6	103286928	103314186	50	0.5832
0568b1c7-e381-446d-8b49-14a284a2ebb7	6	103317795	161989321	38016	0.0054
0568b1c7-e381-446d-8b49-14a284a2ebb7	6	161989450	162618013	541	0.0793
0568b1c7-e381-446d-8b49-14a284a2ebb7	6	162618151	170741917	5614	0.0124
0568b1c7-e381-446d-8b49-14a284a2ebb7	7	43355	54318812	38481	0.011
0568b1c7-e381-446d-8b49-14a284a2ebb7	7	54318816	54318824	5	1.8683
0568b1c7-e381-446d-8b49-14a284a2ebb7	7	54325795	100731621	23117	0.0045
0568b1c7-e381-446d-8b49-14a284a2ebb7	7	100731642	100735219	2	-1.5981
0568b1c7-e381-446d-8b49-14a284a2ebb7	7	100753382	109793728	5315	0.0067
0568b1c7-e381-446d-8b49-14a284a2ebb7	7	109793741	109813925	37	-0.3412
0568b1c7-e381-446d-8b49-14a284a2ebb7	7	109814172	134100424	14740	0.0073
0568b1c7-e381-446d-8b49-14a284a2ebb7	7	134100442	134110881	25	-2.0916
0568b1c7-e381-446d-8b49-14a284a2ebb7	7	134110912	134113805	8	-0.5624
0568b1c7-e381-446d-8b49-14a284a2ebb7	7	134114093	142069843	5194	0.003
0568b1c7-e381-446d-8b49-14a284a2ebb7	7	142069880	142090383	30	0.3048
0568b1c7-e381-446d-8b49-14a284a2ebb7	7	142090403	143780181	924	0.0202
0568b1c7-e381-446d-8b49-14a284a2ebb7	7	143790571	143802294	4	-1.1445
0568b1c7-e381-446d-8b49-14a284a2ebb7	7	143846758	144249785	279	0.0329
0568b1c7-e381-446d-8b49-14a284a2ebb7	7	144255220	144295437	7	-1.0269
0568b1c7-e381-446d-8b49-14a284a2ebb7	7	144306653	144352208	6	-0.4134
0568b1c7-e381-446d-8b49-14a284a2ebb7	7	144377836	155671335	7326	0.0127
0568b1c7-e381-446d-8b49-14a284a2ebb7	7	155673169	155674244	2	1.3265
0568b1c7-e381-446d-8b49-14a284a2ebb7	7	155676942	159334314	2318	0.0113
0568b1c7-e381-446d-8b49-14a284a2ebb7	8	81254	2844412	2040	0.0445
0568b1c7-e381-446d-8b49-14a284a2ebb7	8	2846011	2846377	7	-1.7377
0568b1c7-e381-446d-8b49-14a284a2ebb7	8	2849649	3919342	1305	0.0288
0568b1c7-e381-446d-8b49-14a284a2ebb7	8	3926665	3932584	25	-0.6361
0568b1c7-e381-446d-8b49-14a284a2ebb7	8	3933696	5741213	2627	0.0295
0568b1c7-e381-446d-8b49-14a284a2ebb7	8	5741242	5746973	25	-0.8049
0568b1c7-e381-446d-8b49-14a284a2ebb7	8	5749566	6969479	1602	0.0239
0568b1c7-e381-446d-8b49-14a284a2ebb7	8	6969512	6969664	4	-0.9647
0568b1c7-e381-446d-8b49-14a284a2ebb7	8	6969677	7775900	134	0.024
0568b1c7-e381-446d-8b49-14a284a2ebb7	8	7788805	7919608	9	0.5955
0568b1c7-e381-446d-8b49-14a284a2ebb7	8	7930163	8429535	203	0.038
0568b1c7-e381-446d-8b49-14a284a2ebb7	8	8429546	8433847	5	-0.871
0568b1c7-e381-446d-8b49-14a284a2ebb7	8	8434235	12092042	3030	0.0149
0568b1c7-e381-446d-8b49-14a284a2ebb7	8	12130217	12143614	6	1.1376
0568b1c7-e381-446d-8b49-14a284a2ebb7	8	12176798	12358500	4	-0.3612
0568b1c7-e381-446d-8b49-14a284a2ebb7	8	12359339	12389977	27	-1.4571
0568b1c7-e381-446d-8b49-14a284a2ebb7	8	12418301	25117007	10423	0.0059
0568b1c7-e381-446d-8b49-14a284a2ebb7	8	25117062	25126735	23	0.8752
0568b1c7-e381-446d-8b49-14a284a2ebb7	8	25133589	27184643	1610	0.0051
0568b1c7-e381-446d-8b49-14a284a2ebb7	8	27188793	27188884	2	-1.4045
0568b1c7-e381-446d-8b49-14a284a2ebb7	8	27196125	39373140	7406	-0.0024
0568b1c7-e381-446d-8b49-14a284a2ebb7	8	39378084	39529446	59	0.6191
0568b1c7-e381-446d-8b49-14a284a2ebb7	8	39530780	111279265	42003	0.0049
0568b1c7-e381-446d-8b49-14a284a2ebb7	8	111282050	111283031	10	1.1776
0568b1c7-e381-446d-8b49-14a284a2ebb7	8	111288052	114619814	1819	0.0017
0568b1c7-e381-446d-8b49-14a284a2ebb7	8	114622258	114629502	35	-0.5397
0568b1c7-e381-446d-8b49-14a284a2ebb7	8	114638468	130839453	11236	0.0089
0568b1c7-e381-446d-8b49-14a284a2ebb7	8	130840369	130842946	2	-1.8023
0568b1c7-e381-446d-8b49-14a284a2ebb7	8	130843478	143203018	9177	0.0102
0568b1c7-e381-446d-8b49-14a284a2ebb7	8	143209006	143227655	9	-0.5218
0568b1c7-e381-446d-8b49-14a284a2ebb7	8	143227769	143616987	126	0.0421
0568b1c7-e381-446d-8b49-14a284a2ebb7	8	143622987	143625638	9	-0.5045
0568b1c7-e381-446d-8b49-14a284a2ebb7	8	143636819	145072769	503	0.044
0568b1c7-e381-446d-8b49-14a284a2ebb7	9	46587	203310	20	-0.3305
0568b1c7-e381-446d-8b49-14a284a2ebb7	9	208366	13591318	12417	0.0262
0568b1c7-e381-446d-8b49-14a284a2ebb7	9	13591556	24503818	8785	-0.0009
0568b1c7-e381-446d-8b49-14a284a2ebb7	9	24504127	24517684	19	-0.9282
0568b1c7-e381-446d-8b49-14a284a2ebb7	9	24519686	39484077	9925	0.0088
0568b1c7-e381-446d-8b49-14a284a2ebb7	9	39484262	41570345	94	-0.4202
0568b1c7-e381-446d-8b49-14a284a2ebb7	9	41570676	41741113	20	-0.0303
0568b1c7-e381-446d-8b49-14a284a2ebb7	9	42014203	42164177	20	0.7831
0568b1c7-e381-446d-8b49-14a284a2ebb7	9	42179276	63580418	141	-0.1745
0568b1c7-e381-446d-8b49-14a284a2ebb7	9	63590317	63590323	4	1.3837
0568b1c7-e381-446d-8b49-14a284a2ebb7	9	63590325	64467459	49	0.0531
0568b1c7-e381-446d-8b49-14a284a2ebb7	9	64480563	66018944	42	-0.3664
0568b1c7-e381-446d-8b49-14a284a2ebb7	9	66084268	88394686	14522	0.0019
0568b1c7-e381-446d-8b49-14a284a2ebb7	9	88396810	88398303	4	-1.0513
0568b1c7-e381-446d-8b49-14a284a2ebb7	9	88399339	102169373	9180	0.0059
0568b1c7-e381-446d-8b49-14a284a2ebb7	9	102175831	102217289	41	-0.9651
0568b1c7-e381-446d-8b49-14a284a2ebb7	9	102227112	138200944	24200	0.0031
0568b1c7-e381-446d-8b49-14a284a2ebb7	10	45792	81118403	54553	0.0073
0568b1c7-e381-446d-8b49-14a284a2ebb7	10	81121574	81130027	10	-0.8934
0568b1c7-e381-446d-8b49-14a284a2ebb7	10	81134713	87216840	4317	-0.0002
0568b1c7-e381-446d-8b49-14a284a2ebb7	10	87269486	87357543	16	-0.6297
0568b1c7-e381-446d-8b49-14a284a2ebb7	10	87371433	130059567	29442	0.0034
0568b1c7-e381-446d-8b49-14a284a2ebb7	10	130061273	131914565	1501	0.0443
0568b1c7-e381-446d-8b49-14a284a2ebb7	10	131923542	133551641	763	0.0062
0568b1c7-e381-446d-8b49-14a284a2ebb7	10	133551799	133551831	2	-1.1954
0568b1c7-e381-446d-8b49-14a284a2ebb7	10	133552598	133654968	50	-0.0134
0568b1c7-e381-446d-8b49-14a284a2ebb7	11	198510	4949137	2424	0.015
0568b1c7-e381-446d-8b49-14a284a2ebb7	11	4950775	4954475	21	0.6447
0568b1c7-e381-446d-8b49-14a284a2ebb7	11	4955027	5499745	541	0.0276
0568b1c7-e381-446d-8b49-14a284a2ebb7	11	5500921	5501334	6	-0.7477
0568b1c7-e381-446d-8b49-14a284a2ebb7	11	5502363	5761882	236	-0.0037
0568b1c7-e381-446d-8b49-14a284a2ebb7	11	5762165	5787110	33	0.313
0568b1c7-e381-446d-8b49-14a284a2ebb7	11	5787146	6836688	738	0.0114
0568b1c7-e381-446d-8b49-14a284a2ebb7	11	6837424	6837510	2	-1.1636
0568b1c7-e381-446d-8b49-14a284a2ebb7	11	6837517	18928175	8674	0.0029
0568b1c7-e381-446d-8b49-14a284a2ebb7	11	18928190	18949158	41	-0.2529
0568b1c7-e381-446d-8b49-14a284a2ebb7	11	18949201	20822345	1669	-0.0021
0568b1c7-e381-446d-8b49-14a284a2ebb7	11	20823306	20828212	3	-1.0199
0568b1c7-e381-446d-8b49-14a284a2ebb7	11	20828684	22322609	1217	0.0126
0568b1c7-e381-446d-8b49-14a284a2ebb7	11	22329922	22330059	2	-1.9814
0568b1c7-e381-446d-8b49-14a284a2ebb7	11	22333699	31371747	6188	0.0037
0568b1c7-e381-446d-8b49-14a284a2ebb7	11	31372721	31375533	2	-2.8925
0568b1c7-e381-446d-8b49-14a284a2ebb7	11	31376660	54743970	12384	0.0034
0568b1c7-e381-446d-8b49-14a284a2ebb7	11	54762035	54766290	3	-1.2647
0568b1c7-e381-446d-8b49-14a284a2ebb7	11	54782119	55608804	293	0.0333
0568b1c7-e381-446d-8b49-14a284a2ebb7	11	55609022	55674842	40	0.555
0568b1c7-e381-446d-8b49-14a284a2ebb7	11	55676735	123650732	43611	0.0065
0568b1c7-e381-446d-8b49-14a284a2ebb7	11	123652013	123652399	4	-2.0883
0568b1c7-e381-446d-8b49-14a284a2ebb7	11	123652650	135074876	8683	0.0053
0568b1c7-e381-446d-8b49-14a284a2ebb7	12	51460	760032	419	0.0312
0568b1c7-e381-446d-8b49-14a284a2ebb7	12	760097	764863	16	-0.8691
0568b1c7-e381-446d-8b49-14a284a2ebb7	12	766188	9477960	5738	0.0071
0568b1c7-e381-446d-8b49-14a284a2ebb7	12	9481274	9575696	24	0.9708
0568b1c7-e381-446d-8b49-14a284a2ebb7	12	9582373	11068125	1037	0.028
0568b1c7-e381-446d-8b49-14a284a2ebb7	12	11070111	11088933	9	-1.3232
0568b1c7-e381-446d-8b49-14a284a2ebb7	12	11099275	11358643	132	-0.058
0568b1c7-e381-446d-8b49-14a284a2ebb7	12	11358644	11390472	30	0.4896
0568b1c7-e381-446d-8b49-14a284a2ebb7	12	11399258	33148492	15372	0.0044
0568b1c7-e381-446d-8b49-14a284a2ebb7	12	33148586	33155426	26	-0.5562
0568b1c7-e381-446d-8b49-14a284a2ebb7	12	33155453	70478078	20754	0.0091
0568b1c7-e381-446d-8b49-14a284a2ebb7	12	70478895	70484247	9	-1.6655
0568b1c7-e381-446d-8b49-14a284a2ebb7	12	70485605	83769408	8435	0.0012
0568b1c7-e381-446d-8b49-14a284a2ebb7	12	83769511	83771789	9	0.6824
0568b1c7-e381-446d-8b49-14a284a2ebb7	12	83771808	127496720	28642	0.0062
0568b1c7-e381-446d-8b49-14a284a2ebb7	12	127500839	130579737	2750	0.0416
0568b1c7-e381-446d-8b49-14a284a2ebb7	12	130582634	133201603	1424	0.0069
0568b1c7-e381-446d-8b49-14a284a2ebb7	13	18452809	23055071	2856	0.0147
0568b1c7-e381-446d-8b49-14a284a2ebb7	13	23058539	23059376	12	-0.5798
0568b1c7-e381-446d-8b49-14a284a2ebb7	13	23064056	25688042	1960	0.0127
0568b1c7-e381-446d-8b49-14a284a2ebb7	13	25688462	25688539	2	-1.2245
0568b1c7-e381-446d-8b49-14a284a2ebb7	13	25690991	38478674	9369	0.0083
0568b1c7-e381-446d-8b49-14a284a2ebb7	13	38483435	38483919	2	-2.3752
0568b1c7-e381-446d-8b49-14a284a2ebb7	13	38490920	52485081	9194	0.0082
0568b1c7-e381-446d-8b49-14a284a2ebb7	13	52497017	52565009	13	-0.7494
0568b1c7-e381-446d-8b49-14a284a2ebb7	13	52571523	71902850	11645	0.0094
0568b1c7-e381-446d-8b49-14a284a2ebb7	13	71903417	71906418	4	-2.9274
0568b1c7-e381-446d-8b49-14a284a2ebb7	13	71906467	105164938	22558	0.0057
0568b1c7-e381-446d-8b49-14a284a2ebb7	13	105165643	105778335	468	0.082
0568b1c7-e381-446d-8b49-14a284a2ebb7	13	105779479	109026790	2648	0.0079
0568b1c7-e381-446d-8b49-14a284a2ebb7	13	109028185	109034100	5	-0.9693
0568b1c7-e381-446d-8b49-14a284a2ebb7	13	109034661	114342922	3415	0.011
0568b1c7-e381-446d-8b49-14a284a2ebb7	14	18239283	19011729	28	-0.149
0568b1c7-e381-446d-8b49-14a284a2ebb7	14	19012857	19675350	35	-0.8125
0568b1c7-e381-446d-8b49-14a284a2ebb7	14	19689684	19950798	99	-0.3285
0568b1c7-e381-446d-8b49-14a284a2ebb7	14	19951100	19955213	5	-0.8316
0568b1c7-e381-446d-8b49-14a284a2ebb7	14	19956767	23957515	2708	0.0135
0568b1c7-e381-446d-8b49-14a284a2ebb7	14	23975620	24015250	23	-0.8536
0568b1c7-e381-446d-8b49-14a284a2ebb7	14	24018934	29254523	3297	-0.004
0568b1c7-e381-446d-8b49-14a284a2ebb7	14	29258648	29259148	2	1.1035
0568b1c7-e381-446d-8b49-14a284a2ebb7	14	29262456	41139155	7565	0.0017
0568b1c7-e381-446d-8b49-14a284a2ebb7	14	41141293	41184774	13	-0.5065
0568b1c7-e381-446d-8b49-14a284a2ebb7	14	41188046	69982958	18105	0.0085
0568b1c7-e381-446d-8b49-14a284a2ebb7	14	69983305	69988757	2	-1.4368
0568b1c7-e381-446d-8b49-14a284a2ebb7	14	69989825	73534419	2355	0.0005
0568b1c7-e381-446d-8b49-14a284a2ebb7	14	73540003	73554275	8	0.7083
0568b1c7-e381-446d-8b49-14a284a2ebb7	14	73563196	106877229	21156	0.005
0568b1c7-e381-446d-8b49-14a284a2ebb7	15	19811075	20056983	49	-0.0465
0568b1c7-e381-446d-8b49-14a284a2ebb7	15	20059033	22576496	163	0.2555
0568b1c7-e381-446d-8b49-14a284a2ebb7	15	22582296	24226855	908	0.0104
0568b1c7-e381-446d-8b49-14a284a2ebb7	15	24227083	24266888	16	-0.4782
0568b1c7-e381-446d-8b49-14a284a2ebb7	15	24269473	26981522	1883	0.0051
0568b1c7-e381-446d-8b49-14a284a2ebb7	15	26982553	26983223	3	0.9684
0568b1c7-e381-446d-8b49-14a284a2ebb7	15	26983485	30253522	1820	0.0281
0568b1c7-e381-446d-8b49-14a284a2ebb7	15	30259942	30269364	2	-1.1838
0568b1c7-e381-446d-8b49-14a284a2ebb7	15	30281107	30515739	19	0.1277
0568b1c7-e381-446d-8b49-14a284a2ebb7	15	30595753	30608675	2	-1.4827
0568b1c7-e381-446d-8b49-14a284a2ebb7	15	30621384	76586021	29051	0.0084
0568b1c7-e381-446d-8b49-14a284a2ebb7	15	76598900	76603434	22	-1.9859
0568b1c7-e381-446d-8b49-14a284a2ebb7	15	76609838	83871429	4412	-0.0054
0568b1c7-e381-446d-8b49-14a284a2ebb7	15	83871965	83879115	10	-0.7017
0568b1c7-e381-446d-8b49-14a284a2ebb7	15	83879146	90337459	4305	0.001
0568b1c7-e381-446d-8b49-14a284a2ebb7	15	90342485	90342547	2	-1.3338
0568b1c7-e381-446d-8b49-14a284a2ebb7	15	90344088	100024443	7421	0.0067
0568b1c7-e381-446d-8b49-14a284a2ebb7	15	100024712	100032793	4	-0.8499
0568b1c7-e381-446d-8b49-14a284a2ebb7	15	100034683	101928837	1462	0.0303
0568b1c7-e381-446d-8b49-14a284a2ebb7	16	10777	6562736	3819	0.0127
0568b1c7-e381-446d-8b49-14a284a2ebb7	16	6563248	6851397	399	0.1245
0568b1c7-e381-446d-8b49-14a284a2ebb7	16	6852147	14895982	6897	0.0172
0568b1c7-e381-446d-8b49-14a284a2ebb7	16	14954911	15022400	52	-0.6523
0568b1c7-e381-446d-8b49-14a284a2ebb7	16	15031584	16269368	586	0.0359
0568b1c7-e381-446d-8b49-14a284a2ebb7	16	16419234	16606206	28	-0.338
0568b1c7-e381-446d-8b49-14a284a2ebb7	16	16614737	22547676	2995	0.0117
0568b1c7-e381-446d-8b49-14a284a2ebb7	16	22547736	22728712	99	0.2251
0568b1c7-e381-446d-8b49-14a284a2ebb7	16	22728839	55761136	12058	0.0028
0568b1c7-e381-446d-8b49-14a284a2ebb7	16	55762477	55782331	17	-0.9244
0568b1c7-e381-446d-8b49-14a284a2ebb7	16	55782734	90096867	24913	0.0122
0568b1c7-e381-446d-8b49-14a284a2ebb7	17	150733	6197464	3357	0.019
0568b1c7-e381-446d-8b49-14a284a2ebb7	17	6197476	6197491	2	-2.1235
0568b1c7-e381-446d-8b49-14a284a2ebb7	17	6197723	15695893	6666	0.0193
0568b1c7-e381-446d-8b49-14a284a2ebb7	17	15703965	15729131	3	-1.1766
0568b1c7-e381-446d-8b49-14a284a2ebb7	17	15729913	28452035	3643	0.0075
0568b1c7-e381-446d-8b49-14a284a2ebb7	17	28454323	28455301	2	-1.6553
0568b1c7-e381-446d-8b49-14a284a2ebb7	17	28462253	36109315	4578	0.0113
0568b1c7-e381-446d-8b49-14a284a2ebb7	17	36109735	36150098	33	0.4967
0568b1c7-e381-446d-8b49-14a284a2ebb7	17	36150221	41265456	2527	0.015
0568b1c7-e381-446d-8b49-14a284a2ebb7	17	41266762	41274198	23	0.4386
0568b1c7-e381-446d-8b49-14a284a2ebb7	17	41274279	46351954	2626	0.0192
0568b1c7-e381-446d-8b49-14a284a2ebb7	17	46446345	46446360	2	-1.43
0568b1c7-e381-446d-8b49-14a284a2ebb7	17	46569894	57610128	7002	0.0063
0568b1c7-e381-446d-8b49-14a284a2ebb7	17	57610972	57611632	2	-1.6041
0568b1c7-e381-446d-8b49-14a284a2ebb7	17	57614632	58135153	353	-0.0143
0568b1c7-e381-446d-8b49-14a284a2ebb7	17	58136082	58136733	2	-3.6416
0568b1c7-e381-446d-8b49-14a284a2ebb7	17	58140037	83091923	14204	0.0128
0568b1c7-e381-446d-8b49-14a284a2ebb7	18	48133	40680516	22794	0.0028
0568b1c7-e381-446d-8b49-14a284a2ebb7	18	40680526	40685425	14	-1.7433
0568b1c7-e381-446d-8b49-14a284a2ebb7	18	40688060	65532840	17117	0.0039
0568b1c7-e381-446d-8b49-14a284a2ebb7	18	65533230	65537481	18	0.6834
0568b1c7-e381-446d-8b49-14a284a2ebb7	18	65540037	66049952	354	0.0532
0568b1c7-e381-446d-8b49-14a284a2ebb7	18	66050015	66060903	15	0.4188
0568b1c7-e381-446d-8b49-14a284a2ebb7	18	66061104	71378710	3825	0.013
0568b1c7-e381-446d-8b49-14a284a2ebb7	18	71378886	74474777	2528	0.0524
0568b1c7-e381-446d-8b49-14a284a2ebb7	18	74474890	75800138	997	-0.0048
0568b1c7-e381-446d-8b49-14a284a2ebb7	18	75802977	75803404	4	-0.8151
0568b1c7-e381-446d-8b49-14a284a2ebb7	18	75805674	79518250	2701	0.0099
0568b1c7-e381-446d-8b49-14a284a2ebb7	18	79528063	79528455	3	1.0839
0568b1c7-e381-446d-8b49-14a284a2ebb7	18	79528532	80257174	372	0.0475
0568b1c7-e381-446d-8b49-14a284a2ebb7	19	90910	14928127	6097	0.0193
0568b1c7-e381-446d-8b49-14a284a2ebb7	19	14934380	14938487	3	-1.1439
0568b1c7-e381-446d-8b49-14a284a2ebb7	19	14940475	24274155	5031	0.0104
0568b1c7-e381-446d-8b49-14a284a2ebb7	19	24278016	24282155	10	-0.7549
0568b1c7-e381-446d-8b49-14a284a2ebb7	19	24304880	35358420	5565	0.0064
0568b1c7-e381-446d-8b49-14a284a2ebb7	19	35364451	35370946	21	-2.0929
0568b1c7-e381-446d-8b49-14a284a2ebb7	19	35375842	36267995	432	0.0261
0568b1c7-e381-446d-8b49-14a284a2ebb7	19	36314803	36316398	3	-1.3748
0568b1c7-e381-446d-8b49-14a284a2ebb7	19	36334346	51641337	7606	0.011
0568b1c7-e381-446d-8b49-14a284a2ebb7	19	51641893	51644944	6	-0.8647
0568b1c7-e381-446d-8b49-14a284a2ebb7	19	51651652	58586487	4335	0.0175
0568b1c7-e381-446d-8b49-14a284a2ebb7	20	80664	1580934	1205	0.0297
0568b1c7-e381-446d-8b49-14a284a2ebb7	20	1581021	1617300	41	-0.6075
0568b1c7-e381-446d-8b49-14a284a2ebb7	20	1617460	64324800	41135	0.0084
0568b1c7-e381-446d-8b49-14a284a2ebb7	21	10354168	13583316	269	0.024
0568b1c7-e381-446d-8b49-14a284a2ebb7	21	13612103	13677975	4	-0.8183
0568b1c7-e381-446d-8b49-14a284a2ebb7	21	13803967	22278814	6028	0.0088
0568b1c7-e381-446d-8b49-14a284a2ebb7	21	22283580	22292338	9	-0.8863
0568b1c7-e381-446d-8b49-14a284a2ebb7	21	22294679	46677045	17557	0.0096
0568b1c7-e381-446d-8b49-14a284a2ebb7	22	15294547	18620743	1134	0.0035
0568b1c7-e381-446d-8b49-14a284a2ebb7	22	18649244	18818348	5	1.1783
0568b1c7-e381-446d-8b49-14a284a2ebb7	22	18822581	18918093	5	-0.7636
0568b1c7-e381-446d-8b49-14a284a2ebb7	22	18947964	23929558	3238	0.0343
0568b1c7-e381-446d-8b49-14a284a2ebb7	22	23940911	23946247	5	-1.1446
0568b1c7-e381-446d-8b49-14a284a2ebb7	22	23950883	23987520	9	-0.1022
0568b1c7-e381-446d-8b49-14a284a2ebb7	22	23988078	23990739	4	-2.121
0568b1c7-e381-446d-8b49-14a284a2ebb7	22	23995113	37346951	10030	0.0077
0568b1c7-e381-446d-8b49-14a284a2ebb7	22	37352689	37353906	4	-1.1474
0568b1c7-e381-446d-8b49-14a284a2ebb7	22	37354627	48872127	7608	0.0064
0568b1c7-e381-446d-8b49-14a284a2ebb7	22	48872888	50180260	981	0.0646
0568b1c7-e381-446d-8b49-14a284a2ebb7	22	50191684	50796027	253	0.0072
0568b1c7-e381-446d-8b49-14a284a2ebb7	X	251810	155952689	83571	0.003
0568b1c7-e381-446d-8b49-14a284a2ebb7	Y	2782397	56872112	6640	-1.1539
