GDC_Aliquot	Chromosome	Start	End	Copy_Number	Major_Copy_Number	Minor_Copy_Number
66d4a838-4adc-4374-9422-a19d26ead31b	chr1	13116	121742438	2	1	1
66d4a838-4adc-4374-9422-a19d26ead31b	chr1	143417573	199797056	4	2	2
66d4a838-4adc-4374-9422-a19d26ead31b	chr1	199798949	248945703	3	2	1
66d4a838-4adc-4374-9422-a19d26ead31b	chr2	10587	111254761	4	2	2
66d4a838-4adc-4374-9422-a19d26ead31b	chr2	111255796	111611915	4	3	1
66d4a838-4adc-4374-9422-a19d26ead31b	chr2	111613613	138901001	4	2	2
66d4a838-4adc-4374-9422-a19d26ead31b	chr2	138902253	139415810	5	3	2
66d4a838-4adc-4374-9422-a19d26ead31b	chr2	139417354	194638912	4	2	2
66d4a838-4adc-4374-9422-a19d26ead31b	chr2	194640024	242183243	2	2	0
66d4a838-4adc-4374-9422-a19d26ead31b	chr3	18519	59786602	3	2	1
66d4a838-4adc-4374-9422-a19d26ead31b	chr3	59789101	60308829	2	2	0
66d4a838-4adc-4374-9422-a19d26ead31b	chr3	60310223	93803140	3	2	1
66d4a838-4adc-4374-9422-a19d26ead31b	chr3	93805389	165193906	4	2	2
66d4a838-4adc-4374-9422-a19d26ead31b	chr3	165195135	167894208	3	2	1
66d4a838-4adc-4374-9422-a19d26ead31b	chr3	167895865	198181744	4	2	2
66d4a838-4adc-4374-9422-a19d26ead31b	chr4	11961	49488736	2	1	1
66d4a838-4adc-4374-9422-a19d26ead31b	chr4	49491240	49519828	0	0	0
66d4a838-4adc-4374-9422-a19d26ead31b	chr4	49520936	169865683	2	1	1
66d4a838-4adc-4374-9422-a19d26ead31b	chr4	169866864	190122722	1	1	0
66d4a838-4adc-4374-9422-a19d26ead31b	chr5	11882	5366214	7	4	3
66d4a838-4adc-4374-9422-a19d26ead31b	chr5	5367527	26368976	6	3	3
66d4a838-4adc-4374-9422-a19d26ead31b	chr5	26369998	27087570	8	4	4
66d4a838-4adc-4374-9422-a19d26ead31b	chr5	27091045	27103707	5	3	2
66d4a838-4adc-4374-9422-a19d26ead31b	chr5	27106439	27113108	8	4	4
66d4a838-4adc-4374-9422-a19d26ead31b	chr5	27114147	27384540	4	2	2
66d4a838-4adc-4374-9422-a19d26ead31b	chr5	27385564	28263117	11	9	2
66d4a838-4adc-4374-9422-a19d26ead31b	chr5	28264358	50124805	4	2	2
66d4a838-4adc-4374-9422-a19d26ead31b	chr5	50126967	87165270	2	1	1
66d4a838-4adc-4374-9422-a19d26ead31b	chr5	87168150	87337079	0	0	0
66d4a838-4adc-4374-9422-a19d26ead31b	chr5	87338156	107945846	2	1	1
66d4a838-4adc-4374-9422-a19d26ead31b	chr5	107947087	120794166	1	1	0
66d4a838-4adc-4374-9422-a19d26ead31b	chr5	120795392	181363900	2	1	1
66d4a838-4adc-4374-9422-a19d26ead31b	chr6	100116	75969090	3	2	1
66d4a838-4adc-4374-9422-a19d26ead31b	chr6	75970491	170740469	2	1	1
66d4a838-4adc-4374-9422-a19d26ead31b	chr7	20608	38250589	4	2	2
66d4a838-4adc-4374-9422-a19d26ead31b	chr7	38251833	38318501	7	4	3
66d4a838-4adc-4374-9422-a19d26ead31b	chr7	38319672	63570741	4	2	2
66d4a838-4adc-4374-9422-a19d26ead31b	chr7	63572321	159334386	3	2	1
66d4a838-4adc-4374-9422-a19d26ead31b	chr8	61774	12336929	2	1	1
66d4a838-4adc-4374-9422-a19d26ead31b	chr8	12340740	12345389	2	2	0
66d4a838-4adc-4374-9422-a19d26ead31b	chr8	12349438	12415168	0	0	0
66d4a838-4adc-4374-9422-a19d26ead31b	chr8	12416804	69564811	2	1	1
66d4a838-4adc-4374-9422-a19d26ead31b	chr8	69565847	145078402	4	4	0
66d4a838-4adc-4374-9422-a19d26ead31b	chr9	10469	138256233	2	1	1
66d4a838-4adc-4374-9422-a19d26ead31b	chr10	15029	3742171	3	2	1
66d4a838-4adc-4374-9422-a19d26ead31b	chr10	3743318	133787009	4	2	2
66d4a838-4adc-4374-9422-a19d26ead31b	chr11	87268	8805232	2	2	0
66d4a838-4adc-4374-9422-a19d26ead31b	chr11	8806470	12889474	4	2	2
66d4a838-4adc-4374-9422-a19d26ead31b	chr11	12890520	32823365	2	2	0
66d4a838-4adc-4374-9422-a19d26ead31b	chr11	32824955	135076424	4	2	2
66d4a838-4adc-4374-9422-a19d26ead31b	chr12	11065	34688730	4	2	2
66d4a838-4adc-4374-9422-a19d26ead31b	chr12	34690148	38220169	3	2	1
66d4a838-4adc-4374-9422-a19d26ead31b	chr12	38221559	133264676	2	2	0
66d4a838-4adc-4374-9422-a19d26ead31b	chr13	18445955	114343123	3	2	1
66d4a838-4adc-4374-9422-a19d26ead31b	chr14	18223583	18295333	6	3	3
66d4a838-4adc-4374-9422-a19d26ead31b	chr14	18296555	18301074	4	2	2
66d4a838-4adc-4374-9422-a19d26ead31b	chr14	18302684	18317480	5	3	2
66d4a838-4adc-4374-9422-a19d26ead31b	chr14	18319012	18328119	0	0	0
66d4a838-4adc-4374-9422-a19d26ead31b	chr14	18332908	18338974	4	4	0
66d4a838-4adc-4374-9422-a19d26ead31b	chr14	18342092	18383572	6	6	0
66d4a838-4adc-4374-9422-a19d26ead31b	chr14	18385052	18416975	4	4	0
66d4a838-4adc-4374-9422-a19d26ead31b	chr14	18418348	18441832	5	5	0
66d4a838-4adc-4374-9422-a19d26ead31b	chr14	18442892	18477555	6	6	0
66d4a838-4adc-4374-9422-a19d26ead31b	chr14	18479327	21928824	2	1	1
66d4a838-4adc-4374-9422-a19d26ead31b	chr14	21930255	22508221	3	3	0
66d4a838-4adc-4374-9422-a19d26ead31b	chr14	22509533	106880670	2	1	1
66d4a838-4adc-4374-9422-a19d26ead31b	chr15	19795285	49604433	2	2	0
66d4a838-4adc-4374-9422-a19d26ead31b	chr15	49605445	101980591	4	2	2
66d4a838-4adc-4374-9422-a19d26ead31b	chr16	10291	36045725	2	1	1
66d4a838-4adc-4374-9422-a19d26ead31b	chr16	46380940	90226358	3	3	0
66d4a838-4adc-4374-9422-a19d26ead31b	chr17	151035	72479112	3	3	0
66d4a838-4adc-4374-9422-a19d26ead31b	chr17	72482033	72501432	0	0	0
66d4a838-4adc-4374-9422-a19d26ead31b	chr17	72502926	83237603	3	3	0
66d4a838-4adc-4374-9422-a19d26ead31b	chr18	16444	15410360	4	2	2
66d4a838-4adc-4374-9422-a19d26ead31b	chr18	20931967	29504714	2	1	1
66d4a838-4adc-4374-9422-a19d26ead31b	chr18	29506491	55177535	1	1	0
66d4a838-4adc-4374-9422-a19d26ead31b	chr18	55179494	80259190	2	1	1
66d4a838-4adc-4374-9422-a19d26ead31b	chr19	157892	18806950	2	1	1
66d4a838-4adc-4374-9422-a19d26ead31b	chr19	18808361	19718292	1	1	0
66d4a838-4adc-4374-9422-a19d26ead31b	chr19	19719335	24222936	2	2	0
66d4a838-4adc-4374-9422-a19d26ead31b	chr19	24224492	27240947	4	2	2
66d4a838-4adc-4374-9422-a19d26ead31b	chr19	27242190	27336557	8	4	4
66d4a838-4adc-4374-9422-a19d26ead31b	chr19	27337756	27567849	5	3	2
66d4a838-4adc-4374-9422-a19d26ead31b	chr19	27568889	31032851	4	2	2
66d4a838-4adc-4374-9422-a19d26ead31b	chr19	31035978	46471910	5	3	2
66d4a838-4adc-4374-9422-a19d26ead31b	chr19	46473289	58607412	3	3	0
66d4a838-4adc-4374-9422-a19d26ead31b	chr20	80457	25908666	4	2	2
66d4a838-4adc-4374-9422-a19d26ead31b	chr20	25910570	32519596	5	3	2
66d4a838-4adc-4374-9422-a19d26ead31b	chr20	32520674	45297896	3	2	1
66d4a838-4adc-4374-9422-a19d26ead31b	chr20	45298962	45350696	5	3	2
66d4a838-4adc-4374-9422-a19d26ead31b	chr20	45352086	64331516	3	2	1
66d4a838-4adc-4374-9422-a19d26ead31b	chr21	7762688	10454976	2	1	1
66d4a838-4adc-4374-9422-a19d26ead31b	chr21	10456908	13031409	6	3	3
66d4a838-4adc-4374-9422-a19d26ead31b	chr21	13032427	13060195	5	3	2
66d4a838-4adc-4374-9422-a19d26ead31b	chr21	13062481	46699722	2	1	1
66d4a838-4adc-4374-9422-a19d26ead31b	chr22	15284540	25785627	2	1	1
66d4a838-4adc-4374-9422-a19d26ead31b	chr22	25786952	25836649	4	2	2
66d4a838-4adc-4374-9422-a19d26ead31b	chr22	25838113	38118416	2	1	1
66d4a838-4adc-4374-9422-a19d26ead31b	chr22	38119589	38176050	2	2	0
66d4a838-4adc-4374-9422-a19d26ead31b	chr22	38177222	43113611	3	2	1
66d4a838-4adc-4374-9422-a19d26ead31b	chr22	43115635	50802392	2	1	1
66d4a838-4adc-4374-9422-a19d26ead31b	chrX	2781514	89429160	1	1	0
66d4a838-4adc-4374-9422-a19d26ead31b	chrX	89431337	89439038	0	0	0
66d4a838-4adc-4374-9422-a19d26ead31b	chrX	89440661	120535123	1	1	0
66d4a838-4adc-4374-9422-a19d26ead31b	chrX	120543829	120579321	3	3	0
66d4a838-4adc-4374-9422-a19d26ead31b	chrX	120581117	155699751	1	1	0
66d4a838-4adc-4374-9422-a19d26ead31b	chrY	2789135	14712390	1	1	0
66d4a838-4adc-4374-9422-a19d26ead31b	chrY	14727761	14822051	4	4	0
66d4a838-4adc-4374-9422-a19d26ead31b	chrY	14827526	26622951	0	0	0
