GDC_Aliquot	Chromosome	Start	End	Num_Probes	Segment_Mean
6d0f0ac9-4921-4ad7-b106-f3daa92e0ee9	1	62920	98602	13	0.5856
6d0f0ac9-4921-4ad7-b106-f3daa92e0ee9	1	259407	3213582	687	0.1084
6d0f0ac9-4921-4ad7-b106-f3daa92e0ee9	1	3214026	8116566	3328	0.2004
6d0f0ac9-4921-4ad7-b106-f3daa92e0ee9	1	8122528	8129225	8	-1.4822
6d0f0ac9-4921-4ad7-b106-f3daa92e0ee9	1	8131732	16306844	4516	0.1809
6d0f0ac9-4921-4ad7-b106-f3daa92e0ee9	1	16313577	16627347	100	-0.0552
6d0f0ac9-4921-4ad7-b106-f3daa92e0ee9	1	16627800	16643961	18	0.3366
6d0f0ac9-4921-4ad7-b106-f3daa92e0ee9	1	16679239	16721984	12	-0.2581
6d0f0ac9-4921-4ad7-b106-f3daa92e0ee9	1	16766762	16935752	69	-0.5358
6d0f0ac9-4921-4ad7-b106-f3daa92e0ee9	1	16949746	21967332	3333	-0.0798
6d0f0ac9-4921-4ad7-b106-f3daa92e0ee9	1	21969814	22031369	23	-0.4651
6d0f0ac9-4921-4ad7-b106-f3daa92e0ee9	1	22031461	25266637	1907	-0.079
6d0f0ac9-4921-4ad7-b106-f3daa92e0ee9	1	25269390	25336819	24	-0.7409
6d0f0ac9-4921-4ad7-b106-f3daa92e0ee9	1	25336853	53552810	15351	-0.0848
6d0f0ac9-4921-4ad7-b106-f3daa92e0ee9	1	53553458	53553995	3	-1.3812
6d0f0ac9-4921-4ad7-b106-f3daa92e0ee9	1	53554517	55257768	1115	-0.0885
6d0f0ac9-4921-4ad7-b106-f3daa92e0ee9	1	55258350	55258626	6	-0.8696
6d0f0ac9-4921-4ad7-b106-f3daa92e0ee9	1	55263695	72297687	12251	-0.0854
6d0f0ac9-4921-4ad7-b106-f3daa92e0ee9	1	72302735	72345465	48	-1.5277
6d0f0ac9-4921-4ad7-b106-f3daa92e0ee9	1	72346221	105476583	20948	-0.0781
6d0f0ac9-4921-4ad7-b106-f3daa92e0ee9	1	105476614	105479753	16	-2.2648
6d0f0ac9-4921-4ad7-b106-f3daa92e0ee9	1	105481433	108951525	2290	-0.071
6d0f0ac9-4921-4ad7-b106-f3daa92e0ee9	1	108954232	108966416	19	-0.9408
6d0f0ac9-4921-4ad7-b106-f3daa92e0ee9	1	108966674	109690352	329	-0.0634
6d0f0ac9-4921-4ad7-b106-f3daa92e0ee9	1	109690415	109697556	12	1.1393
6d0f0ac9-4921-4ad7-b106-f3daa92e0ee9	1	109702376	112147704	1948	-0.0831
6d0f0ac9-4921-4ad7-b106-f3daa92e0ee9	1	112153343	112154768	25	0.4949
6d0f0ac9-4921-4ad7-b106-f3daa92e0ee9	1	112163334	121705338	5160	-0.0894
6d0f0ac9-4921-4ad7-b106-f3daa92e0ee9	1	143459641	152583051	2440	0.3705
6d0f0ac9-4921-4ad7-b106-f3daa92e0ee9	1	152583230	152613762	31	1.5792
6d0f0ac9-4921-4ad7-b106-f3daa92e0ee9	1	152613802	152789532	175	0.3984
6d0f0ac9-4921-4ad7-b106-f3daa92e0ee9	1	152789570	152796224	33	0.8343
6d0f0ac9-4921-4ad7-b106-f3daa92e0ee9	1	152801429	158545103	3289	0.4097
6d0f0ac9-4921-4ad7-b106-f3daa92e0ee9	1	158545119	158545168	3	-0.7401
6d0f0ac9-4921-4ad7-b106-f3daa92e0ee9	1	158545233	160970295	1719	0.414
6d0f0ac9-4921-4ad7-b106-f3daa92e0ee9	1	160972552	160975095	5	-0.5381
6d0f0ac9-4921-4ad7-b106-f3daa92e0ee9	1	160978657	166206806	3952	0.4062
6d0f0ac9-4921-4ad7-b106-f3daa92e0ee9	1	166215244	166225133	10	1.1286
6d0f0ac9-4921-4ad7-b106-f3daa92e0ee9	1	166226465	166579136	249	0.4022
6d0f0ac9-4921-4ad7-b106-f3daa92e0ee9	1	166582964	166583858	6	-0.5024
6d0f0ac9-4921-4ad7-b106-f3daa92e0ee9	1	166584258	196843377	20297	0.4036
6d0f0ac9-4921-4ad7-b106-f3daa92e0ee9	1	196843400	196846661	2	-2.009
6d0f0ac9-4921-4ad7-b106-f3daa92e0ee9	1	196847600	198335144	818	0.4014
6d0f0ac9-4921-4ad7-b106-f3daa92e0ee9	1	198335406	198338649	4	-0.8053
6d0f0ac9-4921-4ad7-b106-f3daa92e0ee9	1	198342229	223446392	17260	0.4131
6d0f0ac9-4921-4ad7-b106-f3daa92e0ee9	1	223454848	223468489	48	0.9135
6d0f0ac9-4921-4ad7-b106-f3daa92e0ee9	1	223470236	240228440	11818	0.4137
6d0f0ac9-4921-4ad7-b106-f3daa92e0ee9	1	240230715	240230839	6	-1.8906
6d0f0ac9-4921-4ad7-b106-f3daa92e0ee9	1	240232805	241270165	810	0.4202
6d0f0ac9-4921-4ad7-b106-f3daa92e0ee9	1	241271060	241271168	2	-1.1197
6d0f0ac9-4921-4ad7-b106-f3daa92e0ee9	1	241272295	248930189	5051	0.4109
6d0f0ac9-4921-4ad7-b106-f3daa92e0ee9	2	12784	34466002	24087	0.1636
6d0f0ac9-4921-4ad7-b106-f3daa92e0ee9	2	34474248	34512096	47	0.6164
6d0f0ac9-4921-4ad7-b106-f3daa92e0ee9	2	34512489	34775379	184	0.2034
6d0f0ac9-4921-4ad7-b106-f3daa92e0ee9	2	34776071	34776480	2	-1.1263
6d0f0ac9-4921-4ad7-b106-f3daa92e0ee9	2	34776488	35750907	685	0.1866
6d0f0ac9-4921-4ad7-b106-f3daa92e0ee9	2	35752724	35762881	7	-1.7211
6d0f0ac9-4921-4ad7-b106-f3daa92e0ee9	2	35772407	52527330	12128	0.1717
6d0f0ac9-4921-4ad7-b106-f3daa92e0ee9	2	52527342	52554404	39	0.8805
6d0f0ac9-4921-4ad7-b106-f3daa92e0ee9	2	52560811	71115321	12259	0.1627
6d0f0ac9-4921-4ad7-b106-f3daa92e0ee9	2	71119433	71119695	6	-2.869
6d0f0ac9-4921-4ad7-b106-f3daa92e0ee9	2	71120262	83798217	7957	0.1628
6d0f0ac9-4921-4ad7-b106-f3daa92e0ee9	2	83800625	84424336	381	0.4159
6d0f0ac9-4921-4ad7-b106-f3daa92e0ee9	2	84427729	86710564	1320	0.1654
6d0f0ac9-4921-4ad7-b106-f3daa92e0ee9	2	86725947	86726731	2	-1.4494
6d0f0ac9-4921-4ad7-b106-f3daa92e0ee9	2	86743283	87476397	159	0.1103
6d0f0ac9-4921-4ad7-b106-f3daa92e0ee9	2	87476789	87578886	23	-0.249
6d0f0ac9-4921-4ad7-b106-f3daa92e0ee9	2	87586208	129484957	21246	0.1598
6d0f0ac9-4921-4ad7-b106-f3daa92e0ee9	2	129488165	129489260	4	-0.7793
6d0f0ac9-4921-4ad7-b106-f3daa92e0ee9	2	129497537	130455273	474	0.1495
6d0f0ac9-4921-4ad7-b106-f3daa92e0ee9	2	130471073	130539652	5	1.3502
6d0f0ac9-4921-4ad7-b106-f3daa92e0ee9	2	130560276	137746032	4280	0.162
6d0f0ac9-4921-4ad7-b106-f3daa92e0ee9	2	137747577	137754783	10	-0.4245
6d0f0ac9-4921-4ad7-b106-f3daa92e0ee9	2	137757882	137952379	143	0.1943
6d0f0ac9-4921-4ad7-b106-f3daa92e0ee9	2	137959657	137961269	3	-0.9781
6d0f0ac9-4921-4ad7-b106-f3daa92e0ee9	2	137962742	146107015	4999	0.1671
6d0f0ac9-4921-4ad7-b106-f3daa92e0ee9	2	146107511	146109366	19	0.8356
6d0f0ac9-4921-4ad7-b106-f3daa92e0ee9	2	146120238	173728221	16923	0.1657
6d0f0ac9-4921-4ad7-b106-f3daa92e0ee9	2	173728383	173732840	3	-0.8952
6d0f0ac9-4921-4ad7-b106-f3daa92e0ee9	2	173732928	176394114	1505	0.1629
6d0f0ac9-4921-4ad7-b106-f3daa92e0ee9	2	176402448	176407805	2	1.4819
6d0f0ac9-4921-4ad7-b106-f3daa92e0ee9	2	176410410	179191130	1842	0.1832
6d0f0ac9-4921-4ad7-b106-f3daa92e0ee9	2	179191284	179214417	5	-0.532
6d0f0ac9-4921-4ad7-b106-f3daa92e0ee9	2	179218864	184379336	3353	0.1692
6d0f0ac9-4921-4ad7-b106-f3daa92e0ee9	2	184392326	184400102	15	-0.5261
6d0f0ac9-4921-4ad7-b106-f3daa92e0ee9	2	184400238	208783850	14162	0.1666
6d0f0ac9-4921-4ad7-b106-f3daa92e0ee9	2	208790261	208810308	18	1.1399
6d0f0ac9-4921-4ad7-b106-f3daa92e0ee9	2	208817881	242147305	21237	0.1599
6d0f0ac9-4921-4ad7-b106-f3daa92e0ee9	3	20930	182919	154	0.1945
6d0f0ac9-4921-4ad7-b106-f3daa92e0ee9	3	188339	191117	4	-0.9438
6d0f0ac9-4921-4ad7-b106-f3daa92e0ee9	3	193194	396973	206	0.1788
6d0f0ac9-4921-4ad7-b106-f3daa92e0ee9	3	397039	398781	3	1.1284
6d0f0ac9-4921-4ad7-b106-f3daa92e0ee9	3	399870	1417834	836	0.2457
6d0f0ac9-4921-4ad7-b106-f3daa92e0ee9	3	1418595	1439492	26	-0.4198
6d0f0ac9-4921-4ad7-b106-f3daa92e0ee9	3	1444700	1479634	42	0.2264
6d0f0ac9-4921-4ad7-b106-f3daa92e0ee9	3	1483873	5389708	3456	-0.4356
6d0f0ac9-4921-4ad7-b106-f3daa92e0ee9	3	5390584	5390613	2	-2.6326
6d0f0ac9-4921-4ad7-b106-f3daa92e0ee9	3	5391169	16197556	8143	-0.4391
6d0f0ac9-4921-4ad7-b106-f3daa92e0ee9	3	16199049	16199672	6	-2.0298
6d0f0ac9-4921-4ad7-b106-f3daa92e0ee9	3	16199818	17499108	848	-0.4556
6d0f0ac9-4921-4ad7-b106-f3daa92e0ee9	3	17501710	17502521	2	-5.2627
6d0f0ac9-4921-4ad7-b106-f3daa92e0ee9	3	17504946	45197564	18332	-0.4321
6d0f0ac9-4921-4ad7-b106-f3daa92e0ee9	3	45199686	45218187	17	-0.935
6d0f0ac9-4921-4ad7-b106-f3daa92e0ee9	3	45222259	46751887	1055	-0.4397
6d0f0ac9-4921-4ad7-b106-f3daa92e0ee9	3	46760327	46808099	40	-2.4728
6d0f0ac9-4921-4ad7-b106-f3daa92e0ee9	3	46817989	58467042	6213	-0.4377
6d0f0ac9-4921-4ad7-b106-f3daa92e0ee9	3	58469427	58471084	2	-2.5179
6d0f0ac9-4921-4ad7-b106-f3daa92e0ee9	3	58477024	59138442	359	-0.4613
6d0f0ac9-4921-4ad7-b106-f3daa92e0ee9	3	59141226	59141588	2	-3.3112
6d0f0ac9-4921-4ad7-b106-f3daa92e0ee9	3	59142824	62636592	3258	-0.4358
6d0f0ac9-4921-4ad7-b106-f3daa92e0ee9	3	62639126	62639491	2	-3.7867
6d0f0ac9-4921-4ad7-b106-f3daa92e0ee9	3	62640416	62724925	123	-0.4127
6d0f0ac9-4921-4ad7-b106-f3daa92e0ee9	3	62727007	62730185	8	-1.8729
6d0f0ac9-4921-4ad7-b106-f3daa92e0ee9	3	62730233	63142557	314	-0.4115
6d0f0ac9-4921-4ad7-b106-f3daa92e0ee9	3	63143575	63150093	5	-2.1451
6d0f0ac9-4921-4ad7-b106-f3daa92e0ee9	3	63156515	68697013	4252	-0.4379
6d0f0ac9-4921-4ad7-b106-f3daa92e0ee9	3	68697108	68698262	14	-1.365
6d0f0ac9-4921-4ad7-b106-f3daa92e0ee9	3	68699607	88977896	12284	-0.4262
6d0f0ac9-4921-4ad7-b106-f3daa92e0ee9	3	88978506	88980172	4	-2.6521
6d0f0ac9-4921-4ad7-b106-f3daa92e0ee9	3	88981172	89210883	160	-0.4107
6d0f0ac9-4921-4ad7-b106-f3daa92e0ee9	3	89211124	89211511	4	-1.3766
6d0f0ac9-4921-4ad7-b106-f3daa92e0ee9	3	89211843	95737262	1591	-0.414
6d0f0ac9-4921-4ad7-b106-f3daa92e0ee9	3	95748036	95749266	2	-2.3106
6d0f0ac9-4921-4ad7-b106-f3daa92e0ee9	3	95749836	98848204	1628	-0.4141
6d0f0ac9-4921-4ad7-b106-f3daa92e0ee9	3	98850216	103898999	2881	0.1997
6d0f0ac9-4921-4ad7-b106-f3daa92e0ee9	3	103899923	104861357	678	-0.4088
6d0f0ac9-4921-4ad7-b106-f3daa92e0ee9	3	104863095	104914505	66	0.1786
6d0f0ac9-4921-4ad7-b106-f3daa92e0ee9	3	104914519	104917222	5	-0.5629
6d0f0ac9-4921-4ad7-b106-f3daa92e0ee9	3	104919930	130068178	15345	0.1999
6d0f0ac9-4921-4ad7-b106-f3daa92e0ee9	3	130068356	130079892	20	0.5908
6d0f0ac9-4921-4ad7-b106-f3daa92e0ee9	3	130079938	137309116	4490	0.1914
6d0f0ac9-4921-4ad7-b106-f3daa92e0ee9	3	137309118	137324378	31	-0.3923
6d0f0ac9-4921-4ad7-b106-f3daa92e0ee9	3	137328545	151776115	9062	0.1978
6d0f0ac9-4921-4ad7-b106-f3daa92e0ee9	3	151784289	162790480	6696	0.5963
6d0f0ac9-4921-4ad7-b106-f3daa92e0ee9	3	162794869	162908207	70	-0.0593
6d0f0ac9-4921-4ad7-b106-f3daa92e0ee9	3	162908784	169573236	3864	0.6138
6d0f0ac9-4921-4ad7-b106-f3daa92e0ee9	3	169573419	169573726	2	-0.879
6d0f0ac9-4921-4ad7-b106-f3daa92e0ee9	3	169575313	173298521	2335	0.6034
6d0f0ac9-4921-4ad7-b106-f3daa92e0ee9	3	173303865	173583247	185	0.2858
6d0f0ac9-4921-4ad7-b106-f3daa92e0ee9	3	173585525	173604151	22	0.6238
6d0f0ac9-4921-4ad7-b106-f3daa92e0ee9	3	173604286	173639516	24	0.3165
6d0f0ac9-4921-4ad7-b106-f3daa92e0ee9	3	173643188	173644575	5	-0.2557
6d0f0ac9-4921-4ad7-b106-f3daa92e0ee9	3	173644953	173749079	85	0.2012
6d0f0ac9-4921-4ad7-b106-f3daa92e0ee9	3	173755410	173847469	70	0.6808
6d0f0ac9-4921-4ad7-b106-f3daa92e0ee9	3	173851126	174386851	375	0.2224
6d0f0ac9-4921-4ad7-b106-f3daa92e0ee9	3	174387322	176488438	1421	0.613
6d0f0ac9-4921-4ad7-b106-f3daa92e0ee9	3	176492735	180055514	2266	0.1957
6d0f0ac9-4921-4ad7-b106-f3daa92e0ee9	3	180055705	180058413	2	-1.7912
6d0f0ac9-4921-4ad7-b106-f3daa92e0ee9	3	180058994	180602193	280	0.2214
6d0f0ac9-4921-4ad7-b106-f3daa92e0ee9	3	180603769	181052183	190	-0.4185
6d0f0ac9-4921-4ad7-b106-f3daa92e0ee9	3	181053708	182724018	920	0.195
6d0f0ac9-4921-4ad7-b106-f3daa92e0ee9	3	182730905	193084737	7036	-0.4505
6d0f0ac9-4921-4ad7-b106-f3daa92e0ee9	3	193084770	193148955	45	-1.118
6d0f0ac9-4921-4ad7-b106-f3daa92e0ee9	3	193148990	193155915	17	-0.6506
6d0f0ac9-4921-4ad7-b106-f3daa92e0ee9	3	193160113	193165114	20	0.444
6d0f0ac9-4921-4ad7-b106-f3daa92e0ee9	3	193168646	198122834	2658	-0.9739
6d0f0ac9-4921-4ad7-b106-f3daa92e0ee9	3	198124354	198169247	8	-0.3919
6d0f0ac9-4921-4ad7-b106-f3daa92e0ee9	4	68929	9496201	5147	-0.4752
6d0f0ac9-4921-4ad7-b106-f3daa92e0ee9	4	9496271	63832015	34089	-0.4279
6d0f0ac9-4921-4ad7-b106-f3daa92e0ee9	4	63832110	63842540	23	0.2129
6d0f0ac9-4921-4ad7-b106-f3daa92e0ee9	4	63850713	68478894	2864	-0.4183
6d0f0ac9-4921-4ad7-b106-f3daa92e0ee9	4	68494770	68640616	71	0.1206
6d0f0ac9-4921-4ad7-b106-f3daa92e0ee9	4	68655691	110151470	25058	-0.4242
6d0f0ac9-4921-4ad7-b106-f3daa92e0ee9	4	110151829	110152711	2	-2.3607
6d0f0ac9-4921-4ad7-b106-f3daa92e0ee9	4	110154602	119459233	5691	-0.4219
6d0f0ac9-4921-4ad7-b106-f3daa92e0ee9	4	119460368	120849201	936	-0.9083
6d0f0ac9-4921-4ad7-b106-f3daa92e0ee9	4	120849899	120853360	4	-0.083
6d0f0ac9-4921-4ad7-b106-f3daa92e0ee9	4	120853440	129032127	4651	0.4199
6d0f0ac9-4921-4ad7-b106-f3daa92e0ee9	4	129033220	150955157	12935	0.1962
6d0f0ac9-4921-4ad7-b106-f3daa92e0ee9	4	150955173	150960261	21	-0.2699
6d0f0ac9-4921-4ad7-b106-f3daa92e0ee9	4	150963144	153624951	1576	0.1895
6d0f0ac9-4921-4ad7-b106-f3daa92e0ee9	4	153627757	171448195	11380	-0.9145
6d0f0ac9-4921-4ad7-b106-f3daa92e0ee9	4	171453733	171456573	11	0.7847
6d0f0ac9-4921-4ad7-b106-f3daa92e0ee9	4	171456625	190106768	12378	-0.9457
6d0f0ac9-4921-4ad7-b106-f3daa92e0ee9	5	15532	717794	313	0.541
6d0f0ac9-4921-4ad7-b106-f3daa92e0ee9	5	722090	825538	39	0.9104
6d0f0ac9-4921-4ad7-b106-f3daa92e0ee9	5	833513	1236415	151	0.5693
6d0f0ac9-4921-4ad7-b106-f3daa92e0ee9	5	1236505	2448046	914	0.4203
6d0f0ac9-4921-4ad7-b106-f3daa92e0ee9	5	2448196	3055934	558	0.6109
6d0f0ac9-4921-4ad7-b106-f3daa92e0ee9	5	3057278	3059903	5	-0.1838
6d0f0ac9-4921-4ad7-b106-f3daa92e0ee9	5	3060375	3429377	420	0.5931
6d0f0ac9-4921-4ad7-b106-f3daa92e0ee9	5	3433333	4293265	754	0.7555
6d0f0ac9-4921-4ad7-b106-f3daa92e0ee9	5	4294937	4976282	566	0.9067
6d0f0ac9-4921-4ad7-b106-f3daa92e0ee9	5	4977420	5041486	51	0.7503
6d0f0ac9-4921-4ad7-b106-f3daa92e0ee9	5	5043599	5193549	142	0.5964
6d0f0ac9-4921-4ad7-b106-f3daa92e0ee9	5	5193635	5704071	521	0.7464
6d0f0ac9-4921-4ad7-b106-f3daa92e0ee9	5	5704097	6137350	395	0.9092
6d0f0ac9-4921-4ad7-b106-f3daa92e0ee9	5	6138053	6138962	3	-0.4262
6d0f0ac9-4921-4ad7-b106-f3daa92e0ee9	5	6140665	6874651	641	0.8768
6d0f0ac9-4921-4ad7-b106-f3daa92e0ee9	5	6875264	7117091	195	0.7192
6d0f0ac9-4921-4ad7-b106-f3daa92e0ee9	5	7118263	7220852	94	0.8671
6d0f0ac9-4921-4ad7-b106-f3daa92e0ee9	5	7226966	7909794	510	0.5884
6d0f0ac9-4921-4ad7-b106-f3daa92e0ee9	5	7913555	7981180	70	0.835
6d0f0ac9-4921-4ad7-b106-f3daa92e0ee9	5	7982480	8109306	104	0.6485
6d0f0ac9-4921-4ad7-b106-f3daa92e0ee9	5	8115194	8123381	6	-0.0359
6d0f0ac9-4921-4ad7-b106-f3daa92e0ee9	5	8123404	8711526	495	0.6072
6d0f0ac9-4921-4ad7-b106-f3daa92e0ee9	5	8711736	9837490	1009	0.7601
6d0f0ac9-4921-4ad7-b106-f3daa92e0ee9	5	9837538	10466630	518	0.8921
6d0f0ac9-4921-4ad7-b106-f3daa92e0ee9	5	10466975	10589390	100	0.7431
6d0f0ac9-4921-4ad7-b106-f3daa92e0ee9	5	10592115	11184719	557	0.6118
6d0f0ac9-4921-4ad7-b106-f3daa92e0ee9	5	11185616	11635888	377	0.7686
6d0f0ac9-4921-4ad7-b106-f3daa92e0ee9	5	11639578	12478690	508	0.9089
6d0f0ac9-4921-4ad7-b106-f3daa92e0ee9	5	12483882	12819201	177	0.596
6d0f0ac9-4921-4ad7-b106-f3daa92e0ee9	5	12819263	13782008	559	0.7605
6d0f0ac9-4921-4ad7-b106-f3daa92e0ee9	5	13785905	14213026	386	0.6098
6d0f0ac9-4921-4ad7-b106-f3daa92e0ee9	5	14213655	14446930	249	0.4279
6d0f0ac9-4921-4ad7-b106-f3daa92e0ee9	5	14448065	15331291	559	0.612
6d0f0ac9-4921-4ad7-b106-f3daa92e0ee9	5	15332460	15332597	6	0.1266
6d0f0ac9-4921-4ad7-b106-f3daa92e0ee9	5	15332903	15719241	224	0.5889
6d0f0ac9-4921-4ad7-b106-f3daa92e0ee9	5	15719966	15720488	9	0.0443
6d0f0ac9-4921-4ad7-b106-f3daa92e0ee9	5	15723237	16248086	336	0.6044
6d0f0ac9-4921-4ad7-b106-f3daa92e0ee9	5	16256271	16914491	496	0.2235
6d0f0ac9-4921-4ad7-b106-f3daa92e0ee9	5	16916013	17255575	203	0.4489
6d0f0ac9-4921-4ad7-b106-f3daa92e0ee9	5	17255618	17256447	4	-0.1151
6d0f0ac9-4921-4ad7-b106-f3daa92e0ee9	5	17260723	21278029	2400	0.6085
6d0f0ac9-4921-4ad7-b106-f3daa92e0ee9	5	21280507	21579279	127	0.4646
6d0f0ac9-4921-4ad7-b106-f3daa92e0ee9	5	21581370	24571906	1729	0.5946
6d0f0ac9-4921-4ad7-b106-f3daa92e0ee9	5	24572152	25508341	576	0.7535
6d0f0ac9-4921-4ad7-b106-f3daa92e0ee9	5	25511106	26045193	343	0.5882
6d0f0ac9-4921-4ad7-b106-f3daa92e0ee9	5	26045199	26789387	456	0.4073
6d0f0ac9-4921-4ad7-b106-f3daa92e0ee9	5	26797651	26807690	4	-1.0505
6d0f0ac9-4921-4ad7-b106-f3daa92e0ee9	5	26807795	27324114	281	0.4209
6d0f0ac9-4921-4ad7-b106-f3daa92e0ee9	5	27324604	27717837	216	0.6266
6d0f0ac9-4921-4ad7-b106-f3daa92e0ee9	5	27726201	31204604	2167	0.4254
6d0f0ac9-4921-4ad7-b106-f3daa92e0ee9	5	31204736	31205228	2	1.9144
6d0f0ac9-4921-4ad7-b106-f3daa92e0ee9	5	31206494	31924865	601	0.4241
6d0f0ac9-4921-4ad7-b106-f3daa92e0ee9	5	31925084	32158349	192	0.6227
6d0f0ac9-4921-4ad7-b106-f3daa92e0ee9	5	32170181	39210033	4623	0.4107
6d0f0ac9-4921-4ad7-b106-f3daa92e0ee9	5	39212002	39753792	398	0.2132
6d0f0ac9-4921-4ad7-b106-f3daa92e0ee9	5	39759758	40087215	244	0.433
6d0f0ac9-4921-4ad7-b106-f3daa92e0ee9	5	40089883	41561271	973	0.6032
6d0f0ac9-4921-4ad7-b106-f3daa92e0ee9	5	41564024	41564336	2	-0.6967
6d0f0ac9-4921-4ad7-b106-f3daa92e0ee9	5	41564460	43726438	1088	0.5971
6d0f0ac9-4921-4ad7-b106-f3daa92e0ee9	5	43728065	43736370	9	0.3543
6d0f0ac9-4921-4ad7-b106-f3daa92e0ee9	5	43739233	46196012	1007	0.1871
6d0f0ac9-4921-4ad7-b106-f3daa92e0ee9	5	46199332	46199333	2	-1.6839
6d0f0ac9-4921-4ad7-b106-f3daa92e0ee9	5	46209197	46251204	13	0.0235
6d0f0ac9-4921-4ad7-b106-f3daa92e0ee9	5	46270906	46273400	8	0.8087
6d0f0ac9-4921-4ad7-b106-f3daa92e0ee9	5	46278110	53021633	1647	0.2054
6d0f0ac9-4921-4ad7-b106-f3daa92e0ee9	5	53023086	54093243	731	-0.435
6d0f0ac9-4921-4ad7-b106-f3daa92e0ee9	5	54102923	54375166	181	-0.1039
6d0f0ac9-4921-4ad7-b106-f3daa92e0ee9	5	54375482	55229644	667	-0.4635
6d0f0ac9-4921-4ad7-b106-f3daa92e0ee9	5	55231204	55531751	142	-0.1109
6d0f0ac9-4921-4ad7-b106-f3daa92e0ee9	5	55538998	55597408	26	-0.3772
6d0f0ac9-4921-4ad7-b106-f3daa92e0ee9	5	55605535	55810059	118	-0.0706
6d0f0ac9-4921-4ad7-b106-f3daa92e0ee9	5	55814799	56074762	135	-0.4516
6d0f0ac9-4921-4ad7-b106-f3daa92e0ee9	5	56075208	56315867	173	-0.1011
6d0f0ac9-4921-4ad7-b106-f3daa92e0ee9	5	56317295	59458563	2424	-0.4542
6d0f0ac9-4921-4ad7-b106-f3daa92e0ee9	5	59458684	59459394	2	-2.5866
6d0f0ac9-4921-4ad7-b106-f3daa92e0ee9	5	59459754	69533520	6136	-0.4418
6d0f0ac9-4921-4ad7-b106-f3daa92e0ee9	5	69550476	71010832	19	0.2524
6d0f0ac9-4921-4ad7-b106-f3daa92e0ee9	5	71010901	118603324	29244	-0.4333
6d0f0ac9-4921-4ad7-b106-f3daa92e0ee9	5	118607138	118607564	2	-2.7725
6d0f0ac9-4921-4ad7-b106-f3daa92e0ee9	5	118607621	150640787	19898	-0.4411
6d0f0ac9-4921-4ad7-b106-f3daa92e0ee9	5	150644580	181363319	20529	-0.087
6d0f0ac9-4921-4ad7-b106-f3daa92e0ee9	6	149661	254283	101	-0.2574
6d0f0ac9-4921-4ad7-b106-f3daa92e0ee9	6	257353	322696	31	0.5362
6d0f0ac9-4921-4ad7-b106-f3daa92e0ee9	6	323084	378703	67	0.2573
6d0f0ac9-4921-4ad7-b106-f3daa92e0ee9	6	379015	9196445	7179	-0.103
6d0f0ac9-4921-4ad7-b106-f3daa92e0ee9	6	9201267	9211994	4	-1.5816
6d0f0ac9-4921-4ad7-b106-f3daa92e0ee9	6	9221510	9497104	183	-0.0795
6d0f0ac9-4921-4ad7-b106-f3daa92e0ee9	6	9501383	9501674	4	-2.4049
6d0f0ac9-4921-4ad7-b106-f3daa92e0ee9	6	9501743	9692627	127	-0.0911
6d0f0ac9-4921-4ad7-b106-f3daa92e0ee9	6	9693600	9694342	3	-0.9694
6d0f0ac9-4921-4ad7-b106-f3daa92e0ee9	6	9696701	10063106	272	-0.0696
6d0f0ac9-4921-4ad7-b106-f3daa92e0ee9	6	10067770	10069501	3	-5.332
6d0f0ac9-4921-4ad7-b106-f3daa92e0ee9	6	10069647	10519027	377	-0.0844
6d0f0ac9-4921-4ad7-b106-f3daa92e0ee9	6	10521813	10521887	2	-2.1604
6d0f0ac9-4921-4ad7-b106-f3daa92e0ee9	6	10523500	10683919	122	-0.0628
6d0f0ac9-4921-4ad7-b106-f3daa92e0ee9	6	10685609	10687095	2	-2.5468
6d0f0ac9-4921-4ad7-b106-f3daa92e0ee9	6	10687513	29875657	13163	-0.0988
6d0f0ac9-4921-4ad7-b106-f3daa92e0ee9	6	29876257	29882419	8	-0.9844
6d0f0ac9-4921-4ad7-b106-f3daa92e0ee9	6	29882497	30096785	115	-0.1003
6d0f0ac9-4921-4ad7-b106-f3daa92e0ee9	6	30097080	30097639	3	-1.3339
6d0f0ac9-4921-4ad7-b106-f3daa92e0ee9	6	30097798	31313046	541	-0.1198
6d0f0ac9-4921-4ad7-b106-f3daa92e0ee9	6	31318499	31328674	11	0.7724
6d0f0ac9-4921-4ad7-b106-f3daa92e0ee9	6	31342147	39101136	4554	-0.1033
6d0f0ac9-4921-4ad7-b106-f3daa92e0ee9	6	39101492	39104258	6	-1.6686
6d0f0ac9-4921-4ad7-b106-f3daa92e0ee9	6	39115512	54066286	9694	-0.085
6d0f0ac9-4921-4ad7-b106-f3daa92e0ee9	6	54066353	54070900	10	0.4929
6d0f0ac9-4921-4ad7-b106-f3daa92e0ee9	6	54070993	56428212	1524	-0.0705
6d0f0ac9-4921-4ad7-b106-f3daa92e0ee9	6	56430859	56434126	3	-1.412
6d0f0ac9-4921-4ad7-b106-f3daa92e0ee9	6	56434519	58236118	603	-0.0623
6d0f0ac9-4921-4ad7-b106-f3daa92e0ee9	6	58237632	66298369	3197	0.2205
6d0f0ac9-4921-4ad7-b106-f3daa92e0ee9	6	66298393	66338736	56	-0.5232
6d0f0ac9-4921-4ad7-b106-f3daa92e0ee9	6	66339513	71175455	3242	0.2056
6d0f0ac9-4921-4ad7-b106-f3daa92e0ee9	6	71180534	71202438	14	-0.4678
6d0f0ac9-4921-4ad7-b106-f3daa92e0ee9	6	71205611	76732919	3531	0.2039
6d0f0ac9-4921-4ad7-b106-f3daa92e0ee9	6	76733502	76742956	10	-0.8212
6d0f0ac9-4921-4ad7-b106-f3daa92e0ee9	6	76742972	77152700	272	0.1936
6d0f0ac9-4921-4ad7-b106-f3daa92e0ee9	6	77161211	77163297	2	-0.9006
6d0f0ac9-4921-4ad7-b106-f3daa92e0ee9	6	77167730	78169795	643	0.1901
6d0f0ac9-4921-4ad7-b106-f3daa92e0ee9	6	78171734	78188798	7	-0.6211
6d0f0ac9-4921-4ad7-b106-f3daa92e0ee9	6	78190303	78252864	52	0.2209
6d0f0ac9-4921-4ad7-b106-f3daa92e0ee9	6	78252909	78325468	116	0.4851
6d0f0ac9-4921-4ad7-b106-f3daa92e0ee9	6	78329517	92864624	9233	0.202
6d0f0ac9-4921-4ad7-b106-f3daa92e0ee9	6	92866148	92868912	31	-0.6057
6d0f0ac9-4921-4ad7-b106-f3daa92e0ee9	6	92873205	115057911	13570	0.204
6d0f0ac9-4921-4ad7-b106-f3daa92e0ee9	6	115057996	115086809	3	-1.5286
6d0f0ac9-4921-4ad7-b106-f3daa92e0ee9	6	115087407	122803453	4486	0.1962
6d0f0ac9-4921-4ad7-b106-f3daa92e0ee9	6	122805211	124972033	1451	0.2468
6d0f0ac9-4921-4ad7-b106-f3daa92e0ee9	6	124972631	152238668	17980	0.1985
6d0f0ac9-4921-4ad7-b106-f3daa92e0ee9	6	152238854	154141044	1401	0.2423
6d0f0ac9-4921-4ad7-b106-f3daa92e0ee9	6	154141243	157358463	2142	0.194
6d0f0ac9-4921-4ad7-b106-f3daa92e0ee9	6	157360232	157366396	2	-1.6436
6d0f0ac9-4921-4ad7-b106-f3daa92e0ee9	6	157375044	163870711	4696	0.1964
6d0f0ac9-4921-4ad7-b106-f3daa92e0ee9	6	163872158	163874386	2	-1.4106
6d0f0ac9-4921-4ad7-b106-f3daa92e0ee9	6	163876412	167163698	2579	0.2101
6d0f0ac9-4921-4ad7-b106-f3daa92e0ee9	6	167165881	168336513	537	0.0954
6d0f0ac9-4921-4ad7-b106-f3daa92e0ee9	6	168337377	170741917	1581	0.1977
6d0f0ac9-4921-4ad7-b106-f3daa92e0ee9	7	43355	5875511	3053	0.1745
6d0f0ac9-4921-4ad7-b106-f3daa92e0ee9	7	5877553	5879479	3	-1.0144
6d0f0ac9-4921-4ad7-b106-f3daa92e0ee9	7	5888325	6799093	364	0.1688
6d0f0ac9-4921-4ad7-b106-f3daa92e0ee9	7	6814479	6853677	15	-0.3016
6d0f0ac9-4921-4ad7-b106-f3daa92e0ee9	7	6858609	13063277	5032	0.2101
6d0f0ac9-4921-4ad7-b106-f3daa92e0ee9	7	13068443	13090444	23	-0.6381
6d0f0ac9-4921-4ad7-b106-f3daa92e0ee9	7	13091032	41875339	21335	0.1913
6d0f0ac9-4921-4ad7-b106-f3daa92e0ee9	7	41875586	41875627	2	-1.3603
6d0f0ac9-4921-4ad7-b106-f3daa92e0ee9	7	41875978	43215917	945	0.1782
6d0f0ac9-4921-4ad7-b106-f3daa92e0ee9	7	43216991	43218760	3	-0.8667
6d0f0ac9-4921-4ad7-b106-f3daa92e0ee9	7	43219332	47243291	2569	0.1769
6d0f0ac9-4921-4ad7-b106-f3daa92e0ee9	7	47245685	47249326	7	-0.8136
6d0f0ac9-4921-4ad7-b106-f3daa92e0ee9	7	47252356	49602783	1620	0.185
6d0f0ac9-4921-4ad7-b106-f3daa92e0ee9	7	49605372	49610018	3	-1.3697
6d0f0ac9-4921-4ad7-b106-f3daa92e0ee9	7	49611833	54305455	3504	0.1835
6d0f0ac9-4921-4ad7-b106-f3daa92e0ee9	7	54318812	54318824	6	1.9528
6d0f0ac9-4921-4ad7-b106-f3daa92e0ee9	7	54325795	67195549	3740	0.1588
6d0f0ac9-4921-4ad7-b106-f3daa92e0ee9	7	67203241	67225584	9	-0.4672
6d0f0ac9-4921-4ad7-b106-f3daa92e0ee9	7	67230121	67233947	2	-2.2766
6d0f0ac9-4921-4ad7-b106-f3daa92e0ee9	7	67234797	76514576	4519	0.1673
6d0f0ac9-4921-4ad7-b106-f3daa92e0ee9	7	76524031	76531980	4	-0.9042
6d0f0ac9-4921-4ad7-b106-f3daa92e0ee9	7	76531991	76936433	157	0.1336
6d0f0ac9-4921-4ad7-b106-f3daa92e0ee9	7	76940335	90919971	9023	0.2031
6d0f0ac9-4921-4ad7-b106-f3daa92e0ee9	7	90922868	91578827	516	0.1597
6d0f0ac9-4921-4ad7-b106-f3daa92e0ee9	7	91589569	91589817	3	-1.4578
6d0f0ac9-4921-4ad7-b106-f3daa92e0ee9	7	91595717	97152992	3453	0.1817
6d0f0ac9-4921-4ad7-b106-f3daa92e0ee9	7	97153673	98756350	902	0.4079
6d0f0ac9-4921-4ad7-b106-f3daa92e0ee9	7	98757152	108021957	4908	0.1817
6d0f0ac9-4921-4ad7-b106-f3daa92e0ee9	7	108022614	109793741	1202	0.4075
6d0f0ac9-4921-4ad7-b106-f3daa92e0ee9	7	109797035	109797043	7	0.9812
6d0f0ac9-4921-4ad7-b106-f3daa92e0ee9	7	109797044	109801155	17	0.3024
6d0f0ac9-4921-4ad7-b106-f3daa92e0ee9	7	109801187	109813853	11	1.2365
6d0f0ac9-4921-4ad7-b106-f3daa92e0ee9	7	109813925	111406770	1072	0.4021
6d0f0ac9-4921-4ad7-b106-f3daa92e0ee9	7	111408523	111442785	39	-0.6901
6d0f0ac9-4921-4ad7-b106-f3daa92e0ee9	7	111452408	134100587	13636	0.412
6d0f0ac9-4921-4ad7-b106-f3daa92e0ee9	7	134100624	134105690	20	0.9156
6d0f0ac9-4921-4ad7-b106-f3daa92e0ee9	7	134110881	142342176	5422	0.4208
6d0f0ac9-4921-4ad7-b106-f3daa92e0ee9	7	142344216	142356375	13	-0.1069
6d0f0ac9-4921-4ad7-b106-f3daa92e0ee9	7	142356827	143529806	702	0.387
6d0f0ac9-4921-4ad7-b106-f3daa92e0ee9	7	143530003	143728285	5	-0.4781
6d0f0ac9-4921-4ad7-b106-f3daa92e0ee9	7	143728623	143895362	44	0.2087
6d0f0ac9-4921-4ad7-b106-f3daa92e0ee9	7	143895533	158971720	9683	0.413
6d0f0ac9-4921-4ad7-b106-f3daa92e0ee9	7	158974937	159326475	229	0.3121
6d0f0ac9-4921-4ad7-b106-f3daa92e0ee9	7	159326530	159334314	5	0.1001
6d0f0ac9-4921-4ad7-b106-f3daa92e0ee9	8	81254	2132302	1476	-0.1035
6d0f0ac9-4921-4ad7-b106-f3daa92e0ee9	8	2132407	2134890	18	-1.005
6d0f0ac9-4921-4ad7-b106-f3daa92e0ee9	8	2137191	3874891	1786	-0.0697
6d0f0ac9-4921-4ad7-b106-f3daa92e0ee9	8	3877116	3877127	2	-3.218
6d0f0ac9-4921-4ad7-b106-f3daa92e0ee9	8	3877205	7329124	4445	-0.0834
6d0f0ac9-4921-4ad7-b106-f3daa92e0ee9	8	7336299	7380497	20	-1.2521
6d0f0ac9-4921-4ad7-b106-f3daa92e0ee9	8	7396819	7886542	22	-0.2098
6d0f0ac9-4921-4ad7-b106-f3daa92e0ee9	8	7888457	7890177	4	-1.5779
6d0f0ac9-4921-4ad7-b106-f3daa92e0ee9	8	7919608	8528287	309	-0.0556
6d0f0ac9-4921-4ad7-b106-f3daa92e0ee9	8	8528640	8528932	4	-2.1758
6d0f0ac9-4921-4ad7-b106-f3daa92e0ee9	8	8530797	12092042	2922	-0.1088
6d0f0ac9-4921-4ad7-b106-f3daa92e0ee9	8	12130217	12143614	6	-1.4752
6d0f0ac9-4921-4ad7-b106-f3daa92e0ee9	8	12176798	13757223	1117	-0.0631
6d0f0ac9-4921-4ad7-b106-f3daa92e0ee9	8	13757254	13794197	43	-0.5209
6d0f0ac9-4921-4ad7-b106-f3daa92e0ee9	8	13794213	16339682	2352	-0.052
6d0f0ac9-4921-4ad7-b106-f3daa92e0ee9	8	16349445	16354969	12	-0.6306
6d0f0ac9-4921-4ad7-b106-f3daa92e0ee9	8	16355620	25116961	6924	-0.0794
6d0f0ac9-4921-4ad7-b106-f3daa92e0ee9	8	25117007	25122472	19	0.5425
6d0f0ac9-4921-4ad7-b106-f3daa92e0ee9	8	25126554	32821348	5433	-0.0847
6d0f0ac9-4921-4ad7-b106-f3daa92e0ee9	8	32825580	32830895	8	1.3603
6d0f0ac9-4921-4ad7-b106-f3daa92e0ee9	8	32834588	36520303	2039	-0.0838
6d0f0ac9-4921-4ad7-b106-f3daa92e0ee9	8	36520332	36520381	2	-1.634
6d0f0ac9-4921-4ad7-b106-f3daa92e0ee9	8	36522877	39372806	1535	-0.0877
6d0f0ac9-4921-4ad7-b106-f3daa92e0ee9	8	39373140	39527450	58	0.4617
6d0f0ac9-4921-4ad7-b106-f3daa92e0ee9	8	39527675	52798886	6296	-0.0918
6d0f0ac9-4921-4ad7-b106-f3daa92e0ee9	8	52799063	52800271	2	-1.7248
6d0f0ac9-4921-4ad7-b106-f3daa92e0ee9	8	52800315	67635292	9227	-0.0916
6d0f0ac9-4921-4ad7-b106-f3daa92e0ee9	8	67635325	67637971	28	-1.0231
6d0f0ac9-4921-4ad7-b106-f3daa92e0ee9	8	67644593	74396083	4530	-0.0938
6d0f0ac9-4921-4ad7-b106-f3daa92e0ee9	8	74406948	74416300	6	-1.2316
6d0f0ac9-4921-4ad7-b106-f3daa92e0ee9	8	74419850	87300273	7355	-0.0819
6d0f0ac9-4921-4ad7-b106-f3daa92e0ee9	8	87306221	101490295	8591	-0.4468
6d0f0ac9-4921-4ad7-b106-f3daa92e0ee9	8	101492283	101492313	2	-1.9815
6d0f0ac9-4921-4ad7-b106-f3daa92e0ee9	8	101492437	110986723	5788	-0.4462
6d0f0ac9-4921-4ad7-b106-f3daa92e0ee9	8	110987812	111279265	164	-0.1041
6d0f0ac9-4921-4ad7-b106-f3daa92e0ee9	8	111282050	111288052	11	0.7523
6d0f0ac9-4921-4ad7-b106-f3daa92e0ee9	8	111289023	114619207	1820	-0.0795
6d0f0ac9-4921-4ad7-b106-f3daa92e0ee9	8	114619814	114629502	36	-1.6024
6d0f0ac9-4921-4ad7-b106-f3daa92e0ee9	8	114638468	141200237	19407	-0.0907
6d0f0ac9-4921-4ad7-b106-f3daa92e0ee9	8	141200714	142409225	695	-0.1952
6d0f0ac9-4921-4ad7-b106-f3daa92e0ee9	8	142409456	143616987	438	-0.0921
6d0f0ac9-4921-4ad7-b106-f3daa92e0ee9	8	143622987	143623027	2	-1.6329
6d0f0ac9-4921-4ad7-b106-f3daa92e0ee9	8	143623105	145072769	510	-0.1257
6d0f0ac9-4921-4ad7-b106-f3daa92e0ee9	9	46587	589252	474	-0.0965
6d0f0ac9-4921-4ad7-b106-f3daa92e0ee9	9	591967	607937	45	-1.4824
6d0f0ac9-4921-4ad7-b106-f3daa92e0ee9	9	608659	40832327	30667	-0.0907
6d0f0ac9-4921-4ad7-b106-f3daa92e0ee9	9	40887290	41741113	86	-0.4245
6d0f0ac9-4921-4ad7-b106-f3daa92e0ee9	9	42014203	42574420	38	-1.6801
6d0f0ac9-4921-4ad7-b106-f3daa92e0ee9	9	42585140	61405110	55	-0.0932
6d0f0ac9-4921-4ad7-b106-f3daa92e0ee9	9	61520021	61647899	30	-1.6556
6d0f0ac9-4921-4ad7-b106-f3daa92e0ee9	9	61665362	64493528	95	-0.1987
6d0f0ac9-4921-4ad7-b106-f3daa92e0ee9	9	64495298	64510407	8	-1.493
6d0f0ac9-4921-4ad7-b106-f3daa92e0ee9	9	64520620	136532614	47374	-0.1052
6d0f0ac9-4921-4ad7-b106-f3daa92e0ee9	9	136536903	136537300	3	-2.334
6d0f0ac9-4921-4ad7-b106-f3daa92e0ee9	9	136539349	138200944	592	-0.1375
6d0f0ac9-4921-4ad7-b106-f3daa92e0ee9	10	45792	24086334	19195	0.1656
6d0f0ac9-4921-4ad7-b106-f3daa92e0ee9	10	24088745	24088989	8	0.8882
6d0f0ac9-4921-4ad7-b106-f3daa92e0ee9	10	24088991	38781690	9855	0.1559
6d0f0ac9-4921-4ad7-b106-f3daa92e0ee9	10	38783075	46617422	2656	-0.1343
6d0f0ac9-4921-4ad7-b106-f3daa92e0ee9	10	46618028	46657149	4	-1.0152
6d0f0ac9-4921-4ad7-b106-f3daa92e0ee9	10	46693480	46708198	4	1.2411
6d0f0ac9-4921-4ad7-b106-f3daa92e0ee9	10	46780843	46967412	9	-0.7601
6d0f0ac9-4921-4ad7-b106-f3daa92e0ee9	10	47002596	52614454	3501	-0.1116
6d0f0ac9-4921-4ad7-b106-f3daa92e0ee9	10	52619327	64016221	8154	0.1695
6d0f0ac9-4921-4ad7-b106-f3daa92e0ee9	10	64027047	79595316	10276	-0.1203
6d0f0ac9-4921-4ad7-b106-f3daa92e0ee9	10	79624118	79625643	4	-1.6794
6d0f0ac9-4921-4ad7-b106-f3daa92e0ee9	10	79625693	83237631	2483	-0.1062
6d0f0ac9-4921-4ad7-b106-f3daa92e0ee9	10	83238012	87118074	2699	0.1665
6d0f0ac9-4921-4ad7-b106-f3daa92e0ee9	10	87136681	87286741	29	-0.129
6d0f0ac9-4921-4ad7-b106-f3daa92e0ee9	10	87310039	87353136	12	0.8372
6d0f0ac9-4921-4ad7-b106-f3daa92e0ee9	10	87357543	104115568	10314	0.1496
6d0f0ac9-4921-4ad7-b106-f3daa92e0ee9	10	104115604	105296521	899	-0.1108
6d0f0ac9-4921-4ad7-b106-f3daa92e0ee9	10	105297280	105299412	3	-2.8994
6d0f0ac9-4921-4ad7-b106-f3daa92e0ee9	10	105302718	130328114	18439	-0.1131
6d0f0ac9-4921-4ad7-b106-f3daa92e0ee9	10	130330292	133654968	2106	-0.1624
6d0f0ac9-4921-4ad7-b106-f3daa92e0ee9	11	198510	5766175	3229	-0.0826
6d0f0ac9-4921-4ad7-b106-f3daa92e0ee9	11	5766850	5788108	33	-2.6987
6d0f0ac9-4921-4ad7-b106-f3daa92e0ee9	11	5788231	18919323	9404	-0.0866
6d0f0ac9-4921-4ad7-b106-f3daa92e0ee9	11	18927525	18940441	45	0.3666
6d0f0ac9-4921-4ad7-b106-f3daa92e0ee9	11	18940469	28716879	7389	-0.0757
6d0f0ac9-4921-4ad7-b106-f3daa92e0ee9	11	28717893	28738279	31	-0.9463
6d0f0ac9-4921-4ad7-b106-f3daa92e0ee9	11	28740427	33649172	3116	-0.0966
6d0f0ac9-4921-4ad7-b106-f3daa92e0ee9	11	33649731	33650095	2	-1.8048
6d0f0ac9-4921-4ad7-b106-f3daa92e0ee9	11	33651998	55586690	11218	-0.0796
6d0f0ac9-4921-4ad7-b106-f3daa92e0ee9	11	55587603	55685533	70	0.3613
6d0f0ac9-4921-4ad7-b106-f3daa92e0ee9	11	55686100	60202323	2750	-0.0847
6d0f0ac9-4921-4ad7-b106-f3daa92e0ee9	11	60202561	64537210	2270	0.4004
6d0f0ac9-4921-4ad7-b106-f3daa92e0ee9	11	64537243	68547470	1513	0.3465
6d0f0ac9-4921-4ad7-b106-f3daa92e0ee9	11	68548196	81787763	8041	0.4013
6d0f0ac9-4921-4ad7-b106-f3daa92e0ee9	11	81792426	81806116	11	-0.9647
6d0f0ac9-4921-4ad7-b106-f3daa92e0ee9	11	81811590	89741663	5268	0.3884
6d0f0ac9-4921-4ad7-b106-f3daa92e0ee9	11	89754781	89802498	7	-0.9129
6d0f0ac9-4921-4ad7-b106-f3daa92e0ee9	11	89810584	89962925	11	0.3385
6d0f0ac9-4921-4ad7-b106-f3daa92e0ee9	11	89966336	90085436	7	1.1055
6d0f0ac9-4921-4ad7-b106-f3daa92e0ee9	11	90098873	90830230	539	0.3886
6d0f0ac9-4921-4ad7-b106-f3daa92e0ee9	11	90830753	90837870	7	-0.7516
6d0f0ac9-4921-4ad7-b106-f3daa92e0ee9	11	90838996	124901635	24104	0.3996
6d0f0ac9-4921-4ad7-b106-f3daa92e0ee9	11	124906091	124907522	3	-1.4606
6d0f0ac9-4921-4ad7-b106-f3daa92e0ee9	11	124918772	125055777	76	0.3304
6d0f0ac9-4921-4ad7-b106-f3daa92e0ee9	11	125058155	132941308	6078	0.4066
6d0f0ac9-4921-4ad7-b106-f3daa92e0ee9	11	132942030	135074876	1613	0.3561
6d0f0ac9-4921-4ad7-b106-f3daa92e0ee9	12	51460	147054	46	-0.193
6d0f0ac9-4921-4ad7-b106-f3daa92e0ee9	12	147863	147894	2	-1.851
6d0f0ac9-4921-4ad7-b106-f3daa92e0ee9	12	148345	4203091	2757	-0.0937
6d0f0ac9-4921-4ad7-b106-f3daa92e0ee9	12	4203975	4531196	306	0.3881
6d0f0ac9-4921-4ad7-b106-f3daa92e0ee9	12	4535166	6575957	1668	-0.0852
6d0f0ac9-4921-4ad7-b106-f3daa92e0ee9	12	6576022	6675750	31	0.642
6d0f0ac9-4921-4ad7-b106-f3daa92e0ee9	12	6677726	8144088	699	0.8791
6d0f0ac9-4921-4ad7-b106-f3daa92e0ee9	12	8147236	8404097	81	0.4885
6d0f0ac9-4921-4ad7-b106-f3daa92e0ee9	12	8405892	8423870	15	1.8348
6d0f0ac9-4921-4ad7-b106-f3daa92e0ee9	12	8428232	9074462	358	0.588
6d0f0ac9-4921-4ad7-b106-f3daa92e0ee9	12	9078687	9477960	204	-0.0793
6d0f0ac9-4921-4ad7-b106-f3daa92e0ee9	12	9481274	9575696	24	0.6083
6d0f0ac9-4921-4ad7-b106-f3daa92e0ee9	12	9582373	9861705	219	-0.0968
6d0f0ac9-4921-4ad7-b106-f3daa92e0ee9	12	9866454	12145431	1658	-1.742
6d0f0ac9-4921-4ad7-b106-f3daa92e0ee9	12	12145938	16081047	2662	-0.089
6d0f0ac9-4921-4ad7-b106-f3daa92e0ee9	12	16084066	17944530	1186	-0.4144
6d0f0ac9-4921-4ad7-b106-f3daa92e0ee9	12	17947375	17951798	2	-2.0023
6d0f0ac9-4921-4ad7-b106-f3daa92e0ee9	12	17952181	18235212	178	-0.4226
6d0f0ac9-4921-4ad7-b106-f3daa92e0ee9	12	18235214	18235993	8	0.1545
6d0f0ac9-4921-4ad7-b106-f3daa92e0ee9	12	18247102	18495319	134	-0.3786
6d0f0ac9-4921-4ad7-b106-f3daa92e0ee9	12	18495836	18511552	16	0.0189
6d0f0ac9-4921-4ad7-b106-f3daa92e0ee9	12	18528168	18573991	45	-0.4899
6d0f0ac9-4921-4ad7-b106-f3daa92e0ee9	12	18574362	18579643	7	0.6149
6d0f0ac9-4921-4ad7-b106-f3daa92e0ee9	12	18584948	21226698	1735	-0.4279
6d0f0ac9-4921-4ad7-b106-f3daa92e0ee9	12	21227830	23063477	1277	-0.0786
6d0f0ac9-4921-4ad7-b106-f3daa92e0ee9	12	23063861	23235751	109	0.2362
6d0f0ac9-4921-4ad7-b106-f3daa92e0ee9	12	23236267	24184898	615	0.7555
6d0f0ac9-4921-4ad7-b106-f3daa92e0ee9	12	24191411	25205894	810	0.1807
6d0f0ac9-4921-4ad7-b106-f3daa92e0ee9	12	25208712	25210093	11	0.9295
6d0f0ac9-4921-4ad7-b106-f3daa92e0ee9	12	25213573	25522119	311	0.1762
6d0f0ac9-4921-4ad7-b106-f3daa92e0ee9	12	25522239	25712402	133	0.7301
6d0f0ac9-4921-4ad7-b106-f3daa92e0ee9	12	25712779	26957641	903	0.5852
6d0f0ac9-4921-4ad7-b106-f3daa92e0ee9	12	26962200	27864589	619	-0.0962
6d0f0ac9-4921-4ad7-b106-f3daa92e0ee9	12	27866608	29059867	877	0.1873
6d0f0ac9-4921-4ad7-b106-f3daa92e0ee9	12	29062931	29078530	14	-0.0627
6d0f0ac9-4921-4ad7-b106-f3daa92e0ee9	12	29078852	29652421	417	-0.4572
6d0f0ac9-4921-4ad7-b106-f3daa92e0ee9	12	29655749	29679257	31	0.434
6d0f0ac9-4921-4ad7-b106-f3daa92e0ee9	12	29687093	31221595	1221	-0.4338
6d0f0ac9-4921-4ad7-b106-f3daa92e0ee9	12	31223274	31249756	35	0.293
6d0f0ac9-4921-4ad7-b106-f3daa92e0ee9	12	31253875	31254189	4	-0.7538
6d0f0ac9-4921-4ad7-b106-f3daa92e0ee9	12	31256945	31345898	48	0.3629
6d0f0ac9-4921-4ad7-b106-f3daa92e0ee9	12	31346723	31395454	27	0.7256
6d0f0ac9-4921-4ad7-b106-f3daa92e0ee9	12	31396468	31437098	32	0.3836
6d0f0ac9-4921-4ad7-b106-f3daa92e0ee9	12	31439504	31605333	75	0.7244
6d0f0ac9-4921-4ad7-b106-f3daa92e0ee9	12	31611757	31962577	263	0.3788
6d0f0ac9-4921-4ad7-b106-f3daa92e0ee9	12	31963980	32296665	256	-0.464
6d0f0ac9-4921-4ad7-b106-f3daa92e0ee9	12	32296877	32482249	156	0.155
6d0f0ac9-4921-4ad7-b106-f3daa92e0ee9	12	32485228	32784048	200	0.1933
6d0f0ac9-4921-4ad7-b106-f3daa92e0ee9	12	32787776	33227031	307	0.7048
6d0f0ac9-4921-4ad7-b106-f3daa92e0ee9	12	33232895	33233822	2	-0.8311
6d0f0ac9-4921-4ad7-b106-f3daa92e0ee9	12	33235894	33242207	4	-3.557
6d0f0ac9-4921-4ad7-b106-f3daa92e0ee9	12	33242483	33672142	306	0.7825
6d0f0ac9-4921-4ad7-b106-f3daa92e0ee9	12	33676405	34054074	203	0.2299
6d0f0ac9-4921-4ad7-b106-f3daa92e0ee9	12	34055421	34063370	6	-0.766
6d0f0ac9-4921-4ad7-b106-f3daa92e0ee9	12	34064565	34608044	212	0.1081
6d0f0ac9-4921-4ad7-b106-f3daa92e0ee9	12	34608333	34701563	12	-0.4825
6d0f0ac9-4921-4ad7-b106-f3daa92e0ee9	12	37463949	38653403	457	0.1776
6d0f0ac9-4921-4ad7-b106-f3daa92e0ee9	12	38656037	38732884	56	0.6609
6d0f0ac9-4921-4ad7-b106-f3daa92e0ee9	12	38733047	38977813	112	0.1758
6d0f0ac9-4921-4ad7-b106-f3daa92e0ee9	12	38978125	39295482	194	0.6041
6d0f0ac9-4921-4ad7-b106-f3daa92e0ee9	12	39299124	40926689	1048	0.1918
6d0f0ac9-4921-4ad7-b106-f3daa92e0ee9	12	40926933	40945865	19	0.8672
6d0f0ac9-4921-4ad7-b106-f3daa92e0ee9	12	40952960	40953411	3	-0.5291
6d0f0ac9-4921-4ad7-b106-f3daa92e0ee9	12	40953599	41417597	327	0.8977
6d0f0ac9-4921-4ad7-b106-f3daa92e0ee9	12	41417980	45510655	2584	0.1891
6d0f0ac9-4921-4ad7-b106-f3daa92e0ee9	12	45512057	45515754	3	1.3489
6d0f0ac9-4921-4ad7-b106-f3daa92e0ee9	12	45519509	46633582	627	0.192
6d0f0ac9-4921-4ad7-b106-f3daa92e0ee9	12	46643378	47314053	432	0.7552
6d0f0ac9-4921-4ad7-b106-f3daa92e0ee9	12	47314704	47618607	210	0.1678
6d0f0ac9-4921-4ad7-b106-f3daa92e0ee9	12	47619010	48204922	374	0.8805
6d0f0ac9-4921-4ad7-b106-f3daa92e0ee9	12	48205155	48478712	155	0.2297
6d0f0ac9-4921-4ad7-b106-f3daa92e0ee9	12	48480947	48661028	104	0.624
6d0f0ac9-4921-4ad7-b106-f3daa92e0ee9	12	48671767	52348798	1872	0.1776
6d0f0ac9-4921-4ad7-b106-f3daa92e0ee9	12	52349003	89955225	23377	0.4134
6d0f0ac9-4921-4ad7-b106-f3daa92e0ee9	12	89955924	90097892	86	0.1582
6d0f0ac9-4921-4ad7-b106-f3daa92e0ee9	12	90097910	90098203	3	0.7768
6d0f0ac9-4921-4ad7-b106-f3daa92e0ee9	12	90098217	90133970	35	0.1509
6d0f0ac9-4921-4ad7-b106-f3daa92e0ee9	12	90133971	133201603	29158	0.4042
6d0f0ac9-4921-4ad7-b106-f3daa92e0ee9	13	18452809	37496998	13480	0.1239
6d0f0ac9-4921-4ad7-b106-f3daa92e0ee9	13	37497899	37510620	16	-2.1891
6d0f0ac9-4921-4ad7-b106-f3daa92e0ee9	13	37514193	57176962	12526	0.13
6d0f0ac9-4921-4ad7-b106-f3daa92e0ee9	13	57184136	57215580	35	-0.3818
6d0f0ac9-4921-4ad7-b106-f3daa92e0ee9	13	57215875	71903417	8993	0.1422
6d0f0ac9-4921-4ad7-b106-f3daa92e0ee9	13	71905409	71906418	3	1.2691
6d0f0ac9-4921-4ad7-b106-f3daa92e0ee9	13	71906467	112661271	28331	0.1403
6d0f0ac9-4921-4ad7-b106-f3daa92e0ee9	13	112661617	113029824	202	0.0228
6d0f0ac9-4921-4ad7-b106-f3daa92e0ee9	13	113029867	114342922	559	0.1383
6d0f0ac9-4921-4ad7-b106-f3daa92e0ee9	14	18239283	18640726	15	0.3517
6d0f0ac9-4921-4ad7-b106-f3daa92e0ee9	14	18646056	19955213	152	-0.2479
6d0f0ac9-4921-4ad7-b106-f3daa92e0ee9	14	19956767	20707115	570	0.1797
6d0f0ac9-4921-4ad7-b106-f3daa92e0ee9	14	20707930	20707933	2	-0.8937
6d0f0ac9-4921-4ad7-b106-f3daa92e0ee9	14	20710239	21919236	763	0.2284
6d0f0ac9-4921-4ad7-b106-f3daa92e0ee9	14	21919594	21929841	32	-0.0888
6d0f0ac9-4921-4ad7-b106-f3daa92e0ee9	14	21934317	22032231	77	0.2549
6d0f0ac9-4921-4ad7-b106-f3daa92e0ee9	14	22037078	22263097	212	0.3286
6d0f0ac9-4921-4ad7-b106-f3daa92e0ee9	14	22263418	22266975	8	0.6681
6d0f0ac9-4921-4ad7-b106-f3daa92e0ee9	14	22267035	22380791	71	0.3344
6d0f0ac9-4921-4ad7-b106-f3daa92e0ee9	14	22381358	23673632	780	0.6043
6d0f0ac9-4921-4ad7-b106-f3daa92e0ee9	14	23673707	23955933	191	0.4224
6d0f0ac9-4921-4ad7-b106-f3daa92e0ee9	14	23957397	24031436	53	0.0629
6d0f0ac9-4921-4ad7-b106-f3daa92e0ee9	14	24031630	24478487	229	0.4355
6d0f0ac9-4921-4ad7-b106-f3daa92e0ee9	14	24478558	25668911	891	0.5937
6d0f0ac9-4921-4ad7-b106-f3daa92e0ee9	14	25669140	25674571	3	1.2894
6d0f0ac9-4921-4ad7-b106-f3daa92e0ee9	14	25676201	26152756	306	0.5965
6d0f0ac9-4921-4ad7-b106-f3daa92e0ee9	14	26152931	26310436	151	1.2826
6d0f0ac9-4921-4ad7-b106-f3daa92e0ee9	14	26314697	26314712	7	0.3959
6d0f0ac9-4921-4ad7-b106-f3daa92e0ee9	14	26315707	26638651	180	1.1677
6d0f0ac9-4921-4ad7-b106-f3daa92e0ee9	14	26639378	27152235	331	0.5927
6d0f0ac9-4921-4ad7-b106-f3daa92e0ee9	14	27154676	30031147	1617	0.7698
6d0f0ac9-4921-4ad7-b106-f3daa92e0ee9	14	30031850	30032433	2	-0.5935
6d0f0ac9-4921-4ad7-b106-f3daa92e0ee9	14	30032721	31500294	768	0.7546
6d0f0ac9-4921-4ad7-b106-f3daa92e0ee9	14	31503083	32036496	327	0.4292
6d0f0ac9-4921-4ad7-b106-f3daa92e0ee9	14	32039810	34521938	1986	1.3568
6d0f0ac9-4921-4ad7-b106-f3daa92e0ee9	14	34521995	34527508	7	0.5443
6d0f0ac9-4921-4ad7-b106-f3daa92e0ee9	14	34548002	34642767	55	1.3578
6d0f0ac9-4921-4ad7-b106-f3daa92e0ee9	14	34646882	34646917	2	-0.7334
6d0f0ac9-4921-4ad7-b106-f3daa92e0ee9	14	34653937	35803265	546	1.3526
6d0f0ac9-4921-4ad7-b106-f3daa92e0ee9	14	35804794	36102348	216	0.9879
6d0f0ac9-4921-4ad7-b106-f3daa92e0ee9	14	36103121	36141014	31	1.845
6d0f0ac9-4921-4ad7-b106-f3daa92e0ee9	14	36142915	36153858	3	0.6357
6d0f0ac9-4921-4ad7-b106-f3daa92e0ee9	14	36154676	36175124	13	1.7806
6d0f0ac9-4921-4ad7-b106-f3daa92e0ee9	14	36175595	36434149	181	1.9133
6d0f0ac9-4921-4ad7-b106-f3daa92e0ee9	14	36437623	36481355	26	2.3706
6d0f0ac9-4921-4ad7-b106-f3daa92e0ee9	14	36482087	38157130	1078	1.9436
6d0f0ac9-4921-4ad7-b106-f3daa92e0ee9	14	38157833	38462150	223	1.5763
6d0f0ac9-4921-4ad7-b106-f3daa92e0ee9	14	38462163	38462354	5	0.4606
6d0f0ac9-4921-4ad7-b106-f3daa92e0ee9	14	38462461	38956535	296	1.5622
6d0f0ac9-4921-4ad7-b106-f3daa92e0ee9	14	38958777	40741811	1038	1.7772
6d0f0ac9-4921-4ad7-b106-f3daa92e0ee9	14	40747403	106877229	41875	-0.435
6d0f0ac9-4921-4ad7-b106-f3daa92e0ee9	15	19811075	20376311	95	-0.0521
6d0f0ac9-4921-4ad7-b106-f3daa92e0ee9	15	20380735	20384774	11	0.4903
6d0f0ac9-4921-4ad7-b106-f3daa92e0ee9	15	20384789	20525226	27	0.0195
6d0f0ac9-4921-4ad7-b106-f3daa92e0ee9	15	20538669	20642631	5	-0.9627
6d0f0ac9-4921-4ad7-b106-f3daa92e0ee9	15	20644306	20670989	13	0.1442
6d0f0ac9-4921-4ad7-b106-f3daa92e0ee9	15	20981071	20986779	3	-1.8251
6d0f0ac9-4921-4ad7-b106-f3daa92e0ee9	15	20986997	22005276	26	0.0399
6d0f0ac9-4921-4ad7-b106-f3daa92e0ee9	15	22227530	22907543	181	-0.3896
6d0f0ac9-4921-4ad7-b106-f3daa92e0ee9	15	22909893	23051896	101	-0.1982
6d0f0ac9-4921-4ad7-b106-f3daa92e0ee9	15	23052066	24269707	674	-0.4315
6d0f0ac9-4921-4ad7-b106-f3daa92e0ee9	15	24269982	24271197	2	-3.1269
6d0f0ac9-4921-4ad7-b106-f3daa92e0ee9	15	24271726	24402847	53	-0.4094
6d0f0ac9-4921-4ad7-b106-f3daa92e0ee9	15	24405917	24461771	28	-0.9488
6d0f0ac9-4921-4ad7-b106-f3daa92e0ee9	15	24462170	27803589	2458	-0.4504
6d0f0ac9-4921-4ad7-b106-f3daa92e0ee9	15	27806348	30156392	1145	-0.1184
6d0f0ac9-4921-4ad7-b106-f3daa92e0ee9	15	30157841	30304026	20	-1.1598
6d0f0ac9-4921-4ad7-b106-f3daa92e0ee9	15	30307497	31638014	676	-0.1194
6d0f0ac9-4921-4ad7-b106-f3daa92e0ee9	15	31643465	31886492	158	-0.5268
6d0f0ac9-4921-4ad7-b106-f3daa92e0ee9	15	31887465	32101739	170	-0.3407
6d0f0ac9-4921-4ad7-b106-f3daa92e0ee9	15	32101752	32239115	66	-0.5871
6d0f0ac9-4921-4ad7-b106-f3daa92e0ee9	15	32240890	33572622	863	-0.0981
6d0f0ac9-4921-4ad7-b106-f3daa92e0ee9	15	33573033	48259257	9053	-0.4319
6d0f0ac9-4921-4ad7-b106-f3daa92e0ee9	15	48260086	50052112	1085	-0.09
6d0f0ac9-4921-4ad7-b106-f3daa92e0ee9	15	50056014	51764807	976	0.1799
6d0f0ac9-4921-4ad7-b106-f3daa92e0ee9	15	51770480	58313447	4511	-0.0732
6d0f0ac9-4921-4ad7-b106-f3daa92e0ee9	15	58313682	59668049	944	0.1613
6d0f0ac9-4921-4ad7-b106-f3daa92e0ee9	15	59668062	63235415	2880	-0.1001
6d0f0ac9-4921-4ad7-b106-f3daa92e0ee9	15	63236130	69774763	3888	0.1866
6d0f0ac9-4921-4ad7-b106-f3daa92e0ee9	15	69779665	76042215	3468	0.4101
6d0f0ac9-4921-4ad7-b106-f3daa92e0ee9	15	76048529	76052548	3	-0.6967
6d0f0ac9-4921-4ad7-b106-f3daa92e0ee9	15	76056133	76598900	313	0.4081
6d0f0ac9-4921-4ad7-b106-f3daa92e0ee9	15	76599170	76603434	21	0.9886
6d0f0ac9-4921-4ad7-b106-f3daa92e0ee9	15	76609838	101900719	17609	0.4087
6d0f0ac9-4921-4ad7-b106-f3daa92e0ee9	15	101905038	101928837	3	-0.2379
6d0f0ac9-4921-4ad7-b106-f3daa92e0ee9	16	10777	32613018	19989	0.3378
6d0f0ac9-4921-4ad7-b106-f3daa92e0ee9	16	32629651	47321772	833	0.0829
6d0f0ac9-4921-4ad7-b106-f3daa92e0ee9	16	47322243	47378605	24	-0.3162
6d0f0ac9-4921-4ad7-b106-f3daa92e0ee9	16	47380989	55762682	6094	0.1197
6d0f0ac9-4921-4ad7-b106-f3daa92e0ee9	16	55764310	55782793	15	0.934
6d0f0ac9-4921-4ad7-b106-f3daa92e0ee9	16	55788057	60514913	2939	0.1271
6d0f0ac9-4921-4ad7-b106-f3daa92e0ee9	16	60519407	60537315	10	-0.6574
6d0f0ac9-4921-4ad7-b106-f3daa92e0ee9	16	60540490	78339920	11341	0.1192
6d0f0ac9-4921-4ad7-b106-f3daa92e0ee9	16	78342480	78351540	13	-0.3399
6d0f0ac9-4921-4ad7-b106-f3daa92e0ee9	16	78351585	82196787	4196	0.1142
6d0f0ac9-4921-4ad7-b106-f3daa92e0ee9	16	82197210	82284883	80	0.6026
6d0f0ac9-4921-4ad7-b106-f3daa92e0ee9	16	82289608	82751338	544	0.3505
6d0f0ac9-4921-4ad7-b106-f3daa92e0ee9	16	82751514	82752297	2	-1.419
6d0f0ac9-4921-4ad7-b106-f3daa92e0ee9	16	82752683	88065676	4952	0.3525
6d0f0ac9-4921-4ad7-b106-f3daa92e0ee9	16	88066715	88459366	164	0.2815
6d0f0ac9-4921-4ad7-b106-f3daa92e0ee9	16	88459423	88459876	2	-1.185
6d0f0ac9-4921-4ad7-b106-f3daa92e0ee9	16	88469691	90096867	678	0.2705
6d0f0ac9-4921-4ad7-b106-f3daa92e0ee9	17	150733	252418	57	-0.7817
6d0f0ac9-4921-4ad7-b106-f3daa92e0ee9	17	261035	907851	356	-0.486
6d0f0ac9-4921-4ad7-b106-f3daa92e0ee9	17	907902	920583	3	-1.9865
6d0f0ac9-4921-4ad7-b106-f3daa92e0ee9	17	924783	6055381	2821	-0.4361
6d0f0ac9-4921-4ad7-b106-f3daa92e0ee9	17	6057529	6059063	5	-2.3917
6d0f0ac9-4921-4ad7-b106-f3daa92e0ee9	17	6060639	17712214	7740	-0.455
6d0f0ac9-4921-4ad7-b106-f3daa92e0ee9	17	17713773	18414080	380	-0.0848
6d0f0ac9-4921-4ad7-b106-f3daa92e0ee9	17	18452078	18550123	25	-0.3923
6d0f0ac9-4921-4ad7-b106-f3daa92e0ee9	17	18561272	18774461	50	-0.0773
6d0f0ac9-4921-4ad7-b106-f3daa92e0ee9	17	18783417	20570785	759	-0.4315
6d0f0ac9-4921-4ad7-b106-f3daa92e0ee9	17	20576842	22736323	661	-0.8909
6d0f0ac9-4921-4ad7-b106-f3daa92e0ee9	17	26943491	36119525	5358	-0.1022
6d0f0ac9-4921-4ad7-b106-f3daa92e0ee9	17	36119737	36120012	2	-2.4365
6d0f0ac9-4921-4ad7-b106-f3daa92e0ee9	17	36121793	36138013	19	-0.5118
6d0f0ac9-4921-4ad7-b106-f3daa92e0ee9	17	36143611	42585738	3299	-0.0937
6d0f0ac9-4921-4ad7-b106-f3daa92e0ee9	17	42600118	43036325	196	0.1605
6d0f0ac9-4921-4ad7-b106-f3daa92e0ee9	17	43045257	43354897	163	-0.086
6d0f0ac9-4921-4ad7-b106-f3daa92e0ee9	17	43361222	43362553	3	-1.8647
6d0f0ac9-4921-4ad7-b106-f3daa92e0ee9	17	43366336	46080231	1385	-0.1073
6d0f0ac9-4921-4ad7-b106-f3daa92e0ee9	17	46084501	46351954	129	-0.3689
6d0f0ac9-4921-4ad7-b106-f3daa92e0ee9	17	46446345	46571001	4	1.812
6d0f0ac9-4921-4ad7-b106-f3daa92e0ee9	17	46664059	53640545	4065	-0.0873
6d0f0ac9-4921-4ad7-b106-f3daa92e0ee9	17	53649631	53649820	2	-1.6173
6d0f0ac9-4921-4ad7-b106-f3daa92e0ee9	17	53651183	56627677	2168	-0.096
6d0f0ac9-4921-4ad7-b106-f3daa92e0ee9	17	56627875	56628465	2	-2.1331
6d0f0ac9-4921-4ad7-b106-f3daa92e0ee9	17	56628959	57610128	759	-0.093
6d0f0ac9-4921-4ad7-b106-f3daa92e0ee9	17	57610972	57611632	2	1.1453
6d0f0ac9-4921-4ad7-b106-f3daa92e0ee9	17	57614632	60273283	1340	-0.1018
6d0f0ac9-4921-4ad7-b106-f3daa92e0ee9	17	60280629	61567204	689	0.1776
6d0f0ac9-4921-4ad7-b106-f3daa92e0ee9	17	61567380	66654077	2637	-0.1001
6d0f0ac9-4921-4ad7-b106-f3daa92e0ee9	17	66654194	67426338	542	0.211
6d0f0ac9-4921-4ad7-b106-f3daa92e0ee9	17	67426884	69889125	1465	-0.0967
6d0f0ac9-4921-4ad7-b106-f3daa92e0ee9	17	69889342	69895785	3	-2.1432
6d0f0ac9-4921-4ad7-b106-f3daa92e0ee9	17	69895877	72901640	2461	-0.0924
6d0f0ac9-4921-4ad7-b106-f3daa92e0ee9	17	72902468	72904469	3	-1.2535
6d0f0ac9-4921-4ad7-b106-f3daa92e0ee9	17	72908555	73747641	593	-0.0962
6d0f0ac9-4921-4ad7-b106-f3daa92e0ee9	17	73749837	73751455	16	-3.1452
6d0f0ac9-4921-4ad7-b106-f3daa92e0ee9	17	73751471	83091923	4806	-0.1101
6d0f0ac9-4921-4ad7-b106-f3daa92e0ee9	18	48133	375841	204	-0.4584
6d0f0ac9-4921-4ad7-b106-f3daa92e0ee9	18	379732	379749	2	-2.4723
6d0f0ac9-4921-4ad7-b106-f3daa92e0ee9	18	379855	24218998	11894	-0.4513
6d0f0ac9-4921-4ad7-b106-f3daa92e0ee9	18	24219916	24626578	313	-0.9665
6d0f0ac9-4921-4ad7-b106-f3daa92e0ee9	18	24627625	25085536	377	-0.4521
6d0f0ac9-4921-4ad7-b106-f3daa92e0ee9	18	25087803	26490081	813	-0.9262
6d0f0ac9-4921-4ad7-b106-f3daa92e0ee9	18	26491750	27919051	1008	-0.4302
6d0f0ac9-4921-4ad7-b106-f3daa92e0ee9	18	27922919	27923656	2	-2.131
6d0f0ac9-4921-4ad7-b106-f3daa92e0ee9	18	27923880	42469085	9348	-0.4241
6d0f0ac9-4921-4ad7-b106-f3daa92e0ee9	18	42470206	42482352	32	-1.3299
6d0f0ac9-4921-4ad7-b106-f3daa92e0ee9	18	42485248	44109181	964	-0.426
6d0f0ac9-4921-4ad7-b106-f3daa92e0ee9	18	44109707	44244777	87	-0.045
6d0f0ac9-4921-4ad7-b106-f3daa92e0ee9	18	44254227	45222416	654	-0.4539
6d0f0ac9-4921-4ad7-b106-f3daa92e0ee9	18	45222435	45223744	2	-2.7886
6d0f0ac9-4921-4ad7-b106-f3daa92e0ee9	18	45223864	47039872	1160	-0.4628
6d0f0ac9-4921-4ad7-b106-f3daa92e0ee9	18	47042851	48549725	1144	-0.9544
6d0f0ac9-4921-4ad7-b106-f3daa92e0ee9	18	48550407	50048458	1016	-0.4526
6d0f0ac9-4921-4ad7-b106-f3daa92e0ee9	18	50051086	50198955	119	-0.9663
6d0f0ac9-4921-4ad7-b106-f3daa92e0ee9	18	50204982	65537283	10700	-0.4387
6d0f0ac9-4921-4ad7-b106-f3daa92e0ee9	18	65537298	65537481	5	-2.1661
6d0f0ac9-4921-4ad7-b106-f3daa92e0ee9	18	65540037	72076303	4715	-0.4304
6d0f0ac9-4921-4ad7-b106-f3daa92e0ee9	18	72080827	72552603	352	-0.9038
6d0f0ac9-4921-4ad7-b106-f3daa92e0ee9	18	72553089	73877512	1119	-0.4165
6d0f0ac9-4921-4ad7-b106-f3daa92e0ee9	18	73877993	73882408	5	-2.2996
6d0f0ac9-4921-4ad7-b106-f3daa92e0ee9	18	73886373	80257174	4577	-0.4699
6d0f0ac9-4921-4ad7-b106-f3daa92e0ee9	19	90910	24202269	11084	-0.422
6d0f0ac9-4921-4ad7-b106-f3daa92e0ee9	19	24202567	34046602	4736	-0.0888
6d0f0ac9-4921-4ad7-b106-f3daa92e0ee9	19	34050221	34397147	213	-0.4163
6d0f0ac9-4921-4ad7-b106-f3daa92e0ee9	19	34398644	44401739	5303	-0.0822
6d0f0ac9-4921-4ad7-b106-f3daa92e0ee9	19	44402359	44402382	2	-1.7554
6d0f0ac9-4921-4ad7-b106-f3daa92e0ee9	19	44402845	51628560	3396	-0.0691
6d0f0ac9-4921-4ad7-b106-f3daa92e0ee9	19	51639099	51644944	11	-1.0066
6d0f0ac9-4921-4ad7-b106-f3daa92e0ee9	19	51651652	58586487	4335	-0.0866
6d0f0ac9-4921-4ad7-b106-f3daa92e0ee9	20	80664	1571811	1183	-0.0926
6d0f0ac9-4921-4ad7-b106-f3daa92e0ee9	20	1576544	1579897	15	-0.7265
6d0f0ac9-4921-4ad7-b106-f3daa92e0ee9	20	1579916	1580353	6	-0.2367
6d0f0ac9-4921-4ad7-b106-f3daa92e0ee9	20	1580934	1613247	41	1.039
6d0f0ac9-4921-4ad7-b106-f3daa92e0ee9	20	1617300	38339044	22444	-0.0876
6d0f0ac9-4921-4ad7-b106-f3daa92e0ee9	20	38341570	39403844	685	0.4049
6d0f0ac9-4921-4ad7-b106-f3daa92e0ee9	20	39405820	39413403	4	-0.4228
6d0f0ac9-4921-4ad7-b106-f3daa92e0ee9	20	39417485	42980252	2766	0.393
6d0f0ac9-4921-4ad7-b106-f3daa92e0ee9	20	42980548	44857835	1246	0.8596
6d0f0ac9-4921-4ad7-b106-f3daa92e0ee9	20	44860130	47653145	1931	0.4062
6d0f0ac9-4921-4ad7-b106-f3daa92e0ee9	20	47653975	52952556	3715	0.8726
6d0f0ac9-4921-4ad7-b106-f3daa92e0ee9	20	52953934	54671964	1411	0.4039
6d0f0ac9-4921-4ad7-b106-f3daa92e0ee9	20	54672085	55338120	557	0.8752
6d0f0ac9-4921-4ad7-b106-f3daa92e0ee9	20	55338746	62582087	5655	0.404
6d0f0ac9-4921-4ad7-b106-f3daa92e0ee9	20	62582181	62584855	2	-0.9825
6d0f0ac9-4921-4ad7-b106-f3daa92e0ee9	20	62585938	63893316	514	0.3754
6d0f0ac9-4921-4ad7-b106-f3daa92e0ee9	20	63896898	64108826	81	0.8138
6d0f0ac9-4921-4ad7-b106-f3daa92e0ee9	20	64111068	64324800	115	0.3952
6d0f0ac9-4921-4ad7-b106-f3daa92e0ee9	21	10354168	13084095	100	-0.1732
6d0f0ac9-4921-4ad7-b106-f3daa92e0ee9	21	13092058	30990103	12718	-0.425
6d0f0ac9-4921-4ad7-b106-f3daa92e0ee9	21	30990586	43272484	9260	-0.4592
6d0f0ac9-4921-4ad7-b106-f3daa92e0ee9	21	43273430	43278060	4	-1.8066
6d0f0ac9-4921-4ad7-b106-f3daa92e0ee9	21	43284963	46677045	1733	-0.477
6d0f0ac9-4921-4ad7-b106-f3daa92e0ee9	22	15294547	25268834	5198	-0.486
6d0f0ac9-4921-4ad7-b106-f3daa92e0ee9	22	25268865	25608085	345	-0.0728
6d0f0ac9-4921-4ad7-b106-f3daa92e0ee9	22	25608282	29768541	3314	-0.4819
6d0f0ac9-4921-4ad7-b106-f3daa92e0ee9	22	29768974	32145136	1336	-0.0839
6d0f0ac9-4921-4ad7-b106-f3daa92e0ee9	22	32156850	32158998	2	-2.3405
6d0f0ac9-4921-4ad7-b106-f3daa92e0ee9	22	32162560	33658041	1299	-0.103
6d0f0ac9-4921-4ad7-b106-f3daa92e0ee9	22	33658567	35594967	1746	-0.4652
6d0f0ac9-4921-4ad7-b106-f3daa92e0ee9	22	35597968	35600568	4	-1.564
6d0f0ac9-4921-4ad7-b106-f3daa92e0ee9	22	35600643	36048140	237	-0.4652
6d0f0ac9-4921-4ad7-b106-f3daa92e0ee9	22	36048271	36049485	3	-1.8943
6d0f0ac9-4921-4ad7-b106-f3daa92e0ee9	22	36049544	36166976	85	-0.4964
6d0f0ac9-4921-4ad7-b106-f3daa92e0ee9	22	36168981	40740215	2506	-0.0915
6d0f0ac9-4921-4ad7-b106-f3daa92e0ee9	22	40748383	41072894	154	0.1609
6d0f0ac9-4921-4ad7-b106-f3daa92e0ee9	22	41075119	42613811	941	-0.0845
6d0f0ac9-4921-4ad7-b106-f3daa92e0ee9	22	42615668	43162481	338	-0.4764
6d0f0ac9-4921-4ad7-b106-f3daa92e0ee9	22	43162920	43164676	2	-2.6623
6d0f0ac9-4921-4ad7-b106-f3daa92e0ee9	22	43164826	48760426	4395	-0.4806
6d0f0ac9-4921-4ad7-b106-f3daa92e0ee9	22	48761226	48761306	2	-3.074
6d0f0ac9-4921-4ad7-b106-f3daa92e0ee9	22	48761781	48958751	133	-0.5106
6d0f0ac9-4921-4ad7-b106-f3daa92e0ee9	22	48959224	49521447	565	-0.1759
6d0f0ac9-4921-4ad7-b106-f3daa92e0ee9	22	49522166	50796027	602	-0.5345
6d0f0ac9-4921-4ad7-b106-f3daa92e0ee9	X	251810	26806327	16283	-0.0523
6d0f0ac9-4921-4ad7-b106-f3daa92e0ee9	X	26808853	32625471	3917	0.1725
6d0f0ac9-4921-4ad7-b106-f3daa92e0ee9	X	32626599	32627233	2	-1.6308
6d0f0ac9-4921-4ad7-b106-f3daa92e0ee9	X	32633248	32965828	267	0.1786
6d0f0ac9-4921-4ad7-b106-f3daa92e0ee9	X	32969337	32970141	3	-2.3475
6d0f0ac9-4921-4ad7-b106-f3daa92e0ee9	X	32971922	76309984	18888	0.1627
6d0f0ac9-4921-4ad7-b106-f3daa92e0ee9	X	76311561	79776914	1499	0.4935
6d0f0ac9-4921-4ad7-b106-f3daa92e0ee9	X	79780708	79783385	2	-1.9188
6d0f0ac9-4921-4ad7-b106-f3daa92e0ee9	X	79783390	102347430	12145	0.5204
6d0f0ac9-4921-4ad7-b106-f3daa92e0ee9	X	102489788	155952689	30637	-0.3167
6d0f0ac9-4921-4ad7-b106-f3daa92e0ee9	Y	2782397	3047718	134	-2.9996
6d0f0ac9-4921-4ad7-b106-f3daa92e0ee9	Y	3060867	6167430	614	-2.3547
6d0f0ac9-4921-4ad7-b106-f3daa92e0ee9	Y	6171310	6171622	2	-7.5064
6d0f0ac9-4921-4ad7-b106-f3daa92e0ee9	Y	6180233	6249869	34	-2.2788
6d0f0ac9-4921-4ad7-b106-f3daa92e0ee9	Y	6252391	7715222	527	-2.9974
6d0f0ac9-4921-4ad7-b106-f3daa92e0ee9	Y	7716670	9556657	945	-3.2706
6d0f0ac9-4921-4ad7-b106-f3daa92e0ee9	Y	9557010	13478396	1008	-2.9523
6d0f0ac9-4921-4ad7-b106-f3daa92e0ee9	Y	13478462	13482643	3	-7.6029
6d0f0ac9-4921-4ad7-b106-f3daa92e0ee9	Y	13483009	56872112	3372	-3.0653
