GDC_Aliquot	Chromosome	Start	End	Num_Probes	Segment_Mean
1a56516e-94bd-4418-b794-f356e7993bf6	1	62920	98602	13	1.0174
1a56516e-94bd-4418-b794-f356e7993bf6	1	259407	1575421	196	0.0538
1a56516e-94bd-4418-b794-f356e7993bf6	1	1696479	1741164	16	-0.7037
1a56516e-94bd-4418-b794-f356e7993bf6	1	1756148	2138242	139	0.0575
1a56516e-94bd-4418-b794-f356e7993bf6	1	2140299	2143629	3	-1.3887
1a56516e-94bd-4418-b794-f356e7993bf6	1	2145970	16471261	8253	-0.0095
1a56516e-94bd-4418-b794-f356e7993bf6	1	16477281	17003142	153	0.2457
1a56516e-94bd-4418-b794-f356e7993bf6	1	17003654	25256800	5235	0.0084
1a56516e-94bd-4418-b794-f356e7993bf6	1	25256850	25319693	22	0.8023
1a56516e-94bd-4418-b794-f356e7993bf6	1	25320198	109679105	52338	0.0077
1a56516e-94bd-4418-b794-f356e7993bf6	1	109684695	109684893	2	0.8543
1a56516e-94bd-4418-b794-f356e7993bf6	1	109690352	109697556	13	-1.2243
1a56516e-94bd-4418-b794-f356e7993bf6	1	109702376	112147704	1949	0.0364
1a56516e-94bd-4418-b794-f356e7993bf6	1	112153343	112154768	25	-1.6408
1a56516e-94bd-4418-b794-f356e7993bf6	1	112163334	121581632	5148	0.0208
1a56516e-94bd-4418-b794-f356e7993bf6	1	121593055	145642976	151	0.31
1a56516e-94bd-4418-b794-f356e7993bf6	1	145642990	147196749	284	0.0281
1a56516e-94bd-4418-b794-f356e7993bf6	1	147200722	152583051	2009	-0.0794
1a56516e-94bd-4418-b794-f356e7993bf6	1	152583230	152613762	31	-1.4543
1a56516e-94bd-4418-b794-f356e7993bf6	1	152613802	158896783	3818	-0.0826
1a56516e-94bd-4418-b794-f356e7993bf6	1	158898711	158899969	2	-1.7098
1a56516e-94bd-4418-b794-f356e7993bf6	1	158905028	174827267	11181	-0.0882
1a56516e-94bd-4418-b794-f356e7993bf6	1	174827418	174828367	10	-0.9385
1a56516e-94bd-4418-b794-f356e7993bf6	1	174828439	222190782	32056	-0.0812
1a56516e-94bd-4418-b794-f356e7993bf6	1	222192302	222193326	3	-1.4375
1a56516e-94bd-4418-b794-f356e7993bf6	1	222201492	242960635	14634	-0.0819
1a56516e-94bd-4418-b794-f356e7993bf6	1	242966050	243164636	46	0.3
1a56516e-94bd-4418-b794-f356e7993bf6	1	243173458	248574146	3533	-0.0806
1a56516e-94bd-4418-b794-f356e7993bf6	1	248585893	248645808	34	-0.7327
1a56516e-94bd-4418-b794-f356e7993bf6	1	248646068	248883044	113	-0.0504
1a56516e-94bd-4418-b794-f356e7993bf6	1	248886117	248930189	25	0.1636
1a56516e-94bd-4418-b794-f356e7993bf6	2	12784	7471552	5890	0.0144
1a56516e-94bd-4418-b794-f356e7993bf6	2	7471565	7474132	8	-1.1979
1a56516e-94bd-4418-b794-f356e7993bf6	2	7474576	7963956	363	0.0017
1a56516e-94bd-4418-b794-f356e7993bf6	2	7964009	7964192	2	-1.5291
1a56516e-94bd-4418-b794-f356e7993bf6	2	7964463	9847771	1320	-0.0019
1a56516e-94bd-4418-b794-f356e7993bf6	2	9849313	9850884	3	-1.2485
1a56516e-94bd-4418-b794-f356e7993bf6	2	9851398	14165757	3085	0.0001
1a56516e-94bd-4418-b794-f356e7993bf6	2	14168607	14170278	5	-0.9171
1a56516e-94bd-4418-b794-f356e7993bf6	2	14173035	34427512	13370	0.0125
1a56516e-94bd-4418-b794-f356e7993bf6	2	34427804	35859875	1021	-0.0634
1a56516e-94bd-4418-b794-f356e7993bf6	2	35859993	37745778	1469	0.0058
1a56516e-94bd-4418-b794-f356e7993bf6	2	37750977	37767439	13	0.6771
1a56516e-94bd-4418-b794-f356e7993bf6	2	37767815	50642490	9256	0.0048
1a56516e-94bd-4418-b794-f356e7993bf6	2	50643235	50650564	6	-0.9597
1a56516e-94bd-4418-b794-f356e7993bf6	2	50651031	52527330	1284	-0.0287
1a56516e-94bd-4418-b794-f356e7993bf6	2	52527342	52554404	39	0.6774
1a56516e-94bd-4418-b794-f356e7993bf6	2	52560811	55394608	2164	-0.0137
1a56516e-94bd-4418-b794-f356e7993bf6	2	55400503	55400777	3	-1.8403
1a56516e-94bd-4418-b794-f356e7993bf6	2	55405109	67490304	7574	-0.0057
1a56516e-94bd-4418-b794-f356e7993bf6	2	67491087	67491158	2	-3.9841
1a56516e-94bd-4418-b794-f356e7993bf6	2	67491528	78847975	7201	0.0119
1a56516e-94bd-4418-b794-f356e7993bf6	2	78848134	78861541	6	-0.9895
1a56516e-94bd-4418-b794-f356e7993bf6	2	78862667	79328638	393	-0.0392
1a56516e-94bd-4418-b794-f356e7993bf6	2	79329300	79372008	40	-0.401
1a56516e-94bd-4418-b794-f356e7993bf6	2	79372073	79444098	66	0.0536
1a56516e-94bd-4418-b794-f356e7993bf6	2	79444726	79447201	4	-0.9218
1a56516e-94bd-4418-b794-f356e7993bf6	2	79447314	81280447	1291	0.0018
1a56516e-94bd-4418-b794-f356e7993bf6	2	81299111	81332053	19	-1.1094
1a56516e-94bd-4418-b794-f356e7993bf6	2	81334932	86204498	2839	0.0017
1a56516e-94bd-4418-b794-f356e7993bf6	2	86204616	86206669	4	0.992
1a56516e-94bd-4418-b794-f356e7993bf6	2	86208944	86878753	349	0.0215
1a56516e-94bd-4418-b794-f356e7993bf6	2	86881088	87919224	152	0.2338
1a56516e-94bd-4418-b794-f356e7993bf6	2	87925972	89025976	584	0.0141
1a56516e-94bd-4418-b794-f356e7993bf6	2	89027904	94675975	261	0.2177
1a56516e-94bd-4418-b794-f356e7993bf6	2	94680914	97359885	876	0.0623
1a56516e-94bd-4418-b794-f356e7993bf6	2	97524284	97545726	9	1.194
1a56516e-94bd-4418-b794-f356e7993bf6	2	97550415	97742964	78	0.1385
1a56516e-94bd-4418-b794-f356e7993bf6	2	97748663	192880315	57745	0.0057
1a56516e-94bd-4418-b794-f356e7993bf6	2	192881557	192882096	2	-1.8246
1a56516e-94bd-4418-b794-f356e7993bf6	2	192883226	193823021	419	-0.0006
1a56516e-94bd-4418-b794-f356e7993bf6	2	193825580	193829074	2	1.8248
1a56516e-94bd-4418-b794-f356e7993bf6	2	193837590	207490614	8096	0.0041
1a56516e-94bd-4418-b794-f356e7993bf6	2	207490972	207494612	14	-0.7506
1a56516e-94bd-4418-b794-f356e7993bf6	2	207494752	210534923	1802	0.0052
1a56516e-94bd-4418-b794-f356e7993bf6	2	210536927	210548263	8	-0.6892
1a56516e-94bd-4418-b794-f356e7993bf6	2	210549035	212510061	1385	0.0004
1a56516e-94bd-4418-b794-f356e7993bf6	2	212511142	212522839	6	-1.2893
1a56516e-94bd-4418-b794-f356e7993bf6	2	212523176	227785244	9952	0.0111
1a56516e-94bd-4418-b794-f356e7993bf6	2	227785343	227785584	2	-1.5805
1a56516e-94bd-4418-b794-f356e7993bf6	2	227788233	232377689	2717	0.0174
1a56516e-94bd-4418-b794-f356e7993bf6	2	232378051	232423556	28	0.4156
1a56516e-94bd-4418-b794-f356e7993bf6	2	232424039	233970401	987	0.0076
1a56516e-94bd-4418-b794-f356e7993bf6	2	233971209	233981975	6	-0.9389
1a56516e-94bd-4418-b794-f356e7993bf6	2	233982411	242147305	5161	0.0252
1a56516e-94bd-4418-b794-f356e7993bf6	3	20930	2735578	2370	-0.0639
1a56516e-94bd-4418-b794-f356e7993bf6	3	2736423	16199049	10514	0.0292
1a56516e-94bd-4418-b794-f356e7993bf6	3	16199122	16199877	7	-1.5259
1a56516e-94bd-4418-b794-f356e7993bf6	3	16202089	21297884	3029	0.0155
1a56516e-94bd-4418-b794-f356e7993bf6	3	21298861	21299371	5	1.0485
1a56516e-94bd-4418-b794-f356e7993bf6	3	21301496	21706349	318	0.0246
1a56516e-94bd-4418-b794-f356e7993bf6	3	21707297	21710974	5	-0.9498
1a56516e-94bd-4418-b794-f356e7993bf6	3	21711474	21831038	136	0.0455
1a56516e-94bd-4418-b794-f356e7993bf6	3	21833634	21898447	84	-0.2715
1a56516e-94bd-4418-b794-f356e7993bf6	3	21898934	22144867	225	-0.0351
1a56516e-94bd-4418-b794-f356e7993bf6	3	22147999	22149366	3	-1.3937
1a56516e-94bd-4418-b794-f356e7993bf6	3	22149410	27011639	3622	0.0195
1a56516e-94bd-4418-b794-f356e7993bf6	3	27012311	27028321	9	-0.7646
1a56516e-94bd-4418-b794-f356e7993bf6	3	27028519	33005364	4125	0.0214
1a56516e-94bd-4418-b794-f356e7993bf6	3	33005858	33007329	2	-1.6143
1a56516e-94bd-4418-b794-f356e7993bf6	3	33009209	37935926	3148	0.0252
1a56516e-94bd-4418-b794-f356e7993bf6	3	37940617	37945437	18	-0.6859
1a56516e-94bd-4418-b794-f356e7993bf6	3	37945615	59865398	12782	0.0257
1a56516e-94bd-4418-b794-f356e7993bf6	3	59868433	60628713	927	-0.0787
1a56516e-94bd-4418-b794-f356e7993bf6	3	60629947	61500233	769	-0.0001
1a56516e-94bd-4418-b794-f356e7993bf6	3	61504475	61508578	2	-1.6549
1a56516e-94bd-4418-b794-f356e7993bf6	3	61509218	68697013	5644	0.0055
1a56516e-94bd-4418-b794-f356e7993bf6	3	68697108	68698262	14	-1.2435
1a56516e-94bd-4418-b794-f356e7993bf6	3	68699607	75366712	4861	-0.0028
1a56516e-94bd-4418-b794-f356e7993bf6	3	75372019	75519398	61	0.3
1a56516e-94bd-4418-b794-f356e7993bf6	3	75523398	75547095	8	1.332
1a56516e-94bd-4418-b794-f356e7993bf6	3	75559488	75843802	62	0.2922
1a56516e-94bd-4418-b794-f356e7993bf6	3	75845381	89337951	7624	-0.0046
1a56516e-94bd-4418-b794-f356e7993bf6	3	89345442	89368137	48	-0.7862
1a56516e-94bd-4418-b794-f356e7993bf6	3	89370214	98172340	2634	0.0066
1a56516e-94bd-4418-b794-f356e7993bf6	3	98172728	98207276	16	0.4793
1a56516e-94bd-4418-b794-f356e7993bf6	3	98211020	99225614	583	0.0086
1a56516e-94bd-4418-b794-f356e7993bf6	3	99225632	99230577	37	0.4072
1a56516e-94bd-4418-b794-f356e7993bf6	3	99232120	131987852	19907	0.006
1a56516e-94bd-4418-b794-f356e7993bf6	3	131989313	131989627	2	-2.4925
1a56516e-94bd-4418-b794-f356e7993bf6	3	131996155	146665207	9219	0.0065
1a56516e-94bd-4418-b794-f356e7993bf6	3	146665349	146668345	3	-1.5367
1a56516e-94bd-4418-b794-f356e7993bf6	3	146674197	158567491	7220	0.0015
1a56516e-94bd-4418-b794-f356e7993bf6	3	158567558	158568363	2	-1.8271
1a56516e-94bd-4418-b794-f356e7993bf6	3	158568953	158626118	29	-0.1404
1a56516e-94bd-4418-b794-f356e7993bf6	3	158626797	158642178	10	0.7236
1a56516e-94bd-4418-b794-f356e7993bf6	3	158651313	162778121	2588	-0.0022
1a56516e-94bd-4418-b794-f356e7993bf6	3	162785334	162828441	32	-0.5588
1a56516e-94bd-4418-b794-f356e7993bf6	3	162829721	162906109	44	-0.115
1a56516e-94bd-4418-b794-f356e7993bf6	3	162908192	162908815	4	-1.0706
1a56516e-94bd-4418-b794-f356e7993bf6	3	162910826	162996729	70	0.0432
1a56516e-94bd-4418-b794-f356e7993bf6	3	162999939	163001774	2	-2.1185
1a56516e-94bd-4418-b794-f356e7993bf6	3	163008371	169012392	3367	0.0036
1a56516e-94bd-4418-b794-f356e7993bf6	3	169015614	169020840	2	-1.8404
1a56516e-94bd-4418-b794-f356e7993bf6	3	169022039	186677783	10963	-0.0003
1a56516e-94bd-4418-b794-f356e7993bf6	3	186678447	186717008	44	0.4059
1a56516e-94bd-4418-b794-f356e7993bf6	3	186718815	189642114	2200	0.0033
1a56516e-94bd-4418-b794-f356e7993bf6	3	189642489	189653225	15	-0.7776
1a56516e-94bd-4418-b794-f356e7993bf6	3	189654562	192665388	2144	-0.0086
1a56516e-94bd-4418-b794-f356e7993bf6	3	192665843	192672988	5	-1.2227
1a56516e-94bd-4418-b794-f356e7993bf6	3	192674578	193160173	339	-0.0119
1a56516e-94bd-4418-b794-f356e7993bf6	3	193160256	193168669	20	-1.167
1a56516e-94bd-4418-b794-f356e7993bf6	3	193168714	194879838	1140	0.0186
1a56516e-94bd-4418-b794-f356e7993bf6	3	194883193	194883325	2	-1.3933
1a56516e-94bd-4418-b794-f356e7993bf6	3	194885923	195559056	339	0.035
1a56516e-94bd-4418-b794-f356e7993bf6	3	195656271	195746925	42	0.6184
1a56516e-94bd-4418-b794-f356e7993bf6	3	195747311	197469626	834	0.0555
1a56516e-94bd-4418-b794-f356e7993bf6	3	197471811	198108859	311	0.2452
1a56516e-94bd-4418-b794-f356e7993bf6	3	198109014	198169247	21	0.7167
1a56516e-94bd-4418-b794-f356e7993bf6	4	68929	3899125	1571	0.0173
1a56516e-94bd-4418-b794-f356e7993bf6	4	3901987	3905987	2	1.1716
1a56516e-94bd-4418-b794-f356e7993bf6	4	3907820	4112194	52	0.3253
1a56516e-94bd-4418-b794-f356e7993bf6	4	4117230	4174902	18	0.7807
1a56516e-94bd-4418-b794-f356e7993bf6	4	4175446	5709641	1248	0.0078
1a56516e-94bd-4418-b794-f356e7993bf6	4	5709677	5712183	3	-1.4089
1a56516e-94bd-4418-b794-f356e7993bf6	4	5715721	8720526	2199	0.0192
1a56516e-94bd-4418-b794-f356e7993bf6	4	8722817	9652366	112	0.2723
1a56516e-94bd-4418-b794-f356e7993bf6	4	9657770	10208766	491	0.0012
1a56516e-94bd-4418-b794-f356e7993bf6	4	10221792	10233644	35	-0.7386
1a56516e-94bd-4418-b794-f356e7993bf6	4	10234518	12341951	1758	0.0102
1a56516e-94bd-4418-b794-f356e7993bf6	4	12342459	12342502	2	-2.061
1a56516e-94bd-4418-b794-f356e7993bf6	4	12342622	23883088	8189	0.0034
1a56516e-94bd-4418-b794-f356e7993bf6	4	23883872	23883945	2	-1.5548
1a56516e-94bd-4418-b794-f356e7993bf6	4	23885633	24603650	540	0.0029
1a56516e-94bd-4418-b794-f356e7993bf6	4	24606856	24607208	2	-1.5102
1a56516e-94bd-4418-b794-f356e7993bf6	4	24608319	34777382	6456	0.0096
1a56516e-94bd-4418-b794-f356e7993bf6	4	34777403	34817589	38	0.5256
1a56516e-94bd-4418-b794-f356e7993bf6	4	34819718	40701994	3884	0.0106
1a56516e-94bd-4418-b794-f356e7993bf6	4	40702128	40702670	3	-1.807
1a56516e-94bd-4418-b794-f356e7993bf6	4	40703970	44168648	2234	0.0053
1a56516e-94bd-4418-b794-f356e7993bf6	4	44171456	44184810	9	-0.7303
1a56516e-94bd-4418-b794-f356e7993bf6	4	44187478	45003738	505	-0.0262
1a56516e-94bd-4418-b794-f356e7993bf6	4	45003835	45004318	4	-1.2369
1a56516e-94bd-4418-b794-f356e7993bf6	4	45008952	48218822	1922	-0.003
1a56516e-94bd-4418-b794-f356e7993bf6	4	48220143	48224250	3	-1.181
1a56516e-94bd-4418-b794-f356e7993bf6	4	48227178	48753882	260	-0.0127
1a56516e-94bd-4418-b794-f356e7993bf6	4	48755271	49214614	146	0.1912
1a56516e-94bd-4418-b794-f356e7993bf6	4	49289175	49289338	2	-0.8884
1a56516e-94bd-4418-b794-f356e7993bf6	4	49295203	49654578	17	0.8115
1a56516e-94bd-4418-b794-f356e7993bf6	4	49656206	63828222	7554	-0.004
1a56516e-94bd-4418-b794-f356e7993bf6	4	63831751	63840033	19	-0.861
1a56516e-94bd-4418-b794-f356e7993bf6	4	63841863	63842540	8	-2.9024
1a56516e-94bd-4418-b794-f356e7993bf6	4	63850713	68354665	2845	-0.0009
1a56516e-94bd-4418-b794-f356e7993bf6	4	68361130	68671434	95	0.6205
1a56516e-94bd-4418-b794-f356e7993bf6	4	68674307	69165940	270	0.0094
1a56516e-94bd-4418-b794-f356e7993bf6	4	69166653	69433003	131	0.2692
1a56516e-94bd-4418-b794-f356e7993bf6	4	69433747	86630172	10716	0.0019
1a56516e-94bd-4418-b794-f356e7993bf6	4	86630318	87820031	732	0.351
1a56516e-94bd-4418-b794-f356e7993bf6	4	87820686	87843850	53	0.0142
1a56516e-94bd-4418-b794-f356e7993bf6	4	87845856	87856591	27	0.4047
1a56516e-94bd-4418-b794-f356e7993bf6	4	87857097	95324597	4350	-0.0084
1a56516e-94bd-4418-b794-f356e7993bf6	4	95325355	95327465	16	-0.8473
1a56516e-94bd-4418-b794-f356e7993bf6	4	95327944	105465603	6010	0.0066
1a56516e-94bd-4418-b794-f356e7993bf6	4	105467545	105469936	2	-1.5214
1a56516e-94bd-4418-b794-f356e7993bf6	4	105470145	107130343	920	-0.0031
1a56516e-94bd-4418-b794-f356e7993bf6	4	107144594	107155376	38	-0.6312
1a56516e-94bd-4418-b794-f356e7993bf6	4	107156277	107580466	288	-0.0036
1a56516e-94bd-4418-b794-f356e7993bf6	4	107583477	107595118	8	-0.6898
1a56516e-94bd-4418-b794-f356e7993bf6	4	107596634	110013985	1384	0.0011
1a56516e-94bd-4418-b794-f356e7993bf6	4	110014966	110021440	8	-1.3638
1a56516e-94bd-4418-b794-f356e7993bf6	4	110022476	111580639	992	0.0206
1a56516e-94bd-4418-b794-f356e7993bf6	4	111584692	111585384	3	-0.9401
1a56516e-94bd-4418-b794-f356e7993bf6	4	111591894	113080020	870	0.002
1a56516e-94bd-4418-b794-f356e7993bf6	4	113080731	113084230	5	-1.4679
1a56516e-94bd-4418-b794-f356e7993bf6	4	113084490	128134055	9049	0.0013
1a56516e-94bd-4418-b794-f356e7993bf6	4	128134646	142818143	8803	-0.2165
1a56516e-94bd-4418-b794-f356e7993bf6	4	142818681	143999622	709	0.0055
1a56516e-94bd-4418-b794-f356e7993bf6	4	143999664	144122357	55	0.288
1a56516e-94bd-4418-b794-f356e7993bf6	4	144124407	155542771	6684	0.0046
1a56516e-94bd-4418-b794-f356e7993bf6	4	155544251	155544897	4	-1.0001
1a56516e-94bd-4418-b794-f356e7993bf6	4	155549403	155927946	275	0.0095
1a56516e-94bd-4418-b794-f356e7993bf6	4	155928611	155943696	11	-0.6507
1a56516e-94bd-4418-b794-f356e7993bf6	4	155944462	160120152	2563	0.0083
1a56516e-94bd-4418-b794-f356e7993bf6	4	160132439	160149637	38	-1.0183
1a56516e-94bd-4418-b794-f356e7993bf6	4	160162718	183888345	15542	-0.0007
1a56516e-94bd-4418-b794-f356e7993bf6	4	183890110	183890165	2	-2.2176
1a56516e-94bd-4418-b794-f356e7993bf6	4	183893171	189267889	3855	0.001
1a56516e-94bd-4418-b794-f356e7993bf6	4	189273964	189278110	4	-2.2699
1a56516e-94bd-4418-b794-f356e7993bf6	4	189278617	189386699	69	-0.0829
1a56516e-94bd-4418-b794-f356e7993bf6	4	189389228	189825849	198	0.162
1a56516e-94bd-4418-b794-f356e7993bf6	4	189826984	189857111	21	-0.3044
1a56516e-94bd-4418-b794-f356e7993bf6	4	189857379	190106768	62	0.4512
1a56516e-94bd-4418-b794-f356e7993bf6	5	15532	1325652	590	0.0475
1a56516e-94bd-4418-b794-f356e7993bf6	5	1325688	1453889	72	-0.3095
1a56516e-94bd-4418-b794-f356e7993bf6	5	1454644	15718383	11491	0.0061
1a56516e-94bd-4418-b794-f356e7993bf6	5	15719113	15720488	10	-0.7766
1a56516e-94bd-4418-b794-f356e7993bf6	5	15723237	16248086	336	0.0133
1a56516e-94bd-4418-b794-f356e7993bf6	5	16256271	16257060	3	-2.1602
1a56516e-94bd-4418-b794-f356e7993bf6	5	16257371	35825568	12133	-0.001
1a56516e-94bd-4418-b794-f356e7993bf6	5	35826961	36070007	216	0.1959
1a56516e-94bd-4418-b794-f356e7993bf6	5	36071395	36071892	4	-0.6059
1a56516e-94bd-4418-b794-f356e7993bf6	5	36072709	36461229	277	0.1965
1a56516e-94bd-4418-b794-f356e7993bf6	5	36462986	36467928	4	0.8811
1a56516e-94bd-4418-b794-f356e7993bf6	5	36471161	37021397	345	0.1936
1a56516e-94bd-4418-b794-f356e7993bf6	5	37021866	37439445	154	0.0148
1a56516e-94bd-4418-b794-f356e7993bf6	5	37442460	37521984	32	0.362
1a56516e-94bd-4418-b794-f356e7993bf6	5	37537973	45676895	4789	-0.0016
1a56516e-94bd-4418-b794-f356e7993bf6	5	45678135	45679412	4	-1.161
1a56516e-94bd-4418-b794-f356e7993bf6	5	45684347	46271006	172	0.0889
1a56516e-94bd-4418-b794-f356e7993bf6	5	46271828	46273400	6	-1.9643
1a56516e-94bd-4418-b794-f356e7993bf6	5	46278110	50525139	149	0.186
1a56516e-94bd-4418-b794-f356e7993bf6	5	50525256	58025819	4924	0.0029
1a56516e-94bd-4418-b794-f356e7993bf6	5	58030200	58037706	32	1.3744
1a56516e-94bd-4418-b794-f356e7993bf6	5	58042530	59458684	1146	-0.0126
1a56516e-94bd-4418-b794-f356e7993bf6	5	59459394	59460764	3	-1.3173
1a56516e-94bd-4418-b794-f356e7993bf6	5	59462045	93027934	19083	0.0059
1a56516e-94bd-4418-b794-f356e7993bf6	5	93028722	93029776	2	-1.9873
1a56516e-94bd-4418-b794-f356e7993bf6	5	93030642	104515520	6572	0.0079
1a56516e-94bd-4418-b794-f356e7993bf6	5	104524672	104524847	3	-1.5718
1a56516e-94bd-4418-b794-f356e7993bf6	5	104524903	163530621	38400	0.0009
1a56516e-94bd-4418-b794-f356e7993bf6	5	163531113	163533112	3	-1.6656
1a56516e-94bd-4418-b794-f356e7993bf6	5	163533429	167659336	2765	-0.0214
1a56516e-94bd-4418-b794-f356e7993bf6	5	167659629	167659896	3	-1.6837
1a56516e-94bd-4418-b794-f356e7993bf6	5	167661033	172050342	3368	0.0003
1a56516e-94bd-4418-b794-f356e7993bf6	5	172050699	172151851	86	0.2626
1a56516e-94bd-4418-b794-f356e7993bf6	5	172151935	173775504	1185	0.0178
1a56516e-94bd-4418-b794-f356e7993bf6	5	173778055	173779213	7	-1.5519
1a56516e-94bd-4418-b794-f356e7993bf6	5	173779368	180951888	4194	0.0118
1a56516e-94bd-4418-b794-f356e7993bf6	5	180953203	180972373	5	-3.2139
1a56516e-94bd-4418-b794-f356e7993bf6	5	180975764	180991103	12	-1.255
1a56516e-94bd-4418-b794-f356e7993bf6	5	181006264	181363319	169	0.0002
1a56516e-94bd-4418-b794-f356e7993bf6	6	149661	157474	10	0.7241
1a56516e-94bd-4418-b794-f356e7993bf6	6	163382	323326	124	0.0717
1a56516e-94bd-4418-b794-f356e7993bf6	6	323576	376937	64	0.3488
1a56516e-94bd-4418-b794-f356e7993bf6	6	378703	859115	402	0.0333
1a56516e-94bd-4418-b794-f356e7993bf6	6	859982	875732	15	-0.5388
1a56516e-94bd-4418-b794-f356e7993bf6	6	877138	10489445	7696	-0.0002
1a56516e-94bd-4418-b794-f356e7993bf6	6	10489661	10512266	33	0.3767
1a56516e-94bd-4418-b794-f356e7993bf6	6	10513993	16376393	4373	0.0064
1a56516e-94bd-4418-b794-f356e7993bf6	6	16376719	16377382	2	-1.9993
1a56516e-94bd-4418-b794-f356e7993bf6	6	16377416	29869295	8901	-0.0007
1a56516e-94bd-4418-b794-f356e7993bf6	6	29869410	29882419	17	0.9868
1a56516e-94bd-4418-b794-f356e7993bf6	6	29882497	29907031	7	0.1289
1a56516e-94bd-4418-b794-f356e7993bf6	6	29909182	29946443	14	-0.7139
1a56516e-94bd-4418-b794-f356e7993bf6	6	29946838	32486746	1154	0.0133
1a56516e-94bd-4418-b794-f356e7993bf6	6	32488906	32593518	26	0.9767
1a56516e-94bd-4418-b794-f356e7993bf6	6	32602269	32718419	70	0.15
1a56516e-94bd-4418-b794-f356e7993bf6	6	32720838	32723053	11	1.0533
1a56516e-94bd-4418-b794-f356e7993bf6	6	32732907	52746320	12651	0.013
1a56516e-94bd-4418-b794-f356e7993bf6	6	52746586	52799684	48	0.3715
1a56516e-94bd-4418-b794-f356e7993bf6	6	52800741	54066353	944	-0.0089
1a56516e-94bd-4418-b794-f356e7993bf6	6	54066432	54067057	6	-1.0545
1a56516e-94bd-4418-b794-f356e7993bf6	6	54070550	57434226	1992	-0.0032
1a56516e-94bd-4418-b794-f356e7993bf6	6	57434511	61532234	567	0.0997
1a56516e-94bd-4418-b794-f356e7993bf6	6	61537573	65115735	1983	-0.0042
1a56516e-94bd-4418-b794-f356e7993bf6	6	65116654	65121791	11	-0.7425
1a56516e-94bd-4418-b794-f356e7993bf6	6	65124288	71090652	3998	-0.0056
1a56516e-94bd-4418-b794-f356e7993bf6	6	71091195	71091917	2	-1.5787
1a56516e-94bd-4418-b794-f356e7993bf6	6	71092884	74823796	2450	0.0036
1a56516e-94bd-4418-b794-f356e7993bf6	6	74824464	74824465	2	1.5727
1a56516e-94bd-4418-b794-f356e7993bf6	6	74824680	76726815	1154	-0.0164
1a56516e-94bd-4418-b794-f356e7993bf6	6	76730151	76743040	21	0.5061
1a56516e-94bd-4418-b794-f356e7993bf6	6	76751356	78253172	977	-0.0244
1a56516e-94bd-4418-b794-f356e7993bf6	6	78259348	78329517	114	-0.6782
1a56516e-94bd-4418-b794-f356e7993bf6	6	78331916	112540586	21221	0.0003
1a56516e-94bd-4418-b794-f356e7993bf6	6	112547708	112552088	8	0.8946
1a56516e-94bd-4418-b794-f356e7993bf6	6	112555560	114874292	1504	-0.0042
1a56516e-94bd-4418-b794-f356e7993bf6	6	114881368	114881626	4	-1.7311
1a56516e-94bd-4418-b794-f356e7993bf6	6	114885112	170741917	36872	0.0044
1a56516e-94bd-4418-b794-f356e7993bf6	7	43355	65503	27	0.8145
1a56516e-94bd-4418-b794-f356e7993bf6	7	65765	3349458	1391	0.2932
1a56516e-94bd-4418-b794-f356e7993bf6	7	3355447	3355694	5	-1.7857
1a56516e-94bd-4418-b794-f356e7993bf6	7	3359128	6815692	1994	0.2668
1a56516e-94bd-4418-b794-f356e7993bf6	7	6823062	6978272	50	0.6658
1a56516e-94bd-4418-b794-f356e7993bf6	7	6982579	9032212	1844	0.271
1a56516e-94bd-4418-b794-f356e7993bf6	7	9033257	9033475	2	-1.9934
1a56516e-94bd-4418-b794-f356e7993bf6	7	9035664	57760692	35152	0.2813
1a56516e-94bd-4418-b794-f356e7993bf6	7	57764326	62933040	179	0.5695
1a56516e-94bd-4418-b794-f356e7993bf6	7	62944328	65471044	1008	0.3017
1a56516e-94bd-4418-b794-f356e7993bf6	7	65473676	65827971	88	0.5069
1a56516e-94bd-4418-b794-f356e7993bf6	7	65830040	76445663	4989	0.2659
1a56516e-94bd-4418-b794-f356e7993bf6	7	76479444	76801171	89	0.5075
1a56516e-94bd-4418-b794-f356e7993bf6	7	76801533	89210466	8013	0.2777
1a56516e-94bd-4418-b794-f356e7993bf6	7	89214447	89214538	2	-1.6077
1a56516e-94bd-4418-b794-f356e7993bf6	7	89218873	89751801	325	0.2382
1a56516e-94bd-4418-b794-f356e7993bf6	7	89752539	89833391	41	0.5709
1a56516e-94bd-4418-b794-f356e7993bf6	7	89836042	102461717	7145	0.2717
1a56516e-94bd-4418-b794-f356e7993bf6	7	102498521	102753624	21	0.7198
1a56516e-94bd-4418-b794-f356e7993bf6	7	102754481	105946044	2025	0.2812
1a56516e-94bd-4418-b794-f356e7993bf6	7	105946407	105946995	6	-0.6328
1a56516e-94bd-4418-b794-f356e7993bf6	7	105947907	109797700	2510	0.2727
1a56516e-94bd-4418-b794-f356e7993bf6	7	109797715	109801155	10	0.9497
1a56516e-94bd-4418-b794-f356e7993bf6	7	109801187	109813853	11	-0.7431
1a56516e-94bd-4418-b794-f356e7993bf6	7	109813925	134072144	14707	0.273
1a56516e-94bd-4418-b794-f356e7993bf6	7	134072507	134113805	56	0.6766
1a56516e-94bd-4418-b794-f356e7993bf6	7	134114093	144199159	6427	0.2704
1a56516e-94bd-4418-b794-f356e7993bf6	7	144207186	144295437	9	1.2133
1a56516e-94bd-4418-b794-f356e7993bf6	7	144306653	145273558	582	0.2853
1a56516e-94bd-4418-b794-f356e7993bf6	7	145275109	148279768	2054	0.2426
1a56516e-94bd-4418-b794-f356e7993bf6	7	148279792	159334314	7016	0.2937
1a56516e-94bd-4418-b794-f356e7993bf6	8	81254	3726178	3061	0.0018
1a56516e-94bd-4418-b794-f356e7993bf6	8	3726550	3726560	2	-2.4909
1a56516e-94bd-4418-b794-f356e7993bf6	8	3726655	5392867	2479	-0.0235
1a56516e-94bd-4418-b794-f356e7993bf6	8	5392909	5429534	34	-0.5429
1a56516e-94bd-4418-b794-f356e7993bf6	8	5443220	7064355	2110	-0.024
1a56516e-94bd-4418-b794-f356e7993bf6	8	7064446	8235660	108	0.5066
1a56516e-94bd-4418-b794-f356e7993bf6	8	8237241	12092042	3213	0.008
1a56516e-94bd-4418-b794-f356e7993bf6	8	12130217	12358500	10	0.8951
1a56516e-94bd-4418-b794-f356e7993bf6	8	12359339	12387683	21	-0.4726
1a56516e-94bd-4418-b794-f356e7993bf6	8	12387748	12389977	6	-1.9031
1a56516e-94bd-4418-b794-f356e7993bf6	8	12418301	12697234	44	0.5681
1a56516e-94bd-4418-b794-f356e7993bf6	8	12698533	13570253	812	0.0016
1a56516e-94bd-4418-b794-f356e7993bf6	8	13571143	13678511	127	-0.1917
1a56516e-94bd-4418-b794-f356e7993bf6	8	13678513	25118055	9434	0.0054
1a56516e-94bd-4418-b794-f356e7993bf6	8	25118687	25122039	8	-0.5623
1a56516e-94bd-4418-b794-f356e7993bf6	8	25122389	25122472	7	-1.241
1a56516e-94bd-4418-b794-f356e7993bf6	8	25126554	31772998	4554	0.0122
1a56516e-94bd-4418-b794-f356e7993bf6	8	31773467	31773782	2	-1.3874
1a56516e-94bd-4418-b794-f356e7993bf6	8	31774715	39373140	4461	-0.0002
1a56516e-94bd-4418-b794-f356e7993bf6	8	39378084	39529446	58	-1.8625
1a56516e-94bd-4418-b794-f356e7993bf6	8	39530780	40326644	594	0.0075
1a56516e-94bd-4418-b794-f356e7993bf6	8	40326706	40335391	29	-0.9987
1a56516e-94bd-4418-b794-f356e7993bf6	8	40336910	40914477	450	0.0137
1a56516e-94bd-4418-b794-f356e7993bf6	8	40920333	40920952	2	-1.4727
1a56516e-94bd-4418-b794-f356e7993bf6	8	40926161	43085341	1270	-0.006
1a56516e-94bd-4418-b794-f356e7993bf6	8	43096841	43475245	149	0.1455
1a56516e-94bd-4418-b794-f356e7993bf6	8	43478252	43802560	68	-0.0599
1a56516e-94bd-4418-b794-f356e7993bf6	8	43807613	46456232	138	0.2158
1a56516e-94bd-4418-b794-f356e7993bf6	8	46471179	53091200	3816	0.008
1a56516e-94bd-4418-b794-f356e7993bf6	8	53094484	53105639	2	-1.5112
1a56516e-94bd-4418-b794-f356e7993bf6	8	53105653	55867106	1829	0.0023
1a56516e-94bd-4418-b794-f356e7993bf6	8	55867685	56150074	184	0.1405
1a56516e-94bd-4418-b794-f356e7993bf6	8	56153707	57459149	840	-0.0074
1a56516e-94bd-4418-b794-f356e7993bf6	8	57459468	57462888	14	0.4808
1a56516e-94bd-4418-b794-f356e7993bf6	8	57463019	63936079	4249	-0.0122
1a56516e-94bd-4418-b794-f356e7993bf6	8	63936340	63936561	6	1.606
1a56516e-94bd-4418-b794-f356e7993bf6	8	63936953	71300130	4241	0.0006
1a56516e-94bd-4418-b794-f356e7993bf6	8	71303076	71307628	9	-0.7881
1a56516e-94bd-4418-b794-f356e7993bf6	8	71307892	77918774	4234	0.0009
1a56516e-94bd-4418-b794-f356e7993bf6	8	77927265	106768275	17142	0.1872
1a56516e-94bd-4418-b794-f356e7993bf6	8	106773260	106775319	3	-0.8729
1a56516e-94bd-4418-b794-f356e7993bf6	8	106777154	111273427	2685	0.179
1a56516e-94bd-4418-b794-f356e7993bf6	8	111276327	111288052	14	-1.1243
1a56516e-94bd-4418-b794-f356e7993bf6	8	111289023	114623472	1828	0.19
1a56516e-94bd-4418-b794-f356e7993bf6	8	114626121	114650552	27	0.5637
1a56516e-94bd-4418-b794-f356e7993bf6	8	114653157	114719680	43	0.2039
1a56516e-94bd-4418-b794-f356e7993bf6	8	114719701	114726789	4	-0.8996
1a56516e-94bd-4418-b794-f356e7993bf6	8	114726988	114871047	100	0.1667
1a56516e-94bd-4418-b794-f356e7993bf6	8	114874003	114874204	3	-1.0641
1a56516e-94bd-4418-b794-f356e7993bf6	8	114879397	119139771	2953	0.1929
1a56516e-94bd-4418-b794-f356e7993bf6	8	119142545	119147207	4	-0.8396
1a56516e-94bd-4418-b794-f356e7993bf6	8	119150615	131976820	8918	0.1906
1a56516e-94bd-4418-b794-f356e7993bf6	8	131978838	131978878	2	-1.7589
1a56516e-94bd-4418-b794-f356e7993bf6	8	131982329	136774629	3928	0.1943
1a56516e-94bd-4418-b794-f356e7993bf6	8	136774980	136780334	8	-0.47
1a56516e-94bd-4418-b794-f356e7993bf6	8	136780991	140632832	3097	0.1974
1a56516e-94bd-4418-b794-f356e7993bf6	8	140638029	141576010	548	0.3092
1a56516e-94bd-4418-b794-f356e7993bf6	8	141580496	145072769	1432	0.2334
1a56516e-94bd-4418-b794-f356e7993bf6	9	46587	5079156	5236	0.106
1a56516e-94bd-4418-b794-f356e7993bf6	9	5081416	5081766	8	1.0632
1a56516e-94bd-4418-b794-f356e7993bf6	9	5081852	5227589	123	0.2332
1a56516e-94bd-4418-b794-f356e7993bf6	9	5228445	8522958	2854	0.0895
1a56516e-94bd-4418-b794-f356e7993bf6	9	8524448	8558331	27	0.1867
1a56516e-94bd-4418-b794-f356e7993bf6	9	8558709	8712279	115	0.3282
1a56516e-94bd-4418-b794-f356e7993bf6	9	8712365	8807911	81	0.1317
1a56516e-94bd-4418-b794-f356e7993bf6	9	8809841	8980999	151	-0.13
1a56516e-94bd-4418-b794-f356e7993bf6	9	8981644	9316185	281	-0.3316
1a56516e-94bd-4418-b794-f356e7993bf6	9	9316533	9874677	556	-0.0929
1a56516e-94bd-4418-b794-f356e7993bf6	9	9876564	9972361	149	-0.3209
1a56516e-94bd-4418-b794-f356e7993bf6	9	9972423	10228980	236	-0.0825
1a56516e-94bd-4418-b794-f356e7993bf6	9	10229575	10388411	128	0.1081
1a56516e-94bd-4418-b794-f356e7993bf6	9	10389249	10390243	5	-0.9106
1a56516e-94bd-4418-b794-f356e7993bf6	9	10390416	11450117	880	0.0939
1a56516e-94bd-4418-b794-f356e7993bf6	9	11450611	12570076	868	-0.1325
1a56516e-94bd-4418-b794-f356e7993bf6	9	12570366	12581785	5	-1.4854
1a56516e-94bd-4418-b794-f356e7993bf6	9	12586208	23361807	8695	-0.1008
1a56516e-94bd-4418-b794-f356e7993bf6	9	23363117	23372401	7	-2.0646
1a56516e-94bd-4418-b794-f356e7993bf6	9	23373486	28321514	3782	-0.1067
1a56516e-94bd-4418-b794-f356e7993bf6	9	28321637	28323196	2	-2.0691
1a56516e-94bd-4418-b794-f356e7993bf6	9	28323675	29091099	550	-0.1043
1a56516e-94bd-4418-b794-f356e7993bf6	9	29094551	29094999	2	-3.27
1a56516e-94bd-4418-b794-f356e7993bf6	9	29097682	29871352	538	-0.0822
1a56516e-94bd-4418-b794-f356e7993bf6	9	29874706	29875105	2	-1.7167
1a56516e-94bd-4418-b794-f356e7993bf6	9	29887128	38808961	5790	-0.0887
1a56516e-94bd-4418-b794-f356e7993bf6	9	38912300	41639988	158	0.2416
1a56516e-94bd-4418-b794-f356e7993bf6	9	41644133	41644133	2	2.2771
1a56516e-94bd-4418-b794-f356e7993bf6	9	41644288	67915741	300	0.3735
1a56516e-94bd-4418-b794-f356e7993bf6	9	68318441	77154478	6502	-0.0964
1a56516e-94bd-4418-b794-f356e7993bf6	9	77155482	77161448	25	0.4032
1a56516e-94bd-4418-b794-f356e7993bf6	9	77162152	91640663	10358	-0.0895
1a56516e-94bd-4418-b794-f356e7993bf6	9	91640765	91641163	5	-1.6605
1a56516e-94bd-4418-b794-f356e7993bf6	9	91641263	111677376	14075	-0.0912
1a56516e-94bd-4418-b794-f356e7993bf6	9	111685145	111685435	2	-2.2614
1a56516e-94bd-4418-b794-f356e7993bf6	9	111686240	118557188	5246	-0.082
1a56516e-94bd-4418-b794-f356e7993bf6	9	118558016	118558854	3	-1.8156
1a56516e-94bd-4418-b794-f356e7993bf6	9	118559014	138080313	11553	-0.0766
1a56516e-94bd-4418-b794-f356e7993bf6	9	138080582	138200944	82	0.1327
1a56516e-94bd-4418-b794-f356e7993bf6	10	45792	24086334	19180	0.1882
1a56516e-94bd-4418-b794-f356e7993bf6	10	24088745	24089125	11	-1.451
1a56516e-94bd-4418-b794-f356e7993bf6	10	24089979	25350378	841	0.176
1a56516e-94bd-4418-b794-f356e7993bf6	10	25350434	25352172	3	-0.8933
1a56516e-94bd-4418-b794-f356e7993bf6	10	25353061	26937062	1142	0.1761
1a56516e-94bd-4418-b794-f356e7993bf6	10	26937169	26941808	14	0.6194
1a56516e-94bd-4418-b794-f356e7993bf6	10	26942681	27386511	245	0.1518
1a56516e-94bd-4418-b794-f356e7993bf6	10	27386712	27394502	14	0.8269
1a56516e-94bd-4418-b794-f356e7993bf6	10	27394636	42160224	7624	0.1862
1a56516e-94bd-4418-b794-f356e7993bf6	10	42189813	42264605	13	0.6816
1a56516e-94bd-4418-b794-f356e7993bf6	10	42267782	42330980	10	0.0305
1a56516e-94bd-4418-b794-f356e7993bf6	10	42331264	46102824	2371	-0.2
1a56516e-94bd-4418-b794-f356e7993bf6	10	46116171	47002596	238	0.5013
1a56516e-94bd-4418-b794-f356e7993bf6	10	47008590	47460004	282	-0.1968
1a56516e-94bd-4418-b794-f356e7993bf6	10	47559592	48173568	22	0.7422
1a56516e-94bd-4418-b794-f356e7993bf6	10	48179571	73981107	17692	-0.2126
1a56516e-94bd-4418-b794-f356e7993bf6	10	73981699	76021388	1103	0.0266
1a56516e-94bd-4418-b794-f356e7993bf6	10	76021561	79595316	2802	-0.1921
1a56516e-94bd-4418-b794-f356e7993bf6	10	79624118	79779354	20	0.2695
1a56516e-94bd-4418-b794-f356e7993bf6	10	79799558	83155799	2408	-0.2074
1a56516e-94bd-4418-b794-f356e7993bf6	10	83157741	83158573	2	-2.937
1a56516e-94bd-4418-b794-f356e7993bf6	10	83159086	133654968	34480	-0.1968
1a56516e-94bd-4418-b794-f356e7993bf6	11	198510	4718309	2188	0.1309
1a56516e-94bd-4418-b794-f356e7993bf6	11	4719435	4720992	4	-0.9643
1a56516e-94bd-4418-b794-f356e7993bf6	11	4723262	4904581	159	0.1307
1a56516e-94bd-4418-b794-f356e7993bf6	11	4904703	4907355	5	-0.5567
1a56516e-94bd-4418-b794-f356e7993bf6	11	4907391	4940884	41	0.1385
1a56516e-94bd-4418-b794-f356e7993bf6	11	4941402	4952503	37	-0.2663
1a56516e-94bd-4418-b794-f356e7993bf6	11	4952518	5490667	531	0.0856
1a56516e-94bd-4418-b794-f356e7993bf6	11	5490757	5492339	2	-2.181
1a56516e-94bd-4418-b794-f356e7993bf6	11	5492545	5498832	15	0.0542
1a56516e-94bd-4418-b794-f356e7993bf6	11	5499342	5503234	10	-0.6294
1a56516e-94bd-4418-b794-f356e7993bf6	11	5503922	5766850	239	0.1278
1a56516e-94bd-4418-b794-f356e7993bf6	11	5766862	5787909	31	0.4843
1a56516e-94bd-4418-b794-f356e7993bf6	11	5788108	21354754	11658	0.1132
1a56516e-94bd-4418-b794-f356e7993bf6	11	21355125	47372087	17781	0.0036
1a56516e-94bd-4418-b794-f356e7993bf6	11	47372754	47372766	2	-1.8086
1a56516e-94bd-4418-b794-f356e7993bf6	11	47374671	48456832	504	-0.0085
1a56516e-94bd-4418-b794-f356e7993bf6	11	48459150	48571573	56	0.2617
1a56516e-94bd-4418-b794-f356e7993bf6	11	48572716	48615683	22	-0.141
1a56516e-94bd-4418-b794-f356e7993bf6	11	48616647	48996010	112	0.2412
1a56516e-94bd-4418-b794-f356e7993bf6	11	48999554	50096159	474	0.0232
1a56516e-94bd-4418-b794-f356e7993bf6	11	50101778	55575362	557	0.1729
1a56516e-94bd-4418-b794-f356e7993bf6	11	55576449	55678469	68	0.4698
1a56516e-94bd-4418-b794-f356e7993bf6	11	55679761	64825254	5127	0.0995
1a56516e-94bd-4418-b794-f356e7993bf6	11	64825436	65759723	327	0.2149
1a56516e-94bd-4418-b794-f356e7993bf6	11	65760303	65764182	3	-0.8849
1a56516e-94bd-4418-b794-f356e7993bf6	11	65769685	67490111	686	0.11
1a56516e-94bd-4418-b794-f356e7993bf6	11	67490352	67501654	2	-0.4259
1a56516e-94bd-4418-b794-f356e7993bf6	11	67508998	67981851	155	0.318
1a56516e-94bd-4418-b794-f356e7993bf6	11	67996609	70588199	1404	0.1157
1a56516e-94bd-4418-b794-f356e7993bf6	11	70593048	70593734	2	-1.177
1a56516e-94bd-4418-b794-f356e7993bf6	11	70594554	71659754	614	0.114
1a56516e-94bd-4418-b794-f356e7993bf6	11	71660739	71825826	45	0.4369
1a56516e-94bd-4418-b794-f356e7993bf6	11	71827957	80255788	4893	0.1124
1a56516e-94bd-4418-b794-f356e7993bf6	11	80256138	80256759	11	0.6263
1a56516e-94bd-4418-b794-f356e7993bf6	11	80260060	81276153	836	0.072
1a56516e-94bd-4418-b794-f356e7993bf6	11	81277168	81280898	16	0.5504
1a56516e-94bd-4418-b794-f356e7993bf6	11	81281110	81951161	579	0.0725
1a56516e-94bd-4418-b794-f356e7993bf6	11	81951604	81951982	3	1.2236
1a56516e-94bd-4418-b794-f356e7993bf6	11	81957602	83953472	1286	0.0922
1a56516e-94bd-4418-b794-f356e7993bf6	11	83953804	83961781	11	-0.5561
1a56516e-94bd-4418-b794-f356e7993bf6	11	83962016	98922845	10272	0.0959
1a56516e-94bd-4418-b794-f356e7993bf6	11	98923430	99119898	160	-0.0883
1a56516e-94bd-4418-b794-f356e7993bf6	11	99120382	99122731	4	0.6717
1a56516e-94bd-4418-b794-f356e7993bf6	11	99126292	99256346	120	-0.0984
1a56516e-94bd-4418-b794-f356e7993bf6	11	99257209	101723653	1993	0.0951
1a56516e-94bd-4418-b794-f356e7993bf6	11	101727129	101727233	4	1.2653
1a56516e-94bd-4418-b794-f356e7993bf6	11	101727481	106610644	3291	0.0977
1a56516e-94bd-4418-b794-f356e7993bf6	11	106611030	106612445	4	-0.8812
1a56516e-94bd-4418-b794-f356e7993bf6	11	106620890	108985084	1481	0.1082
1a56516e-94bd-4418-b794-f356e7993bf6	11	108986123	113727067	3148	-0.0888
1a56516e-94bd-4418-b794-f356e7993bf6	11	113730648	114130005	281	0.0715
1a56516e-94bd-4418-b794-f356e7993bf6	11	114130659	115317153	887	-0.0849
1a56516e-94bd-4418-b794-f356e7993bf6	11	115317208	115660022	244	0.1099
1a56516e-94bd-4418-b794-f356e7993bf6	11	115665252	135068576	14352	-0.0877
1a56516e-94bd-4418-b794-f356e7993bf6	11	135072732	135074876	2	0.5327
1a56516e-94bd-4418-b794-f356e7993bf6	12	51460	85586	10	0.1776
1a56516e-94bd-4418-b794-f356e7993bf6	12	86143	2124763	1249	-0.1916
1a56516e-94bd-4418-b794-f356e7993bf6	12	2126010	2149240	47	-0.9345
1a56516e-94bd-4418-b794-f356e7993bf6	12	2150801	8178200	4214	-0.195
1a56516e-94bd-4418-b794-f356e7993bf6	12	8182301	8405892	66	0.2396
1a56516e-94bd-4418-b794-f356e7993bf6	12	8406040	8409838	8	1.1949
1a56516e-94bd-4418-b794-f356e7993bf6	12	8410039	8432076	9	0.3928
1a56516e-94bd-4418-b794-f356e7993bf6	12	8442298	9274270	467	-0.2306
1a56516e-94bd-4418-b794-f356e7993bf6	12	9282219	9282648	2	-1.5718
1a56516e-94bd-4418-b794-f356e7993bf6	12	9282796	9481274	88	-0.1398
1a56516e-94bd-4418-b794-f356e7993bf6	12	9485313	9561078	21	-1.051
1a56516e-94bd-4418-b794-f356e7993bf6	12	9562969	11074314	1042	-0.192
1a56516e-94bd-4418-b794-f356e7993bf6	12	11078856	11088933	6	-1.257
1a56516e-94bd-4418-b794-f356e7993bf6	12	11099275	16266471	3677	-0.2006
1a56516e-94bd-4418-b794-f356e7993bf6	12	16268053	16268391	2	-2.2492
1a56516e-94bd-4418-b794-f356e7993bf6	12	16275623	17509756	767	-0.2144
1a56516e-94bd-4418-b794-f356e7993bf6	12	17514672	17514691	2	-1.8073
1a56516e-94bd-4418-b794-f356e7993bf6	12	17514901	28267437	7442	-0.2022
1a56516e-94bd-4418-b794-f356e7993bf6	12	28273103	28621104	254	-0.0384
1a56516e-94bd-4418-b794-f356e7993bf6	12	28621740	28933226	211	-0.1939
1a56516e-94bd-4418-b794-f356e7993bf6	12	28933871	30082346	871	-0.0369
1a56516e-94bd-4418-b794-f356e7993bf6	12	30082488	30091000	28	0.3535
1a56516e-94bd-4418-b794-f356e7993bf6	12	30091017	30303909	243	0.0085
1a56516e-94bd-4418-b794-f356e7993bf6	12	30304311	30656392	285	-0.2054
1a56516e-94bd-4418-b794-f356e7993bf6	12	30656558	34132563	2352	-0.0183
1a56516e-94bd-4418-b794-f356e7993bf6	12	34135376	38268670	405	0.1742
1a56516e-94bd-4418-b794-f356e7993bf6	12	38274527	38652083	231	-0.0014
1a56516e-94bd-4418-b794-f356e7993bf6	12	38652102	38652181	3	-1.5583
1a56516e-94bd-4418-b794-f356e7993bf6	12	38652940	90097892	31549	-0.0104
1a56516e-94bd-4418-b794-f356e7993bf6	12	90097910	90098297	6	-2.1199
1a56516e-94bd-4418-b794-f356e7993bf6	12	90099780	129656899	26958	-0.011
1a56516e-94bd-4418-b794-f356e7993bf6	12	129660862	129662232	2	-2.8674
1a56516e-94bd-4418-b794-f356e7993bf6	12	129662965	133201603	2198	0.0019
1a56516e-94bd-4418-b794-f356e7993bf6	13	18452809	18833025	88	0.2992
1a56516e-94bd-4418-b794-f356e7993bf6	13	18833965	23055025	2764	0.0111
1a56516e-94bd-4418-b794-f356e7993bf6	13	23055038	23059376	15	0.7203
1a56516e-94bd-4418-b794-f356e7993bf6	13	23064056	23911776	644	-0.0096
1a56516e-94bd-4418-b794-f356e7993bf6	13	23911963	23921773	9	-0.9991
1a56516e-94bd-4418-b794-f356e7993bf6	13	23922979	30008507	4577	0.0095
1a56516e-94bd-4418-b794-f356e7993bf6	13	30010462	30011678	3	-1.7545
1a56516e-94bd-4418-b794-f356e7993bf6	13	30012629	37502534	5382	0.0072
1a56516e-94bd-4418-b794-f356e7993bf6	13	37504215	37510595	7	0.7622
1a56516e-94bd-4418-b794-f356e7993bf6	13	37510620	38478674	701	0.0123
1a56516e-94bd-4418-b794-f356e7993bf6	13	38483435	38483919	2	-1.7641
1a56516e-94bd-4418-b794-f356e7993bf6	13	38490920	63650072	15634	0.0015
1a56516e-94bd-4418-b794-f356e7993bf6	13	63650659	63662559	9	-3.7651
1a56516e-94bd-4418-b794-f356e7993bf6	13	63665430	105130088	27674	0.0039
1a56516e-94bd-4418-b794-f356e7993bf6	13	105132170	105769688	502	-0.1076
1a56516e-94bd-4418-b794-f356e7993bf6	13	105769864	107245262	1167	-0.0017
1a56516e-94bd-4418-b794-f356e7993bf6	13	107248689	107249633	2	-2.6416
1a56516e-94bd-4418-b794-f356e7993bf6	13	107249799	108014553	650	-0.0105
1a56516e-94bd-4418-b794-f356e7993bf6	13	108015309	108016137	2	-2.3709
1a56516e-94bd-4418-b794-f356e7993bf6	13	108016916	110020621	1617	-0.0147
1a56516e-94bd-4418-b794-f356e7993bf6	13	110021267	110022851	4	-2.2473
1a56516e-94bd-4418-b794-f356e7993bf6	13	110026428	110936620	761	0.0137
1a56516e-94bd-4418-b794-f356e7993bf6	13	110936805	110940433	3	-1.3161
1a56516e-94bd-4418-b794-f356e7993bf6	13	110941584	114342922	1862	0.0338
1a56516e-94bd-4418-b794-f356e7993bf6	14	18239283	19955213	167	0.3833
1a56516e-94bd-4418-b794-f356e7993bf6	14	19956767	22037078	1444	0.0195
1a56516e-94bd-4418-b794-f356e7993bf6	14	22037853	22490949	378	-0.2782
1a56516e-94bd-4418-b794-f356e7993bf6	14	22490986	27085606	2990	0.0132
1a56516e-94bd-4418-b794-f356e7993bf6	14	27089862	27117363	17	-0.6028
1a56516e-94bd-4418-b794-f356e7993bf6	14	27118576	35196168	5041	0.0059
1a56516e-94bd-4418-b794-f356e7993bf6	14	35202598	37432877	1466	0.2177
1a56516e-94bd-4418-b794-f356e7993bf6	14	37435326	51804561	8611	0
1a56516e-94bd-4418-b794-f356e7993bf6	14	51804883	51808473	2	-2.6915
1a56516e-94bd-4418-b794-f356e7993bf6	14	51808935	55719316	2597	0.025
1a56516e-94bd-4418-b794-f356e7993bf6	14	55719899	55722011	4	-1.185
1a56516e-94bd-4418-b794-f356e7993bf6	14	55722612	73972990	11710	0.0152
1a56516e-94bd-4418-b794-f356e7993bf6	14	73973299	80671358	4495	-0.2017
1a56516e-94bd-4418-b794-f356e7993bf6	14	80674878	80675280	3	-1.547
1a56516e-94bd-4418-b794-f356e7993bf6	14	80675347	85818410	3437	-0.2125
1a56516e-94bd-4418-b794-f356e7993bf6	14	85819968	85845829	14	-1.2979
1a56516e-94bd-4418-b794-f356e7993bf6	14	85849791	106284182	12655	-0.2005
1a56516e-94bd-4418-b794-f356e7993bf6	14	106290131	106340102	23	-0.0137
1a56516e-94bd-4418-b794-f356e7993bf6	14	106340305	106362628	8	0.883
1a56516e-94bd-4418-b794-f356e7993bf6	14	106364815	106877229	271	-0.0909
1a56516e-94bd-4418-b794-f356e7993bf6	15	19811075	22624663	221	0.3717
1a56516e-94bd-4418-b794-f356e7993bf6	15	22631647	32766103	5832	0.0064
1a56516e-94bd-4418-b794-f356e7993bf6	15	32768949	32768994	2	-3.4996
1a56516e-94bd-4418-b794-f356e7993bf6	15	32769522	61279129	18601	-0.0035
1a56516e-94bd-4418-b794-f356e7993bf6	15	61279220	61279932	2	-1.7495
1a56516e-94bd-4418-b794-f356e7993bf6	15	61281909	76599170	9229	0.0004
1a56516e-94bd-4418-b794-f356e7993bf6	15	76599286	76603003	13	-1.8573
1a56516e-94bd-4418-b794-f356e7993bf6	15	76603426	93366464	11200	0.0059
1a56516e-94bd-4418-b794-f356e7993bf6	15	93368421	93396363	20	-0.629
1a56516e-94bd-4418-b794-f356e7993bf6	15	93399035	101928837	6379	-0.0038
1a56516e-94bd-4418-b794-f356e7993bf6	16	10777	31954295	19920	0.0285
1a56516e-94bd-4418-b794-f356e7993bf6	16	31959228	34176391	116	0.3506
1a56516e-94bd-4418-b794-f356e7993bf6	16	34196508	46597673	455	0.1043
1a56516e-94bd-4418-b794-f356e7993bf6	16	46600539	55762598	6407	0.0194
1a56516e-94bd-4418-b794-f356e7993bf6	16	55762663	55788485	19	0.9025
1a56516e-94bd-4418-b794-f356e7993bf6	16	55788532	57895097	1270	0.0262
1a56516e-94bd-4418-b794-f356e7993bf6	16	57899050	57899133	2	-1.9705
1a56516e-94bd-4418-b794-f356e7993bf6	16	57899162	78198201	12852	0.0102
1a56516e-94bd-4418-b794-f356e7993bf6	16	78198723	78335549	137	0.202
1a56516e-94bd-4418-b794-f356e7993bf6	16	78335563	78337711	3	-0.2486
1a56516e-94bd-4418-b794-f356e7993bf6	16	78338543	78350868	17	0.9381
1a56516e-94bd-4418-b794-f356e7993bf6	16	78351104	78352187	6	-0.1342
1a56516e-94bd-4418-b794-f356e7993bf6	16	78357320	78385976	57	0.2332
1a56516e-94bd-4418-b794-f356e7993bf6	16	78386061	78678720	374	-0.0014
1a56516e-94bd-4418-b794-f356e7993bf6	16	78679170	79082064	570	0.1667
1a56516e-94bd-4418-b794-f356e7993bf6	16	79082607	79083711	4	-1.2267
1a56516e-94bd-4418-b794-f356e7993bf6	16	79084713	79403043	359	0.2324
1a56516e-94bd-4418-b794-f356e7993bf6	16	79403148	81175217	1878	0.013
1a56516e-94bd-4418-b794-f356e7993bf6	16	81175773	81202012	26	-0.6335
1a56516e-94bd-4418-b794-f356e7993bf6	16	81202911	82669218	1454	0.0185
1a56516e-94bd-4418-b794-f356e7993bf6	16	82670477	82673743	11	-0.8987
1a56516e-94bd-4418-b794-f356e7993bf6	16	82675556	84194699	1731	0.0136
1a56516e-94bd-4418-b794-f356e7993bf6	16	84197918	84202505	9	-1.7059
1a56516e-94bd-4418-b794-f356e7993bf6	16	84205736	85891963	1312	0.0495
1a56516e-94bd-4418-b794-f356e7993bf6	16	85893473	85898526	2	-2.0777
1a56516e-94bd-4418-b794-f356e7993bf6	16	85899432	86753996	1034	0.0078
1a56516e-94bd-4418-b794-f356e7993bf6	16	86754729	86756098	5	-1.433
1a56516e-94bd-4418-b794-f356e7993bf6	16	86758840	88713615	1176	0.0364
1a56516e-94bd-4418-b794-f356e7993bf6	16	88714110	88818672	25	-0.4001
1a56516e-94bd-4418-b794-f356e7993bf6	16	88823106	90096867	570	0.0634
1a56516e-94bd-4418-b794-f356e7993bf6	17	150733	940396	434	-0.1078
1a56516e-94bd-4418-b794-f356e7993bf6	17	944274	14379461	8559	-0.2004
1a56516e-94bd-4418-b794-f356e7993bf6	17	14379850	14388230	10	-1.0829
1a56516e-94bd-4418-b794-f356e7993bf6	17	14389545	20064697	3035	-0.1789
1a56516e-94bd-4418-b794-f356e7993bf6	17	20065107	21019834	360	-0.0075
1a56516e-94bd-4418-b794-f356e7993bf6	17	21019978	32333634	2973	0.1723
1a56516e-94bd-4418-b794-f356e7993bf6	17	32334231	36711864	3104	0.2331
1a56516e-94bd-4418-b794-f356e7993bf6	17	36714230	39266884	1236	0.1588
1a56516e-94bd-4418-b794-f356e7993bf6	17	39267435	39826630	300	0.3644
1a56516e-94bd-4418-b794-f356e7993bf6	17	39828682	41266838	787	0.2279
1a56516e-94bd-4418-b794-f356e7993bf6	17	41266851	41273905	15	0.8248
1a56516e-94bd-4418-b794-f356e7993bf6	17	41273921	41274198	3	2.5007
1a56516e-94bd-4418-b794-f356e7993bf6	17	41274279	42954068	891	0.227
1a56516e-94bd-4418-b794-f356e7993bf6	17	42956213	44429460	769	0.0091
1a56516e-94bd-4418-b794-f356e7993bf6	17	44440196	45117838	332	0.2152
1a56516e-94bd-4418-b794-f356e7993bf6	17	45118296	45118646	5	-0.4982
1a56516e-94bd-4418-b794-f356e7993bf6	17	45119179	45152726	12	0.2429
1a56516e-94bd-4418-b794-f356e7993bf6	17	45153098	45454667	130	0.4097
1a56516e-94bd-4418-b794-f356e7993bf6	17	45454943	46717824	502	0.5096
1a56516e-94bd-4418-b794-f356e7993bf6	17	46717868	50066850	1736	0.3887
1a56516e-94bd-4418-b794-f356e7993bf6	17	50067290	50691968	345	0.2468
1a56516e-94bd-4418-b794-f356e7993bf6	17	50696131	51168984	217	0.425
1a56516e-94bd-4418-b794-f356e7993bf6	17	51169113	52783619	1199	0.2749
1a56516e-94bd-4418-b794-f356e7993bf6	17	52785591	55486421	1767	0.1427
1a56516e-94bd-4418-b794-f356e7993bf6	17	55486612	57437933	1604	0.2151
1a56516e-94bd-4418-b794-f356e7993bf6	17	57439363	61895122	2305	0.1191
1a56516e-94bd-4418-b794-f356e7993bf6	17	61896889	63915777	892	0.2032
1a56516e-94bd-4418-b794-f356e7993bf6	17	63916784	64994423	466	0.089
1a56516e-94bd-4418-b794-f356e7993bf6	17	64994766	68000822	1985	0.2302
1a56516e-94bd-4418-b794-f356e7993bf6	17	68019847	68647943	330	0.426
1a56516e-94bd-4418-b794-f356e7993bf6	17	68648152	72494923	2920	0.2194
1a56516e-94bd-4418-b794-f356e7993bf6	17	72496900	74403733	1403	0.4359
1a56516e-94bd-4418-b794-f356e7993bf6	17	74405491	76324260	891	0.261
1a56516e-94bd-4418-b794-f356e7993bf6	17	76337045	76344710	5	-0.8805
1a56516e-94bd-4418-b794-f356e7993bf6	17	76355062	76438390	52	0.3216
1a56516e-94bd-4418-b794-f356e7993bf6	17	76438735	78627128	1322	0.1327
1a56516e-94bd-4418-b794-f356e7993bf6	17	78629364	78648485	14	-0.3952
1a56516e-94bd-4418-b794-f356e7993bf6	17	78652444	78682128	27	0.1182
1a56516e-94bd-4418-b794-f356e7993bf6	17	78682858	81282198	1397	0.22
1a56516e-94bd-4418-b794-f356e7993bf6	17	81282420	81282457	2	-1.8976
1a56516e-94bd-4418-b794-f356e7993bf6	17	81288009	83091923	661	0.1705
1a56516e-94bd-4418-b794-f356e7993bf6	18	48133	152424	24	0.3987
1a56516e-94bd-4418-b794-f356e7993bf6	18	155566	14104214	10004	-0.0024
1a56516e-94bd-4418-b794-f356e7993bf6	18	14108789	14351376	56	0.3555
1a56516e-94bd-4418-b794-f356e7993bf6	18	14351753	14980541	214	0.0343
1a56516e-94bd-4418-b794-f356e7993bf6	18	14993210	20986206	103	0.2744
1a56516e-94bd-4418-b794-f356e7993bf6	18	20991561	26802729	3484	0.0074
1a56516e-94bd-4418-b794-f356e7993bf6	18	26803136	26803391	2	-1.4513
1a56516e-94bd-4418-b794-f356e7993bf6	18	26803955	31251025	2771	-0.0106
1a56516e-94bd-4418-b794-f356e7993bf6	18	31255345	31376382	81	0.1941
1a56516e-94bd-4418-b794-f356e7993bf6	18	31377109	40680516	6025	0.0916
1a56516e-94bd-4418-b794-f356e7993bf6	18	40680526	40689848	17	-0.5447
1a56516e-94bd-4418-b794-f356e7993bf6	18	40690108	43489767	1855	0.0975
1a56516e-94bd-4418-b794-f356e7993bf6	18	43489913	43493065	2	-1.709
1a56516e-94bd-4418-b794-f356e7993bf6	18	43498235	60250615	11559	0.1024
1a56516e-94bd-4418-b794-f356e7993bf6	18	60250708	60251118	8	-0.6762
1a56516e-94bd-4418-b794-f356e7993bf6	18	60254878	66095064	4110	0.082
1a56516e-94bd-4418-b794-f356e7993bf6	18	66099904	66100686	3	-2.1929
1a56516e-94bd-4418-b794-f356e7993bf6	18	66108359	66185521	55	0.103
1a56516e-94bd-4418-b794-f356e7993bf6	18	66185594	71392537	3726	0.1618
1a56516e-94bd-4418-b794-f356e7993bf6	18	71392837	73906496	2029	0.1007
1a56516e-94bd-4418-b794-f356e7993bf6	18	73907108	80257174	4559	0.1836
1a56516e-94bd-4418-b794-f356e7993bf6	19	90910	6951984	2291	0.021
1a56516e-94bd-4418-b794-f356e7993bf6	19	6957866	7015036	44	-1.0308
1a56516e-94bd-4418-b794-f356e7993bf6	19	7071383	19838400	6216	0.0091
1a56516e-94bd-4418-b794-f356e7993bf6	19	19838497	20971362	671	0.15
1a56516e-94bd-4418-b794-f356e7993bf6	19	20972535	23888352	1681	0.0264
1a56516e-94bd-4418-b794-f356e7993bf6	19	23899210	27581134	283	0.1786
1a56516e-94bd-4418-b794-f356e7993bf6	19	27581903	35364547	5503	0.0149
1a56516e-94bd-4418-b794-f356e7993bf6	19	35365141	35375842	20	-0.4374
1a56516e-94bd-4418-b794-f356e7993bf6	19	35375884	36355288	441	0.0163
1a56516e-94bd-4418-b794-f356e7993bf6	19	36355726	36356789	10	0.5833
1a56516e-94bd-4418-b794-f356e7993bf6	19	36356859	37919402	795	0.0008
1a56516e-94bd-4418-b794-f356e7993bf6	19	37925174	37926744	2	-1.3689
1a56516e-94bd-4418-b794-f356e7993bf6	19	37927565	42711176	2412	0.0309
1a56516e-94bd-4418-b794-f356e7993bf6	19	42712819	43262860	225	0.2466
1a56516e-94bd-4418-b794-f356e7993bf6	19	43263109	52706243	4866	0.0228
1a56516e-94bd-4418-b794-f356e7993bf6	19	52707688	52912916	160	0.2488
1a56516e-94bd-4418-b794-f356e7993bf6	19	52920767	58586487	3463	0.0363
1a56516e-94bd-4418-b794-f356e7993bf6	20	80664	1571811	1181	0.0501
1a56516e-94bd-4418-b794-f356e7993bf6	20	1576544	1598475	52	-0.5009
1a56516e-94bd-4418-b794-f356e7993bf6	20	1599742	26243033	18726	0.0116
1a56516e-94bd-4418-b794-f356e7993bf6	20	26243271	30417073	82	0.3656
1a56516e-94bd-4418-b794-f356e7993bf6	20	31247246	42469173	6579	0.0256
1a56516e-94bd-4418-b794-f356e7993bf6	20	42469996	42470971	2	1.3359
1a56516e-94bd-4418-b794-f356e7993bf6	20	42471037	42626973	152	0.0675
1a56516e-94bd-4418-b794-f356e7993bf6	20	42627137	42627875	4	-0.9526
1a56516e-94bd-4418-b794-f356e7993bf6	20	42628366	45573245	2075	0.0196
1a56516e-94bd-4418-b794-f356e7993bf6	20	45575904	45581001	4	-1.2214
1a56516e-94bd-4418-b794-f356e7993bf6	20	45581644	50165997	3118	0.0282
1a56516e-94bd-4418-b794-f356e7993bf6	20	50175182	50176256	2	-1.5228
1a56516e-94bd-4418-b794-f356e7993bf6	20	50178380	54034615	2874	0.0053
1a56516e-94bd-4418-b794-f356e7993bf6	20	54035082	54042112	34	-0.7096
1a56516e-94bd-4418-b794-f356e7993bf6	20	54046035	63588502	7128	0.0236
1a56516e-94bd-4418-b794-f356e7993bf6	20	63589896	63604928	11	-0.6615
1a56516e-94bd-4418-b794-f356e7993bf6	20	63610189	64324800	301	0.0546
1a56516e-94bd-4418-b794-f356e7993bf6	21	10354168	10548478	40	0.2713
1a56516e-94bd-4418-b794-f356e7993bf6	21	10548553	13013344	54	0.6402
1a56516e-94bd-4418-b794-f356e7993bf6	21	13013569	13974127	229	0.1731
1a56516e-94bd-4418-b794-f356e7993bf6	21	13975300	46677045	23509	-0.0118
1a56516e-94bd-4418-b794-f356e7993bf6	22	15294547	16448897	56	0.5109
1a56516e-94bd-4418-b794-f356e7993bf6	22	16460053	17039481	254	0.1799
1a56516e-94bd-4418-b794-f356e7993bf6	22	17043300	18142004	799	0.0866
1a56516e-94bd-4418-b794-f356e7993bf6	22	18143362	21620414	1635	0.1933
1a56516e-94bd-4418-b794-f356e7993bf6	22	21620714	22398345	713	-0.0206
1a56516e-94bd-4418-b794-f356e7993bf6	22	22398407	22398545	3	-1.4207
1a56516e-94bd-4418-b794-f356e7993bf6	22	22402989	23287669	515	-0.0127
1a56516e-94bd-4418-b794-f356e7993bf6	22	23288100	23290818	4	-1.0886
1a56516e-94bd-4418-b794-f356e7993bf6	22	23293510	25510394	1476	-0.0482
1a56516e-94bd-4418-b794-f356e7993bf6	22	25510455	25535483	55	0.2299
1a56516e-94bd-4418-b794-f356e7993bf6	22	25535613	28734024	2745	-0.0906
1a56516e-94bd-4418-b794-f356e7993bf6	22	28734312	29352809	376	0.0151
1a56516e-94bd-4418-b794-f356e7993bf6	22	29352870	38967760	6596	-0.0908
1a56516e-94bd-4418-b794-f356e7993bf6	22	38967967	38998468	25	0.4046
1a56516e-94bd-4418-b794-f356e7993bf6	22	38999277	48958751	6823	-0.0827
1a56516e-94bd-4418-b794-f356e7993bf6	22	48959224	48968852	12	-1.1454
1a56516e-94bd-4418-b794-f356e7993bf6	22	48969821	50745440	1147	-0.0717
1a56516e-94bd-4418-b794-f356e7993bf6	22	50749902	50796027	11	0.3422
1a56516e-94bd-4418-b794-f356e7993bf6	X	251810	33016577	20500	0.0026
1a56516e-94bd-4418-b794-f356e7993bf6	X	33016740	33017814	4	-1.9215
1a56516e-94bd-4418-b794-f356e7993bf6	X	33018218	38437904	3201	-0.0061
1a56516e-94bd-4418-b794-f356e7993bf6	X	38438304	38438583	3	-1.8064
1a56516e-94bd-4418-b794-f356e7993bf6	X	38438756	55607575	8334	0.0159
1a56516e-94bd-4418-b794-f356e7993bf6	X	55608276	55984312	216	0.2139
1a56516e-94bd-4418-b794-f356e7993bf6	X	55987070	58080982	1006	0.0215
1a56516e-94bd-4418-b794-f356e7993bf6	X	58086886	63285991	280	0.158
1a56516e-94bd-4418-b794-f356e7993bf6	X	63297125	75653489	5474	0.0191
1a56516e-94bd-4418-b794-f356e7993bf6	X	75654103	75656201	4	-1.4627
1a56516e-94bd-4418-b794-f356e7993bf6	X	75656607	95098593	9918	0.0104
1a56516e-94bd-4418-b794-f356e7993bf6	X	95099206	95099472	2	-2.1855
1a56516e-94bd-4418-b794-f356e7993bf6	X	95099540	151076628	32233	0.013
1a56516e-94bd-4418-b794-f356e7993bf6	X	151078224	151079141	2	-2.2214
1a56516e-94bd-4418-b794-f356e7993bf6	X	151080512	155952689	2392	0.043
1a56516e-94bd-4418-b794-f356e7993bf6	Y	2782397	6233384	784	-2.3302
1a56516e-94bd-4418-b794-f356e7993bf6	Y	6249869	25971733	5684	-2.841
1a56516e-94bd-4418-b794-f356e7993bf6	Y	26077669	56872112	172	-2.3061
