GDC_Aliquot	Chromosome	Start	End	Num_Probes	Segment_Mean
98f4de43-99fc-429d-8cfb-e9149c224e12	1	62920	259407	14	-0.9597
98f4de43-99fc-429d-8cfb-e9149c224e12	1	259422	805477	13	-0.3058
98f4de43-99fc-429d-8cfb-e9149c224e12	1	806913	3286332	704	0.1411
98f4de43-99fc-429d-8cfb-e9149c224e12	1	3291811	16886219	7947	0.0127
98f4de43-99fc-429d-8cfb-e9149c224e12	1	16888327	16935393	46	0.5189
98f4de43-99fc-429d-8cfb-e9149c224e12	1	16935737	25256850	5249	0.012
98f4de43-99fc-429d-8cfb-e9149c224e12	1	25266637	25320455	24	-1.8634
98f4de43-99fc-429d-8cfb-e9149c224e12	1	25336819	38666759	7142	0.0151
98f4de43-99fc-429d-8cfb-e9149c224e12	1	38666760	38666761	2	2.2634
98f4de43-99fc-429d-8cfb-e9149c224e12	1	38669516	72284670	21462	-0.0003
98f4de43-99fc-429d-8cfb-e9149c224e12	1	72290430	72297687	9	-1.1312
98f4de43-99fc-429d-8cfb-e9149c224e12	1	72302735	72345465	48	0.9433
98f4de43-99fc-429d-8cfb-e9149c224e12	1	72346221	109684893	23478	-0.0069
98f4de43-99fc-429d-8cfb-e9149c224e12	1	109690352	109697556	12	1.3552
98f4de43-99fc-429d-8cfb-e9149c224e12	1	109702376	190856406	35175	0.0004
98f4de43-99fc-429d-8cfb-e9149c224e12	1	190856514	190863841	5	-1.2817
98f4de43-99fc-429d-8cfb-e9149c224e12	1	190867375	196843377	3936	-0.0141
98f4de43-99fc-429d-8cfb-e9149c224e12	1	196843400	196846661	2	-3.2277
98f4de43-99fc-429d-8cfb-e9149c224e12	1	196847600	247680410	34963	-0.0028
98f4de43-99fc-429d-8cfb-e9149c224e12	1	247686560	247701609	7	-1.1344
98f4de43-99fc-429d-8cfb-e9149c224e12	1	247704090	248930189	681	-0.0688
98f4de43-99fc-429d-8cfb-e9149c224e12	2	12784	242147305	148848	-0.0009
98f4de43-99fc-429d-8cfb-e9149c224e12	3	20930	1790373	1574	-0.1266
98f4de43-99fc-429d-8cfb-e9149c224e12	3	1791923	6003564	3677	-0.0317
98f4de43-99fc-429d-8cfb-e9149c224e12	3	6004802	6019852	5	-1.7566
98f4de43-99fc-429d-8cfb-e9149c224e12	3	6025254	21710974	10946	0.0009
98f4de43-99fc-429d-8cfb-e9149c224e12	3	21711474	22285125	556	-0.1174
98f4de43-99fc-429d-8cfb-e9149c224e12	3	22286251	26035222	2834	-0.001
98f4de43-99fc-429d-8cfb-e9149c224e12	3	26035897	26384700	220	-0.1606
98f4de43-99fc-429d-8cfb-e9149c224e12	3	26392633	39653102	8866	-0.002
98f4de43-99fc-429d-8cfb-e9149c224e12	3	39662697	39709264	25	0.4953
98f4de43-99fc-429d-8cfb-e9149c224e12	3	39721253	46750055	4336	0.0005
98f4de43-99fc-429d-8cfb-e9149c224e12	3	46751887	46807689	40	-0.8874
98f4de43-99fc-429d-8cfb-e9149c224e12	3	46808099	59943125	7285	-0.002
98f4de43-99fc-429d-8cfb-e9149c224e12	3	59944131	61009928	1198	-0.0815
98f4de43-99fc-429d-8cfb-e9149c224e12	3	61010124	84650033	15900	-0.0039
98f4de43-99fc-429d-8cfb-e9149c224e12	3	84650533	84653312	18	-0.8899
98f4de43-99fc-429d-8cfb-e9149c224e12	3	84653449	95737262	4115	-0.0198
98f4de43-99fc-429d-8cfb-e9149c224e12	3	95748036	95749266	2	-3.4309
98f4de43-99fc-429d-8cfb-e9149c224e12	3	95749836	99218940	1834	-0.0132
98f4de43-99fc-429d-8cfb-e9149c224e12	3	99225614	99230212	27	-2.9972
98f4de43-99fc-429d-8cfb-e9149c224e12	3	99230225	99230470	10	-1.1825
98f4de43-99fc-429d-8cfb-e9149c224e12	3	99230577	162795361	38859	-0.0079
98f4de43-99fc-429d-8cfb-e9149c224e12	3	162795671	162910826	69	-1.7255
98f4de43-99fc-429d-8cfb-e9149c224e12	3	162910855	162996729	69	-0.0763
98f4de43-99fc-429d-8cfb-e9149c224e12	3	162999939	163001774	2	-3.1548
98f4de43-99fc-429d-8cfb-e9149c224e12	3	163008371	173444687	6191	-0.011
98f4de43-99fc-429d-8cfb-e9149c224e12	3	173445369	173919621	332	-0.1534
98f4de43-99fc-429d-8cfb-e9149c224e12	3	173920106	192878608	12273	-0.0006
98f4de43-99fc-429d-8cfb-e9149c224e12	3	192884824	192884962	5	1.1823
98f4de43-99fc-429d-8cfb-e9149c224e12	3	192884985	193160113	203	-0.0246
98f4de43-99fc-429d-8cfb-e9149c224e12	3	193160173	193165114	19	-1.6891
98f4de43-99fc-429d-8cfb-e9149c224e12	3	193168646	198169247	2686	0.0016
98f4de43-99fc-429d-8cfb-e9149c224e12	4	68929	9462813	5137	0.0123
98f4de43-99fc-429d-8cfb-e9149c224e12	4	9463248	9477699	4	2.1562
98f4de43-99fc-429d-8cfb-e9149c224e12	4	9484440	10208766	535	0.0278
98f4de43-99fc-429d-8cfb-e9149c224e12	4	10221792	10229874	24	2.668
98f4de43-99fc-429d-8cfb-e9149c224e12	4	10232590	10389091	177	0.0068
98f4de43-99fc-429d-8cfb-e9149c224e12	4	10390730	10399044	16	-0.81
98f4de43-99fc-429d-8cfb-e9149c224e12	4	10401094	16352597	4640	-0.0068
98f4de43-99fc-429d-8cfb-e9149c224e12	4	16352788	16355211	2	-2.1728
98f4de43-99fc-429d-8cfb-e9149c224e12	4	16355359	34764075	12071	-0.0068
98f4de43-99fc-429d-8cfb-e9149c224e12	4	34764149	34822561	47	-0.4212
98f4de43-99fc-429d-8cfb-e9149c224e12	4	34823103	49214614	8929	-0.0137
98f4de43-99fc-429d-8cfb-e9149c224e12	4	49289175	49289338	2	-2.2755
98f4de43-99fc-429d-8cfb-e9149c224e12	4	49295203	63832015	7547	-0.0066
98f4de43-99fc-429d-8cfb-e9149c224e12	4	63832110	63857475	29	-0.6849
98f4de43-99fc-429d-8cfb-e9149c224e12	4	63859786	68506285	2855	-0.008
98f4de43-99fc-429d-8cfb-e9149c224e12	4	68509223	68620261	65	-1.8825
98f4de43-99fc-429d-8cfb-e9149c224e12	4	68623617	69010719	178	-0.0987
98f4de43-99fc-429d-8cfb-e9149c224e12	4	69011295	69011878	2	-2.1607
98f4de43-99fc-429d-8cfb-e9149c224e12	4	69012320	103816743	21092	-0.0079
98f4de43-99fc-429d-8cfb-e9149c224e12	4	103816811	103839885	37	-1.0476
98f4de43-99fc-429d-8cfb-e9149c224e12	4	103839930	114258287	6264	-0.0021
98f4de43-99fc-429d-8cfb-e9149c224e12	4	114258300	114261019	10	-1.047
98f4de43-99fc-429d-8cfb-e9149c224e12	4	114263073	131012610	9897	-0.0121
98f4de43-99fc-429d-8cfb-e9149c224e12	4	131013913	131407836	193	-0.2161
98f4de43-99fc-429d-8cfb-e9149c224e12	4	131409222	156046936	14690	-0.0081
98f4de43-99fc-429d-8cfb-e9149c224e12	4	156047028	156047146	3	-1.5656
98f4de43-99fc-429d-8cfb-e9149c224e12	4	156047321	158955878	1743	-0.005
98f4de43-99fc-429d-8cfb-e9149c224e12	4	158956195	158956216	2	-2.3422
98f4de43-99fc-429d-8cfb-e9149c224e12	4	158956221	160149103	720	0.0015
98f4de43-99fc-429d-8cfb-e9149c224e12	4	160149115	160149426	3	1.4401
98f4de43-99fc-429d-8cfb-e9149c224e12	4	160149572	160958989	597	0.0083
98f4de43-99fc-429d-8cfb-e9149c224e12	4	160959045	160960185	11	-1.2821
98f4de43-99fc-429d-8cfb-e9149c224e12	4	160963111	171448195	6640	-0.0127
98f4de43-99fc-429d-8cfb-e9149c224e12	4	171453733	171456293	8	-1.2221
98f4de43-99fc-429d-8cfb-e9149c224e12	4	171456307	188300104	11300	-0.0013
98f4de43-99fc-429d-8cfb-e9149c224e12	4	188300206	188300221	2	-2.5914
98f4de43-99fc-429d-8cfb-e9149c224e12	4	188300270	190106768	1141	-0.0405
98f4de43-99fc-429d-8cfb-e9149c224e12	5	15532	1927179	938	0.0977
98f4de43-99fc-429d-8cfb-e9149c224e12	5	1927239	46251204	29586	-0.0094
98f4de43-99fc-429d-8cfb-e9149c224e12	5	46270906	46273400	8	-2.0447
98f4de43-99fc-429d-8cfb-e9149c224e12	5	46278110	177771448	79835	-0.0048
98f4de43-99fc-429d-8cfb-e9149c224e12	5	177800550	177805604	3	2.6076
98f4de43-99fc-429d-8cfb-e9149c224e12	5	177827964	180766199	1685	0.002
98f4de43-99fc-429d-8cfb-e9149c224e12	5	180766779	180768522	4	-1.473
98f4de43-99fc-429d-8cfb-e9149c224e12	5	180769816	181363319	288	0.0729
98f4de43-99fc-429d-8cfb-e9149c224e12	6	149661	257353	101	0.0089
98f4de43-99fc-429d-8cfb-e9149c224e12	6	258265	343505	48	-0.5969
98f4de43-99fc-429d-8cfb-e9149c224e12	6	344175	23057409	17483	-0.0027
98f4de43-99fc-429d-8cfb-e9149c224e12	6	23060763	23060771	3	-1.7859
98f4de43-99fc-429d-8cfb-e9149c224e12	6	23064026	29869295	3919	-0.0032
98f4de43-99fc-429d-8cfb-e9149c224e12	6	29869410	29881490	16	-1.1905
98f4de43-99fc-429d-8cfb-e9149c224e12	6	29882419	32485152	1165	0.019
98f4de43-99fc-429d-8cfb-e9149c224e12	6	32486498	32541699	17	1.4363
98f4de43-99fc-429d-8cfb-e9149c224e12	6	32549151	32723020	89	0.1201
98f4de43-99fc-429d-8cfb-e9149c224e12	6	32723035	32723053	2	2.272
98f4de43-99fc-429d-8cfb-e9149c224e12	6	32732907	57298428	15562	0.0003
98f4de43-99fc-429d-8cfb-e9149c224e12	6	57298833	68019412	4656	-0.048
98f4de43-99fc-429d-8cfb-e9149c224e12	6	68019453	76726815	5520	-0.0037
98f4de43-99fc-429d-8cfb-e9149c224e12	6	76730151	76743040	21	-0.8173
98f4de43-99fc-429d-8cfb-e9149c224e12	6	76751356	78311592	1053	-0.0001
98f4de43-99fc-429d-8cfb-e9149c224e12	6	78311606	78325468	33	0.4621
98f4de43-99fc-429d-8cfb-e9149c224e12	6	78329517	80574999	1428	-0.0212
98f4de43-99fc-429d-8cfb-e9149c224e12	6	80575042	80579817	28	-1.0374
98f4de43-99fc-429d-8cfb-e9149c224e12	6	80584624	88584026	4961	-0.0088
98f4de43-99fc-429d-8cfb-e9149c224e12	6	88584110	88587151	2	-2.2649
98f4de43-99fc-429d-8cfb-e9149c224e12	6	88587472	93758123	3434	-0.0085
98f4de43-99fc-429d-8cfb-e9149c224e12	6	93758766	95390273	793	-0.106
98f4de43-99fc-429d-8cfb-e9149c224e12	6	95393148	137082276	25942	-0.0072
98f4de43-99fc-429d-8cfb-e9149c224e12	6	137082390	137084495	2	-1.9466
98f4de43-99fc-429d-8cfb-e9149c224e12	6	137089379	153636235	10969	-0.0028
98f4de43-99fc-429d-8cfb-e9149c224e12	6	153639651	153640284	2	-3.5295
98f4de43-99fc-429d-8cfb-e9149c224e12	6	153640764	154787957	811	-0.0101
98f4de43-99fc-429d-8cfb-e9149c224e12	6	154794674	154797092	2	-2.4112
98f4de43-99fc-429d-8cfb-e9149c224e12	6	154797305	162315468	5196	0.0089
98f4de43-99fc-429d-8cfb-e9149c224e12	6	162317537	162319074	19	-0.9784
98f4de43-99fc-429d-8cfb-e9149c224e12	6	162319408	170741917	5825	0.008
98f4de43-99fc-429d-8cfb-e9149c224e12	7	43355	18858682	13044	-0.0139
98f4de43-99fc-429d-8cfb-e9149c224e12	7	18859227	19383978	645	-0.14
98f4de43-99fc-429d-8cfb-e9149c224e12	7	19385852	54299223	24622	-0.0048
98f4de43-99fc-429d-8cfb-e9149c224e12	7	54318812	54318824	6	2.8539
98f4de43-99fc-429d-8cfb-e9149c224e12	7	54325795	56693807	1557	0.0005
98f4de43-99fc-429d-8cfb-e9149c224e12	7	56694420	56701121	3	-3.4121
98f4de43-99fc-429d-8cfb-e9149c224e12	7	56704473	88570013	14278	-0.006
98f4de43-99fc-429d-8cfb-e9149c224e12	7	88570233	89948195	904	-0.1498
98f4de43-99fc-429d-8cfb-e9149c224e12	7	89948316	109793720	11589	-0.0003
98f4de43-99fc-429d-8cfb-e9149c224e12	7	109793728	109801187	27	-0.6939
98f4de43-99fc-429d-8cfb-e9149c224e12	7	109801572	109814172	11	-2.0916
98f4de43-99fc-429d-8cfb-e9149c224e12	7	109814214	142062894	19884	-0.0066
98f4de43-99fc-429d-8cfb-e9149c224e12	7	142063324	142087562	22	-0.7543
98f4de43-99fc-429d-8cfb-e9149c224e12	7	142087732	144264193	1218	-0.0117
98f4de43-99fc-429d-8cfb-e9149c224e12	7	144295437	144312471	3	-1.8716
98f4de43-99fc-429d-8cfb-e9149c224e12	7	144326306	159334314	9606	-0.0041
98f4de43-99fc-429d-8cfb-e9149c224e12	8	81254	162796	2	2.3295
98f4de43-99fc-429d-8cfb-e9149c224e12	8	163380	5741248	5980	-0.0182
98f4de43-99fc-429d-8cfb-e9149c224e12	8	5741264	5746805	21	-1.0275
98f4de43-99fc-429d-8cfb-e9149c224e12	8	5746973	7380497	1720	-0.0048
98f4de43-99fc-429d-8cfb-e9149c224e12	8	7396819	8085660	36	-0.5815
98f4de43-99fc-429d-8cfb-e9149c224e12	8	8101440	25114672	13630	-0.0049
98f4de43-99fc-429d-8cfb-e9149c224e12	8	25116928	25126818	27	-0.6449
98f4de43-99fc-429d-8cfb-e9149c224e12	8	25133589	39372806	8965	-0.0073
98f4de43-99fc-429d-8cfb-e9149c224e12	8	39373140	39529446	59	-2.8633
98f4de43-99fc-429d-8cfb-e9149c224e12	8	39530780	111282852	41843	-0.0064
98f4de43-99fc-429d-8cfb-e9149c224e12	8	111282973	111283031	3	-3.6702
98f4de43-99fc-429d-8cfb-e9149c224e12	8	111288052	140932756	20979	-0.0048
98f4de43-99fc-429d-8cfb-e9149c224e12	8	140933929	141491390	338	0.1114
98f4de43-99fc-429d-8cfb-e9149c224e12	8	141493493	141493926	5	-1.2169
98f4de43-99fc-429d-8cfb-e9149c224e12	8	141494696	144840151	1356	0.1178
98f4de43-99fc-429d-8cfb-e9149c224e12	8	144843736	145072769	139	-0.0659
98f4de43-99fc-429d-8cfb-e9149c224e12	9	46587	1449294	1460	-0.0424
98f4de43-99fc-429d-8cfb-e9149c224e12	9	1449326	1450274	4	-2.3484
98f4de43-99fc-429d-8cfb-e9149c224e12	9	1450320	11315871	9204	-0.0188
98f4de43-99fc-429d-8cfb-e9149c224e12	9	11316481	12601031	1003	-0.1075
98f4de43-99fc-429d-8cfb-e9149c224e12	9	12601977	42574420	19488	-0.0145
98f4de43-99fc-429d-8cfb-e9149c224e12	9	42585140	42727685	14	-0.9197
98f4de43-99fc-429d-8cfb-e9149c224e12	9	42729302	42798441	18	0.0614
98f4de43-99fc-429d-8cfb-e9149c224e12	9	42800679	60889708	13	-0.491
98f4de43-99fc-429d-8cfb-e9149c224e12	9	60893611	61665362	41	0.4034
98f4de43-99fc-429d-8cfb-e9149c224e12	9	61668104	67216687	155	-0.2594
98f4de43-99fc-429d-8cfb-e9149c224e12	9	67375814	102077386	23485	0.0018
98f4de43-99fc-429d-8cfb-e9149c224e12	9	102077557	102274826	179	-0.24
98f4de43-99fc-429d-8cfb-e9149c224e12	9	102275557	116094241	10363	-0.0054
98f4de43-99fc-429d-8cfb-e9149c224e12	9	116094488	116098328	4	-1.5376
98f4de43-99fc-429d-8cfb-e9149c224e12	9	116098635	116764342	525	-0.0202
98f4de43-99fc-429d-8cfb-e9149c224e12	9	116764399	116764701	3	-1.5475
98f4de43-99fc-429d-8cfb-e9149c224e12	9	116764733	135319522	12036	0.0056
98f4de43-99fc-429d-8cfb-e9149c224e12	9	135322259	135324566	3	-2.4665
98f4de43-99fc-429d-8cfb-e9149c224e12	9	135325951	138200944	1105	0.0517
98f4de43-99fc-429d-8cfb-e9149c224e12	10	45792	6612167	5624	0.014
98f4de43-99fc-429d-8cfb-e9149c224e12	10	6615813	6622355	23	-0.85
98f4de43-99fc-429d-8cfb-e9149c224e12	10	6622545	42195114	23309	-0.0047
98f4de43-99fc-429d-8cfb-e9149c224e12	10	42211513	42272195	11	-0.7819
98f4de43-99fc-429d-8cfb-e9149c224e12	10	42287436	46898735	2610	-0.0118
98f4de43-99fc-429d-8cfb-e9149c224e12	10	46901552	46967412	2	-2.4194
98f4de43-99fc-429d-8cfb-e9149c224e12	10	47002596	54602317	5078	-0.003
98f4de43-99fc-429d-8cfb-e9149c224e12	10	54602525	56035909	963	-0.0917
98f4de43-99fc-429d-8cfb-e9149c224e12	10	56037638	111523160	36611	-0.0033
98f4de43-99fc-429d-8cfb-e9149c224e12	10	111523656	130926734	14461	-0.0347
98f4de43-99fc-429d-8cfb-e9149c224e12	10	130929505	133654968	1533	0.0203
98f4de43-99fc-429d-8cfb-e9149c224e12	11	198510	4946420	2413	0.0152
98f4de43-99fc-429d-8cfb-e9149c224e12	11	4947280	4954475	28	-1.9867
98f4de43-99fc-429d-8cfb-e9149c224e12	11	4955027	36929811	23451	-0.0026
98f4de43-99fc-429d-8cfb-e9149c224e12	11	36930129	37665349	501	-0.1328
98f4de43-99fc-429d-8cfb-e9149c224e12	11	37666990	50699618	7541	-0.0024
98f4de43-99fc-429d-8cfb-e9149c224e12	11	50703640	55606712	382	-0.1368
98f4de43-99fc-429d-8cfb-e9149c224e12	11	55606727	55685533	56	-0.5408
98f4de43-99fc-429d-8cfb-e9149c224e12	11	55686100	55865309	127	-0.1715
98f4de43-99fc-429d-8cfb-e9149c224e12	11	55866240	64855397	4974	-0.0055
98f4de43-99fc-429d-8cfb-e9149c224e12	11	64857840	65902628	401	0.1631
98f4de43-99fc-429d-8cfb-e9149c224e12	11	65903039	101723653	22922	-0.0074
98f4de43-99fc-429d-8cfb-e9149c224e12	11	101727129	101727233	4	1.7988
98f4de43-99fc-429d-8cfb-e9149c224e12	11	101727481	135074876	23602	-0.0014
98f4de43-99fc-429d-8cfb-e9149c224e12	12	51460	9500802	6156	0.0139
98f4de43-99fc-429d-8cfb-e9149c224e12	12	9508122	9554726	13	0.9588
98f4de43-99fc-429d-8cfb-e9149c224e12	12	9561078	10427861	630	-0.0019
98f4de43-99fc-429d-8cfb-e9149c224e12	12	10430768	10434721	3	-2.6925
98f4de43-99fc-429d-8cfb-e9149c224e12	12	10435926	11068125	401	-0.06
98f4de43-99fc-429d-8cfb-e9149c224e12	12	11070111	11088933	9	-1.3716
98f4de43-99fc-429d-8cfb-e9149c224e12	12	11099275	99398036	54584	-0.0033
98f4de43-99fc-429d-8cfb-e9149c224e12	12	99401515	99404956	31	-1.6409
98f4de43-99fc-429d-8cfb-e9149c224e12	12	99409315	133201603	22597	0.0047
98f4de43-99fc-429d-8cfb-e9149c224e12	13	18452809	37493006	13417	-0.0003
98f4de43-99fc-429d-8cfb-e9149c224e12	13	37493438	37510620	20	0.7942
98f4de43-99fc-429d-8cfb-e9149c224e12	13	37514193	58010656	12908	-0.0046
98f4de43-99fc-429d-8cfb-e9149c224e12	13	58016147	58022896	6	-1.4485
98f4de43-99fc-429d-8cfb-e9149c224e12	13	58027918	70160420	7419	-0.0208
98f4de43-99fc-429d-8cfb-e9149c224e12	13	70161932	70198634	46	-1.0222
98f4de43-99fc-429d-8cfb-e9149c224e12	13	70198763	105129990	23450	-0.0003
98f4de43-99fc-429d-8cfb-e9149c224e12	13	105130034	105914968	632	-0.1023
98f4de43-99fc-429d-8cfb-e9149c224e12	13	105916617	114342922	5922	0.0108
98f4de43-99fc-429d-8cfb-e9149c224e12	14	18239283	19215688	42	-0.0172
98f4de43-99fc-429d-8cfb-e9149c224e12	14	19256296	19966799	141	-0.3986
98f4de43-99fc-429d-8cfb-e9149c224e12	14	19966871	106877229	54968	-0.0022
98f4de43-99fc-429d-8cfb-e9149c224e12	15	19811075	22713392	243	-0.2589
98f4de43-99fc-429d-8cfb-e9149c224e12	15	22714022	24152245	834	0.0023
98f4de43-99fc-429d-8cfb-e9149c224e12	15	24152415	24570113	194	-0.1844
98f4de43-99fc-429d-8cfb-e9149c224e12	15	24570393	76562876	32481	0.0039
98f4de43-99fc-429d-8cfb-e9149c224e12	15	76566428	76599170	9	-0.3936
98f4de43-99fc-429d-8cfb-e9149c224e12	15	76599286	76603434	20	-2.2867
98f4de43-99fc-429d-8cfb-e9149c224e12	15	76609838	101928837	17540	0.0042
98f4de43-99fc-429d-8cfb-e9149c224e12	16	10777	1516381	487	0.1392
98f4de43-99fc-429d-8cfb-e9149c224e12	16	1517534	15418718	10708	0.0051
98f4de43-99fc-429d-8cfb-e9149c224e12	16	15422291	16196520	507	0.1176
98f4de43-99fc-429d-8cfb-e9149c224e12	16	16196638	18749771	1049	0.0203
98f4de43-99fc-429d-8cfb-e9149c224e12	16	18751134	18781388	10	-0.7983
98f4de43-99fc-429d-8cfb-e9149c224e12	16	18785267	35237861	7340	0.011
98f4de43-99fc-429d-8cfb-e9149c224e12	16	35237901	35878364	266	-0.1545
98f4de43-99fc-429d-8cfb-e9149c224e12	16	35884240	83995534	27032	0.0015
98f4de43-99fc-429d-8cfb-e9149c224e12	16	83995951	84954505	858	0.1246
98f4de43-99fc-429d-8cfb-e9149c224e12	16	84954615	88330387	2676	0.0207
98f4de43-99fc-429d-8cfb-e9149c224e12	16	88330665	90096867	733	0.1595
98f4de43-99fc-429d-8cfb-e9149c224e12	17	150733	1236097	548	0.134
98f4de43-99fc-429d-8cfb-e9149c224e12	17	1236662	18375514	10779	0.0053
98f4de43-99fc-429d-8cfb-e9149c224e12	17	18379235	18414080	20	0.2201
98f4de43-99fc-429d-8cfb-e9149c224e12	17	18452078	18596943	33	0.6036
98f4de43-99fc-429d-8cfb-e9149c224e12	17	18602377	41085237	9257	0.013
98f4de43-99fc-429d-8cfb-e9149c224e12	17	41088020	41089704	2	2.4324
98f4de43-99fc-429d-8cfb-e9149c224e12	17	41090139	41266762	99	-0.0021
98f4de43-99fc-429d-8cfb-e9149c224e12	17	41266774	41274279	22	-0.6936
98f4de43-99fc-429d-8cfb-e9149c224e12	17	41276472	46085732	2487	0.0137
98f4de43-99fc-429d-8cfb-e9149c224e12	17	46088437	46284997	122	0.9422
98f4de43-99fc-429d-8cfb-e9149c224e12	17	46286804	73749837	16685	0.0002
98f4de43-99fc-429d-8cfb-e9149c224e12	17	73749865	73751886	17	0.299
98f4de43-99fc-429d-8cfb-e9149c224e12	17	73755406	82985540	4734	0.0353
98f4de43-99fc-429d-8cfb-e9149c224e12	17	82985610	83091923	51	0.3346
98f4de43-99fc-429d-8cfb-e9149c224e12	18	48133	122470	13	-0.4755
98f4de43-99fc-429d-8cfb-e9149c224e12	18	136240	65533230	39744	-0.0046
98f4de43-99fc-429d-8cfb-e9149c224e12	18	65533243	65540037	18	0.7731
98f4de43-99fc-429d-8cfb-e9149c224e12	18	65540145	71377038	4173	-0.0172
98f4de43-99fc-429d-8cfb-e9149c224e12	18	71377495	73695671	1833	-0.0864
98f4de43-99fc-429d-8cfb-e9149c224e12	18	73695727	79421989	4338	0.009
98f4de43-99fc-429d-8cfb-e9149c224e12	18	79427165	80026054	263	0.1571
98f4de43-99fc-429d-8cfb-e9149c224e12	18	80026210	80257174	141	0.006
98f4de43-99fc-429d-8cfb-e9149c224e12	19	90910	10145541	3885	0.0215
98f4de43-99fc-429d-8cfb-e9149c224e12	19	10148964	11139463	407	0.4685
98f4de43-99fc-429d-8cfb-e9149c224e12	19	11149384	35358285	12357	0.001
98f4de43-99fc-429d-8cfb-e9149c224e12	19	35358319	35375884	26	0.6048
98f4de43-99fc-429d-8cfb-e9149c224e12	19	35375899	42786621	3668	-0.0009
98f4de43-99fc-429d-8cfb-e9149c224e12	19	42790238	43087618	128	0.513
98f4de43-99fc-429d-8cfb-e9149c224e12	19	43092819	51639099	4197	0.0189
98f4de43-99fc-429d-8cfb-e9149c224e12	19	51639362	51654016	15	0.6805
98f4de43-99fc-429d-8cfb-e9149c224e12	19	51654162	58586487	4311	0.0231
98f4de43-99fc-429d-8cfb-e9149c224e12	20	80664	1586808	1199	0.0202
98f4de43-99fc-429d-8cfb-e9149c224e12	20	1587007	1613247	37	-0.8165
98f4de43-99fc-429d-8cfb-e9149c224e12	20	1617300	43162530	25960	-0.0022
98f4de43-99fc-429d-8cfb-e9149c224e12	20	43162620	43162642	2	-2.9165
98f4de43-99fc-429d-8cfb-e9149c224e12	20	43163928	63598636	14684	-0.0006
98f4de43-99fc-429d-8cfb-e9149c224e12	20	63598754	64324800	305	0.1705
98f4de43-99fc-429d-8cfb-e9149c224e12	21	10354168	13582956	266	0.0104
98f4de43-99fc-429d-8cfb-e9149c224e12	21	13583316	13677975	5	-1.3107
98f4de43-99fc-429d-8cfb-e9149c224e12	21	13803967	22894458	6429	-0.01
98f4de43-99fc-429d-8cfb-e9149c224e12	21	22894957	22902370	3	-1.8993
98f4de43-99fc-429d-8cfb-e9149c224e12	21	22904494	23291576	321	-0.1217
98f4de43-99fc-429d-8cfb-e9149c224e12	21	23293302	45226792	15868	0.0026
98f4de43-99fc-429d-8cfb-e9149c224e12	21	45227163	45624835	219	0.1794
98f4de43-99fc-429d-8cfb-e9149c224e12	21	45626706	46677045	619	0.0277
98f4de43-99fc-429d-8cfb-e9149c224e12	22	15294547	18760941	1132	-0.0026
98f4de43-99fc-429d-8cfb-e9149c224e12	22	18783014	20520417	972	0.1524
98f4de43-99fc-429d-8cfb-e9149c224e12	22	20522222	23475053	1966	0.0641
98f4de43-99fc-429d-8cfb-e9149c224e12	22	23475227	48264068	17332	0.0071
98f4de43-99fc-429d-8cfb-e9149c224e12	22	48264673	50796027	1769	0.1024
98f4de43-99fc-429d-8cfb-e9149c224e12	X	251810	2748312	94	-0.5776
98f4de43-99fc-429d-8cfb-e9149c224e12	X	2785350	151952329	80258	0.0161
98f4de43-99fc-429d-8cfb-e9149c224e12	X	151952837	151952974	2	-2.4446
98f4de43-99fc-429d-8cfb-e9149c224e12	X	151953776	155734393	1733	0.0581
98f4de43-99fc-429d-8cfb-e9149c224e12	X	155734427	155952689	17	-0.6592
98f4de43-99fc-429d-8cfb-e9149c224e12	Y	2782397	6076562	716	-2.9047
98f4de43-99fc-429d-8cfb-e9149c224e12	Y	6080059	19609286	4820	-3.2922
98f4de43-99fc-429d-8cfb-e9149c224e12	Y	19614290	19622400	3	1.0723
98f4de43-99fc-429d-8cfb-e9149c224e12	Y	19623870	56872112	1064	-3.2361
