GDC_Aliquot	Chromosome	Start	End	Num_Probes	Segment_Mean
54f2b3ef-2e10-4630-a4c0-6fe0ea67cc63	1	62920	599171	20	-0.6098
54f2b3ef-2e10-4630-a4c0-6fe0ea67cc63	1	668210	16782786	8666	-0.056
54f2b3ef-2e10-4630-a4c0-6fe0ea67cc63	1	16784801	16949746	62	-0.5108
54f2b3ef-2e10-4630-a4c0-6fe0ea67cc63	1	16951445	21992508	3334	-0.063
54f2b3ef-2e10-4630-a4c0-6fe0ea67cc63	1	21996664	22011632	5	-1.2395
54f2b3ef-2e10-4630-a4c0-6fe0ea67cc63	1	22015896	29911805	4027	-0.0499
54f2b3ef-2e10-4630-a4c0-6fe0ea67cc63	1	29914111	30264526	294	-0.1489
54f2b3ef-2e10-4630-a4c0-6fe0ea67cc63	1	30265508	30272363	11	-0.7521
54f2b3ef-2e10-4630-a4c0-6fe0ea67cc63	1	30274729	42989612	7255	-0.1582
54f2b3ef-2e10-4630-a4c0-6fe0ea67cc63	1	42990707	51277212	4500	-0.0533
54f2b3ef-2e10-4630-a4c0-6fe0ea67cc63	1	51280383	61181484	6906	-0.3283
54f2b3ef-2e10-4630-a4c0-6fe0ea67cc63	1	61181690	62508124	995	0.0785
54f2b3ef-2e10-4630-a4c0-6fe0ea67cc63	1	62510801	63632517	726	-0.339
54f2b3ef-2e10-4630-a4c0-6fe0ea67cc63	1	63632618	72303233	5933	0.0874
54f2b3ef-2e10-4630-a4c0-6fe0ea67cc63	1	72303253	72345465	45	-1.3763
54f2b3ef-2e10-4630-a4c0-6fe0ea67cc63	1	72346221	105470754	20926	0.0971
54f2b3ef-2e10-4630-a4c0-6fe0ea67cc63	1	105476583	105479753	17	0.9134
54f2b3ef-2e10-4630-a4c0-6fe0ea67cc63	1	105481433	110833459	3481	0.101
54f2b3ef-2e10-4630-a4c0-6fe0ea67cc63	1	110833598	110841290	35	-0.6553
54f2b3ef-2e10-4630-a4c0-6fe0ea67cc63	1	110841313	112153651	1082	0.0928
54f2b3ef-2e10-4630-a4c0-6fe0ea67cc63	1	112153686	112154619	19	-0.3694
54f2b3ef-2e10-4630-a4c0-6fe0ea67cc63	1	112154754	120141112	5056	0.1011
54f2b3ef-2e10-4630-a4c0-6fe0ea67cc63	1	120144437	146150530	412	0.3076
54f2b3ef-2e10-4630-a4c0-6fe0ea67cc63	1	146161924	146250588	3	-1.1339
54f2b3ef-2e10-4630-a4c0-6fe0ea67cc63	1	146716041	152583051	2130	0.321
54f2b3ef-2e10-4630-a4c0-6fe0ea67cc63	1	152583230	152613762	31	-1.6318
54f2b3ef-2e10-4630-a4c0-6fe0ea67cc63	1	152613802	152614118	4	-0.3725
54f2b3ef-2e10-4630-a4c0-6fe0ea67cc63	1	152618018	152787202	167	0.3192
54f2b3ef-2e10-4630-a4c0-6fe0ea67cc63	1	152789447	152796224	37	0.7226
54f2b3ef-2e10-4630-a4c0-6fe0ea67cc63	1	152801429	169247699	11272	0.3045
54f2b3ef-2e10-4630-a4c0-6fe0ea67cc63	1	169264736	169272528	7	1.1264
54f2b3ef-2e10-4630-a4c0-6fe0ea67cc63	1	169273163	174827267	3517	0.3018
54f2b3ef-2e10-4630-a4c0-6fe0ea67cc63	1	174827418	174832716	17	-0.6156
54f2b3ef-2e10-4630-a4c0-6fe0ea67cc63	1	174832734	199138574	16061	0.3102
54f2b3ef-2e10-4630-a4c0-6fe0ea67cc63	1	199142235	199144712	9	-1.489
54f2b3ef-2e10-4630-a4c0-6fe0ea67cc63	1	199145110	234607746	24317	0.3108
54f2b3ef-2e10-4630-a4c0-6fe0ea67cc63	1	234614377	234726677	110	0.6148
54f2b3ef-2e10-4630-a4c0-6fe0ea67cc63	1	234729370	234820595	65	0.1861
54f2b3ef-2e10-4630-a4c0-6fe0ea67cc63	1	234821304	234935937	106	0.5804
54f2b3ef-2e10-4630-a4c0-6fe0ea67cc63	1	234936222	248930189	9806	-0.0435
54f2b3ef-2e10-4630-a4c0-6fe0ea67cc63	2	12784	34466002	24067	0.2104
54f2b3ef-2e10-4630-a4c0-6fe0ea67cc63	2	34474248	34511990	46	0.9768
54f2b3ef-2e10-4630-a4c0-6fe0ea67cc63	2	34512096	52527330	12997	0.2159
54f2b3ef-2e10-4630-a4c0-6fe0ea67cc63	2	52527342	52554404	39	-2.0877
54f2b3ef-2e10-4630-a4c0-6fe0ea67cc63	2	52560811	75207119	14499	0.2145
54f2b3ef-2e10-4630-a4c0-6fe0ea67cc63	2	75215518	75216464	2	-1.2289
54f2b3ef-2e10-4630-a4c0-6fe0ea67cc63	2	75220297	79426696	2933	0.2225
54f2b3ef-2e10-4630-a4c0-6fe0ea67cc63	2	79427292	86710564	4468	0.1598
54f2b3ef-2e10-4630-a4c0-6fe0ea67cc63	2	86725947	86726731	2	-1.5921
54f2b3ef-2e10-4630-a4c0-6fe0ea67cc63	2	86743283	87521665	172	0.0694
54f2b3ef-2e10-4630-a4c0-6fe0ea67cc63	2	87522664	87575894	8	-0.6377
54f2b3ef-2e10-4630-a4c0-6fe0ea67cc63	2	87576101	89988886	694	0.1579
54f2b3ef-2e10-4630-a4c0-6fe0ea67cc63	2	89988898	91741787	125	0.2523
54f2b3ef-2e10-4630-a4c0-6fe0ea67cc63	2	91742041	96899553	778	0.1131
54f2b3ef-2e10-4630-a4c0-6fe0ea67cc63	2	96900411	97359885	152	-0.0185
54f2b3ef-2e10-4630-a4c0-6fe0ea67cc63	2	97524284	97545726	9	-1.2247
54f2b3ef-2e10-4630-a4c0-6fe0ea67cc63	2	97550415	128880928	18955	0.0147
54f2b3ef-2e10-4630-a4c0-6fe0ea67cc63	2	128881200	128882723	12	-0.7676
54f2b3ef-2e10-4630-a4c0-6fe0ea67cc63	2	128882741	129441352	469	0.0118
54f2b3ef-2e10-4630-a4c0-6fe0ea67cc63	2	129441509	191411466	37482	0.0762
54f2b3ef-2e10-4630-a4c0-6fe0ea67cc63	2	191412645	191414330	4	-2.1226
54f2b3ef-2e10-4630-a4c0-6fe0ea67cc63	2	191414819	207490231	9396	0.0757
54f2b3ef-2e10-4630-a4c0-6fe0ea67cc63	2	207490454	207494612	16	-0.8564
54f2b3ef-2e10-4630-a4c0-6fe0ea67cc63	2	207494752	242147305	22059	0.0799
54f2b3ef-2e10-4630-a4c0-6fe0ea67cc63	3	20930	75511990	52687	0.076
54f2b3ef-2e10-4630-a4c0-6fe0ea67cc63	3	75519398	75537654	6	-1.1629
54f2b3ef-2e10-4630-a4c0-6fe0ea67cc63	3	75546030	90436486	8118	0.0802
54f2b3ef-2e10-4630-a4c0-6fe0ea67cc63	3	90436812	93851254	26	0.3216
54f2b3ef-2e10-4630-a4c0-6fe0ea67cc63	3	93856804	95324467	722	0.1797
54f2b3ef-2e10-4630-a4c0-6fe0ea67cc63	3	95327126	98190281	1507	0.2758
54f2b3ef-2e10-4630-a4c0-6fe0ea67cc63	3	98194581	98195973	2	-1.1223
54f2b3ef-2e10-4630-a4c0-6fe0ea67cc63	3	98197104	99225614	592	0.2546
54f2b3ef-2e10-4630-a4c0-6fe0ea67cc63	3	99225632	99230577	37	-0.4642
54f2b3ef-2e10-4630-a4c0-6fe0ea67cc63	3	99232120	110711330	6885	0.2681
54f2b3ef-2e10-4630-a4c0-6fe0ea67cc63	3	110712048	113703067	1892	0.0821
54f2b3ef-2e10-4630-a4c0-6fe0ea67cc63	3	113707366	114562109	460	0.2104
54f2b3ef-2e10-4630-a4c0-6fe0ea67cc63	3	114566867	130072667	9473	0.0902
54f2b3ef-2e10-4630-a4c0-6fe0ea67cc63	3	130073568	130079938	13	1.0293
54f2b3ef-2e10-4630-a4c0-6fe0ea67cc63	3	130080170	136300257	4031	0.0835
54f2b3ef-2e10-4630-a4c0-6fe0ea67cc63	3	136304109	136306584	2	-2.7293
54f2b3ef-2e10-4630-a4c0-6fe0ea67cc63	3	136319699	151794906	9547	0.1008
54f2b3ef-2e10-4630-a4c0-6fe0ea67cc63	3	151796802	151825513	25	-0.6566
54f2b3ef-2e10-4630-a4c0-6fe0ea67cc63	3	151828091	154812935	1814	0.1236
54f2b3ef-2e10-4630-a4c0-6fe0ea67cc63	3	154817313	154827717	4	-0.8784
54f2b3ef-2e10-4630-a4c0-6fe0ea67cc63	3	154827731	158632329	2228	0.1209
54f2b3ef-2e10-4630-a4c0-6fe0ea67cc63	3	158633095	158633756	2	-1.1555
54f2b3ef-2e10-4630-a4c0-6fe0ea67cc63	3	158641083	162505655	2421	0.1323
54f2b3ef-2e10-4630-a4c0-6fe0ea67cc63	3	162505687	162524753	24	0.454
54f2b3ef-2e10-4630-a4c0-6fe0ea67cc63	3	162524890	162795304	161	0.1423
54f2b3ef-2e10-4630-a4c0-6fe0ea67cc63	3	162795361	162908784	68	0.7478
54f2b3ef-2e10-4630-a4c0-6fe0ea67cc63	3	162908815	162996729	71	0.2241
54f2b3ef-2e10-4630-a4c0-6fe0ea67cc63	3	162999939	163008371	3	1.2528
54f2b3ef-2e10-4630-a4c0-6fe0ea67cc63	3	163008644	169012392	3362	0.1221
54f2b3ef-2e10-4630-a4c0-6fe0ea67cc63	3	169015614	169020840	2	-2.3484
54f2b3ef-2e10-4630-a4c0-6fe0ea67cc63	3	169022039	193160113	15709	0.1252
54f2b3ef-2e10-4630-a4c0-6fe0ea67cc63	3	193160173	193165114	19	-1.2037
54f2b3ef-2e10-4630-a4c0-6fe0ea67cc63	3	193168646	195559056	1480	0.1273
54f2b3ef-2e10-4630-a4c0-6fe0ea67cc63	3	195656271	195728637	26	0.6066
54f2b3ef-2e10-4630-a4c0-6fe0ea67cc63	3	195728990	198169247	1184	0.1545
54f2b3ef-2e10-4630-a4c0-6fe0ea67cc63	4	68929	4013870	1590	-0.1202
54f2b3ef-2e10-4630-a4c0-6fe0ea67cc63	4	4023544	4024468	2	-2.577
54f2b3ef-2e10-4630-a4c0-6fe0ea67cc63	4	4024541	10271164	4179	-0.1488
54f2b3ef-2e10-4630-a4c0-6fe0ea67cc63	4	10271419	10271903	2	-1.8627
54f2b3ef-2e10-4630-a4c0-6fe0ea67cc63	4	10271925	34777432	16916	-0.1343
54f2b3ef-2e10-4630-a4c0-6fe0ea67cc63	4	34784878	34823103	38	-0.9124
54f2b3ef-2e10-4630-a4c0-6fe0ea67cc63	4	34828250	49214614	8959	-0.1347
54f2b3ef-2e10-4630-a4c0-6fe0ea67cc63	4	49289175	49588639	12	-1.0417
54f2b3ef-2e10-4630-a4c0-6fe0ea67cc63	4	49618868	49654578	7	-0.531
54f2b3ef-2e10-4630-a4c0-6fe0ea67cc63	4	49656206	52340675	302	-0.1204
54f2b3ef-2e10-4630-a4c0-6fe0ea67cc63	4	52340799	52340828	2	-2.0143
54f2b3ef-2e10-4630-a4c0-6fe0ea67cc63	4	52345171	61071220	5754	-0.1214
54f2b3ef-2e10-4630-a4c0-6fe0ea67cc63	4	61075217	61076234	2	1.438
54f2b3ef-2e10-4630-a4c0-6fe0ea67cc63	4	61079968	68506285	4396	-0.1281
54f2b3ef-2e10-4630-a4c0-6fe0ea67cc63	4	68509223	68663241	70	-0.5365
54f2b3ef-2e10-4630-a4c0-6fe0ea67cc63	4	68671434	106579107	22889	-0.1319
54f2b3ef-2e10-4630-a4c0-6fe0ea67cc63	4	106579145	111388439	2920	-0.1862
54f2b3ef-2e10-4630-a4c0-6fe0ea67cc63	4	111388458	126436421	9158	-0.0928
54f2b3ef-2e10-4630-a4c0-6fe0ea67cc63	4	126442970	126444174	6	-1.1312
54f2b3ef-2e10-4630-a4c0-6fe0ea67cc63	4	126444744	140734962	8366	-0.1056
54f2b3ef-2e10-4630-a4c0-6fe0ea67cc63	4	140735191	190106768	31405	-0.1514
54f2b3ef-2e10-4630-a4c0-6fe0ea67cc63	5	15532	12815668	10181	0.464
54f2b3ef-2e10-4630-a4c0-6fe0ea67cc63	5	12815753	12838421	13	1.3367
54f2b3ef-2e10-4630-a4c0-6fe0ea67cc63	5	12849089	16854244	2762	0.4672
54f2b3ef-2e10-4630-a4c0-6fe0ea67cc63	5	16854596	21449167	2741	0.3282
54f2b3ef-2e10-4630-a4c0-6fe0ea67cc63	5	21451091	21452329	5	1.2549
54f2b3ef-2e10-4630-a4c0-6fe0ea67cc63	5	21452387	25607993	2386	0.3135
54f2b3ef-2e10-4630-a4c0-6fe0ea67cc63	5	25615482	29233249	2152	0.45
54f2b3ef-2e10-4630-a4c0-6fe0ea67cc63	5	29234741	32102625	2013	0.3026
54f2b3ef-2e10-4630-a4c0-6fe0ea67cc63	5	32106978	32152987	35	0.9714
54f2b3ef-2e10-4630-a4c0-6fe0ea67cc63	5	32155447	33813889	1091	0.2961
54f2b3ef-2e10-4630-a4c0-6fe0ea67cc63	5	33814068	33814383	2	1.6428
54f2b3ef-2e10-4630-a4c0-6fe0ea67cc63	5	33814600	34258602	248	0.3123
54f2b3ef-2e10-4630-a4c0-6fe0ea67cc63	5	34258752	37004274	1856	0.4698
54f2b3ef-2e10-4630-a4c0-6fe0ea67cc63	5	37009665	38640052	1038	0.7062
54f2b3ef-2e10-4630-a4c0-6fe0ea67cc63	5	38640396	38833816	153	0.882
54f2b3ef-2e10-4630-a4c0-6fe0ea67cc63	5	38834978	38843096	10	0.2939
54f2b3ef-2e10-4630-a4c0-6fe0ea67cc63	5	38848711	41701135	1938	0.5488
54f2b3ef-2e10-4630-a4c0-6fe0ea67cc63	5	41701284	46196012	2003	0.468
54f2b3ef-2e10-4630-a4c0-6fe0ea67cc63	5	46199332	46199333	2	-1.7501
54f2b3ef-2e10-4630-a4c0-6fe0ea67cc63	5	46209197	46251204	13	0.2959
54f2b3ef-2e10-4630-a4c0-6fe0ea67cc63	5	46270906	46273400	8	1.4403
54f2b3ef-2e10-4630-a4c0-6fe0ea67cc63	5	46278110	50159802	22	0.4143
54f2b3ef-2e10-4630-a4c0-6fe0ea67cc63	5	50163220	51699199	751	-0.1034
54f2b3ef-2e10-4630-a4c0-6fe0ea67cc63	5	51702909	52572748	480	-0.1659
54f2b3ef-2e10-4630-a4c0-6fe0ea67cc63	5	52574890	82666687	18400	-0.2038
54f2b3ef-2e10-4630-a4c0-6fe0ea67cc63	5	82666969	171077010	56167	-0.1739
54f2b3ef-2e10-4630-a4c0-6fe0ea67cc63	5	171077487	177070898	4022	-0.0867
54f2b3ef-2e10-4630-a4c0-6fe0ea67cc63	5	177077491	177664979	242	0.1811
54f2b3ef-2e10-4630-a4c0-6fe0ea67cc63	5	177669079	177771448	17	-0.1383
54f2b3ef-2e10-4630-a4c0-6fe0ea67cc63	5	177800550	177805604	3	2.5871
54f2b3ef-2e10-4630-a4c0-6fe0ea67cc63	5	177827964	181363319	1985	0.2063
54f2b3ef-2e10-4630-a4c0-6fe0ea67cc63	6	149661	15561660	12119	0.2121
54f2b3ef-2e10-4630-a4c0-6fe0ea67cc63	6	15561985	20923631	4023	0.0152
54f2b3ef-2e10-4630-a4c0-6fe0ea67cc63	6	20924243	29903859	5512	0.0901
54f2b3ef-2e10-4630-a4c0-6fe0ea67cc63	6	29906865	29933799	15	-0.6876
54f2b3ef-2e10-4630-a4c0-6fe0ea67cc63	6	29940692	31204878	564	0.1089
54f2b3ef-2e10-4630-a4c0-6fe0ea67cc63	6	31208262	32463515	587	0.1456
54f2b3ef-2e10-4630-a4c0-6fe0ea67cc63	6	32463775	32541699	22	1.426
54f2b3ef-2e10-4630-a4c0-6fe0ea67cc63	6	32549151	32656527	39	0.3523
54f2b3ef-2e10-4630-a4c0-6fe0ea67cc63	6	32656814	32658841	5	1.2756
54f2b3ef-2e10-4630-a4c0-6fe0ea67cc63	6	32682835	33763937	634	0.1077
54f2b3ef-2e10-4630-a4c0-6fe0ea67cc63	6	33764010	33969659	158	0.001
54f2b3ef-2e10-4630-a4c0-6fe0ea67cc63	6	33969677	33970222	8	0.4235
54f2b3ef-2e10-4630-a4c0-6fe0ea67cc63	6	33970966	33974834	6	-1.2625
54f2b3ef-2e10-4630-a4c0-6fe0ea67cc63	6	33974928	35749459	924	0.0256
54f2b3ef-2e10-4630-a4c0-6fe0ea67cc63	6	35750038	55960697	13176	-0.1069
54f2b3ef-2e10-4630-a4c0-6fe0ea67cc63	6	55961357	55978862	10	-0.9265
54f2b3ef-2e10-4630-a4c0-6fe0ea67cc63	6	55986080	66328153	4139	-0.0927
54f2b3ef-2e10-4630-a4c0-6fe0ea67cc63	6	66331020	66333004	6	-2.4572
54f2b3ef-2e10-4630-a4c0-6fe0ea67cc63	6	66333299	70029102	2482	-0.0992
54f2b3ef-2e10-4630-a4c0-6fe0ea67cc63	6	70029385	76305231	4004	0.0039
54f2b3ef-2e10-4630-a4c0-6fe0ea67cc63	6	76307183	76307209	3	1.0616
54f2b3ef-2e10-4630-a4c0-6fe0ea67cc63	6	76307276	76601428	200	-0.0393
54f2b3ef-2e10-4630-a4c0-6fe0ea67cc63	6	76603950	76617568	14	-0.7763
54f2b3ef-2e10-4630-a4c0-6fe0ea67cc63	6	76618975	109807064	20717	0.0082
54f2b3ef-2e10-4630-a4c0-6fe0ea67cc63	6	109808834	121459616	7005	-0.1036
54f2b3ef-2e10-4630-a4c0-6fe0ea67cc63	6	121461667	124028598	1577	0.0203
54f2b3ef-2e10-4630-a4c0-6fe0ea67cc63	6	124028965	125564302	1064	0.1214
54f2b3ef-2e10-4630-a4c0-6fe0ea67cc63	6	125565014	167729262	28502	-0.1077
54f2b3ef-2e10-4630-a4c0-6fe0ea67cc63	6	167737480	170741917	1931	-0.0584
54f2b3ef-2e10-4630-a4c0-6fe0ea67cc63	7	43355	1637763	473	0.0765
54f2b3ef-2e10-4630-a4c0-6fe0ea67cc63	7	1638109	6135262	2682	-0.1384
54f2b3ef-2e10-4630-a4c0-6fe0ea67cc63	7	6138102	11877020	4401	0.0296
54f2b3ef-2e10-4630-a4c0-6fe0ea67cc63	7	11880724	11881544	4	-1.3076
54f2b3ef-2e10-4630-a4c0-6fe0ea67cc63	7	11881793	12315343	387	0.0085
54f2b3ef-2e10-4630-a4c0-6fe0ea67cc63	7	12315677	12315794	2	-1.545
54f2b3ef-2e10-4630-a4c0-6fe0ea67cc63	7	12316159	13360135	748	0.0421
54f2b3ef-2e10-4630-a4c0-6fe0ea67cc63	7	13361106	21916374	6946	-0.1393
54f2b3ef-2e10-4630-a4c0-6fe0ea67cc63	7	21917005	22122035	180	0.0378
54f2b3ef-2e10-4630-a4c0-6fe0ea67cc63	7	22124826	57459328	24483	-0.1489
54f2b3ef-2e10-4630-a4c0-6fe0ea67cc63	7	57459587	76426530	6401	-0.2085
54f2b3ef-2e10-4630-a4c0-6fe0ea67cc63	7	76443274	109793741	20161	0.0089
54f2b3ef-2e10-4630-a4c0-6fe0ea67cc63	7	109797035	109797715	15	0.7244
54f2b3ef-2e10-4630-a4c0-6fe0ea67cc63	7	109797717	109801155	9	-0.0405
54f2b3ef-2e10-4630-a4c0-6fe0ea67cc63	7	109801187	109813853	11	0.7991
54f2b3ef-2e10-4630-a4c0-6fe0ea67cc63	7	109813925	111437786	1104	0.0224
54f2b3ef-2e10-4630-a4c0-6fe0ea67cc63	7	111438748	111438762	2	-1.503
54f2b3ef-2e10-4630-a4c0-6fe0ea67cc63	7	111439284	120662233	5360	0.0102
54f2b3ef-2e10-4630-a4c0-6fe0ea67cc63	7	120664313	120672705	7	-3.0263
54f2b3ef-2e10-4630-a4c0-6fe0ea67cc63	7	120675165	134100442	8249	0.0079
54f2b3ef-2e10-4630-a4c0-6fe0ea67cc63	7	134100458	134110912	25	-0.5613
54f2b3ef-2e10-4630-a4c0-6fe0ea67cc63	7	134110951	144264193	6438	0.0053
54f2b3ef-2e10-4630-a4c0-6fe0ea67cc63	7	144295437	144312471	3	-1.5408
54f2b3ef-2e10-4630-a4c0-6fe0ea67cc63	7	144326306	153450553	5554	0.0142
54f2b3ef-2e10-4630-a4c0-6fe0ea67cc63	7	153450560	153450627	2	-2.4079
54f2b3ef-2e10-4630-a4c0-6fe0ea67cc63	7	153450630	159334314	4090	0.0145
54f2b3ef-2e10-4630-a4c0-6fe0ea67cc63	8	81254	302856	94	0.1387
54f2b3ef-2e10-4630-a4c0-6fe0ea67cc63	8	303531	25117062	21357	0.0338
54f2b3ef-2e10-4630-a4c0-6fe0ea67cc63	8	25117985	25133759	27	0.7353
54f2b3ef-2e10-4630-a4c0-6fe0ea67cc63	8	25133774	34315342	6269	0.0264
54f2b3ef-2e10-4630-a4c0-6fe0ea67cc63	8	34317520	34915026	337	0.1919
54f2b3ef-2e10-4630-a4c0-6fe0ea67cc63	8	34915613	39373140	2394	0.2574
54f2b3ef-2e10-4630-a4c0-6fe0ea67cc63	8	39378084	39529446	59	1.0591
54f2b3ef-2e10-4630-a4c0-6fe0ea67cc63	8	39530780	39720444	120	0.3664
54f2b3ef-2e10-4630-a4c0-6fe0ea67cc63	8	39720979	50119451	4461	0.2658
54f2b3ef-2e10-4630-a4c0-6fe0ea67cc63	8	50119464	50120863	8	-0.6322
54f2b3ef-2e10-4630-a4c0-6fe0ea67cc63	8	50126018	70096607	12646	0.2583
54f2b3ef-2e10-4630-a4c0-6fe0ea67cc63	8	70099677	78292461	5117	0.3043
54f2b3ef-2e10-4630-a4c0-6fe0ea67cc63	8	78292900	81268935	1764	0.3551
54f2b3ef-2e10-4630-a4c0-6fe0ea67cc63	8	81272410	111282417	17865	0.1729
54f2b3ef-2e10-4630-a4c0-6fe0ea67cc63	8	111282441	111283031	6	-0.8767
54f2b3ef-2e10-4630-a4c0-6fe0ea67cc63	8	111288052	114619207	1818	0.2052
54f2b3ef-2e10-4630-a4c0-6fe0ea67cc63	8	114619814	114629502	36	-0.2785
54f2b3ef-2e10-4630-a4c0-6fe0ea67cc63	8	114638468	114917488	188	0.1948
54f2b3ef-2e10-4630-a4c0-6fe0ea67cc63	8	114917614	114920270	2	-1.4215
54f2b3ef-2e10-4630-a4c0-6fe0ea67cc63	8	114920527	139591259	18197	0.1776
54f2b3ef-2e10-4630-a4c0-6fe0ea67cc63	8	139592093	139592959	5	1.3807
54f2b3ef-2e10-4630-a4c0-6fe0ea67cc63	8	139593472	143616987	2143	0.2024
54f2b3ef-2e10-4630-a4c0-6fe0ea67cc63	8	143622987	143625638	9	-0.8176
54f2b3ef-2e10-4630-a4c0-6fe0ea67cc63	8	143636819	145072769	502	0.2146
54f2b3ef-2e10-4630-a4c0-6fe0ea67cc63	9	46587	579853	466	0.0075
54f2b3ef-2e10-4630-a4c0-6fe0ea67cc63	9	582866	593899	19	-1.5357
54f2b3ef-2e10-4630-a4c0-6fe0ea67cc63	9	596826	12554856	11203	-0.0087
54f2b3ef-2e10-4630-a4c0-6fe0ea67cc63	9	12556594	12562294	3	-1.3721
54f2b3ef-2e10-4630-a4c0-6fe0ea67cc63	9	12565520	12997321	314	-0.0165
54f2b3ef-2e10-4630-a4c0-6fe0ea67cc63	9	13000189	15410443	2046	0.083
54f2b3ef-2e10-4630-a4c0-6fe0ea67cc63	9	15410775	23361807	6350	-0.0212
54f2b3ef-2e10-4630-a4c0-6fe0ea67cc63	9	23363117	23373486	8	1.2418
54f2b3ef-2e10-4630-a4c0-6fe0ea67cc63	9	23378490	39547285	10733	-0.0173
54f2b3ef-2e10-4630-a4c0-6fe0ea67cc63	9	39547299	42046831	112	-0.2873
54f2b3ef-2e10-4630-a4c0-6fe0ea67cc63	9	42073850	42705707	39	0.0129
54f2b3ef-2e10-4630-a4c0-6fe0ea67cc63	9	42709174	42726239	8	0.812
54f2b3ef-2e10-4630-a4c0-6fe0ea67cc63	9	42727685	61405110	42	-0.0567
54f2b3ef-2e10-4630-a4c0-6fe0ea67cc63	9	61520021	61647899	30	0.6255
54f2b3ef-2e10-4630-a4c0-6fe0ea67cc63	9	61665362	63580418	38	-0.138
54f2b3ef-2e10-4630-a4c0-6fe0ea67cc63	9	63590317	63592813	7	1.9384
54f2b3ef-2e10-4630-a4c0-6fe0ea67cc63	9	63614182	64510407	58	0.0075
54f2b3ef-2e10-4630-a4c0-6fe0ea67cc63	9	64520620	84007096	11317	-0.3101
54f2b3ef-2e10-4630-a4c0-6fe0ea67cc63	9	84010328	103804216	13507	-0.1837
54f2b3ef-2e10-4630-a4c0-6fe0ea67cc63	9	103806415	103807009	2	-3.0176
54f2b3ef-2e10-4630-a4c0-6fe0ea67cc63	9	103808421	104211576	321	-0.1313
54f2b3ef-2e10-4630-a4c0-6fe0ea67cc63	9	104212101	120216603	12569	-0.1877
54f2b3ef-2e10-4630-a4c0-6fe0ea67cc63	9	120216650	120575743	260	-0.0843
54f2b3ef-2e10-4630-a4c0-6fe0ea67cc63	9	120576834	120578340	2	0.8674
54f2b3ef-2e10-4630-a4c0-6fe0ea67cc63	9	120578911	121294150	413	-0.097
54f2b3ef-2e10-4630-a4c0-6fe0ea67cc63	9	121296296	122113540	498	-0.3208
54f2b3ef-2e10-4630-a4c0-6fe0ea67cc63	9	122115903	122378287	181	-0.1845
54f2b3ef-2e10-4630-a4c0-6fe0ea67cc63	9	122378417	122767467	270	-0.0431
54f2b3ef-2e10-4630-a4c0-6fe0ea67cc63	9	122767539	128172655	3233	-0.1827
54f2b3ef-2e10-4630-a4c0-6fe0ea67cc63	9	128176414	133907134	3404	-0.3109
54f2b3ef-2e10-4630-a4c0-6fe0ea67cc63	9	133909095	133914031	3	-2.7289
54f2b3ef-2e10-4630-a4c0-6fe0ea67cc63	9	133914054	138200944	1933	-0.315
54f2b3ef-2e10-4630-a4c0-6fe0ea67cc63	10	45792	1287818	723	0.3138
54f2b3ef-2e10-4630-a4c0-6fe0ea67cc63	10	1290145	4198678	2797	0.178
54f2b3ef-2e10-4630-a4c0-6fe0ea67cc63	10	4199213	4199380	2	-1.331
54f2b3ef-2e10-4630-a4c0-6fe0ea67cc63	10	4201806	18080162	11417	0.1633
54f2b3ef-2e10-4630-a4c0-6fe0ea67cc63	10	18080715	18081395	2	-1.3809
54f2b3ef-2e10-4630-a4c0-6fe0ea67cc63	10	18081567	24086334	4231	0.1462
54f2b3ef-2e10-4630-a4c0-6fe0ea67cc63	10	24088745	24089125	11	1.3505
54f2b3ef-2e10-4630-a4c0-6fe0ea67cc63	10	24089979	46560437	12498	0.1662
54f2b3ef-2e10-4630-a4c0-6fe0ea67cc63	10	46560494	133654968	58860	-0.1769
54f2b3ef-2e10-4630-a4c0-6fe0ea67cc63	11	198510	4947280	2415	-0.026
54f2b3ef-2e10-4630-a4c0-6fe0ea67cc63	11	4949013	4954475	27	0.656
54f2b3ef-2e10-4630-a4c0-6fe0ea67cc63	11	4955027	5766175	783	0.0092
54f2b3ef-2e10-4630-a4c0-6fe0ea67cc63	11	5766850	5788231	34	-0.7501
54f2b3ef-2e10-4630-a4c0-6fe0ea67cc63	11	5791130	7181990	999	0.0188
54f2b3ef-2e10-4630-a4c0-6fe0ea67cc63	11	7185976	7199291	14	0.5555
54f2b3ef-2e10-4630-a4c0-6fe0ea67cc63	11	7199642	7233268	22	0.3169
54f2b3ef-2e10-4630-a4c0-6fe0ea67cc63	11	7236017	7247000	13	0.6004
54f2b3ef-2e10-4630-a4c0-6fe0ea67cc63	11	7247961	7760875	426	-0.0198
54f2b3ef-2e10-4630-a4c0-6fe0ea67cc63	11	7760914	7810711	25	0.2339
54f2b3ef-2e10-4630-a4c0-6fe0ea67cc63	11	7815462	7820036	3	-0.4896
54f2b3ef-2e10-4630-a4c0-6fe0ea67cc63	11	7820250	7983965	123	0.1988
54f2b3ef-2e10-4630-a4c0-6fe0ea67cc63	11	7984257	9522018	976	-0.0083
54f2b3ef-2e10-4630-a4c0-6fe0ea67cc63	11	9529126	9777189	156	0.2206
54f2b3ef-2e10-4630-a4c0-6fe0ea67cc63	11	9777735	11313516	1235	-0.0256
54f2b3ef-2e10-4630-a4c0-6fe0ea67cc63	11	11314169	11402220	101	0.4208
54f2b3ef-2e10-4630-a4c0-6fe0ea67cc63	11	11403775	11949031	474	0.2438
54f2b3ef-2e10-4630-a4c0-6fe0ea67cc63	11	11953326	12039745	79	0.3843
54f2b3ef-2e10-4630-a4c0-6fe0ea67cc63	11	12041441	12308374	302	-0.0166
54f2b3ef-2e10-4630-a4c0-6fe0ea67cc63	11	12315765	12315776	2	-1.2884
54f2b3ef-2e10-4630-a4c0-6fe0ea67cc63	11	12317262	12619844	244	-0.0645
54f2b3ef-2e10-4630-a4c0-6fe0ea67cc63	11	12619951	12726375	49	0.334
54f2b3ef-2e10-4630-a4c0-6fe0ea67cc63	11	12726394	12827638	77	-0.045
54f2b3ef-2e10-4630-a4c0-6fe0ea67cc63	11	12830170	14695887	1347	0.2308
54f2b3ef-2e10-4630-a4c0-6fe0ea67cc63	11	14696557	18138904	2226	-0.0297
54f2b3ef-2e10-4630-a4c0-6fe0ea67cc63	11	18139218	18431174	202	-0.3112
54f2b3ef-2e10-4630-a4c0-6fe0ea67cc63	11	18436433	18927525	297	-0.038
54f2b3ef-2e10-4630-a4c0-6fe0ea67cc63	11	18927562	18940191	41	-0.3441
54f2b3ef-2e10-4630-a4c0-6fe0ea67cc63	11	18940271	20102753	1103	-0.0326
54f2b3ef-2e10-4630-a4c0-6fe0ea67cc63	11	20108755	20150190	42	0.3262
54f2b3ef-2e10-4630-a4c0-6fe0ea67cc63	11	20150401	21385209	1104	-0.0167
54f2b3ef-2e10-4630-a4c0-6fe0ea67cc63	11	21388859	21391190	7	-0.6248
54f2b3ef-2e10-4630-a4c0-6fe0ea67cc63	11	21391296	21825348	343	-0.0112
54f2b3ef-2e10-4630-a4c0-6fe0ea67cc63	11	21825960	21827206	5	-1.0135
54f2b3ef-2e10-4630-a4c0-6fe0ea67cc63	11	21829111	23863988	1424	-0.0383
54f2b3ef-2e10-4630-a4c0-6fe0ea67cc63	11	23865427	24326580	278	0.2447
54f2b3ef-2e10-4630-a4c0-6fe0ea67cc63	11	24334121	24420560	63	0.0111
54f2b3ef-2e10-4630-a4c0-6fe0ea67cc63	11	24420628	24422703	2	0.8999
54f2b3ef-2e10-4630-a4c0-6fe0ea67cc63	11	24424822	24797022	296	-0.0108
54f2b3ef-2e10-4630-a4c0-6fe0ea67cc63	11	24797543	27838966	2277	0.2289
54f2b3ef-2e10-4630-a4c0-6fe0ea67cc63	11	27839231	36758924	6226	-0.0208
54f2b3ef-2e10-4630-a4c0-6fe0ea67cc63	11	36759611	36760584	3	-2.053
54f2b3ef-2e10-4630-a4c0-6fe0ea67cc63	11	36762152	55606712	8570	-0.0203
54f2b3ef-2e10-4630-a4c0-6fe0ea67cc63	11	55606727	55685058	54	-0.4767
54f2b3ef-2e10-4630-a4c0-6fe0ea67cc63	11	55685501	89741663	19831	-0.0199
54f2b3ef-2e10-4630-a4c0-6fe0ea67cc63	11	89754781	89814936	10	0.7948
54f2b3ef-2e10-4630-a4c0-6fe0ea67cc63	11	89815724	89966336	9	0.0334
54f2b3ef-2e10-4630-a4c0-6fe0ea67cc63	11	90043678	90085436	6	-1.203
54f2b3ef-2e10-4630-a4c0-6fe0ea67cc63	11	90098873	129200689	27968	-0.0168
54f2b3ef-2e10-4630-a4c0-6fe0ea67cc63	11	129206274	135074876	4405	0.0817
54f2b3ef-2e10-4630-a4c0-6fe0ea67cc63	12	51460	760097	420	-0.0709
54f2b3ef-2e10-4630-a4c0-6fe0ea67cc63	12	760112	767080	17	-1.4716
54f2b3ef-2e10-4630-a4c0-6fe0ea67cc63	12	767122	11062773	6784	-0.0602
54f2b3ef-2e10-4630-a4c0-6fe0ea67cc63	12	11064250	11088933	12	-1.134
54f2b3ef-2e10-4630-a4c0-6fe0ea67cc63	12	11099275	11246252	61	-0.1678
54f2b3ef-2e10-4630-a4c0-6fe0ea67cc63	12	11246680	20323012	6203	-0.0615
54f2b3ef-2e10-4630-a4c0-6fe0ea67cc63	12	20323177	21670102	870	-0.1478
54f2b3ef-2e10-4630-a4c0-6fe0ea67cc63	12	21672267	28959995	5274	0.2582
54f2b3ef-2e10-4630-a4c0-6fe0ea67cc63	12	28960030	29688163	563	0.2137
54f2b3ef-2e10-4630-a4c0-6fe0ea67cc63	12	29688427	29688430	2	-1.112
54f2b3ef-2e10-4630-a4c0-6fe0ea67cc63	12	29696715	30726154	859	0.2004
54f2b3ef-2e10-4630-a4c0-6fe0ea67cc63	12	30726392	37593924	2545	0.2721
54f2b3ef-2e10-4630-a4c0-6fe0ea67cc63	12	37618765	37620216	2	-1.9001
54f2b3ef-2e10-4630-a4c0-6fe0ea67cc63	12	37640556	38173115	133	0.1664
54f2b3ef-2e10-4630-a4c0-6fe0ea67cc63	12	38175137	39268072	627	0.3077
54f2b3ef-2e10-4630-a4c0-6fe0ea67cc63	12	39272339	41309247	1304	0.2145
54f2b3ef-2e10-4630-a4c0-6fe0ea67cc63	12	41311998	42600536	898	0.0741
54f2b3ef-2e10-4630-a4c0-6fe0ea67cc63	12	42603742	47319191	2858	0.1307
54f2b3ef-2e10-4630-a4c0-6fe0ea67cc63	12	47319910	51593826	2214	0.0776
54f2b3ef-2e10-4630-a4c0-6fe0ea67cc63	12	51594077	63725129	7402	0.0392
54f2b3ef-2e10-4630-a4c0-6fe0ea67cc63	12	63726862	63742874	6	-0.9432
54f2b3ef-2e10-4630-a4c0-6fe0ea67cc63	12	63749408	86009274	14219	0.0414
54f2b3ef-2e10-4630-a4c0-6fe0ea67cc63	12	86011931	86055093	28	0.4238
54f2b3ef-2e10-4630-a4c0-6fe0ea67cc63	12	86055446	129672731	29249	0.0406
54f2b3ef-2e10-4630-a4c0-6fe0ea67cc63	12	129673184	130474482	684	0.1007
54f2b3ef-2e10-4630-a4c0-6fe0ea67cc63	12	130475482	133019535	1422	-0.1609
54f2b3ef-2e10-4630-a4c0-6fe0ea67cc63	12	133019601	133201603	81	-0.0462
54f2b3ef-2e10-4630-a4c0-6fe0ea67cc63	13	18452809	18744498	71	-0.2408
54f2b3ef-2e10-4630-a4c0-6fe0ea67cc63	13	18794552	18795170	5	-1.2992
54f2b3ef-2e10-4630-a4c0-6fe0ea67cc63	13	18795296	37501828	13381	-0.2058
54f2b3ef-2e10-4630-a4c0-6fe0ea67cc63	13	37502130	37510620	12	-2.394
54f2b3ef-2e10-4630-a4c0-6fe0ea67cc63	13	37514193	57176962	12506	-0.2055
54f2b3ef-2e10-4630-a4c0-6fe0ea67cc63	13	57184136	57192665	21	0.3814
54f2b3ef-2e10-4630-a4c0-6fe0ea67cc63	13	57192687	114342922	38033	-0.1992
54f2b3ef-2e10-4630-a4c0-6fe0ea67cc63	14	18239283	19019303	30	0.1018
54f2b3ef-2e10-4630-a4c0-6fe0ea67cc63	14	19049265	19367655	20	-0.2377
54f2b3ef-2e10-4630-a4c0-6fe0ea67cc63	14	19380699	19667065	11	-0.8823
54f2b3ef-2e10-4630-a4c0-6fe0ea67cc63	14	19669187	19955213	106	-0.2185
54f2b3ef-2e10-4630-a4c0-6fe0ea67cc63	14	19956767	20489331	390	0.1836
54f2b3ef-2e10-4630-a4c0-6fe0ea67cc63	14	20489607	20524700	33	0.3599
54f2b3ef-2e10-4630-a4c0-6fe0ea67cc63	14	20524728	21855405	833	0.2068
54f2b3ef-2e10-4630-a4c0-6fe0ea67cc63	14	21856896	21860089	8	-0.5505
54f2b3ef-2e10-4630-a4c0-6fe0ea67cc63	14	21860144	27663366	3887	0.2226
54f2b3ef-2e10-4630-a4c0-6fe0ea67cc63	14	27663670	40883413	8203	0.287
54f2b3ef-2e10-4630-a4c0-6fe0ea67cc63	14	40883590	106418444	41608	0.1163
54f2b3ef-2e10-4630-a4c0-6fe0ea67cc63	14	106423925	106475361	50	-0.3945
54f2b3ef-2e10-4630-a4c0-6fe0ea67cc63	14	106487515	106877229	193	0.1285
54f2b3ef-2e10-4630-a4c0-6fe0ea67cc63	15	19811075	20376309	94	-0.3955
54f2b3ef-2e10-4630-a4c0-6fe0ea67cc63	15	20376311	20381704	11	-1.7937
54f2b3ef-2e10-4630-a4c0-6fe0ea67cc63	15	20384774	20418953	23	-0.2096
54f2b3ef-2e10-4630-a4c0-6fe0ea67cc63	15	20421755	20625279	9	-0.8463
54f2b3ef-2e10-4630-a4c0-6fe0ea67cc63	15	20642631	20670989	14	-0.0518
54f2b3ef-2e10-4630-a4c0-6fe0ea67cc63	15	20981071	20988347	5	0.8708
54f2b3ef-2e10-4630-a4c0-6fe0ea67cc63	15	21005443	24396515	1032	-0.3021
54f2b3ef-2e10-4630-a4c0-6fe0ea67cc63	15	24401996	24473026	40	-0.7802
54f2b3ef-2e10-4630-a4c0-6fe0ea67cc63	15	24473449	34421922	6185	-0.3126
54f2b3ef-2e10-4630-a4c0-6fe0ea67cc63	15	34430601	34526116	65	-0.9454
54f2b3ef-2e10-4630-a4c0-6fe0ea67cc63	15	34570058	34637550	46	-0.1992
54f2b3ef-2e10-4630-a4c0-6fe0ea67cc63	15	34637726	34685612	54	-1.4538
54f2b3ef-2e10-4630-a4c0-6fe0ea67cc63	15	34692790	88272722	33719	-0.3166
54f2b3ef-2e10-4630-a4c0-6fe0ea67cc63	15	88274167	90288020	1247	-0.1323
54f2b3ef-2e10-4630-a4c0-6fe0ea67cc63	15	90289439	91940266	1147	-0.0656
54f2b3ef-2e10-4630-a4c0-6fe0ea67cc63	15	91940285	101880399	7750	-0.1327
54f2b3ef-2e10-4630-a4c0-6fe0ea67cc63	15	101880604	101928837	11	-0.5768
54f2b3ef-2e10-4630-a4c0-6fe0ea67cc63	16	10777	12016	3	-1.2385
54f2b3ef-2e10-4630-a4c0-6fe0ea67cc63	16	35827	11420210	8595	0.1782
54f2b3ef-2e10-4630-a4c0-6fe0ea67cc63	16	11421365	11795742	244	-0.0853
54f2b3ef-2e10-4630-a4c0-6fe0ea67cc63	16	11799663	11828862	18	0.5016
54f2b3ef-2e10-4630-a4c0-6fe0ea67cc63	16	11834061	27320653	9294	-0.0835
54f2b3ef-2e10-4630-a4c0-6fe0ea67cc63	16	27326291	27339366	12	-1.0586
54f2b3ef-2e10-4630-a4c0-6fe0ea67cc63	16	27341867	55764310	8747	-0.0915
54f2b3ef-2e10-4630-a4c0-6fe0ea67cc63	16	55764850	55764867	2	2.2871
54f2b3ef-2e10-4630-a4c0-6fe0ea67cc63	16	55770436	90096867	24903	-0.0839
54f2b3ef-2e10-4630-a4c0-6fe0ea67cc63	17	150733	1206311	539	0.0751
54f2b3ef-2e10-4630-a4c0-6fe0ea67cc63	17	1208566	10408709	5500	-0.0338
54f2b3ef-2e10-4630-a4c0-6fe0ea67cc63	17	10409163	10410374	2	-1.5101
54f2b3ef-2e10-4630-a4c0-6fe0ea67cc63	17	10412155	22728514	6839	-0.0302
54f2b3ef-2e10-4630-a4c0-6fe0ea67cc63	17	22736323	30297827	1578	0.5373
54f2b3ef-2e10-4630-a4c0-6fe0ea67cc63	17	30307236	31181757	351	-0.0105
54f2b3ef-2e10-4630-a4c0-6fe0ea67cc63	17	31181982	43091173	7018	0.3125
54f2b3ef-2e10-4630-a4c0-6fe0ea67cc63	17	43091209	46084941	1490	0.2156
54f2b3ef-2e10-4630-a4c0-6fe0ea67cc63	17	46085231	46569894	131	0.5653
54f2b3ef-2e10-4630-a4c0-6fe0ea67cc63	17	46571001	57610128	6995	0.2043
54f2b3ef-2e10-4630-a4c0-6fe0ea67cc63	17	57610972	57611632	2	-1.5864
54f2b3ef-2e10-4630-a4c0-6fe0ea67cc63	17	57614632	78424123	12302	0.2026
54f2b3ef-2e10-4630-a4c0-6fe0ea67cc63	17	78429944	78433251	2	-1.3589
54f2b3ef-2e10-4630-a4c0-6fe0ea67cc63	17	78433764	83091923	2251	0.213
54f2b3ef-2e10-4630-a4c0-6fe0ea67cc63	18	48133	544118	349	0.3206
54f2b3ef-2e10-4630-a4c0-6fe0ea67cc63	18	544739	685158	137	0.4843
54f2b3ef-2e10-4630-a4c0-6fe0ea67cc63	18	685234	6525696	4137	0.303
54f2b3ef-2e10-4630-a4c0-6fe0ea67cc63	18	6525967	6533751	4	-1.0335
54f2b3ef-2e10-4630-a4c0-6fe0ea67cc63	18	6539302	26025562	8784	0.2966
54f2b3ef-2e10-4630-a4c0-6fe0ea67cc63	18	26029131	32390213	4052	-0.2199
54f2b3ef-2e10-4630-a4c0-6fe0ea67cc63	18	32392434	32392761	2	-1.7187
54f2b3ef-2e10-4630-a4c0-6fe0ea67cc63	18	32392811	39769478	4684	-0.2231
54f2b3ef-2e10-4630-a4c0-6fe0ea67cc63	18	39775072	40547569	520	0.0014
54f2b3ef-2e10-4630-a4c0-6fe0ea67cc63	18	40548495	40677800	76	-0.1624
54f2b3ef-2e10-4630-a4c0-6fe0ea67cc63	18	40677819	40685425	37	0.0987
54f2b3ef-2e10-4630-a4c0-6fe0ea67cc63	18	40688060	68825888	19513	-0.2146
54f2b3ef-2e10-4630-a4c0-6fe0ea67cc63	18	68826170	79329335	7935	-0.2868
54f2b3ef-2e10-4630-a4c0-6fe0ea67cc63	18	79337360	80257174	441	-0.2169
54f2b3ef-2e10-4630-a4c0-6fe0ea67cc63	19	90910	14130754	5672	-0.3185
54f2b3ef-2e10-4630-a4c0-6fe0ea67cc63	19	14141814	14182103	11	0.2573
54f2b3ef-2e10-4630-a4c0-6fe0ea67cc63	19	14183023	14306071	37	0.5535
54f2b3ef-2e10-4630-a4c0-6fe0ea67cc63	19	14306319	14853178	291	0.2624
54f2b3ef-2e10-4630-a4c0-6fe0ea67cc63	19	14853283	14928127	82	0.0726
54f2b3ef-2e10-4630-a4c0-6fe0ea67cc63	19	14934380	14938487	3	-1.3445
54f2b3ef-2e10-4630-a4c0-6fe0ea67cc63	19	14940475	17607062	1511	0.0526
54f2b3ef-2e10-4630-a4c0-6fe0ea67cc63	19	17614656	20963790	1614	0.2131
54f2b3ef-2e10-4630-a4c0-6fe0ea67cc63	19	20965506	22122540	665	0.3127
54f2b3ef-2e10-4630-a4c0-6fe0ea67cc63	19	22122618	22242357	73	0.1408
54f2b3ef-2e10-4630-a4c0-6fe0ea67cc63	19	22242787	22741121	288	-0.0244
54f2b3ef-2e10-4630-a4c0-6fe0ea67cc63	19	22742789	27941049	1113	0.2034
54f2b3ef-2e10-4630-a4c0-6fe0ea67cc63	19	27941165	35147415	5147	0.2659
54f2b3ef-2e10-4630-a4c0-6fe0ea67cc63	19	35152435	35294424	141	0.1056
54f2b3ef-2e10-4630-a4c0-6fe0ea67cc63	19	35297579	35307765	8	0.6638
54f2b3ef-2e10-4630-a4c0-6fe0ea67cc63	19	35308603	35358420	46	0.1192
54f2b3ef-2e10-4630-a4c0-6fe0ea67cc63	19	35364451	35370268	17	-1.7037
54f2b3ef-2e10-4630-a4c0-6fe0ea67cc63	19	35370747	56821271	11290	0.0481
54f2b3ef-2e10-4630-a4c0-6fe0ea67cc63	19	56823654	58586487	1087	0.219
54f2b3ef-2e10-4630-a4c0-6fe0ea67cc63	20	80664	1586808	1207	0.2265
54f2b3ef-2e10-4630-a4c0-6fe0ea67cc63	20	1587007	1613247	38	-0.5911
54f2b3ef-2e10-4630-a4c0-6fe0ea67cc63	20	1617300	2430120	735	0.2184
54f2b3ef-2e10-4630-a4c0-6fe0ea67cc63	20	2430306	3191285	478	0.6067
54f2b3ef-2e10-4630-a4c0-6fe0ea67cc63	20	3191600	6293610	2183	0.2355
54f2b3ef-2e10-4630-a4c0-6fe0ea67cc63	20	6293817	8895514	2114	0.6182
54f2b3ef-2e10-4630-a4c0-6fe0ea67cc63	20	8899427	10136526	1031	0.2166
54f2b3ef-2e10-4630-a4c0-6fe0ea67cc63	20	10141564	15320728	3842	0.6134
54f2b3ef-2e10-4630-a4c0-6fe0ea67cc63	20	15321256	15321728	3	-2.5839
54f2b3ef-2e10-4630-a4c0-6fe0ea67cc63	20	15324612	16344624	1010	0.6027
54f2b3ef-2e10-4630-a4c0-6fe0ea67cc63	20	16345464	19681848	2801	0.2282
54f2b3ef-2e10-4630-a4c0-6fe0ea67cc63	20	19695788	30256161	4578	0.5994
54f2b3ef-2e10-4630-a4c0-6fe0ea67cc63	20	30256310	30417073	36	-0.1875
54f2b3ef-2e10-4630-a4c0-6fe0ea67cc63	20	31247246	32199423	446	0.5498
54f2b3ef-2e10-4630-a4c0-6fe0ea67cc63	20	32203538	39062219	3647	-0.0472
54f2b3ef-2e10-4630-a4c0-6fe0ea67cc63	20	39067002	39067766	2	-1.6527
54f2b3ef-2e10-4630-a4c0-6fe0ea67cc63	20	39067877	52917511	9844	-0.0439
54f2b3ef-2e10-4630-a4c0-6fe0ea67cc63	20	52920196	53661758	571	0.614
54f2b3ef-2e10-4630-a4c0-6fe0ea67cc63	20	53666282	54092213	403	-0.0287
54f2b3ef-2e10-4630-a4c0-6fe0ea67cc63	20	54092461	54498646	325	0.5669
54f2b3ef-2e10-4630-a4c0-6fe0ea67cc63	20	54506136	56772914	1810	-0.033
54f2b3ef-2e10-4630-a4c0-6fe0ea67cc63	20	56774684	58303156	1277	0.5532
54f2b3ef-2e10-4630-a4c0-6fe0ea67cc63	20	58306603	59277492	678	0.2784
54f2b3ef-2e10-4630-a4c0-6fe0ea67cc63	20	59278955	63555881	2964	0.4312
54f2b3ef-2e10-4630-a4c0-6fe0ea67cc63	20	63556063	64324800	327	0.5099
54f2b3ef-2e10-4630-a4c0-6fe0ea67cc63	21	10354168	22351162	6340	-0.1293
54f2b3ef-2e10-4630-a4c0-6fe0ea67cc63	21	22353048	35262548	9412	-0.215
54f2b3ef-2e10-4630-a4c0-6fe0ea67cc63	21	35265581	46677045	8078	-0.1552
54f2b3ef-2e10-4630-a4c0-6fe0ea67cc63	22	15294547	15583346	13	-0.0487
54f2b3ef-2e10-4630-a4c0-6fe0ea67cc63	22	15591298	15696762	6	-1.2694
54f2b3ef-2e10-4630-a4c0-6fe0ea67cc63	22	15729257	17756269	798	-0.1945
54f2b3ef-2e10-4630-a4c0-6fe0ea67cc63	22	17761745	18134748	285	-0.0656
54f2b3ef-2e10-4630-a4c0-6fe0ea67cc63	22	18138194	18142004	3	0.7179
54f2b3ef-2e10-4630-a4c0-6fe0ea67cc63	22	18143362	18146386	7	-1.2932
54f2b3ef-2e10-4630-a4c0-6fe0ea67cc63	22	18147293	22471594	2373	-0.0164
54f2b3ef-2e10-4630-a4c0-6fe0ea67cc63	22	22473039	37346951	10924	-0.0836
54f2b3ef-2e10-4630-a4c0-6fe0ea67cc63	22	37352689	37353906	4	-1.8526
54f2b3ef-2e10-4630-a4c0-6fe0ea67cc63	22	37354627	50780072	8828	-0.0687
54f2b3ef-2e10-4630-a4c0-6fe0ea67cc63	22	50784087	50796027	4	-0.7272
54f2b3ef-2e10-4630-a4c0-6fe0ea67cc63	X	251810	2748312	94	-0.2447
54f2b3ef-2e10-4630-a4c0-6fe0ea67cc63	X	2785350	12131718	6916	0.0941
54f2b3ef-2e10-4630-a4c0-6fe0ea67cc63	X	12132067	12132444	5	-2.24
54f2b3ef-2e10-4630-a4c0-6fe0ea67cc63	X	12135444	36158907	15447	0.0949
54f2b3ef-2e10-4630-a4c0-6fe0ea67cc63	X	36159142	36159461	3	3.0033
54f2b3ef-2e10-4630-a4c0-6fe0ea67cc63	X	36159489	40417632	2440	0.0906
54f2b3ef-2e10-4630-a4c0-6fe0ea67cc63	X	40419094	40419683	2	2.1452
54f2b3ef-2e10-4630-a4c0-6fe0ea67cc63	X	40419806	44918806	2393	0.0924
54f2b3ef-2e10-4630-a4c0-6fe0ea67cc63	X	44922406	44923112	3	-1.9666
54f2b3ef-2e10-4630-a4c0-6fe0ea67cc63	X	44923460	62991498	6079	0.098
54f2b3ef-2e10-4630-a4c0-6fe0ea67cc63	X	62992023	87461662	11720	-0.0223
54f2b3ef-2e10-4630-a4c0-6fe0ea67cc63	X	87461793	87461824	2	-3.223
54f2b3ef-2e10-4630-a4c0-6fe0ea67cc63	X	87461983	105337239	9193	-0.0272
54f2b3ef-2e10-4630-a4c0-6fe0ea67cc63	X	105339871	105343013	3	1.8747
54f2b3ef-2e10-4630-a4c0-6fe0ea67cc63	X	105343142	110914166	2894	-0.0172
54f2b3ef-2e10-4630-a4c0-6fe0ea67cc63	X	110914742	110915354	2	3.5506
54f2b3ef-2e10-4630-a4c0-6fe0ea67cc63	X	110915448	122700686	6683	-0.0273
54f2b3ef-2e10-4630-a4c0-6fe0ea67cc63	X	122709824	133632607	6197	-0.0983
54f2b3ef-2e10-4630-a4c0-6fe0ea67cc63	X	133633354	138542661	2641	-0.2229
54f2b3ef-2e10-4630-a4c0-6fe0ea67cc63	X	138543300	149130383	7065	-0.1042
54f2b3ef-2e10-4630-a4c0-6fe0ea67cc63	X	149130741	155952689	3528	-0.0645
54f2b3ef-2e10-4630-a4c0-6fe0ea67cc63	Y	2782397	56872112	6632	-1.4866
