GDC_Aliquot	Chromosome	Start	End	Copy_Number	Major_Copy_Number	Minor_Copy_Number
f0000c2a-eb61-42ec-8965-aeeb9e9b9283	chr1	13116	2323070	2	1	1
f0000c2a-eb61-42ec-8965-aeeb9e9b9283	chr1	2324194	2339296	0	0	0
f0000c2a-eb61-42ec-8965-aeeb9e9b9283	chr1	2340425	16583325	2	1	1
f0000c2a-eb61-42ec-8965-aeeb9e9b9283	chr1	16584690	16770467	2	2	0
f0000c2a-eb61-42ec-8965-aeeb9e9b9283	chr1	16773100	32513199	2	1	1
f0000c2a-eb61-42ec-8965-aeeb9e9b9283	chr1	32514383	32577874	1	1	0
f0000c2a-eb61-42ec-8965-aeeb9e9b9283	chr1	32579277	161089137	2	1	1
f0000c2a-eb61-42ec-8965-aeeb9e9b9283	chr1	161090600	161198214	3	2	1
f0000c2a-eb61-42ec-8965-aeeb9e9b9283	chr1	161199375	234529343	2	1	1
f0000c2a-eb61-42ec-8965-aeeb9e9b9283	chr1	234530505	235023415	3	2	1
f0000c2a-eb61-42ec-8965-aeeb9e9b9283	chr1	235024581	241915964	2	1	1
f0000c2a-eb61-42ec-8965-aeeb9e9b9283	chr1	241917193	242084185	1	1	0
f0000c2a-eb61-42ec-8965-aeeb9e9b9283	chr1	242086182	246684260	2	1	1
f0000c2a-eb61-42ec-8965-aeeb9e9b9283	chr1	246686004	246710046	0	0	0
f0000c2a-eb61-42ec-8965-aeeb9e9b9283	chr1	246711075	248945703	2	1	1
f0000c2a-eb61-42ec-8965-aeeb9e9b9283	chr2	10587	42527451	2	1	1
f0000c2a-eb61-42ec-8965-aeeb9e9b9283	chr2	42530988	42647929	1	1	0
f0000c2a-eb61-42ec-8965-aeeb9e9b9283	chr2	42649736	45554959	2	1	1
f0000c2a-eb61-42ec-8965-aeeb9e9b9283	chr2	45556106	47033690	3	2	1
f0000c2a-eb61-42ec-8965-aeeb9e9b9283	chr2	47035556	87265008	2	1	1
f0000c2a-eb61-42ec-8965-aeeb9e9b9283	chr2	87269694	87680552	2	2	0
f0000c2a-eb61-42ec-8965-aeeb9e9b9283	chr2	87683365	89285760	2	1	1
f0000c2a-eb61-42ec-8965-aeeb9e9b9283	chr2	89295844	89842990	0	0	0
f0000c2a-eb61-42ec-8965-aeeb9e9b9283	chr2	89844722	91871156	3	2	1
f0000c2a-eb61-42ec-8965-aeeb9e9b9283	chr2	91880936	92001445	1	1	0
f0000c2a-eb61-42ec-8965-aeeb9e9b9283	chr2	92002542	97180284	2	1	1
f0000c2a-eb61-42ec-8965-aeeb9e9b9283	chr2	97181869	97260388	3	2	1
f0000c2a-eb61-42ec-8965-aeeb9e9b9283	chr2	97262963	113442421	2	1	1
f0000c2a-eb61-42ec-8965-aeeb9e9b9283	chr2	113445373	113627397	2	2	0
f0000c2a-eb61-42ec-8965-aeeb9e9b9283	chr2	113628409	130362069	2	1	1
f0000c2a-eb61-42ec-8965-aeeb9e9b9283	chr2	130363198	130703174	2	2	0
f0000c2a-eb61-42ec-8965-aeeb9e9b9283	chr2	130710313	242183243	2	1	1
f0000c2a-eb61-42ec-8965-aeeb9e9b9283	chr3	18519	60538944	2	1	1
f0000c2a-eb61-42ec-8965-aeeb9e9b9283	chr3	60541084	60555404	0	0	0
f0000c2a-eb61-42ec-8965-aeeb9e9b9283	chr3	60556418	156479847	2	1	1
f0000c2a-eb61-42ec-8965-aeeb9e9b9283	chr3	156480897	156727875	3	2	1
f0000c2a-eb61-42ec-8965-aeeb9e9b9283	chr3	156730469	186567917	2	1	1
f0000c2a-eb61-42ec-8965-aeeb9e9b9283	chr3	186568919	186582894	5	3	2
f0000c2a-eb61-42ec-8965-aeeb9e9b9283	chr3	186583914	192528065	2	1	1
f0000c2a-eb61-42ec-8965-aeeb9e9b9283	chr3	192529323	192569405	2	2	0
f0000c2a-eb61-42ec-8965-aeeb9e9b9283	chr3	192570745	196751342	2	1	1
f0000c2a-eb61-42ec-8965-aeeb9e9b9283	chr3	196752432	196849030	1	1	0
f0000c2a-eb61-42ec-8965-aeeb9e9b9283	chr3	196850151	198136760	2	1	1
f0000c2a-eb61-42ec-8965-aeeb9e9b9283	chr3	198138080	198181744	2	2	0
f0000c2a-eb61-42ec-8965-aeeb9e9b9283	chr4	11961	49092187	2	1	1
f0000c2a-eb61-42ec-8965-aeeb9e9b9283	chr4	49093476	49165883	0	0	0
f0000c2a-eb61-42ec-8965-aeeb9e9b9283	chr4	49166986	49561558	1	1	0
f0000c2a-eb61-42ec-8965-aeeb9e9b9283	chr4	49562605	49630647	2	1	1
f0000c2a-eb61-42ec-8965-aeeb9e9b9283	chr4	49631840	49638700	0	0	0
f0000c2a-eb61-42ec-8965-aeeb9e9b9283	chr4	49639997	118594328	2	1	1
f0000c2a-eb61-42ec-8965-aeeb9e9b9283	chr4	118595911	118632644	2	2	0
f0000c2a-eb61-42ec-8965-aeeb9e9b9283	chr4	118633938	185109576	2	1	1
f0000c2a-eb61-42ec-8965-aeeb9e9b9283	chr4	185110669	185903352	3	2	1
f0000c2a-eb61-42ec-8965-aeeb9e9b9283	chr4	185904379	189878371	2	1	1
f0000c2a-eb61-42ec-8965-aeeb9e9b9283	chr4	189880252	190122722	2	2	0
f0000c2a-eb61-42ec-8965-aeeb9e9b9283	chr5	11882	33813503	2	1	1
f0000c2a-eb61-42ec-8965-aeeb9e9b9283	chr5	33814600	34382376	3	2	1
f0000c2a-eb61-42ec-8965-aeeb9e9b9283	chr5	34383461	46385394	2	1	1
f0000c2a-eb61-42ec-8965-aeeb9e9b9283	chr5	46386670	50242528	1	1	0
f0000c2a-eb61-42ec-8965-aeeb9e9b9283	chr5	50244296	151765875	2	1	1
f0000c2a-eb61-42ec-8965-aeeb9e9b9283	chr5	151767481	151791695	4	2	2
f0000c2a-eb61-42ec-8965-aeeb9e9b9283	chr5	151793460	174727983	2	1	1
f0000c2a-eb61-42ec-8965-aeeb9e9b9283	chr5	174728997	174767801	0	0	0
f0000c2a-eb61-42ec-8965-aeeb9e9b9283	chr5	174769416	177716266	2	1	1
f0000c2a-eb61-42ec-8965-aeeb9e9b9283	chr5	177717593	178028763	2	2	0
f0000c2a-eb61-42ec-8965-aeeb9e9b9283	chr5	178029928	181363900	2	1	1
f0000c2a-eb61-42ec-8965-aeeb9e9b9283	chr6	100116	346360	2	2	0
f0000c2a-eb61-42ec-8965-aeeb9e9b9283	chr6	347888	811952	2	1	1
f0000c2a-eb61-42ec-8965-aeeb9e9b9283	chr6	813076	861625	0	0	0
f0000c2a-eb61-42ec-8965-aeeb9e9b9283	chr6	864095	2782837	2	1	1
f0000c2a-eb61-42ec-8965-aeeb9e9b9283	chr6	2784119	2970046	3	2	1
f0000c2a-eb61-42ec-8965-aeeb9e9b9283	chr6	2971332	8341617	2	1	1
f0000c2a-eb61-42ec-8965-aeeb9e9b9283	chr6	8342784	20501964	1	1	0
f0000c2a-eb61-42ec-8965-aeeb9e9b9283	chr6	20503242	25949236	3	2	1
f0000c2a-eb61-42ec-8965-aeeb9e9b9283	chr6	25950572	26620316	4	2	2
f0000c2a-eb61-42ec-8965-aeeb9e9b9283	chr6	26621827	32485755	3	2	1
f0000c2a-eb61-42ec-8965-aeeb9e9b9283	chr6	32486798	32591042	2	2	0
f0000c2a-eb61-42ec-8965-aeeb9e9b9283	chr6	32592048	33467402	3	2	1
f0000c2a-eb61-42ec-8965-aeeb9e9b9283	chr6	33470569	35369690	2	1	1
f0000c2a-eb61-42ec-8965-aeeb9e9b9283	chr6	35371223	43882833	1	1	0
f0000c2a-eb61-42ec-8965-aeeb9e9b9283	chr6	43885170	86195101	2	1	1
f0000c2a-eb61-42ec-8965-aeeb9e9b9283	chr6	86196243	113340552	1	1	0
f0000c2a-eb61-42ec-8965-aeeb9e9b9283	chr6	113342338	114663636	2	1	1
f0000c2a-eb61-42ec-8965-aeeb9e9b9283	chr6	114665322	166584397	1	1	0
f0000c2a-eb61-42ec-8965-aeeb9e9b9283	chr6	166586998	166635339	2	2	0
f0000c2a-eb61-42ec-8965-aeeb9e9b9283	chr6	166637074	168066944	1	1	0
f0000c2a-eb61-42ec-8965-aeeb9e9b9283	chr6	168069038	170740469	3	2	1
f0000c2a-eb61-42ec-8965-aeeb9e9b9283	chr7	20608	269912	4	2	2
f0000c2a-eb61-42ec-8965-aeeb9e9b9283	chr7	271191	6552165	3	2	1
f0000c2a-eb61-42ec-8965-aeeb9e9b9283	chr7	6554205	6822786	2	1	1
f0000c2a-eb61-42ec-8965-aeeb9e9b9283	chr7	6824929	38253945	3	2	1
f0000c2a-eb61-42ec-8965-aeeb9e9b9283	chr7	38255069	38381547	4	2	2
f0000c2a-eb61-42ec-8965-aeeb9e9b9283	chr7	38382993	56921003	3	2	1
f0000c2a-eb61-42ec-8965-aeeb9e9b9283	chr7	56922707	57110219	2	2	0
f0000c2a-eb61-42ec-8965-aeeb9e9b9283	chr7	57111396	63525058	2	1	1
f0000c2a-eb61-42ec-8965-aeeb9e9b9283	chr7	63526328	63767068	1	1	0
f0000c2a-eb61-42ec-8965-aeeb9e9b9283	chr7	63768224	114352019	3	2	1
f0000c2a-eb61-42ec-8965-aeeb9e9b9283	chr7	114353226	130857124	2	2	0
f0000c2a-eb61-42ec-8965-aeeb9e9b9283	chr7	130863758	131125758	3	3	0
f0000c2a-eb61-42ec-8965-aeeb9e9b9283	chr7	131126867	134540661	2	2	0
f0000c2a-eb61-42ec-8965-aeeb9e9b9283	chr7	134542466	134714761	3	3	0
f0000c2a-eb61-42ec-8965-aeeb9e9b9283	chr7	134716083	141864170	2	2	0
f0000c2a-eb61-42ec-8965-aeeb9e9b9283	chr7	141865557	143878184	3	3	0
f0000c2a-eb61-42ec-8965-aeeb9e9b9283	chr7	143879424	144962231	4	3	1
f0000c2a-eb61-42ec-8965-aeeb9e9b9283	chr7	144963913	159334386	3	2	1
f0000c2a-eb61-42ec-8965-aeeb9e9b9283	chr8	61774	43915827	1	1	0
f0000c2a-eb61-42ec-8965-aeeb9e9b9283	chr8	43917409	46000367	0	0	0
f0000c2a-eb61-42ec-8965-aeeb9e9b9283	chr8	46001760	52004909	1	1	0
f0000c2a-eb61-42ec-8965-aeeb9e9b9283	chr8	52006188	141062028	2	1	1
f0000c2a-eb61-42ec-8965-aeeb9e9b9283	chr8	141063531	141456721	3	2	1
f0000c2a-eb61-42ec-8965-aeeb9e9b9283	chr8	141457742	145078402	2	1	1
f0000c2a-eb61-42ec-8965-aeeb9e9b9283	chr9	10469	32027299	2	1	1
f0000c2a-eb61-42ec-8965-aeeb9e9b9283	chr9	32028365	32043401	0	0	0
f0000c2a-eb61-42ec-8965-aeeb9e9b9283	chr9	32044692	40069167	2	1	1
f0000c2a-eb61-42ec-8965-aeeb9e9b9283	chr9	40075366	41652359	1	1	0
f0000c2a-eb61-42ec-8965-aeeb9e9b9283	chr9	41657089	43070419	2	2	0
f0000c2a-eb61-42ec-8965-aeeb9e9b9283	chr9	60839871	68342713	1	1	0
f0000c2a-eb61-42ec-8965-aeeb9e9b9283	chr9	68344110	126744960	2	1	1
f0000c2a-eb61-42ec-8965-aeeb9e9b9283	chr9	126746212	126902860	1	1	0
f0000c2a-eb61-42ec-8965-aeeb9e9b9283	chr9	126903968	138256233	2	1	1
f0000c2a-eb61-42ec-8965-aeeb9e9b9283	chr10	15029	3788154	2	1	1
f0000c2a-eb61-42ec-8965-aeeb9e9b9283	chr10	3789464	3797644	5	3	2
f0000c2a-eb61-42ec-8965-aeeb9e9b9283	chr10	3799145	36666812	2	1	1
f0000c2a-eb61-42ec-8965-aeeb9e9b9283	chr10	36668839	38478535	1	1	0
f0000c2a-eb61-42ec-8965-aeeb9e9b9283	chr10	38479727	38604785	0	0	0
f0000c2a-eb61-42ec-8965-aeeb9e9b9283	chr10	38606119	38772445	1	1	0
f0000c2a-eb61-42ec-8965-aeeb9e9b9283	chr10	38773612	42127439	0	0	0
f0000c2a-eb61-42ec-8965-aeeb9e9b9283	chr10	42128873	47686428	2	1	1
f0000c2a-eb61-42ec-8965-aeeb9e9b9283	chr10	47689282	48164727	3	2	1
f0000c2a-eb61-42ec-8965-aeeb9e9b9283	chr10	48166469	105457623	2	1	1
f0000c2a-eb61-42ec-8965-aeeb9e9b9283	chr10	105459095	133787009	1	1	0
f0000c2a-eb61-42ec-8965-aeeb9e9b9283	chr11	87268	20168561	1	1	0
f0000c2a-eb61-42ec-8965-aeeb9e9b9283	chr11	20169679	30380558	2	1	1
f0000c2a-eb61-42ec-8965-aeeb9e9b9283	chr11	30382991	34698369	1	1	0
f0000c2a-eb61-42ec-8965-aeeb9e9b9283	chr11	34699766	64128308	2	1	1
f0000c2a-eb61-42ec-8965-aeeb9e9b9283	chr11	64129342	64267301	4	2	2
f0000c2a-eb61-42ec-8965-aeeb9e9b9283	chr11	64269216	69691712	3	2	1
f0000c2a-eb61-42ec-8965-aeeb9e9b9283	chr11	69693174	71576375	2	1	1
f0000c2a-eb61-42ec-8965-aeeb9e9b9283	chr11	71577381	78832160	1	1	0
f0000c2a-eb61-42ec-8965-aeeb9e9b9283	chr11	78833726	87605752	2	1	1
f0000c2a-eb61-42ec-8965-aeeb9e9b9283	chr11	87606778	87663972	1	1	0
f0000c2a-eb61-42ec-8965-aeeb9e9b9283	chr11	87665007	89744214	2	1	1
f0000c2a-eb61-42ec-8965-aeeb9e9b9283	chr11	89745420	90070259	2	2	0
f0000c2a-eb61-42ec-8965-aeeb9e9b9283	chr11	90071531	104961127	2	1	1
f0000c2a-eb61-42ec-8965-aeeb9e9b9283	chr11	104962849	124729167	1	1	0
f0000c2a-eb61-42ec-8965-aeeb9e9b9283	chr11	124730862	129302602	3	2	1
f0000c2a-eb61-42ec-8965-aeeb9e9b9283	chr11	129303695	135076424	1	1	0
f0000c2a-eb61-42ec-8965-aeeb9e9b9283	chr12	11065	20725227	1	1	0
f0000c2a-eb61-42ec-8965-aeeb9e9b9283	chr12	20728828	24068991	2	2	0
f0000c2a-eb61-42ec-8965-aeeb9e9b9283	chr12	24070399	24920202	4	2	2
f0000c2a-eb61-42ec-8965-aeeb9e9b9283	chr12	24921229	26199381	3	2	1
f0000c2a-eb61-42ec-8965-aeeb9e9b9283	chr12	26200796	26704293	4	3	1
f0000c2a-eb61-42ec-8965-aeeb9e9b9283	chr12	26705358	27036319	5	3	2
f0000c2a-eb61-42ec-8965-aeeb9e9b9283	chr12	27037362	28780751	4	2	2
f0000c2a-eb61-42ec-8965-aeeb9e9b9283	chr12	28782990	29076664	6	4	2
f0000c2a-eb61-42ec-8965-aeeb9e9b9283	chr12	29077977	29712943	5	4	1
f0000c2a-eb61-42ec-8965-aeeb9e9b9283	chr12	29714182	31330508	4	3	1
f0000c2a-eb61-42ec-8965-aeeb9e9b9283	chr12	31331676	33666453	3	2	1
f0000c2a-eb61-42ec-8965-aeeb9e9b9283	chr12	33668597	34214701	2	1	1
f0000c2a-eb61-42ec-8965-aeeb9e9b9283	chr12	34215841	34590418	4	3	1
f0000c2a-eb61-42ec-8965-aeeb9e9b9283	chr12	34591757	38978347	2	1	1
f0000c2a-eb61-42ec-8965-aeeb9e9b9283	chr12	38979438	39841843	6	5	1
f0000c2a-eb61-42ec-8965-aeeb9e9b9283	chr12	39843623	40043877	5	4	1
f0000c2a-eb61-42ec-8965-aeeb9e9b9283	chr12	40046681	41172282	3	2	1
f0000c2a-eb61-42ec-8965-aeeb9e9b9283	chr12	41173444	55733809	4	3	1
f0000c2a-eb61-42ec-8965-aeeb9e9b9283	chr12	55735254	56823320	6	5	1
f0000c2a-eb61-42ec-8965-aeeb9e9b9283	chr12	56825838	59807661	4	3	1
f0000c2a-eb61-42ec-8965-aeeb9e9b9283	chr12	59809877	59892089	3	2	1
f0000c2a-eb61-42ec-8965-aeeb9e9b9283	chr12	59893841	61153302	4	3	1
f0000c2a-eb61-42ec-8965-aeeb9e9b9283	chr12	61154332	70014570	5	4	1
f0000c2a-eb61-42ec-8965-aeeb9e9b9283	chr12	70017170	70661409	8	7	1
f0000c2a-eb61-42ec-8965-aeeb9e9b9283	chr12	70662789	71398513	10	9	1
f0000c2a-eb61-42ec-8965-aeeb9e9b9283	chr12	71399658	74010931	2	1	1
f0000c2a-eb61-42ec-8965-aeeb9e9b9283	chr12	74012248	133264676	1	1	0
f0000c2a-eb61-42ec-8965-aeeb9e9b9283	chr13	18445955	100014379	1	1	0
f0000c2a-eb61-42ec-8965-aeeb9e9b9283	chr13	100015608	100076974	0	0	0
f0000c2a-eb61-42ec-8965-aeeb9e9b9283	chr13	100078166	114343123	1	1	0
f0000c2a-eb61-42ec-8965-aeeb9e9b9283	chr14	18223583	22159015	1	1	0
f0000c2a-eb61-42ec-8965-aeeb9e9b9283	chr14	22160220	22532438	2	1	1
f0000c2a-eb61-42ec-8965-aeeb9e9b9283	chr14	22533736	24051771	1	1	0
f0000c2a-eb61-42ec-8965-aeeb9e9b9283	chr14	24053612	24147569	2	1	1
f0000c2a-eb61-42ec-8965-aeeb9e9b9283	chr14	24149650	106880670	1	1	0
f0000c2a-eb61-42ec-8965-aeeb9e9b9283	chr15	19795285	19869320	0	0	0
f0000c2a-eb61-42ec-8965-aeeb9e9b9283	chr15	19870341	28523904	1	1	0
f0000c2a-eb61-42ec-8965-aeeb9e9b9283	chr15	28535271	85177661	2	1	1
f0000c2a-eb61-42ec-8965-aeeb9e9b9283	chr15	85178681	85824407	2	2	0
f0000c2a-eb61-42ec-8965-aeeb9e9b9283	chr15	85825466	101869419	2	1	1
f0000c2a-eb61-42ec-8965-aeeb9e9b9283	chr15	101870916	101980591	2	2	0
f0000c2a-eb61-42ec-8965-aeeb9e9b9283	chr16	10291	16421226	2	1	1
f0000c2a-eb61-42ec-8965-aeeb9e9b9283	chr16	16423996	16658239	2	2	0
f0000c2a-eb61-42ec-8965-aeeb9e9b9283	chr16	16659271	28328128	2	1	1
f0000c2a-eb61-42ec-8965-aeeb9e9b9283	chr16	28329464	28471740	0	0	0
f0000c2a-eb61-42ec-8965-aeeb9e9b9283	chr16	28473820	30281179	2	1	1
f0000c2a-eb61-42ec-8965-aeeb9e9b9283	chr16	30284362	30287410	4	4	0
f0000c2a-eb61-42ec-8965-aeeb9e9b9283	chr16	30295248	30303778	11	11	0
f0000c2a-eb61-42ec-8965-aeeb9e9b9283	chr16	30308986	30510831	5	3	2
f0000c2a-eb61-42ec-8965-aeeb9e9b9283	chr16	30512587	31063854	4	3	1
f0000c2a-eb61-42ec-8965-aeeb9e9b9283	chr16	31066014	31164284	5	4	1
f0000c2a-eb61-42ec-8965-aeeb9e9b9283	chr16	31165411	36045725	2	1	1
f0000c2a-eb61-42ec-8965-aeeb9e9b9283	chr16	46380940	46409192	0	0	0
f0000c2a-eb61-42ec-8965-aeeb9e9b9283	chr16	46411236	69911629	2	1	1
f0000c2a-eb61-42ec-8965-aeeb9e9b9283	chr16	69912865	70530518	1	1	0
f0000c2a-eb61-42ec-8965-aeeb9e9b9283	chr16	70531631	90226358	2	1	1
f0000c2a-eb61-42ec-8965-aeeb9e9b9283	chr17	151035	8107756	1	1	0
f0000c2a-eb61-42ec-8965-aeeb9e9b9283	chr17	8109710	8219810	3	2	1
f0000c2a-eb61-42ec-8965-aeeb9e9b9283	chr17	8220950	33771384	1	1	0
f0000c2a-eb61-42ec-8965-aeeb9e9b9283	chr17	33772557	38855676	3	2	1
f0000c2a-eb61-42ec-8965-aeeb9e9b9283	chr17	38857166	38884333	4	2	2
f0000c2a-eb61-42ec-8965-aeeb9e9b9283	chr17	38885753	58810822	3	2	1
f0000c2a-eb61-42ec-8965-aeeb9e9b9283	chr17	58812591	58924842	1	1	0
f0000c2a-eb61-42ec-8965-aeeb9e9b9283	chr17	58927426	76797512	3	2	1
f0000c2a-eb61-42ec-8965-aeeb9e9b9283	chr17	76798749	77075938	2	1	1
f0000c2a-eb61-42ec-8965-aeeb9e9b9283	chr17	77077326	83237603	3	2	1
f0000c2a-eb61-42ec-8965-aeeb9e9b9283	chr18	16444	5001758	2	1	1
f0000c2a-eb61-42ec-8965-aeeb9e9b9283	chr18	5003024	9713097	1	1	0
f0000c2a-eb61-42ec-8965-aeeb9e9b9283	chr18	9714146	15410360	3	2	1
f0000c2a-eb61-42ec-8965-aeeb9e9b9283	chr18	20931967	75179302	1	1	0
f0000c2a-eb61-42ec-8965-aeeb9e9b9283	chr18	75181178	75193952	3	2	1
f0000c2a-eb61-42ec-8965-aeeb9e9b9283	chr18	75194972	80259190	1	1	0
f0000c2a-eb61-42ec-8965-aeeb9e9b9283	chr19	157892	2353466	2	1	1
f0000c2a-eb61-42ec-8965-aeeb9e9b9283	chr19	2354789	2431257	1	1	0
f0000c2a-eb61-42ec-8965-aeeb9e9b9283	chr19	2432557	5064937	2	1	1
f0000c2a-eb61-42ec-8965-aeeb9e9b9283	chr19	5066319	5597015	1	1	0
f0000c2a-eb61-42ec-8965-aeeb9e9b9283	chr19	5598346	17211261	2	1	1
f0000c2a-eb61-42ec-8965-aeeb9e9b9283	chr19	17212617	17354637	3	2	1
f0000c2a-eb61-42ec-8965-aeeb9e9b9283	chr19	17355660	24247602	2	1	1
f0000c2a-eb61-42ec-8965-aeeb9e9b9283	chr19	24249193	27611321	1	1	0
f0000c2a-eb61-42ec-8965-aeeb9e9b9283	chr19	27612385	33026609	2	1	1
f0000c2a-eb61-42ec-8965-aeeb9e9b9283	chr19	33027812	33233856	1	1	0
f0000c2a-eb61-42ec-8965-aeeb9e9b9283	chr19	33234951	36154178	2	1	1
f0000c2a-eb61-42ec-8965-aeeb9e9b9283	chr19	36155604	38195397	1	1	0
f0000c2a-eb61-42ec-8965-aeeb9e9b9283	chr19	38196436	47812671	2	1	1
f0000c2a-eb61-42ec-8965-aeeb9e9b9283	chr19	47813742	48108557	1	1	0
f0000c2a-eb61-42ec-8965-aeeb9e9b9283	chr19	48109583	50535013	2	1	1
f0000c2a-eb61-42ec-8965-aeeb9e9b9283	chr19	50536098	51033031	1	1	0
f0000c2a-eb61-42ec-8965-aeeb9e9b9283	chr19	51034426	52077543	2	1	1
f0000c2a-eb61-42ec-8965-aeeb9e9b9283	chr19	52079758	54103097	1	1	0
f0000c2a-eb61-42ec-8965-aeeb9e9b9283	chr19	54104737	54376876	2	1	1
f0000c2a-eb61-42ec-8965-aeeb9e9b9283	chr19	54378865	54438544	0	0	0
f0000c2a-eb61-42ec-8965-aeeb9e9b9283	chr19	54439750	58607412	2	1	1
f0000c2a-eb61-42ec-8965-aeeb9e9b9283	chr20	80457	64331516	2	1	1
f0000c2a-eb61-42ec-8965-aeeb9e9b9283	chr21	7762688	9015356	1	1	0
f0000c2a-eb61-42ec-8965-aeeb9e9b9283	chr21	9017096	9960322	0	0	0
f0000c2a-eb61-42ec-8965-aeeb9e9b9283	chr21	9964874	10635017	2	2	0
f0000c2a-eb61-42ec-8965-aeeb9e9b9283	chr21	10639590	13034950	0	0	0
f0000c2a-eb61-42ec-8965-aeeb9e9b9283	chr21	13038540	13162672	2	2	0
f0000c2a-eb61-42ec-8965-aeeb9e9b9283	chr21	13164843	15634562	3	2	1
f0000c2a-eb61-42ec-8965-aeeb9e9b9283	chr21	15635782	46305662	2	1	1
f0000c2a-eb61-42ec-8965-aeeb9e9b9283	chr21	46307488	46699722	2	2	0
f0000c2a-eb61-42ec-8965-aeeb9e9b9283	chr22	15284540	16467917	1	1	0
f0000c2a-eb61-42ec-8965-aeeb9e9b9283	chr22	16469060	21212572	2	1	1
f0000c2a-eb61-42ec-8965-aeeb9e9b9283	chr22	21216185	21421376	1	1	0
f0000c2a-eb61-42ec-8965-aeeb9e9b9283	chr22	21442805	35206905	2	1	1
f0000c2a-eb61-42ec-8965-aeeb9e9b9283	chr22	35208429	35446745	3	2	1
f0000c2a-eb61-42ec-8965-aeeb9e9b9283	chr22	35447762	49933166	2	1	1
f0000c2a-eb61-42ec-8965-aeeb9e9b9283	chr22	49934327	49955529	5	3	2
f0000c2a-eb61-42ec-8965-aeeb9e9b9283	chr22	49956770	50802392	2	1	1
f0000c2a-eb61-42ec-8965-aeeb9e9b9283	chrX	2781514	144106176	2	1	1
f0000c2a-eb61-42ec-8965-aeeb9e9b9283	chrX	144107244	144206370	2	2	0
f0000c2a-eb61-42ec-8965-aeeb9e9b9283	chrX	144207728	155699751	2	1	1
