GDC_Aliquot	Chromosome	Start	End	Copy_Number	Major_Copy_Number	Minor_Copy_Number
5da5e8dc-de54-4e99-9ebd-ebfd7c3929ec	chr1	13116	783006	2	2	0
5da5e8dc-de54-4e99-9ebd-ebfd7c3929ec	chr1	784860	143461702	2	1	1
5da5e8dc-de54-4e99-9ebd-ebfd7c3929ec	chr1	143497185	143525746	7	7	0
5da5e8dc-de54-4e99-9ebd-ebfd7c3929ec	chr1	143528356	143534459	4	4	0
5da5e8dc-de54-4e99-9ebd-ebfd7c3929ec	chr1	143535674	248945703	2	1	1
5da5e8dc-de54-4e99-9ebd-ebfd7c3929ec	chr2	10587	242183243	2	1	1
5da5e8dc-de54-4e99-9ebd-ebfd7c3929ec	chr3	18519	70597117	2	1	1
5da5e8dc-de54-4e99-9ebd-ebfd7c3929ec	chr3	70598331	70609621	1	1	0
5da5e8dc-de54-4e99-9ebd-ebfd7c3929ec	chr3	70610697	87296295	2	1	1
5da5e8dc-de54-4e99-9ebd-ebfd7c3929ec	chr3	87297379	87318149	3	2	1
5da5e8dc-de54-4e99-9ebd-ebfd7c3929ec	chr3	87319332	163143709	2	1	1
5da5e8dc-de54-4e99-9ebd-ebfd7c3929ec	chr3	163144889	163227981	2	2	0
5da5e8dc-de54-4e99-9ebd-ebfd7c3929ec	chr3	163229461	198181744	2	1	1
5da5e8dc-de54-4e99-9ebd-ebfd7c3929ec	chr4	11961	190122722	2	1	1
5da5e8dc-de54-4e99-9ebd-ebfd7c3929ec	chr5	11882	181363900	2	1	1
5da5e8dc-de54-4e99-9ebd-ebfd7c3929ec	chr6	100116	170740469	2	1	1
5da5e8dc-de54-4e99-9ebd-ebfd7c3929ec	chr7	20608	159334386	2	1	1
5da5e8dc-de54-4e99-9ebd-ebfd7c3929ec	chr8	61774	7530664	2	1	1
5da5e8dc-de54-4e99-9ebd-ebfd7c3929ec	chr8	7546994	8239695	1	1	0
5da5e8dc-de54-4e99-9ebd-ebfd7c3929ec	chr8	8241055	39422874	2	1	1
5da5e8dc-de54-4e99-9ebd-ebfd7c3929ec	chr8	39423898	39472553	2	2	0
5da5e8dc-de54-4e99-9ebd-ebfd7c3929ec	chr8	39473574	39509595	1	1	0
5da5e8dc-de54-4e99-9ebd-ebfd7c3929ec	chr8	39510924	145078402	2	1	1
5da5e8dc-de54-4e99-9ebd-ebfd7c3929ec	chr9	10469	4957650	2	1	1
5da5e8dc-de54-4e99-9ebd-ebfd7c3929ec	chr9	4959024	6545605	3	2	1
5da5e8dc-de54-4e99-9ebd-ebfd7c3929ec	chr9	6547680	138256233	2	1	1
5da5e8dc-de54-4e99-9ebd-ebfd7c3929ec	chr10	15029	133787009	2	1	1
5da5e8dc-de54-4e99-9ebd-ebfd7c3929ec	chr11	87268	135076424	2	1	1
5da5e8dc-de54-4e99-9ebd-ebfd7c3929ec	chr12	11065	18528833	2	1	1
5da5e8dc-de54-4e99-9ebd-ebfd7c3929ec	chr12	18530977	21884045	3	2	1
5da5e8dc-de54-4e99-9ebd-ebfd7c3929ec	chr12	21885545	24427466	2	1	1
5da5e8dc-de54-4e99-9ebd-ebfd7c3929ec	chr12	24428470	27149096	3	2	1
5da5e8dc-de54-4e99-9ebd-ebfd7c3929ec	chr12	27150143	30562632	2	1	1
5da5e8dc-de54-4e99-9ebd-ebfd7c3929ec	chr12	30564022	30728362	3	2	1
5da5e8dc-de54-4e99-9ebd-ebfd7c3929ec	chr12	30729505	30772291	2	2	0
5da5e8dc-de54-4e99-9ebd-ebfd7c3929ec	chr12	30773810	37520117	3	2	1
5da5e8dc-de54-4e99-9ebd-ebfd7c3929ec	chr12	37522360	133264676	2	1	1
5da5e8dc-de54-4e99-9ebd-ebfd7c3929ec	chr13	18445955	114343123	2	1	1
5da5e8dc-de54-4e99-9ebd-ebfd7c3929ec	chr14	18223583	19934639	3	2	1
5da5e8dc-de54-4e99-9ebd-ebfd7c3929ec	chr14	19935750	106880670	2	1	1
5da5e8dc-de54-4e99-9ebd-ebfd7c3929ec	chr15	19795285	101980591	2	1	1
5da5e8dc-de54-4e99-9ebd-ebfd7c3929ec	chr16	10291	90226358	2	1	1
5da5e8dc-de54-4e99-9ebd-ebfd7c3929ec	chr17	151035	83237603	2	1	1
5da5e8dc-de54-4e99-9ebd-ebfd7c3929ec	chr18	16444	80259190	2	1	1
5da5e8dc-de54-4e99-9ebd-ebfd7c3929ec	chr19	157892	22081194	2	1	1
5da5e8dc-de54-4e99-9ebd-ebfd7c3929ec	chr19	22083113	24375541	3	2	1
5da5e8dc-de54-4e99-9ebd-ebfd7c3929ec	chr19	24376685	58607412	2	1	1
5da5e8dc-de54-4e99-9ebd-ebfd7c3929ec	chr20	80457	64331516	2	1	1
5da5e8dc-de54-4e99-9ebd-ebfd7c3929ec	chr21	7762688	46699722	2	1	1
5da5e8dc-de54-4e99-9ebd-ebfd7c3929ec	chr22	15284540	16395276	2	2	0
5da5e8dc-de54-4e99-9ebd-ebfd7c3929ec	chr22	16396380	50802392	2	1	1
5da5e8dc-de54-4e99-9ebd-ebfd7c3929ec	chrX	2781514	25726615	1	1	0
5da5e8dc-de54-4e99-9ebd-ebfd7c3929ec	chrX	25727899	25739567	2	2	0
5da5e8dc-de54-4e99-9ebd-ebfd7c3929ec	chrX	25741375	39045145	1	1	0
5da5e8dc-de54-4e99-9ebd-ebfd7c3929ec	chrX	39046182	39060304	2	2	0
5da5e8dc-de54-4e99-9ebd-ebfd7c3929ec	chrX	39062131	47639001	1	1	0
5da5e8dc-de54-4e99-9ebd-ebfd7c3929ec	chrX	47641301	47654146	3	3	0
5da5e8dc-de54-4e99-9ebd-ebfd7c3929ec	chrX	47655674	48550499	1	1	0
5da5e8dc-de54-4e99-9ebd-ebfd7c3929ec	chrX	48551699	48559738	0	0	0
5da5e8dc-de54-4e99-9ebd-ebfd7c3929ec	chrX	48562353	118131087	1	1	0
5da5e8dc-de54-4e99-9ebd-ebfd7c3929ec	chrX	118132533	118139330	0	0	0
5da5e8dc-de54-4e99-9ebd-ebfd7c3929ec	chrX	118141779	153952914	1	1	0
5da5e8dc-de54-4e99-9ebd-ebfd7c3929ec	chrX	153954214	153964462	0	0	0
5da5e8dc-de54-4e99-9ebd-ebfd7c3929ec	chrX	153965901	155699751	1	1	0
5da5e8dc-de54-4e99-9ebd-ebfd7c3929ec	chrY	2789135	26622951	1	1	0
