GDC_Aliquot	Chromosome	Start	End	Num_Probes	Segment_Mean
99583a5d-4e67-4487-aec1-6ddd6d55fc0e	1	62920	13526460	6598	0.003
99583a5d-4e67-4487-aec1-6ddd6d55fc0e	1	13529113	13529289	4	-1.0252
99583a5d-4e67-4487-aec1-6ddd6d55fc0e	1	13531933	13980165	340	-0.012
99583a5d-4e67-4487-aec1-6ddd6d55fc0e	1	13980269	13980383	3	-0.9669
99583a5d-4e67-4487-aec1-6ddd6d55fc0e	1	13984879	16542868	1701	0.0042
99583a5d-4e67-4487-aec1-6ddd6d55fc0e	1	16544783	16721984	42	0.674
99583a5d-4e67-4487-aec1-6ddd6d55fc0e	1	16766762	16788139	13	-0.6602
99583a5d-4e67-4487-aec1-6ddd6d55fc0e	1	16855942	16935752	56	0.5473
99583a5d-4e67-4487-aec1-6ddd6d55fc0e	1	16949746	25256850	5264	0
99583a5d-4e67-4487-aec1-6ddd6d55fc0e	1	25266637	25336819	25	0.5799
99583a5d-4e67-4487-aec1-6ddd6d55fc0e	1	25336853	105470754	49730	0.0003
99583a5d-4e67-4487-aec1-6ddd6d55fc0e	1	105476583	105479753	17	0.7695
99583a5d-4e67-4487-aec1-6ddd6d55fc0e	1	105481433	109684893	2635	0.0083
99583a5d-4e67-4487-aec1-6ddd6d55fc0e	1	109690352	109697556	13	1.1268
99583a5d-4e67-4487-aec1-6ddd6d55fc0e	1	109702376	110834746	837	0.0005
99583a5d-4e67-4487-aec1-6ddd6d55fc0e	1	110834943	110845604	38	-0.7495
99583a5d-4e67-4487-aec1-6ddd6d55fc0e	1	110849445	112147704	1076	-0.0016
99583a5d-4e67-4487-aec1-6ddd6d55fc0e	1	112153343	112154576	21	0.6256
99583a5d-4e67-4487-aec1-6ddd6d55fc0e	1	112154591	121556564	5150	0.0028
99583a5d-4e67-4487-aec1-6ddd6d55fc0e	1	121558757	145846884	234	0.1544
99583a5d-4e67-4487-aec1-6ddd6d55fc0e	1	145847528	152789570	2430	0.0142
99583a5d-4e67-4487-aec1-6ddd6d55fc0e	1	152789781	152795783	27	0.5208
99583a5d-4e67-4487-aec1-6ddd6d55fc0e	1	152795805	157775246	2720	0.0061
99583a5d-4e67-4487-aec1-6ddd6d55fc0e	1	157779754	157780080	4	-0.8404
99583a5d-4e67-4487-aec1-6ddd6d55fc0e	1	157780469	158545295	574	-0.0146
99583a5d-4e67-4487-aec1-6ddd6d55fc0e	1	158547206	158550505	16	-0.8697
99583a5d-4e67-4487-aec1-6ddd6d55fc0e	1	158553881	165452567	5041	-0.0109
99583a5d-4e67-4487-aec1-6ddd6d55fc0e	1	165452637	165454933	13	-0.9813
99583a5d-4e67-4487-aec1-6ddd6d55fc0e	1	165455373	196820098	21154	-0.005
99583a5d-4e67-4487-aec1-6ddd6d55fc0e	1	196820637	196936029	80	-1.0084
99583a5d-4e67-4487-aec1-6ddd6d55fc0e	1	196940515	199142393	1314	-0.0024
99583a5d-4e67-4487-aec1-6ddd6d55fc0e	1	199142562	199144712	6	-0.8072
99583a5d-4e67-4487-aec1-6ddd6d55fc0e	1	199145110	209897717	7402	-0.0075
99583a5d-4e67-4487-aec1-6ddd6d55fc0e	1	209908268	209908720	2	-2.0397
99583a5d-4e67-4487-aec1-6ddd6d55fc0e	1	209910639	223446392	9299	-0.0137
99583a5d-4e67-4487-aec1-6ddd6d55fc0e	1	223454848	223458267	17	0.657
99583a5d-4e67-4487-aec1-6ddd6d55fc0e	1	223458360	223461088	6	0.1135
99583a5d-4e67-4487-aec1-6ddd6d55fc0e	1	223461787	223468489	25	0.647
99583a5d-4e67-4487-aec1-6ddd6d55fc0e	1	223470236	248471839	17493	0.0012
99583a5d-4e67-4487-aec1-6ddd6d55fc0e	1	248473963	248631163	47	0.4017
99583a5d-4e67-4487-aec1-6ddd6d55fc0e	1	248631988	248930189	144	0.0766
99583a5d-4e67-4487-aec1-6ddd6d55fc0e	2	12784	4158097	2987	0.0098
99583a5d-4e67-4487-aec1-6ddd6d55fc0e	2	4166274	4175577	36	-0.6604
99583a5d-4e67-4487-aec1-6ddd6d55fc0e	2	4175922	4602761	355	-0.0006
99583a5d-4e67-4487-aec1-6ddd6d55fc0e	2	4604202	4606898	5	-1.0929
99583a5d-4e67-4487-aec1-6ddd6d55fc0e	2	4607297	13844585	7099	-0.0026
99583a5d-4e67-4487-aec1-6ddd6d55fc0e	2	13846099	13846179	2	-1.9182
99583a5d-4e67-4487-aec1-6ddd6d55fc0e	2	13847748	27216883	8873	0.0006
99583a5d-4e67-4487-aec1-6ddd6d55fc0e	2	27218434	27218632	3	-1.3279
99583a5d-4e67-4487-aec1-6ddd6d55fc0e	2	27219036	29312195	1191	0.0108
99583a5d-4e67-4487-aec1-6ddd6d55fc0e	2	29312331	29315776	5	-1.0744
99583a5d-4e67-4487-aec1-6ddd6d55fc0e	2	29316670	32958539	2356	0.0123
99583a5d-4e67-4487-aec1-6ddd6d55fc0e	2	32958800	32969346	7	-0.628
99583a5d-4e67-4487-aec1-6ddd6d55fc0e	2	32969854	34179871	957	-0.0019
99583a5d-4e67-4487-aec1-6ddd6d55fc0e	2	34180737	34180751	2	-1.1258
99583a5d-4e67-4487-aec1-6ddd6d55fc0e	2	34180839	34476516	218	-0.0057
99583a5d-4e67-4487-aec1-6ddd6d55fc0e	2	34476558	34511990	43	0.5512
99583a5d-4e67-4487-aec1-6ddd6d55fc0e	2	34512096	35750907	871	0.013
99583a5d-4e67-4487-aec1-6ddd6d55fc0e	2	35752724	35762850	6	-1.5627
99583a5d-4e67-4487-aec1-6ddd6d55fc0e	2	35762881	41011095	3927	0.0087
99583a5d-4e67-4487-aec1-6ddd6d55fc0e	2	41011303	41024093	23	-0.4839
99583a5d-4e67-4487-aec1-6ddd6d55fc0e	2	41024125	52527330	8178	0.0067
99583a5d-4e67-4487-aec1-6ddd6d55fc0e	2	52527342	52554404	39	0.7276
99583a5d-4e67-4487-aec1-6ddd6d55fc0e	2	52560811	86748195	21928	0.0085
99583a5d-4e67-4487-aec1-6ddd6d55fc0e	2	86751772	86761937	4	-0.9001
99583a5d-4e67-4487-aec1-6ddd6d55fc0e	2	86762270	87211079	97	0.0429
99583a5d-4e67-4487-aec1-6ddd6d55fc0e	2	87218694	87221597	3	-1.4173
99583a5d-4e67-4487-aec1-6ddd6d55fc0e	2	87223346	87256891	10	-0.0887
99583a5d-4e67-4487-aec1-6ddd6d55fc0e	2	87260822	87261116	2	-3.845
99583a5d-4e67-4487-aec1-6ddd6d55fc0e	2	87262561	88825975	541	-0.0203
99583a5d-4e67-4487-aec1-6ddd6d55fc0e	2	88826632	92060082	384	0.1499
99583a5d-4e67-4487-aec1-6ddd6d55fc0e	2	92068872	97210463	866	0.0209
99583a5d-4e67-4487-aec1-6ddd6d55fc0e	2	97210536	97310327	5	1.097
99583a5d-4e67-4487-aec1-6ddd6d55fc0e	2	97348052	97359885	12	0.0645
99583a5d-4e67-4487-aec1-6ddd6d55fc0e	2	97524284	97545247	8	-0.6745
99583a5d-4e67-4487-aec1-6ddd6d55fc0e	2	97545726	114629270	9981	-0.0021
99583a5d-4e67-4487-aec1-6ddd6d55fc0e	2	114638844	114643422	18	-0.8581
99583a5d-4e67-4487-aec1-6ddd6d55fc0e	2	114645637	129484957	9492	0.0044
99583a5d-4e67-4487-aec1-6ddd6d55fc0e	2	129488165	129489260	4	-1.0515
99583a5d-4e67-4487-aec1-6ddd6d55fc0e	2	129497537	131550645	830	0.0036
99583a5d-4e67-4487-aec1-6ddd6d55fc0e	2	131554752	131572823	8	-0.7296
99583a5d-4e67-4487-aec1-6ddd6d55fc0e	2	131578090	131946511	150	0.0133
99583a5d-4e67-4487-aec1-6ddd6d55fc0e	2	131951621	131962142	3	-1.8971
99583a5d-4e67-4487-aec1-6ddd6d55fc0e	2	131964554	134650209	1872	-0.0004
99583a5d-4e67-4487-aec1-6ddd6d55fc0e	2	134657318	134657945	2	-1.911
99583a5d-4e67-4487-aec1-6ddd6d55fc0e	2	134660929	137748709	1896	-0.0081
99583a5d-4e67-4487-aec1-6ddd6d55fc0e	2	137751623	137754783	7	-0.8856
99583a5d-4e67-4487-aec1-6ddd6d55fc0e	2	137757882	141828336	2641	0.0037
99583a5d-4e67-4487-aec1-6ddd6d55fc0e	2	141828544	141828631	2	-1.3844
99583a5d-4e67-4487-aec1-6ddd6d55fc0e	2	141829723	179553606	23017	0.0007
99583a5d-4e67-4487-aec1-6ddd6d55fc0e	2	179553661	179557179	26	-1.0249
99583a5d-4e67-4487-aec1-6ddd6d55fc0e	2	179557394	184379336	3107	0.0123
99583a5d-4e67-4487-aec1-6ddd6d55fc0e	2	184392326	184400102	15	-0.5823
99583a5d-4e67-4487-aec1-6ddd6d55fc0e	2	184400238	194623148	5639	0.0119
99583a5d-4e67-4487-aec1-6ddd6d55fc0e	2	194624286	194627578	2	-1.0844
99583a5d-4e67-4487-aec1-6ddd6d55fc0e	2	194627624	198478763	2223	0.0069
99583a5d-4e67-4487-aec1-6ddd6d55fc0e	2	198479835	198480351	2	-1.1789
99583a5d-4e67-4487-aec1-6ddd6d55fc0e	2	198483441	207476490	5441	0.0008
99583a5d-4e67-4487-aec1-6ddd6d55fc0e	2	207476861	207496875	39	0.2983
99583a5d-4e67-4487-aec1-6ddd6d55fc0e	2	207496888	226089732	12071	0.0002
99583a5d-4e67-4487-aec1-6ddd6d55fc0e	2	226092047	226096702	9	-0.9425
99583a5d-4e67-4487-aec1-6ddd6d55fc0e	2	226098982	242147305	9995	-0.0026
99583a5d-4e67-4487-aec1-6ddd6d55fc0e	3	20930	2947958	2560	0.0341
99583a5d-4e67-4487-aec1-6ddd6d55fc0e	3	2950322	2953117	11	-0.7931
99583a5d-4e67-4487-aec1-6ddd6d55fc0e	3	2955098	75519398	50171	0.0054
99583a5d-4e67-4487-aec1-6ddd6d55fc0e	3	75523398	75537654	5	-1.8882
99583a5d-4e67-4487-aec1-6ddd6d55fc0e	3	75546030	84650607	4978	0.0046
99583a5d-4e67-4487-aec1-6ddd6d55fc0e	3	84650642	84652985	12	-0.5877
99583a5d-4e67-4487-aec1-6ddd6d55fc0e	3	84653010	87485979	1617	0.0078
99583a5d-4e67-4487-aec1-6ddd6d55fc0e	3	87491339	87496068	4	-0.8307
99583a5d-4e67-4487-aec1-6ddd6d55fc0e	3	87497852	87843126	166	-0.0068
99583a5d-4e67-4487-aec1-6ddd6d55fc0e	3	87843296	87853103	5	-1.4897
99583a5d-4e67-4487-aec1-6ddd6d55fc0e	3	87853697	89622509	1080	0.0001
99583a5d-4e67-4487-aec1-6ddd6d55fc0e	3	89622531	89624990	5	-1.0817
99583a5d-4e67-4487-aec1-6ddd6d55fc0e	3	89629449	114936935	12608	0.0034
99583a5d-4e67-4487-aec1-6ddd6d55fc0e	3	114941745	114942097	6	-2.9607
99583a5d-4e67-4487-aec1-6ddd6d55fc0e	3	114950103	123220310	5163	0.0024
99583a5d-4e67-4487-aec1-6ddd6d55fc0e	3	123221530	123225512	3	-1.0319
99583a5d-4e67-4487-aec1-6ddd6d55fc0e	3	123227271	128661409	3436	-0.0009
99583a5d-4e67-4487-aec1-6ddd6d55fc0e	3	128662406	128680378	9	0.4547
99583a5d-4e67-4487-aec1-6ddd6d55fc0e	3	128686328	128693488	7	1.3434
99583a5d-4e67-4487-aec1-6ddd6d55fc0e	3	128695318	131617489	1538	-0.0031
99583a5d-4e67-4487-aec1-6ddd6d55fc0e	3	131617639	131617654	2	-1.1334
99583a5d-4e67-4487-aec1-6ddd6d55fc0e	3	131619421	132270486	556	0.0039
99583a5d-4e67-4487-aec1-6ddd6d55fc0e	3	132270503	132276840	5	0.8835
99583a5d-4e67-4487-aec1-6ddd6d55fc0e	3	132281633	137309121	3044	0.0163
99583a5d-4e67-4487-aec1-6ddd6d55fc0e	3	137311987	137324378	28	-0.7705
99583a5d-4e67-4487-aec1-6ddd6d55fc0e	3	137328545	138458922	616	0.0131
99583a5d-4e67-4487-aec1-6ddd6d55fc0e	3	138462105	138508348	27	-0.7753
99583a5d-4e67-4487-aec1-6ddd6d55fc0e	3	138510497	162790480	15112	0.0071
99583a5d-4e67-4487-aec1-6ddd6d55fc0e	3	162794869	162908207	70	-1.818
99583a5d-4e67-4487-aec1-6ddd6d55fc0e	3	162908784	162996729	72	0.0733
99583a5d-4e67-4487-aec1-6ddd6d55fc0e	3	162999939	163001774	2	1.4082
99583a5d-4e67-4487-aec1-6ddd6d55fc0e	3	163008371	169634670	3840	0.0129
99583a5d-4e67-4487-aec1-6ddd6d55fc0e	3	169635037	169640726	5	-1.0331
99583a5d-4e67-4487-aec1-6ddd6d55fc0e	3	169647757	173438892	2375	-0.0032
99583a5d-4e67-4487-aec1-6ddd6d55fc0e	3	173443991	173919601	335	0.1007
99583a5d-4e67-4487-aec1-6ddd6d55fc0e	3	173919621	175354038	1012	0.0042
99583a5d-4e67-4487-aec1-6ddd6d55fc0e	3	175354053	176041258	436	0.0882
99583a5d-4e67-4487-aec1-6ddd6d55fc0e	3	176041982	193160173	11096	0.0025
99583a5d-4e67-4487-aec1-6ddd6d55fc0e	3	193160256	193165114	18	0.6762
99583a5d-4e67-4487-aec1-6ddd6d55fc0e	3	193168646	195695418	1491	0.0163
99583a5d-4e67-4487-aec1-6ddd6d55fc0e	3	195695420	195728637	19	-0.8535
99583a5d-4e67-4487-aec1-6ddd6d55fc0e	3	195728990	198109014	1164	0.0285
99583a5d-4e67-4487-aec1-6ddd6d55fc0e	3	198111342	198169247	20	0.5329
99583a5d-4e67-4487-aec1-6ddd6d55fc0e	4	68929	873454	299	0.0901
99583a5d-4e67-4487-aec1-6ddd6d55fc0e	4	874078	8569049	4716	0.0058
99583a5d-4e67-4487-aec1-6ddd6d55fc0e	4	8571629	9379218	87	0.092
99583a5d-4e67-4487-aec1-6ddd6d55fc0e	4	9379465	9484440	63	0.5532
99583a5d-4e67-4487-aec1-6ddd6d55fc0e	4	9494650	10208766	539	0.0168
99583a5d-4e67-4487-aec1-6ddd6d55fc0e	4	10212536	10229874	29	1.8367
99583a5d-4e67-4487-aec1-6ddd6d55fc0e	4	10232590	10233644	7	0.7805
99583a5d-4e67-4487-aec1-6ddd6d55fc0e	4	10234518	10389091	171	0.0014
99583a5d-4e67-4487-aec1-6ddd6d55fc0e	4	10390730	10399044	16	-2.783
99583a5d-4e67-4487-aec1-6ddd6d55fc0e	4	10401094	15758057	4186	0.008
99583a5d-4e67-4487-aec1-6ddd6d55fc0e	4	15758448	15766844	7	-0.7882
99583a5d-4e67-4487-aec1-6ddd6d55fc0e	4	15769288	25499835	6764	0.0042
99583a5d-4e67-4487-aec1-6ddd6d55fc0e	4	25500435	25506388	27	-0.8897
99583a5d-4e67-4487-aec1-6ddd6d55fc0e	4	25509364	30064714	2997	0.0073
99583a5d-4e67-4487-aec1-6ddd6d55fc0e	4	30065230	30069394	2	-1.8318
99583a5d-4e67-4487-aec1-6ddd6d55fc0e	4	30069571	34777403	2802	-0.0015
99583a5d-4e67-4487-aec1-6ddd6d55fc0e	4	34777418	34823103	40	0.5043
99583a5d-4e67-4487-aec1-6ddd6d55fc0e	4	34828250	63828222	16560	0.0098
99583a5d-4e67-4487-aec1-6ddd6d55fc0e	4	63831751	63838575	7	0.7878
99583a5d-4e67-4487-aec1-6ddd6d55fc0e	4	63839438	63840033	13	0.2717
99583a5d-4e67-4487-aec1-6ddd6d55fc0e	4	63841863	63850713	9	1.0776
99583a5d-4e67-4487-aec1-6ddd6d55fc0e	4	63851308	68354665	2849	0.0049
99583a5d-4e67-4487-aec1-6ddd6d55fc0e	4	68361130	68391041	4	2.0404
99583a5d-4e67-4487-aec1-6ddd6d55fc0e	4	68394355	68478894	17	-0.303
99583a5d-4e67-4487-aec1-6ddd6d55fc0e	4	68494770	68725894	77	0.5533
99583a5d-4e67-4487-aec1-6ddd6d55fc0e	4	68726064	86054070	10797	0.0103
99583a5d-4e67-4487-aec1-6ddd6d55fc0e	4	86054941	86058791	20	-2.0672
99583a5d-4e67-4487-aec1-6ddd6d55fc0e	4	86058936	111375831	15008	0.0046
99583a5d-4e67-4487-aec1-6ddd6d55fc0e	4	111376259	111388458	24	-0.9623
99583a5d-4e67-4487-aec1-6ddd6d55fc0e	4	111388478	114252544	1838	-0.004
99583a5d-4e67-4487-aec1-6ddd6d55fc0e	4	114254167	114261019	23	0.94
99583a5d-4e67-4487-aec1-6ddd6d55fc0e	4	114263073	148317162	20173	0.0068
99583a5d-4e67-4487-aec1-6ddd6d55fc0e	4	148317860	148333453	5	-1.0797
99583a5d-4e67-4487-aec1-6ddd6d55fc0e	4	148333518	154881396	3867	0.0125
99583a5d-4e67-4487-aec1-6ddd6d55fc0e	4	154881853	154881926	3	-3.2876
99583a5d-4e67-4487-aec1-6ddd6d55fc0e	4	154882047	167894290	8308	0.0082
99583a5d-4e67-4487-aec1-6ddd6d55fc0e	4	167897292	167921348	48	0.5663
99583a5d-4e67-4487-aec1-6ddd6d55fc0e	4	167922955	171448195	2250	0.0109
99583a5d-4e67-4487-aec1-6ddd6d55fc0e	4	171453733	171456573	11	0.7679
99583a5d-4e67-4487-aec1-6ddd6d55fc0e	4	171456625	172066777	398	-0.0084
99583a5d-4e67-4487-aec1-6ddd6d55fc0e	4	172067997	172068382	12	-1.892
99583a5d-4e67-4487-aec1-6ddd6d55fc0e	4	172074828	188300104	10935	0.0056
99583a5d-4e67-4487-aec1-6ddd6d55fc0e	4	188300206	188300270	3	1.3991
99583a5d-4e67-4487-aec1-6ddd6d55fc0e	4	188300285	190106768	1142	0.0525
99583a5d-4e67-4487-aec1-6ddd6d55fc0e	5	15532	379991	166	0.1384
99583a5d-4e67-4487-aec1-6ddd6d55fc0e	5	380009	717410	145	0.0533
99583a5d-4e67-4487-aec1-6ddd6d55fc0e	5	717446	773075	20	-0.359
99583a5d-4e67-4487-aec1-6ddd6d55fc0e	5	773432	12588576	9745	0.0177
99583a5d-4e67-4487-aec1-6ddd6d55fc0e	5	12588908	12819201	116	0.0962
99583a5d-4e67-4487-aec1-6ddd6d55fc0e	5	12819263	12826538	8	0.9342
99583a5d-4e67-4487-aec1-6ddd6d55fc0e	5	12833745	21449167	5514	0.0301
99583a5d-4e67-4487-aec1-6ddd6d55fc0e	5	21451091	21452329	5	-1.7385
99583a5d-4e67-4487-aec1-6ddd6d55fc0e	5	21452387	26789387	3135	0.0086
99583a5d-4e67-4487-aec1-6ddd6d55fc0e	5	26797651	26797735	2	-1.5415
99583a5d-4e67-4487-aec1-6ddd6d55fc0e	5	26803775	45383300	11539	0.0194
99583a5d-4e67-4487-aec1-6ddd6d55fc0e	5	45390579	45796415	166	0.1498
99583a5d-4e67-4487-aec1-6ddd6d55fc0e	5	45800286	46191782	96	0.0112
99583a5d-4e67-4487-aec1-6ddd6d55fc0e	5	46195781	46199333	4	-1.043
99583a5d-4e67-4487-aec1-6ddd6d55fc0e	5	46209197	46251204	13	0.1669
99583a5d-4e67-4487-aec1-6ddd6d55fc0e	5	46270906	46273400	8	1.1765
99583a5d-4e67-4487-aec1-6ddd6d55fc0e	5	46278110	55183188	3200	0.0281
99583a5d-4e67-4487-aec1-6ddd6d55fc0e	5	55183748	55183993	3	-1.1578
99583a5d-4e67-4487-aec1-6ddd6d55fc0e	5	55184099	58025819	1871	0.0153
99583a5d-4e67-4487-aec1-6ddd6d55fc0e	5	58030200	58037688	31	-0.5104
99583a5d-4e67-4487-aec1-6ddd6d55fc0e	5	58037706	70959079	7315	0.0247
99583a5d-4e67-4487-aec1-6ddd6d55fc0e	5	71010832	71011717	5	1.1784
99583a5d-4e67-4487-aec1-6ddd6d55fc0e	5	71053366	99265683	16472	0.0232
99583a5d-4e67-4487-aec1-6ddd6d55fc0e	5	99271998	101944463	1608	0.0789
99583a5d-4e67-4487-aec1-6ddd6d55fc0e	5	101945488	104515520	1439	0.0294
99583a5d-4e67-4487-aec1-6ddd6d55fc0e	5	104524672	104524903	4	-1.405
99583a5d-4e67-4487-aec1-6ddd6d55fc0e	5	104525348	150822643	29806	0.0244
99583a5d-4e67-4487-aec1-6ddd6d55fc0e	5	150825938	150839042	8	-0.8159
99583a5d-4e67-4487-aec1-6ddd6d55fc0e	5	150843825	175946505	17717	0.0209
99583a5d-4e67-4487-aec1-6ddd6d55fc0e	5	175960543	176042504	15	0.6209
99583a5d-4e67-4487-aec1-6ddd6d55fc0e	5	176043321	177771448	723	0.0207
99583a5d-4e67-4487-aec1-6ddd6d55fc0e	5	177800550	177805604	3	2.4705
99583a5d-4e67-4487-aec1-6ddd6d55fc0e	5	177827964	181363319	1984	0.03
99583a5d-4e67-4487-aec1-6ddd6d55fc0e	6	149661	254283	101	0.0539
99583a5d-4e67-4487-aec1-6ddd6d55fc0e	6	257353	381149	101	0.681
99583a5d-4e67-4487-aec1-6ddd6d55fc0e	6	382559	26747492	20040	0.0056
99583a5d-4e67-4487-aec1-6ddd6d55fc0e	6	26747504	26759781	4	1.1079
99583a5d-4e67-4487-aec1-6ddd6d55fc0e	6	26831719	29869295	1414	0.0113
99583a5d-4e67-4487-aec1-6ddd6d55fc0e	6	29869410	29906865	22	-0.8521
99583a5d-4e67-4487-aec1-6ddd6d55fc0e	6	29906932	31319445	662	-0.0063
99583a5d-4e67-4487-aec1-6ddd6d55fc0e	6	31319724	31328176	3	-2.2093
99583a5d-4e67-4487-aec1-6ddd6d55fc0e	6	31328210	32488906	507	-0.027
99583a5d-4e67-4487-aec1-6ddd6d55fc0e	6	32488965	32602269	26	-0.5382
99583a5d-4e67-4487-aec1-6ddd6d55fc0e	6	32602588	54066353	13737	0.0024
99583a5d-4e67-4487-aec1-6ddd6d55fc0e	6	54066432	54067057	6	1.1379
99583a5d-4e67-4487-aec1-6ddd6d55fc0e	6	54070550	57381985	1987	0.0085
99583a5d-4e67-4487-aec1-6ddd6d55fc0e	6	57385590	61541534	585	0.097
99583a5d-4e67-4487-aec1-6ddd6d55fc0e	6	61542203	61557956	11	-0.2616
99583a5d-4e67-4487-aec1-6ddd6d55fc0e	6	61560338	64627049	1646	0.0093
99583a5d-4e67-4487-aec1-6ddd6d55fc0e	6	64637651	64639099	2	-2.4056
99583a5d-4e67-4487-aec1-6ddd6d55fc0e	6	64640883	76305231	7641	0.0068
99583a5d-4e67-4487-aec1-6ddd6d55fc0e	6	76307183	76307209	3	1.092
99583a5d-4e67-4487-aec1-6ddd6d55fc0e	6	76307276	76711775	287	0.0382
99583a5d-4e67-4487-aec1-6ddd6d55fc0e	6	76712780	76751356	31	0.3276
99583a5d-4e67-4487-aec1-6ddd6d55fc0e	6	76758214	78252909	973	0.0121
99583a5d-4e67-4487-aec1-6ddd6d55fc0e	6	78253157	78325310	112	0.4316
99583a5d-4e67-4487-aec1-6ddd6d55fc0e	6	78325457	103286954	15480	0.0068
99583a5d-4e67-4487-aec1-6ddd6d55fc0e	6	103290101	103314186	46	0.7423
99583a5d-4e67-4487-aec1-6ddd6d55fc0e	6	103317795	170741917	44171	0.0068
99583a5d-4e67-4487-aec1-6ddd6d55fc0e	7	43355	3349458	1422	0.0033
99583a5d-4e67-4487-aec1-6ddd6d55fc0e	7	3355447	3355694	5	-1.4118
99583a5d-4e67-4487-aec1-6ddd6d55fc0e	7	3359128	53383781	36395	0.0034
99583a5d-4e67-4487-aec1-6ddd6d55fc0e	7	53387910	53398482	8	-1.1785
99583a5d-4e67-4487-aec1-6ddd6d55fc0e	7	53401260	54305455	648	-0.009
99583a5d-4e67-4487-aec1-6ddd6d55fc0e	7	54318812	54318824	6	-0.8481
99583a5d-4e67-4487-aec1-6ddd6d55fc0e	7	54325795	54861282	403	0.006
99583a5d-4e67-4487-aec1-6ddd6d55fc0e	7	54864113	54865301	4	-0.9834
99583a5d-4e67-4487-aec1-6ddd6d55fc0e	7	54866925	65796311	2853	0.0226
99583a5d-4e67-4487-aec1-6ddd6d55fc0e	7	65799537	65818881	10	0.6779
99583a5d-4e67-4487-aec1-6ddd6d55fc0e	7	65827971	67225584	483	0.0032
99583a5d-4e67-4487-aec1-6ddd6d55fc0e	7	67230121	67233947	2	-1.9615
99583a5d-4e67-4487-aec1-6ddd6d55fc0e	7	67234797	70954832	2373	0.0091
99583a5d-4e67-4487-aec1-6ddd6d55fc0e	7	70955452	70961155	3	1.1149
99583a5d-4e67-4487-aec1-6ddd6d55fc0e	7	70963257	76817005	2234	0.0126
99583a5d-4e67-4487-aec1-6ddd6d55fc0e	7	76818403	76818417	2	-1.1964
99583a5d-4e67-4487-aec1-6ddd6d55fc0e	7	76819258	91578827	9609	0.0083
99583a5d-4e67-4487-aec1-6ddd6d55fc0e	7	91589569	91589648	2	-1.6934
99583a5d-4e67-4487-aec1-6ddd6d55fc0e	7	91589817	97766148	3850	-0.0017
99583a5d-4e67-4487-aec1-6ddd6d55fc0e	7	97766150	97766159	5	0.9233
99583a5d-4e67-4487-aec1-6ddd6d55fc0e	7	97766194	109793741	6611	0.0052
99583a5d-4e67-4487-aec1-6ddd6d55fc0e	7	109797035	109814172	37	0.444
99583a5d-4e67-4487-aec1-6ddd6d55fc0e	7	109814214	111179506	903	0.0004
99583a5d-4e67-4487-aec1-6ddd6d55fc0e	7	111179821	111696693	328	0.1007
99583a5d-4e67-4487-aec1-6ddd6d55fc0e	7	111700642	126404920	8798	0.001
99583a5d-4e67-4487-aec1-6ddd6d55fc0e	7	126405428	126406561	12	1.1396
99583a5d-4e67-4487-aec1-6ddd6d55fc0e	7	126406822	134093899	4700	0.0053
99583a5d-4e67-4487-aec1-6ddd6d55fc0e	7	134100424	134110881	26	0.764
99583a5d-4e67-4487-aec1-6ddd6d55fc0e	7	134110912	140037421	3876	0.0102
99583a5d-4e67-4487-aec1-6ddd6d55fc0e	7	140039780	140046996	3	-2.3768
99583a5d-4e67-4487-aec1-6ddd6d55fc0e	7	140048422	140492542	238	0.0411
99583a5d-4e67-4487-aec1-6ddd6d55fc0e	7	140493059	140499212	13	-0.7449
99583a5d-4e67-4487-aec1-6ddd6d55fc0e	7	140506802	142070827	1083	0.0058
99583a5d-4e67-4487-aec1-6ddd6d55fc0e	7	142071122	142099190	27	0.3359
99583a5d-4e67-4487-aec1-6ddd6d55fc0e	7	142099360	142642726	356	0.0389
99583a5d-4e67-4487-aec1-6ddd6d55fc0e	7	142643022	142785320	87	0.1821
99583a5d-4e67-4487-aec1-6ddd6d55fc0e	7	142785841	143521765	452	0.0091
99583a5d-4e67-4487-aec1-6ddd6d55fc0e	7	143529806	143530003	2	-1.1603
99583a5d-4e67-4487-aec1-6ddd6d55fc0e	7	143549276	144012591	157	0.0092
99583a5d-4e67-4487-aec1-6ddd6d55fc0e	7	144012606	144014058	8	0.6614
99583a5d-4e67-4487-aec1-6ddd6d55fc0e	7	144014076	144255817	145	-0.0106
99583a5d-4e67-4487-aec1-6ddd6d55fc0e	7	144264193	144326306	5	0.5398
99583a5d-4e67-4487-aec1-6ddd6d55fc0e	7	144336758	144343967	2	-1.2908
99583a5d-4e67-4487-aec1-6ddd6d55fc0e	7	144352208	159334314	9649	0.0101
99583a5d-4e67-4487-aec1-6ddd6d55fc0e	8	81254	2131151	1475	0.0204
99583a5d-4e67-4487-aec1-6ddd6d55fc0e	8	2132302	2134890	19	-0.5511
99583a5d-4e67-4487-aec1-6ddd6d55fc0e	8	2137191	2179870	68	0.0207
99583a5d-4e67-4487-aec1-6ddd6d55fc0e	8	2181344	2185178	7	-1.2272
99583a5d-4e67-4487-aec1-6ddd6d55fc0e	8	2193931	2787472	380	0.0463
99583a5d-4e67-4487-aec1-6ddd6d55fc0e	8	2787524	2788467	4	-1.1122
99583a5d-4e67-4487-aec1-6ddd6d55fc0e	8	2789080	5218071	3349	0.0095
99583a5d-4e67-4487-aec1-6ddd6d55fc0e	8	5218126	5218330	7	1.369
99583a5d-4e67-4487-aec1-6ddd6d55fc0e	8	5218430	7775900	2459	0.0215
99583a5d-4e67-4487-aec1-6ddd6d55fc0e	8	7788805	8110806	22	0.5098
99583a5d-4e67-4487-aec1-6ddd6d55fc0e	8	8120447	9538675	1277	0.0052
99583a5d-4e67-4487-aec1-6ddd6d55fc0e	8	9538949	9539139	2	-3.4728
99583a5d-4e67-4487-aec1-6ddd6d55fc0e	8	9539828	9644293	65	-0.0608
99583a5d-4e67-4487-aec1-6ddd6d55fc0e	8	9644369	9644751	8	-0.8034
99583a5d-4e67-4487-aec1-6ddd6d55fc0e	8	9644826	12585546	1932	0.0098
99583a5d-4e67-4487-aec1-6ddd6d55fc0e	8	12616034	12624470	8	-0.6854
99583a5d-4e67-4487-aec1-6ddd6d55fc0e	8	12624538	14171486	1455	0.0143
99583a5d-4e67-4487-aec1-6ddd6d55fc0e	8	14172478	14172796	2	-1.5002
99583a5d-4e67-4487-aec1-6ddd6d55fc0e	8	14173115	14718551	562	-0.016
99583a5d-4e67-4487-aec1-6ddd6d55fc0e	8	14720091	14720102	2	-1.4387
99583a5d-4e67-4487-aec1-6ddd6d55fc0e	8	14720144	16151725	1290	0.003
99583a5d-4e67-4487-aec1-6ddd6d55fc0e	8	16152670	16154684	4	-1.0542
99583a5d-4e67-4487-aec1-6ddd6d55fc0e	8	16154785	23550227	5933	0.0043
99583a5d-4e67-4487-aec1-6ddd6d55fc0e	8	23550260	23550298	3	-4.4732
99583a5d-4e67-4487-aec1-6ddd6d55fc0e	8	23550358	25114672	1140	-0.0074
99583a5d-4e67-4487-aec1-6ddd6d55fc0e	8	25116928	25126818	27	0.564
99583a5d-4e67-4487-aec1-6ddd6d55fc0e	8	25133589	32821348	5430	0.0027
99583a5d-4e67-4487-aec1-6ddd6d55fc0e	8	32825580	32830895	8	1.7881
99583a5d-4e67-4487-aec1-6ddd6d55fc0e	8	32834588	39373140	3580	0.0083
99583a5d-4e67-4487-aec1-6ddd6d55fc0e	8	39378084	39529446	59	0.9529
99583a5d-4e67-4487-aec1-6ddd6d55fc0e	8	39530780	57442880	9361	0.005
99583a5d-4e67-4487-aec1-6ddd6d55fc0e	8	57445766	57454399	8	-0.9949
99583a5d-4e67-4487-aec1-6ddd6d55fc0e	8	57457382	67631798	6162	-0.0088
99583a5d-4e67-4487-aec1-6ddd6d55fc0e	8	67635224	67635434	6	-0.7911
99583a5d-4e67-4487-aec1-6ddd6d55fc0e	8	67635897	67636165	6	-1.7014
99583a5d-4e67-4487-aec1-6ddd6d55fc0e	8	67636256	67637971	18	-0.7421
99583a5d-4e67-4487-aec1-6ddd6d55fc0e	8	67644593	72410867	3114	-0.0058
99583a5d-4e67-4487-aec1-6ddd6d55fc0e	8	72413645	72417855	9	-0.7431
99583a5d-4e67-4487-aec1-6ddd6d55fc0e	8	72429144	74396083	1403	-0.0027
99583a5d-4e67-4487-aec1-6ddd6d55fc0e	8	74406948	74415359	5	-0.802
99583a5d-4e67-4487-aec1-6ddd6d55fc0e	8	74416300	85602329	6456	-0.0019
99583a5d-4e67-4487-aec1-6ddd6d55fc0e	8	85603620	85640913	23	-0.8297
99583a5d-4e67-4487-aec1-6ddd6d55fc0e	8	85645184	94545324	5161	-0.0026
99583a5d-4e67-4487-aec1-6ddd6d55fc0e	8	94545374	94545764	6	1.4744
99583a5d-4e67-4487-aec1-6ddd6d55fc0e	8	94545887	111279265	10263	-0.0025
99583a5d-4e67-4487-aec1-6ddd6d55fc0e	8	111282050	111283031	10	0.918
99583a5d-4e67-4487-aec1-6ddd6d55fc0e	8	111288052	114611768	1815	-0.0183
99583a5d-4e67-4487-aec1-6ddd6d55fc0e	8	114613873	114661835	49	0.2835
99583a5d-4e67-4487-aec1-6ddd6d55fc0e	8	114662435	119265882	3186	0.0025
99583a5d-4e67-4487-aec1-6ddd6d55fc0e	8	119266061	119266575	3	-1.0978
99583a5d-4e67-4487-aec1-6ddd6d55fc0e	8	119267486	137811491	13619	-0.0021
99583a5d-4e67-4487-aec1-6ddd6d55fc0e	8	137812394	137812412	2	-2.4265
99583a5d-4e67-4487-aec1-6ddd6d55fc0e	8	137812781	142152210	3175	0.0001
99583a5d-4e67-4487-aec1-6ddd6d55fc0e	8	142153456	142154517	2	-1.2735
99583a5d-4e67-4487-aec1-6ddd6d55fc0e	8	142154645	145072769	1064	0.0273
99583a5d-4e67-4487-aec1-6ddd6d55fc0e	9	46587	337422	191	0.0717
99583a5d-4e67-4487-aec1-6ddd6d55fc0e	9	341063	341091	2	-1.2704
99583a5d-4e67-4487-aec1-6ddd6d55fc0e	9	344508	510862	197	0.0348
99583a5d-4e67-4487-aec1-6ddd6d55fc0e	9	511094	531565	17	-0.8225
99583a5d-4e67-4487-aec1-6ddd6d55fc0e	9	531826	1447011	1053	0.025
99583a5d-4e67-4487-aec1-6ddd6d55fc0e	9	1448017	1448247	2	-1.3705
99583a5d-4e67-4487-aec1-6ddd6d55fc0e	9	1448386	2147099	853	0.011
99583a5d-4e67-4487-aec1-6ddd6d55fc0e	9	2148837	2150662	6	-0.8049
99583a5d-4e67-4487-aec1-6ddd6d55fc0e	9	2152115	8717569	6054	0.012
99583a5d-4e67-4487-aec1-6ddd6d55fc0e	9	8719487	8719549	2	-1.7699
99583a5d-4e67-4487-aec1-6ddd6d55fc0e	9	8731709	23361807	12045	0.0113
99583a5d-4e67-4487-aec1-6ddd6d55fc0e	9	23363117	23373486	8	-2.616
99583a5d-4e67-4487-aec1-6ddd6d55fc0e	9	23378490	41571374	10837	0.0104
99583a5d-4e67-4487-aec1-6ddd6d55fc0e	9	41571860	41666811	11	1.1052
99583a5d-4e67-4487-aec1-6ddd6d55fc0e	9	41703463	42014203	6	0.2296
99583a5d-4e67-4487-aec1-6ddd6d55fc0e	9	42037471	42202227	21	-1.7081
99583a5d-4e67-4487-aec1-6ddd6d55fc0e	9	42211663	78746088	7798	0.0091
99583a5d-4e67-4487-aec1-6ddd6d55fc0e	9	78747140	78747735	2	-2.6885
99583a5d-4e67-4487-aec1-6ddd6d55fc0e	9	78749362	80365647	1226	-0.002
99583a5d-4e67-4487-aec1-6ddd6d55fc0e	9	80367480	80369393	3	-7.4685
99583a5d-4e67-4487-aec1-6ddd6d55fc0e	9	80369480	80369576	2	-2.2446
99583a5d-4e67-4487-aec1-6ddd6d55fc0e	9	80370811	87627895	5205	0.002
99583a5d-4e67-4487-aec1-6ddd6d55fc0e	9	87628706	87661994	43	0.5328
99583a5d-4e67-4487-aec1-6ddd6d55fc0e	9	87663871	93707815	4103	-0.0026
99583a5d-4e67-4487-aec1-6ddd6d55fc0e	9	93708429	93711682	4	-1.0192
99583a5d-4e67-4487-aec1-6ddd6d55fc0e	9	93714940	96844395	2074	0.0073
99583a5d-4e67-4487-aec1-6ddd6d55fc0e	9	96845314	96849396	3	-0.9565
99583a5d-4e67-4487-aec1-6ddd6d55fc0e	9	96851822	101208450	2725	0.0055
99583a5d-4e67-4487-aec1-6ddd6d55fc0e	9	101211906	101212057	4	-2.0598
99583a5d-4e67-4487-aec1-6ddd6d55fc0e	9	101216548	138200944	24997	0.0044
99583a5d-4e67-4487-aec1-6ddd6d55fc0e	10	45792	7100035	6190	0.006
99583a5d-4e67-4487-aec1-6ddd6d55fc0e	10	7100201	7101379	2	-1.3165
99583a5d-4e67-4487-aec1-6ddd6d55fc0e	10	7101468	16711474	7828	-0.0002
99583a5d-4e67-4487-aec1-6ddd6d55fc0e	10	16718622	16720216	2	-3.3101
99583a5d-4e67-4487-aec1-6ddd6d55fc0e	10	16721118	17885034	835	-0.007
99583a5d-4e67-4487-aec1-6ddd6d55fc0e	10	17896194	17907840	2	-2.5988
99583a5d-4e67-4487-aec1-6ddd6d55fc0e	10	17910884	131810441	74965	0.0002
99583a5d-4e67-4487-aec1-6ddd6d55fc0e	10	131814796	131826379	20	-1.0543
99583a5d-4e67-4487-aec1-6ddd6d55fc0e	10	131827388	133432275	697	0.0282
99583a5d-4e67-4487-aec1-6ddd6d55fc0e	10	133438612	133576350	111	-1.1146
99583a5d-4e67-4487-aec1-6ddd6d55fc0e	10	133576392	133654968	31	0.0402
99583a5d-4e67-4487-aec1-6ddd6d55fc0e	11	198510	4946021	2417	0.0183
99583a5d-4e67-4487-aec1-6ddd6d55fc0e	11	4946166	4955042	32	1.4538
99583a5d-4e67-4487-aec1-6ddd6d55fc0e	11	4955781	25584298	15523	0.0088
99583a5d-4e67-4487-aec1-6ddd6d55fc0e	11	25587000	25603195	23	-0.9396
99583a5d-4e67-4487-aec1-6ddd6d55fc0e	11	25612037	38466293	9027	0.007
99583a5d-4e67-4487-aec1-6ddd6d55fc0e	11	38470090	38476102	2	-1.8866
99583a5d-4e67-4487-aec1-6ddd6d55fc0e	11	38477016	48113570	6049	0.0003
99583a5d-4e67-4487-aec1-6ddd6d55fc0e	11	48115058	55595864	1409	0.0559
99583a5d-4e67-4487-aec1-6ddd6d55fc0e	11	55606556	55685533	59	-0.514
99583a5d-4e67-4487-aec1-6ddd6d55fc0e	11	55686100	135074876	52297	0.0055
99583a5d-4e67-4487-aec1-6ddd6d55fc0e	12	51460	8191365	5535	0.0176
99583a5d-4e67-4487-aec1-6ddd6d55fc0e	12	8194012	8220161	12	0.4822
99583a5d-4e67-4487-aec1-6ddd6d55fc0e	12	8241232	9498697	632	0.0302
99583a5d-4e67-4487-aec1-6ddd6d55fc0e	12	9498795	9582374	21	0.4097
99583a5d-4e67-4487-aec1-6ddd6d55fc0e	12	9583090	11078856	1039	0.0136
99583a5d-4e67-4487-aec1-6ddd6d55fc0e	12	11080319	11088933	5	-1.767
99583a5d-4e67-4487-aec1-6ddd6d55fc0e	12	11099275	11351008	129	0.0468
99583a5d-4e67-4487-aec1-6ddd6d55fc0e	12	11351041	11390472	33	-0.6785
99583a5d-4e67-4487-aec1-6ddd6d55fc0e	12	11399258	33233822	15452	0.0081
99583a5d-4e67-4487-aec1-6ddd6d55fc0e	12	33235894	33242207	4	-3.8508
99583a5d-4e67-4487-aec1-6ddd6d55fc0e	12	33242483	34054074	508	0.0425
99583a5d-4e67-4487-aec1-6ddd6d55fc0e	12	34055421	34064565	7	-0.7115
99583a5d-4e67-4487-aec1-6ddd6d55fc0e	12	34064747	40423713	1727	0.0245
99583a5d-4e67-4487-aec1-6ddd6d55fc0e	12	40423795	40427676	13	-4.2825
99583a5d-4e67-4487-aec1-6ddd6d55fc0e	12	40435353	45505721	3281	0.0063
99583a5d-4e67-4487-aec1-6ddd6d55fc0e	12	45506042	45515754	5	1.0158
99583a5d-4e67-4487-aec1-6ddd6d55fc0e	12	45519509	99398036	33702	0.0093
99583a5d-4e67-4487-aec1-6ddd6d55fc0e	12	99401515	99404956	31	-1.5597
99583a5d-4e67-4487-aec1-6ddd6d55fc0e	12	99409315	102843382	2117	-0.0003
99583a5d-4e67-4487-aec1-6ddd6d55fc0e	12	102843690	102844015	3	-1.3373
99583a5d-4e67-4487-aec1-6ddd6d55fc0e	12	102844239	133201603	20592	0.0066
99583a5d-4e67-4487-aec1-6ddd6d55fc0e	13	18452809	18641821	27	0.3759
99583a5d-4e67-4487-aec1-6ddd6d55fc0e	13	18647104	23055048	2829	0.0175
99583a5d-4e67-4487-aec1-6ddd6d55fc0e	13	23055071	23059140	11	0.5169
99583a5d-4e67-4487-aec1-6ddd6d55fc0e	13	23059362	37496998	10617	0.0091
99583a5d-4e67-4487-aec1-6ddd6d55fc0e	13	37497899	37510620	16	0.602
99583a5d-4e67-4487-aec1-6ddd6d55fc0e	13	37514193	38478674	701	0.0008
99583a5d-4e67-4487-aec1-6ddd6d55fc0e	13	38483435	38483919	2	2.8674
99583a5d-4e67-4487-aec1-6ddd6d55fc0e	13	38490920	57176962	11823	0.0117
99583a5d-4e67-4487-aec1-6ddd6d55fc0e	13	57184136	57204246	34	-2.6522
99583a5d-4e67-4487-aec1-6ddd6d55fc0e	13	57215580	114342922	38095	0.0085
99583a5d-4e67-4487-aec1-6ddd6d55fc0e	14	18239283	19954424	166	0.2968
99583a5d-4e67-4487-aec1-6ddd6d55fc0e	14	19955213	20881358	712	0.0012
99583a5d-4e67-4487-aec1-6ddd6d55fc0e	14	20884940	20941822	22	-0.9013
99583a5d-4e67-4487-aec1-6ddd6d55fc0e	14	20945196	21924807	612	0.0483
99583a5d-4e67-4487-aec1-6ddd6d55fc0e	14	21924972	22509351	519	0.1603
99583a5d-4e67-4487-aec1-6ddd6d55fc0e	14	22509405	22623202	96	0.0181
99583a5d-4e67-4487-aec1-6ddd6d55fc0e	14	22625942	22626643	3	-1.2182
99583a5d-4e67-4487-aec1-6ddd6d55fc0e	14	22626766	22630304	3	-3.2023
99583a5d-4e67-4487-aec1-6ddd6d55fc0e	14	22630485	40139724	10907	0.0061
99583a5d-4e67-4487-aec1-6ddd6d55fc0e	14	40144718	40147715	2	-2.9653
99583a5d-4e67-4487-aec1-6ddd6d55fc0e	14	40148961	46687720	3939	0.025
99583a5d-4e67-4487-aec1-6ddd6d55fc0e	14	46691286	46691955	3	-1.1848
99583a5d-4e67-4487-aec1-6ddd6d55fc0e	14	46693176	69546575	14621	0.0059
99583a5d-4e67-4487-aec1-6ddd6d55fc0e	14	69547035	69555750	13	-0.703
99583a5d-4e67-4487-aec1-6ddd6d55fc0e	14	69555996	72618075	2098	-0.0097
99583a5d-4e67-4487-aec1-6ddd6d55fc0e	14	72619443	72620224	2	-1.4598
99583a5d-4e67-4487-aec1-6ddd6d55fc0e	14	72620618	73534419	524	0.0081
99583a5d-4e67-4487-aec1-6ddd6d55fc0e	14	73540003	73554275	8	0.8311
99583a5d-4e67-4487-aec1-6ddd6d55fc0e	14	73563196	96123023	15107	0.0001
99583a5d-4e67-4487-aec1-6ddd6d55fc0e	14	96123846	96125697	2	-1.3481
99583a5d-4e67-4487-aec1-6ddd6d55fc0e	14	96126554	97754414	1170	0.0013
99583a5d-4e67-4487-aec1-6ddd6d55fc0e	14	97754609	97755193	3	-0.9462
99583a5d-4e67-4487-aec1-6ddd6d55fc0e	14	97756708	105632998	4381	0.0068
99583a5d-4e67-4487-aec1-6ddd6d55fc0e	14	105636696	106423925	258	0.1248
99583a5d-4e67-4487-aec1-6ddd6d55fc0e	14	106425447	106462183	47	-0.3567
99583a5d-4e67-4487-aec1-6ddd6d55fc0e	14	106462724	106877229	195	0.0658
99583a5d-4e67-4487-aec1-6ddd6d55fc0e	15	19811075	20538669	134	0.1261
99583a5d-4e67-4487-aec1-6ddd6d55fc0e	15	20614765	21096887	33	-0.5755
99583a5d-4e67-4487-aec1-6ddd6d55fc0e	15	21262847	21417107	8	-0.1919
99583a5d-4e67-4487-aec1-6ddd6d55fc0e	15	21975606	22299523	31	0.498
99583a5d-4e67-4487-aec1-6ddd6d55fc0e	15	22385639	27673477	3367	0.0098
99583a5d-4e67-4487-aec1-6ddd6d55fc0e	15	27674351	27682660	13	-3.9137
99583a5d-4e67-4487-aec1-6ddd6d55fc0e	15	27683648	34447720	3856	0.0171
99583a5d-4e67-4487-aec1-6ddd6d55fc0e	15	34453518	34454261	3	-1.3093
99583a5d-4e67-4487-aec1-6ddd6d55fc0e	15	34455142	65521764	19923	0.0034
99583a5d-4e67-4487-aec1-6ddd6d55fc0e	15	65524604	65526049	3	-2.2707
99583a5d-4e67-4487-aec1-6ddd6d55fc0e	15	65530196	76191001	6323	0.0059
99583a5d-4e67-4487-aec1-6ddd6d55fc0e	15	76192489	76192652	2	-1.2227
99583a5d-4e67-4487-aec1-6ddd6d55fc0e	15	76193195	76586021	217	0.0342
99583a5d-4e67-4487-aec1-6ddd6d55fc0e	15	76598900	76603434	22	0.88
99583a5d-4e67-4487-aec1-6ddd6d55fc0e	15	76609838	87549553	6892	0.0048
99583a5d-4e67-4487-aec1-6ddd6d55fc0e	15	87551799	87553639	3	-1.0411
99583a5d-4e67-4487-aec1-6ddd6d55fc0e	15	87554253	90105364	1688	-0.0046
99583a5d-4e67-4487-aec1-6ddd6d55fc0e	15	90109624	90125747	13	-0.6725
99583a5d-4e67-4487-aec1-6ddd6d55fc0e	15	90128455	92222525	1592	0.0016
99583a5d-4e67-4487-aec1-6ddd6d55fc0e	15	92222644	92223064	3	1.659
99583a5d-4e67-4487-aec1-6ddd6d55fc0e	15	92223528	101928837	7427	0.0013
99583a5d-4e67-4487-aec1-6ddd6d55fc0e	16	10777	14686797	11099	0.0088
99583a5d-4e67-4487-aec1-6ddd6d55fc0e	16	14794738	15022400	69	0.2884
99583a5d-4e67-4487-aec1-6ddd6d55fc0e	16	15031584	15892043	340	0.0424
99583a5d-4e67-4487-aec1-6ddd6d55fc0e	16	15892276	15936601	25	0.5899
99583a5d-4e67-4487-aec1-6ddd6d55fc0e	16	15938932	16269368	220	0.0246
99583a5d-4e67-4487-aec1-6ddd6d55fc0e	16	16419234	16539715	13	-0.3652
99583a5d-4e67-4487-aec1-6ddd6d55fc0e	16	16541191	16558842	4	-1.1488
99583a5d-4e67-4487-aec1-6ddd6d55fc0e	16	16563118	21089679	2486	0.0223
99583a5d-4e67-4487-aec1-6ddd6d55fc0e	16	21094704	22709045	598	0.1043
99583a5d-4e67-4487-aec1-6ddd6d55fc0e	16	22710317	32513457	5132	0.0035
99583a5d-4e67-4487-aec1-6ddd6d55fc0e	16	32553191	46463450	487	0.0932
99583a5d-4e67-4487-aec1-6ddd6d55fc0e	16	46469294	55762682	6465	-0.0047
99583a5d-4e67-4487-aec1-6ddd6d55fc0e	16	55764310	55764867	3	2.9953
99583a5d-4e67-4487-aec1-6ddd6d55fc0e	16	55770436	55788532	15	0.6427
99583a5d-4e67-4487-aec1-6ddd6d55fc0e	16	55808442	78337711	14281	-0.0022
99583a5d-4e67-4487-aec1-6ddd6d55fc0e	16	78338543	78350868	17	1.1222
99583a5d-4e67-4487-aec1-6ddd6d55fc0e	16	78351104	86256879	8226	0.0032
99583a5d-4e67-4487-aec1-6ddd6d55fc0e	16	86256906	86257234	8	-1.0378
99583a5d-4e67-4487-aec1-6ddd6d55fc0e	16	86257323	90096867	2380	0.016
99583a5d-4e67-4487-aec1-6ddd6d55fc0e	17	150733	2408335	1155	0.0233
99583a5d-4e67-4487-aec1-6ddd6d55fc0e	17	2409060	2409080	4	1.0467
99583a5d-4e67-4487-aec1-6ddd6d55fc0e	17	2413234	10859567	5131	0.0063
99583a5d-4e67-4487-aec1-6ddd6d55fc0e	17	10859676	10863813	4	-0.9653
99583a5d-4e67-4487-aec1-6ddd6d55fc0e	17	10864032	11131670	227	0.0448
99583a5d-4e67-4487-aec1-6ddd6d55fc0e	17	11131749	11135820	10	-0.6192
99583a5d-4e67-4487-aec1-6ddd6d55fc0e	17	11136143	19594577	5247	0.0139
99583a5d-4e67-4487-aec1-6ddd6d55fc0e	17	19596423	19635134	30	-0.744
99583a5d-4e67-4487-aec1-6ddd6d55fc0e	17	19635445	46136346	11569	0.0143
99583a5d-4e67-4487-aec1-6ddd6d55fc0e	17	46136800	46569894	92	-0.2464
99583a5d-4e67-4487-aec1-6ddd6d55fc0e	17	46571001	52821706	3543	-0.0026
99583a5d-4e67-4487-aec1-6ddd6d55fc0e	17	52821841	52826244	3	-1.394
99583a5d-4e67-4487-aec1-6ddd6d55fc0e	17	52826852	83091923	18026	-0.0011
99583a5d-4e67-4487-aec1-6ddd6d55fc0e	18	48133	40680516	22789	0.0228
99583a5d-4e67-4487-aec1-6ddd6d55fc0e	18	40680526	40689848	17	-0.5952
99583a5d-4e67-4487-aec1-6ddd6d55fc0e	18	40690108	80257174	27939	0.0283
99583a5d-4e67-4487-aec1-6ddd6d55fc0e	19	90910	12581187	5042	0.0086
99583a5d-4e67-4487-aec1-6ddd6d55fc0e	19	12586552	12587288	2	-1.2942
99583a5d-4e67-4487-aec1-6ddd6d55fc0e	19	12589709	13015157	151	-0.0138
99583a5d-4e67-4487-aec1-6ddd6d55fc0e	19	13015958	13020134	2	1.407
99583a5d-4e67-4487-aec1-6ddd6d55fc0e	19	13020577	16960401	2143	-0.0053
99583a5d-4e67-4487-aec1-6ddd6d55fc0e	19	16969954	16974526	3	-1.3462
99583a5d-4e67-4487-aec1-6ddd6d55fc0e	19	16975118	22240132	2619	0.0253
99583a5d-4e67-4487-aec1-6ddd6d55fc0e	19	22241616	22243718	6	-1.2652
99583a5d-4e67-4487-aec1-6ddd6d55fc0e	19	22245185	35358407	6739	0.0036
99583a5d-4e67-4487-aec1-6ddd6d55fc0e	19	35358420	35389988	34	0.2912
99583a5d-4e67-4487-aec1-6ddd6d55fc0e	19	35391557	36267995	418	0.0007
99583a5d-4e67-4487-aec1-6ddd6d55fc0e	19	36314803	36316398	3	-1.1334
99583a5d-4e67-4487-aec1-6ddd6d55fc0e	19	36334346	42911572	3300	0
99583a5d-4e67-4487-aec1-6ddd6d55fc0e	19	42920519	42936292	10	-0.7995
99583a5d-4e67-4487-aec1-6ddd6d55fc0e	19	42939470	43005501	40	0.0333
99583a5d-4e67-4487-aec1-6ddd6d55fc0e	19	43010002	43015210	3	-1.3296
99583a5d-4e67-4487-aec1-6ddd6d55fc0e	19	43020143	43030754	8	-0.2939
99583a5d-4e67-4487-aec1-6ddd6d55fc0e	19	43033226	43209225	75	-1.0034
99583a5d-4e67-4487-aec1-6ddd6d55fc0e	19	43209582	43252085	16	-2.913
99583a5d-4e67-4487-aec1-6ddd6d55fc0e	19	43262507	51628560	4148	0.005
99583a5d-4e67-4487-aec1-6ddd6d55fc0e	19	51639099	51644944	11	-2.754
99583a5d-4e67-4487-aec1-6ddd6d55fc0e	19	51651652	52634690	666	0.0318
99583a5d-4e67-4487-aec1-6ddd6d55fc0e	19	52635191	52640829	5	-0.9925
99583a5d-4e67-4487-aec1-6ddd6d55fc0e	19	52641567	55770704	1823	0.0259
99583a5d-4e67-4487-aec1-6ddd6d55fc0e	19	55771003	55771701	4	-1.1379
99583a5d-4e67-4487-aec1-6ddd6d55fc0e	19	55774927	58586487	1839	0.0046
99583a5d-4e67-4487-aec1-6ddd6d55fc0e	20	80664	1580353	1204	0.0174
99583a5d-4e67-4487-aec1-6ddd6d55fc0e	20	1580934	1613247	41	1.5983
99583a5d-4e67-4487-aec1-6ddd6d55fc0e	20	1617300	5496689	2835	0.0079
99583a5d-4e67-4487-aec1-6ddd6d55fc0e	20	5502000	5502760	2	-1.3481
99583a5d-4e67-4487-aec1-6ddd6d55fc0e	20	5506240	8502304	2296	0.0112
99583a5d-4e67-4487-aec1-6ddd6d55fc0e	20	8504744	8509190	6	-1.1196
99583a5d-4e67-4487-aec1-6ddd6d55fc0e	20	8513302	50165997	25629	0.0037
99583a5d-4e67-4487-aec1-6ddd6d55fc0e	20	50175182	50176256	2	-1.6936
99583a5d-4e67-4487-aec1-6ddd6d55fc0e	20	50178380	63595400	10061	-0.0019
99583a5d-4e67-4487-aec1-6ddd6d55fc0e	20	63598636	63990195	135	0.1453
99583a5d-4e67-4487-aec1-6ddd6d55fc0e	20	63991467	64324800	171	0.0271
99583a5d-4e67-4487-aec1-6ddd6d55fc0e	21	10354168	46677045	23860	0.0036
99583a5d-4e67-4487-aec1-6ddd6d55fc0e	22	15294547	19271127	1360	0.0151
99583a5d-4e67-4487-aec1-6ddd6d55fc0e	22	19271848	22398127	2098	0.069
99583a5d-4e67-4487-aec1-6ddd6d55fc0e	22	22398345	22398545	4	1.0102
99583a5d-4e67-4487-aec1-6ddd6d55fc0e	22	22402989	23376784	573	0.0754
99583a5d-4e67-4487-aec1-6ddd6d55fc0e	22	23377019	23981995	359	-0.0088
99583a5d-4e67-4487-aec1-6ddd6d55fc0e	22	23987520	23989773	3	1.1419
99583a5d-4e67-4487-aec1-6ddd6d55fc0e	22	23990431	36047627	9117	0.0038
99583a5d-4e67-4487-aec1-6ddd6d55fc0e	22	36048271	36049468	2	-1.4008
99583a5d-4e67-4487-aec1-6ddd6d55fc0e	22	36049485	36149778	71	0.0483
99583a5d-4e67-4487-aec1-6ddd6d55fc0e	22	36152358	36159424	9	-1.0797
99583a5d-4e67-4487-aec1-6ddd6d55fc0e	22	36161130	37581172	966	0.0084
99583a5d-4e67-4487-aec1-6ddd6d55fc0e	22	37581275	37586005	7	-0.788
99583a5d-4e67-4487-aec1-6ddd6d55fc0e	22	37592181	42496433	2580	0.0077
99583a5d-4e67-4487-aec1-6ddd6d55fc0e	22	42496576	42559425	28	0.6171
99583a5d-4e67-4487-aec1-6ddd6d55fc0e	22	42559782	45177569	1976	-0.0067
99583a5d-4e67-4487-aec1-6ddd6d55fc0e	22	45180703	45181180	2	-1.3209
99583a5d-4e67-4487-aec1-6ddd6d55fc0e	22	45185751	49077408	3079	0.0053
99583a5d-4e67-4487-aec1-6ddd6d55fc0e	22	49077502	49077634	4	-1.007
99583a5d-4e67-4487-aec1-6ddd6d55fc0e	22	49078337	49090879	13	0.1174
99583a5d-4e67-4487-aec1-6ddd6d55fc0e	22	49091316	49091605	4	-4.4208
99583a5d-4e67-4487-aec1-6ddd6d55fc0e	22	49093113	50796027	1019	0.0238
99583a5d-4e67-4487-aec1-6ddd6d55fc0e	X	251810	82124189	42069	0.0138
99583a5d-4e67-4487-aec1-6ddd6d55fc0e	X	82140813	82156695	38	-1.8768
99583a5d-4e67-4487-aec1-6ddd6d55fc0e	X	82156814	109383150	14294	0.0074
99583a5d-4e67-4487-aec1-6ddd6d55fc0e	X	109383163	109383729	3	-2.5483
99583a5d-4e67-4487-aec1-6ddd6d55fc0e	X	109383974	119145320	5602	0.004
99583a5d-4e67-4487-aec1-6ddd6d55fc0e	X	119147575	119149434	2	-3.8818
99583a5d-4e67-4487-aec1-6ddd6d55fc0e	X	119151332	124187398	2955	0.0134
99583a5d-4e67-4487-aec1-6ddd6d55fc0e	X	124187607	124203564	23	-0.602
99583a5d-4e67-4487-aec1-6ddd6d55fc0e	X	124204690	128893533	2678	0.0095
99583a5d-4e67-4487-aec1-6ddd6d55fc0e	X	128893942	128895246	2	-4.1866
99583a5d-4e67-4487-aec1-6ddd6d55fc0e	X	128895739	137103525	4318	0.004
99583a5d-4e67-4487-aec1-6ddd6d55fc0e	X	137106593	137107110	3	-5.419
99583a5d-4e67-4487-aec1-6ddd6d55fc0e	X	137107870	155952689	11517	0.0113
99583a5d-4e67-4487-aec1-6ddd6d55fc0e	Y	2782397	9523539	2239	-0.9321
99583a5d-4e67-4487-aec1-6ddd6d55fc0e	Y	9534306	9548666	7	-0.2505
99583a5d-4e67-4487-aec1-6ddd6d55fc0e	Y	9549027	9759940	63	-0.9592
99583a5d-4e67-4487-aec1-6ddd6d55fc0e	Y	9810941	9811130	2	-3.2645
99583a5d-4e67-4487-aec1-6ddd6d55fc0e	Y	9870332	23784615	4138	-0.94
99583a5d-4e67-4487-aec1-6ddd6d55fc0e	Y	23791962	23977245	3	-2.2926
99583a5d-4e67-4487-aec1-6ddd6d55fc0e	Y	24320966	56872112	188	-0.8978
