GDC_Aliquot	Chromosome	Start	End	Num_Probes	Segment_Mean
f5c13560-46ef-4263-8957-ae71ff44a2ec	1	62920	462894	19	-0.5539
f5c13560-46ef-4263-8957-ae71ff44a2ec	1	599171	15822848	8307	0.0142
f5c13560-46ef-4263-8957-ae71ff44a2ec	1	15823420	15828471	10	-1.36
f5c13560-46ef-4263-8957-ae71ff44a2ec	1	15828515	16542868	299	0.0028
f5c13560-46ef-4263-8957-ae71ff44a2ec	1	16544783	16788139	55	0.3821
f5c13560-46ef-4263-8957-ae71ff44a2ec	1	16855942	25278567	5329	0.0098
f5c13560-46ef-4263-8957-ae71ff44a2ec	1	25284629	25284961	2	1.4841
f5c13560-46ef-4263-8957-ae71ff44a2ec	1	25289805	40555364	8159	0.0043
f5c13560-46ef-4263-8957-ae71ff44a2ec	1	40556404	40562538	4	-1.0204
f5c13560-46ef-4263-8957-ae71ff44a2ec	1	40563254	72303233	20566	0.005
f5c13560-46ef-4263-8957-ae71ff44a2ec	1	72303253	72345465	45	-1.5838
f5c13560-46ef-4263-8957-ae71ff44a2ec	1	72346221	95689620	15184	0.0028
f5c13560-46ef-4263-8957-ae71ff44a2ec	1	95690160	95690510	2	-1.4036
f5c13560-46ef-4263-8957-ae71ff44a2ec	1	95690660	105470754	5759	0.0003
f5c13560-46ef-4263-8957-ae71ff44a2ec	1	105476583	105479753	17	-1.8335
f5c13560-46ef-4263-8957-ae71ff44a2ec	1	105481433	105591623	90	0.0836
f5c13560-46ef-4263-8957-ae71ff44a2ec	1	105593022	105594291	6	-0.6972
f5c13560-46ef-4263-8957-ae71ff44a2ec	1	105596841	109684695	2536	0.0107
f5c13560-46ef-4263-8957-ae71ff44a2ec	1	109684893	109697556	14	-1.0324
f5c13560-46ef-4263-8957-ae71ff44a2ec	1	109702376	110561066	608	-0.003
f5c13560-46ef-4263-8957-ae71ff44a2ec	1	110562111	110562435	2	-1.1973
f5c13560-46ef-4263-8957-ae71ff44a2ec	1	110563954	110834746	227	0.0044
f5c13560-46ef-4263-8957-ae71ff44a2ec	1	110834943	110845604	38	-0.5964
f5c13560-46ef-4263-8957-ae71ff44a2ec	1	110849445	152583230	8697	0.0057
f5c13560-46ef-4263-8957-ae71ff44a2ec	1	152583291	152613762	30	-1.8526
f5c13560-46ef-4263-8957-ae71ff44a2ec	1	152613802	158896783	3820	0.0149
f5c13560-46ef-4263-8957-ae71ff44a2ec	1	158898711	158899969	2	2.5802
f5c13560-46ef-4263-8957-ae71ff44a2ec	1	158905028	160833752	1299	0.0026
f5c13560-46ef-4263-8957-ae71ff44a2ec	1	160833928	160833945	2	-1.6066
f5c13560-46ef-4263-8957-ae71ff44a2ec	1	160834012	175725225	10566	-0.0025
f5c13560-46ef-4263-8957-ae71ff44a2ec	1	175725368	175754942	26	0.3343
f5c13560-46ef-4263-8957-ae71ff44a2ec	1	175755086	176540105	415	0.0048
f5c13560-46ef-4263-8957-ae71ff44a2ec	1	176540873	176540952	2	-1.3693
f5c13560-46ef-4263-8957-ae71ff44a2ec	1	176541594	193753412	11582	-0.0007
f5c13560-46ef-4263-8957-ae71ff44a2ec	1	193757206	193766389	3	-1.136
f5c13560-46ef-4263-8957-ae71ff44a2ec	1	193768328	196745743	1940	0.0103
f5c13560-46ef-4263-8957-ae71ff44a2ec	1	196758720	196832312	56	0.3655
f5c13560-46ef-4263-8957-ae71ff44a2ec	1	196832525	234658679	25735	0.0008
f5c13560-46ef-4263-8957-ae71ff44a2ec	1	234659492	234662348	5	-1.2523
f5c13560-46ef-4263-8957-ae71ff44a2ec	1	234665663	238691981	2998	0.0022
f5c13560-46ef-4263-8957-ae71ff44a2ec	1	238692338	238692794	3	-1.5869
f5c13560-46ef-4263-8957-ae71ff44a2ec	1	238699149	248930189	7052	0.0013
f5c13560-46ef-4263-8957-ae71ff44a2ec	2	12784	13060017	9987	0.0035
f5c13560-46ef-4263-8957-ae71ff44a2ec	2	13060284	13135672	40	0.4386
f5c13560-46ef-4263-8957-ae71ff44a2ec	2	13139155	87260822	49156	0.0045
f5c13560-46ef-4263-8957-ae71ff44a2ec	2	87261116	87528459	54	-0.3565
f5c13560-46ef-4263-8957-ae71ff44a2ec	2	87542032	88831240	495	0.0156
f5c13560-46ef-4263-8957-ae71ff44a2ec	2	88831554	89245860	173	-0.3015
f5c13560-46ef-4263-8957-ae71ff44a2ec	2	89248581	97192190	1061	0.0125
f5c13560-46ef-4263-8957-ae71ff44a2ec	2	97199600	97211436	14	0.5068
f5c13560-46ef-4263-8957-ae71ff44a2ec	2	97310327	97359885	13	0.0782
f5c13560-46ef-4263-8957-ae71ff44a2ec	2	97524284	97545247	8	-1.1673
f5c13560-46ef-4263-8957-ae71ff44a2ec	2	97545726	146107615	29400	0.0043
f5c13560-46ef-4263-8957-ae71ff44a2ec	2	146107675	146120238	17	0.7369
f5c13560-46ef-4263-8957-ae71ff44a2ec	2	146120827	183220725	22838	-0.0034
f5c13560-46ef-4263-8957-ae71ff44a2ec	2	183221060	183229270	10	-0.6957
f5c13560-46ef-4263-8957-ae71ff44a2ec	2	183229534	242147305	36190	0.0003
f5c13560-46ef-4263-8957-ae71ff44a2ec	3	20930	104040	78	-0.0963
f5c13560-46ef-4263-8957-ae71ff44a2ec	3	104374	1925365	1645	0.0831
f5c13560-46ef-4263-8957-ae71ff44a2ec	3	1928254	6603914	4091	0.0078
f5c13560-46ef-4263-8957-ae71ff44a2ec	3	6604856	6611645	24	-0.6049
f5c13560-46ef-4263-8957-ae71ff44a2ec	3	6613391	59852882	34572	0.008
f5c13560-46ef-4263-8957-ae71ff44a2ec	3	59853324	60838058	1146	0.0804
f5c13560-46ef-4263-8957-ae71ff44a2ec	3	60838588	75519398	11142	0.0005
f5c13560-46ef-4263-8957-ae71ff44a2ec	3	75523398	75537120	5	-1.6959
f5c13560-46ef-4263-8957-ae71ff44a2ec	3	75537654	84649839	4978	0.0128
f5c13560-46ef-4263-8957-ae71ff44a2ec	3	84650033	84652966	14	-0.7155
f5c13560-46ef-4263-8957-ae71ff44a2ec	3	84652985	119160442	18337	-0.0007
f5c13560-46ef-4263-8957-ae71ff44a2ec	3	119160496	119160687	3	-1.0385
f5c13560-46ef-4263-8957-ae71ff44a2ec	3	119163758	125717394	3918	0.003
f5c13560-46ef-4263-8957-ae71ff44a2ec	3	125724765	125734029	8	0.6878
f5c13560-46ef-4263-8957-ae71ff44a2ec	3	125734394	130044016	2459	0.0052
f5c13560-46ef-4263-8957-ae71ff44a2ec	3	130044855	130080824	36	-0.2936
f5c13560-46ef-4263-8957-ae71ff44a2ec	3	130087209	130125709	19	0.1867
f5c13560-46ef-4263-8957-ae71ff44a2ec	3	130129574	130137637	3	0.8138
f5c13560-46ef-4263-8957-ae71ff44a2ec	3	130137903	132273893	1419	0.0106
f5c13560-46ef-4263-8957-ae71ff44a2ec	3	132273929	132276840	3	-1.9093
f5c13560-46ef-4263-8957-ae71ff44a2ec	3	132281633	132955479	396	0.0143
f5c13560-46ef-4263-8957-ae71ff44a2ec	3	132955538	132962761	2	-1.5669
f5c13560-46ef-4263-8957-ae71ff44a2ec	3	132962918	149245608	10064	0.0062
f5c13560-46ef-4263-8957-ae71ff44a2ec	3	149245674	149250334	24	-0.8685
f5c13560-46ef-4263-8957-ae71ff44a2ec	3	149253293	162815162	8349	0.0063
f5c13560-46ef-4263-8957-ae71ff44a2ec	3	162816942	162822702	6	-1.6508
f5c13560-46ef-4263-8957-ae71ff44a2ec	3	162827928	162996729	120	-0.1102
f5c13560-46ef-4263-8957-ae71ff44a2ec	3	162999939	163001774	2	-3.0574
f5c13560-46ef-4263-8957-ae71ff44a2ec	3	163008371	167936115	2724	0.019
f5c13560-46ef-4263-8957-ae71ff44a2ec	3	167936177	167950513	14	-0.5574
f5c13560-46ef-4263-8957-ae71ff44a2ec	3	167950827	175373237	4857	-0.0004
f5c13560-46ef-4263-8957-ae71ff44a2ec	3	175373337	175970783	382	0.1133
f5c13560-46ef-4263-8957-ae71ff44a2ec	3	175972234	193155915	11104	-0.003
f5c13560-46ef-4263-8957-ae71ff44a2ec	3	193156958	193165114	21	-1.2341
f5c13560-46ef-4263-8957-ae71ff44a2ec	3	193168646	193733968	389	0.0159
f5c13560-46ef-4263-8957-ae71ff44a2ec	3	193734213	193735944	2	-1.1639
f5c13560-46ef-4263-8957-ae71ff44a2ec	3	193737785	194989534	833	0.0135
f5c13560-46ef-4263-8957-ae71ff44a2ec	3	194989838	194994702	5	-1.0546
f5c13560-46ef-4263-8957-ae71ff44a2ec	3	194995358	195548576	249	-0.0309
f5c13560-46ef-4263-8957-ae71ff44a2ec	3	195549253	195774533	58	-0.3145
f5c13560-46ef-4263-8957-ae71ff44a2ec	3	195775100	198169247	1155	0.0337
f5c13560-46ef-4263-8957-ae71ff44a2ec	4	68929	10212536	5700	0.0148
f5c13560-46ef-4263-8957-ae71ff44a2ec	4	10221792	10229874	28	0.9673
f5c13560-46ef-4263-8957-ae71ff44a2ec	4	10232590	10389091	178	-0.0147
f5c13560-46ef-4263-8957-ae71ff44a2ec	4	10390730	10399044	16	-2.2138
f5c13560-46ef-4263-8957-ae71ff44a2ec	4	10401094	34777382	16775	0.0042
f5c13560-46ef-4263-8957-ae71ff44a2ec	4	34777403	34822561	40	0.4137
f5c13560-46ef-4263-8957-ae71ff44a2ec	4	34823103	65215449	17412	0.01
f5c13560-46ef-4263-8957-ae71ff44a2ec	4	65215597	65215756	2	-2.0484
f5c13560-46ef-4263-8957-ae71ff44a2ec	4	65217297	68354665	1998	-0.0106
f5c13560-46ef-4263-8957-ae71ff44a2ec	4	68361130	68429081	13	-0.9321
f5c13560-46ef-4263-8957-ae71ff44a2ec	4	68439221	68618391	74	0.5544
f5c13560-46ef-4263-8957-ae71ff44a2ec	4	68620122	68663241	7	-0.271
f5c13560-46ef-4263-8957-ae71ff44a2ec	4	68671434	69445504	411	0.1193
f5c13560-46ef-4263-8957-ae71ff44a2ec	4	69445657	103294549	20592	0.0036
f5c13560-46ef-4263-8957-ae71ff44a2ec	4	103296943	103296945	3	-1.5024
f5c13560-46ef-4263-8957-ae71ff44a2ec	4	103298947	114252544	6669	-0.0002
f5c13560-46ef-4263-8957-ae71ff44a2ec	4	114254167	114261019	23	0.7141
f5c13560-46ef-4263-8957-ae71ff44a2ec	4	114263073	134041872	11508	0.0046
f5c13560-46ef-4263-8957-ae71ff44a2ec	4	134042345	134228749	92	0.1869
f5c13560-46ef-4263-8957-ae71ff44a2ec	4	134229063	148317162	8564	0.0002
f5c13560-46ef-4263-8957-ae71ff44a2ec	4	148317860	148333453	5	-1.4913
f5c13560-46ef-4263-8957-ae71ff44a2ec	4	148333518	190106768	26959	0.012
f5c13560-46ef-4263-8957-ae71ff44a2ec	5	15532	685633	306	0.0602
f5c13560-46ef-4263-8957-ae71ff44a2ec	5	698256	808932	32	0.5912
f5c13560-46ef-4263-8957-ae71ff44a2ec	5	817735	34371751	23347	0.0079
f5c13560-46ef-4263-8957-ae71ff44a2ec	5	34371978	34584516	133	0.1839
f5c13560-46ef-4263-8957-ae71ff44a2ec	5	34588231	46271006	6838	0.002
f5c13560-46ef-4263-8957-ae71ff44a2ec	5	46271828	46273300	5	0.9904
f5c13560-46ef-4263-8957-ae71ff44a2ec	5	46273400	58025819	5075	0.0032
f5c13560-46ef-4263-8957-ae71ff44a2ec	5	58030200	58037706	32	1.4185
f5c13560-46ef-4263-8957-ae71ff44a2ec	5	58042530	77687338	11542	0.0087
f5c13560-46ef-4263-8957-ae71ff44a2ec	5	77687459	79034171	880	-0.0558
f5c13560-46ef-4263-8957-ae71ff44a2ec	5	79034404	99599542	11539	0.0085
f5c13560-46ef-4263-8957-ae71ff44a2ec	5	99601919	100054907	315	0.123
f5c13560-46ef-4263-8957-ae71ff44a2ec	5	100055690	104515520	2551	0.0096
f5c13560-46ef-4263-8957-ae71ff44a2ec	5	104524672	104524903	4	-1.3359
f5c13560-46ef-4263-8957-ae71ff44a2ec	5	104525348	121062826	11343	0.0144
f5c13560-46ef-4263-8957-ae71ff44a2ec	5	121063441	121135154	39	0.3142
f5c13560-46ef-4263-8957-ae71ff44a2ec	5	121138076	140839137	11829	0.0038
f5c13560-46ef-4263-8957-ae71ff44a2ec	5	140844251	140864171	13	-1.8862
f5c13560-46ef-4263-8957-ae71ff44a2ec	5	140872578	152135937	7539	0.0033
f5c13560-46ef-4263-8957-ae71ff44a2ec	5	152136158	152140710	11	-0.6223
f5c13560-46ef-4263-8957-ae71ff44a2ec	5	152140861	156048095	2654	0.0086
f5c13560-46ef-4263-8957-ae71ff44a2ec	5	156049762	156068249	17	-0.5454
f5c13560-46ef-4263-8957-ae71ff44a2ec	5	156073982	180945168	16595	0.006
f5c13560-46ef-4263-8957-ae71ff44a2ec	5	180947484	180987465	16	0.5811
f5c13560-46ef-4263-8957-ae71ff44a2ec	5	180990207	181363319	175	-0.0057
f5c13560-46ef-4263-8957-ae71ff44a2ec	6	149661	302306	125	0.013
f5c13560-46ef-4263-8957-ae71ff44a2ec	6	303017	382897	78	-0.2095
f5c13560-46ef-4263-8957-ae71ff44a2ec	6	384109	795398	341	0.0855
f5c13560-46ef-4263-8957-ae71ff44a2ec	6	796322	29763146	21012	0.0047
f5c13560-46ef-4263-8957-ae71ff44a2ec	6	29765192	29882497	106	0.0943
f5c13560-46ef-4263-8957-ae71ff44a2ec	6	29882589	29931120	13	-0.8385
f5c13560-46ef-4263-8957-ae71ff44a2ec	6	29931900	29948709	12	-0.2777
f5c13560-46ef-4263-8957-ae71ff44a2ec	6	29948728	32463515	1142	0.0472
f5c13560-46ef-4263-8957-ae71ff44a2ec	6	32463775	32641650	60	-0.3034
f5c13560-46ef-4263-8957-ae71ff44a2ec	6	32656527	32658841	6	-1.5757
f5c13560-46ef-4263-8957-ae71ff44a2ec	6	32682835	32722250	44	0.2423
f5c13560-46ef-4263-8957-ae71ff44a2ec	6	32723020	32723053	3	1.7224
f5c13560-46ef-4263-8957-ae71ff44a2ec	6	32732907	54066353	13641	0.0004
f5c13560-46ef-4263-8957-ae71ff44a2ec	6	54066432	54067057	6	-1.8355
f5c13560-46ef-4263-8957-ae71ff44a2ec	6	54070550	64627049	4226	0.0045
f5c13560-46ef-4263-8957-ae71ff44a2ec	6	64637651	64639099	2	-2.1178
f5c13560-46ef-4263-8957-ae71ff44a2ec	6	64640883	76305231	7637	0.0142
f5c13560-46ef-4263-8957-ae71ff44a2ec	6	76307183	76307194	2	-1.834
f5c13560-46ef-4263-8957-ae71ff44a2ec	6	76307209	78238226	1279	0.0037
f5c13560-46ef-4263-8957-ae71ff44a2ec	6	78240104	78332002	132	0.3266
f5c13560-46ef-4263-8957-ae71ff44a2ec	6	78332056	93765426	9895	0.0107
f5c13560-46ef-4263-8957-ae71ff44a2ec	6	93768888	94444720	446	0.1113
f5c13560-46ef-4263-8957-ae71ff44a2ec	6	94445396	167194527	47207	0.004
f5c13560-46ef-4263-8957-ae71ff44a2ec	6	167199775	169094796	1138	0.0856
f5c13560-46ef-4263-8957-ae71ff44a2ec	6	169095239	170741917	966	0.0102
f5c13560-46ef-4263-8957-ae71ff44a2ec	7	43355	148300	90	-0.0128
f5c13560-46ef-4263-8957-ae71ff44a2ec	7	155066	158626	10	-0.7249
f5c13560-46ef-4263-8957-ae71ff44a2ec	7	161442	10755366	6480	0.0306
f5c13560-46ef-4263-8957-ae71ff44a2ec	7	10755438	10766481	10	-0.8456
f5c13560-46ef-4263-8957-ae71ff44a2ec	7	10768058	12492822	1479	0.0271
f5c13560-46ef-4263-8957-ae71ff44a2ec	7	12503547	12509401	9	-0.7995
f5c13560-46ef-4263-8957-ae71ff44a2ec	7	12512533	16980973	3592	0.0041
f5c13560-46ef-4263-8957-ae71ff44a2ec	7	16981548	17705984	598	0.09
f5c13560-46ef-4263-8957-ae71ff44a2ec	7	17712605	19174961	1295	-0.0055
f5c13560-46ef-4263-8957-ae71ff44a2ec	7	19175836	19474724	277	0.1125
f5c13560-46ef-4263-8957-ae71ff44a2ec	7	19475700	22395161	2210	-0.0017
f5c13560-46ef-4263-8957-ae71ff44a2ec	7	22395853	22396868	2	-2.3695
f5c13560-46ef-4263-8957-ae71ff44a2ec	7	22399135	62865135	24556	0.0028
f5c13560-46ef-4263-8957-ae71ff44a2ec	7	62904814	62909456	11	-0.7636
f5c13560-46ef-4263-8957-ae71ff44a2ec	7	62924899	70955452	3959	-0.0004
f5c13560-46ef-4263-8957-ae71ff44a2ec	7	70958264	70961155	2	-2.185
f5c13560-46ef-4263-8957-ae71ff44a2ec	7	70963257	88480541	9718	0.0051
f5c13560-46ef-4263-8957-ae71ff44a2ec	7	88481685	90379793	1252	0.0803
f5c13560-46ef-4263-8957-ae71ff44a2ec	7	90379899	97756339	4719	0.0026
f5c13560-46ef-4263-8957-ae71ff44a2ec	7	97756423	97772647	13	-0.4974
f5c13560-46ef-4263-8957-ae71ff44a2ec	7	97772665	126405502	16668	0.009
f5c13560-46ef-4263-8957-ae71ff44a2ec	7	126405597	126406561	10	1.1383
f5c13560-46ef-4263-8957-ae71ff44a2ec	7	126406822	142063324	9925	0.0048
f5c13560-46ef-4263-8957-ae71ff44a2ec	7	142069843	142092108	33	-0.6174
f5c13560-46ef-4263-8957-ae71ff44a2ec	7	142092307	159334314	10848	0.0109
f5c13560-46ef-4263-8957-ae71ff44a2ec	8	81254	7312952	7718	0.0329
f5c13560-46ef-4263-8957-ae71ff44a2ec	8	7329110	7329124	2	2.3935
f5c13560-46ef-4263-8957-ae71ff44a2ec	8	7336299	7888846	44	-0.1016
f5c13560-46ef-4263-8957-ae71ff44a2ec	8	7889612	7890177	2	-2.3387
f5c13560-46ef-4263-8957-ae71ff44a2ec	8	7919608	12037736	3239	0.009
f5c13560-46ef-4263-8957-ae71ff44a2ec	8	12092042	12143614	7	-0.9438
f5c13560-46ef-4263-8957-ae71ff44a2ec	8	12176798	25122039	10462	0.0123
f5c13560-46ef-4263-8957-ae71ff44a2ec	8	25122389	25126735	12	-0.7033
f5c13560-46ef-4263-8957-ae71ff44a2ec	8	25126818	39389156	9014	0.0074
f5c13560-46ef-4263-8957-ae71ff44a2ec	8	39389592	39526605	53	0.7613
f5c13560-46ef-4263-8957-ae71ff44a2ec	8	39527181	111279265	41986	0.0042
f5c13560-46ef-4263-8957-ae71ff44a2ec	8	111282050	111288052	11	0.841
f5c13560-46ef-4263-8957-ae71ff44a2ec	8	111289023	145072769	22895	0.0057
f5c13560-46ef-4263-8957-ae71ff44a2ec	9	46587	39140350	31126	0.011
f5c13560-46ef-4263-8957-ae71ff44a2ec	9	39146302	39588611	37	-0.3996
f5c13560-46ef-4263-8957-ae71ff44a2ec	9	39747848	41644288	95	0.1779
f5c13560-46ef-4263-8957-ae71ff44a2ec	9	41644336	41646850	3	1.0507
f5c13560-46ef-4263-8957-ae71ff44a2ec	9	41659472	61405110	100	-0.1484
f5c13560-46ef-4263-8957-ae71ff44a2ec	9	61520021	61573452	19	-1.3538
f5c13560-46ef-4263-8957-ae71ff44a2ec	9	61574022	67073081	157	-0.1865
f5c13560-46ef-4263-8957-ae71ff44a2ec	9	67073620	138180377	47907	0.0013
f5c13560-46ef-4263-8957-ae71ff44a2ec	9	138181102	138200944	3	-0.3987
f5c13560-46ef-4263-8957-ae71ff44a2ec	10	45792	46522571	31649	-0.0002
f5c13560-46ef-4263-8957-ae71ff44a2ec	10	46525652	46526280	14	-1.1075
f5c13560-46ef-4263-8957-ae71ff44a2ec	10	46526920	133654968	58935	0.0055
f5c13560-46ef-4263-8957-ae71ff44a2ec	11	198510	4946420	2414	0.0279
f5c13560-46ef-4263-8957-ae71ff44a2ec	11	4947280	4955042	30	-1.6125
f5c13560-46ef-4263-8957-ae71ff44a2ec	11	4955781	5766175	785	0.0161
f5c13560-46ef-4263-8957-ae71ff44a2ec	11	5766850	5788108	33	-0.5854
f5c13560-46ef-4263-8957-ae71ff44a2ec	11	5788231	101723653	59811	0.008
f5c13560-46ef-4263-8957-ae71ff44a2ec	11	101727129	101727233	4	1.4914
f5c13560-46ef-4263-8957-ae71ff44a2ec	11	101727481	107359993	3794	0.0119
f5c13560-46ef-4263-8957-ae71ff44a2ec	11	107367930	107368402	7	-0.8185
f5c13560-46ef-4263-8957-ae71ff44a2ec	11	107381636	134288564	19289	0.0038
f5c13560-46ef-4263-8957-ae71ff44a2ec	11	134289573	134442085	108	0.2056
f5c13560-46ef-4263-8957-ae71ff44a2ec	11	134442881	135074876	512	0.0052
f5c13560-46ef-4263-8957-ae71ff44a2ec	12	51460	9481274	6173	0.0158
f5c13560-46ef-4263-8957-ae71ff44a2ec	12	9485313	9562969	22	1
f5c13560-46ef-4263-8957-ae71ff44a2ec	12	9575696	11068125	1037	0.0085
f5c13560-46ef-4263-8957-ae71ff44a2ec	12	11070111	11088933	9	0.8355
f5c13560-46ef-4263-8957-ae71ff44a2ec	12	11099275	11373355	152	0.0281
f5c13560-46ef-4263-8957-ae71ff44a2ec	12	11383179	11388095	8	-0.822
f5c13560-46ef-4263-8957-ae71ff44a2ec	12	11390452	12377763	823	0.0071
f5c13560-46ef-4263-8957-ae71ff44a2ec	12	12383285	12388935	17	-0.5567
f5c13560-46ef-4263-8957-ae71ff44a2ec	12	12389946	18771257	4231	0.0071
f5c13560-46ef-4263-8957-ae71ff44a2ec	12	18773098	18782560	3	-1.1435
f5c13560-46ef-4263-8957-ae71ff44a2ec	12	18782999	33141726	10291	-0.0002
f5c13560-46ef-4263-8957-ae71ff44a2ec	12	33148472	33154440	27	-0.5135
f5c13560-46ef-4263-8957-ae71ff44a2ec	12	33155426	38997994	1421	0.0385
f5c13560-46ef-4263-8957-ae71ff44a2ec	12	38999921	126418671	55433	0.0014
f5c13560-46ef-4263-8957-ae71ff44a2ec	12	126419485	131292887	4243	0.0308
f5c13560-46ef-4263-8957-ae71ff44a2ec	12	131309623	131319247	6	0.99
f5c13560-46ef-4263-8957-ae71ff44a2ec	12	131320393	131636170	312	0.0056
f5c13560-46ef-4263-8957-ae71ff44a2ec	12	131648039	131648790	13	-1.987
f5c13560-46ef-4263-8957-ae71ff44a2ec	12	131657925	133201603	559	0.0041
f5c13560-46ef-4263-8957-ae71ff44a2ec	13	18452809	19547319	532	-0.0191
f5c13560-46ef-4263-8957-ae71ff44a2ec	13	19549755	19549770	2	-2.0666
f5c13560-46ef-4263-8957-ae71ff44a2ec	13	19550361	23055048	2319	0.0146
f5c13560-46ef-4263-8957-ae71ff44a2ec	13	23055071	23058865	7	-1.2135
f5c13560-46ef-4263-8957-ae71ff44a2ec	13	23058992	23059376	6	-3.0542
f5c13560-46ef-4263-8957-ae71ff44a2ec	13	23064056	37496998	10605	0.0042
f5c13560-46ef-4263-8957-ae71ff44a2ec	13	37497899	37510620	16	-1.8634
f5c13560-46ef-4263-8957-ae71ff44a2ec	13	37514193	114342922	50616	0.0088
f5c13560-46ef-4263-8957-ae71ff44a2ec	14	18239283	19445992	57	-0.0724
f5c13560-46ef-4263-8957-ae71ff44a2ec	14	19632043	19955213	110	0.8875
f5c13560-46ef-4263-8957-ae71ff44a2ec	14	19956767	23957515	2706	-0.0007
f5c13560-46ef-4263-8957-ae71ff44a2ec	14	23975620	24019810	29	-0.8024
f5c13560-46ef-4263-8957-ae71ff44a2ec	14	24019956	40139724	10128	0.0076
f5c13560-46ef-4263-8957-ae71ff44a2ec	14	40144718	40147715	2	-2.1617
f5c13560-46ef-4263-8957-ae71ff44a2ec	14	40148961	41159026	725	0.0253
f5c13560-46ef-4263-8957-ae71ff44a2ec	14	41159271	41188146	10	-0.7528
f5c13560-46ef-4263-8957-ae71ff44a2ec	14	41200899	106877229	41583	0.008
f5c13560-46ef-4263-8957-ae71ff44a2ec	15	19811075	20235285	63	0.0358
f5c13560-46ef-4263-8957-ae71ff44a2ec	15	20240885	20373168	25	0.5658
f5c13560-46ef-4263-8957-ae71ff44a2ec	15	20376198	20376311	7	-1.0506
f5c13560-46ef-4263-8957-ae71ff44a2ec	15	20380735	20988347	61	0.408
f5c13560-46ef-4263-8957-ae71ff44a2ec	15	21005443	21096887	11	-0.2185
f5c13560-46ef-4263-8957-ae71ff44a2ec	15	21262847	22299523	39	0.6914
f5c13560-46ef-4263-8957-ae71ff44a2ec	15	22385639	24237898	920	0.0145
f5c13560-46ef-4263-8957-ae71ff44a2ec	15	24240681	24258119	5	-1.7516
f5c13560-46ef-4263-8957-ae71ff44a2ec	15	24258513	24429604	67	-0.7504
f5c13560-46ef-4263-8957-ae71ff44a2ec	15	24429740	27969613	2606	0.0111
f5c13560-46ef-4263-8957-ae71ff44a2ec	15	27970209	32491973	2126	0.0607
f5c13560-46ef-4263-8957-ae71ff44a2ec	15	32504134	101928837	45591	0.0092
f5c13560-46ef-4263-8957-ae71ff44a2ec	16	10777	18104860	12747	0.0204
f5c13560-46ef-4263-8957-ae71ff44a2ec	16	18134261	18144432	2	1.6697
f5c13560-46ef-4263-8957-ae71ff44a2ec	16	18148869	18335528	11	-0.1208
f5c13560-46ef-4263-8957-ae71ff44a2ec	16	18540265	18714714	17	0.5371
f5c13560-46ef-4263-8957-ae71ff44a2ec	16	18730788	19933041	675	0.0015
f5c13560-46ef-4263-8957-ae71ff44a2ec	16	19934328	19956040	29	-2.7805
f5c13560-46ef-4263-8957-ae71ff44a2ec	16	19958932	90096867	38359	0.0084
f5c13560-46ef-4263-8957-ae71ff44a2ec	17	150733	41266838	20799	0.0096
f5c13560-46ef-4263-8957-ae71ff44a2ec	17	41266851	41274279	19	0.8142
f5c13560-46ef-4263-8957-ae71ff44a2ec	17	41276472	46104213	2511	0.0053
f5c13560-46ef-4263-8957-ae71ff44a2ec	17	46110126	46286804	110	-0.2609
f5c13560-46ef-4263-8957-ae71ff44a2ec	17	46323701	57610128	7000	0.0133
f5c13560-46ef-4263-8957-ae71ff44a2ec	17	57610972	57611632	2	-1.8506
f5c13560-46ef-4263-8957-ae71ff44a2ec	17	57614632	73840477	9812	-0.0028
f5c13560-46ef-4263-8957-ae71ff44a2ec	17	73841419	74604359	488	0.0871
f5c13560-46ef-4263-8957-ae71ff44a2ec	17	74605371	79370707	2640	-0.0045
f5c13560-46ef-4263-8957-ae71ff44a2ec	17	79372071	79405969	19	0.729
f5c13560-46ef-4263-8957-ae71ff44a2ec	17	79406159	83091923	1599	0.0033
f5c13560-46ef-4263-8957-ae71ff44a2ec	18	48133	40678618	22781	0.0057
f5c13560-46ef-4263-8957-ae71ff44a2ec	18	40678640	40685425	23	-0.5178
f5c13560-46ef-4263-8957-ae71ff44a2ec	18	40688060	53997831	9133	0.0015
f5c13560-46ef-4263-8957-ae71ff44a2ec	18	53998472	53998782	3	-1.9787
f5c13560-46ef-4263-8957-ae71ff44a2ec	18	54001998	68413835	10071	0.004
f5c13560-46ef-4263-8957-ae71ff44a2ec	18	68414166	68425070	11	-0.5728
f5c13560-46ef-4263-8957-ae71ff44a2ec	18	68425114	72935074	3314	0.0263
f5c13560-46ef-4263-8957-ae71ff44a2ec	18	72935332	72939360	2	-1.8474
f5c13560-46ef-4263-8957-ae71ff44a2ec	18	72939433	80257174	5382	0.0212
f5c13560-46ef-4263-8957-ae71ff44a2ec	19	90910	58586487	29083	0.0047
f5c13560-46ef-4263-8957-ae71ff44a2ec	20	80664	158778	63	0.0029
f5c13560-46ef-4263-8957-ae71ff44a2ec	20	158935	159104	2	-1.6906
f5c13560-46ef-4263-8957-ae71ff44a2ec	20	159160	1586808	1141	0.0282
f5c13560-46ef-4263-8957-ae71ff44a2ec	20	1587007	1601446	32	-0.6745
f5c13560-46ef-4263-8957-ae71ff44a2ec	20	1601561	1617690	9	-1.3258
f5c13560-46ef-4263-8957-ae71ff44a2ec	20	1618356	26309289	18744	0.0072
f5c13560-46ef-4263-8957-ae71ff44a2ec	20	26316572	30259177	18	-0.5478
f5c13560-46ef-4263-8957-ae71ff44a2ec	20	30271154	64324800	22330	0.0067
f5c13560-46ef-4263-8957-ae71ff44a2ec	21	10354168	46677045	23855	0.0076
f5c13560-46ef-4263-8957-ae71ff44a2ec	22	15294547	42729122	17257	0.0058
f5c13560-46ef-4263-8957-ae71ff44a2ec	22	42730542	42734273	2	-1.6374
f5c13560-46ef-4263-8957-ae71ff44a2ec	22	42734392	48958206	4825	0.011
f5c13560-46ef-4263-8957-ae71ff44a2ec	22	48958619	50586195	1065	0.0903
f5c13560-46ef-4263-8957-ae71ff44a2ec	22	50586408	50796027	109	-0.0289
f5c13560-46ef-4263-8957-ae71ff44a2ec	X	251810	2821586	126	-0.2979
f5c13560-46ef-4263-8957-ae71ff44a2ec	X	2822496	75031674	38505	0.0165
f5c13560-46ef-4263-8957-ae71ff44a2ec	X	75041509	75046245	4	-2.0746
f5c13560-46ef-4263-8957-ae71ff44a2ec	X	75046826	75048830	4	-5.6864
f5c13560-46ef-4263-8957-ae71ff44a2ec	X	75052931	116132848	21388	0.0106
f5c13560-46ef-4263-8957-ae71ff44a2ec	X	116139550	116142848	5	-3.7751
f5c13560-46ef-4263-8957-ae71ff44a2ec	X	116143948	116230755	63	0.0413
f5c13560-46ef-4263-8957-ae71ff44a2ec	X	116230820	116231674	6	0.826
f5c13560-46ef-4263-8957-ae71ff44a2ec	X	116232733	116796759	350	0.0402
f5c13560-46ef-4263-8957-ae71ff44a2ec	X	116805329	116913995	70	0.9548
f5c13560-46ef-4263-8957-ae71ff44a2ec	X	116915661	135197363	10357	0.0136
f5c13560-46ef-4263-8957-ae71ff44a2ec	X	135198101	135198657	3	-3.3449
f5c13560-46ef-4263-8957-ae71ff44a2ec	X	135201296	135619994	232	0.0227
f5c13560-46ef-4263-8957-ae71ff44a2ec	X	135623557	135666603	30	0.9292
f5c13560-46ef-4263-8957-ae71ff44a2ec	X	135668591	151025005	9789	0.0049
f5c13560-46ef-4263-8957-ae71ff44a2ec	X	151025276	151025322	2	-5.2584
f5c13560-46ef-4263-8957-ae71ff44a2ec	X	151025347	155952689	2461	0.0165
f5c13560-46ef-4263-8957-ae71ff44a2ec	Y	2782397	3147407	155	-1.5645
f5c13560-46ef-4263-8957-ae71ff44a2ec	Y	3163712	5647810	475	-1.4379
f5c13560-46ef-4263-8957-ae71ff44a2ec	Y	5648400	56872112	6004	-1.5545
