GDC_Aliquot	Chromosome	Start	End	Num_Probes	Segment_Mean
c6675746-308d-425e-a090-80328f920578	1	62920	10186596	5092	0.0246
c6675746-308d-425e-a090-80328f920578	1	10189904	10189919	3	-1.435
c6675746-308d-425e-a090-80328f920578	1	10195198	16689764	3589	0.0098
c6675746-308d-425e-a090-80328f920578	1	16718963	16935752	75	-0.4097
c6675746-308d-425e-a090-80328f920578	1	16949746	34246204	9948	0.0065
c6675746-308d-425e-a090-80328f920578	1	34249861	34250086	3	-1.4307
c6675746-308d-425e-a090-80328f920578	1	34250173	105470132	45077	0.0053
c6675746-308d-425e-a090-80328f920578	1	105470754	105479753	18	-2.1615
c6675746-308d-425e-a090-80328f920578	1	105481433	110834746	3487	0.0089
c6675746-308d-425e-a090-80328f920578	1	110834943	110845604	38	-0.6677
c6675746-308d-425e-a090-80328f920578	1	110849445	166205703	17904	0.0079
c6675746-308d-425e-a090-80328f920578	1	166206806	166225133	11	0.7819
c6675746-308d-425e-a090-80328f920578	1	166226465	166579136	249	0.0186
c6675746-308d-425e-a090-80328f920578	1	166582964	166583523	5	-1.1885
c6675746-308d-425e-a090-80328f920578	1	166583858	196745743	20240	0.0009
c6675746-308d-425e-a090-80328f920578	1	196758720	196846661	61	-1.7619
c6675746-308d-425e-a090-80328f920578	1	196847600	240203162	29913	-0.0033
c6675746-308d-425e-a090-80328f920578	1	240203212	240204207	2	-1.9426
c6675746-308d-425e-a090-80328f920578	1	240204222	240228440	34	0.0384
c6675746-308d-425e-a090-80328f920578	1	240230715	240230839	6	-1.8693
c6675746-308d-425e-a090-80328f920578	1	240232805	246104662	4186	0.0055
c6675746-308d-425e-a090-80328f920578	1	246105636	246536732	279	0.1195
c6675746-308d-425e-a090-80328f920578	1	246536745	247656685	693	0.014
c6675746-308d-425e-a090-80328f920578	1	247664666	248102157	311	0.5797
c6675746-308d-425e-a090-80328f920578	1	248105490	248930189	393	0.05
c6675746-308d-425e-a090-80328f920578	2	12784	4602761	3378	0.0226
c6675746-308d-425e-a090-80328f920578	2	4604202	4606898	5	-1.2289
c6675746-308d-425e-a090-80328f920578	2	4607297	13062806	6624	0.0103
c6675746-308d-425e-a090-80328f920578	2	13064541	13067377	3	-1.3203
c6675746-308d-425e-a090-80328f920578	2	13067974	24376380	7923	0.0155
c6675746-308d-425e-a090-80328f920578	2	24378642	24388259	19	-0.7469
c6675746-308d-425e-a090-80328f920578	2	24388858	34295406	6046	0.0098
c6675746-308d-425e-a090-80328f920578	2	34298911	34300513	2	-1.7447
c6675746-308d-425e-a090-80328f920578	2	34300900	34460213	94	-0.0069
c6675746-308d-425e-a090-80328f920578	2	34466002	34512096	48	0.4913
c6675746-308d-425e-a090-80328f920578	2	34512489	35750907	871	0.0166
c6675746-308d-425e-a090-80328f920578	2	35752724	35762850	6	-1.4352
c6675746-308d-425e-a090-80328f920578	2	35762881	52516787	12123	0.0024
c6675746-308d-425e-a090-80328f920578	2	52527330	52560811	41	0.7338
c6675746-308d-425e-a090-80328f920578	2	52563002	127290044	41948	0.0064
c6675746-308d-425e-a090-80328f920578	2	127292055	127292070	2	-1.7984
c6675746-308d-425e-a090-80328f920578	2	127292492	129791702	1626	0.0173
c6675746-308d-425e-a090-80328f920578	2	129791707	129804133	11	-0.5823
c6675746-308d-425e-a090-80328f920578	2	129805410	131458124	576	0.0041
c6675746-308d-425e-a090-80328f920578	2	131464435	131468795	3	-1.5077
c6675746-308d-425e-a090-80328f920578	2	131472229	132523270	393	0.0293
c6675746-308d-425e-a090-80328f920578	2	132523411	132545002	46	0.5074
c6675746-308d-425e-a090-80328f920578	2	132556272	146108179	8675	0.0067
c6675746-308d-425e-a090-80328f920578	2	146108264	146109366	12	0.8038
c6675746-308d-425e-a090-80328f920578	2	146120238	242147305	59067	0.0069
c6675746-308d-425e-a090-80328f920578	3	20930	11366589	9548	0.0214
c6675746-308d-425e-a090-80328f920578	3	11371130	11371926	4	-1.2112
c6675746-308d-425e-a090-80328f920578	3	11375791	46751887	23636	0.0093
c6675746-308d-425e-a090-80328f920578	3	46760327	46806126	38	-2.257
c6675746-308d-425e-a090-80328f920578	3	46807689	54568153	3591	0.0024
c6675746-308d-425e-a090-80328f920578	3	54568688	54569489	4	-1.6732
c6675746-308d-425e-a090-80328f920578	3	54570161	68676600	10972	0.0097
c6675746-308d-425e-a090-80328f920578	3	68682877	68698262	16	-1.203
c6675746-308d-425e-a090-80328f920578	3	68699607	130044016	34661	0.0044
c6675746-308d-425e-a090-80328f920578	3	130044855	130087393	38	0.3981
c6675746-308d-425e-a090-80328f920578	3	130088081	132269794	1433	0.0043
c6675746-308d-425e-a090-80328f920578	3	132270020	132282096	10	-0.5412
c6675746-308d-425e-a090-80328f920578	3	132283990	140823697	5286	0.0115
c6675746-308d-425e-a090-80328f920578	3	140826859	140828142	2	-2.5919
c6675746-308d-425e-a090-80328f920578	3	140841776	162405578	13270	0.0097
c6675746-308d-425e-a090-80328f920578	3	162419812	162424917	14	-0.794
c6675746-308d-425e-a090-80328f920578	3	162426460	162761828	228	0.0106
c6675746-308d-425e-a090-80328f920578	3	162762809	162769893	6	0.4845
c6675746-308d-425e-a090-80328f920578	3	162771678	162790480	24	0.0051
c6675746-308d-425e-a090-80328f920578	3	162794869	162908207	70	0.6108
c6675746-308d-425e-a090-80328f920578	3	162908784	189372316	16449	0.0061
c6675746-308d-425e-a090-80328f920578	3	189372662	189380938	6	-1.1185
c6675746-308d-425e-a090-80328f920578	3	189384112	195656271	4217	0.0033
c6675746-308d-425e-a090-80328f920578	3	195663809	195747892	43	-0.4922
c6675746-308d-425e-a090-80328f920578	3	195751823	198169247	1166	0.006
c6675746-308d-425e-a090-80328f920578	4	68929	9379218	5102	0.0198
c6675746-308d-425e-a090-80328f920578	4	9379465	9455251	56	0.4606
c6675746-308d-425e-a090-80328f920578	4	9459504	9477699	6	2.1637
c6675746-308d-425e-a090-80328f920578	4	9484440	10208766	539	0.0444
c6675746-308d-425e-a090-80328f920578	4	10212536	10222224	4	1.3931
c6675746-308d-425e-a090-80328f920578	4	10227159	21367070	8237	0.011
c6675746-308d-425e-a090-80328f920578	4	21370380	21375228	15	-0.5651
c6675746-308d-425e-a090-80328f920578	4	21382117	34785527	8755	-0.0008
c6675746-308d-425e-a090-80328f920578	4	34785541	34823103	34	0.4472
c6675746-308d-425e-a090-80328f920578	4	34828250	44015124	6046	0.0049
c6675746-308d-425e-a090-80328f920578	4	44019868	44024387	5	-1.3707
c6675746-308d-425e-a090-80328f920578	4	44029382	63828222	10508	0.0098
c6675746-308d-425e-a090-80328f920578	4	63831751	63856498	32	0.4294
c6675746-308d-425e-a090-80328f920578	4	63856822	68509237	2867	0.0028
c6675746-308d-425e-a090-80328f920578	4	68509442	68509630	2	-1.5626
c6675746-308d-425e-a090-80328f920578	4	68524574	68569894	26	-0.1654
c6675746-308d-425e-a090-80328f920578	4	68570184	68570195	3	-2.3588
c6675746-308d-425e-a090-80328f920578	4	68570854	69163466	305	0.0003
c6675746-308d-425e-a090-80328f920578	4	69164605	69445657	144	0.1764
c6675746-308d-425e-a090-80328f920578	4	69447253	77262096	4872	0.0028
c6675746-308d-425e-a090-80328f920578	4	77265202	77290513	57	0.2387
c6675746-308d-425e-a090-80328f920578	4	77290741	79072668	1213	0.0134
c6675746-308d-425e-a090-80328f920578	4	79072883	79079627	2	-1.9764
c6675746-308d-425e-a090-80328f920578	4	79080556	86054070	4246	0.0007
c6675746-308d-425e-a090-80328f920578	4	86054941	86058791	20	-0.6662
c6675746-308d-425e-a090-80328f920578	4	86058936	171448195	51548	0.0051
c6675746-308d-425e-a090-80328f920578	4	171453733	171456307	9	1.2834
c6675746-308d-425e-a090-80328f920578	4	171456559	172501371	643	-0.0044
c6675746-308d-425e-a090-80328f920578	4	172503796	172507492	7	1.0425
c6675746-308d-425e-a090-80328f920578	4	172519981	179172552	4138	0.0056
c6675746-308d-425e-a090-80328f920578	4	179176834	179177184	2	-1.4226
c6675746-308d-425e-a090-80328f920578	4	179180768	183994220	3567	0.0105
c6675746-308d-425e-a090-80328f920578	4	183996342	183998346	4	-1.1264
c6675746-308d-425e-a090-80328f920578	4	183999741	184056393	42	0.0051
c6675746-308d-425e-a090-80328f920578	4	184063649	184068038	6	-0.948
c6675746-308d-425e-a090-80328f920578	4	184068275	189970431	4061	0.0222
c6675746-308d-425e-a090-80328f920578	4	189978521	189988171	6	-1.021
c6675746-308d-425e-a090-80328f920578	4	189988277	190106768	17	0.0689
c6675746-308d-425e-a090-80328f920578	5	15532	717446	312	0.0192
c6675746-308d-425e-a090-80328f920578	5	717794	866255	44	0.6012
c6675746-308d-425e-a090-80328f920578	5	866315	12785150	9830	0.0071
c6675746-308d-425e-a090-80328f920578	5	12790757	12819964	13	0.5876
c6675746-308d-425e-a090-80328f920578	5	12824299	21376735	5469	0.0077
c6675746-308d-425e-a090-80328f920578	5	21377730	21377744	2	-1.9553
c6675746-308d-425e-a090-80328f920578	5	21385957	28542816	4158	0.0061
c6675746-308d-425e-a090-80328f920578	5	28545875	28547561	3	-1.9225
c6675746-308d-425e-a090-80328f920578	5	28550479	46251204	10842	-0.0004
c6675746-308d-425e-a090-80328f920578	5	46270906	46273400	8	0.7945
c6675746-308d-425e-a090-80328f920578	5	46278110	58033288	5080	0.0031
c6675746-308d-425e-a090-80328f920578	5	58033703	58033802	3	-1.2202
c6675746-308d-425e-a090-80328f920578	5	58033929	58660999	467	-0.0225
c6675746-308d-425e-a090-80328f920578	5	58661016	58662633	12	-1.1428
c6675746-308d-425e-a090-80328f920578	5	58662651	58662976	8	-0.3528
c6675746-308d-425e-a090-80328f920578	5	58662991	58663305	3	-1.1794
c6675746-308d-425e-a090-80328f920578	5	58663865	180951710	76445	0.0089
c6675746-308d-425e-a090-80328f920578	5	180951888	180991103	18	0.6175
c6675746-308d-425e-a090-80328f920578	5	181006225	181363319	170	0.044
c6675746-308d-425e-a090-80328f920578	6	149661	253861	99	0.0202
c6675746-308d-425e-a090-80328f920578	6	254267	385784	111	0.2485
c6675746-308d-425e-a090-80328f920578	6	387532	29869295	21439	0.0037
c6675746-308d-425e-a090-80328f920578	6	29869410	29882419	17	0.8486
c6675746-308d-425e-a090-80328f920578	6	29882497	29907031	7	-0.1034
c6675746-308d-425e-a090-80328f920578	6	29909182	29931120	7	-0.8123
c6675746-308d-425e-a090-80328f920578	6	29931900	51666884	13186	0.0051
c6675746-308d-425e-a090-80328f920578	6	51672126	51675324	6	-0.963
c6675746-308d-425e-a090-80328f920578	6	51678424	64627049	5962	0.0082
c6675746-308d-425e-a090-80328f920578	6	64637651	64640920	4	-1.3688
c6675746-308d-425e-a090-80328f920578	6	64642128	73882142	6157	0.0093
c6675746-308d-425e-a090-80328f920578	6	73882509	73891694	10	0.8888
c6675746-308d-425e-a090-80328f920578	6	73893839	78253172	2765	0.0127
c6675746-308d-425e-a090-80328f920578	6	78259348	78322875	109	0.4047
c6675746-308d-425e-a090-80328f920578	6	78325223	93778242	9919	0.0096
c6675746-308d-425e-a090-80328f920578	6	93778601	94949948	762	0.0719
c6675746-308d-425e-a090-80328f920578	6	94952501	103286954	4795	0.0087
c6675746-308d-425e-a090-80328f920578	6	103290101	103314186	46	-1.1325
c6675746-308d-425e-a090-80328f920578	6	103317795	153636235	32258	0.0068
c6675746-308d-425e-a090-80328f920578	6	153639651	153640284	2	-2.7856
c6675746-308d-425e-a090-80328f920578	6	153640764	170741917	11916	0.0152
c6675746-308d-425e-a090-80328f920578	7	43355	4372775	2298	0.0088
c6675746-308d-425e-a090-80328f920578	7	4377317	4379241	7	-0.9496
c6675746-308d-425e-a090-80328f920578	7	4381830	11963143	5342	0.017
c6675746-308d-425e-a090-80328f920578	7	11965346	11970376	6	-0.8409
c6675746-308d-425e-a090-80328f920578	7	11973353	22339363	8364	0.015
c6675746-308d-425e-a090-80328f920578	7	22339850	22346042	3	-1.254
c6675746-308d-425e-a090-80328f920578	7	22346267	41015120	13198	0.0012
c6675746-308d-425e-a090-80328f920578	7	41015182	41015408	2	-1.6153
c6675746-308d-425e-a090-80328f920578	7	41015632	41530251	369	-0.0045
c6675746-308d-425e-a090-80328f920578	7	41534278	41535817	6	-1.261
c6675746-308d-425e-a090-80328f920578	7	41535832	53145660	8029	0.004
c6675746-308d-425e-a090-80328f920578	7	53146318	53150930	10	-1.2103
c6675746-308d-425e-a090-80328f920578	7	53151219	67172252	4584	0.0171
c6675746-308d-425e-a090-80328f920578	7	67176387	67180245	5	-2.1268
c6675746-308d-425e-a090-80328f920578	7	67182652	109800866	24728	0.0047
c6675746-308d-425e-a090-80328f920578	7	109801155	109813801	11	0.9519
c6675746-308d-425e-a090-80328f920578	7	109813853	118737735	5471	0.0078
c6675746-308d-425e-a090-80328f920578	7	118742768	118745916	4	-0.9994
c6675746-308d-425e-a090-80328f920578	7	118753304	126406489	4566	0.0111
c6675746-308d-425e-a090-80328f920578	7	126406546	126406827	8	0.7504
c6675746-308d-425e-a090-80328f920578	7	126412712	134093676	4691	0.0109
c6675746-308d-425e-a090-80328f920578	7	134093715	134113790	37	0.5853
c6675746-308d-425e-a090-80328f920578	7	134113805	159334314	16090	0.0099
c6675746-308d-425e-a090-80328f920578	8	81254	284757	71	0.0019
c6675746-308d-425e-a090-80328f920578	8	285379	287740	7	-0.6874
c6675746-308d-425e-a090-80328f920578	8	288516	637826	242	0.0733
c6675746-308d-425e-a090-80328f920578	8	640379	645875	10	0.5267
c6675746-308d-425e-a090-80328f920578	8	645892	645908	2	3.1479
c6675746-308d-425e-a090-80328f920578	8	656117	2237203	1276	0.035
c6675746-308d-425e-a090-80328f920578	8	2345087	2379086	82	0.5638
c6675746-308d-425e-a090-80328f920578	8	2382635	3926665	1663	0.0341
c6675746-308d-425e-a090-80328f920578	8	3929538	3932584	24	-0.5317
c6675746-308d-425e-a090-80328f920578	8	3933696	4140085	316	0.0274
c6675746-308d-425e-a090-80328f920578	8	4141366	4146769	28	-1.1051
c6675746-308d-425e-a090-80328f920578	8	4146976	7185818	4004	0.0385
c6675746-308d-425e-a090-80328f920578	8	7296545	7312952	2	-1.6274
c6675746-308d-425e-a090-80328f920578	8	7329110	7775900	40	-0.064
c6675746-308d-425e-a090-80328f920578	8	7788805	8139659	26	0.8136
c6675746-308d-425e-a090-80328f920578	8	8196822	13741668	4301	0.0281
c6675746-308d-425e-a090-80328f920578	8	13741714	13752181	26	-0.6961
c6675746-308d-425e-a090-80328f920578	8	13752255	16339682	2415	0.0152
c6675746-308d-425e-a090-80328f920578	8	16349445	16349558	5	-1.5647
c6675746-308d-425e-a090-80328f920578	8	16349572	17382929	851	0.0201
c6675746-308d-425e-a090-80328f920578	8	17382981	17383339	5	-1.0255
c6675746-308d-425e-a090-80328f920578	8	17383448	23544795	4936	0.0099
c6675746-308d-425e-a090-80328f920578	8	23550227	23550358	5	-2.9847
c6675746-308d-425e-a090-80328f920578	8	23550392	25116928	1139	0.0067
c6675746-308d-425e-a090-80328f920578	8	25116961	25126818	26	0.4299
c6675746-308d-425e-a090-80328f920578	8	25133589	39373140	9019	0.0097
c6675746-308d-425e-a090-80328f920578	8	39378084	39529446	59	0.6953
c6675746-308d-425e-a090-80328f920578	8	39530780	54296370	7257	0.007
c6675746-308d-425e-a090-80328f920578	8	54296561	54298653	7	-0.9313
c6675746-308d-425e-a090-80328f920578	8	54298880	67635292	8267	0.0022
c6675746-308d-425e-a090-80328f920578	8	67635325	67637971	28	-0.6358
c6675746-308d-425e-a090-80328f920578	8	67644593	135608540	43396	0.0037
c6675746-308d-425e-a090-80328f920578	8	135611149	135612722	6	-0.9018
c6675746-308d-425e-a090-80328f920578	8	135618027	145072769	5976	0.0139
c6675746-308d-425e-a090-80328f920578	9	46587	68920	7	-0.6358
c6675746-308d-425e-a090-80328f920578	9	93270	1454200	1467	0.0624
c6675746-308d-425e-a090-80328f920578	9	1455409	23361807	18951	0.0087
c6675746-308d-425e-a090-80328f920578	9	23363117	23380447	11	0.6613
c6675746-308d-425e-a090-80328f920578	9	23380836	39011605	10690	0.0079
c6675746-308d-425e-a090-80328f920578	9	39014965	40887290	77	0.1499
c6675746-308d-425e-a090-80328f920578	9	40922005	41094918	38	-0.3569
c6675746-308d-425e-a090-80328f920578	9	41285747	41571860	32	0.0346
c6675746-308d-425e-a090-80328f920578	9	41635766	41659472	9	0.685
c6675746-308d-425e-a090-80328f920578	9	41666811	42014203	7	-0.1771
c6675746-308d-425e-a090-80328f920578	9	42037471	42546668	35	-0.4375
c6675746-308d-425e-a090-80328f920578	9	42566207	63580418	125	0.0857
c6675746-308d-425e-a090-80328f920578	9	63590317	63592813	7	1.3729
c6675746-308d-425e-a090-80328f920578	9	63614182	127214377	42200	0.0066
c6675746-308d-425e-a090-80328f920578	9	127215286	127245402	19	-0.6781
c6675746-308d-425e-a090-80328f920578	9	127245829	138200944	5842	0.0085
c6675746-308d-425e-a090-80328f920578	10	45792	7357399	6383	0.0203
c6675746-308d-425e-a090-80328f920578	10	7359218	7359419	2	-1.6334
c6675746-308d-425e-a090-80328f920578	10	7359916	12835584	4378	0.007
c6675746-308d-425e-a090-80328f920578	10	12835675	12856992	8	-0.788
c6675746-308d-425e-a090-80328f920578	10	12858182	20885895	6526	0.0054
c6675746-308d-425e-a090-80328f920578	10	20888358	20895479	4	-1.0873
c6675746-308d-425e-a090-80328f920578	10	20896095	24086334	1895	0.0116
c6675746-308d-425e-a090-80328f920578	10	24088745	24088992	10	0.7939
c6675746-308d-425e-a090-80328f920578	10	24089125	25306444	814	0.0065
c6675746-308d-425e-a090-80328f920578	10	25308379	25311279	2	-1.8391
c6675746-308d-425e-a090-80328f920578	10	25312104	30877380	4161	-0.0008
c6675746-308d-425e-a090-80328f920578	10	30879941	30879944	2	-2.6478
c6675746-308d-425e-a090-80328f920578	10	30879985	79624118	29492	0.0099
c6675746-308d-425e-a090-80328f920578	10	79624128	79649470	5	-1.6958
c6675746-308d-425e-a090-80328f920578	10	79663484	105296521	16438	0.0063
c6675746-308d-425e-a090-80328f920578	10	105297280	105299412	3	-3.8083
c6675746-308d-425e-a090-80328f920578	10	105302718	130390981	18496	0.0083
c6675746-308d-425e-a090-80328f920578	10	130392365	131050769	611	0.0948
c6675746-308d-425e-a090-80328f920578	10	131050965	131810441	593	0.0348
c6675746-308d-425e-a090-80328f920578	10	131814796	131826379	20	-1.322
c6675746-308d-425e-a090-80328f920578	10	131827388	133536015	774	0.0229
c6675746-308d-425e-a090-80328f920578	10	133537633	133654968	64	0.5456
c6675746-308d-425e-a090-80328f920578	11	198510	18935143	12707	0.0129
c6675746-308d-425e-a090-80328f920578	11	18936186	18958446	40	-0.623
c6675746-308d-425e-a090-80328f920578	11	18961087	25680691	5311	0.0151
c6675746-308d-425e-a090-80328f920578	11	25680787	25697434	26	-0.8027
c6675746-308d-425e-a090-80328f920578	11	25700531	27635242	1450	-0.0045
c6675746-308d-425e-a090-80328f920578	11	27635308	27635546	2	-1.2975
c6675746-308d-425e-a090-80328f920578	11	27639379	37346034	6819	0.0074
c6675746-308d-425e-a090-80328f920578	11	37349207	37631345	145	0.165
c6675746-308d-425e-a090-80328f920578	11	37631894	54669858	7666	0.0072
c6675746-308d-425e-a090-80328f920578	11	54671553	55592042	320	0.1142
c6675746-308d-425e-a090-80328f920578	11	55592077	55708084	79	0.4101
c6675746-308d-425e-a090-80328f920578	11	55708163	76428802	10727	0.0061
c6675746-308d-425e-a090-80328f920578	11	76430072	76437238	6	-1.001
c6675746-308d-425e-a090-80328f920578	11	76437698	89741663	9105	0.0066
c6675746-308d-425e-a090-80328f920578	11	89754781	89802300	6	-1.3154
c6675746-308d-425e-a090-80328f920578	11	89802498	107359993	12503	0.0071
c6675746-308d-425e-a090-80328f920578	11	107367930	107368402	7	-1.8454
c6675746-308d-425e-a090-80328f920578	11	107381636	135074876	19928	0.0075
c6675746-308d-425e-a090-80328f920578	12	51460	8404097	5597	0.0159
c6675746-308d-425e-a090-80328f920578	12	8405892	8423870	15	1.1906
c6675746-308d-425e-a090-80328f920578	12	8428232	33141726	17172	0.0076
c6675746-308d-425e-a090-80328f920578	12	33148472	33154440	27	-2.9561
c6675746-308d-425e-a090-80328f920578	12	33155426	34096879	581	0.0283
c6675746-308d-425e-a090-80328f920578	12	34097761	34109617	8	-0.7713
c6675746-308d-425e-a090-80328f920578	12	34110199	39942692	1369	0.0473
c6675746-308d-425e-a090-80328f920578	12	39944607	39947638	2	-1.2944
c6675746-308d-425e-a090-80328f920578	12	39955799	56938187	10122	0.0105
c6675746-308d-425e-a090-80328f920578	12	56941697	56981841	13	0.5485
c6675746-308d-425e-a090-80328f920578	12	56983528	65575235	5204	0.0074
c6675746-308d-425e-a090-80328f920578	12	65582534	65583523	2	-1.8708
c6675746-308d-425e-a090-80328f920578	12	65583974	131635702	44158	0.0079
c6675746-308d-425e-a090-80328f920578	12	131636170	131648724	10	0.7091
c6675746-308d-425e-a090-80328f920578	12	131648753	133201603	563	0.0054
c6675746-308d-425e-a090-80328f920578	13	18452809	37496998	13486	0.0143
c6675746-308d-425e-a090-80328f920578	13	37497899	37514193	17	0.6819
c6675746-308d-425e-a090-80328f920578	13	37514237	48337128	7489	0.0134
c6675746-308d-425e-a090-80328f920578	13	48337242	48337251	4	-1.0011
c6675746-308d-425e-a090-80328f920578	13	48337254	52485081	2402	0.0187
c6675746-308d-425e-a090-80328f920578	13	52497017	52520664	7	-0.871
c6675746-308d-425e-a090-80328f920578	13	52523849	71902850	11652	0.0152
c6675746-308d-425e-a090-80328f920578	13	71903417	71906418	4	-1.7384
c6675746-308d-425e-a090-80328f920578	13	71906467	114342922	29096	0.0144
c6675746-308d-425e-a090-80328f920578	14	18239283	21580443	1241	0.0147
c6675746-308d-425e-a090-80328f920578	14	21582009	21587633	11	1.0892
c6675746-308d-425e-a090-80328f920578	14	21604196	38755162	11028	0.0078
c6675746-308d-425e-a090-80328f920578	14	38757481	38759427	3	-1.4217
c6675746-308d-425e-a090-80328f920578	14	38763679	73529070	21954	0.0048
c6675746-308d-425e-a090-80328f920578	14	73534419	73554275	9	0.732
c6675746-308d-425e-a090-80328f920578	14	73563196	104013364	20178	-0.0003
c6675746-308d-425e-a090-80328f920578	14	104014679	106877229	986	0.0533
c6675746-308d-425e-a090-80328f920578	15	19811075	20207225	60	0.0851
c6675746-308d-425e-a090-80328f920578	15	20210984	20373168	28	-0.5865
c6675746-308d-425e-a090-80328f920578	15	20376198	20376311	7	0.3837
c6675746-308d-425e-a090-80328f920578	15	20380735	22413894	113	-0.6455
c6675746-308d-425e-a090-80328f920578	15	22455811	30304026	4641	0.0191
c6675746-308d-425e-a090-80328f920578	15	30307497	30500366	10	0.5921
c6675746-308d-425e-a090-80328f920578	15	30503586	76586021	29055	0.0099
c6675746-308d-425e-a090-80328f920578	15	76598900	76609900	25	0.5873
c6675746-308d-425e-a090-80328f920578	15	76609916	83871986	4412	0.0039
c6675746-308d-425e-a090-80328f920578	15	83874133	83874798	5	-1.0051
c6675746-308d-425e-a090-80328f920578	15	83878525	101928837	13191	0.0162
c6675746-308d-425e-a090-80328f920578	16	10777	19934328	13468	0.0139
c6675746-308d-425e-a090-80328f920578	16	19934486	19956040	28	-0.824
c6675746-308d-425e-a090-80328f920578	16	19958932	22349840	1245	0.0108
c6675746-308d-425e-a090-80328f920578	16	22353000	22836467	222	0.1247
c6675746-308d-425e-a090-80328f920578	16	22836662	32887926	5032	0.0081
c6675746-308d-425e-a090-80328f920578	16	32888104	35877681	448	0.0864
c6675746-308d-425e-a090-80328f920578	16	35878246	55771643	6501	0.0009
c6675746-308d-425e-a090-80328f920578	16	55774509	55782793	9	0.7169
c6675746-308d-425e-a090-80328f920578	16	55788057	78337711	14286	0.0067
c6675746-308d-425e-a090-80328f920578	16	78338543	78349243	15	0.7577
c6675746-308d-425e-a090-80328f920578	16	78350841	84307290	6619	0.0122
c6675746-308d-425e-a090-80328f920578	16	84307323	84307409	2	-1.6753
c6675746-308d-425e-a090-80328f920578	16	84309735	84876056	514	0.0259
c6675746-308d-425e-a090-80328f920578	16	84877016	84878725	2	-1.7611
c6675746-308d-425e-a090-80328f920578	16	84879203	89150862	3010	0.0137
c6675746-308d-425e-a090-80328f920578	16	89155293	89163576	8	-1.1972
c6675746-308d-425e-a090-80328f920578	16	89168053	90096867	467	0.0354
c6675746-308d-425e-a090-80328f920578	17	150733	18414080	11395	0.0136
c6675746-308d-425e-a090-80328f920578	17	18452078	18543365	24	0.5473
c6675746-308d-425e-a090-80328f920578	17	18550123	33617955	4985	0.0049
c6675746-308d-425e-a090-80328f920578	17	33618359	34410027	732	0.0859
c6675746-308d-425e-a090-80328f920578	17	34411338	41266838	3684	-0.0044
c6675746-308d-425e-a090-80328f920578	17	41266851	41274198	18	-0.7714
c6675746-308d-425e-a090-80328f920578	17	41274279	41348899	75	-0.0179
c6675746-308d-425e-a090-80328f920578	17	41354660	41370057	30	-0.6173
c6675746-308d-425e-a090-80328f920578	17	41370168	43348789	999	0.0094
c6675746-308d-425e-a090-80328f920578	17	43349580	43362553	5	0.8522
c6675746-308d-425e-a090-80328f920578	17	43366336	46111026	1408	0.0093
c6675746-308d-425e-a090-80328f920578	17	46113318	46569894	112	-0.2909
c6675746-308d-425e-a090-80328f920578	17	46571001	83091923	21568	0.0035
c6675746-308d-425e-a090-80328f920578	18	48133	24284706	12175	0.0062
c6675746-308d-425e-a090-80328f920578	18	24288293	24290311	2	-1.7674
c6675746-308d-425e-a090-80328f920578	18	24291193	40680484	10618	0.0027
c6675746-308d-425e-a090-80328f920578	18	40680506	40685425	16	-0.6281
c6675746-308d-425e-a090-80328f920578	18	40688060	42470463	1214	0.0173
c6675746-308d-425e-a090-80328f920578	18	42471713	42480972	28	0.2894
c6675746-308d-425e-a090-80328f920578	18	42481030	43293796	504	0.0031
c6675746-308d-425e-a090-80328f920578	18	43301629	43322398	12	-0.872
c6675746-308d-425e-a090-80328f920578	18	43322659	60449209	11826	0.0047
c6675746-308d-425e-a090-80328f920578	18	60449889	60453998	15	-0.8723
c6675746-308d-425e-a090-80328f920578	18	60459078	63282002	1938	0.0083
c6675746-308d-425e-a090-80328f920578	18	63282086	63282110	3	-1.2191
c6675746-308d-425e-a090-80328f920578	18	63282126	66095064	2014	0.0185
c6675746-308d-425e-a090-80328f920578	18	66099904	66100686	3	-2.2604
c6675746-308d-425e-a090-80328f920578	18	66108359	80257174	10373	0.0172
c6675746-308d-425e-a090-80328f920578	19	90910	6981874	2322	0.0236
c6675746-308d-425e-a090-80328f920578	19	6982698	6987787	2	-1.7749
c6675746-308d-425e-a090-80328f920578	19	6988259	20195658	6469	0.0022
c6675746-308d-425e-a090-80328f920578	19	20199955	20200674	2	-1.6567
c6675746-308d-425e-a090-80328f920578	19	20202453	22240132	1166	0.008
c6675746-308d-425e-a090-80328f920578	19	22241616	22243035	4	-1.2068
c6675746-308d-425e-a090-80328f920578	19	22243464	58586487	19151	0.0054
c6675746-308d-425e-a090-80328f920578	20	80664	1579916	1199	0.028
c6675746-308d-425e-a090-80328f920578	20	1580141	1601561	41	1.0493
c6675746-308d-425e-a090-80328f920578	20	1609611	44694228	27062	0.0136
c6675746-308d-425e-a090-80328f920578	20	44699932	44700888	2	-4.2707
c6675746-308d-425e-a090-80328f920578	20	44706422	64324800	14082	0.0082
c6675746-308d-425e-a090-80328f920578	21	10354168	20623426	5032	0.0073
c6675746-308d-425e-a090-80328f920578	21	20628064	20628599	3	-1.2429
c6675746-308d-425e-a090-80328f920578	21	20633532	26822585	4765	0.0137
c6675746-308d-425e-a090-80328f920578	21	26827753	26828403	7	-0.6817
c6675746-308d-425e-a090-80328f920578	21	26831754	27943609	868	-0.0035
c6675746-308d-425e-a090-80328f920578	21	27945477	27945949	2	-1.6556
c6675746-308d-425e-a090-80328f920578	21	27952616	36777089	6205	0.0032
c6675746-308d-425e-a090-80328f920578	21	36779889	36784182	5	-1.3404
c6675746-308d-425e-a090-80328f920578	21	36784248	46677045	6979	0.007
c6675746-308d-425e-a090-80328f920578	22	15294547	22685456	3590	0.0371
c6675746-308d-425e-a090-80328f920578	22	22688887	22743135	36	-0.756
c6675746-308d-425e-a090-80328f920578	22	22748392	29544974	5147	0.0134
c6675746-308d-425e-a090-80328f920578	22	29553746	29553889	2	-2.1329
c6675746-308d-425e-a090-80328f920578	22	29554276	36047627	4730	0.0004
c6675746-308d-425e-a090-80328f920578	22	36048140	36049485	4	-1.2759
c6675746-308d-425e-a090-80328f920578	22	36049544	48740473	8420	0.0114
c6675746-308d-425e-a090-80328f920578	22	48748132	49702642	874	0.0832
c6675746-308d-425e-a090-80328f920578	22	49702857	50528603	317	0.0089
c6675746-308d-425e-a090-80328f920578	22	50534679	50534687	5	-1.9416
c6675746-308d-425e-a090-80328f920578	22	50535325	50796027	143	0.0212
c6675746-308d-425e-a090-80328f920578	X	251810	10350392	5859	0.0082
c6675746-308d-425e-a090-80328f920578	X	10350719	10359673	4	-2.93
c6675746-308d-425e-a090-80328f920578	X	10359926	37602915	17274	0.004
c6675746-308d-425e-a090-80328f920578	X	37603312	37603833	2	-6.3922
c6675746-308d-425e-a090-80328f920578	X	37604977	66303814	11633	0.0053
c6675746-308d-425e-a090-80328f920578	X	66303828	66304388	2	-3.0219
c6675746-308d-425e-a090-80328f920578	X	66311351	76251024	4516	0.0159
c6675746-308d-425e-a090-80328f920578	X	76251125	76251138	2	-3.4141
c6675746-308d-425e-a090-80328f920578	X	76253392	147037925	39164	0.0056
c6675746-308d-425e-a090-80328f920578	X	147038517	147046626	9	1.5075
c6675746-308d-425e-a090-80328f920578	X	147046751	149534626	1753	0.0031
c6675746-308d-425e-a090-80328f920578	X	149541200	149541491	2	-2.2016
c6675746-308d-425e-a090-80328f920578	X	149541910	151534009	1200	0.0175
c6675746-308d-425e-a090-80328f920578	X	151536444	151538986	2	-2.1277
c6675746-308d-425e-a090-80328f920578	X	151543905	152701849	713	0.005
c6675746-308d-425e-a090-80328f920578	X	152726306	152886187	107	1.1069
c6675746-308d-425e-a090-80328f920578	X	152888031	155550772	1158	0.0282
c6675746-308d-425e-a090-80328f920578	X	155551021	155554665	3	-2.2328
c6675746-308d-425e-a090-80328f920578	X	155556117	155952689	97	0.025
c6675746-308d-425e-a090-80328f920578	Y	2782397	56872112	6639	-0.8957
