GDC_Aliquot	Chromosome	Start	End	Copy_Number	Major_Copy_Number	Minor_Copy_Number
7c2971d4-40a3-41cd-92fd-3a771f40870f	chr1	13116	40332757	2	2	0
7c2971d4-40a3-41cd-92fd-3a771f40870f	chr1	40334053	87928072	3	3	0
7c2971d4-40a3-41cd-92fd-3a771f40870f	chr1	87930881	114247946	2	2	0
7c2971d4-40a3-41cd-92fd-3a771f40870f	chr1	114249563	116132117	3	2	1
7c2971d4-40a3-41cd-92fd-3a771f40870f	chr1	116133414	116604734	2	2	0
7c2971d4-40a3-41cd-92fd-3a771f40870f	chr1	116606849	121742438	4	2	2
7c2971d4-40a3-41cd-92fd-3a771f40870f	chr1	143417573	143916206	6	3	3
7c2971d4-40a3-41cd-92fd-3a771f40870f	chr1	143920275	156034881	5	3	2
7c2971d4-40a3-41cd-92fd-3a771f40870f	chr1	156036222	156696341	4	2	2
7c2971d4-40a3-41cd-92fd-3a771f40870f	chr1	156697607	245170997	3	2	1
7c2971d4-40a3-41cd-92fd-3a771f40870f	chr1	245172217	248945703	2	1	1
7c2971d4-40a3-41cd-92fd-3a771f40870f	chr2	10587	13477488	2	1	1
7c2971d4-40a3-41cd-92fd-3a771f40870f	chr2	13479299	20717998	3	2	1
7c2971d4-40a3-41cd-92fd-3a771f40870f	chr2	20719521	52731168	4	2	2
7c2971d4-40a3-41cd-92fd-3a771f40870f	chr2	52732344	89224218	3	2	1
7c2971d4-40a3-41cd-92fd-3a771f40870f	chr2	89225390	89811294	2	2	0
7c2971d4-40a3-41cd-92fd-3a771f40870f	chr2	89813024	178066480	2	1	1
7c2971d4-40a3-41cd-92fd-3a771f40870f	chr2	178068232	239516116	3	2	1
7c2971d4-40a3-41cd-92fd-3a771f40870f	chr2	239517155	242183243	2	1	1
7c2971d4-40a3-41cd-92fd-3a771f40870f	chr3	18519	90353130	2	2	0
7c2971d4-40a3-41cd-92fd-3a771f40870f	chr3	90354159	198181744	3	3	0
7c2971d4-40a3-41cd-92fd-3a771f40870f	chr4	11961	20451999	2	2	0
7c2971d4-40a3-41cd-92fd-3a771f40870f	chr4	20453261	20489087	3	3	0
7c2971d4-40a3-41cd-92fd-3a771f40870f	chr4	20490109	92284179	3	2	1
7c2971d4-40a3-41cd-92fd-3a771f40870f	chr4	92286673	190122722	2	2	0
7c2971d4-40a3-41cd-92fd-3a771f40870f	chr5	11882	44067981	3	2	1
7c2971d4-40a3-41cd-92fd-3a771f40870f	chr5	44069471	45903618	4	2	2
7c2971d4-40a3-41cd-92fd-3a771f40870f	chr5	45904700	46252306	5	3	2
7c2971d4-40a3-41cd-92fd-3a771f40870f	chr5	46253335	46275143	7	7	0
7c2971d4-40a3-41cd-92fd-3a771f40870f	chr5	46276685	46378558	5	5	0
7c2971d4-40a3-41cd-92fd-3a771f40870f	chr5	46379774	86354394	3	2	1
7c2971d4-40a3-41cd-92fd-3a771f40870f	chr5	86356463	86401184	5	3	2
7c2971d4-40a3-41cd-92fd-3a771f40870f	chr5	86402458	181363900	3	2	1
7c2971d4-40a3-41cd-92fd-3a771f40870f	chr6	100116	75091077	3	2	1
7c2971d4-40a3-41cd-92fd-3a771f40870f	chr6	75092109	89145704	2	2	0
7c2971d4-40a3-41cd-92fd-3a771f40870f	chr6	89146731	89286438	1	1	0
7c2971d4-40a3-41cd-92fd-3a771f40870f	chr6	89288273	170740469	2	2	0
7c2971d4-40a3-41cd-92fd-3a771f40870f	chr7	20608	52819139	4	2	2
7c2971d4-40a3-41cd-92fd-3a771f40870f	chr7	52820204	56668773	3	2	1
7c2971d4-40a3-41cd-92fd-3a771f40870f	chr7	56669778	62520164	2	2	0
7c2971d4-40a3-41cd-92fd-3a771f40870f	chr7	62521209	62599696	4	2	2
7c2971d4-40a3-41cd-92fd-3a771f40870f	chr7	62600751	62610082	1	1	0
7c2971d4-40a3-41cd-92fd-3a771f40870f	chr7	62611120	62943279	3	2	1
7c2971d4-40a3-41cd-92fd-3a771f40870f	chr7	62944328	63458986	4	3	1
7c2971d4-40a3-41cd-92fd-3a771f40870f	chr7	63460219	159334386	3	2	1
7c2971d4-40a3-41cd-92fd-3a771f40870f	chr8	61774	6081473	2	1	1
7c2971d4-40a3-41cd-92fd-3a771f40870f	chr8	6082797	6575060	1	1	0
7c2971d4-40a3-41cd-92fd-3a771f40870f	chr8	6576067	14663306	5	4	1
7c2971d4-40a3-41cd-92fd-3a771f40870f	chr8	14664344	43090410	4	3	1
7c2971d4-40a3-41cd-92fd-3a771f40870f	chr8	43094193	43571547	7	4	3
7c2971d4-40a3-41cd-92fd-3a771f40870f	chr8	43574617	45999034	10	7	3
7c2971d4-40a3-41cd-92fd-3a771f40870f	chr8	46000367	46634854	8	7	1
7c2971d4-40a3-41cd-92fd-3a771f40870f	chr8	46639634	50027336	10	7	3
7c2971d4-40a3-41cd-92fd-3a771f40870f	chr8	50030909	50871860	8	7	1
7c2971d4-40a3-41cd-92fd-3a771f40870f	chr8	50873169	51050588	9	7	2
7c2971d4-40a3-41cd-92fd-3a771f40870f	chr8	51051732	56445692	9	8	1
7c2971d4-40a3-41cd-92fd-3a771f40870f	chr8	56447475	57973707	8	7	1
7c2971d4-40a3-41cd-92fd-3a771f40870f	chr8	57975270	58588367	9	7	2
7c2971d4-40a3-41cd-92fd-3a771f40870f	chr8	58590366	59233552	8	7	1
7c2971d4-40a3-41cd-92fd-3a771f40870f	chr8	59235093	59459460	9	7	2
7c2971d4-40a3-41cd-92fd-3a771f40870f	chr8	59462796	61371916	8	7	1
7c2971d4-40a3-41cd-92fd-3a771f40870f	chr8	61373932	61579933	8	6	2
7c2971d4-40a3-41cd-92fd-3a771f40870f	chr8	61581164	61925502	8	7	1
7c2971d4-40a3-41cd-92fd-3a771f40870f	chr8	61926795	62525426	11	6	5
7c2971d4-40a3-41cd-92fd-3a771f40870f	chr8	62527212	62783235	9	7	2
7c2971d4-40a3-41cd-92fd-3a771f40870f	chr8	62785226	85651103	8	7	1
7c2971d4-40a3-41cd-92fd-3a771f40870f	chr8	85659748	93952223	3	2	1
7c2971d4-40a3-41cd-92fd-3a771f40870f	chr8	93953478	95980852	4	2	2
7c2971d4-40a3-41cd-92fd-3a771f40870f	chr8	95981884	98073662	3	2	1
7c2971d4-40a3-41cd-92fd-3a771f40870f	chr8	98074736	98081673	4	2	2
7c2971d4-40a3-41cd-92fd-3a771f40870f	chr8	98082720	101215445	5	3	2
7c2971d4-40a3-41cd-92fd-3a771f40870f	chr8	101217958	105047738	3	2	1
7c2971d4-40a3-41cd-92fd-3a771f40870f	chr8	105048742	105066248	2	2	0
7c2971d4-40a3-41cd-92fd-3a771f40870f	chr8	105067468	145078402	4	2	2
7c2971d4-40a3-41cd-92fd-3a771f40870f	chr9	10469	4937295	5	3	2
7c2971d4-40a3-41cd-92fd-3a771f40870f	chr9	4939466	14475278	6	3	3
7c2971d4-40a3-41cd-92fd-3a771f40870f	chr9	14477694	25901398	5	3	2
7c2971d4-40a3-41cd-92fd-3a771f40870f	chr9	25902765	32388195	4	2	2
7c2971d4-40a3-41cd-92fd-3a771f40870f	chr9	32389400	35901499	3	2	1
7c2971d4-40a3-41cd-92fd-3a771f40870f	chr9	35902991	40926736	2	1	1
7c2971d4-40a3-41cd-92fd-3a771f40870f	chr9	40928106	65577270	3	2	1
7c2971d4-40a3-41cd-92fd-3a771f40870f	chr9	65669636	96615197	2	2	0
7c2971d4-40a3-41cd-92fd-3a771f40870f	chr9	96616550	96825948	1	1	0
7c2971d4-40a3-41cd-92fd-3a771f40870f	chr9	96827014	138256233	2	2	0
7c2971d4-40a3-41cd-92fd-3a771f40870f	chr10	15029	19990011	1	1	0
7c2971d4-40a3-41cd-92fd-3a771f40870f	chr10	19991242	25815369	2	1	1
7c2971d4-40a3-41cd-92fd-3a771f40870f	chr10	25816546	133787009	3	2	1
7c2971d4-40a3-41cd-92fd-3a771f40870f	chr11	87268	4251874	2	1	1
7c2971d4-40a3-41cd-92fd-3a771f40870f	chr11	4252877	4261571	0	0	0
7c2971d4-40a3-41cd-92fd-3a771f40870f	chr11	4262942	48076396	2	1	1
7c2971d4-40a3-41cd-92fd-3a771f40870f	chr11	48079285	62624454	3	2	1
7c2971d4-40a3-41cd-92fd-3a771f40870f	chr11	62627409	65383770	3	3	0
7c2971d4-40a3-41cd-92fd-3a771f40870f	chr11	65387713	69198168	6	6	0
7c2971d4-40a3-41cd-92fd-3a771f40870f	chr11	69199780	70236115	7	7	0
7c2971d4-40a3-41cd-92fd-3a771f40870f	chr11	70237429	73080844	6	6	0
7c2971d4-40a3-41cd-92fd-3a771f40870f	chr11	73084663	75050881	4	4	0
7c2971d4-40a3-41cd-92fd-3a771f40870f	chr11	75052216	75999136	5	5	0
7c2971d4-40a3-41cd-92fd-3a771f40870f	chr11	76000853	76061297	6	5	1
7c2971d4-40a3-41cd-92fd-3a771f40870f	chr11	76062870	77894455	3	3	0
7c2971d4-40a3-41cd-92fd-3a771f40870f	chr11	77896391	82197516	4	4	0
7c2971d4-40a3-41cd-92fd-3a771f40870f	chr11	82199228	83763625	5	5	0
7c2971d4-40a3-41cd-92fd-3a771f40870f	chr11	83764769	84006439	3	3	0
7c2971d4-40a3-41cd-92fd-3a771f40870f	chr11	84008439	86285140	6	6	0
7c2971d4-40a3-41cd-92fd-3a771f40870f	chr11	86286299	95741062	4	4	0
7c2971d4-40a3-41cd-92fd-3a771f40870f	chr11	95742235	108582422	3	3	0
7c2971d4-40a3-41cd-92fd-3a771f40870f	chr11	108583680	135076424	4	4	0
7c2971d4-40a3-41cd-92fd-3a771f40870f	chr12	11065	1204566	4	3	1
7c2971d4-40a3-41cd-92fd-3a771f40870f	chr12	1205948	1489057	1	1	0
7c2971d4-40a3-41cd-92fd-3a771f40870f	chr12	1491065	1528510	2	2	0
7c2971d4-40a3-41cd-92fd-3a771f40870f	chr12	1529526	17769947	2	1	1
7c2971d4-40a3-41cd-92fd-3a771f40870f	chr12	17771885	26346050	4	3	1
7c2971d4-40a3-41cd-92fd-3a771f40870f	chr12	26347796	90377382	3	2	1
7c2971d4-40a3-41cd-92fd-3a771f40870f	chr12	90378447	133264676	4	2	2
7c2971d4-40a3-41cd-92fd-3a771f40870f	chr13	18445955	19509314	3	3	0
7c2971d4-40a3-41cd-92fd-3a771f40870f	chr13	19510433	19578451	4	4	0
7c2971d4-40a3-41cd-92fd-3a771f40870f	chr13	19580250	101434336	3	3	0
7c2971d4-40a3-41cd-92fd-3a771f40870f	chr13	101436036	101444913	6	5	1
7c2971d4-40a3-41cd-92fd-3a771f40870f	chr13	101447141	114343123	3	3	0
7c2971d4-40a3-41cd-92fd-3a771f40870f	chr14	18223583	18648824	3	3	0
7c2971d4-40a3-41cd-92fd-3a771f40870f	chr14	18650456	27268843	2	1	1
7c2971d4-40a3-41cd-92fd-3a771f40870f	chr14	27271315	32236525	6	5	1
7c2971d4-40a3-41cd-92fd-3a771f40870f	chr14	32238239	36152619	10	9	1
7c2971d4-40a3-41cd-92fd-3a771f40870f	chr14	36155514	36170863	8	7	1
7c2971d4-40a3-41cd-92fd-3a771f40870f	chr14	36173435	36382393	11	9	2
7c2971d4-40a3-41cd-92fd-3a771f40870f	chr14	36383781	39323826	7	6	1
7c2971d4-40a3-41cd-92fd-3a771f40870f	chr14	39325155	106067259	5	4	1
7c2971d4-40a3-41cd-92fd-3a771f40870f	chr14	106068412	106880670	4	3	1
7c2971d4-40a3-41cd-92fd-3a771f40870f	chr15	19795285	74394199	2	1	1
7c2971d4-40a3-41cd-92fd-3a771f40870f	chr15	74395407	101980591	3	2	1
7c2971d4-40a3-41cd-92fd-3a771f40870f	chr16	10291	13475966	3	2	1
7c2971d4-40a3-41cd-92fd-3a771f40870f	chr16	13476988	13490326	1	1	0
7c2971d4-40a3-41cd-92fd-3a771f40870f	chr16	13491899	29888911	3	2	1
7c2971d4-40a3-41cd-92fd-3a771f40870f	chr16	29890784	36045725	2	2	0
7c2971d4-40a3-41cd-92fd-3a771f40870f	chr16	46380940	90226358	3	3	0
7c2971d4-40a3-41cd-92fd-3a771f40870f	chr17	151035	5824802	4	2	2
7c2971d4-40a3-41cd-92fd-3a771f40870f	chr17	5826418	83237603	3	2	1
7c2971d4-40a3-41cd-92fd-3a771f40870f	chr18	16444	24572939	2	1	1
7c2971d4-40a3-41cd-92fd-3a771f40870f	chr18	24574271	24584820	0	0	0
7c2971d4-40a3-41cd-92fd-3a771f40870f	chr18	24586134	80259190	2	1	1
7c2971d4-40a3-41cd-92fd-3a771f40870f	chr19	157892	24277766	2	2	0
7c2971d4-40a3-41cd-92fd-3a771f40870f	chr19	24278853	27379175	3	2	1
7c2971d4-40a3-41cd-92fd-3a771f40870f	chr19	27380198	36702285	2	2	0
7c2971d4-40a3-41cd-92fd-3a771f40870f	chr19	36703582	58607412	3	3	0
7c2971d4-40a3-41cd-92fd-3a771f40870f	chr20	80457	25312934	3	2	1
7c2971d4-40a3-41cd-92fd-3a771f40870f	chr20	25315151	25336424	5	3	2
7c2971d4-40a3-41cd-92fd-3a771f40870f	chr20	25338243	64331516	3	2	1
7c2971d4-40a3-41cd-92fd-3a771f40870f	chr21	7762688	13018290	3	2	1
7c2971d4-40a3-41cd-92fd-3a771f40870f	chr21	13020197	46699722	2	1	1
7c2971d4-40a3-41cd-92fd-3a771f40870f	chr22	15284540	50802392	2	2	0
7c2971d4-40a3-41cd-92fd-3a771f40870f	chrX	2781514	70211756	2	2	0
7c2971d4-40a3-41cd-92fd-3a771f40870f	chrX	70213023	70227213	5	5	0
7c2971d4-40a3-41cd-92fd-3a771f40870f	chrX	70230119	88553822	2	2	0
7c2971d4-40a3-41cd-92fd-3a771f40870f	chrX	88555327	88606994	1	1	0
7c2971d4-40a3-41cd-92fd-3a771f40870f	chrX	88608567	155699751	2	2	0
7c2971d4-40a3-41cd-92fd-3a771f40870f	chrY	2789135	15728050	1	1	0
7c2971d4-40a3-41cd-92fd-3a771f40870f	chrY	15730693	15781236	0	0	0
7c2971d4-40a3-41cd-92fd-3a771f40870f	chrY	15795251	26622951	2	2	0
