GDC_Aliquot	Chromosome	Start	End	Num_Probes	Segment_Mean
dbab9576-bfee-4005-99ea-d8ffd3dbb189	1	62920	1575421	209	0.1605
dbab9576-bfee-4005-99ea-d8ffd3dbb189	1	1696479	1741164	16	-0.6853
dbab9576-bfee-4005-99ea-d8ffd3dbb189	1	1756148	25278567	13798	0.2256
dbab9576-bfee-4005-99ea-d8ffd3dbb189	1	25284629	25319167	8	-0.6848
dbab9576-bfee-4005-99ea-d8ffd3dbb189	1	25319693	54624527	16006	0.2171
dbab9576-bfee-4005-99ea-d8ffd3dbb189	1	54627618	54628716	2	-1.9926
dbab9576-bfee-4005-99ea-d8ffd3dbb189	1	54630777	59580430	3987	0.2354
dbab9576-bfee-4005-99ea-d8ffd3dbb189	1	59586394	59592607	2	-0.916
dbab9576-bfee-4005-99ea-d8ffd3dbb189	1	59593034	61647430	1437	0.2358
dbab9576-bfee-4005-99ea-d8ffd3dbb189	1	61648334	61652515	4	-0.5431
dbab9576-bfee-4005-99ea-d8ffd3dbb189	1	61654137	72302815	7296	0.2149
dbab9576-bfee-4005-99ea-d8ffd3dbb189	1	72303233	72307730	7	-1.4427
dbab9576-bfee-4005-99ea-d8ffd3dbb189	1	72307746	72313397	3	-2.8354
dbab9576-bfee-4005-99ea-d8ffd3dbb189	1	72313408	72345450	35	-0.9287
dbab9576-bfee-4005-99ea-d8ffd3dbb189	1	72345465	103560608	19994	0.2189
dbab9576-bfee-4005-99ea-d8ffd3dbb189	1	103566616	103616762	27	0.6258
dbab9576-bfee-4005-99ea-d8ffd3dbb189	1	103620877	105476614	925	0.2181
dbab9576-bfee-4005-99ea-d8ffd3dbb189	1	105476688	105481433	16	0.6637
dbab9576-bfee-4005-99ea-d8ffd3dbb189	1	105481448	108186662	1936	0.217
dbab9576-bfee-4005-99ea-d8ffd3dbb189	1	108187137	108194874	4	-0.4756
dbab9576-bfee-4005-99ea-d8ffd3dbb189	1	108196482	108223733	17	0.2387
dbab9576-bfee-4005-99ea-d8ffd3dbb189	1	108226680	108274557	2	-2.4608
dbab9576-bfee-4005-99ea-d8ffd3dbb189	1	108310648	109679105	674	0.192
dbab9576-bfee-4005-99ea-d8ffd3dbb189	1	109684695	109697556	15	-1.069
dbab9576-bfee-4005-99ea-d8ffd3dbb189	1	109702376	112147704	1951	0.2224
dbab9576-bfee-4005-99ea-d8ffd3dbb189	1	112153343	112154754	24	-0.0884
dbab9576-bfee-4005-99ea-d8ffd3dbb189	1	112154768	112558901	325	0.2249
dbab9576-bfee-4005-99ea-d8ffd3dbb189	1	112559177	112681009	48	-0.2435
dbab9576-bfee-4005-99ea-d8ffd3dbb189	1	112686043	116651953	2513	0.2294
dbab9576-bfee-4005-99ea-d8ffd3dbb189	1	116657749	116657782	2	-1.007
dbab9576-bfee-4005-99ea-d8ffd3dbb189	1	116663714	119795985	2024	0.2364
dbab9576-bfee-4005-99ea-d8ffd3dbb189	1	119800489	119842626	43	-0.2521
dbab9576-bfee-4005-99ea-d8ffd3dbb189	1	119848520	119899280	35	0.29
dbab9576-bfee-4005-99ea-d8ffd3dbb189	1	119904099	119929205	15	-0.2973
dbab9576-bfee-4005-99ea-d8ffd3dbb189	1	119932796	143494500	159	0.1683
dbab9576-bfee-4005-99ea-d8ffd3dbb189	1	143541857	143942271	126	-0.5045
dbab9576-bfee-4005-99ea-d8ffd3dbb189	1	144432083	146150530	180	0.1952
dbab9576-bfee-4005-99ea-d8ffd3dbb189	1	146161924	146250588	3	1.1451
dbab9576-bfee-4005-99ea-d8ffd3dbb189	1	146716041	152787202	2330	0.1925
dbab9576-bfee-4005-99ea-d8ffd3dbb189	1	152789447	152804279	39	0.5591
dbab9576-bfee-4005-99ea-d8ffd3dbb189	1	152805967	158896783	3610	0.2056
dbab9576-bfee-4005-99ea-d8ffd3dbb189	1	158898711	158899969	2	-1.3824
dbab9576-bfee-4005-99ea-d8ffd3dbb189	1	158905028	169247699	7658	0.2127
dbab9576-bfee-4005-99ea-d8ffd3dbb189	1	169264736	169272528	7	-1.9601
dbab9576-bfee-4005-99ea-d8ffd3dbb189	1	169273163	174764424	3472	0.1999
dbab9576-bfee-4005-99ea-d8ffd3dbb189	1	174766366	186983499	8201	0.2181
dbab9576-bfee-4005-99ea-d8ffd3dbb189	1	186984108	196745743	6502	0.195
dbab9576-bfee-4005-99ea-d8ffd3dbb189	1	196758720	196832525	57	0.4319
dbab9576-bfee-4005-99ea-d8ffd3dbb189	1	196832720	222846561	17733	0.2079
dbab9576-bfee-4005-99ea-d8ffd3dbb189	1	222847162	222850427	4	-0.5767
dbab9576-bfee-4005-99ea-d8ffd3dbb189	1	222853375	223446392	349	0.2164
dbab9576-bfee-4005-99ea-d8ffd3dbb189	1	223454848	223472019	60	0.6801
dbab9576-bfee-4005-99ea-d8ffd3dbb189	1	223473439	229675422	3688	0.2073
dbab9576-bfee-4005-99ea-d8ffd3dbb189	1	229681109	229684449	3	-2.5183
dbab9576-bfee-4005-99ea-d8ffd3dbb189	1	229684709	248414390	13761	0.2132
dbab9576-bfee-4005-99ea-d8ffd3dbb189	1	248415321	248463796	19	0.5499
dbab9576-bfee-4005-99ea-d8ffd3dbb189	1	248467495	248585918	22	0.1027
dbab9576-bfee-4005-99ea-d8ffd3dbb189	1	248586259	248645808	32	-0.5996
dbab9576-bfee-4005-99ea-d8ffd3dbb189	1	248646068	248930189	139	0.1557
dbab9576-bfee-4005-99ea-d8ffd3dbb189	2	12784	3680971	2569	0.1981
dbab9576-bfee-4005-99ea-d8ffd3dbb189	2	3684956	3688948	5	-0.5997
dbab9576-bfee-4005-99ea-d8ffd3dbb189	2	3694481	12163947	6726	0.2047
dbab9576-bfee-4005-99ea-d8ffd3dbb189	2	12163964	12164189	4	-0.6141
dbab9576-bfee-4005-99ea-d8ffd3dbb189	2	12164245	34466002	14780	0.206
dbab9576-bfee-4005-99ea-d8ffd3dbb189	2	34474248	34511990	46	0.6104
dbab9576-bfee-4005-99ea-d8ffd3dbb189	2	34512096	35750907	870	0.193
dbab9576-bfee-4005-99ea-d8ffd3dbb189	2	35752724	35762850	6	-1.502
dbab9576-bfee-4005-99ea-d8ffd3dbb189	2	35762881	52531615	12132	0.2033
dbab9576-bfee-4005-99ea-d8ffd3dbb189	2	52531630	52554404	32	0.7871
dbab9576-bfee-4005-99ea-d8ffd3dbb189	2	52560811	57167767	3344	0.2071
dbab9576-bfee-4005-99ea-d8ffd3dbb189	2	57174909	57218336	69	1.1109
dbab9576-bfee-4005-99ea-d8ffd3dbb189	2	57220263	89296555	19349	0.196
dbab9576-bfee-4005-99ea-d8ffd3dbb189	2	89305244	90262403	132	0.7646
dbab9576-bfee-4005-99ea-d8ffd3dbb189	2	90281849	95998289	460	0.1961
dbab9576-bfee-4005-99ea-d8ffd3dbb189	2	96005615	96006930	4	1.1621
dbab9576-bfee-4005-99ea-d8ffd3dbb189	2	96011976	97537802	485	0.1977
dbab9576-bfee-4005-99ea-d8ffd3dbb189	2	97540809	97545247	3	-1.6175
dbab9576-bfee-4005-99ea-d8ffd3dbb189	2	97545726	122718173	15066	0.2027
dbab9576-bfee-4005-99ea-d8ffd3dbb189	2	122718842	122724665	10	-0.5628
dbab9576-bfee-4005-99ea-d8ffd3dbb189	2	122726077	146106889	14321	0.1959
dbab9576-bfee-4005-99ea-d8ffd3dbb189	2	146107015	146120827	22	-0.1471
dbab9576-bfee-4005-99ea-d8ffd3dbb189	2	146120842	152930971	4196	0.1952
dbab9576-bfee-4005-99ea-d8ffd3dbb189	2	152939554	152940256	2	-1.1677
dbab9576-bfee-4005-99ea-d8ffd3dbb189	2	152940270	164995378	7035	0.1913
dbab9576-bfee-4005-99ea-d8ffd3dbb189	2	164997464	165007539	5	-0.5629
dbab9576-bfee-4005-99ea-d8ffd3dbb189	2	165008929	179555026	9260	0.1969
dbab9576-bfee-4005-99ea-d8ffd3dbb189	2	179555716	179556785	11	-0.5445
dbab9576-bfee-4005-99ea-d8ffd3dbb189	2	179557019	242147305	38520	0.1964
dbab9576-bfee-4005-99ea-d8ffd3dbb189	3	20930	16197556	12890	0.0073
dbab9576-bfee-4005-99ea-d8ffd3dbb189	3	16199049	16199672	6	-0.8969
dbab9576-bfee-4005-99ea-d8ffd3dbb189	3	16199818	68697013	34867	0.006
dbab9576-bfee-4005-99ea-d8ffd3dbb189	3	68697108	68698262	14	0.5266
dbab9576-bfee-4005-99ea-d8ffd3dbb189	3	68699607	87805127	11687	0.0038
dbab9576-bfee-4005-99ea-d8ffd3dbb189	3	87805891	87809827	4	-1.2607
dbab9576-bfee-4005-99ea-d8ffd3dbb189	3	87812836	87847601	17	0.5144
dbab9576-bfee-4005-99ea-d8ffd3dbb189	3	87847933	128661409	22289	0.0098
dbab9576-bfee-4005-99ea-d8ffd3dbb189	3	128662406	128693488	16	0.5232
dbab9576-bfee-4005-99ea-d8ffd3dbb189	3	128695318	130067896	631	0.0142
dbab9576-bfee-4005-99ea-d8ffd3dbb189	3	130067910	130100795	38	-0.271
dbab9576-bfee-4005-99ea-d8ffd3dbb189	3	130109235	136300257	4016	0.0215
dbab9576-bfee-4005-99ea-d8ffd3dbb189	3	136304109	136306584	2	-2.8077
dbab9576-bfee-4005-99ea-d8ffd3dbb189	3	136319699	151496150	9336	0.0087
dbab9576-bfee-4005-99ea-d8ffd3dbb189	3	151496556	151498661	2	1.1758
dbab9576-bfee-4005-99ea-d8ffd3dbb189	3	151498880	162790480	6884	0.0126
dbab9576-bfee-4005-99ea-d8ffd3dbb189	3	162794869	162815162	16	0.4697
dbab9576-bfee-4005-99ea-d8ffd3dbb189	3	162816942	162822221	4	1.3254
dbab9576-bfee-4005-99ea-d8ffd3dbb189	3	162822685	162822702	2	4.1954
dbab9576-bfee-4005-99ea-d8ffd3dbb189	3	162827928	162908784	49	0.3379
dbab9576-bfee-4005-99ea-d8ffd3dbb189	3	162908815	189642489	16648	0.0106
dbab9576-bfee-4005-99ea-d8ffd3dbb189	3	189642965	189653225	14	-0.4759
dbab9576-bfee-4005-99ea-d8ffd3dbb189	3	189654562	193160173	2487	0.0097
dbab9576-bfee-4005-99ea-d8ffd3dbb189	3	193160256	193165114	18	-0.5034
dbab9576-bfee-4005-99ea-d8ffd3dbb189	3	193168646	194920587	1161	0.0275
dbab9576-bfee-4005-99ea-d8ffd3dbb189	3	194920617	194921116	4	-1.1951
dbab9576-bfee-4005-99ea-d8ffd3dbb189	3	194921751	195559056	319	-0.0126
dbab9576-bfee-4005-99ea-d8ffd3dbb189	3	195656271	195751823	45	0.3873
dbab9576-bfee-4005-99ea-d8ffd3dbb189	3	195751990	198118345	1148	0.0079
dbab9576-bfee-4005-99ea-d8ffd3dbb189	3	198118700	198169247	16	0.3245
dbab9576-bfee-4005-99ea-d8ffd3dbb189	4	68929	4108503	1624	-0.0025
dbab9576-bfee-4005-99ea-d8ffd3dbb189	4	4112194	4133219	5	-0.9074
dbab9576-bfee-4005-99ea-d8ffd3dbb189	4	4133273	10208670	4072	0.0199
dbab9576-bfee-4005-99ea-d8ffd3dbb189	4	10208766	10229279	26	0.3865
dbab9576-bfee-4005-99ea-d8ffd3dbb189	4	10229433	34777432	16986	0.0069
dbab9576-bfee-4005-99ea-d8ffd3dbb189	4	34784878	34823103	38	0.4585
dbab9576-bfee-4005-99ea-d8ffd3dbb189	4	34828250	61071220	15044	0.0031
dbab9576-bfee-4005-99ea-d8ffd3dbb189	4	61075217	61076234	2	-1.4452
dbab9576-bfee-4005-99ea-d8ffd3dbb189	4	61079968	62802116	938	-0.0081
dbab9576-bfee-4005-99ea-d8ffd3dbb189	4	62804218	62805944	8	-0.6024
dbab9576-bfee-4005-99ea-d8ffd3dbb189	4	62813912	68378716	3434	-0.0052
dbab9576-bfee-4005-99ea-d8ffd3dbb189	4	68389352	68395346	5	0.5521
dbab9576-bfee-4005-99ea-d8ffd3dbb189	4	68416487	68429081	6	-0.9132
dbab9576-bfee-4005-99ea-d8ffd3dbb189	4	68439221	86165277	10956	0.0035
dbab9576-bfee-4005-99ea-d8ffd3dbb189	4	86178054	86729461	287	-0.5508
dbab9576-bfee-4005-99ea-d8ffd3dbb189	4	86737005	107130343	12068	-0.0005
dbab9576-bfee-4005-99ea-d8ffd3dbb189	4	107144594	107155376	38	-0.8478
dbab9576-bfee-4005-99ea-d8ffd3dbb189	4	107156277	110083229	1737	0.0019
dbab9576-bfee-4005-99ea-d8ffd3dbb189	4	110083291	110085586	16	-0.3631
dbab9576-bfee-4005-99ea-d8ffd3dbb189	4	110085629	124389774	8669	-0.0048
dbab9576-bfee-4005-99ea-d8ffd3dbb189	4	124396117	124397134	2	-1.1854
dbab9576-bfee-4005-99ea-d8ffd3dbb189	4	124397143	137171085	7235	-0.0079
dbab9576-bfee-4005-99ea-d8ffd3dbb189	4	137171266	137173818	15	-0.8747
dbab9576-bfee-4005-99ea-d8ffd3dbb189	4	137173967	152071589	9027	-0.0001
dbab9576-bfee-4005-99ea-d8ffd3dbb189	4	152072978	152073038	2	-1.2687
dbab9576-bfee-4005-99ea-d8ffd3dbb189	4	152075130	156047028	2600	-0.0003
dbab9576-bfee-4005-99ea-d8ffd3dbb189	4	156047131	156047146	2	-1.4732
dbab9576-bfee-4005-99ea-d8ffd3dbb189	4	156047321	172066777	10166	-0.0022
dbab9576-bfee-4005-99ea-d8ffd3dbb189	4	172067997	172068382	12	-1.5723
dbab9576-bfee-4005-99ea-d8ffd3dbb189	4	172074828	190106768	12065	-0.0015
dbab9576-bfee-4005-99ea-d8ffd3dbb189	5	15532	644437	282	0.1736
dbab9576-bfee-4005-99ea-d8ffd3dbb189	5	645184	896611	88	0.0259
dbab9576-bfee-4005-99ea-d8ffd3dbb189	5	896700	12800777	9812	0.2354
dbab9576-bfee-4005-99ea-d8ffd3dbb189	5	12815668	12826538	11	0.876
dbab9576-bfee-4005-99ea-d8ffd3dbb189	5	12833745	27524345	9047	0.226
dbab9576-bfee-4005-99ea-d8ffd3dbb189	5	27525800	27525913	8	-1.5881
dbab9576-bfee-4005-99ea-d8ffd3dbb189	5	27527372	46191782	11393	0.2246
dbab9576-bfee-4005-99ea-d8ffd3dbb189	5	46195781	46199333	4	-1.0162
dbab9576-bfee-4005-99ea-d8ffd3dbb189	5	46209197	46251204	13	0.136
dbab9576-bfee-4005-99ea-d8ffd3dbb189	5	46270906	46278110	9	1.2856
dbab9576-bfee-4005-99ea-d8ffd3dbb189	5	46313245	58033288	5077	0.2311
dbab9576-bfee-4005-99ea-d8ffd3dbb189	5	58033703	58037466	26	-0.4365
dbab9576-bfee-4005-99ea-d8ffd3dbb189	5	58037688	59695528	1324	0.2264
dbab9576-bfee-4005-99ea-d8ffd3dbb189	5	59696584	73935841	7605	-0.2689
dbab9576-bfee-4005-99ea-d8ffd3dbb189	5	73936033	76383790	1728	0.2225
dbab9576-bfee-4005-99ea-d8ffd3dbb189	5	76388787	99500868	13258	-0.271
dbab9576-bfee-4005-99ea-d8ffd3dbb189	5	99504170	99508633	3	-1.5733
dbab9576-bfee-4005-99ea-d8ffd3dbb189	5	99508807	104515520	2907	-0.2796
dbab9576-bfee-4005-99ea-d8ffd3dbb189	5	104524672	104524903	4	1.8309
dbab9576-bfee-4005-99ea-d8ffd3dbb189	5	104525348	105101012	448	-0.3112
dbab9576-bfee-4005-99ea-d8ffd3dbb189	5	105106751	105168236	40	-0.7801
dbab9576-bfee-4005-99ea-d8ffd3dbb189	5	105171909	110056457	3056	-0.2784
dbab9576-bfee-4005-99ea-d8ffd3dbb189	5	110056801	110056964	3	-1.5938
dbab9576-bfee-4005-99ea-d8ffd3dbb189	5	110057458	159477382	32226	-0.2694
dbab9576-bfee-4005-99ea-d8ffd3dbb189	5	159489352	160352627	559	0.2506
dbab9576-bfee-4005-99ea-d8ffd3dbb189	5	160354938	161888904	1078	-0.2764
dbab9576-bfee-4005-99ea-d8ffd3dbb189	5	161893745	161894251	2	-1.885
dbab9576-bfee-4005-99ea-d8ffd3dbb189	5	161894462	167031426	3335	-0.2682
dbab9576-bfee-4005-99ea-d8ffd3dbb189	5	167031765	167038003	4	-1.7227
dbab9576-bfee-4005-99ea-d8ffd3dbb189	5	167039371	171286115	3274	-0.2642
dbab9576-bfee-4005-99ea-d8ffd3dbb189	5	171290053	173399288	1432	0.2374
dbab9576-bfee-4005-99ea-d8ffd3dbb189	5	173409152	176514301	2208	-0.2682
dbab9576-bfee-4005-99ea-d8ffd3dbb189	5	176520050	176534603	14	0.295
dbab9576-bfee-4005-99ea-d8ffd3dbb189	5	176538658	180951888	2332	-0.278
dbab9576-bfee-4005-99ea-d8ffd3dbb189	5	180953203	181006264	19	-0.9865
dbab9576-bfee-4005-99ea-d8ffd3dbb189	5	181015400	181269383	164	-0.2921
dbab9576-bfee-4005-99ea-d8ffd3dbb189	5	181287470	181363319	4	0.142
dbab9576-bfee-4005-99ea-d8ffd3dbb189	6	149661	31309909	22323	-0.0406
dbab9576-bfee-4005-99ea-d8ffd3dbb189	6	31313046	31328674	12	-0.9582
dbab9576-bfee-4005-99ea-d8ffd3dbb189	6	31342147	32636595	552	-0.0966
dbab9576-bfee-4005-99ea-d8ffd3dbb189	6	32637799	32658841	10	-0.6751
dbab9576-bfee-4005-99ea-d8ffd3dbb189	6	32682835	54066353	13697	-0.0401
dbab9576-bfee-4005-99ea-d8ffd3dbb189	6	54066432	54067057	6	-1.6359
dbab9576-bfee-4005-99ea-d8ffd3dbb189	6	54070550	66331020	5362	-0.0426
dbab9576-bfee-4005-99ea-d8ffd3dbb189	6	66331558	66333299	6	-0.8994
dbab9576-bfee-4005-99ea-d8ffd3dbb189	6	66333342	72153222	3924	-0.0335
dbab9576-bfee-4005-99ea-d8ffd3dbb189	6	72156821	72157169	2	-2.6603
dbab9576-bfee-4005-99ea-d8ffd3dbb189	6	72158860	76726815	2865	-0.0416
dbab9576-bfee-4005-99ea-d8ffd3dbb189	6	76730151	76742924	18	0.4252
dbab9576-bfee-4005-99ea-d8ffd3dbb189	6	76742956	78253172	979	-0.0309
dbab9576-bfee-4005-99ea-d8ffd3dbb189	6	78259348	78325468	113	0.5111
dbab9576-bfee-4005-99ea-d8ffd3dbb189	6	78329517	133945130	34569	-0.0347
dbab9576-bfee-4005-99ea-d8ffd3dbb189	6	133947933	133948494	2	-2.151
dbab9576-bfee-4005-99ea-d8ffd3dbb189	6	133950934	168668022	23763	-0.0353
dbab9576-bfee-4005-99ea-d8ffd3dbb189	6	168673408	168673916	4	-1.8811
dbab9576-bfee-4005-99ea-d8ffd3dbb189	6	168674369	168870185	141	-0.0802
dbab9576-bfee-4005-99ea-d8ffd3dbb189	6	168870862	168871190	4	-1.7627
dbab9576-bfee-4005-99ea-d8ffd3dbb189	6	168875233	170741917	1172	-0.0213
dbab9576-bfee-4005-99ea-d8ffd3dbb189	7	43355	2780190	957	0.0674
dbab9576-bfee-4005-99ea-d8ffd3dbb189	7	2780569	2782774	2	-1.332
dbab9576-bfee-4005-99ea-d8ffd3dbb189	7	2783299	4136078	1142	0.0859
dbab9576-bfee-4005-99ea-d8ffd3dbb189	7	4136683	4136840	2	-1.0036
dbab9576-bfee-4005-99ea-d8ffd3dbb189	7	4138204	4634827	413	0.0744
dbab9576-bfee-4005-99ea-d8ffd3dbb189	7	4644145	4644243	3	-1.1331
dbab9576-bfee-4005-99ea-d8ffd3dbb189	7	4645497	15392007	7858	0.0705
dbab9576-bfee-4005-99ea-d8ffd3dbb189	7	15392045	15393664	2	-1.5054
dbab9576-bfee-4005-99ea-d8ffd3dbb189	7	15394440	16657813	1016	0.0705
dbab9576-bfee-4005-99ea-d8ffd3dbb189	7	16660822	16662219	10	-1.7246
dbab9576-bfee-4005-99ea-d8ffd3dbb189	7	16670083	54305455	27052	0.0741
dbab9576-bfee-4005-99ea-d8ffd3dbb189	7	54318812	54318824	6	-1.5614
dbab9576-bfee-4005-99ea-d8ffd3dbb189	7	54325795	68934786	4907	0.0697
dbab9576-bfee-4005-99ea-d8ffd3dbb189	7	68941073	68942063	2	-1.2693
dbab9576-bfee-4005-99ea-d8ffd3dbb189	7	68942209	70955452	1217	0.079
dbab9576-bfee-4005-99ea-d8ffd3dbb189	7	70958264	70961155	2	-1.8039
dbab9576-bfee-4005-99ea-d8ffd3dbb189	7	70963257	76803005	2223	0.0726
dbab9576-bfee-4005-99ea-d8ffd3dbb189	7	76803016	76977495	85	0.7819
dbab9576-bfee-4005-99ea-d8ffd3dbb189	7	77080295	87303449	6775	0.0648
dbab9576-bfee-4005-99ea-d8ffd3dbb189	7	87311487	87318911	3	-1.5924
dbab9576-bfee-4005-99ea-d8ffd3dbb189	7	87322493	109801187	13236	0.0702
dbab9576-bfee-4005-99ea-d8ffd3dbb189	7	109801572	109813925	11	0.6178
dbab9576-bfee-4005-99ea-d8ffd3dbb189	7	109814172	110976683	788	0.0565
dbab9576-bfee-4005-99ea-d8ffd3dbb189	7	110983687	111430033	307	-0.949
dbab9576-bfee-4005-99ea-d8ffd3dbb189	7	111434898	134100424	13634	0.0699
dbab9576-bfee-4005-99ea-d8ffd3dbb189	7	134100442	134105690	24	-0.8939
dbab9576-bfee-4005-99ea-d8ffd3dbb189	7	134110881	159334314	16089	0.0717
dbab9576-bfee-4005-99ea-d8ffd3dbb189	8	81254	2844412	2039	-0.007
dbab9576-bfee-4005-99ea-d8ffd3dbb189	8	2846011	2846377	7	0.6776
dbab9576-bfee-4005-99ea-d8ffd3dbb189	8	2849649	4137245	1643	0.0142
dbab9576-bfee-4005-99ea-d8ffd3dbb189	8	4140085	4144794	9	-0.5436
dbab9576-bfee-4005-99ea-d8ffd3dbb189	8	4145131	4145783	10	0.0658
dbab9576-bfee-4005-99ea-d8ffd3dbb189	8	4145941	4145956	2	-2.4345
dbab9576-bfee-4005-99ea-d8ffd3dbb189	8	4146039	6969240	3913	0.0074
dbab9576-bfee-4005-99ea-d8ffd3dbb189	8	6969479	6969677	6	-0.854
dbab9576-bfee-4005-99ea-d8ffd3dbb189	8	6975846	12385031	3412	0.0154
dbab9576-bfee-4005-99ea-d8ffd3dbb189	8	12387683	12389977	7	-0.8474
dbab9576-bfee-4005-99ea-d8ffd3dbb189	8	12418301	25116961	10418	0.0174
dbab9576-bfee-4005-99ea-d8ffd3dbb189	8	25117007	25126735	24	-2.4951
dbab9576-bfee-4005-99ea-d8ffd3dbb189	8	25126818	39373140	9007	0.0205
dbab9576-bfee-4005-99ea-d8ffd3dbb189	8	39378084	39529446	58	0.7916
dbab9576-bfee-4005-99ea-d8ffd3dbb189	8	39530780	39973181	268	-0.0233
dbab9576-bfee-4005-99ea-d8ffd3dbb189	8	39973438	39973681	2	-2.8694
dbab9576-bfee-4005-99ea-d8ffd3dbb189	8	39977300	40914477	803	0.0285
dbab9576-bfee-4005-99ea-d8ffd3dbb189	8	40920333	40920952	2	-1.857
dbab9576-bfee-4005-99ea-d8ffd3dbb189	8	40926161	49974593	3404	0.0064
dbab9576-bfee-4005-99ea-d8ffd3dbb189	8	49975700	49976331	2	-1.0428
dbab9576-bfee-4005-99ea-d8ffd3dbb189	8	49976425	50118212	98	-0.0032
dbab9576-bfee-4005-99ea-d8ffd3dbb189	8	50119451	50120863	9	-0.5965
dbab9576-bfee-4005-99ea-d8ffd3dbb189	8	50126018	111282237	37398	0.0053
dbab9576-bfee-4005-99ea-d8ffd3dbb189	8	111282417	111283031	7	-1.7234
dbab9576-bfee-4005-99ea-d8ffd3dbb189	8	111288052	114954720	2066	-0.0139
dbab9576-bfee-4005-99ea-d8ffd3dbb189	8	114956037	140990563	19023	0.0118
dbab9576-bfee-4005-99ea-d8ffd3dbb189	8	140990578	142658021	949	-0.031
dbab9576-bfee-4005-99ea-d8ffd3dbb189	8	142658233	142668654	6	-1.0751
dbab9576-bfee-4005-99ea-d8ffd3dbb189	8	142670817	145072769	864	-0.0066
dbab9576-bfee-4005-99ea-d8ffd3dbb189	9	46587	197543	19	-0.1064
dbab9576-bfee-4005-99ea-d8ffd3dbb189	9	203310	10310942	9867	-0.2823
dbab9576-bfee-4005-99ea-d8ffd3dbb189	9	10314941	10325264	17	0.4633
dbab9576-bfee-4005-99ea-d8ffd3dbb189	9	10329917	17632366	5960	-0.2808
dbab9576-bfee-4005-99ea-d8ffd3dbb189	9	17632545	17633310	3	-2.0854
dbab9576-bfee-4005-99ea-d8ffd3dbb189	9	17634922	21900125	3567	-0.274
dbab9576-bfee-4005-99ea-d8ffd3dbb189	9	21902177	21986219	44	-0.8906
dbab9576-bfee-4005-99ea-d8ffd3dbb189	9	21988393	23352948	914	-0.2744
dbab9576-bfee-4005-99ea-d8ffd3dbb189	9	23353895	23361807	11	-0.499
dbab9576-bfee-4005-99ea-d8ffd3dbb189	9	23363117	23379721	10	0.1736
dbab9576-bfee-4005-99ea-d8ffd3dbb189	9	23380447	24503818	793	-0.2684
dbab9576-bfee-4005-99ea-d8ffd3dbb189	9	24504127	24517684	19	-1.6131
dbab9576-bfee-4005-99ea-d8ffd3dbb189	9	24519686	32211792	5721	-0.2846
dbab9576-bfee-4005-99ea-d8ffd3dbb189	9	32216093	32425912	155	0.041
dbab9576-bfee-4005-99ea-d8ffd3dbb189	9	32425940	32496935	40	0.2111
dbab9576-bfee-4005-99ea-d8ffd3dbb189	9	32498256	32576685	44	-0.0459
dbab9576-bfee-4005-99ea-d8ffd3dbb189	9	32587546	33482225	666	0.2337
dbab9576-bfee-4005-99ea-d8ffd3dbb189	9	33486152	34286013	448	-0.0137
dbab9576-bfee-4005-99ea-d8ffd3dbb189	9	34289085	35431823	596	0.1962
dbab9576-bfee-4005-99ea-d8ffd3dbb189	9	35434450	39105077	2207	-0.2739
dbab9576-bfee-4005-99ea-d8ffd3dbb189	9	39105783	42046831	156	0.0514
dbab9576-bfee-4005-99ea-d8ffd3dbb189	9	42073850	61540820	98	-0.2635
dbab9576-bfee-4005-99ea-d8ffd3dbb189	9	61543517	137361190	47668	0.0003
dbab9576-bfee-4005-99ea-d8ffd3dbb189	9	137361266	137361381	2	1.4629
dbab9576-bfee-4005-99ea-d8ffd3dbb189	9	137378551	138124242	389	-0.0097
dbab9576-bfee-4005-99ea-d8ffd3dbb189	9	138130866	138138491	6	-0.8674
dbab9576-bfee-4005-99ea-d8ffd3dbb189	9	138138696	138200944	11	0.5149
dbab9576-bfee-4005-99ea-d8ffd3dbb189	10	45792	471511	245	-0.2662
dbab9576-bfee-4005-99ea-d8ffd3dbb189	10	475261	20735404	16908	-0.2187
dbab9576-bfee-4005-99ea-d8ffd3dbb189	10	20735678	20759579	17	0.1828
dbab9576-bfee-4005-99ea-d8ffd3dbb189	10	20759753	24086334	2009	-0.2162
dbab9576-bfee-4005-99ea-d8ffd3dbb189	10	24088745	24089125	11	-1.7228
dbab9576-bfee-4005-99ea-d8ffd3dbb189	10	24089979	43782638	10849	-0.2149
dbab9576-bfee-4005-99ea-d8ffd3dbb189	10	43783278	133654968	60554	-0.3031
dbab9576-bfee-4005-99ea-d8ffd3dbb189	11	198510	4217824	1736	0.0151
dbab9576-bfee-4005-99ea-d8ffd3dbb189	11	4228783	4314648	25	-0.4334
dbab9576-bfee-4005-99ea-d8ffd3dbb189	11	4314837	4949013	658	0.0473
dbab9576-bfee-4005-99ea-d8ffd3dbb189	11	4949047	4955042	28	0.4443
dbab9576-bfee-4005-99ea-d8ffd3dbb189	11	4955781	5766175	784	0.0351
dbab9576-bfee-4005-99ea-d8ffd3dbb189	11	5766850	5787909	32	-2.0973
dbab9576-bfee-4005-99ea-d8ffd3dbb189	11	5788108	6096746	246	-0.0165
dbab9576-bfee-4005-99ea-d8ffd3dbb189	11	6099417	6100864	2	-1.6551
dbab9576-bfee-4005-99ea-d8ffd3dbb189	11	6101273	18919323	9156	0.0329
dbab9576-bfee-4005-99ea-d8ffd3dbb189	11	18927525	18940271	43	0.7385
dbab9576-bfee-4005-99ea-d8ffd3dbb189	11	18940375	24424822	4373	0.0263
dbab9576-bfee-4005-99ea-d8ffd3dbb189	11	24426346	24428711	4	-1.3739
dbab9576-bfee-4005-99ea-d8ffd3dbb189	11	24433630	48572716	16201	0.027
dbab9576-bfee-4005-99ea-d8ffd3dbb189	11	48576870	48581124	3	-1.1193
dbab9576-bfee-4005-99ea-d8ffd3dbb189	11	48584766	55606572	1178	0.0251
dbab9576-bfee-4005-99ea-d8ffd3dbb189	11	55606712	55685533	57	0.297
dbab9576-bfee-4005-99ea-d8ffd3dbb189	11	55686100	135074876	52255	0.0252
dbab9576-bfee-4005-99ea-d8ffd3dbb189	12	51460	2126723	1265	0.0232
dbab9576-bfee-4005-99ea-d8ffd3dbb189	12	2136696	2148754	41	-0.5053
dbab9576-bfee-4005-99ea-d8ffd3dbb189	12	2148857	9481274	4866	0.046
dbab9576-bfee-4005-99ea-d8ffd3dbb189	12	9485313	9562969	22	-1.4738
dbab9576-bfee-4005-99ea-d8ffd3dbb189	12	9575696	11066824	1037	0.0347
dbab9576-bfee-4005-99ea-d8ffd3dbb189	12	11068125	11088933	10	0.7651
dbab9576-bfee-4005-99ea-d8ffd3dbb189	12	11099275	11351157	131	0.0242
dbab9576-bfee-4005-99ea-d8ffd3dbb189	12	11358643	11390472	31	-0.4427
dbab9576-bfee-4005-99ea-d8ffd3dbb189	12	11399258	30967227	13892	0.0435
dbab9576-bfee-4005-99ea-d8ffd3dbb189	12	30970336	33141688	1476	0.0214
dbab9576-bfee-4005-99ea-d8ffd3dbb189	12	33141710	33150720	21	-0.4852
dbab9576-bfee-4005-99ea-d8ffd3dbb189	12	33150932	48331259	7314	0.0072
dbab9576-bfee-4005-99ea-d8ffd3dbb189	12	48331456	48331632	3	-1.7435
dbab9576-bfee-4005-99ea-d8ffd3dbb189	12	48336253	93279760	27622	0.0067
dbab9576-bfee-4005-99ea-d8ffd3dbb189	12	93288361	93299739	8	-1.3659
dbab9576-bfee-4005-99ea-d8ffd3dbb189	12	93303013	99398036	4329	0.0136
dbab9576-bfee-4005-99ea-d8ffd3dbb189	12	99401515	99404956	31	-0.6524
dbab9576-bfee-4005-99ea-d8ffd3dbb189	12	99409315	128744341	19620	0.0098
dbab9576-bfee-4005-99ea-d8ffd3dbb189	12	128745968	128748000	7	-0.9451
dbab9576-bfee-4005-99ea-d8ffd3dbb189	12	128749443	133201603	3062	0.0095
dbab9576-bfee-4005-99ea-d8ffd3dbb189	13	18452809	31957487	9558	0.1263
dbab9576-bfee-4005-99ea-d8ffd3dbb189	13	31957787	31964286	22	-0.5745
dbab9576-bfee-4005-99ea-d8ffd3dbb189	13	31965910	71902850	25451	0.1094
dbab9576-bfee-4005-99ea-d8ffd3dbb189	13	71903417	71906418	4	1.3534
dbab9576-bfee-4005-99ea-d8ffd3dbb189	13	71906467	114342922	29080	0.1258
dbab9576-bfee-4005-99ea-d8ffd3dbb189	14	18239283	19078442	32	0.0043
dbab9576-bfee-4005-99ea-d8ffd3dbb189	14	19110634	19732222	34	0.2557
dbab9576-bfee-4005-99ea-d8ffd3dbb189	14	19732250	19955213	101	0.7612
dbab9576-bfee-4005-99ea-d8ffd3dbb189	14	19956767	25312986	3623	-0.264
dbab9576-bfee-4005-99ea-d8ffd3dbb189	14	25313237	36788587	7270	0.2335
dbab9576-bfee-4005-99ea-d8ffd3dbb189	14	36788773	37665374	545	-0.2811
dbab9576-bfee-4005-99ea-d8ffd3dbb189	14	37665599	37668362	2	-2.1277
dbab9576-bfee-4005-99ea-d8ffd3dbb189	14	37668971	69849748	20129	-0.2598
dbab9576-bfee-4005-99ea-d8ffd3dbb189	14	69851920	69854146	2	-2.4339
dbab9576-bfee-4005-99ea-d8ffd3dbb189	14	69854274	90796815	13846	-0.2544
dbab9576-bfee-4005-99ea-d8ffd3dbb189	14	90798376	90799257	3	-1.6032
dbab9576-bfee-4005-99ea-d8ffd3dbb189	14	90801631	106321086	9500	-0.2594
dbab9576-bfee-4005-99ea-d8ffd3dbb189	14	106340102	106346129	7	-1.2667
dbab9576-bfee-4005-99ea-d8ffd3dbb189	14	106360014	106423925	32	-0.2605
dbab9576-bfee-4005-99ea-d8ffd3dbb189	14	106425447	106462183	47	-1.0682
dbab9576-bfee-4005-99ea-d8ffd3dbb189	14	106462724	106877229	194	-0.301
dbab9576-bfee-4005-99ea-d8ffd3dbb189	15	19811075	19998708	44	-0.1704
dbab9576-bfee-4005-99ea-d8ffd3dbb189	15	20001686	20064520	10	-1.1668
dbab9576-bfee-4005-99ea-d8ffd3dbb189	15	20187568	20670989	97	-0.222
dbab9576-bfee-4005-99ea-d8ffd3dbb189	15	20981071	21266481	19	0.1531
dbab9576-bfee-4005-99ea-d8ffd3dbb189	15	21266991	23813652	661	-0.252
dbab9576-bfee-4005-99ea-d8ffd3dbb189	15	23813673	23813848	3	-1.3863
dbab9576-bfee-4005-99ea-d8ffd3dbb189	15	23813946	24424598	364	-0.2704
dbab9576-bfee-4005-99ea-d8ffd3dbb189	15	24429604	24473026	33	-1.7443
dbab9576-bfee-4005-99ea-d8ffd3dbb189	15	24473449	26315045	1329	-0.2572
dbab9576-bfee-4005-99ea-d8ffd3dbb189	15	26317005	26336736	14	-1.2375
dbab9576-bfee-4005-99ea-d8ffd3dbb189	15	26340466	53902792	16834	-0.2489
dbab9576-bfee-4005-99ea-d8ffd3dbb189	15	53908153	53909163	2	-2.0639
dbab9576-bfee-4005-99ea-d8ffd3dbb189	15	53912031	55882629	1359	-0.2377
dbab9576-bfee-4005-99ea-d8ffd3dbb189	15	55889257	55894413	2	-1.1432
dbab9576-bfee-4005-99ea-d8ffd3dbb189	15	55895946	56498612	351	-0.2551
dbab9576-bfee-4005-99ea-d8ffd3dbb189	15	56498641	56508779	23	-0.6875
dbab9576-bfee-4005-99ea-d8ffd3dbb189	15	56509425	76598900	12741	-0.2516
dbab9576-bfee-4005-99ea-d8ffd3dbb189	15	76599170	76603434	21	-1.8451
dbab9576-bfee-4005-99ea-d8ffd3dbb189	15	76609838	84159599	4595	-0.2445
dbab9576-bfee-4005-99ea-d8ffd3dbb189	15	84192594	84246373	2	-2.0675
dbab9576-bfee-4005-99ea-d8ffd3dbb189	15	84388504	87549553	2288	-0.2405
dbab9576-bfee-4005-99ea-d8ffd3dbb189	15	87551799	87553639	3	-1.6973
dbab9576-bfee-4005-99ea-d8ffd3dbb189	15	87554253	101928837	10718	-0.2636
dbab9576-bfee-4005-99ea-d8ffd3dbb189	16	10777	51263	18	-0.2518
dbab9576-bfee-4005-99ea-d8ffd3dbb189	16	57000	16606206	11758	0.2368
dbab9576-bfee-4005-99ea-d8ffd3dbb189	16	16614737	16743769	11	-0.3044
dbab9576-bfee-4005-99ea-d8ffd3dbb189	16	16761504	19933041	1676	0.2352
dbab9576-bfee-4005-99ea-d8ffd3dbb189	16	19934328	19956040	29	-0.3609
dbab9576-bfee-4005-99ea-d8ffd3dbb189	16	19958932	22407380	1265	0.2126
dbab9576-bfee-4005-99ea-d8ffd3dbb189	16	22408871	27587089	3574	0.2503
dbab9576-bfee-4005-99ea-d8ffd3dbb189	16	27587759	30374980	990	0.2032
dbab9576-bfee-4005-99ea-d8ffd3dbb189	16	30383619	30896082	177	-0.2108
dbab9576-bfee-4005-99ea-d8ffd3dbb189	16	30899008	32198778	470	0.2197
dbab9576-bfee-4005-99ea-d8ffd3dbb189	16	32295899	33340712	38	-0.3883
dbab9576-bfee-4005-99ea-d8ffd3dbb189	16	33640096	34123836	41	0.2038
dbab9576-bfee-4005-99ea-d8ffd3dbb189	16	34124754	35225338	114	-0.2545
dbab9576-bfee-4005-99ea-d8ffd3dbb189	16	35232200	35526596	169	0.3105
dbab9576-bfee-4005-99ea-d8ffd3dbb189	16	35530722	55762682	6593	-0.2494
dbab9576-bfee-4005-99ea-d8ffd3dbb189	16	55764310	55788532	18	0.3578
dbab9576-bfee-4005-99ea-d8ffd3dbb189	16	55808442	57317580	922	-0.2736
dbab9576-bfee-4005-99ea-d8ffd3dbb189	16	57319291	78337711	13351	-0.2519
dbab9576-bfee-4005-99ea-d8ffd3dbb189	16	78338543	78347366	14	0.251
dbab9576-bfee-4005-99ea-d8ffd3dbb189	16	78349243	80306835	2397	-0.2592
dbab9576-bfee-4005-99ea-d8ffd3dbb189	16	80307218	90096867	8207	-0.2821
dbab9576-bfee-4005-99ea-d8ffd3dbb189	17	150733	16750987	10467	-0.2701
dbab9576-bfee-4005-99ea-d8ffd3dbb189	17	16754017	16819487	10	-1.1606
dbab9576-bfee-4005-99ea-d8ffd3dbb189	17	16834846	18414080	909	-0.2726
dbab9576-bfee-4005-99ea-d8ffd3dbb189	17	18452078	18561907	27	0.7632
dbab9576-bfee-4005-99ea-d8ffd3dbb189	17	18565883	19190137	170	-0.269
dbab9576-bfee-4005-99ea-d8ffd3dbb189	17	19245973	22559800	1232	0.2076
dbab9576-bfee-4005-99ea-d8ffd3dbb189	17	22562053	22566830	3	-0.7444
dbab9576-bfee-4005-99ea-d8ffd3dbb189	17	22570236	37416083	6147	0.2206
dbab9576-bfee-4005-99ea-d8ffd3dbb189	17	37419035	37419555	2	-1.9874
dbab9576-bfee-4005-99ea-d8ffd3dbb189	17	37425380	41265456	1837	0.2103
dbab9576-bfee-4005-99ea-d8ffd3dbb189	17	41266762	41266838	5	-0.3082
dbab9576-bfee-4005-99ea-d8ffd3dbb189	17	41266851	41274198	18	-1.1028
dbab9576-bfee-4005-99ea-d8ffd3dbb189	17	41274279	41372886	116	0.1493
dbab9576-bfee-4005-99ea-d8ffd3dbb189	17	41376617	41391076	8	0.7437
dbab9576-bfee-4005-99ea-d8ffd3dbb189	17	41393899	45497555	2027	0.2004
dbab9576-bfee-4005-99ea-d8ffd3dbb189	17	45508731	45571138	4	-0.6134
dbab9576-bfee-4005-99ea-d8ffd3dbb189	17	45571174	46085732	345	0.209
dbab9576-bfee-4005-99ea-d8ffd3dbb189	17	46088437	46124072	28	-0.0611
dbab9576-bfee-4005-99ea-d8ffd3dbb189	17	46124088	57610128	7103	0.2307
dbab9576-bfee-4005-99ea-d8ffd3dbb189	17	57610972	57611632	2	-1.7642
dbab9576-bfee-4005-99ea-d8ffd3dbb189	17	57614632	65135449	3639	0.2144
dbab9576-bfee-4005-99ea-d8ffd3dbb189	17	65137910	73856563	6196	0.2425
dbab9576-bfee-4005-99ea-d8ffd3dbb189	17	73860625	76213820	1183	0.2069
dbab9576-bfee-4005-99ea-d8ffd3dbb189	17	76216301	76218751	2	-0.9133
dbab9576-bfee-4005-99ea-d8ffd3dbb189	17	76220331	77840455	1005	0.2042
dbab9576-bfee-4005-99ea-d8ffd3dbb189	17	77840752	77840978	2	1.5949
dbab9576-bfee-4005-99ea-d8ffd3dbb189	17	77841795	78398459	265	0.2111
dbab9576-bfee-4005-99ea-d8ffd3dbb189	17	78399475	78399775	3	-1.553
dbab9576-bfee-4005-99ea-d8ffd3dbb189	17	78402323	83091923	2267	0.2195
dbab9576-bfee-4005-99ea-d8ffd3dbb189	18	48133	26785899	13855	-0.2565
dbab9576-bfee-4005-99ea-d8ffd3dbb189	18	26785951	26786181	3	-1.4241
dbab9576-bfee-4005-99ea-d8ffd3dbb189	18	26786415	32976718	4021	-0.2692
dbab9576-bfee-4005-99ea-d8ffd3dbb189	18	32982212	35933942	1703	0.2109
dbab9576-bfee-4005-99ea-d8ffd3dbb189	18	35940487	80257174	31097	-0.2691
dbab9576-bfee-4005-99ea-d8ffd3dbb189	19	90910	43193181	20586	0.0004
dbab9576-bfee-4005-99ea-d8ffd3dbb189	19	43198881	43252085	22	-1.2502
dbab9576-bfee-4005-99ea-d8ffd3dbb189	19	43262507	58429147	8437	-0.0093
dbab9576-bfee-4005-99ea-d8ffd3dbb189	19	58432041	58434689	3	-1.3414
dbab9576-bfee-4005-99ea-d8ffd3dbb189	19	58434793	58586487	51	-0.0686
dbab9576-bfee-4005-99ea-d8ffd3dbb189	20	80664	1580353	1203	-0.0079
dbab9576-bfee-4005-99ea-d8ffd3dbb189	20	1580934	1613247	41	1.7757
dbab9576-bfee-4005-99ea-d8ffd3dbb189	20	1617300	15254778	10333	0.0064
dbab9576-bfee-4005-99ea-d8ffd3dbb189	20	15256406	15258823	4	-0.8417
dbab9576-bfee-4005-99ea-d8ffd3dbb189	20	15258851	54028329	23288	0.0056
dbab9576-bfee-4005-99ea-d8ffd3dbb189	20	54031269	54042112	35	-1.3589
dbab9576-bfee-4005-99ea-d8ffd3dbb189	20	54046035	57001898	2446	0.0107
dbab9576-bfee-4005-99ea-d8ffd3dbb189	20	57002289	57002574	2	-1.5231
dbab9576-bfee-4005-99ea-d8ffd3dbb189	20	57002587	64324800	5002	0.0012
dbab9576-bfee-4005-99ea-d8ffd3dbb189	21	10354168	28001430	10698	0.0488
dbab9576-bfee-4005-99ea-d8ffd3dbb189	21	28004791	28005363	2	-1.3554
dbab9576-bfee-4005-99ea-d8ffd3dbb189	21	28008271	39659683	8504	0.0559
dbab9576-bfee-4005-99ea-d8ffd3dbb189	21	39660758	41702818	1881	0.0909
dbab9576-bfee-4005-99ea-d8ffd3dbb189	21	41702840	46677045	2768	0.0394
dbab9576-bfee-4005-99ea-d8ffd3dbb189	22	15294547	15570064	12	-0.0941
dbab9576-bfee-4005-99ea-d8ffd3dbb189	22	15583346	17014661	288	0.1484
dbab9576-bfee-4005-99ea-d8ffd3dbb189	22	17018144	17018618	2	1.2841
dbab9576-bfee-4005-99ea-d8ffd3dbb189	22	17019000	17559209	396	0.119
dbab9576-bfee-4005-99ea-d8ffd3dbb189	22	17560459	41020862	15542	-0.0927
dbab9576-bfee-4005-99ea-d8ffd3dbb189	22	41021241	41401820	333	0.1135
dbab9576-bfee-4005-99ea-d8ffd3dbb189	22	41417827	42496590	577	-0.1055
dbab9576-bfee-4005-99ea-d8ffd3dbb189	22	42501276	42559425	26	0.6008
dbab9576-bfee-4005-99ea-d8ffd3dbb189	22	42559782	50796027	6092	-0.0901
dbab9576-bfee-4005-99ea-d8ffd3dbb189	X	251810	8692790	4585	-0.2063
dbab9576-bfee-4005-99ea-d8ffd3dbb189	X	8693515	50959551	25616	-0.228
dbab9576-bfee-4005-99ea-d8ffd3dbb189	X	50959888	52882190	725	-0.187
dbab9576-bfee-4005-99ea-d8ffd3dbb189	X	52923326	75213803	7882	0.1271
dbab9576-bfee-4005-99ea-d8ffd3dbb189	X	75216184	76075792	410	0.2041
dbab9576-bfee-4005-99ea-d8ffd3dbb189	X	76079347	82726432	3154	0.1272
dbab9576-bfee-4005-99ea-d8ffd3dbb189	X	82727603	82729930	2	-1.2427
dbab9576-bfee-4005-99ea-d8ffd3dbb189	X	82733124	140840946	32016	0.1344
dbab9576-bfee-4005-99ea-d8ffd3dbb189	X	140842339	140847473	9	-0.7814
dbab9576-bfee-4005-99ea-d8ffd3dbb189	X	140850713	151124426	6817	0.1369
dbab9576-bfee-4005-99ea-d8ffd3dbb189	X	151125462	151128083	3	1.0234
dbab9576-bfee-4005-99ea-d8ffd3dbb189	X	151131052	155952689	2359	0.1456
dbab9576-bfee-4005-99ea-d8ffd3dbb189	Y	2782397	6233384	784	-2.4203
dbab9576-bfee-4005-99ea-d8ffd3dbb189	Y	6249869	7713689	526	-2.7678
dbab9576-bfee-4005-99ea-d8ffd3dbb189	Y	7714603	9588003	965	-3.0473
dbab9576-bfee-4005-99ea-d8ffd3dbb189	Y	9590178	13478396	989	-2.7619
dbab9576-bfee-4005-99ea-d8ffd3dbb189	Y	13478462	13482643	3	-7.8018
dbab9576-bfee-4005-99ea-d8ffd3dbb189	Y	13483009	22804854	3169	-2.9209
dbab9576-bfee-4005-99ea-d8ffd3dbb189	Y	22913244	56872112	202	-2.532
