GDC_Aliquot	Chromosome	Start	End	Num_Probes	Segment_Mean
c18f3d07-7c30-47a1-917b-5a112c90d5aa	1	62920	915307	59	0.4229
c18f3d07-7c30-47a1-917b-5a112c90d5aa	1	939522	25256138	13961	0.0038
c18f3d07-7c30-47a1-917b-5a112c90d5aa	1	25256188	25318693	23	0.6388
c18f3d07-7c30-47a1-917b-5a112c90d5aa	1	25319167	30268649	2400	-0.0053
c18f3d07-7c30-47a1-917b-5a112c90d5aa	1	30268809	30272363	3	1.1357
c18f3d07-7c30-47a1-917b-5a112c90d5aa	1	30274729	30450576	141	0.0266
c18f3d07-7c30-47a1-917b-5a112c90d5aa	1	30450939	30452438	3	-1.0716
c18f3d07-7c30-47a1-917b-5a112c90d5aa	1	30452713	47599666	9610	0.0113
c18f3d07-7c30-47a1-917b-5a112c90d5aa	1	47605484	47605505	2	-1.2021
c18f3d07-7c30-47a1-917b-5a112c90d5aa	1	47605676	61647091	9290	0.0042
c18f3d07-7c30-47a1-917b-5a112c90d5aa	1	61647430	61652515	5	-0.8684
c18f3d07-7c30-47a1-917b-5a112c90d5aa	1	61654137	72280884	7282	-0.0015
c18f3d07-7c30-47a1-917b-5a112c90d5aa	1	72280898	72290430	4	-0.9551
c18f3d07-7c30-47a1-917b-5a112c90d5aa	1	72290459	72303233	11	0.2808
c18f3d07-7c30-47a1-917b-5a112c90d5aa	1	72303253	72345465	45	-1.3576
c18f3d07-7c30-47a1-917b-5a112c90d5aa	1	72346221	103616762	20036	0.0009
c18f3d07-7c30-47a1-917b-5a112c90d5aa	1	103620877	103717410	5	1.7997
c18f3d07-7c30-47a1-917b-5a112c90d5aa	1	103717617	105079911	699	0.0071
c18f3d07-7c30-47a1-917b-5a112c90d5aa	1	105080318	105080931	2	1.3477
c18f3d07-7c30-47a1-917b-5a112c90d5aa	1	105084196	109684893	2870	0.0141
c18f3d07-7c30-47a1-917b-5a112c90d5aa	1	109690352	109697556	13	-1.1297
c18f3d07-7c30-47a1-917b-5a112c90d5aa	1	109702376	112145689	1948	0.014
c18f3d07-7c30-47a1-917b-5a112c90d5aa	1	112147589	112163334	29	0.3745
c18f3d07-7c30-47a1-917b-5a112c90d5aa	1	112163438	115431467	2067	0.0094
c18f3d07-7c30-47a1-917b-5a112c90d5aa	1	115442406	115443483	2	-1.0243
c18f3d07-7c30-47a1-917b-5a112c90d5aa	1	115447442	118658967	2060	0.0009
c18f3d07-7c30-47a1-917b-5a112c90d5aa	1	118661955	118662528	3	-0.9314
c18f3d07-7c30-47a1-917b-5a112c90d5aa	1	118662854	143541857	1033	0.0183
c18f3d07-7c30-47a1-917b-5a112c90d5aa	1	143545399	143710798	86	-0.6392
c18f3d07-7c30-47a1-917b-5a112c90d5aa	1	143710845	152583051	2352	0.0339
c18f3d07-7c30-47a1-917b-5a112c90d5aa	1	152583230	152613762	31	-1.5474
c18f3d07-7c30-47a1-917b-5a112c90d5aa	1	152613802	152787202	171	-0.0141
c18f3d07-7c30-47a1-917b-5a112c90d5aa	1	152789447	152796224	37	0.7154
c18f3d07-7c30-47a1-917b-5a112c90d5aa	1	152801429	161553345	5263	0.0017
c18f3d07-7c30-47a1-917b-5a112c90d5aa	1	161647612	161686708	18	0.4147
c18f3d07-7c30-47a1-917b-5a112c90d5aa	1	161688868	174826800	9526	0.0051
c18f3d07-7c30-47a1-917b-5a112c90d5aa	1	174827128	174835841	34	0.458
c18f3d07-7c30-47a1-917b-5a112c90d5aa	1	174835884	193186662	12230	0.0038
c18f3d07-7c30-47a1-917b-5a112c90d5aa	1	193187149	193187202	3	1.1222
c18f3d07-7c30-47a1-917b-5a112c90d5aa	1	193187218	196769652	2405	0.0141
c18f3d07-7c30-47a1-917b-5a112c90d5aa	1	196769851	196846661	53	0.4269
c18f3d07-7c30-47a1-917b-5a112c90d5aa	1	196847600	248585893	35651	0.0042
c18f3d07-7c30-47a1-917b-5a112c90d5aa	1	248585918	248631988	29	-0.6471
c18f3d07-7c30-47a1-917b-5a112c90d5aa	1	248633821	248930189	143	0.0273
c18f3d07-7c30-47a1-917b-5a112c90d5aa	2	12784	296789	181	-0.0062
c18f3d07-7c30-47a1-917b-5a112c90d5aa	2	296812	296852	2	-1.7692
c18f3d07-7c30-47a1-917b-5a112c90d5aa	2	300879	1287324	660	-0.0048
c18f3d07-7c30-47a1-917b-5a112c90d5aa	2	1289488	1289899	2	1.5863
c18f3d07-7c30-47a1-917b-5a112c90d5aa	2	1290267	4832804	2728	-0.0032
c18f3d07-7c30-47a1-917b-5a112c90d5aa	2	4834514	4839174	5	-1.0646
c18f3d07-7c30-47a1-917b-5a112c90d5aa	2	4840620	7499242	2347	0.009
c18f3d07-7c30-47a1-917b-5a112c90d5aa	2	7502934	7506841	2	2.2339
c18f3d07-7c30-47a1-917b-5a112c90d5aa	2	7506876	34474248	18175	0.0009
c18f3d07-7c30-47a1-917b-5a112c90d5aa	2	34476327	34515732	51	0.623
c18f3d07-7c30-47a1-917b-5a112c90d5aa	2	34515960	40763522	4620	0.0068
c18f3d07-7c30-47a1-917b-5a112c90d5aa	2	40763612	40764298	2	1.848
c18f3d07-7c30-47a1-917b-5a112c90d5aa	2	40764666	49292515	6103	0.0063
c18f3d07-7c30-47a1-917b-5a112c90d5aa	2	49295746	49314051	8	-0.7811
c18f3d07-7c30-47a1-917b-5a112c90d5aa	2	49317902	52514599	2271	0.0063
c18f3d07-7c30-47a1-917b-5a112c90d5aa	2	52516787	52554404	41	0.5563
c18f3d07-7c30-47a1-917b-5a112c90d5aa	2	52560811	87203368	22032	0.0045
c18f3d07-7c30-47a1-917b-5a112c90d5aa	2	87203463	87892388	107	0.2241
c18f3d07-7c30-47a1-917b-5a112c90d5aa	2	87894092	89249362	638	0.0178
c18f3d07-7c30-47a1-917b-5a112c90d5aa	2	89251705	89988886	30	0.4411
c18f3d07-7c30-47a1-917b-5a112c90d5aa	2	89988898	146104517	30470	0.005
c18f3d07-7c30-47a1-917b-5a112c90d5aa	2	146106836	146109366	24	-1.9134
c18f3d07-7c30-47a1-917b-5a112c90d5aa	2	146120238	151182782	3005	-0.0054
c18f3d07-7c30-47a1-917b-5a112c90d5aa	2	151183513	151194967	12	-0.4719
c18f3d07-7c30-47a1-917b-5a112c90d5aa	2	151194982	164853600	8152	-0.0017
c18f3d07-7c30-47a1-917b-5a112c90d5aa	2	164853632	164857162	2	1.5848
c18f3d07-7c30-47a1-917b-5a112c90d5aa	2	164860058	184451949	12531	0.0055
c18f3d07-7c30-47a1-917b-5a112c90d5aa	2	184452153	184455332	4	1.4013
c18f3d07-7c30-47a1-917b-5a112c90d5aa	2	184460792	192854227	4729	0.0003
c18f3d07-7c30-47a1-917b-5a112c90d5aa	2	192858937	192859695	3	-1.2415
c18f3d07-7c30-47a1-917b-5a112c90d5aa	2	192860511	242147305	30639	0.0021
c18f3d07-7c30-47a1-917b-5a112c90d5aa	3	20930	1299257	1087	0.0105
c18f3d07-7c30-47a1-917b-5a112c90d5aa	3	1305883	1306715	4	-1.2144
c18f3d07-7c30-47a1-917b-5a112c90d5aa	3	1308450	1633955	362	0.0137
c18f3d07-7c30-47a1-917b-5a112c90d5aa	3	1641566	1650846	11	-0.9065
c18f3d07-7c30-47a1-917b-5a112c90d5aa	3	1661918	37935926	26168	0.0065
c18f3d07-7c30-47a1-917b-5a112c90d5aa	3	37940617	37945437	18	-0.7866
c18f3d07-7c30-47a1-917b-5a112c90d5aa	3	37945615	68697013	20147	0.0067
c18f3d07-7c30-47a1-917b-5a112c90d5aa	3	68697108	68698262	14	-1.0037
c18f3d07-7c30-47a1-917b-5a112c90d5aa	3	68699607	99225614	15912	0.0046
c18f3d07-7c30-47a1-917b-5a112c90d5aa	3	99225632	99232120	38	0.3101
c18f3d07-7c30-47a1-917b-5a112c90d5aa	3	99232539	130047743	18710	0.0052
c18f3d07-7c30-47a1-917b-5a112c90d5aa	3	130057015	130133020	55	0.2535
c18f3d07-7c30-47a1-917b-5a112c90d5aa	3	130137637	133306023	2104	0.0065
c18f3d07-7c30-47a1-917b-5a112c90d5aa	3	133306038	133306053	2	1.5757
c18f3d07-7c30-47a1-917b-5a112c90d5aa	3	133306168	136300257	1905	0.0053
c18f3d07-7c30-47a1-917b-5a112c90d5aa	3	136304109	136306584	2	-2.4129
c18f3d07-7c30-47a1-917b-5a112c90d5aa	3	136319699	161797809	15564	0.0088
c18f3d07-7c30-47a1-917b-5a112c90d5aa	3	161797839	161797861	2	1.7702
c18f3d07-7c30-47a1-917b-5a112c90d5aa	3	161798156	162790480	676	0.0208
c18f3d07-7c30-47a1-917b-5a112c90d5aa	3	162794869	162908207	70	-1.3376
c18f3d07-7c30-47a1-917b-5a112c90d5aa	3	162908784	193162798	19179	0.0054
c18f3d07-7c30-47a1-917b-5a112c90d5aa	3	193162937	193165114	11	-1.3037
c18f3d07-7c30-47a1-917b-5a112c90d5aa	3	193168646	195559056	1483	-0.0039
c18f3d07-7c30-47a1-917b-5a112c90d5aa	3	195656271	195728637	26	0.9274
c18f3d07-7c30-47a1-917b-5a112c90d5aa	3	195728990	198169247	1183	0.0191
c18f3d07-7c30-47a1-917b-5a112c90d5aa	4	68929	9462813	5160	0.0081
c18f3d07-7c30-47a1-917b-5a112c90d5aa	4	9463248	9477699	4	-1.0748
c18f3d07-7c30-47a1-917b-5a112c90d5aa	4	9484440	9617513	38	0.1615
c18f3d07-7c30-47a1-917b-5a112c90d5aa	4	9624789	9630824	3	-1.1097
c18f3d07-7c30-47a1-917b-5a112c90d5aa	4	9631635	10208766	498	0.0082
c18f3d07-7c30-47a1-917b-5a112c90d5aa	4	10212536	10233644	36	0.9636
c18f3d07-7c30-47a1-917b-5a112c90d5aa	4	10234518	68478894	36476	0.0065
c18f3d07-7c30-47a1-917b-5a112c90d5aa	4	68494770	68674307	75	0.57
c18f3d07-7c30-47a1-917b-5a112c90d5aa	4	68686026	69255175	305	0.0399
c18f3d07-7c30-47a1-917b-5a112c90d5aa	4	69255532	69362906	53	0.4497
c18f3d07-7c30-47a1-917b-5a112c90d5aa	4	69362938	71539972	1285	0.0113
c18f3d07-7c30-47a1-917b-5a112c90d5aa	4	71540749	71541012	2	1.8696
c18f3d07-7c30-47a1-917b-5a112c90d5aa	4	71544631	103823578	19743	0.0075
c18f3d07-7c30-47a1-917b-5a112c90d5aa	4	103823914	103830487	9	1.1256
c18f3d07-7c30-47a1-917b-5a112c90d5aa	4	103830488	107145671	1867	0.003
c18f3d07-7c30-47a1-917b-5a112c90d5aa	4	107145685	107155362	26	0.3903
c18f3d07-7c30-47a1-917b-5a112c90d5aa	4	107155376	114252544	4408	0.0116
c18f3d07-7c30-47a1-917b-5a112c90d5aa	4	114254167	114263073	24	-1.391
c18f3d07-7c30-47a1-917b-5a112c90d5aa	4	114263096	114263110	2	1.3586
c18f3d07-7c30-47a1-917b-5a112c90d5aa	4	114263154	121350582	4333	0.0034
c18f3d07-7c30-47a1-917b-5a112c90d5aa	4	121352488	121370367	34	0.2958
c18f3d07-7c30-47a1-917b-5a112c90d5aa	4	121371000	154881396	19677	0.0054
c18f3d07-7c30-47a1-917b-5a112c90d5aa	4	154881853	154881926	3	-2.903
c18f3d07-7c30-47a1-917b-5a112c90d5aa	4	154882047	160952773	3916	0.0019
c18f3d07-7c30-47a1-917b-5a112c90d5aa	4	160952788	160963448	22	-0.4745
c18f3d07-7c30-47a1-917b-5a112c90d5aa	4	160963756	171448195	6669	0.0057
c18f3d07-7c30-47a1-917b-5a112c90d5aa	4	171453733	171456573	11	-0.6759
c18f3d07-7c30-47a1-917b-5a112c90d5aa	4	171456625	172066777	398	0.0022
c18f3d07-7c30-47a1-917b-5a112c90d5aa	4	172067997	172079670	16	0.6109
c18f3d07-7c30-47a1-917b-5a112c90d5aa	4	172080680	182647519	7118	-0.0037
c18f3d07-7c30-47a1-917b-5a112c90d5aa	4	182650187	182651199	3	-1.9724
c18f3d07-7c30-47a1-917b-5a112c90d5aa	4	182651237	188300104	3810	0.0141
c18f3d07-7c30-47a1-917b-5a112c90d5aa	4	188300206	188301659	5	1.7775
c18f3d07-7c30-47a1-917b-5a112c90d5aa	4	188301899	190106768	1141	0.0338
c18f3d07-7c30-47a1-917b-5a112c90d5aa	5	15532	58025819	35758	0.0024
c18f3d07-7c30-47a1-917b-5a112c90d5aa	5	58030200	58037706	32	1.3659
c18f3d07-7c30-47a1-917b-5a112c90d5aa	5	58042530	76154242	10450	0.0045
c18f3d07-7c30-47a1-917b-5a112c90d5aa	5	76154302	76154319	2	1.2742
c18f3d07-7c30-47a1-917b-5a112c90d5aa	5	76154351	86819561	6506	0.0034
c18f3d07-7c30-47a1-917b-5a112c90d5aa	5	86820504	86825812	3	-1.3308
c18f3d07-7c30-47a1-917b-5a112c90d5aa	5	86826950	172105593	54530	0.0022
c18f3d07-7c30-47a1-917b-5a112c90d5aa	5	172105883	172106778	2	1.609
c18f3d07-7c30-47a1-917b-5a112c90d5aa	5	172109669	173780350	1236	0.0054
c18f3d07-7c30-47a1-917b-5a112c90d5aa	5	173781605	173781883	2	1.2433
c18f3d07-7c30-47a1-917b-5a112c90d5aa	5	173781997	177716932	2387	-0.0008
c18f3d07-7c30-47a1-917b-5a112c90d5aa	5	177724103	177805604	9	0.7396
c18f3d07-7c30-47a1-917b-5a112c90d5aa	5	177827964	181059022	1857	0.0009
c18f3d07-7c30-47a1-917b-5a112c90d5aa	5	181061260	181061943	2	-1.3745
c18f3d07-7c30-47a1-917b-5a112c90d5aa	5	181062103	181363319	126	-0.0225
c18f3d07-7c30-47a1-917b-5a112c90d5aa	6	149661	254267	100	-0.0006
c18f3d07-7c30-47a1-917b-5a112c90d5aa	6	254283	294837	23	-0.7709
c18f3d07-7c30-47a1-917b-5a112c90d5aa	6	302306	29869411	21536	0.0069
c18f3d07-7c30-47a1-917b-5a112c90d5aa	6	29869537	29869681	2	-1.5253
c18f3d07-7c30-47a1-917b-5a112c90d5aa	6	29869700	31380423	734	-0.0071
c18f3d07-7c30-47a1-917b-5a112c90d5aa	6	31380693	31384110	8	-0.8299
c18f3d07-7c30-47a1-917b-5a112c90d5aa	6	31384263	31385912	8	0.323
c18f3d07-7c30-47a1-917b-5a112c90d5aa	6	31392318	31482053	80	-0.9633
c18f3d07-7c30-47a1-917b-5a112c90d5aa	6	31483502	32481273	353	0.0034
c18f3d07-7c30-47a1-917b-5a112c90d5aa	6	32485024	32606604	37	0.8622
c18f3d07-7c30-47a1-917b-5a112c90d5aa	6	32610305	32627306	12	-0.1905
c18f3d07-7c30-47a1-917b-5a112c90d5aa	6	32627455	32641650	9	-0.0612
c18f3d07-7c30-47a1-917b-5a112c90d5aa	6	32656527	32658111	4	0.9007
c18f3d07-7c30-47a1-917b-5a112c90d5aa	6	32658160	32717773	36	0.0424
c18f3d07-7c30-47a1-917b-5a112c90d5aa	6	32718088	32723053	13	-0.5233
c18f3d07-7c30-47a1-917b-5a112c90d5aa	6	32732907	52746586	12660	0.0018
c18f3d07-7c30-47a1-917b-5a112c90d5aa	6	52749018	52772066	34	0.3023
c18f3d07-7c30-47a1-917b-5a112c90d5aa	6	52788654	54066269	957	0.0014
c18f3d07-7c30-47a1-917b-5a112c90d5aa	6	54066286	54067057	8	1.0391
c18f3d07-7c30-47a1-917b-5a112c90d5aa	6	54070550	65692964	4938	0.0071
c18f3d07-7c30-47a1-917b-5a112c90d5aa	6	65692978	65697234	13	-0.6337
c18f3d07-7c30-47a1-917b-5a112c90d5aa	6	65697317	68943867	2269	0.002
c18f3d07-7c30-47a1-917b-5a112c90d5aa	6	68947163	68951349	2	1.2631
c18f3d07-7c30-47a1-917b-5a112c90d5aa	6	68952475	76318064	4681	0.0094
c18f3d07-7c30-47a1-917b-5a112c90d5aa	6	76323236	76323472	2	1.2609
c18f3d07-7c30-47a1-917b-5a112c90d5aa	6	76323492	76726815	263	0.0361
c18f3d07-7c30-47a1-917b-5a112c90d5aa	6	76730151	76742924	18	0.6503
c18f3d07-7c30-47a1-917b-5a112c90d5aa	6	76742956	78262085	986	-0.0004
c18f3d07-7c30-47a1-917b-5a112c90d5aa	6	78262117	78325223	104	0.2256
c18f3d07-7c30-47a1-917b-5a112c90d5aa	6	78325310	125213064	28974	0.0055
c18f3d07-7c30-47a1-917b-5a112c90d5aa	6	125213689	125266277	31	0.5789
c18f3d07-7c30-47a1-917b-5a112c90d5aa	6	125266815	148180808	14825	0.0062
c18f3d07-7c30-47a1-917b-5a112c90d5aa	6	148185476	148185808	2	-1.3169
c18f3d07-7c30-47a1-917b-5a112c90d5aa	6	148186119	157358463	6472	0.0038
c18f3d07-7c30-47a1-917b-5a112c90d5aa	6	157360232	157408585	8	0.7323
c18f3d07-7c30-47a1-917b-5a112c90d5aa	6	157414539	164549305	5245	0.0077
c18f3d07-7c30-47a1-917b-5a112c90d5aa	6	164552592	164553209	3	-3.1712
c18f3d07-7c30-47a1-917b-5a112c90d5aa	6	164553645	170741917	4139	0.0014
c18f3d07-7c30-47a1-917b-5a112c90d5aa	7	43355	68659	31	0.4748
c18f3d07-7c30-47a1-917b-5a112c90d5aa	7	79263	148300	59	0.0007
c18f3d07-7c30-47a1-917b-5a112c90d5aa	7	155066	181104	26	-0.4877
c18f3d07-7c30-47a1-917b-5a112c90d5aa	7	181654	5911197	2948	0.0067
c18f3d07-7c30-47a1-917b-5a112c90d5aa	7	5916628	5964274	8	0.8428
c18f3d07-7c30-47a1-917b-5a112c90d5aa	7	5986976	19135171	10436	0.0077
c18f3d07-7c30-47a1-917b-5a112c90d5aa	7	19138452	19185191	88	0.2311
c18f3d07-7c30-47a1-917b-5a112c90d5aa	7	19199968	21031365	1347	0.0013
c18f3d07-7c30-47a1-917b-5a112c90d5aa	7	21031781	21031831	2	-1.1873
c18f3d07-7c30-47a1-917b-5a112c90d5aa	7	21032449	22395161	1114	0.013
c18f3d07-7c30-47a1-917b-5a112c90d5aa	7	22395853	22396868	2	-2.8895
c18f3d07-7c30-47a1-917b-5a112c90d5aa	7	22399135	54318812	22418	0.0039
c18f3d07-7c30-47a1-917b-5a112c90d5aa	7	54318816	54318824	5	-1.8332
c18f3d07-7c30-47a1-917b-5a112c90d5aa	7	54325795	56999885	1617	0.005
c18f3d07-7c30-47a1-917b-5a112c90d5aa	7	57001033	57016425	2	1.3408
c18f3d07-7c30-47a1-917b-5a112c90d5aa	7	57048761	57553176	308	-0.0303
c18f3d07-7c30-47a1-917b-5a112c90d5aa	7	57554997	63123423	344	0.1229
c18f3d07-7c30-47a1-917b-5a112c90d5aa	7	63123469	126404920	36242	0.0055
c18f3d07-7c30-47a1-917b-5a112c90d5aa	7	126405428	126406822	13	-0.9136
c18f3d07-7c30-47a1-917b-5a112c90d5aa	7	126406823	143603307	10864	0.0047
c18f3d07-7c30-47a1-917b-5a112c90d5aa	7	143728285	143799657	21	-0.7739
c18f3d07-7c30-47a1-917b-5a112c90d5aa	7	143802123	159334314	9940	0.0048
c18f3d07-7c30-47a1-917b-5a112c90d5aa	8	81254	645220	325	-0.0003
c18f3d07-7c30-47a1-917b-5a112c90d5aa	8	645443	645908	7	1.2073
c18f3d07-7c30-47a1-917b-5a112c90d5aa	8	656117	7185818	7398	0.0122
c18f3d07-7c30-47a1-917b-5a112c90d5aa	8	7296545	8101440	61	0.2853
c18f3d07-7c30-47a1-917b-5a112c90d5aa	8	8102048	8235660	13	-0.3412
c18f3d07-7c30-47a1-917b-5a112c90d5aa	8	8237241	12092042	3215	-0.0062
c18f3d07-7c30-47a1-917b-5a112c90d5aa	8	12130217	12143614	6	-0.6237
c18f3d07-7c30-47a1-917b-5a112c90d5aa	8	12176798	12470324	35	0.5266
c18f3d07-7c30-47a1-917b-5a112c90d5aa	8	12496221	14720102	2044	0.0118
c18f3d07-7c30-47a1-917b-5a112c90d5aa	8	14720144	14720161	5	-1.2306
c18f3d07-7c30-47a1-917b-5a112c90d5aa	8	14720897	17061577	2031	0.0022
c18f3d07-7c30-47a1-917b-5a112c90d5aa	8	17061615	17062159	2	-2.7297
c18f3d07-7c30-47a1-917b-5a112c90d5aa	8	17067188	23544795	5190	0.005
c18f3d07-7c30-47a1-917b-5a112c90d5aa	8	23550227	23550298	4	-3.8245
c18f3d07-7c30-47a1-917b-5a112c90d5aa	8	23550358	25116961	1142	-0.008
c18f3d07-7c30-47a1-917b-5a112c90d5aa	8	25117007	25126735	24	-2.4469
c18f3d07-7c30-47a1-917b-5a112c90d5aa	8	25126818	32828250	5435	0.0031
c18f3d07-7c30-47a1-917b-5a112c90d5aa	8	32829101	32830895	4	0.8669
c18f3d07-7c30-47a1-917b-5a112c90d5aa	8	32834588	50119451	8219	-0.0015
c18f3d07-7c30-47a1-917b-5a112c90d5aa	8	50119464	50119827	7	-1.9839
c18f3d07-7c30-47a1-917b-5a112c90d5aa	8	50120863	57459949	4793	0.0099
c18f3d07-7c30-47a1-917b-5a112c90d5aa	8	57461539	57462736	6	0.7159
c18f3d07-7c30-47a1-917b-5a112c90d5aa	8	57462870	63934240	4239	0.0051
c18f3d07-7c30-47a1-917b-5a112c90d5aa	8	63934463	63936079	17	0.3153
c18f3d07-7c30-47a1-917b-5a112c90d5aa	8	63936340	63936953	7	1.2568
c18f3d07-7c30-47a1-917b-5a112c90d5aa	8	63937166	100970966	21995	-0.001
c18f3d07-7c30-47a1-917b-5a112c90d5aa	8	100975963	100980289	6	-1.0341
c18f3d07-7c30-47a1-917b-5a112c90d5aa	8	100981353	106236002	3296	0.0027
c18f3d07-7c30-47a1-917b-5a112c90d5aa	8	106236518	106237205	2	1.5398
c18f3d07-7c30-47a1-917b-5a112c90d5aa	8	106237331	142143283	24922	0.0061
c18f3d07-7c30-47a1-917b-5a112c90d5aa	8	142144522	142153456	3	1.2666
c18f3d07-7c30-47a1-917b-5a112c90d5aa	8	142154517	145072769	1065	-0.0023
c18f3d07-7c30-47a1-917b-5a112c90d5aa	9	46587	23361807	20430	0.0088
c18f3d07-7c30-47a1-917b-5a112c90d5aa	9	23363117	23373486	8	-2.7969
c18f3d07-7c30-47a1-917b-5a112c90d5aa	9	23378490	28309880	3771	0.0075
c18f3d07-7c30-47a1-917b-5a112c90d5aa	9	28310572	28311631	2	1.5507
c18f3d07-7c30-47a1-917b-5a112c90d5aa	9	28312063	29091099	560	0.0135
c18f3d07-7c30-47a1-917b-5a112c90d5aa	9	29094551	29094999	2	-2.5511
c18f3d07-7c30-47a1-917b-5a112c90d5aa	9	29097682	39134929	6367	0.0062
c18f3d07-7c30-47a1-917b-5a112c90d5aa	9	39135456	41741113	149	0.2768
c18f3d07-7c30-47a1-917b-5a112c90d5aa	9	42014203	42574420	38	-0.1154
c18f3d07-7c30-47a1-917b-5a112c90d5aa	9	42585140	61369645	50	0.2251
c18f3d07-7c30-47a1-917b-5a112c90d5aa	9	61371448	61668104	37	0.7211
c18f3d07-7c30-47a1-917b-5a112c90d5aa	9	61680289	68390662	178	0.2485
c18f3d07-7c30-47a1-917b-5a112c90d5aa	9	68391659	80629103	8961	-0.0041
c18f3d07-7c30-47a1-917b-5a112c90d5aa	9	80629221	92518605	8452	0.0253
c18f3d07-7c30-47a1-917b-5a112c90d5aa	9	92522700	92529627	2	1.13
c18f3d07-7c30-47a1-917b-5a112c90d5aa	9	92529944	93707025	690	0.0213
c18f3d07-7c30-47a1-917b-5a112c90d5aa	9	93707815	93710664	4	-1.2335
c18f3d07-7c30-47a1-917b-5a112c90d5aa	9	93711682	103340870	6381	0.0327
c18f3d07-7c30-47a1-917b-5a112c90d5aa	9	103342596	103343077	2	-2.0455
c18f3d07-7c30-47a1-917b-5a112c90d5aa	9	103349921	109766173	5000	0.0202
c18f3d07-7c30-47a1-917b-5a112c90d5aa	9	109766226	138200944	18433	0.0001
c18f3d07-7c30-47a1-917b-5a112c90d5aa	10	45792	2910645	2330	0.01
c18f3d07-7c30-47a1-917b-5a112c90d5aa	10	2910855	2915989	2	1.6501
c18f3d07-7c30-47a1-917b-5a112c90d5aa	10	2917539	12121858	7862	0.0045
c18f3d07-7c30-47a1-917b-5a112c90d5aa	10	12123998	12127513	2	1.4264
c18f3d07-7c30-47a1-917b-5a112c90d5aa	10	12134998	14942090	2491	0.0066
c18f3d07-7c30-47a1-917b-5a112c90d5aa	10	14943303	15018277	36	0.625
c18f3d07-7c30-47a1-917b-5a112c90d5aa	10	15023676	24086334	6471	0.0053
c18f3d07-7c30-47a1-917b-5a112c90d5aa	10	24088745	24090110	15	0.7595
c18f3d07-7c30-47a1-917b-5a112c90d5aa	10	24091731	55828169	18458	0.006
c18f3d07-7c30-47a1-917b-5a112c90d5aa	10	55828532	55831008	2	1.7996
c18f3d07-7c30-47a1-917b-5a112c90d5aa	10	55833337	59605153	2728	0.0005
c18f3d07-7c30-47a1-917b-5a112c90d5aa	10	59605316	59605424	2	1.413
c18f3d07-7c30-47a1-917b-5a112c90d5aa	10	59605506	65546518	4023	0.0054
c18f3d07-7c30-47a1-917b-5a112c90d5aa	10	65548165	65554688	28	-1.539
c18f3d07-7c30-47a1-917b-5a112c90d5aa	10	65563037	66614326	821	-0.0084
c18f3d07-7c30-47a1-917b-5a112c90d5aa	10	66620652	66659682	46	-1.2038
c18f3d07-7c30-47a1-917b-5a112c90d5aa	10	66661035	118519432	34238	0.0023
c18f3d07-7c30-47a1-917b-5a112c90d5aa	10	118527499	118527906	2	-1.5514
c18f3d07-7c30-47a1-917b-5a112c90d5aa	10	118528644	122584593	3224	0.0098
c18f3d07-7c30-47a1-917b-5a112c90d5aa	10	122584707	122587462	4	-1.2844
c18f3d07-7c30-47a1-917b-5a112c90d5aa	10	122591497	133415637	7756	0.0052
c18f3d07-7c30-47a1-917b-5a112c90d5aa	10	133416215	133416364	2	-2.6454
c18f3d07-7c30-47a1-917b-5a112c90d5aa	10	133419150	133654968	148	-0.0176
c18f3d07-7c30-47a1-917b-5a112c90d5aa	11	198510	4217824	1738	0.0126
c18f3d07-7c30-47a1-917b-5a112c90d5aa	11	4228783	4286190	19	-0.7443
c18f3d07-7c30-47a1-917b-5a112c90d5aa	11	4286769	7792629	3011	0.0086
c18f3d07-7c30-47a1-917b-5a112c90d5aa	11	7802763	7810711	4	-2.1534
c18f3d07-7c30-47a1-917b-5a112c90d5aa	11	7815462	18919309	7905	0.0006
c18f3d07-7c30-47a1-917b-5a112c90d5aa	11	18919323	18939631	36	-0.2608
c18f3d07-7c30-47a1-917b-5a112c90d5aa	11	18939734	21162819	2043	-0.0014
c18f3d07-7c30-47a1-917b-5a112c90d5aa	11	21165449	21194299	46	0.2733
c18f3d07-7c30-47a1-917b-5a112c90d5aa	11	21194831	25197565	2885	0.0164
c18f3d07-7c30-47a1-917b-5a112c90d5aa	11	25197599	25199466	2	2.0853
c18f3d07-7c30-47a1-917b-5a112c90d5aa	11	25202707	48908369	15727	0.0047
c18f3d07-7c30-47a1-917b-5a112c90d5aa	11	48908580	48908776	2	1.7727
c18f3d07-7c30-47a1-917b-5a112c90d5aa	11	48943181	86594619	18902	0.0071
c18f3d07-7c30-47a1-917b-5a112c90d5aa	11	86594771	86595012	5	-1.203
c18f3d07-7c30-47a1-917b-5a112c90d5aa	11	86604132	92089777	3518	0.0033
c18f3d07-7c30-47a1-917b-5a112c90d5aa	11	92090484	92090489	6	-1.0249
c18f3d07-7c30-47a1-917b-5a112c90d5aa	11	92090831	99777282	5655	0.0085
c18f3d07-7c30-47a1-917b-5a112c90d5aa	11	99777870	99780202	2	-1.2572
c18f3d07-7c30-47a1-917b-5a112c90d5aa	11	99784046	101723653	1616	-0.0022
c18f3d07-7c30-47a1-917b-5a112c90d5aa	11	101727129	101727233	4	1.1219
c18f3d07-7c30-47a1-917b-5a112c90d5aa	11	101727481	133947577	22887	0.0014
c18f3d07-7c30-47a1-917b-5a112c90d5aa	11	133947761	133948202	2	1.474
c18f3d07-7c30-47a1-917b-5a112c90d5aa	11	133949547	135074876	838	0.0302
c18f3d07-7c30-47a1-917b-5a112c90d5aa	12	51460	756804	416	0.0383
c18f3d07-7c30-47a1-917b-5a112c90d5aa	12	759943	764863	18	-0.8678
c18f3d07-7c30-47a1-917b-5a112c90d5aa	12	766188	8253044	5114	0.0076
c18f3d07-7c30-47a1-917b-5a112c90d5aa	12	8257106	8428347	64	0.2345
c18f3d07-7c30-47a1-917b-5a112c90d5aa	12	8432076	9477960	560	0.0143
c18f3d07-7c30-47a1-917b-5a112c90d5aa	12	9481274	9575696	24	0.7934
c18f3d07-7c30-47a1-917b-5a112c90d5aa	12	9582373	11060192	1033	0.0075
c18f3d07-7c30-47a1-917b-5a112c90d5aa	12	11061546	11088933	14	0.9473
c18f3d07-7c30-47a1-917b-5a112c90d5aa	12	11099275	22086364	7426	0.004
c18f3d07-7c30-47a1-917b-5a112c90d5aa	12	22090581	22090627	2	-1.6044
c18f3d07-7c30-47a1-917b-5a112c90d5aa	12	22090727	33141726	8112	0.0078
c18f3d07-7c30-47a1-917b-5a112c90d5aa	12	33148472	33154440	27	-0.5408
c18f3d07-7c30-47a1-917b-5a112c90d5aa	12	33155426	33785004	430	0.0182
c18f3d07-7c30-47a1-917b-5a112c90d5aa	12	33785125	33785652	3	1.3639
c18f3d07-7c30-47a1-917b-5a112c90d5aa	12	33787888	42854100	3554	0.0237
c18f3d07-7c30-47a1-917b-5a112c90d5aa	12	42854314	42855082	3	1.3533
c18f3d07-7c30-47a1-917b-5a112c90d5aa	12	42856554	70478078	16776	0.0045
c18f3d07-7c30-47a1-917b-5a112c90d5aa	12	70478895	70483970	5	-0.9079
c18f3d07-7c30-47a1-917b-5a112c90d5aa	12	70483985	72848336	1519	0.0011
c18f3d07-7c30-47a1-917b-5a112c90d5aa	12	72851624	72851625	2	1.7211
c18f3d07-7c30-47a1-917b-5a112c90d5aa	12	72859412	73955914	643	0.0049
c18f3d07-7c30-47a1-917b-5a112c90d5aa	12	73958941	73959030	2	1.0273
c18f3d07-7c30-47a1-917b-5a112c90d5aa	12	73959265	75091608	682	0.0114
c18f3d07-7c30-47a1-917b-5a112c90d5aa	12	75098146	75218575	87	0.5231
c18f3d07-7c30-47a1-917b-5a112c90d5aa	12	75223981	126640834	33386	0.0028
c18f3d07-7c30-47a1-917b-5a112c90d5aa	12	126641198	126645946	2	1.5489
c18f3d07-7c30-47a1-917b-5a112c90d5aa	12	126646494	127091148	395	0.0031
c18f3d07-7c30-47a1-917b-5a112c90d5aa	12	127100854	127101043	4	-2.1089
c18f3d07-7c30-47a1-917b-5a112c90d5aa	12	127101309	133201603	4548	0.0055
c18f3d07-7c30-47a1-917b-5a112c90d5aa	13	18452809	18744498	71	0.1205
c18f3d07-7c30-47a1-917b-5a112c90d5aa	13	18794552	18827938	10	0.7102
c18f3d07-7c30-47a1-917b-5a112c90d5aa	13	18828183	23568728	3181	0.0187
c18f3d07-7c30-47a1-917b-5a112c90d5aa	13	23574154	23582625	2	-1.5759
c18f3d07-7c30-47a1-917b-5a112c90d5aa	13	23582626	31957984	6306	0.0026
c18f3d07-7c30-47a1-917b-5a112c90d5aa	13	31958485	31965910	19	-0.598
c18f3d07-7c30-47a1-917b-5a112c90d5aa	13	31967384	37496998	3900	-0.0024
c18f3d07-7c30-47a1-917b-5a112c90d5aa	13	37497899	37510620	16	-0.4084
c18f3d07-7c30-47a1-917b-5a112c90d5aa	13	37514193	43013578	3914	-0.0018
c18f3d07-7c30-47a1-917b-5a112c90d5aa	13	43025412	43033979	7	0.7596
c18f3d07-7c30-47a1-917b-5a112c90d5aa	13	43036518	50203222	4664	0.0006
c18f3d07-7c30-47a1-917b-5a112c90d5aa	13	50203930	50760162	400	0.0919
c18f3d07-7c30-47a1-917b-5a112c90d5aa	13	50760209	57175139	3536	0.0097
c18f3d07-7c30-47a1-917b-5a112c90d5aa	13	57175549	57200966	35	0.4072
c18f3d07-7c30-47a1-917b-5a112c90d5aa	13	57201082	58010656	423	0.0253
c18f3d07-7c30-47a1-917b-5a112c90d5aa	13	58016147	58022896	6	-1.1901
c18f3d07-7c30-47a1-917b-5a112c90d5aa	13	58027918	114342922	37682	0.0062
c18f3d07-7c30-47a1-917b-5a112c90d5aa	14	18239283	19289821	45	0.5574
c18f3d07-7c30-47a1-917b-5a112c90d5aa	14	19294457	19637253	14	-0.0004
c18f3d07-7c30-47a1-917b-5a112c90d5aa	14	19650668	19957752	112	0.7578
c18f3d07-7c30-47a1-917b-5a112c90d5aa	14	19958388	73540003	34078	0.0058
c18f3d07-7c30-47a1-917b-5a112c90d5aa	14	73540147	73550817	5	-1.6024
c18f3d07-7c30-47a1-917b-5a112c90d5aa	14	73550834	85099082	7602	0.0046
c18f3d07-7c30-47a1-917b-5a112c90d5aa	14	85099129	85099456	3	1.2507
c18f3d07-7c30-47a1-917b-5a112c90d5aa	14	85099620	106294689	13267	0.0054
c18f3d07-7c30-47a1-917b-5a112c90d5aa	14	106297265	106297273	3	1.9744
c18f3d07-7c30-47a1-917b-5a112c90d5aa	14	106297409	106877229	295	-0.0043
c18f3d07-7c30-47a1-917b-5a112c90d5aa	15	19811075	19936040	23	0.127
c18f3d07-7c30-47a1-917b-5a112c90d5aa	15	19936704	19989485	20	-0.7563
c18f3d07-7c30-47a1-917b-5a112c90d5aa	15	19998708	21417107	132	0.1079
c18f3d07-7c30-47a1-917b-5a112c90d5aa	15	21975606	22003073	4	2.0182
c18f3d07-7c30-47a1-917b-5a112c90d5aa	15	22005276	22299009	26	0.5583
c18f3d07-7c30-47a1-917b-5a112c90d5aa	15	22299523	24429604	995	0.0247
c18f3d07-7c30-47a1-917b-5a112c90d5aa	15	24429740	24473026	32	-1.2883
c18f3d07-7c30-47a1-917b-5a112c90d5aa	15	24473449	30488460	3629	0.0137
c18f3d07-7c30-47a1-917b-5a112c90d5aa	15	30500366	30654466	12	0.84
c18f3d07-7c30-47a1-917b-5a112c90d5aa	15	30656433	53902792	14557	0.007
c18f3d07-7c30-47a1-917b-5a112c90d5aa	15	53908153	53909163	2	-2.3542
c18f3d07-7c30-47a1-917b-5a112c90d5aa	15	53910302	76586021	14494	0.0022
c18f3d07-7c30-47a1-917b-5a112c90d5aa	15	76598900	76603434	22	0.6675
c18f3d07-7c30-47a1-917b-5a112c90d5aa	15	76609838	82289098	3639	0.0043
c18f3d07-7c30-47a1-917b-5a112c90d5aa	15	82305363	82305697	2	1.4303
c18f3d07-7c30-47a1-917b-5a112c90d5aa	15	82307905	83871965	772	0.0207
c18f3d07-7c30-47a1-917b-5a112c90d5aa	15	83871986	83874673	5	-2.326
c18f3d07-7c30-47a1-917b-5a112c90d5aa	15	83874798	85475710	690	0.0187
c18f3d07-7c30-47a1-917b-5a112c90d5aa	15	85478489	85479841	2	1.3969
c18f3d07-7c30-47a1-917b-5a112c90d5aa	15	85480307	93303086	6035	0.0018
c18f3d07-7c30-47a1-917b-5a112c90d5aa	15	93303671	93304485	2	1.4669
c18f3d07-7c30-47a1-917b-5a112c90d5aa	15	93309917	101928837	6468	0.0094
c18f3d07-7c30-47a1-917b-5a112c90d5aa	16	10777	3166550	1110	-0.007
c18f3d07-7c30-47a1-917b-5a112c90d5aa	16	3169599	3174098	4	1.2668
c18f3d07-7c30-47a1-917b-5a112c90d5aa	16	3180471	11648171	7647	0.0105
c18f3d07-7c30-47a1-917b-5a112c90d5aa	16	11649476	11649543	2	-1.4904
c18f3d07-7c30-47a1-917b-5a112c90d5aa	16	11656974	14955801	2363	0.009
c18f3d07-7c30-47a1-917b-5a112c90d5aa	16	14956028	15014730	43	-0.652
c18f3d07-7c30-47a1-917b-5a112c90d5aa	16	15022400	16474027	594	0.0367
c18f3d07-7c30-47a1-917b-5a112c90d5aa	16	16474343	16563118	11	0.7283
c18f3d07-7c30-47a1-917b-5a112c90d5aa	16	16563603	20617366	2192	0.0177
c18f3d07-7c30-47a1-917b-5a112c90d5aa	16	20617756	20622023	4	1.1424
c18f3d07-7c30-47a1-917b-5a112c90d5aa	16	20624663	22643987	848	0.0138
c18f3d07-7c30-47a1-917b-5a112c90d5aa	16	22644180	22644643	2	1.5596
c18f3d07-7c30-47a1-917b-5a112c90d5aa	16	22645714	32867014	5180	-0.0027
c18f3d07-7c30-47a1-917b-5a112c90d5aa	16	32887926	32938932	11	0.7768
c18f3d07-7c30-47a1-917b-5a112c90d5aa	16	32944749	55762682	6932	0.0033
c18f3d07-7c30-47a1-917b-5a112c90d5aa	16	55764310	55764867	3	2.6736
c18f3d07-7c30-47a1-917b-5a112c90d5aa	16	55770436	55788532	15	0.4908
c18f3d07-7c30-47a1-917b-5a112c90d5aa	16	55808442	64421923	5504	-0.0023
c18f3d07-7c30-47a1-917b-5a112c90d5aa	16	64425138	64425678	2	-1.2063
c18f3d07-7c30-47a1-917b-5a112c90d5aa	16	64425719	69943506	3216	0.0013
c18f3d07-7c30-47a1-917b-5a112c90d5aa	16	69943532	70030862	12	0.4722
c18f3d07-7c30-47a1-917b-5a112c90d5aa	16	70031110	74350360	2336	0.0029
c18f3d07-7c30-47a1-917b-5a112c90d5aa	16	74363160	74422703	9	0.5942
c18f3d07-7c30-47a1-917b-5a112c90d5aa	16	74431498	78337711	3205	0.0188
c18f3d07-7c30-47a1-917b-5a112c90d5aa	16	78338543	78350841	16	1.0581
c18f3d07-7c30-47a1-917b-5a112c90d5aa	16	78350868	88810716	10050	0.0044
c18f3d07-7c30-47a1-917b-5a112c90d5aa	16	88814557	88818672	3	-1.8354
c18f3d07-7c30-47a1-917b-5a112c90d5aa	16	88823106	90096867	571	-0.045
c18f3d07-7c30-47a1-917b-5a112c90d5aa	17	150733	15258660	9802	-0.0024
c18f3d07-7c30-47a1-917b-5a112c90d5aa	17	15259072	15271991	3	1.2398
c18f3d07-7c30-47a1-917b-5a112c90d5aa	17	15274075	41266762	11016	0.0075
c18f3d07-7c30-47a1-917b-5a112c90d5aa	17	41266774	41274198	22	-0.9412
c18f3d07-7c30-47a1-917b-5a112c90d5aa	17	41274279	45577724	2157	-0.0041
c18f3d07-7c30-47a1-917b-5a112c90d5aa	17	45579014	45580937	4	-0.8651
c18f3d07-7c30-47a1-917b-5a112c90d5aa	17	45581105	46161868	396	0.0072
c18f3d07-7c30-47a1-917b-5a112c90d5aa	17	46162808	46218468	51	-0.2964
c18f3d07-7c30-47a1-917b-5a112c90d5aa	17	46234104	80655063	20647	0.0026
c18f3d07-7c30-47a1-917b-5a112c90d5aa	17	80655993	80660379	2	2.1901
c18f3d07-7c30-47a1-917b-5a112c90d5aa	17	80660500	83091923	950	-0.0155
c18f3d07-7c30-47a1-917b-5a112c90d5aa	18	48133	2023812	1435	0.0027
c18f3d07-7c30-47a1-917b-5a112c90d5aa	18	2027952	2029593	6	0.9186
c18f3d07-7c30-47a1-917b-5a112c90d5aa	18	2030121	6064253	2890	0.0106
c18f3d07-7c30-47a1-917b-5a112c90d5aa	18	6067844	6604732	357	0.1085
c18f3d07-7c30-47a1-917b-5a112c90d5aa	18	6610813	7037640	384	-0.0036
c18f3d07-7c30-47a1-917b-5a112c90d5aa	18	7042912	7043336	2	-1.1855
c18f3d07-7c30-47a1-917b-5a112c90d5aa	18	7043701	14108789	4978	0.005
c18f3d07-7c30-47a1-917b-5a112c90d5aa	18	14113929	21056128	398	0.0902
c18f3d07-7c30-47a1-917b-5a112c90d5aa	18	21059694	41100293	12645	0.0024
c18f3d07-7c30-47a1-917b-5a112c90d5aa	18	41100440	41100510	3	1.2478
c18f3d07-7c30-47a1-917b-5a112c90d5aa	18	41100555	42476720	936	0.0049
c18f3d07-7c30-47a1-917b-5a112c90d5aa	18	42476918	42482352	23	0.4141
c18f3d07-7c30-47a1-917b-5a112c90d5aa	18	42485248	58724079	10995	0.0028
c18f3d07-7c30-47a1-917b-5a112c90d5aa	18	58726561	58728776	2	-1.2625
c18f3d07-7c30-47a1-917b-5a112c90d5aa	18	58739856	63301703	3324	0.0024
c18f3d07-7c30-47a1-917b-5a112c90d5aa	18	63302357	63302422	3	0.9172
c18f3d07-7c30-47a1-917b-5a112c90d5aa	18	63302442	64508606	874	-0.0123
c18f3d07-7c30-47a1-917b-5a112c90d5aa	18	64508642	64510272	4	-0.7453
c18f3d07-7c30-47a1-917b-5a112c90d5aa	18	64510347	64563444	33	0.1114
c18f3d07-7c30-47a1-917b-5a112c90d5aa	18	64563461	64571005	3	1.1523
c18f3d07-7c30-47a1-917b-5a112c90d5aa	18	64574658	67293646	1855	0.0008
c18f3d07-7c30-47a1-917b-5a112c90d5aa	18	67294245	67300028	12	-0.7026
c18f3d07-7c30-47a1-917b-5a112c90d5aa	18	67300481	69076108	1375	0.0106
c18f3d07-7c30-47a1-917b-5a112c90d5aa	18	69078869	69090459	39	-0.6055
c18f3d07-7c30-47a1-917b-5a112c90d5aa	18	69090472	80257174	8178	0.0045
c18f3d07-7c30-47a1-917b-5a112c90d5aa	19	90910	1770751	387	-0.0117
c18f3d07-7c30-47a1-917b-5a112c90d5aa	19	1773354	1778040	3	-1.4366
c18f3d07-7c30-47a1-917b-5a112c90d5aa	19	1782190	7560735	2199	-0.0106
c18f3d07-7c30-47a1-917b-5a112c90d5aa	19	7562755	7588332	12	0.5347
c18f3d07-7c30-47a1-917b-5a112c90d5aa	19	7589229	15673342	3993	0.0001
c18f3d07-7c30-47a1-917b-5a112c90d5aa	19	15679275	15680807	2	1.4331
c18f3d07-7c30-47a1-917b-5a112c90d5aa	19	15680854	19862692	1990	-0.0004
c18f3d07-7c30-47a1-917b-5a112c90d5aa	19	19865211	21087715	712	0.0847
c18f3d07-7c30-47a1-917b-5a112c90d5aa	19	21087877	24078004	1744	0.0086
c18f3d07-7c30-47a1-917b-5a112c90d5aa	19	24078991	27706033	191	0.1571
c18f3d07-7c30-47a1-917b-5a112c90d5aa	19	27707365	30576965	2204	0.0022
c18f3d07-7c30-47a1-917b-5a112c90d5aa	19	30578732	30582363	2	1.2523
c18f3d07-7c30-47a1-917b-5a112c90d5aa	19	30585176	40833964	6065	-0.0038
c18f3d07-7c30-47a1-917b-5a112c90d5aa	19	40839253	40886250	26	-0.5052
c18f3d07-7c30-47a1-917b-5a112c90d5aa	19	40886749	43209225	1079	0.0276
c18f3d07-7c30-47a1-917b-5a112c90d5aa	19	43209582	43252085	16	-0.6871
c18f3d07-7c30-47a1-917b-5a112c90d5aa	19	43262507	58586487	8494	0.0008
c18f3d07-7c30-47a1-917b-5a112c90d5aa	20	80664	64324800	42384	0.0044
c18f3d07-7c30-47a1-917b-5a112c90d5aa	21	10354168	13968218	320	0.1149
c18f3d07-7c30-47a1-917b-5a112c90d5aa	21	13969206	15751536	1274	0.0023
c18f3d07-7c30-47a1-917b-5a112c90d5aa	21	15751783	15754501	2	1.9058
c18f3d07-7c30-47a1-917b-5a112c90d5aa	21	15758051	22278814	4703	0.0056
c18f3d07-7c30-47a1-917b-5a112c90d5aa	21	22283580	22292338	9	-0.9557
c18f3d07-7c30-47a1-917b-5a112c90d5aa	21	22294679	22653532	270	0.0352
c18f3d07-7c30-47a1-917b-5a112c90d5aa	21	22658314	22658347	2	-1.5643
c18f3d07-7c30-47a1-917b-5a112c90d5aa	21	22658387	45591428	16634	0.0061
c18f3d07-7c30-47a1-917b-5a112c90d5aa	21	45592695	45593962	2	1.6647
c18f3d07-7c30-47a1-917b-5a112c90d5aa	21	45594225	46677045	651	0.003
c18f3d07-7c30-47a1-917b-5a112c90d5aa	22	15294547	15570064	12	-0.2554
c18f3d07-7c30-47a1-917b-5a112c90d5aa	22	15583346	15696762	7	-1.2361
c18f3d07-7c30-47a1-917b-5a112c90d5aa	22	15729257	38967614	15221	0.0014
c18f3d07-7c30-47a1-917b-5a112c90d5aa	22	38967679	38979302	23	-0.5778
c18f3d07-7c30-47a1-917b-5a112c90d5aa	22	38993700	50796027	8018	-0.0072
c18f3d07-7c30-47a1-917b-5a112c90d5aa	X	251810	24995899	15161	-0.003
c18f3d07-7c30-47a1-917b-5a112c90d5aa	X	24996667	24997916	2	-2.7685
c18f3d07-7c30-47a1-917b-5a112c90d5aa	X	25000775	110255434	41722	0.0059
c18f3d07-7c30-47a1-917b-5a112c90d5aa	X	110256139	110365431	41	0.9334
c18f3d07-7c30-47a1-917b-5a112c90d5aa	X	110365573	147631407	21988	0.0073
c18f3d07-7c30-47a1-917b-5a112c90d5aa	X	147634300	147634682	3	-3.3488
c18f3d07-7c30-47a1-917b-5a112c90d5aa	X	147635010	149803246	1373	-0.0016
c18f3d07-7c30-47a1-917b-5a112c90d5aa	X	149803608	149803667	2	-5.5458
c18f3d07-7c30-47a1-917b-5a112c90d5aa	X	149803741	155952689	3193	0.0129
c18f3d07-7c30-47a1-917b-5a112c90d5aa	Y	2782397	56872112	6639	-0.8701
