GDC_Aliquot	Chromosome	Start	End	Num_Probes	Segment_Mean
a4490a1f-c19c-4072-a2ca-61282e2918c6	1	62920	259926	16	0.5322
a4490a1f-c19c-4072-a2ca-61282e2918c6	1	266187	2083915	330	-0.7318
a4490a1f-c19c-4072-a2ca-61282e2918c6	1	2084385	3302046	377	-0.9781
a4490a1f-c19c-4072-a2ca-61282e2918c6	1	3302359	3775287	227	-0.5897
a4490a1f-c19c-4072-a2ca-61282e2918c6	1	3778083	3779792	4	-3.1529
a4490a1f-c19c-4072-a2ca-61282e2918c6	1	3779928	30259533	15281	-0.5975
a4490a1f-c19c-4072-a2ca-61282e2918c6	1	30261189	30264526	2	-3.2261
a4490a1f-c19c-4072-a2ca-61282e2918c6	1	30265508	30670351	333	-0.6179
a4490a1f-c19c-4072-a2ca-61282e2918c6	1	30670681	30789990	83	-0.9923
a4490a1f-c19c-4072-a2ca-61282e2918c6	1	30793010	38331186	4093	-0.579
a4490a1f-c19c-4072-a2ca-61282e2918c6	1	38331643	38334130	2	-3.4096
a4490a1f-c19c-4072-a2ca-61282e2918c6	1	38334352	38733709	271	-0.552
a4490a1f-c19c-4072-a2ca-61282e2918c6	1	38735486	39631846	444	0.3776
a4490a1f-c19c-4072-a2ca-61282e2918c6	1	39638789	39701187	33	0.0241
a4490a1f-c19c-4072-a2ca-61282e2918c6	1	39702915	72465919	21073	0.3398
a4490a1f-c19c-4072-a2ca-61282e2918c6	1	72471760	72534710	43	0.8822
a4490a1f-c19c-4072-a2ca-61282e2918c6	1	72535253	105476583	20760	0.3379
a4490a1f-c19c-4072-a2ca-61282e2918c6	1	105476614	105481433	17	1.3016
a4490a1f-c19c-4072-a2ca-61282e2918c6	1	105481448	109684893	2622	0.3386
a4490a1f-c19c-4072-a2ca-61282e2918c6	1	109690352	109697556	13	-1.6019
a4490a1f-c19c-4072-a2ca-61282e2918c6	1	109702376	143748012	7209	0.3359
a4490a1f-c19c-4072-a2ca-61282e2918c6	1	143748074	143754062	15	0.93
a4490a1f-c19c-4072-a2ca-61282e2918c6	1	143754077	152583051	2318	0.3133
a4490a1f-c19c-4072-a2ca-61282e2918c6	1	152583230	152614064	33	-1.5529
a4490a1f-c19c-4072-a2ca-61282e2918c6	1	152614100	152787202	168	0.3417
a4490a1f-c19c-4072-a2ca-61282e2918c6	1	152789447	152796094	36	-0.123
a4490a1f-c19c-4072-a2ca-61282e2918c6	1	152796224	157797572	2727	0.34
a4490a1f-c19c-4072-a2ca-61282e2918c6	1	157797603	157798128	2	-1.4087
a4490a1f-c19c-4072-a2ca-61282e2918c6	1	157798210	167432017	7087	0.3474
a4490a1f-c19c-4072-a2ca-61282e2918c6	1	167438280	168445782	711	0.8511
a4490a1f-c19c-4072-a2ca-61282e2918c6	1	168453822	187746723	12871	0.3298
a4490a1f-c19c-4072-a2ca-61282e2918c6	1	187748429	187752238	2	-1.6641
a4490a1f-c19c-4072-a2ca-61282e2918c6	1	187755479	195303312	4999	0.3371
a4490a1f-c19c-4072-a2ca-61282e2918c6	1	195303966	195425983	82	0.5811
a4490a1f-c19c-4072-a2ca-61282e2918c6	1	195431005	196758720	855	0.3343
a4490a1f-c19c-4072-a2ca-61282e2918c6	1	196761905	196830158	52	0.7445
a4490a1f-c19c-4072-a2ca-61282e2918c6	1	196830375	199142235	1376	0.3373
a4490a1f-c19c-4072-a2ca-61282e2918c6	1	199142298	199144712	8	0.9276
a4490a1f-c19c-4072-a2ca-61282e2918c6	1	199145110	200342215	854	0.3232
a4490a1f-c19c-4072-a2ca-61282e2918c6	1	200345490	200800165	272	0.8376
a4490a1f-c19c-4072-a2ca-61282e2918c6	1	200805955	210283179	6467	0.3413
a4490a1f-c19c-4072-a2ca-61282e2918c6	1	210285516	210285616	2	2.3328
a4490a1f-c19c-4072-a2ca-61282e2918c6	1	210287257	248930189	26708	0.3346
a4490a1f-c19c-4072-a2ca-61282e2918c6	2	12784	1428027	939	0.0411
a4490a1f-c19c-4072-a2ca-61282e2918c6	2	1428242	1747292	191	-0.049
a4490a1f-c19c-4072-a2ca-61282e2918c6	2	1750975	1751388	4	-1.1036
a4490a1f-c19c-4072-a2ca-61282e2918c6	2	1751515	1912805	99	-0.1553
a4490a1f-c19c-4072-a2ca-61282e2918c6	2	1912858	3144090	944	0.1031
a4490a1f-c19c-4072-a2ca-61282e2918c6	2	3144167	3336094	171	-0.0748
a4490a1f-c19c-4072-a2ca-61282e2918c6	2	3340487	4158097	633	0.1051
a4490a1f-c19c-4072-a2ca-61282e2918c6	2	4166274	4175577	36	-1.9923
a4490a1f-c19c-4072-a2ca-61282e2918c6	2	4175922	34483583	20995	0.0846
a4490a1f-c19c-4072-a2ca-61282e2918c6	2	34485661	34502784	35	-0.2225
a4490a1f-c19c-4072-a2ca-61282e2918c6	2	34502800	35742319	870	0.1071
a4490a1f-c19c-4072-a2ca-61282e2918c6	2	35742970	35762881	9	1.0267
a4490a1f-c19c-4072-a2ca-61282e2918c6	2	35772407	41154039	4028	0.0843
a4490a1f-c19c-4072-a2ca-61282e2918c6	2	41154182	41357637	160	0.2466
a4490a1f-c19c-4072-a2ca-61282e2918c6	2	41361013	78430028	24604	0.0832
a4490a1f-c19c-4072-a2ca-61282e2918c6	2	78430254	79461920	727	0.1745
a4490a1f-c19c-4072-a2ca-61282e2918c6	2	79461940	87223346	4545	0.0693
a4490a1f-c19c-4072-a2ca-61282e2918c6	2	87225631	87321941	31	-0.2472
a4490a1f-c19c-4072-a2ca-61282e2918c6	2	87328190	113574198	11133	0.081
a4490a1f-c19c-4072-a2ca-61282e2918c6	2	113604438	113623244	4	-1.2133
a4490a1f-c19c-4072-a2ca-61282e2918c6	2	113625975	114773264	713	0.0914
a4490a1f-c19c-4072-a2ca-61282e2918c6	2	114778337	114784441	23	-0.6801
a4490a1f-c19c-4072-a2ca-61282e2918c6	2	114784493	128880504	8820	0.0926
a4490a1f-c19c-4072-a2ca-61282e2918c6	2	128880904	128881662	13	-0.5167
a4490a1f-c19c-4072-a2ca-61282e2918c6	2	128882723	137657550	5205	0.0722
a4490a1f-c19c-4072-a2ca-61282e2918c6	2	137658333	138330733	407	0.1736
a4490a1f-c19c-4072-a2ca-61282e2918c6	2	138330988	149109687	6321	0.0754
a4490a1f-c19c-4072-a2ca-61282e2918c6	2	149116490	149623147	310	0.4328
a4490a1f-c19c-4072-a2ca-61282e2918c6	2	149633647	157648650	5000	0.074
a4490a1f-c19c-4072-a2ca-61282e2918c6	2	157652902	157952270	191	0.4631
a4490a1f-c19c-4072-a2ca-61282e2918c6	2	157952295	163780342	3518	0.0687
a4490a1f-c19c-4072-a2ca-61282e2918c6	2	163786978	163788616	5	-0.8688
a4490a1f-c19c-4072-a2ca-61282e2918c6	2	163790132	185432630	13577	0.0802
a4490a1f-c19c-4072-a2ca-61282e2918c6	2	185433497	186025395	289	0.2327
a4490a1f-c19c-4072-a2ca-61282e2918c6	2	186031467	194746370	4820	0.0823
a4490a1f-c19c-4072-a2ca-61282e2918c6	2	194746425	195341649	351	0.1945
a4490a1f-c19c-4072-a2ca-61282e2918c6	2	195345584	212284349	10238	0.0739
a4490a1f-c19c-4072-a2ca-61282e2918c6	2	212287566	212351707	89	0.2666
a4490a1f-c19c-4072-a2ca-61282e2918c6	2	212351802	231511021	12304	0.0795
a4490a1f-c19c-4072-a2ca-61282e2918c6	2	231512532	231593453	55	-0.2021
a4490a1f-c19c-4072-a2ca-61282e2918c6	2	231597793	232354038	347	0.0956
a4490a1f-c19c-4072-a2ca-61282e2918c6	2	232362789	232392286	40	-0.2583
a4490a1f-c19c-4072-a2ca-61282e2918c6	2	232394756	235041358	1860	0.0778
a4490a1f-c19c-4072-a2ca-61282e2918c6	2	235041543	235059927	8	-0.5087
a4490a1f-c19c-4072-a2ca-61282e2918c6	2	235061892	235949572	641	0.1012
a4490a1f-c19c-4072-a2ca-61282e2918c6	2	235950057	235950274	2	-1.3659
a4490a1f-c19c-4072-a2ca-61282e2918c6	2	235953182	238943359	1928	0.0922
a4490a1f-c19c-4072-a2ca-61282e2918c6	2	238943418	239102564	90	-0.1243
a4490a1f-c19c-4072-a2ca-61282e2918c6	2	239102958	240671904	1047	0.0989
a4490a1f-c19c-4072-a2ca-61282e2918c6	2	240686640	240776486	30	-0.2792
a4490a1f-c19c-4072-a2ca-61282e2918c6	2	240788528	241537962	387	0.0981
a4490a1f-c19c-4072-a2ca-61282e2918c6	2	241538554	241704894	39	-0.3376
a4490a1f-c19c-4072-a2ca-61282e2918c6	2	241706935	241841244	21	0.165
a4490a1f-c19c-4072-a2ca-61282e2918c6	2	241973315	242011715	33	-0.0796
a4490a1f-c19c-4072-a2ca-61282e2918c6	2	242015916	242016144	4	-0.6845
a4490a1f-c19c-4072-a2ca-61282e2918c6	2	242016173	242030085	16	-0.1272
a4490a1f-c19c-4072-a2ca-61282e2918c6	2	242030144	242147305	75	0.1139
a4490a1f-c19c-4072-a2ca-61282e2918c6	3	20930	156781	123	-0.0376
a4490a1f-c19c-4072-a2ca-61282e2918c6	3	157740	2762047	2258	0.0422
a4490a1f-c19c-4072-a2ca-61282e2918c6	3	2763245	5648141	2525	-0.0373
a4490a1f-c19c-4072-a2ca-61282e2918c6	3	5651270	6864935	1088	0.0306
a4490a1f-c19c-4072-a2ca-61282e2918c6	3	6865319	21070084	9700	-0.0491
a4490a1f-c19c-4072-a2ca-61282e2918c6	3	21070291	22810578	1419	0.0161
a4490a1f-c19c-4072-a2ca-61282e2918c6	3	22811637	30257358	5371	-0.0422
a4490a1f-c19c-4072-a2ca-61282e2918c6	3	30257662	30259688	3	-1.2842
a4490a1f-c19c-4072-a2ca-61282e2918c6	3	30262283	36899250	4375	-0.041
a4490a1f-c19c-4072-a2ca-61282e2918c6	3	36907446	36973232	34	-0.8543
a4490a1f-c19c-4072-a2ca-61282e2918c6	3	36974069	37935926	589	-0.024
a4490a1f-c19c-4072-a2ca-61282e2918c6	3	37940617	37945437	18	-0.8473
a4490a1f-c19c-4072-a2ca-61282e2918c6	3	37945615	99225614	35941	-0.0427
a4490a1f-c19c-4072-a2ca-61282e2918c6	3	99225632	99230457	34	-0.5185
a4490a1f-c19c-4072-a2ca-61282e2918c6	3	99230464	133352768	20828	-0.0473
a4490a1f-c19c-4072-a2ca-61282e2918c6	3	133353127	133680098	187	0.32
a4490a1f-c19c-4072-a2ca-61282e2918c6	3	133683001	146674197	8022	-0.0494
a4490a1f-c19c-4072-a2ca-61282e2918c6	3	146675288	147750271	570	0.0695
a4490a1f-c19c-4072-a2ca-61282e2918c6	3	147750922	162790480	9255	-0.0437
a4490a1f-c19c-4072-a2ca-61282e2918c6	3	162794869	162914466	83	0.4968
a4490a1f-c19c-4072-a2ca-61282e2918c6	3	162914509	166115526	1823	0.0047
a4490a1f-c19c-4072-a2ca-61282e2918c6	3	166117711	172285320	3674	-0.0527
a4490a1f-c19c-4072-a2ca-61282e2918c6	3	172285336	172286880	3	-1.443
a4490a1f-c19c-4072-a2ca-61282e2918c6	3	172287255	172605286	252	-0.0424
a4490a1f-c19c-4072-a2ca-61282e2918c6	3	172605312	172808590	126	0.2629
a4490a1f-c19c-4072-a2ca-61282e2918c6	3	172809298	173444687	391	-0.0418
a4490a1f-c19c-4072-a2ca-61282e2918c6	3	173445369	173884356	314	0.0757
a4490a1f-c19c-4072-a2ca-61282e2918c6	3	173886543	175362822	1043	-0.0552
a4490a1f-c19c-4072-a2ca-61282e2918c6	3	175362958	175363437	4	-0.9157
a4490a1f-c19c-4072-a2ca-61282e2918c6	3	175363536	175395656	35	-0.0438
a4490a1f-c19c-4072-a2ca-61282e2918c6	3	175396196	176219142	522	0.0661
a4490a1f-c19c-4072-a2ca-61282e2918c6	3	176228330	183686936	4397	-0.0473
a4490a1f-c19c-4072-a2ca-61282e2918c6	3	183689593	184189244	240	-0.1712
a4490a1f-c19c-4072-a2ca-61282e2918c6	3	184190091	192670445	5924	-0.0401
a4490a1f-c19c-4072-a2ca-61282e2918c6	3	192670476	192672988	3	-1.4544
a4490a1f-c19c-4072-a2ca-61282e2918c6	3	192674578	195685341	1842	-0.037
a4490a1f-c19c-4072-a2ca-61282e2918c6	3	195691392	195729069	26	0.3505
a4490a1f-c19c-4072-a2ca-61282e2918c6	3	195729085	195902205	72	-0.3778
a4490a1f-c19c-4072-a2ca-61282e2918c6	3	195903826	196938927	483	-0.0507
a4490a1f-c19c-4072-a2ca-61282e2918c6	3	196939188	196947878	2	-1.8207
a4490a1f-c19c-4072-a2ca-61282e2918c6	3	196948008	198169247	617	-0.056
a4490a1f-c19c-4072-a2ca-61282e2918c6	4	68929	481679	178	0.0083
a4490a1f-c19c-4072-a2ca-61282e2918c6	4	483173	1059384	177	-0.3
a4490a1f-c19c-4072-a2ca-61282e2918c6	4	1060146	1301173	130	-0.0506
a4490a1f-c19c-4072-a2ca-61282e2918c6	4	1303781	1505243	44	-0.357
a4490a1f-c19c-4072-a2ca-61282e2918c6	4	1510104	3461725	859	-0.0377
a4490a1f-c19c-4072-a2ca-61282e2918c6	4	3462155	3502209	14	-0.8065
a4490a1f-c19c-4072-a2ca-61282e2918c6	4	3503396	6402659	2075	-0.0419
a4490a1f-c19c-4072-a2ca-61282e2918c6	4	6402804	6408561	6	-0.9907
a4490a1f-c19c-4072-a2ca-61282e2918c6	4	6409019	7420209	720	-0.0726
a4490a1f-c19c-4072-a2ca-61282e2918c6	4	7420537	7470684	46	-0.5214
a4490a1f-c19c-4072-a2ca-61282e2918c6	4	7471478	34771893	18373	-0.0454
a4490a1f-c19c-4072-a2ca-61282e2918c6	4	34777238	34833940	53	0.3131
a4490a1f-c19c-4072-a2ca-61282e2918c6	4	34837370	42944866	5372	-0.0432
a4490a1f-c19c-4072-a2ca-61282e2918c6	4	42945291	43330262	272	0.0727
a4490a1f-c19c-4072-a2ca-61282e2918c6	4	43330326	63818451	10834	-0.0346
a4490a1f-c19c-4072-a2ca-61282e2918c6	4	63821843	63861672	46	0.2529
a4490a1f-c19c-4072-a2ca-61282e2918c6	4	63865087	68378716	2832	-0.0347
a4490a1f-c19c-4072-a2ca-61282e2918c6	4	68389352	68391041	2	-1.5775
a4490a1f-c19c-4072-a2ca-61282e2918c6	4	68394355	68620122	84	-0.188
a4490a1f-c19c-4072-a2ca-61282e2918c6	4	68620261	69459710	424	0.0825
a4490a1f-c19c-4072-a2ca-61282e2918c6	4	69459889	106552356	22401	-0.0411
a4490a1f-c19c-4072-a2ca-61282e2918c6	4	106558379	106717379	100	0.3827
a4490a1f-c19c-4072-a2ca-61282e2918c6	4	106720427	114254167	4655	-0.0366
a4490a1f-c19c-4072-a2ca-61282e2918c6	4	114254188	114261019	22	-1.2701
a4490a1f-c19c-4072-a2ca-61282e2918c6	4	114263073	151847273	21964	-0.0319
a4490a1f-c19c-4072-a2ca-61282e2918c6	4	151851409	151855222	4	-2.0762
a4490a1f-c19c-4072-a2ca-61282e2918c6	4	151856110	152153690	263	-0.0524
a4490a1f-c19c-4072-a2ca-61282e2918c6	4	152153726	152285445	75	0.3954
a4490a1f-c19c-4072-a2ca-61282e2918c6	4	152289874	156047028	2476	-0.0462
a4490a1f-c19c-4072-a2ca-61282e2918c6	4	156047131	156047146	2	-1.3772
a4490a1f-c19c-4072-a2ca-61282e2918c6	4	156047321	156090505	28	0.2086
a4490a1f-c19c-4072-a2ca-61282e2918c6	4	156090771	160925821	2986	-0.0381
a4490a1f-c19c-4072-a2ca-61282e2918c6	4	160928880	160958866	34	0.1386
a4490a1f-c19c-4072-a2ca-61282e2918c6	4	160958972	160963448	19	-0.5224
a4490a1f-c19c-4072-a2ca-61282e2918c6	4	160963756	167897292	4347	-0.0192
a4490a1f-c19c-4072-a2ca-61282e2918c6	4	167897318	167907838	29	0.3099
a4490a1f-c19c-4072-a2ca-61282e2918c6	4	167907955	171448195	2258	-0.0293
a4490a1f-c19c-4072-a2ca-61282e2918c6	4	171453733	171456625	12	1.6328
a4490a1f-c19c-4072-a2ca-61282e2918c6	4	171459220	186699490	10241	-0.0282
a4490a1f-c19c-4072-a2ca-61282e2918c6	4	186700127	189273964	1827	-0.2518
a4490a1f-c19c-4072-a2ca-61282e2918c6	4	189274468	189278110	3	-2.6874
a4490a1f-c19c-4072-a2ca-61282e2918c6	4	189278617	189493756	138	-0.2235
a4490a1f-c19c-4072-a2ca-61282e2918c6	4	189494111	190106768	212	-0.002
a4490a1f-c19c-4072-a2ca-61282e2918c6	5	15532	1893813	922	0.1599
a4490a1f-c19c-4072-a2ca-61282e2918c6	5	1894165	12800777	9228	0.3401
a4490a1f-c19c-4072-a2ca-61282e2918c6	5	12815668	12826538	11	-1.294
a4490a1f-c19c-4072-a2ca-61282e2918c6	5	12833745	15719113	1972	0.3423
a4490a1f-c19c-4072-a2ca-61282e2918c6	5	15719241	15720488	10	-4.6795
a4490a1f-c19c-4072-a2ca-61282e2918c6	5	15723237	20458253	2961	0.3439
a4490a1f-c19c-4072-a2ca-61282e2918c6	5	20458409	20458544	3	-0.6892
a4490a1f-c19c-4072-a2ca-61282e2918c6	5	20458689	20464119	14	0.3405
a4490a1f-c19c-4072-a2ca-61282e2918c6	5	20464409	20560099	69	0.5486
a4490a1f-c19c-4072-a2ca-61282e2918c6	5	20560381	20741253	108	0.3492
a4490a1f-c19c-4072-a2ca-61282e2918c6	5	20743177	20753173	3	-0.7426
a4490a1f-c19c-4072-a2ca-61282e2918c6	5	20753859	25077162	2441	0.3176
a4490a1f-c19c-4072-a2ca-61282e2918c6	5	25085528	25369669	148	0.4773
a4490a1f-c19c-4072-a2ca-61282e2918c6	5	25373016	25976153	394	0.3173
a4490a1f-c19c-4072-a2ca-61282e2918c6	5	25979327	25981623	2	-1.4058
a4490a1f-c19c-4072-a2ca-61282e2918c6	5	25981951	27524345	888	0.3349
a4490a1f-c19c-4072-a2ca-61282e2918c6	5	27525283	27527372	11	0.8634
a4490a1f-c19c-4072-a2ca-61282e2918c6	5	27528377	34479148	4459	0.3363
a4490a1f-c19c-4072-a2ca-61282e2918c6	5	34481599	34484641	5	-1.0428
a4490a1f-c19c-4072-a2ca-61282e2918c6	5	34489244	34700599	180	0.27
a4490a1f-c19c-4072-a2ca-61282e2918c6	5	34700960	34701084	2	-1.2489
a4490a1f-c19c-4072-a2ca-61282e2918c6	5	34703258	45310953	6418	0.3226
a4490a1f-c19c-4072-a2ca-61282e2918c6	5	45314610	46209780	294	0.4671
a4490a1f-c19c-4072-a2ca-61282e2918c6	5	46209816	50168472	44	0.3239
a4490a1f-c19c-4072-a2ca-61282e2918c6	5	50174160	63302877	8504	-0.0648
a4490a1f-c19c-4072-a2ca-61282e2918c6	5	63303455	63884019	329	0.1057
a4490a1f-c19c-4072-a2ca-61282e2918c6	5	63885700	99157253	19859	-0.0649
a4490a1f-c19c-4072-a2ca-61282e2918c6	5	99161187	100047882	532	0.0766
a4490a1f-c19c-4072-a2ca-61282e2918c6	5	100051743	100054907	2	-1.6242
a4490a1f-c19c-4072-a2ca-61282e2918c6	5	100055690	100507719	214	0.0523
a4490a1f-c19c-4072-a2ca-61282e2918c6	5	100512630	101396660	502	-0.0814
a4490a1f-c19c-4072-a2ca-61282e2918c6	5	101397545	101421796	26	0.2505
a4490a1f-c19c-4072-a2ca-61282e2918c6	5	101423135	101684021	159	-0.1312
a4490a1f-c19c-4072-a2ca-61282e2918c6	5	101685030	101945488	209	0.1086
a4490a1f-c19c-4072-a2ca-61282e2918c6	5	101947464	104515520	1430	-0.0496
a4490a1f-c19c-4072-a2ca-61282e2918c6	5	104524672	104524903	4	1.5565
a4490a1f-c19c-4072-a2ca-61282e2918c6	5	104525348	105097893	442	-0.0585
a4490a1f-c19c-4072-a2ca-61282e2918c6	5	105100642	105322113	153	0.092
a4490a1f-c19c-4072-a2ca-61282e2918c6	5	105322125	106891826	801	-0.052
a4490a1f-c19c-4072-a2ca-61282e2918c6	5	106893972	106897399	19	-0.7128
a4490a1f-c19c-4072-a2ca-61282e2918c6	5	106897416	113813930	4792	-0.0705
a4490a1f-c19c-4072-a2ca-61282e2918c6	5	113814189	113834748	10	-0.6317
a4490a1f-c19c-4072-a2ca-61282e2918c6	5	113841208	172048685	38159	-0.0692
a4490a1f-c19c-4072-a2ca-61282e2918c6	5	172050261	172178906	114	-0.2909
a4490a1f-c19c-4072-a2ca-61282e2918c6	5	172181365	172656276	357	-0.0402
a4490a1f-c19c-4072-a2ca-61282e2918c6	5	172657047	172739256	58	-0.3565
a4490a1f-c19c-4072-a2ca-61282e2918c6	5	172742387	176636548	2657	-0.0636
a4490a1f-c19c-4072-a2ca-61282e2918c6	5	176638137	176857712	121	-0.3049
a4490a1f-c19c-4072-a2ca-61282e2918c6	5	176882170	180934813	2134	-0.0759
a4490a1f-c19c-4072-a2ca-61282e2918c6	5	180934838	181363319	192	-0.2411
a4490a1f-c19c-4072-a2ca-61282e2918c6	6	149661	254283	101	0.2947
a4490a1f-c19c-4072-a2ca-61282e2918c6	6	257353	384546	106	-0.0925
a4490a1f-c19c-4072-a2ca-61282e2918c6	6	385056	476395	86	0.2133
a4490a1f-c19c-4072-a2ca-61282e2918c6	6	483629	535623	36	0.578
a4490a1f-c19c-4072-a2ca-61282e2918c6	6	535668	769798	195	0.3451
a4490a1f-c19c-4072-a2ca-61282e2918c6	6	770769	942922	156	0.1969
a4490a1f-c19c-4072-a2ca-61282e2918c6	6	944659	26743855	19487	0.3413
a4490a1f-c19c-4072-a2ca-61282e2918c6	6	26747492	26759781	5	-0.8051
a4490a1f-c19c-4072-a2ca-61282e2918c6	6	26831719	31318499	2086	0.3308
a4490a1f-c19c-4072-a2ca-61282e2918c6	6	31318528	31328674	10	-1.182
a4490a1f-c19c-4072-a2ca-61282e2918c6	6	31342147	31468092	113	0.2992
a4490a1f-c19c-4072-a2ca-61282e2918c6	6	31468214	32221255	229	0.1081
a4490a1f-c19c-4072-a2ca-61282e2918c6	6	32224306	32481273	154	0.3765
a4490a1f-c19c-4072-a2ca-61282e2918c6	6	32485024	32614112	43	-0.2087
a4490a1f-c19c-4072-a2ca-61282e2918c6	6	32614426	68600196	20654	0.3429
a4490a1f-c19c-4072-a2ca-61282e2918c6	6	68600256	68756475	91	0.5916
a4490a1f-c19c-4072-a2ca-61282e2918c6	6	68761052	68765430	5	-0.1817
a4490a1f-c19c-4072-a2ca-61282e2918c6	6	68766038	68975066	147	0.6055
a4490a1f-c19c-4072-a2ca-61282e2918c6	6	68976737	68981078	4	1.1102
a4490a1f-c19c-4072-a2ca-61282e2918c6	6	68981476	69187768	127	0.5516
a4490a1f-c19c-4072-a2ca-61282e2918c6	6	69188144	73882142	3007	0.3437
a4490a1f-c19c-4072-a2ca-61282e2918c6	6	73882509	73887625	9	1.3315
a4490a1f-c19c-4072-a2ca-61282e2918c6	6	73891694	76305231	1465	0.3401
a4490a1f-c19c-4072-a2ca-61282e2918c6	6	76307183	76307209	3	-1.1959
a4490a1f-c19c-4072-a2ca-61282e2918c6	6	76307276	78168794	1223	0.3422
a4490a1f-c19c-4072-a2ca-61282e2918c6	6	78169308	78345474	194	0.5759
a4490a1f-c19c-4072-a2ca-61282e2918c6	6	78345489	83724392	3383	0.3381
a4490a1f-c19c-4072-a2ca-61282e2918c6	6	83730182	88575020	3016	-0.5745
a4490a1f-c19c-4072-a2ca-61282e2918c6	6	88575292	88575307	2	-3.1675
a4490a1f-c19c-4072-a2ca-61282e2918c6	6	88577504	93770697	3442	-0.5866
a4490a1f-c19c-4072-a2ca-61282e2918c6	6	93772923	95388284	776	-0.4419
a4490a1f-c19c-4072-a2ca-61282e2918c6	6	95388756	103286954	4756	-0.5706
a4490a1f-c19c-4072-a2ca-61282e2918c6	6	103290101	103314186	46	0.2941
a4490a1f-c19c-4072-a2ca-61282e2918c6	6	103317795	139099858	22509	-0.5866
a4490a1f-c19c-4072-a2ca-61282e2918c6	6	139100600	139101546	2	-2.8469
a4490a1f-c19c-4072-a2ca-61282e2918c6	6	139103986	143583357	2588	-0.5709
a4490a1f-c19c-4072-a2ca-61282e2918c6	6	143583555	143585535	4	-2.4858
a4490a1f-c19c-4072-a2ca-61282e2918c6	6	143587002	166394990	16041	-0.5909
a4490a1f-c19c-4072-a2ca-61282e2918c6	6	166395791	170263910	2504	-0.6855
a4490a1f-c19c-4072-a2ca-61282e2918c6	6	170263936	170741917	220	-0.5776
a4490a1f-c19c-4072-a2ca-61282e2918c6	7	43355	743634	152	0.5897
a4490a1f-c19c-4072-a2ca-61282e2918c6	7	745923	782886	11	1.2808
a4490a1f-c19c-4072-a2ca-61282e2918c6	7	785766	927563	59	0.7935
a4490a1f-c19c-4072-a2ca-61282e2918c6	7	928825	1213138	139	0.447
a4490a1f-c19c-4072-a2ca-61282e2918c6	7	1215257	5871660	2684	0.7747
a4490a1f-c19c-4072-a2ca-61282e2918c6	7	5873254	5964274	21	0.2051
a4490a1f-c19c-4072-a2ca-61282e2918c6	7	5986976	9135141	2321	0.7775
a4490a1f-c19c-4072-a2ca-61282e2918c6	7	9138746	9138993	4	-0.4597
a4490a1f-c19c-4072-a2ca-61282e2918c6	7	9139659	18828823	7643	0.7754
a4490a1f-c19c-4072-a2ca-61282e2918c6	7	18829918	19748494	935	0.852
a4490a1f-c19c-4072-a2ca-61282e2918c6	7	19749151	37691941	12874	0.7663
a4490a1f-c19c-4072-a2ca-61282e2918c6	7	37700299	54318812	11489	0.166
a4490a1f-c19c-4072-a2ca-61282e2918c6	7	54318816	54318824	5	-1.7326
a4490a1f-c19c-4072-a2ca-61282e2918c6	7	54325795	88470873	15782	0.1626
a4490a1f-c19c-4072-a2ca-61282e2918c6	7	88470953	89953106	970	0.2851
a4490a1f-c19c-4072-a2ca-61282e2918c6	7	89963072	89963660	5	-0.4295
a4490a1f-c19c-4072-a2ca-61282e2918c6	7	89964003	90158086	151	0.3033
a4490a1f-c19c-4072-a2ca-61282e2918c6	7	90161559	97766148	4831	0.1562
a4490a1f-c19c-4072-a2ca-61282e2918c6	7	97766150	97773163	15	-1.7397
a4490a1f-c19c-4072-a2ca-61282e2918c6	7	97774928	101437642	1554	0.168
a4490a1f-c19c-4072-a2ca-61282e2918c6	7	101438517	101438705	2	-1.8909
a4490a1f-c19c-4072-a2ca-61282e2918c6	7	101442977	109797620	5016	0.1578
a4490a1f-c19c-4072-a2ca-61282e2918c6	7	109797623	109819293	34	0.5426
a4490a1f-c19c-4072-a2ca-61282e2918c6	7	109819717	111148113	871	0.1576
a4490a1f-c19c-4072-a2ca-61282e2918c6	7	111149951	111560422	273	0.2942
a4490a1f-c19c-4072-a2ca-61282e2918c6	7	111561480	125789608	8422	0.1596
a4490a1f-c19c-4072-a2ca-61282e2918c6	7	125795640	126141138	249	0.2943
a4490a1f-c19c-4072-a2ca-61282e2918c6	7	126142865	126405597	175	0.1548
a4490a1f-c19c-4072-a2ca-61282e2918c6	7	126405632	126406561	9	1.1373
a4490a1f-c19c-4072-a2ca-61282e2918c6	7	126406822	132060539	3309	0.1667
a4490a1f-c19c-4072-a2ca-61282e2918c6	7	132061214	132168842	85	-0.0689
a4490a1f-c19c-4072-a2ca-61282e2918c6	7	132170197	134089431	1281	0.1701
a4490a1f-c19c-4072-a2ca-61282e2918c6	7	134089569	134114401	46	-0.2169
a4490a1f-c19c-4072-a2ca-61282e2918c6	7	134114444	140269155	3956	0.1623
a4490a1f-c19c-4072-a2ca-61282e2918c6	7	140269251	140279855	8	-1.387
a4490a1f-c19c-4072-a2ca-61282e2918c6	7	140280727	157737201	11086	0.166
a4490a1f-c19c-4072-a2ca-61282e2918c6	7	157739434	159334314	987	0.0709
a4490a1f-c19c-4072-a2ca-61282e2918c6	8	81254	269677	51	-0.0395
a4490a1f-c19c-4072-a2ca-61282e2918c6	8	269868	348738	80	-0.2701
a4490a1f-c19c-4072-a2ca-61282e2918c6	8	352406	2083739	1274	-0.0382
a4490a1f-c19c-4072-a2ca-61282e2918c6	8	2084292	2101859	19	-0.4738
a4490a1f-c19c-4072-a2ca-61282e2918c6	8	2101904	2184414	134	-0.0397
a4490a1f-c19c-4072-a2ca-61282e2918c6	8	2185178	2227832	31	-0.3373
a4490a1f-c19c-4072-a2ca-61282e2918c6	8	2229566	4144670	2087	-0.0127
a4490a1f-c19c-4072-a2ca-61282e2918c6	8	4144685	4144707	2	-1.8601
a4490a1f-c19c-4072-a2ca-61282e2918c6	8	4144794	4931630	1269	0.0194
a4490a1f-c19c-4072-a2ca-61282e2918c6	8	4931782	4932853	3	-1.7899
a4490a1f-c19c-4072-a2ca-61282e2918c6	8	4937510	5393827	575	-0.0072
a4490a1f-c19c-4072-a2ca-61282e2918c6	8	5394112	5743816	463	0.0581
a4490a1f-c19c-4072-a2ca-61282e2918c6	8	5743830	5743869	2	-1.4412
a4490a1f-c19c-4072-a2ca-61282e2918c6	8	5743946	5964186	289	0.0721
a4490a1f-c19c-4072-a2ca-61282e2918c6	8	5964669	7329110	1419	-0.048
a4490a1f-c19c-4072-a2ca-61282e2918c6	8	7329124	7974123	52	0.5557
a4490a1f-c19c-4072-a2ca-61282e2918c6	8	7981252	12134008	3226	-0.0493
a4490a1f-c19c-4072-a2ca-61282e2918c6	8	12134777	12454103	38	0.7499
a4490a1f-c19c-4072-a2ca-61282e2918c6	8	12470324	39373140	19366	-0.0233
a4490a1f-c19c-4072-a2ca-61282e2918c6	8	39378084	39529446	58	-1.9707
a4490a1f-c19c-4072-a2ca-61282e2918c6	8	39530780	40055614	348	-0.0378
a4490a1f-c19c-4072-a2ca-61282e2918c6	8	40058200	40147212	76	0.1675
a4490a1f-c19c-4072-a2ca-61282e2918c6	8	40147287	40155692	4	-0.3727
a4490a1f-c19c-4072-a2ca-61282e2918c6	8	40156292	40249111	80	0.1603
a4490a1f-c19c-4072-a2ca-61282e2918c6	8	40249252	46083229	2103	-0.0125
a4490a1f-c19c-4072-a2ca-61282e2918c6	8	46089253	46267692	52	-0.3894
a4490a1f-c19c-4072-a2ca-61282e2918c6	8	46271659	105981374	35968	-0.0304
a4490a1f-c19c-4072-a2ca-61282e2918c6	8	105983925	106483031	360	0.0911
a4490a1f-c19c-4072-a2ca-61282e2918c6	8	106486331	111282237	2855	-0.0362
a4490a1f-c19c-4072-a2ca-61282e2918c6	8	111282441	111283016	5	-1.5602
a4490a1f-c19c-4072-a2ca-61282e2918c6	8	111283031	141012587	21049	-0.0281
a4490a1f-c19c-4072-a2ca-61282e2918c6	8	141013902	142410372	823	-0.318
a4490a1f-c19c-4072-a2ca-61282e2918c6	8	142423108	143202190	296	-0.0546
a4490a1f-c19c-4072-a2ca-61282e2918c6	8	143203018	143228447	17	-0.5066
a4490a1f-c19c-4072-a2ca-61282e2918c6	8	143232207	143610108	113	0.0036
a4490a1f-c19c-4072-a2ca-61282e2918c6	8	143610163	143624808	13	-0.6516
a4490a1f-c19c-4072-a2ca-61282e2918c6	8	143624851	144182963	151	-0.0572
a4490a1f-c19c-4072-a2ca-61282e2918c6	8	144188443	144583655	124	-0.4227
a4490a1f-c19c-4072-a2ca-61282e2918c6	8	144584805	145072769	226	-0.1559
a4490a1f-c19c-4072-a2ca-61282e2918c6	9	46587	9238929	8775	-0.522
a4490a1f-c19c-4072-a2ca-61282e2918c6	9	9239154	9388508	126	-0.3491
a4490a1f-c19c-4072-a2ca-61282e2918c6	9	9388678	11291395	1739	-0.4566
a4490a1f-c19c-4072-a2ca-61282e2918c6	9	11291467	12594850	1013	-0.3614
a4490a1f-c19c-4072-a2ca-61282e2918c6	9	12594967	21679271	7499	-0.5177
a4490a1f-c19c-4072-a2ca-61282e2918c6	9	21679453	22364627	469	-1.3747
a4490a1f-c19c-4072-a2ca-61282e2918c6	9	22366804	22492890	72	-0.4844
a4490a1f-c19c-4072-a2ca-61282e2918c6	9	22501914	22502700	2	-3.7729
a4490a1f-c19c-4072-a2ca-61282e2918c6	9	22509341	31035784	6234	-0.4784
a4490a1f-c19c-4072-a2ca-61282e2918c6	9	31038198	33473895	1752	0.0425
a4490a1f-c19c-4072-a2ca-61282e2918c6	9	33482225	33960004	304	-0.4911
a4490a1f-c19c-4072-a2ca-61282e2918c6	9	33967113	42014203	3089	0.0007
a4490a1f-c19c-4072-a2ca-61282e2918c6	9	42037471	42727685	51	-0.4512
a4490a1f-c19c-4072-a2ca-61282e2918c6	9	42729302	87907679	14403	-0.0088
a4490a1f-c19c-4072-a2ca-61282e2918c6	9	87939236	87939304	2	-1.8679
a4490a1f-c19c-4072-a2ca-61282e2918c6	9	87943042	134268791	31838	-0.001
a4490a1f-c19c-4072-a2ca-61282e2918c6	9	134268964	134278276	7	-0.9204
a4490a1f-c19c-4072-a2ca-61282e2918c6	9	134278324	135248156	593	-0.0183
a4490a1f-c19c-4072-a2ca-61282e2918c6	9	135259826	135424679	118	-0.3557
a4490a1f-c19c-4072-a2ca-61282e2918c6	9	135426111	137361190	620	-0.0371
a4490a1f-c19c-4072-a2ca-61282e2918c6	9	137361266	137361381	2	-1.7616
a4490a1f-c19c-4072-a2ca-61282e2918c6	9	137378551	138200944	406	-0.0788
a4490a1f-c19c-4072-a2ca-61282e2918c6	10	45792	71599	9	-0.3094
a4490a1f-c19c-4072-a2ca-61282e2918c6	10	83930	1648921	1038	-1.0483
a4490a1f-c19c-4072-a2ca-61282e2918c6	10	1651250	1651706	2	-6.543
a4490a1f-c19c-4072-a2ca-61282e2918c6	10	1652555	3075485	1400	-1.0198
a4490a1f-c19c-4072-a2ca-61282e2918c6	10	3076439	3081241	4	-4.7933
a4490a1f-c19c-4072-a2ca-61282e2918c6	10	3082127	3091891	10	-1.9383
a4490a1f-c19c-4072-a2ca-61282e2918c6	10	3092331	6173128	2642	-0.9852
a4490a1f-c19c-4072-a2ca-61282e2918c6	10	6173294	6179355	7	-1.995
a4490a1f-c19c-4072-a2ca-61282e2918c6	10	6179876	6183224	6	-3.6936
a4490a1f-c19c-4072-a2ca-61282e2918c6	10	6184926	7427888	1191	-0.9634
a4490a1f-c19c-4072-a2ca-61282e2918c6	10	7428906	7428976	2	-4.8324
a4490a1f-c19c-4072-a2ca-61282e2918c6	10	7429051	14330689	5623	-0.9626
a4490a1f-c19c-4072-a2ca-61282e2918c6	10	14336251	130327791	76055	-0.2696
a4490a1f-c19c-4072-a2ca-61282e2918c6	10	130327854	130948150	582	-0.4188
a4490a1f-c19c-4072-a2ca-61282e2918c6	10	130949480	130949770	2	-2.8066
a4490a1f-c19c-4072-a2ca-61282e2918c6	10	130949880	132747703	1125	-0.3537
a4490a1f-c19c-4072-a2ca-61282e2918c6	10	132750789	133033122	125	-0.5794
a4490a1f-c19c-4072-a2ca-61282e2918c6	10	133033212	133654968	258	-0.3628
a4490a1f-c19c-4072-a2ca-61282e2918c6	11	198510	244552	27	0.0132
a4490a1f-c19c-4072-a2ca-61282e2918c6	11	249097	456012	76	-0.3498
a4490a1f-c19c-4072-a2ca-61282e2918c6	11	456120	1662334	415	0.0291
a4490a1f-c19c-4072-a2ca-61282e2918c6	11	1669739	1883627	69	-0.2436
a4490a1f-c19c-4072-a2ca-61282e2918c6	11	1883752	2505319	202	-0.0008
a4490a1f-c19c-4072-a2ca-61282e2918c6	11	2505668	2583924	38	-0.258
a4490a1f-c19c-4072-a2ca-61282e2918c6	11	2583959	3175659	350	0.0505
a4490a1f-c19c-4072-a2ca-61282e2918c6	11	3176060	3623869	166	0.4174
a4490a1f-c19c-4072-a2ca-61282e2918c6	11	3623903	3657448	24	0.0821
a4490a1f-c19c-4072-a2ca-61282e2918c6	11	3658428	5499745	1604	0.4684
a4490a1f-c19c-4072-a2ca-61282e2918c6	11	5500921	5766862	248	0.0584
a4490a1f-c19c-4072-a2ca-61282e2918c6	11	5768371	5787909	30	-0.4445
a4490a1f-c19c-4072-a2ca-61282e2918c6	11	5788108	18909781	9355	0.0349
a4490a1f-c19c-4072-a2ca-61282e2918c6	11	18911502	18935143	39	0.3184
a4490a1f-c19c-4072-a2ca-61282e2918c6	11	18936186	19869377	850	0.0312
a4490a1f-c19c-4072-a2ca-61282e2918c6	11	19869744	19869910	2	-1.3513
a4490a1f-c19c-4072-a2ca-61282e2918c6	11	19870316	30154159	7416	0.0402
a4490a1f-c19c-4072-a2ca-61282e2918c6	11	30154241	30154474	3	-1.0108
a4490a1f-c19c-4072-a2ca-61282e2918c6	11	30154745	36957348	5003	0.0328
a4490a1f-c19c-4072-a2ca-61282e2918c6	11	36957460	37804192	563	0.1398
a4490a1f-c19c-4072-a2ca-61282e2918c6	11	37804340	44652636	4589	0.0453
a4490a1f-c19c-4072-a2ca-61282e2918c6	11	44653171	44654338	3	-1.0701
a4490a1f-c19c-4072-a2ca-61282e2918c6	11	44654430	48359352	1987	0.033
a4490a1f-c19c-4072-a2ca-61282e2918c6	11	48359950	48608638	104	0.2076
a4490a1f-c19c-4072-a2ca-61282e2918c6	11	48611427	49737435	432	0.0522
a4490a1f-c19c-4072-a2ca-61282e2918c6	11	49738003	49738504	5	-0.9145
a4490a1f-c19c-4072-a2ca-61282e2918c6	11	49739136	50397885	277	0.0428
a4490a1f-c19c-4072-a2ca-61282e2918c6	11	50400948	55595864	444	0.1513
a4490a1f-c19c-4072-a2ca-61282e2918c6	11	55606556	55686100	60	-0.2897
a4490a1f-c19c-4072-a2ca-61282e2918c6	11	55693207	56323104	441	0.158
a4490a1f-c19c-4072-a2ca-61282e2918c6	11	56328352	64825436	4667	0.0436
a4490a1f-c19c-4072-a2ca-61282e2918c6	11	64828200	64892365	16	-0.1642
a4490a1f-c19c-4072-a2ca-61282e2918c6	11	64895755	64901633	4	-1.3323
a4490a1f-c19c-4072-a2ca-61282e2918c6	11	64914855	65542345	232	-0.1736
a4490a1f-c19c-4072-a2ca-61282e2918c6	11	65545283	65621110	25	-0.4999
a4490a1f-c19c-4072-a2ca-61282e2918c6	11	65623342	65894607	125	-0.1292
a4490a1f-c19c-4072-a2ca-61282e2918c6	11	65902628	67529387	621	0.053
a4490a1f-c19c-4072-a2ca-61282e2918c6	11	67530395	67874356	114	-0.1326
a4490a1f-c19c-4072-a2ca-61282e2918c6	11	67879723	80256469	6973	0.0419
a4490a1f-c19c-4072-a2ca-61282e2918c6	11	80256504	80256520	2	1.3274
a4490a1f-c19c-4072-a2ca-61282e2918c6	11	80256642	82395011	1739	0.0328
a4490a1f-c19c-4072-a2ca-61282e2918c6	11	82395697	82653978	181	0.1785
a4490a1f-c19c-4072-a2ca-61282e2918c6	11	82657879	86178906	2240	0.0369
a4490a1f-c19c-4072-a2ca-61282e2918c6	11	86179277	86187779	15	-0.8653
a4490a1f-c19c-4072-a2ca-61282e2918c6	11	86188770	125304876	27257	0.039
a4490a1f-c19c-4072-a2ca-61282e2918c6	11	125308507	125479025	127	0.4187
a4490a1f-c19c-4072-a2ca-61282e2918c6	11	125480634	128461728	2191	0.0458
a4490a1f-c19c-4072-a2ca-61282e2918c6	11	128463161	128463624	5	-0.8191
a4490a1f-c19c-4072-a2ca-61282e2918c6	11	128464871	130790910	1685	0.0379
a4490a1f-c19c-4072-a2ca-61282e2918c6	11	130791319	131182276	352	0.4538
a4490a1f-c19c-4072-a2ca-61282e2918c6	11	131183336	133896406	2203	0.0452
a4490a1f-c19c-4072-a2ca-61282e2918c6	11	133898991	134050115	106	-0.1993
a4490a1f-c19c-4072-a2ca-61282e2918c6	11	134050342	134280635	140	0.0497
a4490a1f-c19c-4072-a2ca-61282e2918c6	11	134282136	134288564	4	-0.5929
a4490a1f-c19c-4072-a2ca-61282e2918c6	11	134289573	134356384	40	-0.0202
a4490a1f-c19c-4072-a2ca-61282e2918c6	11	134358099	134439731	63	-0.4501
a4490a1f-c19c-4072-a2ca-61282e2918c6	11	134440907	135074876	517	-0.0613
a4490a1f-c19c-4072-a2ca-61282e2918c6	12	51460	239394	106	-0.1998
a4490a1f-c19c-4072-a2ca-61282e2918c6	12	242157	355483	71	0.1786
a4490a1f-c19c-4072-a2ca-61282e2918c6	12	364892	694633	210	-0.1061
a4490a1f-c19c-4072-a2ca-61282e2918c6	12	696285	8204911	5135	0.0786
a4490a1f-c19c-4072-a2ca-61282e2918c6	12	8209454	8212308	3	1.3276
a4490a1f-c19c-4072-a2ca-61282e2918c6	12	8213295	9301952	550	0.0731
a4490a1f-c19c-4072-a2ca-61282e2918c6	12	9304225	9477960	79	-0.0301
a4490a1f-c19c-4072-a2ca-61282e2918c6	12	9481274	9575696	24	0.9301
a4490a1f-c19c-4072-a2ca-61282e2918c6	12	9582373	10967186	961	0.0588
a4490a1f-c19c-4072-a2ca-61282e2918c6	12	10967540	11399258	246	0.192
a4490a1f-c19c-4072-a2ca-61282e2918c6	12	11399668	12667780	1048	0.0603
a4490a1f-c19c-4072-a2ca-61282e2918c6	12	12669503	12814508	93	0.7583
a4490a1f-c19c-4072-a2ca-61282e2918c6	12	12815397	13067524	174	0.0345
a4490a1f-c19c-4072-a2ca-61282e2918c6	12	13071093	13076372	4	-0.8556
a4490a1f-c19c-4072-a2ca-61282e2918c6	12	13081239	16501238	2379	0.0755
a4490a1f-c19c-4072-a2ca-61282e2918c6	12	16501327	16641835	96	0.4954
a4490a1f-c19c-4072-a2ca-61282e2918c6	12	16645583	31210295	10193	0.0764
a4490a1f-c19c-4072-a2ca-61282e2918c6	12	31215697	31226715	16	-0.3938
a4490a1f-c19c-4072-a2ca-61282e2918c6	12	31227692	31753738	310	0.079
a4490a1f-c19c-4072-a2ca-61282e2918c6	12	31754340	31756974	3	-5.656
a4490a1f-c19c-4072-a2ca-61282e2918c6	12	31764286	33141726	1011	0.0756
a4490a1f-c19c-4072-a2ca-61282e2918c6	12	33148472	33155608	32	0.5589
a4490a1f-c19c-4072-a2ca-61282e2918c6	12	33155655	34028768	539	0.1745
a4490a1f-c19c-4072-a2ca-61282e2918c6	12	34033626	34106209	41	0.3723
a4490a1f-c19c-4072-a2ca-61282e2918c6	12	34108746	34282074	90	0.0079
a4490a1f-c19c-4072-a2ca-61282e2918c6	12	34286943	34406374	54	-0.397
a4490a1f-c19c-4072-a2ca-61282e2918c6	12	34423775	38204449	245	0.0872
a4490a1f-c19c-4072-a2ca-61282e2918c6	12	38207094	38818084	357	0.1963
a4490a1f-c19c-4072-a2ca-61282e2918c6	12	38818514	45505613	4233	0.0866
a4490a1f-c19c-4072-a2ca-61282e2918c6	12	45506042	45515754	5	1.2243
a4490a1f-c19c-4072-a2ca-61282e2918c6	12	45519509	47751673	1330	0.0655
a4490a1f-c19c-4072-a2ca-61282e2918c6	12	47752652	47762431	5	-0.8285
a4490a1f-c19c-4072-a2ca-61282e2918c6	12	47762843	52300509	2385	0.0802
a4490a1f-c19c-4072-a2ca-61282e2918c6	12	52300768	52391735	98	-0.1698
a4490a1f-c19c-4072-a2ca-61282e2918c6	12	52391992	53044022	558	0.0724
a4490a1f-c19c-4072-a2ca-61282e2918c6	12	53044920	53129357	43	-0.2434
a4490a1f-c19c-4072-a2ca-61282e2918c6	12	53129428	70478078	10686	0.0755
a4490a1f-c19c-4072-a2ca-61282e2918c6	12	70478895	70485605	10	-1.4597
a4490a1f-c19c-4072-a2ca-61282e2918c6	12	70485653	129369037	38605	0.08
a4490a1f-c19c-4072-a2ca-61282e2918c6	12	129369115	131250180	1555	0.0334
a4490a1f-c19c-4072-a2ca-61282e2918c6	12	131250185	131330777	62	-0.2583
a4490a1f-c19c-4072-a2ca-61282e2918c6	12	131331668	131615979	289	0.0752
a4490a1f-c19c-4072-a2ca-61282e2918c6	12	131616532	131632590	11	-0.7094
a4490a1f-c19c-4072-a2ca-61282e2918c6	12	131632994	132126981	218	0.1
a4490a1f-c19c-4072-a2ca-61282e2918c6	12	132127961	133020328	282	-0.0652
a4490a1f-c19c-4072-a2ca-61282e2918c6	12	133020331	133201603	74	0.0573
a4490a1f-c19c-4072-a2ca-61282e2918c6	13	18452809	18795296	77	-0.7307
a4490a1f-c19c-4072-a2ca-61282e2918c6	13	18821498	23568728	3162	-0.0728
a4490a1f-c19c-4072-a2ca-61282e2918c6	13	23574154	23582625	2	-1.9397
a4490a1f-c19c-4072-a2ca-61282e2918c6	13	23582626	31957984	6270	-0.069
a4490a1f-c19c-4072-a2ca-61282e2918c6	13	31958485	31964286	18	-0.833
a4490a1f-c19c-4072-a2ca-61282e2918c6	13	31965910	37502130	3888	-0.0751
a4490a1f-c19c-4072-a2ca-61282e2918c6	13	37502150	37510620	11	0.5732
a4490a1f-c19c-4072-a2ca-61282e2918c6	13	37514193	48957415	7990	-0.0744
a4490a1f-c19c-4072-a2ca-61282e2918c6	13	48959579	48962368	2	-2.1845
a4490a1f-c19c-4072-a2ca-61282e2918c6	13	48963569	57189156	4489	-0.0552
a4490a1f-c19c-4072-a2ca-61282e2918c6	13	57189217	57404500	157	0.0974
a4490a1f-c19c-4072-a2ca-61282e2918c6	13	57404519	63569716	3601	-0.0633
a4490a1f-c19c-4072-a2ca-61282e2918c6	13	63578674	64405900	482	0.0685
a4490a1f-c19c-4072-a2ca-61282e2918c6	13	64406137	105161340	27170	-0.0684
a4490a1f-c19c-4072-a2ca-61282e2918c6	13	105163201	105720105	414	0.0503
a4490a1f-c19c-4072-a2ca-61282e2918c6	13	105720408	112956528	5495	-0.0746
a4490a1f-c19c-4072-a2ca-61282e2918c6	13	112957040	113050071	49	-0.4642
a4490a1f-c19c-4072-a2ca-61282e2918c6	13	113053299	113771757	342	-0.0818
a4490a1f-c19c-4072-a2ca-61282e2918c6	13	113773938	113824865	14	-0.5857
a4490a1f-c19c-4072-a2ca-61282e2918c6	13	113846237	113934849	37	-0.03
a4490a1f-c19c-4072-a2ca-61282e2918c6	13	113936214	114075244	36	-0.5237
a4490a1f-c19c-4072-a2ca-61282e2918c6	13	114078375	114342922	118	-0.1313
a4490a1f-c19c-4072-a2ca-61282e2918c6	14	18239283	19732250	67	0.0259
a4490a1f-c19c-4072-a2ca-61282e2918c6	14	19732958	19955213	100	0.357
a4490a1f-c19c-4072-a2ca-61282e2918c6	14	19956767	20093812	98	0.0074
a4490a1f-c19c-4072-a2ca-61282e2918c6	14	20094582	21286533	832	-0.0727
a4490a1f-c19c-4072-a2ca-61282e2918c6	14	21287575	22424253	832	0.0187
a4490a1f-c19c-4072-a2ca-61282e2918c6	14	22424971	22695619	232	-0.1784
a4490a1f-c19c-4072-a2ca-61282e2918c6	14	22696072	43322734	12875	-0.0398
a4490a1f-c19c-4072-a2ca-61282e2918c6	14	43323009	46398286	1676	0.0303
a4490a1f-c19c-4072-a2ca-61282e2918c6	14	46402212	106877229	38476	-0.0464
a4490a1f-c19c-4072-a2ca-61282e2918c6	15	19811075	20041902	49	0.0958
a4490a1f-c19c-4072-a2ca-61282e2918c6	15	20056983	20364698	28	-0.3813
a4490a1f-c19c-4072-a2ca-61282e2918c6	15	20367363	20376311	18	0.0915
a4490a1f-c19c-4072-a2ca-61282e2918c6	15	20380735	20384774	11	-1.1296
a4490a1f-c19c-4072-a2ca-61282e2918c6	15	20384789	20646817	34	-0.2281
a4490a1f-c19c-4072-a2ca-61282e2918c6	15	20647785	22808273	131	0.0974
a4490a1f-c19c-4072-a2ca-61282e2918c6	15	22809104	23060013	201	-0.168
a4490a1f-c19c-4072-a2ca-61282e2918c6	15	23060383	25984646	1843	-0.0249
a4490a1f-c19c-4072-a2ca-61282e2918c6	15	25985386	25987772	5	-0.7735
a4490a1f-c19c-4072-a2ca-61282e2918c6	15	25987796	27927438	1446	-0.0249
a4490a1f-c19c-4072-a2ca-61282e2918c6	15	27932591	30231102	1059	-0.1003
a4490a1f-c19c-4072-a2ca-61282e2918c6	15	30252720	30608675	26	-0.7998
a4490a1f-c19c-4072-a2ca-61282e2918c6	15	30621384	77003882	29128	-0.041
a4490a1f-c19c-4072-a2ca-61282e2918c6	15	77007025	77036413	16	-0.6506
a4490a1f-c19c-4072-a2ca-61282e2918c6	15	77041739	99901654	15791	-0.0414
a4490a1f-c19c-4072-a2ca-61282e2918c6	15	99901910	101785297	1494	-0.1269
a4490a1f-c19c-4072-a2ca-61282e2918c6	15	101785311	101894806	57	0.0894
a4490a1f-c19c-4072-a2ca-61282e2918c6	15	101900719	101928837	4	0.9957
a4490a1f-c19c-4072-a2ca-61282e2918c6	16	10777	1299186	431	-0.2736
a4490a1f-c19c-4072-a2ca-61282e2918c6	16	1299208	11497048	8218	-0.0473
a4490a1f-c19c-4072-a2ca-61282e2918c6	16	11500985	11539626	19	-0.6585
a4490a1f-c19c-4072-a2ca-61282e2918c6	16	11539890	12555002	722	-0.0559
a4490a1f-c19c-4072-a2ca-61282e2918c6	16	12555121	12555138	2	1.4857
a4490a1f-c19c-4072-a2ca-61282e2918c6	16	12556390	15014730	1745	-0.0351
a4490a1f-c19c-4072-a2ca-61282e2918c6	16	15022400	17359994	1095	-0.1547
a4490a1f-c19c-4072-a2ca-61282e2918c6	16	17370868	21503767	2121	-0.0516
a4490a1f-c19c-4072-a2ca-61282e2918c6	16	21509217	21574710	17	-0.6784
a4490a1f-c19c-4072-a2ca-61282e2918c6	16	21575403	22177218	248	-0.0752
a4490a1f-c19c-4072-a2ca-61282e2918c6	16	22177316	22706267	191	-0.2947
a4490a1f-c19c-4072-a2ca-61282e2918c6	16	22706983	23067688	311	-0.0843
a4490a1f-c19c-4072-a2ca-61282e2918c6	16	23069313	27045320	2808	-0.0226
a4490a1f-c19c-4072-a2ca-61282e2918c6	16	27045778	29731272	1173	-0.0798
a4490a1f-c19c-4072-a2ca-61282e2918c6	16	29733834	30154404	144	-0.331
a4490a1f-c19c-4072-a2ca-61282e2918c6	16	30157020	55782331	7635	-0.0432
a4490a1f-c19c-4072-a2ca-61282e2918c6	16	55782734	55788532	5	0.8541
a4490a1f-c19c-4072-a2ca-61282e2918c6	16	55808442	61576795	3589	-0.0387
a4490a1f-c19c-4072-a2ca-61282e2918c6	16	61576797	61800449	146	0.3021
a4490a1f-c19c-4072-a2ca-61282e2918c6	16	61808428	81106921	13681	-0.0388
a4490a1f-c19c-4072-a2ca-61282e2918c6	16	81107000	81243937	149	-0.2092
a4490a1f-c19c-4072-a2ca-61282e2918c6	16	81244179	81450965	166	-0.0442
a4490a1f-c19c-4072-a2ca-61282e2918c6	16	81451749	81482810	47	-0.405
a4490a1f-c19c-4072-a2ca-61282e2918c6	16	81483029	84008711	2784	-0.0522
a4490a1f-c19c-4072-a2ca-61282e2918c6	16	84009243	84635178	554	-0.2785
a4490a1f-c19c-4072-a2ca-61282e2918c6	16	84635201	84635287	2	-2.2449
a4490a1f-c19c-4072-a2ca-61282e2918c6	16	84635333	84892020	242	-0.2333
a4490a1f-c19c-4072-a2ca-61282e2918c6	16	84892194	87836773	2490	-0.0485
a4490a1f-c19c-4072-a2ca-61282e2918c6	16	87841250	87850115	5	-1.412
a4490a1f-c19c-4072-a2ca-61282e2918c6	16	87850911	88334407	220	-0.0712
a4490a1f-c19c-4072-a2ca-61282e2918c6	16	88334893	88711804	138	-0.2354
a4490a1f-c19c-4072-a2ca-61282e2918c6	16	88712624	89013365	71	-0.7012
a4490a1f-c19c-4072-a2ca-61282e2918c6	16	89022777	89534439	266	-0.2105
a4490a1f-c19c-4072-a2ca-61282e2918c6	16	89534455	90057085	230	-0.3743
a4490a1f-c19c-4072-a2ca-61282e2918c6	16	90057324	90096867	27	0.0663
a4490a1f-c19c-4072-a2ca-61282e2918c6	17	150733	507439	163	-0.4737
a4490a1f-c19c-4072-a2ca-61282e2918c6	17	507823	780287	179	-0.1687
a4490a1f-c19c-4072-a2ca-61282e2918c6	17	780302	1262192	213	-0.4218
a4490a1f-c19c-4072-a2ca-61282e2918c6	17	1276729	6197464	2793	-0.1522
a4490a1f-c19c-4072-a2ca-61282e2918c6	17	6197476	6197491	2	-1.8958
a4490a1f-c19c-4072-a2ca-61282e2918c6	17	6197723	10061615	2399	-0.1445
a4490a1f-c19c-4072-a2ca-61282e2918c6	17	10063743	10073320	6	-1.2006
a4490a1f-c19c-4072-a2ca-61282e2918c6	17	10076522	15587808	4204	-0.1381
a4490a1f-c19c-4072-a2ca-61282e2918c6	17	15588231	15729131	29	-0.551
a4490a1f-c19c-4072-a2ca-61282e2918c6	17	15729913	18452078	1360	-0.1472
a4490a1f-c19c-4072-a2ca-61282e2918c6	17	18455632	18561272	25	-1.3716
a4490a1f-c19c-4072-a2ca-61282e2918c6	17	18561907	18957997	140	-0.0994
a4490a1f-c19c-4072-a2ca-61282e2918c6	17	18971407	19014602	23	-0.5594
a4490a1f-c19c-4072-a2ca-61282e2918c6	17	19018779	22530709	1223	-0.1489
a4490a1f-c19c-4072-a2ca-61282e2918c6	17	22531085	22700978	69	0.1067
a4490a1f-c19c-4072-a2ca-61282e2918c6	17	22702125	33657693	3552	-0.1441
a4490a1f-c19c-4072-a2ca-61282e2918c6	17	33658275	34666590	934	-0.2518
a4490a1f-c19c-4072-a2ca-61282e2918c6	17	34666641	41251729	3423	-0.1457
a4490a1f-c19c-4072-a2ca-61282e2918c6	17	41257158	41276588	31	-0.5789
a4490a1f-c19c-4072-a2ca-61282e2918c6	17	41276692	45693621	2203	-0.1392
a4490a1f-c19c-4072-a2ca-61282e2918c6	17	45694743	46039584	248	-0.3925
a4490a1f-c19c-4072-a2ca-61282e2918c6	17	46039717	46104213	48	-0.0867
a4490a1f-c19c-4072-a2ca-61282e2918c6	17	46110126	46687628	119	-0.4821
a4490a1f-c19c-4072-a2ca-61282e2918c6	17	46707286	47258823	297	-0.147
a4490a1f-c19c-4072-a2ca-61282e2918c6	17	47260051	57610128	6687	0.5756
a4490a1f-c19c-4072-a2ca-61282e2918c6	17	57610972	57611632	2	-1.5205
a4490a1f-c19c-4072-a2ca-61282e2918c6	17	57614632	73856563	9809	0.5802
a4490a1f-c19c-4072-a2ca-61282e2918c6	17	73860625	74695492	534	0.3896
a4490a1f-c19c-4072-a2ca-61282e2918c6	17	74695789	77336750	1304	0.5797
a4490a1f-c19c-4072-a2ca-61282e2918c6	17	77337490	77398743	54	0.2414
a4490a1f-c19c-4072-a2ca-61282e2918c6	17	77398786	83082750	2818	0.5545
a4490a1f-c19c-4072-a2ca-61282e2918c6	17	83083928	83091923	4	-0.1104
a4490a1f-c19c-4072-a2ca-61282e2918c6	18	48133	8453794	6078	-0.0355
a4490a1f-c19c-4072-a2ca-61282e2918c6	18	8454046	8454080	2	-1.5957
a4490a1f-c19c-4072-a2ca-61282e2918c6	18	8454227	22397857	4936	-0.0437
a4490a1f-c19c-4072-a2ca-61282e2918c6	18	22400903	24366064	1160	0.3327
a4490a1f-c19c-4072-a2ca-61282e2918c6	18	24369734	36110266	7421	-0.0382
a4490a1f-c19c-4072-a2ca-61282e2918c6	18	36113529	36114157	2	-1.546
a4490a1f-c19c-4072-a2ca-61282e2918c6	18	36114579	40680456	3091	-0.0378
a4490a1f-c19c-4072-a2ca-61282e2918c6	18	40680470	40689848	21	0.4838
a4490a1f-c19c-4072-a2ca-61282e2918c6	18	40690108	53736023	8913	-0.0427
a4490a1f-c19c-4072-a2ca-61282e2918c6	18	53736075	53741814	19	0.4084
a4490a1f-c19c-4072-a2ca-61282e2918c6	18	53751899	65537183	8105	-0.0422
a4490a1f-c19c-4072-a2ca-61282e2918c6	18	65537283	66099904	418	0.0762
a4490a1f-c19c-4072-a2ca-61282e2918c6	18	66100052	66100686	2	-2.5383
a4490a1f-c19c-4072-a2ca-61282e2918c6	18	66108359	71409146	3786	-0.0265
a4490a1f-c19c-4072-a2ca-61282e2918c6	18	71412016	73600607	1717	0.0536
a4490a1f-c19c-4072-a2ca-61282e2918c6	18	73601774	79349240	4390	-0.0505
a4490a1f-c19c-4072-a2ca-61282e2918c6	18	79349796	80257174	435	-0.2229
a4490a1f-c19c-4072-a2ca-61282e2918c6	19	90910	1793062	395	-0.1806
a4490a1f-c19c-4072-a2ca-61282e2918c6	19	1794258	1809939	4	-1.4115
a4490a1f-c19c-4072-a2ca-61282e2918c6	19	1817867	4414597	764	-0.1176
a4490a1f-c19c-4072-a2ca-61282e2918c6	19	4416414	4752637	91	-0.364
a4490a1f-c19c-4072-a2ca-61282e2918c6	19	4752750	5858643	481	-0.0894
a4490a1f-c19c-4072-a2ca-61282e2918c6	19	5858784	5870270	8	-1.1171
a4490a1f-c19c-4072-a2ca-61282e2918c6	19	5873740	35364547	14903	-0.1095
a4490a1f-c19c-4072-a2ca-61282e2918c6	19	35365141	35370946	19	-1.5475
a4490a1f-c19c-4072-a2ca-61282e2918c6	19	35375842	43348555	3920	-0.1078
a4490a1f-c19c-4072-a2ca-61282e2918c6	19	43352480	43451497	53	-0.4268
a4490a1f-c19c-4072-a2ca-61282e2918c6	19	43452575	49866849	3068	-0.1156
a4490a1f-c19c-4072-a2ca-61282e2918c6	19	49867382	50082631	131	-0.3869
a4490a1f-c19c-4072-a2ca-61282e2918c6	19	50088857	53739027	2333	-0.1189
a4490a1f-c19c-4072-a2ca-61282e2918c6	19	53740236	53871273	73	-0.4461
a4490a1f-c19c-4072-a2ca-61282e2918c6	19	53872572	58370362	2669	-0.1313
a4490a1f-c19c-4072-a2ca-61282e2918c6	19	58372530	58586487	99	-0.5071
a4490a1f-c19c-4072-a2ca-61282e2918c6	20	80664	1580156	1196	-0.0858
a4490a1f-c19c-4072-a2ca-61282e2918c6	20	1580276	1613247	44	-0.6256
a4490a1f-c19c-4072-a2ca-61282e2918c6	20	1617300	3837838	1567	-0.0447
a4490a1f-c19c-4072-a2ca-61282e2918c6	20	3838991	4121153	181	-0.2608
a4490a1f-c19c-4072-a2ca-61282e2918c6	20	4123429	54031269	31774	-0.0446
a4490a1f-c19c-4072-a2ca-61282e2918c6	20	54034615	54041178	30	-0.7943
a4490a1f-c19c-4072-a2ca-61282e2918c6	20	54041534	63081948	6953	-0.0475
a4490a1f-c19c-4072-a2ca-61282e2918c6	20	63084768	63141749	34	-0.596
a4490a1f-c19c-4072-a2ca-61282e2918c6	20	63144417	63588502	132	-0.0402
a4490a1f-c19c-4072-a2ca-61282e2918c6	20	63589896	64249281	280	-0.3574
a4490a1f-c19c-4072-a2ca-61282e2918c6	20	64250193	64324800	30	-0.0587
a4490a1f-c19c-4072-a2ca-61282e2918c6	21	10354168	13081432	99	-0.0127
a4490a1f-c19c-4072-a2ca-61282e2918c6	21	13084095	13913132	195	0.573
a4490a1f-c19c-4072-a2ca-61282e2918c6	21	13913533	22145306	5898	-0.0297
a4490a1f-c19c-4072-a2ca-61282e2918c6	21	22148441	23512948	1034	0.068
a4490a1f-c19c-4072-a2ca-61282e2918c6	21	23522455	43188895	14780	-0.0368
a4490a1f-c19c-4072-a2ca-61282e2918c6	21	43189751	43374861	89	-0.3441
a4490a1f-c19c-4072-a2ca-61282e2918c6	21	43572694	45244616	850	-0.0499
a4490a1f-c19c-4072-a2ca-61282e2918c6	21	45244860	45639006	210	-0.3176
a4490a1f-c19c-4072-a2ca-61282e2918c6	21	45640408	46245631	315	-0.0072
a4490a1f-c19c-4072-a2ca-61282e2918c6	21	46245876	46444543	89	-0.2096
a4490a1f-c19c-4072-a2ca-61282e2918c6	21	46446314	46481349	26	0.0869
a4490a1f-c19c-4072-a2ca-61282e2918c6	21	46481607	46600188	109	-0.2205
a4490a1f-c19c-4072-a2ca-61282e2918c6	21	46601742	46603337	3	-1.1843
a4490a1f-c19c-4072-a2ca-61282e2918c6	21	46603422	46677045	63	-0.1626
a4490a1f-c19c-4072-a2ca-61282e2918c6	22	15294547	18760941	1133	-0.0334
a4490a1f-c19c-4072-a2ca-61282e2918c6	22	18783014	18818348	2	1.7221
a4490a1f-c19c-4072-a2ca-61282e2918c6	22	18822581	19080063	92	-0.1262
a4490a1f-c19c-4072-a2ca-61282e2918c6	22	19080784	19835257	470	-0.207
a4490a1f-c19c-4072-a2ca-61282e2918c6	22	19838071	20295256	298	-0.4092
a4490a1f-c19c-4072-a2ca-61282e2918c6	22	20295284	21742513	799	-0.2108
a4490a1f-c19c-4072-a2ca-61282e2918c6	22	21744398	21953147	104	-0.0856
a4490a1f-c19c-4072-a2ca-61282e2918c6	22	21960717	22073194	135	-1.0268
a4490a1f-c19c-4072-a2ca-61282e2918c6	22	22074217	22150888	156	-0.7772
a4490a1f-c19c-4072-a2ca-61282e2918c6	22	22150900	22219595	131	-1.0424
a4490a1f-c19c-4072-a2ca-61282e2918c6	22	22224948	23073669	500	-0.1053
a4490a1f-c19c-4072-a2ca-61282e2918c6	22	23073819	23295734	150	-0.4261
a4490a1f-c19c-4072-a2ca-61282e2918c6	22	23296448	23443200	90	-0.1823
a4490a1f-c19c-4072-a2ca-61282e2918c6	22	23444157	25340711	1188	-0.0542
a4490a1f-c19c-4072-a2ca-61282e2918c6	22	25349934	25459526	121	-0.2489
a4490a1f-c19c-4072-a2ca-61282e2918c6	22	25460149	35567386	7844	-0.0406
a4490a1f-c19c-4072-a2ca-61282e2918c6	22	35568111	35602537	27	-0.4519
a4490a1f-c19c-4072-a2ca-61282e2918c6	22	35603179	36214525	365	-0.0758
a4490a1f-c19c-4072-a2ca-61282e2918c6	22	36218264	36317486	71	-0.3051
a4490a1f-c19c-4072-a2ca-61282e2918c6	22	36319792	38104375	1053	-0.0497
a4490a1f-c19c-4072-a2ca-61282e2918c6	22	38110681	38143160	23	-0.5011
a4490a1f-c19c-4072-a2ca-61282e2918c6	22	38145465	38933588	418	-0.0582
a4490a1f-c19c-4072-a2ca-61282e2918c6	22	38935341	39007789	57	-0.3451
a4490a1f-c19c-4072-a2ca-61282e2918c6	22	39007816	39198735	72	0.0224
a4490a1f-c19c-4072-a2ca-61282e2918c6	22	39205268	39223357	16	-0.5248
a4490a1f-c19c-4072-a2ca-61282e2918c6	22	39228047	42392512	1722	-0.0426
a4490a1f-c19c-4072-a2ca-61282e2918c6	22	42393849	42584045	95	-0.3501
a4490a1f-c19c-4072-a2ca-61282e2918c6	22	42585161	44727961	1605	-0.03
a4490a1f-c19c-4072-a2ca-61282e2918c6	22	44728097	44741026	10	-0.814
a4490a1f-c19c-4072-a2ca-61282e2918c6	22	44750545	48934328	3255	-0.0411
a4490a1f-c19c-4072-a2ca-61282e2918c6	22	48934911	50796027	1189	-0.2672
a4490a1f-c19c-4072-a2ca-61282e2918c6	X	251810	3049109	271	-0.2852
a4490a1f-c19c-4072-a2ca-61282e2918c6	X	3049659	6072280	2336	-0.1565
a4490a1f-c19c-4072-a2ca-61282e2918c6	X	6072891	6073181	3	-1.3907
a4490a1f-c19c-4072-a2ca-61282e2918c6	X	6074781	9923723	2894	-0.1694
a4490a1f-c19c-4072-a2ca-61282e2918c6	X	9923776	10212259	234	-0.3441
a4490a1f-c19c-4072-a2ca-61282e2918c6	X	10212809	25658541	9783	-0.19
a4490a1f-c19c-4072-a2ca-61282e2918c6	X	25669172	25674483	11	-1.1878
a4490a1f-c19c-4072-a2ca-61282e2918c6	X	25680831	32965828	4872	-0.1855
a4490a1f-c19c-4072-a2ca-61282e2918c6	X	32969337	32970141	3	-1.7737
a4490a1f-c19c-4072-a2ca-61282e2918c6	X	32971922	33627274	461	-0.113
a4490a1f-c19c-4072-a2ca-61282e2918c6	X	33627573	33627852	2	-2.0908
a4490a1f-c19c-4072-a2ca-61282e2918c6	X	33627910	34702034	733	-0.0921
a4490a1f-c19c-4072-a2ca-61282e2918c6	X	34702401	58255236	11626	-0.1676
a4490a1f-c19c-4072-a2ca-61282e2918c6	X	58255744	58272201	9	-0.8238
a4490a1f-c19c-4072-a2ca-61282e2918c6	X	58276467	58299948	11	-0.209
a4490a1f-c19c-4072-a2ca-61282e2918c6	X	58307685	63193211	190	-0.0656
a4490a1f-c19c-4072-a2ca-61282e2918c6	X	63250575	63285991	21	0.7609
a4490a1f-c19c-4072-a2ca-61282e2918c6	X	63297125	77179707	6227	-0.1541
a4490a1f-c19c-4072-a2ca-61282e2918c6	X	77191372	77296889	9	-0.9647
a4490a1f-c19c-4072-a2ca-61282e2918c6	X	77324696	95074873	9109	-0.1467
a4490a1f-c19c-4072-a2ca-61282e2918c6	X	95079804	96370519	740	-0.0575
a4490a1f-c19c-4072-a2ca-61282e2918c6	X	96370809	100774919	2476	-0.1738
a4490a1f-c19c-4072-a2ca-61282e2918c6	X	100792138	127470929	14770	0.2746
a4490a1f-c19c-4072-a2ca-61282e2918c6	X	127478931	127628862	91	0.4763
a4490a1f-c19c-4072-a2ca-61282e2918c6	X	127629023	152842910	15183	0.2833
a4490a1f-c19c-4072-a2ca-61282e2918c6	X	152842976	153434981	391	0.1504
a4490a1f-c19c-4072-a2ca-61282e2918c6	X	153438628	153558270	52	0.3643
a4490a1f-c19c-4072-a2ca-61282e2918c6	X	153559975	153565590	9	-0.2528
a4490a1f-c19c-4072-a2ca-61282e2918c6	X	153568278	154334428	279	0.3197
a4490a1f-c19c-4072-a2ca-61282e2918c6	X	154347478	154382366	48	-0.2271
a4490a1f-c19c-4072-a2ca-61282e2918c6	X	154382547	155952689	535	0.3182
a4490a1f-c19c-4072-a2ca-61282e2918c6	Y	2782397	6075631	719	-2.5031
a4490a1f-c19c-4072-a2ca-61282e2918c6	Y	6076562	13478396	2546	-2.9008
a4490a1f-c19c-4072-a2ca-61282e2918c6	Y	13478462	13482643	3	-7.5522
a4490a1f-c19c-4072-a2ca-61282e2918c6	Y	13483009	25971733	3199	-2.903
a4490a1f-c19c-4072-a2ca-61282e2918c6	Y	26077669	56872112	171	-2.545
