GDC_Aliquot	Chromosome	Start	End	Num_Probes	Segment_Mean
c27e3367-1e5d-4356-97ac-a63365677ac4	1	62920	22170210	12192	0.0053
c27e3367-1e5d-4356-97ac-a63365677ac4	1	22175223	22182713	9	-1.2741
c27e3367-1e5d-4356-97ac-a63365677ac4	1	22187743	34626073	6766	0.0023
c27e3367-1e5d-4356-97ac-a63365677ac4	1	34637053	34638890	20	-0.5135
c27e3367-1e5d-4356-97ac-a63365677ac4	1	34648667	72284670	23680	-0.0005
c27e3367-1e5d-4356-97ac-a63365677ac4	1	72290430	72297687	9	-0.9196
c27e3367-1e5d-4356-97ac-a63365677ac4	1	72302735	105470132	20915	0.0028
c27e3367-1e5d-4356-97ac-a63365677ac4	1	105470754	105479753	18	0.6585
c27e3367-1e5d-4356-97ac-a63365677ac4	1	105481433	109707614	2646	-0.0077
c27e3367-1e5d-4356-97ac-a63365677ac4	1	109707950	109708520	4	0.9105
c27e3367-1e5d-4356-97ac-a63365677ac4	1	109708535	110834746	824	-0.0106
c27e3367-1e5d-4356-97ac-a63365677ac4	1	110834943	110845604	38	-0.8362
c27e3367-1e5d-4356-97ac-a63365677ac4	1	110849445	112147626	1073	0.0068
c27e3367-1e5d-4356-97ac-a63365677ac4	1	112147704	112154768	26	0.3852
c27e3367-1e5d-4356-97ac-a63365677ac4	1	112163334	150830551	6620	0.0077
c27e3367-1e5d-4356-97ac-a63365677ac4	1	150836413	150836640	2	-2.014
c27e3367-1e5d-4356-97ac-a63365677ac4	1	150838529	152583291	961	0.0058
c27e3367-1e5d-4356-97ac-a63365677ac4	1	152583319	152613762	29	1.5919
c27e3367-1e5d-4356-97ac-a63365677ac4	1	152613802	152789532	174	-0.0237
c27e3367-1e5d-4356-97ac-a63365677ac4	1	152789570	152796224	33	0.286
c27e3367-1e5d-4356-97ac-a63365677ac4	1	152801429	155691436	1551	0.0039
c27e3367-1e5d-4356-97ac-a63365677ac4	1	155692180	155693566	2	-2.0342
c27e3367-1e5d-4356-97ac-a63365677ac4	1	155697170	161647641	3695	0.002
c27e3367-1e5d-4356-97ac-a63365677ac4	1	161647657	161678447	9	-0.8347
c27e3367-1e5d-4356-97ac-a63365677ac4	1	161678831	165422145	3016	0.0039
c27e3367-1e5d-4356-97ac-a63365677ac4	1	165422714	165423392	3	-1.0496
c27e3367-1e5d-4356-97ac-a63365677ac4	1	165424608	169247699	2956	0.0005
c27e3367-1e5d-4356-97ac-a63365677ac4	1	169264736	169272528	7	-3.9808
c27e3367-1e5d-4356-97ac-a63365677ac4	1	169273163	191636831	14691	0.0045
c27e3367-1e5d-4356-97ac-a63365677ac4	1	191638309	191652662	2	-2.2052
c27e3367-1e5d-4356-97ac-a63365677ac4	1	191652675	196745692	3413	0.0092
c27e3367-1e5d-4356-97ac-a63365677ac4	1	196745743	196829435	50	0.4611
c27e3367-1e5d-4356-97ac-a63365677ac4	1	196829513	210213146	8948	0.0026
c27e3367-1e5d-4356-97ac-a63365677ac4	1	210213216	210214217	3	-1.3184
c27e3367-1e5d-4356-97ac-a63365677ac4	1	210216072	236180918	17625	0.0011
c27e3367-1e5d-4356-97ac-a63365677ac4	1	236182898	236182913	2	-2.3224
c27e3367-1e5d-4356-97ac-a63365677ac4	1	236186000	248930189	9115	-0.0019
c27e3367-1e5d-4356-97ac-a63365677ac4	2	12784	24376380	17882	-0.0022
c27e3367-1e5d-4356-97ac-a63365677ac4	2	24378642	24388259	19	-0.6823
c27e3367-1e5d-4356-97ac-a63365677ac4	2	24388858	34466002	6120	-0.0042
c27e3367-1e5d-4356-97ac-a63365677ac4	2	34474248	34512096	46	0.696
c27e3367-1e5d-4356-97ac-a63365677ac4	2	34512489	35750907	867	-0.0148
c27e3367-1e5d-4356-97ac-a63365677ac4	2	35752724	35762850	6	-1.5398
c27e3367-1e5d-4356-97ac-a63365677ac4	2	35762881	36108462	271	-0.0356
c27e3367-1e5d-4356-97ac-a63365677ac4	2	36108463	36112411	14	-0.9881
c27e3367-1e5d-4356-97ac-a63365677ac4	2	36123960	212520793	105009	-0.0004
c27e3367-1e5d-4356-97ac-a63365677ac4	2	212520898	212521351	2	-2.5378
c27e3367-1e5d-4356-97ac-a63365677ac4	2	212522839	236894941	15758	0.0007
c27e3367-1e5d-4356-97ac-a63365677ac4	2	236895235	236895291	2	-1.5185
c27e3367-1e5d-4356-97ac-a63365677ac4	2	236895339	242147305	3062	0.0125
c27e3367-1e5d-4356-97ac-a63365677ac4	3	20930	46751887	33054	-0.0018
c27e3367-1e5d-4356-97ac-a63365677ac4	3	46760327	46808099	40	-2.4759
c27e3367-1e5d-4356-97ac-a63365677ac4	3	46817989	60845988	8348	-0.0019
c27e3367-1e5d-4356-97ac-a63365677ac4	3	60849728	60857549	10	-1.1074
c27e3367-1e5d-4356-97ac-a63365677ac4	3	60858067	61008760	146	-0.0206
c27e3367-1e5d-4356-97ac-a63365677ac4	3	61009928	61010264	3	-1.2019
c27e3367-1e5d-4356-97ac-a63365677ac4	3	61010548	63142557	1774	0.0026
c27e3367-1e5d-4356-97ac-a63365677ac4	3	63143575	63150093	6	-1.0683
c27e3367-1e5d-4356-97ac-a63365677ac4	3	63156515	68697013	4243	-0.0012
c27e3367-1e5d-4356-97ac-a63365677ac4	3	68697108	68698262	14	0.921
c27e3367-1e5d-4356-97ac-a63365677ac4	3	68699607	84650607	9877	0.0016
c27e3367-1e5d-4356-97ac-a63365677ac4	3	84650642	84652985	12	-0.6321
c27e3367-1e5d-4356-97ac-a63365677ac4	3	84653010	130044855	24643	0.0049
c27e3367-1e5d-4356-97ac-a63365677ac4	3	130047743	130087393	37	0.7618
c27e3367-1e5d-4356-97ac-a63365677ac4	3	130088081	162795304	20206	0.0002
c27e3367-1e5d-4356-97ac-a63365677ac4	3	162795361	162898127	61	0.6247
c27e3367-1e5d-4356-97ac-a63365677ac4	3	162906054	193160113	19096	-0.0026
c27e3367-1e5d-4356-97ac-a63365677ac4	3	193160173	193165114	19	2.8918
c27e3367-1e5d-4356-97ac-a63365677ac4	3	193168646	195656271	1482	-0.0031
c27e3367-1e5d-4356-97ac-a63365677ac4	3	195663809	195728990	26	-0.4783
c27e3367-1e5d-4356-97ac-a63365677ac4	3	195729005	195729085	5	0.153
c27e3367-1e5d-4356-97ac-a63365677ac4	3	195729177	195747892	12	0.6652
c27e3367-1e5d-4356-97ac-a63365677ac4	3	195751823	198169247	1166	-0.0062
c27e3367-1e5d-4356-97ac-a63365677ac4	4	68929	5236724	2480	0.0036
c27e3367-1e5d-4356-97ac-a63365677ac4	4	5236909	5247778	5	-1.1821
c27e3367-1e5d-4356-97ac-a63365677ac4	4	5248507	9455251	2657	0.0135
c27e3367-1e5d-4356-97ac-a63365677ac4	4	9459504	9477699	6	0.8878
c27e3367-1e5d-4356-97ac-a63365677ac4	4	9484440	9858273	159	-0.0037
c27e3367-1e5d-4356-97ac-a63365677ac4	4	9858277	9862603	3	0.833
c27e3367-1e5d-4356-97ac-a63365677ac4	4	9863418	10221792	375	-0.0092
c27e3367-1e5d-4356-97ac-a63365677ac4	4	10222004	10229874	27	-1.7827
c27e3367-1e5d-4356-97ac-a63365677ac4	4	10232590	34777432	16926	-0.0009
c27e3367-1e5d-4356-97ac-a63365677ac4	4	34784878	34823103	38	-0.7167
c27e3367-1e5d-4356-97ac-a63365677ac4	4	34828250	63806949	16487	-0.0009
c27e3367-1e5d-4356-97ac-a63365677ac4	4	63807836	63828222	14	-0.2624
c27e3367-1e5d-4356-97ac-a63365677ac4	4	63831751	63838575	7	-1.4068
c27e3367-1e5d-4356-97ac-a63365677ac4	4	63839438	63840033	13	-0.4281
c27e3367-1e5d-4356-97ac-a63365677ac4	4	63841863	63842540	8	-2.6392
c27e3367-1e5d-4356-97ac-a63365677ac4	4	63850713	68378716	2835	0.0096
c27e3367-1e5d-4356-97ac-a63365677ac4	4	68389352	68422424	10	-0.9875
c27e3367-1e5d-4356-97ac-a63365677ac4	4	68429081	76872059	5044	-0.0036
c27e3367-1e5d-4356-97ac-a63365677ac4	4	76872087	76872625	6	-1.0267
c27e3367-1e5d-4356-97ac-a63365677ac4	4	76872676	103824414	16332	-0.0013
c27e3367-1e5d-4356-97ac-a63365677ac4	4	103830473	103830480	5	1.1347
c27e3367-1e5d-4356-97ac-a63365677ac4	4	103830487	114252544	6279	-0.001
c27e3367-1e5d-4356-97ac-a63365677ac4	4	114254167	114261019	23	-1.4872
c27e3367-1e5d-4356-97ac-a63365677ac4	4	114263073	171448195	34514	0.0021
c27e3367-1e5d-4356-97ac-a63365677ac4	4	171453733	171456307	9	2.4636
c27e3367-1e5d-4356-97ac-a63365677ac4	4	171456559	172066777	399	-0.0147
c27e3367-1e5d-4356-97ac-a63365677ac4	4	172067997	172068354	10	0.6997
c27e3367-1e5d-4356-97ac-a63365677ac4	4	172068368	172507191	235	-0.01
c27e3367-1e5d-4356-97ac-a63365677ac4	4	172507320	172507492	3	1.4023
c27e3367-1e5d-4356-97ac-a63365677ac4	4	172519981	180209402	4856	0.0005
c27e3367-1e5d-4356-97ac-a63365677ac4	4	180215918	180217172	8	-0.9596
c27e3367-1e5d-4356-97ac-a63365677ac4	4	180225002	190106768	6940	0.0023
c27e3367-1e5d-4356-97ac-a63365677ac4	5	15532	773075	331	0.0122
c27e3367-1e5d-4356-97ac-a63365677ac4	5	773432	852451	23	0.7829
c27e3367-1e5d-4356-97ac-a63365677ac4	5	863682	4133446	2653	0.0135
c27e3367-1e5d-4356-97ac-a63365677ac4	5	4135162	4136891	4	-1.1485
c27e3367-1e5d-4356-97ac-a63365677ac4	5	4137541	26789387	15762	-0.0002
c27e3367-1e5d-4356-97ac-a63365677ac4	5	26797651	26797735	2	-1.786
c27e3367-1e5d-4356-97ac-a63365677ac4	5	26803775	46191782	11756	0.0017
c27e3367-1e5d-4356-97ac-a63365677ac4	5	46195781	46199333	4	-1.5817
c27e3367-1e5d-4356-97ac-a63365677ac4	5	46209197	46271006	15	0.1699
c27e3367-1e5d-4356-97ac-a63365677ac4	5	46271828	46273400	6	1.3429
c27e3367-1e5d-4356-97ac-a63365677ac4	5	46278110	82122944	19239	-0.0012
c27e3367-1e5d-4356-97ac-a63365677ac4	5	82123459	82123471	2	-2.7839
c27e3367-1e5d-4356-97ac-a63365677ac4	5	82131663	152135825	43269	0.001
c27e3367-1e5d-4356-97ac-a63365677ac4	5	152135909	152138790	13	-0.8377
c27e3367-1e5d-4356-97ac-a63365677ac4	5	152140710	175946505	16690	0.0036
c27e3367-1e5d-4356-97ac-a63365677ac4	5	175960543	176223216	77	0.6566
c27e3367-1e5d-4356-97ac-a63365677ac4	5	176223481	180947523	2455	-0.0042
c27e3367-1e5d-4356-97ac-a63365677ac4	5	180951710	181006264	21	-2.0492
c27e3367-1e5d-4356-97ac-a63365677ac4	5	181015400	181363319	167	0.0022
c27e3367-1e5d-4356-97ac-a63365677ac4	6	149661	250561	91	-0.0178
c27e3367-1e5d-4356-97ac-a63365677ac4	6	250619	375277	105	0.2731
c27e3367-1e5d-4356-97ac-a63365677ac4	6	375759	9525640	7392	0.0009
c27e3367-1e5d-4356-97ac-a63365677ac4	6	9528280	9528811	2	-1.713
c27e3367-1e5d-4356-97ac-a63365677ac4	6	9530983	9761804	135	0.0181
c27e3367-1e5d-4356-97ac-a63365677ac4	6	9764820	9765120	3	-1.0694
c27e3367-1e5d-4356-97ac-a63365677ac4	6	9767232	14949051	3971	0.0008
c27e3367-1e5d-4356-97ac-a63365677ac4	6	14949097	14954209	3	-1.4415
c27e3367-1e5d-4356-97ac-a63365677ac4	6	14955731	26739499	8466	-0.0032
c27e3367-1e5d-4356-97ac-a63365677ac4	6	26743855	26759781	6	1.0436
c27e3367-1e5d-4356-97ac-a63365677ac4	6	26831719	29869295	1409	0.004
c27e3367-1e5d-4356-97ac-a63365677ac4	6	29869410	29881490	16	-1.156
c27e3367-1e5d-4356-97ac-a63365677ac4	6	29882419	31309909	660	-0.0238
c27e3367-1e5d-4356-97ac-a63365677ac4	6	31313046	31328674	12	-1.1207
c27e3367-1e5d-4356-97ac-a63365677ac4	6	31342147	65684197	19137	-0.0032
c27e3367-1e5d-4356-97ac-a63365677ac4	6	65689589	65693959	23	-0.6016
c27e3367-1e5d-4356-97ac-a63365677ac4	6	65697234	68655995	2059	0.0101
c27e3367-1e5d-4356-97ac-a63365677ac4	6	68656043	68704343	30	0.5462
c27e3367-1e5d-4356-97ac-a63365677ac4	6	68704730	78261995	6105	0.0067
c27e3367-1e5d-4356-97ac-a63365677ac4	6	78262064	78331916	109	0.2354
c27e3367-1e5d-4356-97ac-a63365677ac4	6	78332002	86693355	5185	0.0048
c27e3367-1e5d-4356-97ac-a63365677ac4	6	86696922	86701394	21	-0.9635
c27e3367-1e5d-4356-97ac-a63365677ac4	6	86701398	94662378	5250	0.0036
c27e3367-1e5d-4356-97ac-a63365677ac4	6	94662892	94668345	3	-1.4518
c27e3367-1e5d-4356-97ac-a63365677ac4	6	94669648	103542211	5155	0
c27e3367-1e5d-4356-97ac-a63365677ac4	6	103542635	103545446	4	-1.288
c27e3367-1e5d-4356-97ac-a63365677ac4	6	103545940	105279898	1054	-0.0007
c27e3367-1e5d-4356-97ac-a63365677ac4	6	105280397	105282870	2	-1.5146
c27e3367-1e5d-4356-97ac-a63365677ac4	6	105283691	113900791	5441	0.0008
c27e3367-1e5d-4356-97ac-a63365677ac4	6	113903677	113903852	2	-2.137
c27e3367-1e5d-4356-97ac-a63365677ac4	6	113904647	135606582	13509	0.0014
c27e3367-1e5d-4356-97ac-a63365677ac4	6	135607165	135612431	2	-1.8012
c27e3367-1e5d-4356-97ac-a63365677ac4	6	135612873	146318707	6703	-0.0055
c27e3367-1e5d-4356-97ac-a63365677ac4	6	146323044	146323056	4	-1.2514
c27e3367-1e5d-4356-97ac-a63365677ac4	6	146325838	151974478	4003	-0.0203
c27e3367-1e5d-4356-97ac-a63365677ac4	6	151974861	151975147	5	1.1299
c27e3367-1e5d-4356-97ac-a63365677ac4	6	151980270	157358463	3762	0.002
c27e3367-1e5d-4356-97ac-a63365677ac4	6	157360232	157366396	2	-1.9116
c27e3367-1e5d-4356-97ac-a63365677ac4	6	157375044	170741917	9366	-0.0054
c27e3367-1e5d-4356-97ac-a63365677ac4	7	43355	37890092	26995	0.0002
c27e3367-1e5d-4356-97ac-a63365677ac4	7	37890198	37896928	14	0.6372
c27e3367-1e5d-4356-97ac-a63365677ac4	7	37897431	43026186	3531	-0.0117
c27e3367-1e5d-4356-97ac-a63365677ac4	7	43026289	43047034	20	-0.6876
c27e3367-1e5d-4356-97ac-a63365677ac4	7	43056011	49602783	4299	-0.0036
c27e3367-1e5d-4356-97ac-a63365677ac4	7	49605372	49610018	3	-1.7891
c27e3367-1e5d-4356-97ac-a63365677ac4	7	49611833	53145660	2641	0.0045
c27e3367-1e5d-4356-97ac-a63365677ac4	7	53146318	53156532	14	-0.903
c27e3367-1e5d-4356-97ac-a63365677ac4	7	53156879	54305455	839	-0.0019
c27e3367-1e5d-4356-97ac-a63365677ac4	7	54318812	54318824	6	-2.2523
c27e3367-1e5d-4356-97ac-a63365677ac4	7	54325795	62835861	2150	-0.0055
c27e3367-1e5d-4356-97ac-a63365677ac4	7	62865135	63310229	176	0.5736
c27e3367-1e5d-4356-97ac-a63365677ac4	7	63369248	97772620	19438	0.0014
c27e3367-1e5d-4356-97ac-a63365677ac4	7	97772647	97773163	7	-0.9631
c27e3367-1e5d-4356-97ac-a63365677ac4	7	97774928	109800866	6602	0.0035
c27e3367-1e5d-4356-97ac-a63365677ac4	7	109801155	109813925	13	0.832
c27e3367-1e5d-4356-97ac-a63365677ac4	7	109814172	142069891	19917	-0.0002
c27e3367-1e5d-4356-97ac-a63365677ac4	7	142070260	142087828	21	0.5784
c27e3367-1e5d-4356-97ac-a63365677ac4	7	142087846	153450553	6759	0.004
c27e3367-1e5d-4356-97ac-a63365677ac4	7	153450560	153450627	2	-2.374
c27e3367-1e5d-4356-97ac-a63365677ac4	7	153450630	154598185	848	0.012
c27e3367-1e5d-4356-97ac-a63365677ac4	7	154601461	154607903	4	1.165
c27e3367-1e5d-4356-97ac-a63365677ac4	7	154609120	155671335	915	0.0015
c27e3367-1e5d-4356-97ac-a63365677ac4	7	155673169	155676942	3	-1.6554
c27e3367-1e5d-4356-97ac-a63365677ac4	7	155683042	159334314	2313	-0.0025
c27e3367-1e5d-4356-97ac-a63365677ac4	8	81254	644973	324	-0.0345
c27e3367-1e5d-4356-97ac-a63365677ac4	8	645220	645875	6	0.8922
c27e3367-1e5d-4356-97ac-a63365677ac4	8	645892	645908	2	3.7257
c27e3367-1e5d-4356-97ac-a63365677ac4	8	656117	12385031	10683	-0.0129
c27e3367-1e5d-4356-97ac-a63365677ac4	8	12387683	12389977	7	-2.2176
c27e3367-1e5d-4356-97ac-a63365677ac4	8	12418301	12585546	19	-0.0139
c27e3367-1e5d-4356-97ac-a63365677ac4	8	12616034	12624470	8	-0.8189
c27e3367-1e5d-4356-97ac-a63365677ac4	8	12624538	13947089	1265	0.0089
c27e3367-1e5d-4356-97ac-a63365677ac4	8	13947497	13957826	12	-0.8528
c27e3367-1e5d-4356-97ac-a63365677ac4	8	13958557	17379498	3005	-0.0101
c27e3367-1e5d-4356-97ac-a63365677ac4	8	17379961	17380027	2	-1.7647
c27e3367-1e5d-4356-97ac-a63365677ac4	8	17380099	17752584	417	-0.0006
c27e3367-1e5d-4356-97ac-a63365677ac4	8	17753125	17753205	2	-2.7143
c27e3367-1e5d-4356-97ac-a63365677ac4	8	17753565	23544795	4513	0.0004
c27e3367-1e5d-4356-97ac-a63365677ac4	8	23550227	23550358	5	-0.8381
c27e3367-1e5d-4356-97ac-a63365677ac4	8	23550392	25116928	1135	0.0142
c27e3367-1e5d-4356-97ac-a63365677ac4	8	25116961	25126818	26	0.6746
c27e3367-1e5d-4356-97ac-a63365677ac4	8	25133589	74396083	29062	0.001
c27e3367-1e5d-4356-97ac-a63365677ac4	8	74406948	74416300	6	-1.1662
c27e3367-1e5d-4356-97ac-a63365677ac4	8	74419850	136881227	39724	0.0049
c27e3367-1e5d-4356-97ac-a63365677ac4	8	136882257	136882271	2	-1.9383
c27e3367-1e5d-4356-97ac-a63365677ac4	8	136888490	145072769	4965	0.0064
c27e3367-1e5d-4356-97ac-a63365677ac4	9	46587	592306	478	0.0181
c27e3367-1e5d-4356-97ac-a63365677ac4	9	592552	592567	2	-2.4088
c27e3367-1e5d-4356-97ac-a63365677ac4	9	592718	6655056	5835	0.0011
c27e3367-1e5d-4356-97ac-a63365677ac4	9	6657192	6661406	2	1.9275
c27e3367-1e5d-4356-97ac-a63365677ac4	9	6661613	22492890	13455	-0.0013
c27e3367-1e5d-4356-97ac-a63365677ac4	9	22501914	22502700	2	-3.4709
c27e3367-1e5d-4356-97ac-a63365677ac4	9	22509341	29089612	4900	0.0036
c27e3367-1e5d-4356-97ac-a63365677ac4	9	29090448	29097682	5	0.9962
c27e3367-1e5d-4356-97ac-a63365677ac4	9	29101434	39588611	6389	-0.0018
c27e3367-1e5d-4356-97ac-a63365677ac4	9	39747848	40229601	11	0.9215
c27e3367-1e5d-4356-97ac-a63365677ac4	9	40712794	41451846	62	0.0744
c27e3367-1e5d-4356-97ac-a63365677ac4	9	41473331	41659472	26	0.4498
c27e3367-1e5d-4356-97ac-a63365677ac4	9	41666811	41741113	6	-0.2241
c27e3367-1e5d-4356-97ac-a63365677ac4	9	42014203	42546668	36	-1.5446
c27e3367-1e5d-4356-97ac-a63365677ac4	9	42566207	42726239	15	-0.5718
c27e3367-1e5d-4356-97ac-a63365677ac4	9	42727685	42856247	29	-0.0044
c27e3367-1e5d-4356-97ac-a63365677ac4	9	60863881	61692082	47	0.6113
c27e3367-1e5d-4356-97ac-a63365677ac4	9	61692688	103804216	24895	-0.0019
c27e3367-1e5d-4356-97ac-a63365677ac4	9	103806415	103807009	2	-2.8259
c27e3367-1e5d-4356-97ac-a63365677ac4	9	103808421	104599429	626	0.0121
c27e3367-1e5d-4356-97ac-a63365677ac4	9	104601552	104607755	30	-0.8538
c27e3367-1e5d-4356-97ac-a63365677ac4	9	104609372	138200944	22385	0.0004
c27e3367-1e5d-4356-97ac-a63365677ac4	10	45792	2048827	1488	-0.0077
c27e3367-1e5d-4356-97ac-a63365677ac4	10	2050582	2051513	3	-1.7347
c27e3367-1e5d-4356-97ac-a63365677ac4	10	2052872	4248622	2075	-0.0135
c27e3367-1e5d-4356-97ac-a63365677ac4	10	4248646	4248732	2	2.1235
c27e3367-1e5d-4356-97ac-a63365677ac4	10	4248824	55188448	33534	-0.0019
c27e3367-1e5d-4356-97ac-a63365677ac4	10	55196175	55236970	26	-0.9745
c27e3367-1e5d-4356-97ac-a63365677ac4	10	55240095	65810745	7409	0.0014
c27e3367-1e5d-4356-97ac-a63365677ac4	10	65811072	65819265	2	-2.2058
c27e3367-1e5d-4356-97ac-a63365677ac4	10	65819574	70668807	3243	0.0017
c27e3367-1e5d-4356-97ac-a63365677ac4	10	70673754	70681472	3	-1.3671
c27e3367-1e5d-4356-97ac-a63365677ac4	10	70681594	76493093	3301	0.0078
c27e3367-1e5d-4356-97ac-a63365677ac4	10	76497303	76497852	2	2.2755
c27e3367-1e5d-4356-97ac-a63365677ac4	10	76501509	78352399	1446	0.0034
c27e3367-1e5d-4356-97ac-a63365677ac4	10	78352427	78352437	2	-1.7907
c27e3367-1e5d-4356-97ac-a63365677ac4	10	78352458	105922996	17832	-0.0014
c27e3367-1e5d-4356-97ac-a63365677ac4	10	105924200	105924244	2	-1.8644
c27e3367-1e5d-4356-97ac-a63365677ac4	10	105928593	122564250	12173	0.0037
c27e3367-1e5d-4356-97ac-a63365677ac4	10	122574497	122598210	9	0.8269
c27e3367-1e5d-4356-97ac-a63365677ac4	10	122623497	123344001	527	0.0253
c27e3367-1e5d-4356-97ac-a63365677ac4	10	123345274	123346244	3	-2.5028
c27e3367-1e5d-4356-97ac-a63365677ac4	10	123346576	128555922	3822	0.006
c27e3367-1e5d-4356-97ac-a63365677ac4	10	128556102	128556916	2	-1.7971
c27e3367-1e5d-4356-97ac-a63365677ac4	10	128557077	133654968	3519	0.0111
c27e3367-1e5d-4356-97ac-a63365677ac4	11	198510	4946021	2411	0.0096
c27e3367-1e5d-4356-97ac-a63365677ac4	11	4946166	4954475	30	0.4712
c27e3367-1e5d-4356-97ac-a63365677ac4	11	4955027	5766850	781	-0.0082
c27e3367-1e5d-4356-97ac-a63365677ac4	11	5766862	5795002	36	0.3489
c27e3367-1e5d-4356-97ac-a63365677ac4	11	5795055	11071725	3692	0.0011
c27e3367-1e5d-4356-97ac-a63365677ac4	11	11071909	11071966	2	-2.0916
c27e3367-1e5d-4356-97ac-a63365677ac4	11	11076143	40148455	20960	-0.0005
c27e3367-1e5d-4356-97ac-a63365677ac4	11	40152685	40159022	7	-1.0893
c27e3367-1e5d-4356-97ac-a63365677ac4	11	40164575	48576870	5261	0.0014
c27e3367-1e5d-4356-97ac-a63365677ac4	11	48579882	48581124	2	1.782
c27e3367-1e5d-4356-97ac-a63365677ac4	11	48584766	54924229	935	0.0258
c27e3367-1e5d-4356-97ac-a63365677ac4	11	54933825	54934156	3	-2.0481
c27e3367-1e5d-4356-97ac-a63365677ac4	11	54940988	55595864	237	0.0563
c27e3367-1e5d-4356-97ac-a63365677ac4	11	55606556	55685501	58	0.4817
c27e3367-1e5d-4356-97ac-a63365677ac4	11	55685533	90833345	20352	0.005
c27e3367-1e5d-4356-97ac-a63365677ac4	11	90835019	90837870	4	-2.9696
c27e3367-1e5d-4356-97ac-a63365677ac4	11	90838996	93598121	1969	0.0017
c27e3367-1e5d-4356-97ac-a63365677ac4	11	93599015	93599361	4	-0.999
c27e3367-1e5d-4356-97ac-a63365677ac4	11	93603783	97380101	2726	0.0063
c27e3367-1e5d-4356-97ac-a63365677ac4	11	97384074	97390585	15	-0.4903
c27e3367-1e5d-4356-97ac-a63365677ac4	11	97394879	98291686	667	0.0194
c27e3367-1e5d-4356-97ac-a63365677ac4	11	98292941	98296065	5	-1.2145
c27e3367-1e5d-4356-97ac-a63365677ac4	11	98298020	98809018	333	0.0327
c27e3367-1e5d-4356-97ac-a63365677ac4	11	98813541	98816774	2	-1.4715
c27e3367-1e5d-4356-97ac-a63365677ac4	11	98816784	101723653	2381	0.0038
c27e3367-1e5d-4356-97ac-a63365677ac4	11	101727129	101727233	4	-1.6977
c27e3367-1e5d-4356-97ac-a63365677ac4	11	101727481	135074876	23659	0.0087
c27e3367-1e5d-4356-97ac-a63365677ac4	12	51460	8404097	5585	0.0018
c27e3367-1e5d-4356-97ac-a63365677ac4	12	8405892	8422738	14	1.2351
c27e3367-1e5d-4356-97ac-a63365677ac4	12	8423870	33141726	17107	-0.0022
c27e3367-1e5d-4356-97ac-a63365677ac4	12	33148472	33154440	27	-0.7031
c27e3367-1e5d-4356-97ac-a63365677ac4	12	33155426	45510655	5569	0.0005
c27e3367-1e5d-4356-97ac-a63365677ac4	12	45512057	45515754	3	-1.9355
c27e3367-1e5d-4356-97ac-a63365677ac4	12	45519509	81818870	22331	0.0029
c27e3367-1e5d-4356-97ac-a63365677ac4	12	81825597	81828280	3	-1.4505
c27e3367-1e5d-4356-97ac-a63365677ac4	12	81828773	89353537	4391	0.0075
c27e3367-1e5d-4356-97ac-a63365677ac4	12	89355446	89355732	2	-1.7358
c27e3367-1e5d-4356-97ac-a63365677ac4	12	89355768	90089573	416	-0.0251
c27e3367-1e5d-4356-97ac-a63365677ac4	12	90097892	90098297	7	0.9807
c27e3367-1e5d-4356-97ac-a63365677ac4	12	90099780	99397874	6432	-0.0026
c27e3367-1e5d-4356-97ac-a63365677ac4	12	99397993	99404956	34	-0.6737
c27e3367-1e5d-4356-97ac-a63365677ac4	12	99409315	133201603	22661	-0.0031
c27e3367-1e5d-4356-97ac-a63365677ac4	13	18452809	19547319	530	0.0036
c27e3367-1e5d-4356-97ac-a63365677ac4	13	19549755	19549770	2	2.3238
c27e3367-1e5d-4356-97ac-a63365677ac4	13	19550361	23055071	2318	-0.0103
c27e3367-1e5d-4356-97ac-a63365677ac4	13	23058539	23059376	12	-0.6117
c27e3367-1e5d-4356-97ac-a63365677ac4	13	23064056	37501828	10582	-0.0024
c27e3367-1e5d-4356-97ac-a63365677ac4	13	37502130	37514193	13	0.762
c27e3367-1e5d-4356-97ac-a63365677ac4	13	37514237	57176962	12482	-0.0018
c27e3367-1e5d-4356-97ac-a63365677ac4	13	57184136	57204246	34	-2.1132
c27e3367-1e5d-4356-97ac-a63365677ac4	13	57215580	58652775	795	-0.0074
c27e3367-1e5d-4356-97ac-a63365677ac4	13	58656556	58658924	5	-1.1046
c27e3367-1e5d-4356-97ac-a63365677ac4	13	58658937	114342922	37123	0.0023
c27e3367-1e5d-4356-97ac-a63365677ac4	14	18239283	18605867	12	-0.1297
c27e3367-1e5d-4356-97ac-a63365677ac4	14	18625765	19298389	36	0.5916
c27e3367-1e5d-4356-97ac-a63365677ac4	14	19326853	19732222	18	-0.0667
c27e3367-1e5d-4356-97ac-a63365677ac4	14	19732250	19955213	101	0.7275
c27e3367-1e5d-4356-97ac-a63365677ac4	14	19956767	21580443	1070	0
c27e3367-1e5d-4356-97ac-a63365677ac4	14	21582009	21587633	11	1.1358
c27e3367-1e5d-4356-97ac-a63365677ac4	14	21604196	105688531	53481	0.0011
c27e3367-1e5d-4356-97ac-a63365677ac4	14	105691429	105758187	14	1.2052
c27e3367-1e5d-4356-97ac-a63365677ac4	14	105779965	106321086	199	-0.0006
c27e3367-1e5d-4356-97ac-a63365677ac4	14	106340102	106346129	7	-1.5058
c27e3367-1e5d-4356-97ac-a63365677ac4	14	106360014	106877229	274	0.0074
c27e3367-1e5d-4356-97ac-a63365677ac4	15	19811075	20235285	63	0.1354
c27e3367-1e5d-4356-97ac-a63365677ac4	15	20240885	20327364	11	0.7037
c27e3367-1e5d-4356-97ac-a63365677ac4	15	20336727	22227530	107	0.3624
c27e3367-1e5d-4356-97ac-a63365677ac4	15	22228782	22413894	28	0.7947
c27e3367-1e5d-4356-97ac-a63365677ac4	15	22455811	24424598	987	0.0102
c27e3367-1e5d-4356-97ac-a63365677ac4	15	24429604	24486725	38	-0.6684
c27e3367-1e5d-4356-97ac-a63365677ac4	15	24488093	30231102	3586	0.002
c27e3367-1e5d-4356-97ac-a63365677ac4	15	30252720	30259942	4	-1.395
c27e3367-1e5d-4356-97ac-a63365677ac4	15	30269364	30515739	20	-0.0407
c27e3367-1e5d-4356-97ac-a63365677ac4	15	30595753	30608675	2	-1.762
c27e3367-1e5d-4356-97ac-a63365677ac4	15	30621384	32239115	1055	-0.0106
c27e3367-1e5d-4356-97ac-a63365677ac4	15	32240890	32382193	13	0.5239
c27e3367-1e5d-4356-97ac-a63365677ac4	15	32484010	76598900	27876	0.0011
c27e3367-1e5d-4356-97ac-a63365677ac4	15	76599170	76603434	21	0.9791
c27e3367-1e5d-4356-97ac-a63365677ac4	15	76609838	83871986	4399	0.0031
c27e3367-1e5d-4356-97ac-a63365677ac4	15	83874133	83878795	7	-1.1403
c27e3367-1e5d-4356-97ac-a63365677ac4	15	83879115	101928837	13138	0.0032
c27e3367-1e5d-4356-97ac-a63365677ac4	16	10777	78264591	41064	0.0002
c27e3367-1e5d-4356-97ac-a63365677ac4	16	78266150	78320176	48	-1.0154
c27e3367-1e5d-4356-97ac-a63365677ac4	16	78327252	78337711	11	-0.187
c27e3367-1e5d-4356-97ac-a63365677ac4	16	78338543	78350841	16	0.7386
c27e3367-1e5d-4356-97ac-a63365677ac4	16	78350868	78373670	45	-0.0687
c27e3367-1e5d-4356-97ac-a63365677ac4	16	78379550	78416213	51	-1.066
c27e3367-1e5d-4356-97ac-a63365677ac4	16	78420625	84664306	6816	-0.0038
c27e3367-1e5d-4356-97ac-a63365677ac4	16	84664404	84664482	2	-2.0506
c27e3367-1e5d-4356-97ac-a63365677ac4	16	84664504	90096867	3654	0.006
c27e3367-1e5d-4356-97ac-a63365677ac4	17	150733	761804	337	-0.0239
c27e3367-1e5d-4356-97ac-a63365677ac4	17	764003	764137	2	1.7295
c27e3367-1e5d-4356-97ac-a63365677ac4	17	775251	9581857	5028	0.0035
c27e3367-1e5d-4356-97ac-a63365677ac4	17	9583764	9583987	2	-1.876
c27e3367-1e5d-4356-97ac-a63365677ac4	17	9584002	18452078	5993	-0.005
c27e3367-1e5d-4356-97ac-a63365677ac4	17	18455632	18509244	16	0.7936
c27e3367-1e5d-4356-97ac-a63365677ac4	17	18523147	36109315	6824	0.0023
c27e3367-1e5d-4356-97ac-a63365677ac4	17	36109735	36208249	37	0.5383
c27e3367-1e5d-4356-97ac-a63365677ac4	17	36460442	41265456	2522	0.0008
c27e3367-1e5d-4356-97ac-a63365677ac4	17	41266762	41274198	23	0.835
c27e3367-1e5d-4356-97ac-a63365677ac4	17	41274279	46085231	2495	0.0031
c27e3367-1e5d-4356-97ac-a63365677ac4	17	46085732	46286804	125	0.58
c27e3367-1e5d-4356-97ac-a63365677ac4	17	46323701	80655063	20570	0.0073
c27e3367-1e5d-4356-97ac-a63365677ac4	17	80655993	80660379	2	1.9412
c27e3367-1e5d-4356-97ac-a63365677ac4	17	80660500	81416288	323	0.008
c27e3367-1e5d-4356-97ac-a63365677ac4	17	81418571	81418872	8	0.5394
c27e3367-1e5d-4356-97ac-a63365677ac4	17	81418886	82691356	409	0.0239
c27e3367-1e5d-4356-97ac-a63365677ac4	17	82695004	82695857	7	-0.8501
c27e3367-1e5d-4356-97ac-a63365677ac4	17	82696229	83091923	202	0.0029
c27e3367-1e5d-4356-97ac-a63365677ac4	18	48133	42351574	23847	0.0026
c27e3367-1e5d-4356-97ac-a63365677ac4	18	42357227	42357824	10	-0.6826
c27e3367-1e5d-4356-97ac-a63365677ac4	18	42360438	66050517	16298	0.0002
c27e3367-1e5d-4356-97ac-a63365677ac4	18	66054343	66061104	13	-0.6903
c27e3367-1e5d-4356-97ac-a63365677ac4	18	66065502	73840023	5779	-0.0025
c27e3367-1e5d-4356-97ac-a63365677ac4	18	73840164	73840339	2	-1.6174
c27e3367-1e5d-4356-97ac-a63365677ac4	18	73840645	80257174	4615	-0.0013
c27e3367-1e5d-4356-97ac-a63365677ac4	19	90910	20644170	9043	0.0066
c27e3367-1e5d-4356-97ac-a63365677ac4	19	20646785	20814990	97	0.5505
c27e3367-1e5d-4356-97ac-a63365677ac4	19	20815183	35302135	7487	0.0052
c27e3367-1e5d-4356-97ac-a63365677ac4	19	35304513	35305076	2	-2.3552
c27e3367-1e5d-4356-97ac-a63365677ac4	19	35307765	43544465	4096	0.008
c27e3367-1e5d-4356-97ac-a63365677ac4	19	43548804	43548956	2	-1.6214
c27e3367-1e5d-4356-97ac-a63365677ac4	19	43550906	52970184	4911	0.0119
c27e3367-1e5d-4356-97ac-a63365677ac4	19	52970820	52971136	2	-1.9397
c27e3367-1e5d-4356-97ac-a63365677ac4	19	52972714	54215083	821	-0.0167
c27e3367-1e5d-4356-97ac-a63365677ac4	19	54215099	54237443	18	0.5862
c27e3367-1e5d-4356-97ac-a63365677ac4	19	54249482	58586487	2582	0.0002
c27e3367-1e5d-4356-97ac-a63365677ac4	20	80664	88767	20	-0.0233
c27e3367-1e5d-4356-97ac-a63365677ac4	20	89690	92905	3	1.4259
c27e3367-1e5d-4356-97ac-a63365677ac4	20	93706	1580353	1178	0.0147
c27e3367-1e5d-4356-97ac-a63365677ac4	20	1580934	1617300	42	-1.1813
c27e3367-1e5d-4356-97ac-a63365677ac4	20	1617460	14812166	9889	-0.0017
c27e3367-1e5d-4356-97ac-a63365677ac4	20	14812188	14812192	2	-2.3155
c27e3367-1e5d-4356-97ac-a63365677ac4	20	14812769	30185676	8830	0.01
c27e3367-1e5d-4356-97ac-a63365677ac4	20	30193847	30293217	16	-0.5881
c27e3367-1e5d-4356-97ac-a63365677ac4	20	30295149	64324800	22311	0.0037
c27e3367-1e5d-4356-97ac-a63365677ac4	21	10354168	10404522	8	-0.6883
c27e3367-1e5d-4356-97ac-a63365677ac4	21	10420775	10605368	63	0.1034
c27e3367-1e5d-4356-97ac-a63365677ac4	21	10606113	10775586	16	0.5375
c27e3367-1e5d-4356-97ac-a63365677ac4	21	12973348	17449150	2546	-0.0065
c27e3367-1e5d-4356-97ac-a63365677ac4	21	17449580	17449856	3	-1.5248
c27e3367-1e5d-4356-97ac-a63365677ac4	21	17455917	46677045	21142	0.003
c27e3367-1e5d-4356-97ac-a63365677ac4	22	15294547	22396046	3444	-0.0003
c27e3367-1e5d-4356-97ac-a63365677ac4	22	22396060	22398545	9	0.6601
c27e3367-1e5d-4356-97ac-a63365677ac4	22	22402989	23929558	919	0.0014
c27e3367-1e5d-4356-97ac-a63365677ac4	22	23940911	23995755	20	0.4805
c27e3367-1e5d-4356-97ac-a63365677ac4	22	24002228	38955461	10815	0.0042
c27e3367-1e5d-4356-97ac-a63365677ac4	22	38967614	38993700	25	-0.5955
c27e3367-1e5d-4356-97ac-a63365677ac4	22	38993715	50796027	7996	0.0075
c27e3367-1e5d-4356-97ac-a63365677ac4	X	251810	582045	42	-0.0258
c27e3367-1e5d-4356-97ac-a63365677ac4	X	587305	601487	5	-1.2031
c27e3367-1e5d-4356-97ac-a63365677ac4	X	605191	4759526	1425	-0.0112
c27e3367-1e5d-4356-97ac-a63365677ac4	X	4759691	4761176	2	-2.041
c27e3367-1e5d-4356-97ac-a63365677ac4	X	4761308	7641450	2263	-0.0084
c27e3367-1e5d-4356-97ac-a63365677ac4	X	7641953	7643017	2	1.8903
c27e3367-1e5d-4356-97ac-a63365677ac4	X	7643064	10111156	1912	0.0041
c27e3367-1e5d-4356-97ac-a63365677ac4	X	10111512	10111521	2	-1.5605
c27e3367-1e5d-4356-97ac-a63365677ac4	X	10111528	14455613	3114	0.006
c27e3367-1e5d-4356-97ac-a63365677ac4	X	14456074	14456240	2	-1.5446
c27e3367-1e5d-4356-97ac-a63365677ac4	X	14456922	15323400	537	0.0055
c27e3367-1e5d-4356-97ac-a63365677ac4	X	15324506	15325620	3	-1.2539
c27e3367-1e5d-4356-97ac-a63365677ac4	X	15326247	55674826	22660	0.0021
c27e3367-1e5d-4356-97ac-a63365677ac4	X	55676226	55681123	3	-2.4156
c27e3367-1e5d-4356-97ac-a63365677ac4	X	55681253	57715898	1048	0.0148
c27e3367-1e5d-4356-97ac-a63365677ac4	X	57720205	57725422	2	2.1134
c27e3367-1e5d-4356-97ac-a63365677ac4	X	57732094	140951372	41231	0.0025
c27e3367-1e5d-4356-97ac-a63365677ac4	X	140953918	140954237	2	-3.0889
c27e3367-1e5d-4356-97ac-a63365677ac4	X	140956429	151124426	6701	0.0001
c27e3367-1e5d-4356-97ac-a63365677ac4	X	151125462	151126987	2	-1.7266
c27e3367-1e5d-4356-97ac-a63365677ac4	X	151128083	155952689	2354	0.0077
c27e3367-1e5d-4356-97ac-a63365677ac4	Y	2782397	6780142	860	-2.586
c27e3367-1e5d-4356-97ac-a63365677ac4	Y	6780720	25169825	5599	-3.0133
c27e3367-1e5d-4356-97ac-a63365677ac4	Y	25472063	56872112	179	-2.6531
