GDC_Aliquot	Chromosome	Start	End	Num_Probes	Segment_Mean
c8e51268-7a59-41fe-bd8c-c28e6fc7f1dd	1	62920	21991690	12075	0.006
c8e51268-7a59-41fe-bd8c-c28e6fc7f1dd	1	21992508	22011632	7	-0.9915
c8e51268-7a59-41fe-bd8c-c28e6fc7f1dd	1	22015896	22170210	97	0.0685
c8e51268-7a59-41fe-bd8c-c28e6fc7f1dd	1	22177283	22180930	3	-1.0911
c8e51268-7a59-41fe-bd8c-c28e6fc7f1dd	1	22182157	25003261	1612	0.0177
c8e51268-7a59-41fe-bd8c-c28e6fc7f1dd	1	25003287	25003500	2	-2.236
c8e51268-7a59-41fe-bd8c-c28e6fc7f1dd	1	25005094	25033457	19	-0.1927
c8e51268-7a59-41fe-bd8c-c28e6fc7f1dd	1	25037165	25088630	49	0.1217
c8e51268-7a59-41fe-bd8c-c28e6fc7f1dd	1	25089191	25092208	3	-0.236
c8e51268-7a59-41fe-bd8c-c28e6fc7f1dd	1	25096910	25098398	3	-1.3629
c8e51268-7a59-41fe-bd8c-c28e6fc7f1dd	1	25103400	25125946	24	0.0065
c8e51268-7a59-41fe-bd8c-c28e6fc7f1dd	1	25126604	25126679	4	0.9157
c8e51268-7a59-41fe-bd8c-c28e6fc7f1dd	1	25126804	25256850	88	-0.0396
c8e51268-7a59-41fe-bd8c-c28e6fc7f1dd	1	25266637	25320455	24	0.4856
c8e51268-7a59-41fe-bd8c-c28e6fc7f1dd	1	25336819	31148580	2992	0.0094
c8e51268-7a59-41fe-bd8c-c28e6fc7f1dd	1	31150820	31152499	2	-2.779
c8e51268-7a59-41fe-bd8c-c28e6fc7f1dd	1	31152542	34637053	1950	0.0136
c8e51268-7a59-41fe-bd8c-c28e6fc7f1dd	1	34637069	34638890	19	-0.4587
c8e51268-7a59-41fe-bd8c-c28e6fc7f1dd	1	34648667	38986185	2405	0.0151
c8e51268-7a59-41fe-bd8c-c28e6fc7f1dd	1	38992438	38993209	4	-1.7532
c8e51268-7a59-41fe-bd8c-c28e6fc7f1dd	1	38993888	72280898	21314	0.0071
c8e51268-7a59-41fe-bd8c-c28e6fc7f1dd	1	72284165	72297687	11	-0.8439
c8e51268-7a59-41fe-bd8c-c28e6fc7f1dd	1	72302735	72345465	48	0.7109
c8e51268-7a59-41fe-bd8c-c28e6fc7f1dd	1	72346221	81174024	5572	0.0073
c8e51268-7a59-41fe-bd8c-c28e6fc7f1dd	1	81174735	81232448	43	0.2585
c8e51268-7a59-41fe-bd8c-c28e6fc7f1dd	1	81233585	85095863	2683	-0.0053
c8e51268-7a59-41fe-bd8c-c28e6fc7f1dd	1	85097726	85105199	11	-0.9549
c8e51268-7a59-41fe-bd8c-c28e6fc7f1dd	1	85107946	95888558	6958	-0.0007
c8e51268-7a59-41fe-bd8c-c28e6fc7f1dd	1	95893929	95893949	2	-1.2468
c8e51268-7a59-41fe-bd8c-c28e6fc7f1dd	1	95894405	98138867	1287	0.0168
c8e51268-7a59-41fe-bd8c-c28e6fc7f1dd	1	98139674	98152768	11	0.5282
c8e51268-7a59-41fe-bd8c-c28e6fc7f1dd	1	98157069	101861587	2435	0.0119
c8e51268-7a59-41fe-bd8c-c28e6fc7f1dd	1	101863385	101863632	2	-0.9443
c8e51268-7a59-41fe-bd8c-c28e6fc7f1dd	1	101864595	102206536	242	0.0121
c8e51268-7a59-41fe-bd8c-c28e6fc7f1dd	1	102213050	102233991	21	0.3047
c8e51268-7a59-41fe-bd8c-c28e6fc7f1dd	1	102238929	102240089	3	-0.9432
c8e51268-7a59-41fe-bd8c-c28e6fc7f1dd	1	102240920	103613180	717	-0.005
c8e51268-7a59-41fe-bd8c-c28e6fc7f1dd	1	103614539	103717410	11	-1.0799
c8e51268-7a59-41fe-bd8c-c28e6fc7f1dd	1	103717617	105470754	917	0.0005
c8e51268-7a59-41fe-bd8c-c28e6fc7f1dd	1	105476583	105479753	17	-2.4626
c8e51268-7a59-41fe-bd8c-c28e6fc7f1dd	1	105481433	112147704	4592	0.0073
c8e51268-7a59-41fe-bd8c-c28e6fc7f1dd	1	112153343	112154390	18	0.8744
c8e51268-7a59-41fe-bd8c-c28e6fc7f1dd	1	112154552	113902991	1026	-0.0045
c8e51268-7a59-41fe-bd8c-c28e6fc7f1dd	1	113904412	113905292	2	-1.3226
c8e51268-7a59-41fe-bd8c-c28e6fc7f1dd	1	113910908	121601998	4131	0.0154
c8e51268-7a59-41fe-bd8c-c28e6fc7f1dd	1	121705338	143619868	44	0.3936
c8e51268-7a59-41fe-bd8c-c28e6fc7f1dd	1	143619968	146150530	265	0.0643
c8e51268-7a59-41fe-bd8c-c28e6fc7f1dd	1	146161924	146174153	2	-1.7875
c8e51268-7a59-41fe-bd8c-c28e6fc7f1dd	1	146250588	147906537	610	0.0567
c8e51268-7a59-41fe-bd8c-c28e6fc7f1dd	1	147907814	147908759	2	-1.973
c8e51268-7a59-41fe-bd8c-c28e6fc7f1dd	1	147910423	152583051	1514	0.0033
c8e51268-7a59-41fe-bd8c-c28e6fc7f1dd	1	152583230	152614118	35	1.0985
c8e51268-7a59-41fe-bd8c-c28e6fc7f1dd	1	152618018	169247699	11459	0.0012
c8e51268-7a59-41fe-bd8c-c28e6fc7f1dd	1	169264736	169272528	7	-2.1573
c8e51268-7a59-41fe-bd8c-c28e6fc7f1dd	1	169273163	174827267	3516	-0.0039
c8e51268-7a59-41fe-bd8c-c28e6fc7f1dd	1	174827418	174832702	16	-2.5273
c8e51268-7a59-41fe-bd8c-c28e6fc7f1dd	1	174832716	176287493	977	0.003
c8e51268-7a59-41fe-bd8c-c28e6fc7f1dd	1	176294104	176294151	2	1.6129
c8e51268-7a59-41fe-bd8c-c28e6fc7f1dd	1	176298908	179470495	2165	0.0029
c8e51268-7a59-41fe-bd8c-c28e6fc7f1dd	1	179476998	179478146	2	-1.303
c8e51268-7a59-41fe-bd8c-c28e6fc7f1dd	1	179478408	180779181	800	-0.0067
c8e51268-7a59-41fe-bd8c-c28e6fc7f1dd	1	180781437	180784228	3	-3.0253
c8e51268-7a59-41fe-bd8c-c28e6fc7f1dd	1	180784347	193244080	8382	0.0062
c8e51268-7a59-41fe-bd8c-c28e6fc7f1dd	1	193244261	193244344	4	2.0669
c8e51268-7a59-41fe-bd8c-c28e6fc7f1dd	1	193252785	196801565	2330	0.013
c8e51268-7a59-41fe-bd8c-c28e6fc7f1dd	1	196802150	196932623	80	-0.5594
c8e51268-7a59-41fe-bd8c-c28e6fc7f1dd	1	196936029	200871273	2482	0.0066
c8e51268-7a59-41fe-bd8c-c28e6fc7f1dd	1	200871534	200874640	2	-1.3008
c8e51268-7a59-41fe-bd8c-c28e6fc7f1dd	1	200876814	206605975	3676	-0.0036
c8e51268-7a59-41fe-bd8c-c28e6fc7f1dd	1	206609669	206610114	3	-1.7823
c8e51268-7a59-41fe-bd8c-c28e6fc7f1dd	1	206611170	209897717	2551	0.0092
c8e51268-7a59-41fe-bd8c-c28e6fc7f1dd	1	209908268	209910639	3	-2.045
c8e51268-7a59-41fe-bd8c-c28e6fc7f1dd	1	209913207	225477992	10555	-0.0015
c8e51268-7a59-41fe-bd8c-c28e6fc7f1dd	1	225478047	225480822	4	-1.644
c8e51268-7a59-41fe-bd8c-c28e6fc7f1dd	1	225481969	227237600	1080	0.0051
c8e51268-7a59-41fe-bd8c-c28e6fc7f1dd	1	227238371	227238705	3	-1.3177
c8e51268-7a59-41fe-bd8c-c28e6fc7f1dd	1	227241477	244583848	12567	0.003
c8e51268-7a59-41fe-bd8c-c28e6fc7f1dd	1	244584822	244585032	2	-1.9969
c8e51268-7a59-41fe-bd8c-c28e6fc7f1dd	1	244585155	246841508	1576	0.0033
c8e51268-7a59-41fe-bd8c-c28e6fc7f1dd	1	246846583	246847451	3	-1.5368
c8e51268-7a59-41fe-bd8c-c28e6fc7f1dd	1	246849422	247217308	201	-0.0379
c8e51268-7a59-41fe-bd8c-c28e6fc7f1dd	1	247222815	247227491	4	-0.8505
c8e51268-7a59-41fe-bd8c-c28e6fc7f1dd	1	247227505	247680410	290	-0.0065
c8e51268-7a59-41fe-bd8c-c28e6fc7f1dd	1	247686560	247693972	2	-2.1714
c8e51268-7a59-41fe-bd8c-c28e6fc7f1dd	1	247694026	248930189	688	0.0827
c8e51268-7a59-41fe-bd8c-c28e6fc7f1dd	2	12784	4158097	2984	0.025
c8e51268-7a59-41fe-bd8c-c28e6fc7f1dd	2	4166274	4175577	36	-0.5618
c8e51268-7a59-41fe-bd8c-c28e6fc7f1dd	2	4175922	7962159	3241	0.009
c8e51268-7a59-41fe-bd8c-c28e6fc7f1dd	2	7963956	7964463	4	-1.0958
c8e51268-7a59-41fe-bd8c-c28e6fc7f1dd	2	7965499	17039825	6561	0.0027
c8e51268-7a59-41fe-bd8c-c28e6fc7f1dd	2	17039898	17065867	49	0.2786
c8e51268-7a59-41fe-bd8c-c28e6fc7f1dd	2	17067237	34486407	11192	0.0043
c8e51268-7a59-41fe-bd8c-c28e6fc7f1dd	2	34491703	34512096	31	-0.4957
c8e51268-7a59-41fe-bd8c-c28e6fc7f1dd	2	34512489	35750907	869	0.0339
c8e51268-7a59-41fe-bd8c-c28e6fc7f1dd	2	35752724	35772438	9	1.0142
c8e51268-7a59-41fe-bd8c-c28e6fc7f1dd	2	35775353	37633562	1458	-0.0057
c8e51268-7a59-41fe-bd8c-c28e6fc7f1dd	2	37635574	37636998	5	-1.2018
c8e51268-7a59-41fe-bd8c-c28e6fc7f1dd	2	37637927	37873666	221	0.0575
c8e51268-7a59-41fe-bd8c-c28e6fc7f1dd	2	37876405	37876646	2	-1.8422
c8e51268-7a59-41fe-bd8c-c28e6fc7f1dd	2	37880951	39925778	1318	-0.0038
c8e51268-7a59-41fe-bd8c-c28e6fc7f1dd	2	39927425	39928690	3	-1.0219
c8e51268-7a59-41fe-bd8c-c28e6fc7f1dd	2	39932125	40170111	215	0.0396
c8e51268-7a59-41fe-bd8c-c28e6fc7f1dd	2	40172987	40173172	3	-2.2502
c8e51268-7a59-41fe-bd8c-c28e6fc7f1dd	2	40179378	45890775	4282	0.0098
c8e51268-7a59-41fe-bd8c-c28e6fc7f1dd	2	45893251	45894564	4	-1.0859
c8e51268-7a59-41fe-bd8c-c28e6fc7f1dd	2	45895025	50378415	3079	0.0058
c8e51268-7a59-41fe-bd8c-c28e6fc7f1dd	2	50378590	50382903	4	-0.9423
c8e51268-7a59-41fe-bd8c-c28e6fc7f1dd	2	50383906	50693560	266	-0.0049
c8e51268-7a59-41fe-bd8c-c28e6fc7f1dd	2	50693734	50694794	4	0.9268
c8e51268-7a59-41fe-bd8c-c28e6fc7f1dd	2	50696595	50705683	7	-0.5728
c8e51268-7a59-41fe-bd8c-c28e6fc7f1dd	2	50710390	50921397	136	0.1995
c8e51268-7a59-41fe-bd8c-c28e6fc7f1dd	2	50924881	52514599	1099	0.0127
c8e51268-7a59-41fe-bd8c-c28e6fc7f1dd	2	52516787	52527423	5	-0.8672
c8e51268-7a59-41fe-bd8c-c28e6fc7f1dd	2	52527590	52527743	3	-2.5019
c8e51268-7a59-41fe-bd8c-c28e6fc7f1dd	2	52531615	55394608	2193	0.0056
c8e51268-7a59-41fe-bd8c-c28e6fc7f1dd	2	55400503	55400635	2	2.2289
c8e51268-7a59-41fe-bd8c-c28e6fc7f1dd	2	55400777	79357930	15199	0.0078
c8e51268-7a59-41fe-bd8c-c28e6fc7f1dd	2	79361063	79362794	4	-1.4601
c8e51268-7a59-41fe-bd8c-c28e6fc7f1dd	2	79364151	134308905	28520	0.0119
c8e51268-7a59-41fe-bd8c-c28e6fc7f1dd	2	134309531	134309650	2	2.0284
c8e51268-7a59-41fe-bd8c-c28e6fc7f1dd	2	134310436	137909481	2253	-0.0031
c8e51268-7a59-41fe-bd8c-c28e6fc7f1dd	2	137909838	137911907	3	-1.0923
c8e51268-7a59-41fe-bd8c-c28e6fc7f1dd	2	137912087	137947468	39	0.0316
c8e51268-7a59-41fe-bd8c-c28e6fc7f1dd	2	137949022	137950116	4	-1.049
c8e51268-7a59-41fe-bd8c-c28e6fc7f1dd	2	137951818	138100598	85	0.0434
c8e51268-7a59-41fe-bd8c-c28e6fc7f1dd	2	138102076	138287282	100	0.2301
c8e51268-7a59-41fe-bd8c-c28e6fc7f1dd	2	138294594	146100801	4803	-0.0077
c8e51268-7a59-41fe-bd8c-c28e6fc7f1dd	2	146101283	146109366	32	0.5964
c8e51268-7a59-41fe-bd8c-c28e6fc7f1dd	2	146120238	207485467	36905	0.0035
c8e51268-7a59-41fe-bd8c-c28e6fc7f1dd	2	207485523	207485538	2	-1.906
c8e51268-7a59-41fe-bd8c-c28e6fc7f1dd	2	207485595	207490972	8	-0.159
c8e51268-7a59-41fe-bd8c-c28e6fc7f1dd	2	207490994	207491392	6	0.8088
c8e51268-7a59-41fe-bd8c-c28e6fc7f1dd	2	207493563	212322478	3041	0.0075
c8e51268-7a59-41fe-bd8c-c28e6fc7f1dd	2	212322531	212327088	22	-0.8725
c8e51268-7a59-41fe-bd8c-c28e6fc7f1dd	2	212327101	212521351	139	0.0484
c8e51268-7a59-41fe-bd8c-c28e6fc7f1dd	2	212522839	212523176	2	-1.1475
c8e51268-7a59-41fe-bd8c-c28e6fc7f1dd	2	212523893	213674355	724	0.0104
c8e51268-7a59-41fe-bd8c-c28e6fc7f1dd	2	213678860	213681730	2	-1.2784
c8e51268-7a59-41fe-bd8c-c28e6fc7f1dd	2	213683038	217430683	2565	0.0132
c8e51268-7a59-41fe-bd8c-c28e6fc7f1dd	2	217431418	217432539	3	-1.4225
c8e51268-7a59-41fe-bd8c-c28e6fc7f1dd	2	217436396	233971209	10387	-0.0009
c8e51268-7a59-41fe-bd8c-c28e6fc7f1dd	2	233977719	233981747	4	-1.353
c8e51268-7a59-41fe-bd8c-c28e6fc7f1dd	2	233981975	235028491	837	0.0002
c8e51268-7a59-41fe-bd8c-c28e6fc7f1dd	2	235030046	235031472	3	-1.3942
c8e51268-7a59-41fe-bd8c-c28e6fc7f1dd	2	235034009	235041543	9	-0.3958
c8e51268-7a59-41fe-bd8c-c28e6fc7f1dd	2	235044921	237416057	1653	0.0116
c8e51268-7a59-41fe-bd8c-c28e6fc7f1dd	2	237416756	237418331	3	-1.365
c8e51268-7a59-41fe-bd8c-c28e6fc7f1dd	2	237425608	242147305	2659	0.0123
c8e51268-7a59-41fe-bd8c-c28e6fc7f1dd	3	20930	25696742	19404	0.0138
c8e51268-7a59-41fe-bd8c-c28e6fc7f1dd	3	25702977	25703869	2	-2.779
c8e51268-7a59-41fe-bd8c-c28e6fc7f1dd	3	25704534	37941335	8180	0.0105
c8e51268-7a59-41fe-bd8c-c28e6fc7f1dd	3	37941361	37946283	16	0.5805
c8e51268-7a59-41fe-bd8c-c28e6fc7f1dd	3	37946308	60219035	13255	0.0087
c8e51268-7a59-41fe-bd8c-c28e6fc7f1dd	3	60223894	60224644	2	-2.7109
c8e51268-7a59-41fe-bd8c-c28e6fc7f1dd	3	60225088	68697013	6854	0.0091
c8e51268-7a59-41fe-bd8c-c28e6fc7f1dd	3	68697108	68698262	14	-1.4818
c8e51268-7a59-41fe-bd8c-c28e6fc7f1dd	3	68699607	75372019	4863	-0.0068
c8e51268-7a59-41fe-bd8c-c28e6fc7f1dd	3	75377956	75571744	71	-0.7355
c8e51268-7a59-41fe-bd8c-c28e6fc7f1dd	3	75589590	75950365	107	0.0554
c8e51268-7a59-41fe-bd8c-c28e6fc7f1dd	3	75951291	75951982	2	-1.3061
c8e51268-7a59-41fe-bd8c-c28e6fc7f1dd	3	75953057	83051592	4113	0.0022
c8e51268-7a59-41fe-bd8c-c28e6fc7f1dd	3	83055114	83060061	7	0.6232
c8e51268-7a59-41fe-bd8c-c28e6fc7f1dd	3	83060908	84484813	639	-0.0035
c8e51268-7a59-41fe-bd8c-c28e6fc7f1dd	3	84494860	84525959	20	0.295
c8e51268-7a59-41fe-bd8c-c28e6fc7f1dd	3	84526015	84650533	75	-0.0082
c8e51268-7a59-41fe-bd8c-c28e6fc7f1dd	3	84650607	84653262	16	-0.5355
c8e51268-7a59-41fe-bd8c-c28e6fc7f1dd	3	84653312	99218940	5970	0.0116
c8e51268-7a59-41fe-bd8c-c28e6fc7f1dd	3	99225614	99232539	40	0.307
c8e51268-7a59-41fe-bd8c-c28e6fc7f1dd	3	99232990	108877854	5806	0.0043
c8e51268-7a59-41fe-bd8c-c28e6fc7f1dd	3	108878889	109092011	162	0.1824
c8e51268-7a59-41fe-bd8c-c28e6fc7f1dd	3	109092167	130041779	12706	0.0009
c8e51268-7a59-41fe-bd8c-c28e6fc7f1dd	3	130044016	130079938	34	0.7272
c8e51268-7a59-41fe-bd8c-c28e6fc7f1dd	3	130080170	138079313	4934	0.0163
c8e51268-7a59-41fe-bd8c-c28e6fc7f1dd	3	138080023	138086356	7	0.7669
c8e51268-7a59-41fe-bd8c-c28e6fc7f1dd	3	138087658	143326688	3235	0.0109
c8e51268-7a59-41fe-bd8c-c28e6fc7f1dd	3	143328457	143329120	2	-1.7304
c8e51268-7a59-41fe-bd8c-c28e6fc7f1dd	3	143333475	162822221	12073	0.0125
c8e51268-7a59-41fe-bd8c-c28e6fc7f1dd	3	162822685	162822702	2	2.8544
c8e51268-7a59-41fe-bd8c-c28e6fc7f1dd	3	162827928	163013479	132	0.2529
c8e51268-7a59-41fe-bd8c-c28e6fc7f1dd	3	163013504	165539852	1388	0.0193
c8e51268-7a59-41fe-bd8c-c28e6fc7f1dd	3	165539879	165549335	5	-0.6407
c8e51268-7a59-41fe-bd8c-c28e6fc7f1dd	3	165550720	165821822	191	0.0035
c8e51268-7a59-41fe-bd8c-c28e6fc7f1dd	3	165822028	166136632	173	0.1731
c8e51268-7a59-41fe-bd8c-c28e6fc7f1dd	3	166137223	172178325	3595	0.0159
c8e51268-7a59-41fe-bd8c-c28e6fc7f1dd	3	172180686	172185486	4	-1.0724
c8e51268-7a59-41fe-bd8c-c28e6fc7f1dd	3	172188825	173570065	932	-0.0061
c8e51268-7a59-41fe-bd8c-c28e6fc7f1dd	3	173571725	173612489	35	0.2452
c8e51268-7a59-41fe-bd8c-c28e6fc7f1dd	3	173614850	173614990	2	-1.9016
c8e51268-7a59-41fe-bd8c-c28e6fc7f1dd	3	173622729	179169846	3611	0.0205
c8e51268-7a59-41fe-bd8c-c28e6fc7f1dd	3	179170135	179170377	7	1.358
c8e51268-7a59-41fe-bd8c-c28e6fc7f1dd	3	179174436	183409000	2399	-0.0001
c8e51268-7a59-41fe-bd8c-c28e6fc7f1dd	3	183411450	183444722	17	0.3181
c8e51268-7a59-41fe-bd8c-c28e6fc7f1dd	3	183448223	183476938	20	-0.1665
c8e51268-7a59-41fe-bd8c-c28e6fc7f1dd	3	183479015	183480749	5	-0.7169
c8e51268-7a59-41fe-bd8c-c28e6fc7f1dd	3	183480900	183487373	10	0.063
c8e51268-7a59-41fe-bd8c-c28e6fc7f1dd	3	183488603	183503394	16	0.4931
c8e51268-7a59-41fe-bd8c-c28e6fc7f1dd	3	183504165	183573676	45	-0.119
c8e51268-7a59-41fe-bd8c-c28e6fc7f1dd	3	183576166	183576611	2	-2.0254
c8e51268-7a59-41fe-bd8c-c28e6fc7f1dd	3	183577506	184739851	576	0.0281
c8e51268-7a59-41fe-bd8c-c28e6fc7f1dd	3	184742088	184742153	2	-1.6597
c8e51268-7a59-41fe-bd8c-c28e6fc7f1dd	3	184746732	189642965	3518	0.007
c8e51268-7a59-41fe-bd8c-c28e6fc7f1dd	3	189645889	189646849	11	-0.6483
c8e51268-7a59-41fe-bd8c-c28e6fc7f1dd	3	189653199	193075629	2418	0.0238
c8e51268-7a59-41fe-bd8c-c28e6fc7f1dd	3	193079957	193084770	5	-0.8803
c8e51268-7a59-41fe-bd8c-c28e6fc7f1dd	3	193084990	193130828	32	0.0847
c8e51268-7a59-41fe-bd8c-c28e6fc7f1dd	3	193131041	193133574	4	-0.6428
c8e51268-7a59-41fe-bd8c-c28e6fc7f1dd	3	193135057	193156958	26	0.0691
c8e51268-7a59-41fe-bd8c-c28e6fc7f1dd	3	193160113	193165114	20	-0.7181
c8e51268-7a59-41fe-bd8c-c28e6fc7f1dd	3	193168646	193734213	390	0.0257
c8e51268-7a59-41fe-bd8c-c28e6fc7f1dd	3	193735944	193737785	2	-1.4732
c8e51268-7a59-41fe-bd8c-c28e6fc7f1dd	3	193740528	195548576	1084	0.0092
c8e51268-7a59-41fe-bd8c-c28e6fc7f1dd	3	195549253	195747892	49	-0.421
c8e51268-7a59-41fe-bd8c-c28e6fc7f1dd	3	195751823	196046906	115	-0.0151
c8e51268-7a59-41fe-bd8c-c28e6fc7f1dd	3	196049719	196049993	4	1.3721
c8e51268-7a59-41fe-bd8c-c28e6fc7f1dd	3	196050340	196570556	246	-0.0046
c8e51268-7a59-41fe-bd8c-c28e6fc7f1dd	3	196578930	196579465	3	1.0918
c8e51268-7a59-41fe-bd8c-c28e6fc7f1dd	3	196579817	196934872	169	0.0127
c8e51268-7a59-41fe-bd8c-c28e6fc7f1dd	3	196935283	196950538	15	-0.6422
c8e51268-7a59-41fe-bd8c-c28e6fc7f1dd	3	196951464	197909503	476	0.0619
c8e51268-7a59-41fe-bd8c-c28e6fc7f1dd	3	197912956	197915566	2	-1.9194
c8e51268-7a59-41fe-bd8c-c28e6fc7f1dd	3	197916782	198169247	135	0.0759
c8e51268-7a59-41fe-bd8c-c28e6fc7f1dd	4	68929	302594	113	0.1023
c8e51268-7a59-41fe-bd8c-c28e6fc7f1dd	4	304143	304200	2	-2.093
c8e51268-7a59-41fe-bd8c-c28e6fc7f1dd	4	304983	6886498	3686	0.0162
c8e51268-7a59-41fe-bd8c-c28e6fc7f1dd	4	6889792	6890269	2	-2.5449
c8e51268-7a59-41fe-bd8c-c28e6fc7f1dd	4	6893725	9455251	1347	0.0257
c8e51268-7a59-41fe-bd8c-c28e6fc7f1dd	4	9459504	9463248	3	1.8598
c8e51268-7a59-41fe-bd8c-c28e6fc7f1dd	4	9469529	9578388	29	0.2543
c8e51268-7a59-41fe-bd8c-c28e6fc7f1dd	4	9584689	10190484	473	0.0062
c8e51268-7a59-41fe-bd8c-c28e6fc7f1dd	4	10190726	10198872	17	0.4168
c8e51268-7a59-41fe-bd8c-c28e6fc7f1dd	4	10199034	10389091	231	0.048
c8e51268-7a59-41fe-bd8c-c28e6fc7f1dd	4	10390730	10401094	17	-0.4478
c8e51268-7a59-41fe-bd8c-c28e6fc7f1dd	4	10401122	25974711	11302	0.0112
c8e51268-7a59-41fe-bd8c-c28e6fc7f1dd	4	25975487	25975664	2	1.3314
c8e51268-7a59-41fe-bd8c-c28e6fc7f1dd	4	25976386	28942603	1890	0.0036
c8e51268-7a59-41fe-bd8c-c28e6fc7f1dd	4	28942915	28943019	2	-1.071
c8e51268-7a59-41fe-bd8c-c28e6fc7f1dd	4	28944556	29314452	290	0.0207
c8e51268-7a59-41fe-bd8c-c28e6fc7f1dd	4	29316617	29316627	2	-2.0429
c8e51268-7a59-41fe-bd8c-c28e6fc7f1dd	4	29316643	34777418	3289	0.0041
c8e51268-7a59-41fe-bd8c-c28e6fc7f1dd	4	34777432	34828250	40	0.6909
c8e51268-7a59-41fe-bd8c-c28e6fc7f1dd	4	34828291	43144118	5519	0.0062
c8e51268-7a59-41fe-bd8c-c28e6fc7f1dd	4	43144761	43148055	7	-1.5931
c8e51268-7a59-41fe-bd8c-c28e6fc7f1dd	4	43154418	44968465	1064	0.014
c8e51268-7a59-41fe-bd8c-c28e6fc7f1dd	4	44971409	45004175	37	0.6455
c8e51268-7a59-41fe-bd8c-c28e6fc7f1dd	4	45004295	48092258	1690	0.0025
c8e51268-7a59-41fe-bd8c-c28e6fc7f1dd	4	48092517	49654578	658	0.118
c8e51268-7a59-41fe-bd8c-c28e6fc7f1dd	4	49656206	60631418	5792	0.0077
c8e51268-7a59-41fe-bd8c-c28e6fc7f1dd	4	60635111	60635552	2	-3.6291
c8e51268-7a59-41fe-bd8c-c28e6fc7f1dd	4	60638258	61538772	529	-0.0001
c8e51268-7a59-41fe-bd8c-c28e6fc7f1dd	4	61540727	61541175	2	-1.247
c8e51268-7a59-41fe-bd8c-c28e6fc7f1dd	4	61541609	62802116	673	-0.0005
c8e51268-7a59-41fe-bd8c-c28e6fc7f1dd	4	62804218	62805944	8	-0.5065
c8e51268-7a59-41fe-bd8c-c28e6fc7f1dd	4	62813912	63093084	154	0.0494
c8e51268-7a59-41fe-bd8c-c28e6fc7f1dd	4	63093342	63221198	60	0.2781
c8e51268-7a59-41fe-bd8c-c28e6fc7f1dd	4	63222754	63828222	341	-0.0136
c8e51268-7a59-41fe-bd8c-c28e6fc7f1dd	4	63831751	63838575	7	-1.9205
c8e51268-7a59-41fe-bd8c-c28e6fc7f1dd	4	63839438	63840033	13	-0.7637
c8e51268-7a59-41fe-bd8c-c28e6fc7f1dd	4	63841863	63842540	8	-2.6789
c8e51268-7a59-41fe-bd8c-c28e6fc7f1dd	4	63850713	64954275	660	0.0197
c8e51268-7a59-41fe-bd8c-c28e6fc7f1dd	4	64955198	64969657	27	0.3368
c8e51268-7a59-41fe-bd8c-c28e6fc7f1dd	4	64971241	68418873	2168	0.0008
c8e51268-7a59-41fe-bd8c-c28e6fc7f1dd	4	68422420	68422424	3	1.2081
c8e51268-7a59-41fe-bd8c-c28e6fc7f1dd	4	68429081	68478894	9	0.053
c8e51268-7a59-41fe-bd8c-c28e6fc7f1dd	4	68494770	68623617	69	-1.6735
c8e51268-7a59-41fe-bd8c-c28e6fc7f1dd	4	68639397	69523998	477	0.0677
c8e51268-7a59-41fe-bd8c-c28e6fc7f1dd	4	69524143	69525061	2	-2.4425
c8e51268-7a59-41fe-bd8c-c28e6fc7f1dd	4	69526170	69529454	8	-0.3728
c8e51268-7a59-41fe-bd8c-c28e6fc7f1dd	4	69529620	89507019	12450	0.0014
c8e51268-7a59-41fe-bd8c-c28e6fc7f1dd	4	89507048	89508641	4	-1.2485
c8e51268-7a59-41fe-bd8c-c28e6fc7f1dd	4	89510267	111388068	12873	0.008
c8e51268-7a59-41fe-bd8c-c28e6fc7f1dd	4	111388212	111388439	3	1.1967
c8e51268-7a59-41fe-bd8c-c28e6fc7f1dd	4	111388458	111427037	28	0.0458
c8e51268-7a59-41fe-bd8c-c28e6fc7f1dd	4	111427187	111469313	39	0.3244
c8e51268-7a59-41fe-bd8c-c28e6fc7f1dd	4	111469347	114252456	1768	0.0143
c8e51268-7a59-41fe-bd8c-c28e6fc7f1dd	4	114252472	114261019	26	0.6818
c8e51268-7a59-41fe-bd8c-c28e6fc7f1dd	4	114263073	121360818	4333	0.0038
c8e51268-7a59-41fe-bd8c-c28e6fc7f1dd	4	121361313	121363980	28	-0.6267
c8e51268-7a59-41fe-bd8c-c28e6fc7f1dd	4	121369976	168111645	28111	0.0082
c8e51268-7a59-41fe-bd8c-c28e6fc7f1dd	4	168114662	168115889	2	-1.732
c8e51268-7a59-41fe-bd8c-c28e6fc7f1dd	4	168116207	168422631	194	0.0044
c8e51268-7a59-41fe-bd8c-c28e6fc7f1dd	4	168426888	168431274	2	-1.3272
c8e51268-7a59-41fe-bd8c-c28e6fc7f1dd	4	168431916	178606348	6338	0.0109
c8e51268-7a59-41fe-bd8c-c28e6fc7f1dd	4	178615158	178615715	4	-1.6364
c8e51268-7a59-41fe-bd8c-c28e6fc7f1dd	4	178615856	180316694	1207	0.0073
c8e51268-7a59-41fe-bd8c-c28e6fc7f1dd	4	180318124	180318923	6	-1.207
c8e51268-7a59-41fe-bd8c-c28e6fc7f1dd	4	180318981	190106768	6844	0.022
c8e51268-7a59-41fe-bd8c-c28e6fc7f1dd	5	15532	3092140	2034	0.0105
c8e51268-7a59-41fe-bd8c-c28e6fc7f1dd	5	3092396	3093341	3	-1.1627
c8e51268-7a59-41fe-bd8c-c28e6fc7f1dd	5	3095669	7416191	3842	-0.006
c8e51268-7a59-41fe-bd8c-c28e6fc7f1dd	5	7417608	7479840	57	0.2714
c8e51268-7a59-41fe-bd8c-c28e6fc7f1dd	5	7480790	10775390	2774	-0.0056
c8e51268-7a59-41fe-bd8c-c28e6fc7f1dd	5	10775719	10833592	62	0.238
c8e51268-7a59-41fe-bd8c-c28e6fc7f1dd	5	10833965	15718383	3382	0.012
c8e51268-7a59-41fe-bd8c-c28e6fc7f1dd	5	15719113	15719997	4	-1.1287
c8e51268-7a59-41fe-bd8c-c28e6fc7f1dd	5	15720105	16515564	535	0.0263
c8e51268-7a59-41fe-bd8c-c28e6fc7f1dd	5	16515607	16516669	3	-1.5319
c8e51268-7a59-41fe-bd8c-c28e6fc7f1dd	5	16517021	18854770	1468	-0.0059
c8e51268-7a59-41fe-bd8c-c28e6fc7f1dd	5	18856894	18953305	52	0.2345
c8e51268-7a59-41fe-bd8c-c28e6fc7f1dd	5	18955850	20403294	861	0.0071
c8e51268-7a59-41fe-bd8c-c28e6fc7f1dd	5	20404601	20436865	11	0.5596
c8e51268-7a59-41fe-bd8c-c28e6fc7f1dd	5	20436942	20440230	16	0.2439
c8e51268-7a59-41fe-bd8c-c28e6fc7f1dd	5	20443449	20448382	7	-0.298
c8e51268-7a59-41fe-bd8c-c28e6fc7f1dd	5	20448399	20563922	113	0.1888
c8e51268-7a59-41fe-bd8c-c28e6fc7f1dd	5	20564172	21395889	427	0.0081
c8e51268-7a59-41fe-bd8c-c28e6fc7f1dd	5	21401927	21449167	37	0.1938
c8e51268-7a59-41fe-bd8c-c28e6fc7f1dd	5	21451091	21451889	4	1.0527
c8e51268-7a59-41fe-bd8c-c28e6fc7f1dd	5	21452329	21575454	28	0.2552
c8e51268-7a59-41fe-bd8c-c28e6fc7f1dd	5	21575755	26608320	2986	0.0073
c8e51268-7a59-41fe-bd8c-c28e6fc7f1dd	5	26609697	26613215	5	-1.3141
c8e51268-7a59-41fe-bd8c-c28e6fc7f1dd	5	26616057	26789022	112	-0.0236
c8e51268-7a59-41fe-bd8c-c28e6fc7f1dd	5	26789248	26789387	3	1.5244
c8e51268-7a59-41fe-bd8c-c28e6fc7f1dd	5	26797651	28635718	1021	-0.0082
c8e51268-7a59-41fe-bd8c-c28e6fc7f1dd	5	28635768	28719574	62	0.2392
c8e51268-7a59-41fe-bd8c-c28e6fc7f1dd	5	28719987	29911500	736	-0.0054
c8e51268-7a59-41fe-bd8c-c28e6fc7f1dd	5	29911843	29911927	2	1.9004
c8e51268-7a59-41fe-bd8c-c28e6fc7f1dd	5	29913916	30629008	404	0.0201
c8e51268-7a59-41fe-bd8c-c28e6fc7f1dd	5	30629539	30629980	2	1.2641
c8e51268-7a59-41fe-bd8c-c28e6fc7f1dd	5	30630456	33986036	2455	0.0066
c8e51268-7a59-41fe-bd8c-c28e6fc7f1dd	5	33987949	33994679	7	-0.6277
c8e51268-7a59-41fe-bd8c-c28e6fc7f1dd	5	33994759	34312723	129	0.0244
c8e51268-7a59-41fe-bd8c-c28e6fc7f1dd	5	34317007	34436987	52	0.2676
c8e51268-7a59-41fe-bd8c-c28e6fc7f1dd	5	34437217	34539532	61	-0.0033
c8e51268-7a59-41fe-bd8c-c28e6fc7f1dd	5	34539572	34545095	4	-1.1358
c8e51268-7a59-41fe-bd8c-c28e6fc7f1dd	5	34545170	46271006	6871	0.0056
c8e51268-7a59-41fe-bd8c-c28e6fc7f1dd	5	46271828	46273400	6	-2.5916
c8e51268-7a59-41fe-bd8c-c28e6fc7f1dd	5	46278110	58023655	5069	0.0067
c8e51268-7a59-41fe-bd8c-c28e6fc7f1dd	5	58025759	58045317	38	-0.5598
c8e51268-7a59-41fe-bd8c-c28e6fc7f1dd	5	58046293	181363319	76974	0.0041
c8e51268-7a59-41fe-bd8c-c28e6fc7f1dd	6	149661	294474	122	0.1376
c8e51268-7a59-41fe-bd8c-c28e6fc7f1dd	6	294725	320872	9	0.5752
c8e51268-7a59-41fe-bd8c-c28e6fc7f1dd	6	322696	329869	8	1.3724
c8e51268-7a59-41fe-bd8c-c28e6fc7f1dd	6	330704	346377	16	0.3998
c8e51268-7a59-41fe-bd8c-c28e6fc7f1dd	6	347160	347350	3	1.6111
c8e51268-7a59-41fe-bd8c-c28e6fc7f1dd	6	348443	381149	44	0.6492
c8e51268-7a59-41fe-bd8c-c28e6fc7f1dd	6	382559	387532	9	-0.6664
c8e51268-7a59-41fe-bd8c-c28e6fc7f1dd	6	387659	29865090	21387	0.0098
c8e51268-7a59-41fe-bd8c-c28e6fc7f1dd	6	29865764	29869295	15	-0.3154
c8e51268-7a59-41fe-bd8c-c28e6fc7f1dd	6	29869410	29882419	17	0.7247
c8e51268-7a59-41fe-bd8c-c28e6fc7f1dd	6	29882497	31318528	663	-0.0132
c8e51268-7a59-41fe-bd8c-c28e6fc7f1dd	6	31318754	31328674	9	1.1477
c8e51268-7a59-41fe-bd8c-c28e6fc7f1dd	6	31342147	32486746	502	0.0071
c8e51268-7a59-41fe-bd8c-c28e6fc7f1dd	6	32488906	32533522	13	1.6222
c8e51268-7a59-41fe-bd8c-c28e6fc7f1dd	6	32540699	32606604	20	0.6102
c8e51268-7a59-41fe-bd8c-c28e6fc7f1dd	6	32610305	32641650	21	-0.0501
c8e51268-7a59-41fe-bd8c-c28e6fc7f1dd	6	32656527	32658841	6	1.1342
c8e51268-7a59-41fe-bd8c-c28e6fc7f1dd	6	32682835	40676530	5231	-0.0014
c8e51268-7a59-41fe-bd8c-c28e6fc7f1dd	6	40676545	40676605	2	-1.7589
c8e51268-7a59-41fe-bd8c-c28e6fc7f1dd	6	40676960	41650440	665	0.0122
c8e51268-7a59-41fe-bd8c-c28e6fc7f1dd	6	41651023	41652139	5	-0.7705
c8e51268-7a59-41fe-bd8c-c28e6fc7f1dd	6	41652999	46007617	2548	0.016
c8e51268-7a59-41fe-bd8c-c28e6fc7f1dd	6	46008061	46010499	4	-1.1034
c8e51268-7a59-41fe-bd8c-c28e6fc7f1dd	6	46012820	52759800	4247	0.0071
c8e51268-7a59-41fe-bd8c-c28e6fc7f1dd	6	52760252	52797717	32	0.3057
c8e51268-7a59-41fe-bd8c-c28e6fc7f1dd	6	52797780	57283985	2887	-0.0007
c8e51268-7a59-41fe-bd8c-c28e6fc7f1dd	6	57284353	61823563	819	0.1119
c8e51268-7a59-41fe-bd8c-c28e6fc7f1dd	6	61823745	62335862	280	-0.0158
c8e51268-7a59-41fe-bd8c-c28e6fc7f1dd	6	62336071	62337327	5	0.6282
c8e51268-7a59-41fe-bd8c-c28e6fc7f1dd	6	62344324	64627049	1177	-0.0097
c8e51268-7a59-41fe-bd8c-c28e6fc7f1dd	6	64637651	64639099	2	-2.2742
c8e51268-7a59-41fe-bd8c-c28e6fc7f1dd	6	64640883	78253172	8926	0.0158
c8e51268-7a59-41fe-bd8c-c28e6fc7f1dd	6	78259348	78342235	123	-0.211
c8e51268-7a59-41fe-bd8c-c28e6fc7f1dd	6	78342896	80566375	1412	-0.008
c8e51268-7a59-41fe-bd8c-c28e6fc7f1dd	6	80566395	80575487	15	0.4014
c8e51268-7a59-41fe-bd8c-c28e6fc7f1dd	6	80575502	80584858	26	0.0875
c8e51268-7a59-41fe-bd8c-c28e6fc7f1dd	6	80585205	80588760	4	0.7863
c8e51268-7a59-41fe-bd8c-c28e6fc7f1dd	6	80589336	93864615	8478	0.004
c8e51268-7a59-41fe-bd8c-c28e6fc7f1dd	6	93864913	94001070	87	0.2372
c8e51268-7a59-41fe-bd8c-c28e6fc7f1dd	6	94002272	94108633	69	0.022
c8e51268-7a59-41fe-bd8c-c28e6fc7f1dd	6	94109452	94111369	2	-1.9789
c8e51268-7a59-41fe-bd8c-c28e6fc7f1dd	6	94111901	103286954	5350	0.0122
c8e51268-7a59-41fe-bd8c-c28e6fc7f1dd	6	103290101	103317795	47	0.8209
c8e51268-7a59-41fe-bd8c-c28e6fc7f1dd	6	103317836	113799657	6584	0.0045
c8e51268-7a59-41fe-bd8c-c28e6fc7f1dd	6	113799821	113802045	2	-1.5653
c8e51268-7a59-41fe-bd8c-c28e6fc7f1dd	6	113803286	115057911	713	0.0051
c8e51268-7a59-41fe-bd8c-c28e6fc7f1dd	6	115057996	115086809	3	-1.4864
c8e51268-7a59-41fe-bd8c-c28e6fc7f1dd	6	115087407	117231720	1195	0.0034
c8e51268-7a59-41fe-bd8c-c28e6fc7f1dd	6	117232151	117233263	3	-0.8966
c8e51268-7a59-41fe-bd8c-c28e6fc7f1dd	6	117234349	117460335	177	-0.0005
c8e51268-7a59-41fe-bd8c-c28e6fc7f1dd	6	117462607	117463404	2	-1.6171
c8e51268-7a59-41fe-bd8c-c28e6fc7f1dd	6	117468495	118285192	492	-0.0154
c8e51268-7a59-41fe-bd8c-c28e6fc7f1dd	6	118288968	118546537	144	0.1749
c8e51268-7a59-41fe-bd8c-c28e6fc7f1dd	6	118546901	118716509	116	0.0571
c8e51268-7a59-41fe-bd8c-c28e6fc7f1dd	6	118717955	118729418	10	-0.625
c8e51268-7a59-41fe-bd8c-c28e6fc7f1dd	6	118729459	121457980	1588	0.011
c8e51268-7a59-41fe-bd8c-c28e6fc7f1dd	6	121458500	121461984	4	-1.6492
c8e51268-7a59-41fe-bd8c-c28e6fc7f1dd	6	121464545	168226559	31420	0.0057
c8e51268-7a59-41fe-bd8c-c28e6fc7f1dd	6	168226744	168233291	2	-2.0841
c8e51268-7a59-41fe-bd8c-c28e6fc7f1dd	6	168233395	170741917	1645	0.0211
c8e51268-7a59-41fe-bd8c-c28e6fc7f1dd	7	43355	113220	71	0.0476
c8e51268-7a59-41fe-bd8c-c28e6fc7f1dd	7	113372	116066	3	-1.38
c8e51268-7a59-41fe-bd8c-c28e6fc7f1dd	7	120378	2352216	690	-0.0164
c8e51268-7a59-41fe-bd8c-c28e6fc7f1dd	7	2364820	2375122	10	-0.7862
c8e51268-7a59-41fe-bd8c-c28e6fc7f1dd	7	2379164	4492246	1629	-0.0078
c8e51268-7a59-41fe-bd8c-c28e6fc7f1dd	7	4495166	4519143	8	-1.1612
c8e51268-7a59-41fe-bd8c-c28e6fc7f1dd	7	4520589	57203577	37678	0.008
c8e51268-7a59-41fe-bd8c-c28e6fc7f1dd	7	57203942	64307683	961	0.1042
c8e51268-7a59-41fe-bd8c-c28e6fc7f1dd	7	64310266	67164253	1100	0.0122
c8e51268-7a59-41fe-bd8c-c28e6fc7f1dd	7	67164342	67179517	7	-1.2157
c8e51268-7a59-41fe-bd8c-c28e6fc7f1dd	7	67180245	67225584	14	-0.1588
c8e51268-7a59-41fe-bd8c-c28e6fc7f1dd	7	67230121	67233947	2	-2.0075
c8e51268-7a59-41fe-bd8c-c28e6fc7f1dd	7	67234797	150148899	49467	0.007
c8e51268-7a59-41fe-bd8c-c28e6fc7f1dd	7	150150198	150150651	2	-2.8411
c8e51268-7a59-41fe-bd8c-c28e6fc7f1dd	7	150154479	153456949	1960	0.0188
c8e51268-7a59-41fe-bd8c-c28e6fc7f1dd	7	153457166	153927618	347	0.1551
c8e51268-7a59-41fe-bd8c-c28e6fc7f1dd	7	153930092	154221793	161	0.0539
c8e51268-7a59-41fe-bd8c-c28e6fc7f1dd	7	154223036	154223107	2	-1.9622
c8e51268-7a59-41fe-bd8c-c28e6fc7f1dd	7	154223216	154598185	334	0.0111
c8e51268-7a59-41fe-bd8c-c28e6fc7f1dd	7	154601461	154607903	4	-2.065
c8e51268-7a59-41fe-bd8c-c28e6fc7f1dd	7	154609120	159334314	3230	0.0017
c8e51268-7a59-41fe-bd8c-c28e6fc7f1dd	8	81254	643041	320	0.0298
c8e51268-7a59-41fe-bd8c-c28e6fc7f1dd	8	644944	645908	10	0.9106
c8e51268-7a59-41fe-bd8c-c28e6fc7f1dd	8	656117	2173516	1219	0.0111
c8e51268-7a59-41fe-bd8c-c28e6fc7f1dd	8	2176090	2176628	3	-1.4508
c8e51268-7a59-41fe-bd8c-c28e6fc7f1dd	8	2177376	3648319	1377	0.0179
c8e51268-7a59-41fe-bd8c-c28e6fc7f1dd	8	3649203	3650871	4	-1.7378
c8e51268-7a59-41fe-bd8c-c28e6fc7f1dd	8	3652384	7598502	4814	0.0059
c8e51268-7a59-41fe-bd8c-c28e6fc7f1dd	8	7775900	7941868	13	-1.1738
c8e51268-7a59-41fe-bd8c-c28e6fc7f1dd	8	7974123	10258548	1827	0.0043
c8e51268-7a59-41fe-bd8c-c28e6fc7f1dd	8	10259220	10274126	17	-0.697
c8e51268-7a59-41fe-bd8c-c28e6fc7f1dd	8	10274604	11152608	732	0.0144
c8e51268-7a59-41fe-bd8c-c28e6fc7f1dd	8	11153220	11153316	3	2.4673
c8e51268-7a59-41fe-bd8c-c28e6fc7f1dd	8	11153662	12092042	655	0.0268
c8e51268-7a59-41fe-bd8c-c28e6fc7f1dd	8	12130217	12143614	6	-1.9877
c8e51268-7a59-41fe-bd8c-c28e6fc7f1dd	8	12176798	15254729	2550	0.0121
c8e51268-7a59-41fe-bd8c-c28e6fc7f1dd	8	15254758	15257006	2	-2.2599
c8e51268-7a59-41fe-bd8c-c28e6fc7f1dd	8	15257068	17471566	1917	0.0242
c8e51268-7a59-41fe-bd8c-c28e6fc7f1dd	8	17475243	17477409	3	-1.4195
c8e51268-7a59-41fe-bd8c-c28e6fc7f1dd	8	17481592	18407644	889	-0.027
c8e51268-7a59-41fe-bd8c-c28e6fc7f1dd	8	18408647	18413675	4	-1.6196
c8e51268-7a59-41fe-bd8c-c28e6fc7f1dd	8	18413877	18529864	103	0.0275
c8e51268-7a59-41fe-bd8c-c28e6fc7f1dd	8	18530410	18530531	2	-1.8869
c8e51268-7a59-41fe-bd8c-c28e6fc7f1dd	8	18530744	25118055	4972	0.0059
c8e51268-7a59-41fe-bd8c-c28e6fc7f1dd	8	25118687	25134261	30	0.4168
c8e51268-7a59-41fe-bd8c-c28e6fc7f1dd	8	25134279	36505639	7442	-0.0004
c8e51268-7a59-41fe-bd8c-c28e6fc7f1dd	8	36506091	36566189	29	0.2984
c8e51268-7a59-41fe-bd8c-c28e6fc7f1dd	8	36566762	37451254	576	0.0036
c8e51268-7a59-41fe-bd8c-c28e6fc7f1dd	8	37451731	37455569	5	0.6768
c8e51268-7a59-41fe-bd8c-c28e6fc7f1dd	8	37457516	38430945	425	0.0218
c8e51268-7a59-41fe-bd8c-c28e6fc7f1dd	8	38432841	38432991	3	-0.9973
c8e51268-7a59-41fe-bd8c-c28e6fc7f1dd	8	38433569	38441901	18	-0.0061
c8e51268-7a59-41fe-bd8c-c28e6fc7f1dd	8	38455274	38459895	25	0.3753
c8e51268-7a59-41fe-bd8c-c28e6fc7f1dd	8	38460400	38461831	12	-0.001
c8e51268-7a59-41fe-bd8c-c28e6fc7f1dd	8	38463653	38464003	14	0.4825
c8e51268-7a59-41fe-bd8c-c28e6fc7f1dd	8	38464828	43085341	2842	0.0051
c8e51268-7a59-41fe-bd8c-c28e6fc7f1dd	8	43096841	43530397	162	0.1784
c8e51268-7a59-41fe-bd8c-c28e6fc7f1dd	8	43532331	43808532	57	-0.0981
c8e51268-7a59-41fe-bd8c-c28e6fc7f1dd	8	43809052	46503845	150	0.2117
c8e51268-7a59-41fe-bd8c-c28e6fc7f1dd	8	46504151	53126818	3823	0.01
c8e51268-7a59-41fe-bd8c-c28e6fc7f1dd	8	53132281	53151959	19	0.4421
c8e51268-7a59-41fe-bd8c-c28e6fc7f1dd	8	53152672	68960617	9899	0.0057
c8e51268-7a59-41fe-bd8c-c28e6fc7f1dd	8	68961217	68961598	3	-1.3911
c8e51268-7a59-41fe-bd8c-c28e6fc7f1dd	8	68961712	71300130	1428	-0.0014
c8e51268-7a59-41fe-bd8c-c28e6fc7f1dd	8	71303076	71304364	8	-2.2098
c8e51268-7a59-41fe-bd8c-c28e6fc7f1dd	8	71307628	114619814	25890	0.0067
c8e51268-7a59-41fe-bd8c-c28e6fc7f1dd	8	114622258	114626121	14	-0.9908
c8e51268-7a59-41fe-bd8c-c28e6fc7f1dd	8	114626166	114629254	16	-0.2949
c8e51268-7a59-41fe-bd8c-c28e6fc7f1dd	8	114629288	114629502	5	-0.7621
c8e51268-7a59-41fe-bd8c-c28e6fc7f1dd	8	114638468	114653157	6	0.4094
c8e51268-7a59-41fe-bd8c-c28e6fc7f1dd	8	114660731	114719680	42	0.0284
c8e51268-7a59-41fe-bd8c-c28e6fc7f1dd	8	114719701	114726195	3	-1.1228
c8e51268-7a59-41fe-bd8c-c28e6fc7f1dd	8	114726789	114832039	74	0.2196
c8e51268-7a59-41fe-bd8c-c28e6fc7f1dd	8	114832868	128744020	9671	0.0062
c8e51268-7a59-41fe-bd8c-c28e6fc7f1dd	8	128750889	128751839	2	-2.1243
c8e51268-7a59-41fe-bd8c-c28e6fc7f1dd	8	128765208	133157992	3232	-0.0005
c8e51268-7a59-41fe-bd8c-c28e6fc7f1dd	8	133158243	133161042	11	0.819
c8e51268-7a59-41fe-bd8c-c28e6fc7f1dd	8	133161244	133510257	315	0.0136
c8e51268-7a59-41fe-bd8c-c28e6fc7f1dd	8	133510485	133510961	4	-1.3556
c8e51268-7a59-41fe-bd8c-c28e6fc7f1dd	8	133512596	136736314	2565	0.0083
c8e51268-7a59-41fe-bd8c-c28e6fc7f1dd	8	136738797	136895408	153	0.1708
c8e51268-7a59-41fe-bd8c-c28e6fc7f1dd	8	136895421	139403726	2094	0.0083
c8e51268-7a59-41fe-bd8c-c28e6fc7f1dd	8	139404677	139404830	5	1.1244
c8e51268-7a59-41fe-bd8c-c28e6fc7f1dd	8	139405358	140632832	879	-0.0058
c8e51268-7a59-41fe-bd8c-c28e6fc7f1dd	8	140638029	145072769	1980	0.0827
c8e51268-7a59-41fe-bd8c-c28e6fc7f1dd	9	46587	346887	197	-0.0469
c8e51268-7a59-41fe-bd8c-c28e6fc7f1dd	9	347825	351558	4	-1.4739
c8e51268-7a59-41fe-bd8c-c28e6fc7f1dd	9	353363	410312	82	0.0159
c8e51268-7a59-41fe-bd8c-c28e6fc7f1dd	9	410370	421980	8	-0.8296
c8e51268-7a59-41fe-bd8c-c28e6fc7f1dd	9	422157	6687217	6064	0.0114
c8e51268-7a59-41fe-bd8c-c28e6fc7f1dd	9	6689722	6712314	14	-0.6889
c8e51268-7a59-41fe-bd8c-c28e6fc7f1dd	9	6715049	7115750	369	0.0288
c8e51268-7a59-41fe-bd8c-c28e6fc7f1dd	9	7116020	7124935	13	-0.5549
c8e51268-7a59-41fe-bd8c-c28e6fc7f1dd	9	7125060	7151012	34	-0.0229
c8e51268-7a59-41fe-bd8c-c28e6fc7f1dd	9	7152400	7152828	3	-1.543
c8e51268-7a59-41fe-bd8c-c28e6fc7f1dd	9	7153489	7273199	162	0.0031
c8e51268-7a59-41fe-bd8c-c28e6fc7f1dd	9	7273813	7273837	2	-1.7405
c8e51268-7a59-41fe-bd8c-c28e6fc7f1dd	9	7273868	9312095	1916	-0.0032
c8e51268-7a59-41fe-bd8c-c28e6fc7f1dd	9	9313577	9389992	78	0.2346
c8e51268-7a59-41fe-bd8c-c28e6fc7f1dd	9	9390051	9534074	153	-0.0006
c8e51268-7a59-41fe-bd8c-c28e6fc7f1dd	9	9539367	9540555	4	-1.374
c8e51268-7a59-41fe-bd8c-c28e6fc7f1dd	9	9544525	11262339	1577	0.031
c8e51268-7a59-41fe-bd8c-c28e6fc7f1dd	9	11262638	11775513	408	0.1092
c8e51268-7a59-41fe-bd8c-c28e6fc7f1dd	9	11778564	11781469	3	-1.2642
c8e51268-7a59-41fe-bd8c-c28e6fc7f1dd	9	11782282	11992604	147	0.1387
c8e51268-7a59-41fe-bd8c-c28e6fc7f1dd	9	11995297	11996163	3	-1.7017
c8e51268-7a59-41fe-bd8c-c28e6fc7f1dd	9	11996270	12165146	137	0.1471
c8e51268-7a59-41fe-bd8c-c28e6fc7f1dd	9	12165758	12172549	3	-1.1739
c8e51268-7a59-41fe-bd8c-c28e6fc7f1dd	9	12173024	12397405	196	0.1325
c8e51268-7a59-41fe-bd8c-c28e6fc7f1dd	9	12398339	12554856	111	0.0541
c8e51268-7a59-41fe-bd8c-c28e6fc7f1dd	9	12556594	12562294	3	-1.7044
c8e51268-7a59-41fe-bd8c-c28e6fc7f1dd	9	12565520	21268897	7257	0.0039
c8e51268-7a59-41fe-bd8c-c28e6fc7f1dd	9	21269682	21289759	27	-0.7069
c8e51268-7a59-41fe-bd8c-c28e6fc7f1dd	9	21291125	21661812	273	-0.0044
c8e51268-7a59-41fe-bd8c-c28e6fc7f1dd	9	21662473	21708884	53	0.2553
c8e51268-7a59-41fe-bd8c-c28e6fc7f1dd	9	21714307	26037976	3020	0.0125
c8e51268-7a59-41fe-bd8c-c28e6fc7f1dd	9	26049350	26051858	5	-1.2441
c8e51268-7a59-41fe-bd8c-c28e6fc7f1dd	9	26052109	36781505	7268	0.0127
c8e51268-7a59-41fe-bd8c-c28e6fc7f1dd	9	36781720	36782490	2	-1.5791
c8e51268-7a59-41fe-bd8c-c28e6fc7f1dd	9	36782853	39481878	1524	0.0117
c8e51268-7a59-41fe-bd8c-c28e6fc7f1dd	9	39483251	41571860	102	0.2551
c8e51268-7a59-41fe-bd8c-c28e6fc7f1dd	9	41635766	61405110	108	0.0023
c8e51268-7a59-41fe-bd8c-c28e6fc7f1dd	9	61520021	61647899	30	-1.0887
c8e51268-7a59-41fe-bd8c-c28e6fc7f1dd	9	61665362	112322800	31572	0.006
c8e51268-7a59-41fe-bd8c-c28e6fc7f1dd	9	112323568	112325639	2	-3.4574
c8e51268-7a59-41fe-bd8c-c28e6fc7f1dd	9	112326389	133972130	14557	0.004
c8e51268-7a59-41fe-bd8c-c28e6fc7f1dd	9	133973741	133984729	3	-1.3746
c8e51268-7a59-41fe-bd8c-c28e6fc7f1dd	9	133984956	136514289	1276	0.0155
c8e51268-7a59-41fe-bd8c-c28e6fc7f1dd	9	136518432	136537300	5	-0.9417
c8e51268-7a59-41fe-bd8c-c28e6fc7f1dd	9	136539349	137358495	184	-0.0196
c8e51268-7a59-41fe-bd8c-c28e6fc7f1dd	9	137361190	137361266	2	-1.707
c8e51268-7a59-41fe-bd8c-c28e6fc7f1dd	9	137361381	138200944	407	0.0086
c8e51268-7a59-41fe-bd8c-c28e6fc7f1dd	10	45792	1703060	1132	0.0199
c8e51268-7a59-41fe-bd8c-c28e6fc7f1dd	10	1705420	1711367	11	-0.6776
c8e51268-7a59-41fe-bd8c-c28e6fc7f1dd	10	1713937	3024072	1312	0.0489
c8e51268-7a59-41fe-bd8c-c28e6fc7f1dd	10	3025935	3029355	7	-1.0486
c8e51268-7a59-41fe-bd8c-c28e6fc7f1dd	10	3030575	3904538	801	-0.0068
c8e51268-7a59-41fe-bd8c-c28e6fc7f1dd	10	3904552	3906062	6	-1.0991
c8e51268-7a59-41fe-bd8c-c28e6fc7f1dd	10	3906824	5633430	1512	0.0087
c8e51268-7a59-41fe-bd8c-c28e6fc7f1dd	10	5638879	5639176	4	-2.2913
c8e51268-7a59-41fe-bd8c-c28e6fc7f1dd	10	5641864	24086334	14362	-0.0051
c8e51268-7a59-41fe-bd8c-c28e6fc7f1dd	10	24088745	24089125	11	1.1743
c8e51268-7a59-41fe-bd8c-c28e6fc7f1dd	10	24089979	26937062	1985	-0.0037
c8e51268-7a59-41fe-bd8c-c28e6fc7f1dd	10	26937169	26938795	5	1.0926
c8e51268-7a59-41fe-bd8c-c28e6fc7f1dd	10	26938836	44438747	9393	0.0055
c8e51268-7a59-41fe-bd8c-c28e6fc7f1dd	10	44439831	44439863	2	1.53
c8e51268-7a59-41fe-bd8c-c28e6fc7f1dd	10	44443366	46146453	882	0.0061
c8e51268-7a59-41fe-bd8c-c28e6fc7f1dd	10	46154876	46204128	20	0.9436
c8e51268-7a59-41fe-bd8c-c28e6fc7f1dd	10	46215430	46231401	21	1.4034
c8e51268-7a59-41fe-bd8c-c28e6fc7f1dd	10	46232190	46446817	132	0.8657
c8e51268-7a59-41fe-bd8c-c28e6fc7f1dd	10	46489651	46526280	18	0.0975
c8e51268-7a59-41fe-bd8c-c28e6fc7f1dd	10	46526920	46657149	30	0.7435
c8e51268-7a59-41fe-bd8c-c28e6fc7f1dd	10	46693480	66690210	13603	0.0093
c8e51268-7a59-41fe-bd8c-c28e6fc7f1dd	10	66695052	66786490	68	-0.8664
c8e51268-7a59-41fe-bd8c-c28e6fc7f1dd	10	66789964	120363882	35282	0.003
c8e51268-7a59-41fe-bd8c-c28e6fc7f1dd	10	120364936	120364964	2	-1.8243
c8e51268-7a59-41fe-bd8c-c28e6fc7f1dd	10	120365083	133545395	9852	0.0116
c8e51268-7a59-41fe-bd8c-c28e6fc7f1dd	10	133546639	133547593	2	-1.7474
c8e51268-7a59-41fe-bd8c-c28e6fc7f1dd	10	133551641	133654968	52	0.1559
c8e51268-7a59-41fe-bd8c-c28e6fc7f1dd	11	198510	5451592	2899	0.0133
c8e51268-7a59-41fe-bd8c-c28e6fc7f1dd	11	5451759	5453120	4	-1.1739
c8e51268-7a59-41fe-bd8c-c28e6fc7f1dd	11	5454457	5498832	73	0.0527
c8e51268-7a59-41fe-bd8c-c28e6fc7f1dd	11	5499342	5502363	9	-0.4771
c8e51268-7a59-41fe-bd8c-c28e6fc7f1dd	11	5503234	5530937	42	0.0599
c8e51268-7a59-41fe-bd8c-c28e6fc7f1dd	11	5533358	5534273	2	-2.3887
c8e51268-7a59-41fe-bd8c-c28e6fc7f1dd	11	5535157	5766175	194	0.0247
c8e51268-7a59-41fe-bd8c-c28e6fc7f1dd	11	5766850	5787909	32	0.7813
c8e51268-7a59-41fe-bd8c-c28e6fc7f1dd	11	5788108	55572903	31145	0.0094
c8e51268-7a59-41fe-bd8c-c28e6fc7f1dd	11	55573164	55608804	27	0.2197
c8e51268-7a59-41fe-bd8c-c28e6fc7f1dd	11	55609022	55685533	51	0.4939
c8e51268-7a59-41fe-bd8c-c28e6fc7f1dd	11	55686100	55935025	186	0.1657
c8e51268-7a59-41fe-bd8c-c28e6fc7f1dd	11	55935644	107910653	32504	0.0085
c8e51268-7a59-41fe-bd8c-c28e6fc7f1dd	11	107913781	107914372	2	-3.6228
c8e51268-7a59-41fe-bd8c-c28e6fc7f1dd	11	107916987	130602631	15948	0.0092
c8e51268-7a59-41fe-bd8c-c28e6fc7f1dd	11	130604903	130759533	104	0.1733
c8e51268-7a59-41fe-bd8c-c28e6fc7f1dd	11	130762866	133246272	2108	0.0024
c8e51268-7a59-41fe-bd8c-c28e6fc7f1dd	11	133246988	133249608	3	-1.4971
c8e51268-7a59-41fe-bd8c-c28e6fc7f1dd	11	133251042	133383949	92	0.1333
c8e51268-7a59-41fe-bd8c-c28e6fc7f1dd	11	133384866	133391029	7	-1.2733
c8e51268-7a59-41fe-bd8c-c28e6fc7f1dd	11	133391883	135074876	1242	0.0312
c8e51268-7a59-41fe-bd8c-c28e6fc7f1dd	12	51460	8182301	5525	0.013
c8e51268-7a59-41fe-bd8c-c28e6fc7f1dd	12	8191365	8241781	15	0.7248
c8e51268-7a59-41fe-bd8c-c28e6fc7f1dd	12	8249238	10986990	1620	0.0134
c8e51268-7a59-41fe-bd8c-c28e6fc7f1dd	12	10987057	11351157	203	0.1439
c8e51268-7a59-41fe-bd8c-c28e6fc7f1dd	12	11358643	11390472	31	-0.6594
c8e51268-7a59-41fe-bd8c-c28e6fc7f1dd	12	11399258	27493053	11174	0.0025
c8e51268-7a59-41fe-bd8c-c28e6fc7f1dd	12	27493059	27498429	29	-0.6286
c8e51268-7a59-41fe-bd8c-c28e6fc7f1dd	12	27504228	27944207	327	0.0035
c8e51268-7a59-41fe-bd8c-c28e6fc7f1dd	12	27944229	27951446	8	0.5003
c8e51268-7a59-41fe-bd8c-c28e6fc7f1dd	12	27957190	28544333	373	0.0046
c8e51268-7a59-41fe-bd8c-c28e6fc7f1dd	12	28547198	28586694	42	0.2287
c8e51268-7a59-41fe-bd8c-c28e6fc7f1dd	12	28590434	28944071	268	0.0301
c8e51268-7a59-41fe-bd8c-c28e6fc7f1dd	12	28945922	28946399	2	-1.152
c8e51268-7a59-41fe-bd8c-c28e6fc7f1dd	12	28947696	30082648	850	0.0154
c8e51268-7a59-41fe-bd8c-c28e6fc7f1dd	12	30086334	30090756	24	-0.4584
c8e51268-7a59-41fe-bd8c-c28e6fc7f1dd	12	30090789	33122652	2228	-0.0063
c8e51268-7a59-41fe-bd8c-c28e6fc7f1dd	12	33122950	34302636	734	0.1071
c8e51268-7a59-41fe-bd8c-c28e6fc7f1dd	12	34304273	34404654	46	0.5288
c8e51268-7a59-41fe-bd8c-c28e6fc7f1dd	12	34406374	38647657	475	0.1009
c8e51268-7a59-41fe-bd8c-c28e6fc7f1dd	12	38648033	45506042	4373	0.003
c8e51268-7a59-41fe-bd8c-c28e6fc7f1dd	12	45510655	45515754	4	1.1643
c8e51268-7a59-41fe-bd8c-c28e6fc7f1dd	12	45519509	52281314	3704	0.0016
c8e51268-7a59-41fe-bd8c-c28e6fc7f1dd	12	52281549	52393437	119	0.2042
c8e51268-7a59-41fe-bd8c-c28e6fc7f1dd	12	52394228	53066097	572	0.0251
c8e51268-7a59-41fe-bd8c-c28e6fc7f1dd	12	53068812	53069266	2	-2.4348
c8e51268-7a59-41fe-bd8c-c28e6fc7f1dd	12	53069567	129384752	49473	0.0043
c8e51268-7a59-41fe-bd8c-c28e6fc7f1dd	12	129390231	129392916	7	1.019
c8e51268-7a59-41fe-bd8c-c28e6fc7f1dd	12	129393005	132647687	2222	0.0077
c8e51268-7a59-41fe-bd8c-c28e6fc7f1dd	12	132648706	132649610	2	-2.488
c8e51268-7a59-41fe-bd8c-c28e6fc7f1dd	12	132650245	133090518	199	0.0353
c8e51268-7a59-41fe-bd8c-c28e6fc7f1dd	12	133097017	133150038	25	-0.7858
c8e51268-7a59-41fe-bd8c-c28e6fc7f1dd	12	133153413	133201603	27	0.0316
c8e51268-7a59-41fe-bd8c-c28e6fc7f1dd	13	18452809	20236598	868	0.0377
c8e51268-7a59-41fe-bd8c-c28e6fc7f1dd	13	20240783	20241132	2	-1.3108
c8e51268-7a59-41fe-bd8c-c28e6fc7f1dd	13	20241627	20321411	51	0.1415
c8e51268-7a59-41fe-bd8c-c28e6fc7f1dd	13	20322204	20331818	8	-0.8531
c8e51268-7a59-41fe-bd8c-c28e6fc7f1dd	13	20332163	23900624	2569	0.0041
c8e51268-7a59-41fe-bd8c-c28e6fc7f1dd	13	23901934	23921773	14	-0.5771
c8e51268-7a59-41fe-bd8c-c28e6fc7f1dd	13	23922979	25633102	1266	-0.008
c8e51268-7a59-41fe-bd8c-c28e6fc7f1dd	13	25635565	25652773	8	-0.8683
c8e51268-7a59-41fe-bd8c-c28e6fc7f1dd	13	25653063	31197972	4267	0.0045
c8e51268-7a59-41fe-bd8c-c28e6fc7f1dd	13	31198719	31198809	2	1.3108
c8e51268-7a59-41fe-bd8c-c28e6fc7f1dd	13	31201974	33169449	1416	-0.0068
c8e51268-7a59-41fe-bd8c-c28e6fc7f1dd	13	33171505	33171520	2	-1.6474
c8e51268-7a59-41fe-bd8c-c28e6fc7f1dd	13	33172392	33185584	21	0.0635
c8e51268-7a59-41fe-bd8c-c28e6fc7f1dd	13	33186600	33188188	7	-0.8742
c8e51268-7a59-41fe-bd8c-c28e6fc7f1dd	13	33188636	37501828	2967	-0.005
c8e51268-7a59-41fe-bd8c-c28e6fc7f1dd	13	37502130	37510620	12	-0.5626
c8e51268-7a59-41fe-bd8c-c28e6fc7f1dd	13	37514193	42971715	3877	0.0037
c8e51268-7a59-41fe-bd8c-c28e6fc7f1dd	13	42975272	42977123	6	-1.3369
c8e51268-7a59-41fe-bd8c-c28e6fc7f1dd	13	42980804	114342922	46686	0.0049
c8e51268-7a59-41fe-bd8c-c28e6fc7f1dd	14	18239283	18976793	27	-0.0602
c8e51268-7a59-41fe-bd8c-c28e6fc7f1dd	14	19011729	19675350	36	0.5214
c8e51268-7a59-41fe-bd8c-c28e6fc7f1dd	14	19689684	20013418	140	0.1744
c8e51268-7a59-41fe-bd8c-c28e6fc7f1dd	14	20014760	20485383	349	-0.0016
c8e51268-7a59-41fe-bd8c-c28e6fc7f1dd	14	20486838	20489331	4	-1.5479
c8e51268-7a59-41fe-bd8c-c28e6fc7f1dd	14	20489607	21765222	801	0.0161
c8e51268-7a59-41fe-bd8c-c28e6fc7f1dd	14	21767650	21768531	3	-1.2688
c8e51268-7a59-41fe-bd8c-c28e6fc7f1dd	14	21769881	22139542	339	0.0427
c8e51268-7a59-41fe-bd8c-c28e6fc7f1dd	14	22143351	22144334	9	-0.9937
c8e51268-7a59-41fe-bd8c-c28e6fc7f1dd	14	22145507	22509792	327	-0.0629
c8e51268-7a59-41fe-bd8c-c28e6fc7f1dd	14	22514241	22524749	4	-1.1737
c8e51268-7a59-41fe-bd8c-c28e6fc7f1dd	14	22526139	36866665	9081	0.0064
c8e51268-7a59-41fe-bd8c-c28e6fc7f1dd	14	36867317	36867430	3	-1.5698
c8e51268-7a59-41fe-bd8c-c28e6fc7f1dd	14	36867767	44445718	4612	0.0212
c8e51268-7a59-41fe-bd8c-c28e6fc7f1dd	14	44446984	44447303	2	-1.9398
c8e51268-7a59-41fe-bd8c-c28e6fc7f1dd	14	44448651	45589165	551	0.0388
c8e51268-7a59-41fe-bd8c-c28e6fc7f1dd	14	45589196	45590672	7	-0.7802
c8e51268-7a59-41fe-bd8c-c28e6fc7f1dd	14	45593519	48307990	1693	0.0215
c8e51268-7a59-41fe-bd8c-c28e6fc7f1dd	14	48308723	48329698	15	0.5459
c8e51268-7a59-41fe-bd8c-c28e6fc7f1dd	14	48329982	63308966	9753	0.0031
c8e51268-7a59-41fe-bd8c-c28e6fc7f1dd	14	63309670	63317279	13	-0.541
c8e51268-7a59-41fe-bd8c-c28e6fc7f1dd	14	63319643	85311602	14165	0.0011
c8e51268-7a59-41fe-bd8c-c28e6fc7f1dd	14	85314210	85315155	2	-1.3795
c8e51268-7a59-41fe-bd8c-c28e6fc7f1dd	14	85316180	90791530	3601	-0.0005
c8e51268-7a59-41fe-bd8c-c28e6fc7f1dd	14	90792689	90793069	2	-1.6333
c8e51268-7a59-41fe-bd8c-c28e6fc7f1dd	14	90796815	96619973	4037	0.0002
c8e51268-7a59-41fe-bd8c-c28e6fc7f1dd	14	96620721	96621610	3	-1.3789
c8e51268-7a59-41fe-bd8c-c28e6fc7f1dd	14	96623138	99558182	2428	0.0018
c8e51268-7a59-41fe-bd8c-c28e6fc7f1dd	14	99559743	99560380	2	-2.0282
c8e51268-7a59-41fe-bd8c-c28e6fc7f1dd	14	99561643	105544971	2795	-0.0076
c8e51268-7a59-41fe-bd8c-c28e6fc7f1dd	14	105563300	105806824	51	0.3006
c8e51268-7a59-41fe-bd8c-c28e6fc7f1dd	14	105806924	105965586	50	-0.0558
c8e51268-7a59-41fe-bd8c-c28e6fc7f1dd	14	105971774	106418444	166	0.2038
c8e51268-7a59-41fe-bd8c-c28e6fc7f1dd	14	106423925	106462169	47	-0.3551
c8e51268-7a59-41fe-bd8c-c28e6fc7f1dd	14	106462183	106877229	196	0.0645
c8e51268-7a59-41fe-bd8c-c28e6fc7f1dd	15	19811075	20026653	47	0.155
c8e51268-7a59-41fe-bd8c-c28e6fc7f1dd	15	20041119	20187568	8	-0.6464
c8e51268-7a59-41fe-bd8c-c28e6fc7f1dd	15	20190276	20373168	33	0.6145
c8e51268-7a59-41fe-bd8c-c28e6fc7f1dd	15	20376198	20376202	5	-0.933
c8e51268-7a59-41fe-bd8c-c28e6fc7f1dd	15	20376309	21065721	68	0.5671
c8e51268-7a59-41fe-bd8c-c28e6fc7f1dd	15	21067891	21085447	5	1.3402
c8e51268-7a59-41fe-bd8c-c28e6fc7f1dd	15	21096887	22584747	48	0.4097
c8e51268-7a59-41fe-bd8c-c28e6fc7f1dd	15	22590285	22990340	209	0.055
c8e51268-7a59-41fe-bd8c-c28e6fc7f1dd	15	22990828	22993081	6	-0.9208
c8e51268-7a59-41fe-bd8c-c28e6fc7f1dd	15	22995806	24099315	623	0.0298
c8e51268-7a59-41fe-bd8c-c28e6fc7f1dd	15	24103856	24259010	81	-0.7315
c8e51268-7a59-41fe-bd8c-c28e6fc7f1dd	15	24263561	61391762	23614	0.0047
c8e51268-7a59-41fe-bd8c-c28e6fc7f1dd	15	61392006	61395992	3	-1.9119
c8e51268-7a59-41fe-bd8c-c28e6fc7f1dd	15	61397901	76567869	9107	0.0086
c8e51268-7a59-41fe-bd8c-c28e6fc7f1dd	15	76575886	76603003	19	0.3601
c8e51268-7a59-41fe-bd8c-c28e6fc7f1dd	15	76603426	76603434	7	0.8817
c8e51268-7a59-41fe-bd8c-c28e6fc7f1dd	15	76609838	76610031	5	0.3635
c8e51268-7a59-41fe-bd8c-c28e6fc7f1dd	15	76610083	81683734	3239	-0.0003
c8e51268-7a59-41fe-bd8c-c28e6fc7f1dd	15	81689200	81689404	3	1.2106
c8e51268-7a59-41fe-bd8c-c28e6fc7f1dd	15	81689609	93381044	7949	0.012
c8e51268-7a59-41fe-bd8c-c28e6fc7f1dd	15	93383155	93396363	8	-0.7947
c8e51268-7a59-41fe-bd8c-c28e6fc7f1dd	15	93399035	93693330	281	0.0183
c8e51268-7a59-41fe-bd8c-c28e6fc7f1dd	15	93694348	93694392	2	-1.9119
c8e51268-7a59-41fe-bd8c-c28e6fc7f1dd	15	93705607	97710881	2981	-0.0022
c8e51268-7a59-41fe-bd8c-c28e6fc7f1dd	15	97711897	97712698	3	-1.7587
c8e51268-7a59-41fe-bd8c-c28e6fc7f1dd	15	97712997	101928837	3116	0.0118
c8e51268-7a59-41fe-bd8c-c28e6fc7f1dd	16	10777	1479704	472	-0.0379
c8e51268-7a59-41fe-bd8c-c28e6fc7f1dd	16	1487838	1488691	2	-2.2954
c8e51268-7a59-41fe-bd8c-c28e6fc7f1dd	16	1491537	19933041	12974	0.0119
c8e51268-7a59-41fe-bd8c-c28e6fc7f1dd	16	19934328	19951801	24	-0.5963
c8e51268-7a59-41fe-bd8c-c28e6fc7f1dd	16	19954016	22430699	1280	0.0431
c8e51268-7a59-41fe-bd8c-c28e6fc7f1dd	16	22546611	22765261	135	0.2234
c8e51268-7a59-41fe-bd8c-c28e6fc7f1dd	16	22766456	27064367	3072	0.0077
c8e51268-7a59-41fe-bd8c-c28e6fc7f1dd	16	27064419	27064609	5	0.966
c8e51268-7a59-41fe-bd8c-c28e6fc7f1dd	16	27065588	31833730	1903	0.0004
c8e51268-7a59-41fe-bd8c-c28e6fc7f1dd	16	31834376	35187330	235	0.1743
c8e51268-7a59-41fe-bd8c-c28e6fc7f1dd	16	35189938	35530722	207	0.0082
c8e51268-7a59-41fe-bd8c-c28e6fc7f1dd	16	35530845	46576262	175	0.1771
c8e51268-7a59-41fe-bd8c-c28e6fc7f1dd	16	46576275	55762682	6415	0.0027
c8e51268-7a59-41fe-bd8c-c28e6fc7f1dd	16	55764310	55764867	3	2.3036
c8e51268-7a59-41fe-bd8c-c28e6fc7f1dd	16	55770436	77997767	13976	-0.0005
c8e51268-7a59-41fe-bd8c-c28e6fc7f1dd	16	77998237	78011228	11	-0.6604
c8e51268-7a59-41fe-bd8c-c28e6fc7f1dd	16	78011632	78175766	133	0.0127
c8e51268-7a59-41fe-bd8c-c28e6fc7f1dd	16	78177869	78179858	4	-1.0755
c8e51268-7a59-41fe-bd8c-c28e6fc7f1dd	16	78183310	78337711	152	-0.0204
c8e51268-7a59-41fe-bd8c-c28e6fc7f1dd	16	78338543	78345778	13	1.0865
c8e51268-7a59-41fe-bd8c-c28e6fc7f1dd	16	78347366	79082064	1013	0.0177
c8e51268-7a59-41fe-bd8c-c28e6fc7f1dd	16	79082607	79083711	4	-1.5173
c8e51268-7a59-41fe-bd8c-c28e6fc7f1dd	16	79084713	80902630	1972	-0.0032
c8e51268-7a59-41fe-bd8c-c28e6fc7f1dd	16	80903546	80905951	6	-0.9072
c8e51268-7a59-41fe-bd8c-c28e6fc7f1dd	16	80907706	81157185	230	0.0122
c8e51268-7a59-41fe-bd8c-c28e6fc7f1dd	16	81158981	81159209	3	-1.5813
c8e51268-7a59-41fe-bd8c-c28e6fc7f1dd	16	81160489	81175773	22	0.0991
c8e51268-7a59-41fe-bd8c-c28e6fc7f1dd	16	81176110	81176687	3	-1.9278
c8e51268-7a59-41fe-bd8c-c28e6fc7f1dd	16	81177192	81196839	15	-0.1773
c8e51268-7a59-41fe-bd8c-c28e6fc7f1dd	16	81198670	81198985	3	-1.5688
c8e51268-7a59-41fe-bd8c-c28e6fc7f1dd	16	81199813	81469798	243	0.0035
c8e51268-7a59-41fe-bd8c-c28e6fc7f1dd	16	81469935	81479216	16	-0.5027
c8e51268-7a59-41fe-bd8c-c28e6fc7f1dd	16	81479814	82671506	1197	0.0077
c8e51268-7a59-41fe-bd8c-c28e6fc7f1dd	16	82671617	82677899	14	-0.9781
c8e51268-7a59-41fe-bd8c-c28e6fc7f1dd	16	82678427	90096867	5847	-0.0038
c8e51268-7a59-41fe-bd8c-c28e6fc7f1dd	17	150733	10112250	5796	0.0103
c8e51268-7a59-41fe-bd8c-c28e6fc7f1dd	17	10112892	10114298	3	-1.5965
c8e51268-7a59-41fe-bd8c-c28e6fc7f1dd	17	10118325	15580307	4185	0.0036
c8e51268-7a59-41fe-bd8c-c28e6fc7f1dd	17	15581557	15586786	2	-1.6516
c8e51268-7a59-41fe-bd8c-c28e6fc7f1dd	17	15586837	18452078	1396	0.0122
c8e51268-7a59-41fe-bd8c-c28e6fc7f1dd	17	18455632	18561907	26	-1.1239
c8e51268-7a59-41fe-bd8c-c28e6fc7f1dd	17	18565883	33708273	5069	0.0144
c8e51268-7a59-41fe-bd8c-c28e6fc7f1dd	17	33709157	33710419	2	-1.4732
c8e51268-7a59-41fe-bd8c-c28e6fc7f1dd	17	33712604	33853172	134	-0.0716
c8e51268-7a59-41fe-bd8c-c28e6fc7f1dd	17	33853457	34645710	739	0.1023
c8e51268-7a59-41fe-bd8c-c28e6fc7f1dd	17	34648138	36098851	879	0.0073
c8e51268-7a59-41fe-bd8c-c28e6fc7f1dd	17	36101021	36208249	45	0.6324
c8e51268-7a59-41fe-bd8c-c28e6fc7f1dd	17	36460442	41058864	2392	-0.0013
c8e51268-7a59-41fe-bd8c-c28e6fc7f1dd	17	41058934	41065355	9	-1.2759
c8e51268-7a59-41fe-bd8c-c28e6fc7f1dd	17	41066554	41223419	97	0.0486
c8e51268-7a59-41fe-bd8c-c28e6fc7f1dd	17	41224170	41393899	167	0.1901
c8e51268-7a59-41fe-bd8c-c28e6fc7f1dd	17	41401799	45632942	2046	-0.006
c8e51268-7a59-41fe-bd8c-c28e6fc7f1dd	17	45633124	46790821	519	0.0963
c8e51268-7a59-41fe-bd8c-c28e6fc7f1dd	17	46791064	48402094	822	-0.0108
c8e51268-7a59-41fe-bd8c-c28e6fc7f1dd	17	48408080	48408241	2	-2.2625
c8e51268-7a59-41fe-bd8c-c28e6fc7f1dd	17	48410498	74623338	16407	0.0028
c8e51268-7a59-41fe-bd8c-c28e6fc7f1dd	17	74623648	74655597	26	-0.5287
c8e51268-7a59-41fe-bd8c-c28e6fc7f1dd	17	74656792	83091923	4202	-0.0022
c8e51268-7a59-41fe-bd8c-c28e6fc7f1dd	18	48133	2059650	1465	0.0231
c8e51268-7a59-41fe-bd8c-c28e6fc7f1dd	18	2068406	2068871	2	-2.341
c8e51268-7a59-41fe-bd8c-c28e6fc7f1dd	18	2069950	2634581	408	0.0074
c8e51268-7a59-41fe-bd8c-c28e6fc7f1dd	18	2635264	2641859	13	-0.8682
c8e51268-7a59-41fe-bd8c-c28e6fc7f1dd	18	2642721	3388157	482	-0.0159
c8e51268-7a59-41fe-bd8c-c28e6fc7f1dd	18	3388781	3389330	2	-1.4912
c8e51268-7a59-41fe-bd8c-c28e6fc7f1dd	18	3393894	3573380	108	-0.0246
c8e51268-7a59-41fe-bd8c-c28e6fc7f1dd	18	3575806	3575935	3	-1.1092
c8e51268-7a59-41fe-bd8c-c28e6fc7f1dd	18	3576175	4978906	1040	0.0033
c8e51268-7a59-41fe-bd8c-c28e6fc7f1dd	18	4979613	4980178	5	1.6806
c8e51268-7a59-41fe-bd8c-c28e6fc7f1dd	18	4985483	5962015	682	0.0029
c8e51268-7a59-41fe-bd8c-c28e6fc7f1dd	18	5963764	5966351	8	-0.3443
c8e51268-7a59-41fe-bd8c-c28e6fc7f1dd	18	5967111	5967910	2	-1.4511
c8e51268-7a59-41fe-bd8c-c28e6fc7f1dd	18	5968129	6021599	59	0.0283
c8e51268-7a59-41fe-bd8c-c28e6fc7f1dd	18	6022320	6022522	3	-1.128
c8e51268-7a59-41fe-bd8c-c28e6fc7f1dd	18	6022694	6481498	298	0.0483
c8e51268-7a59-41fe-bd8c-c28e6fc7f1dd	18	6482887	6492215	7	-0.7325
c8e51268-7a59-41fe-bd8c-c28e6fc7f1dd	18	6492937	14980541	5703	0.0025
c8e51268-7a59-41fe-bd8c-c28e6fc7f1dd	18	14993210	20968826	96	0.2018
c8e51268-7a59-41fe-bd8c-c28e6fc7f1dd	18	20971897	25923611	2927	0.0048
c8e51268-7a59-41fe-bd8c-c28e6fc7f1dd	18	25924236	25924253	2	-1.251
c8e51268-7a59-41fe-bd8c-c28e6fc7f1dd	18	25924796	26785899	522	0.0041
c8e51268-7a59-41fe-bd8c-c28e6fc7f1dd	18	26785951	26786181	3	-2.0514
c8e51268-7a59-41fe-bd8c-c28e6fc7f1dd	18	26786415	53677765	17820	0.0019
c8e51268-7a59-41fe-bd8c-c28e6fc7f1dd	18	53680839	53684270	4	-3.2381
c8e51268-7a59-41fe-bd8c-c28e6fc7f1dd	18	53685778	71831153	12772	0.0114
c8e51268-7a59-41fe-bd8c-c28e6fc7f1dd	18	71832542	72988474	882	0.1064
c8e51268-7a59-41fe-bd8c-c28e6fc7f1dd	18	72988651	78219499	4173	0.0029
c8e51268-7a59-41fe-bd8c-c28e6fc7f1dd	18	78222660	78222732	2	-1.6196
c8e51268-7a59-41fe-bd8c-c28e6fc7f1dd	18	78223084	78904040	453	0.0319
c8e51268-7a59-41fe-bd8c-c28e6fc7f1dd	18	78904863	78909931	3	-1.1725
c8e51268-7a59-41fe-bd8c-c28e6fc7f1dd	18	78910843	79675631	398	0.032
c8e51268-7a59-41fe-bd8c-c28e6fc7f1dd	18	79681822	79688041	5	-1.0647
c8e51268-7a59-41fe-bd8c-c28e6fc7f1dd	18	79690068	80257174	298	0.0521
c8e51268-7a59-41fe-bd8c-c28e6fc7f1dd	19	90910	20415964	8918	-0.001
c8e51268-7a59-41fe-bd8c-c28e6fc7f1dd	19	20420524	20538428	65	-0.4821
c8e51268-7a59-41fe-bd8c-c28e6fc7f1dd	19	20538656	28262443	2657	0.0416
c8e51268-7a59-41fe-bd8c-c28e6fc7f1dd	19	28263337	52422579	13619	0.0029
c8e51268-7a59-41fe-bd8c-c28e6fc7f1dd	19	52425973	53013829	406	0.0632
c8e51268-7a59-41fe-bd8c-c28e6fc7f1dd	19	53015494	53050987	23	0.821
c8e51268-7a59-41fe-bd8c-c28e6fc7f1dd	19	53051066	55791595	1550	0.0057
c8e51268-7a59-41fe-bd8c-c28e6fc7f1dd	19	55795036	55796481	6	-0.9702
c8e51268-7a59-41fe-bd8c-c28e6fc7f1dd	19	55797784	58586487	1814	0.0119
c8e51268-7a59-41fe-bd8c-c28e6fc7f1dd	20	80664	1580141	1198	0.0465
c8e51268-7a59-41fe-bd8c-c28e6fc7f1dd	20	1580156	1613247	45	-0.5078
c8e51268-7a59-41fe-bd8c-c28e6fc7f1dd	20	1617300	55925000	35183	0.0074
c8e51268-7a59-41fe-bd8c-c28e6fc7f1dd	20	55926457	55926682	2	1.7895
c8e51268-7a59-41fe-bd8c-c28e6fc7f1dd	20	55927597	58970991	2386	-0.0063
c8e51268-7a59-41fe-bd8c-c28e6fc7f1dd	20	58971246	58972890	2	-1.3365
c8e51268-7a59-41fe-bd8c-c28e6fc7f1dd	20	58981914	59498658	426	0.0092
c8e51268-7a59-41fe-bd8c-c28e6fc7f1dd	20	59498865	59502537	3	-1.3627
c8e51268-7a59-41fe-bd8c-c28e6fc7f1dd	20	59503792	63589896	2746	0.0099
c8e51268-7a59-41fe-bd8c-c28e6fc7f1dd	20	63591105	63591304	2	-1.516
c8e51268-7a59-41fe-bd8c-c28e6fc7f1dd	20	63591871	64089652	181	-0.0106
c8e51268-7a59-41fe-bd8c-c28e6fc7f1dd	20	64096137	64096189	4	1.5889
c8e51268-7a59-41fe-bd8c-c28e6fc7f1dd	20	64096562	64324800	123	0.0935
c8e51268-7a59-41fe-bd8c-c28e6fc7f1dd	21	10354168	17464044	2649	0.0149
c8e51268-7a59-41fe-bd8c-c28e6fc7f1dd	21	17466582	17466703	2	-2.1417
c8e51268-7a59-41fe-bd8c-c28e6fc7f1dd	21	17471647	22811224	4014	0.0073
c8e51268-7a59-41fe-bd8c-c28e6fc7f1dd	21	22811852	23266405	375	0.1249
c8e51268-7a59-41fe-bd8c-c28e6fc7f1dd	21	23266436	23920793	527	0.0188
c8e51268-7a59-41fe-bd8c-c28e6fc7f1dd	21	23923855	23927374	4	-1.1116
c8e51268-7a59-41fe-bd8c-c28e6fc7f1dd	21	23927443	30718519	5068	0.0007
c8e51268-7a59-41fe-bd8c-c28e6fc7f1dd	21	30718934	30828726	53	0.2337
c8e51268-7a59-41fe-bd8c-c28e6fc7f1dd	21	30832424	34501851	2447	0.0027
c8e51268-7a59-41fe-bd8c-c28e6fc7f1dd	21	34502655	34511706	8	0.6623
c8e51268-7a59-41fe-bd8c-c28e6fc7f1dd	21	34512114	39005629	3555	0.0083
c8e51268-7a59-41fe-bd8c-c28e6fc7f1dd	21	39005649	39005681	2	-1.7031
c8e51268-7a59-41fe-bd8c-c28e6fc7f1dd	21	39008323	39907198	704	0.026
c8e51268-7a59-41fe-bd8c-c28e6fc7f1dd	21	39909539	39911016	4	-0.9643
c8e51268-7a59-41fe-bd8c-c28e6fc7f1dd	21	39912597	41918291	1788	0.009
c8e51268-7a59-41fe-bd8c-c28e6fc7f1dd	21	41920596	41935354	10	-0.7842
c8e51268-7a59-41fe-bd8c-c28e6fc7f1dd	21	41939060	45419989	1885	-0.0014
c8e51268-7a59-41fe-bd8c-c28e6fc7f1dd	21	45427844	45428674	5	-0.9994
c8e51268-7a59-41fe-bd8c-c28e6fc7f1dd	21	45429306	46677045	719	-0.0094
c8e51268-7a59-41fe-bd8c-c28e6fc7f1dd	22	15294547	22027436	2970	0.0627
c8e51268-7a59-41fe-bd8c-c28e6fc7f1dd	22	22027710	22027946	6	1.9035
c8e51268-7a59-41fe-bd8c-c28e6fc7f1dd	22	22032036	22113158	131	0.0511
c8e51268-7a59-41fe-bd8c-c28e6fc7f1dd	22	22114208	22127104	8	-0.7897
c8e51268-7a59-41fe-bd8c-c28e6fc7f1dd	22	22130385	22148876	69	0.1295
c8e51268-7a59-41fe-bd8c-c28e6fc7f1dd	22	22148948	22149460	6	1.4417
c8e51268-7a59-41fe-bd8c-c28e6fc7f1dd	22	22149652	22165674	25	0.2569
c8e51268-7a59-41fe-bd8c-c28e6fc7f1dd	22	22168470	22176688	12	-0.3941
c8e51268-7a59-41fe-bd8c-c28e6fc7f1dd	22	22177279	22242074	121	0.113
c8e51268-7a59-41fe-bd8c-c28e6fc7f1dd	22	22242719	22243567	3	-1.037
c8e51268-7a59-41fe-bd8c-c28e6fc7f1dd	22	22245125	23140531	517	0.1026
c8e51268-7a59-41fe-bd8c-c28e6fc7f1dd	22	23144275	23147175	2	-3.115
c8e51268-7a59-41fe-bd8c-c28e6fc7f1dd	22	23147792	23929558	500	0.0076
c8e51268-7a59-41fe-bd8c-c28e6fc7f1dd	22	23940911	23990739	18	0.7212
c8e51268-7a59-41fe-bd8c-c28e6fc7f1dd	22	23995113	25509519	1052	0.0344
c8e51268-7a59-41fe-bd8c-c28e6fc7f1dd	22	25509687	25515133	35	0.3625
c8e51268-7a59-41fe-bd8c-c28e6fc7f1dd	22	25515310	26041983	524	0.0412
c8e51268-7a59-41fe-bd8c-c28e6fc7f1dd	22	26042141	26046141	3	-1.1346
c8e51268-7a59-41fe-bd8c-c28e6fc7f1dd	22	26048628	35577300	7218	0.0157
c8e51268-7a59-41fe-bd8c-c28e6fc7f1dd	22	35579156	35579745	3	1.4363
c8e51268-7a59-41fe-bd8c-c28e6fc7f1dd	22	35582717	49137558	9025	0.0108
c8e51268-7a59-41fe-bd8c-c28e6fc7f1dd	22	49139264	49139958	4	-1.2472
c8e51268-7a59-41fe-bd8c-c28e6fc7f1dd	22	49142121	50564071	841	0.0146
c8e51268-7a59-41fe-bd8c-c28e6fc7f1dd	22	50571524	50571683	3	-1.5313
c8e51268-7a59-41fe-bd8c-c28e6fc7f1dd	22	50574346	50716524	87	-0.0383
c8e51268-7a59-41fe-bd8c-c28e6fc7f1dd	22	50718238	50733402	12	0.526
c8e51268-7a59-41fe-bd8c-c28e6fc7f1dd	22	50736945	50796027	17	-0.2778
c8e51268-7a59-41fe-bd8c-c28e6fc7f1dd	X	251810	4242188	1042	-0.0268
c8e51268-7a59-41fe-bd8c-c28e6fc7f1dd	X	4242789	4243812	2	-5.3395
c8e51268-7a59-41fe-bd8c-c28e6fc7f1dd	X	4243834	7641450	2693	0.0291
c8e51268-7a59-41fe-bd8c-c28e6fc7f1dd	X	7641953	7643274	6	-4.1946
c8e51268-7a59-41fe-bd8c-c28e6fc7f1dd	X	7643674	10038412	1833	0.0146
c8e51268-7a59-41fe-bd8c-c28e6fc7f1dd	X	10039919	10040110	2	-5.8371
c8e51268-7a59-41fe-bd8c-c28e6fc7f1dd	X	10040963	12918903	2121	-0.014
c8e51268-7a59-41fe-bd8c-c28e6fc7f1dd	X	12921827	12922694	2	-4.732
c8e51268-7a59-41fe-bd8c-c28e6fc7f1dd	X	12922769	38437904	15875	0.0142
c8e51268-7a59-41fe-bd8c-c28e6fc7f1dd	X	38438304	38438756	4	-4.8674
c8e51268-7a59-41fe-bd8c-c28e6fc7f1dd	X	38438789	131513131	45211	0.0191
c8e51268-7a59-41fe-bd8c-c28e6fc7f1dd	X	131513876	131514544	3	-4.2681
c8e51268-7a59-41fe-bd8c-c28e6fc7f1dd	X	131514661	155952689	14316	0.0256
c8e51268-7a59-41fe-bd8c-c28e6fc7f1dd	Y	2782397	7524092	1220	-1.0357
c8e51268-7a59-41fe-bd8c-c28e6fc7f1dd	Y	7527646	12299186	1486	-0.9612
c8e51268-7a59-41fe-bd8c-c28e6fc7f1dd	Y	12299651	13112668	398	-1.0522
c8e51268-7a59-41fe-bd8c-c28e6fc7f1dd	Y	13115938	13118643	2	-2.884
c8e51268-7a59-41fe-bd8c-c28e6fc7f1dd	Y	13122316	17058562	1914	-1.029
c8e51268-7a59-41fe-bd8c-c28e6fc7f1dd	Y	17067455	17067660	3	-2.4315
c8e51268-7a59-41fe-bd8c-c28e6fc7f1dd	Y	17070391	56872112	1613	-1.0453
