GDC_Aliquot	Chromosome	Start	End	Copy_Number	Major_Copy_Number	Minor_Copy_Number
650093fa-5d50-4a15-ad78-dcdb4b5398b7	chr1	13116	32550178	2	1	1
650093fa-5d50-4a15-ad78-dcdb4b5398b7	chr1	32551283	32572677	1	1	0
650093fa-5d50-4a15-ad78-dcdb4b5398b7	chr1	32574174	45660118	3	2	1
650093fa-5d50-4a15-ad78-dcdb4b5398b7	chr1	45661695	56040891	1	1	0
650093fa-5d50-4a15-ad78-dcdb4b5398b7	chr1	56042368	56061993	4	2	2
650093fa-5d50-4a15-ad78-dcdb4b5398b7	chr1	56065183	121742438	1	1	0
650093fa-5d50-4a15-ad78-dcdb4b5398b7	chr1	143417573	143911815	2	1	1
650093fa-5d50-4a15-ad78-dcdb4b5398b7	chr1	143914141	207855716	3	2	1
650093fa-5d50-4a15-ad78-dcdb4b5398b7	chr1	207856958	248945703	1	1	0
650093fa-5d50-4a15-ad78-dcdb4b5398b7	chr2	10587	82666315	1	1	0
650093fa-5d50-4a15-ad78-dcdb4b5398b7	chr2	82668017	83793987	2	2	0
650093fa-5d50-4a15-ad78-dcdb4b5398b7	chr2	83795310	113398859	1	1	0
650093fa-5d50-4a15-ad78-dcdb4b5398b7	chr2	113399878	113457652	0	0	0
650093fa-5d50-4a15-ad78-dcdb4b5398b7	chr2	113460489	115511291	2	1	1
650093fa-5d50-4a15-ad78-dcdb4b5398b7	chr2	115512305	242183243	1	1	0
650093fa-5d50-4a15-ad78-dcdb4b5398b7	chr3	18519	87742326	1	1	0
650093fa-5d50-4a15-ad78-dcdb4b5398b7	chr3	87744679	164144968	2	1	1
650093fa-5d50-4a15-ad78-dcdb4b5398b7	chr3	164146384	164390022	1	1	0
650093fa-5d50-4a15-ad78-dcdb4b5398b7	chr3	164391070	198181744	2	1	1
650093fa-5d50-4a15-ad78-dcdb4b5398b7	chr4	11961	46209129	2	2	0
650093fa-5d50-4a15-ad78-dcdb4b5398b7	chr4	46211992	46327161	3	3	0
650093fa-5d50-4a15-ad78-dcdb4b5398b7	chr4	46328871	48348740	2	2	0
650093fa-5d50-4a15-ad78-dcdb4b5398b7	chr4	48351325	49093476	3	3	0
650093fa-5d50-4a15-ad78-dcdb4b5398b7	chr4	49095189	49635479	2	2	0
650093fa-5d50-4a15-ad78-dcdb4b5398b7	chr4	49636481	53411977	3	2	1
650093fa-5d50-4a15-ad78-dcdb4b5398b7	chr4	53413032	53445108	2	2	0
650093fa-5d50-4a15-ad78-dcdb4b5398b7	chr4	53446539	63525638	3	2	1
650093fa-5d50-4a15-ad78-dcdb4b5398b7	chr4	63526899	115710664	1	1	0
650093fa-5d50-4a15-ad78-dcdb4b5398b7	chr4	115711671	176562709	2	2	0
650093fa-5d50-4a15-ad78-dcdb4b5398b7	chr4	176563937	190122722	1	1	0
650093fa-5d50-4a15-ad78-dcdb4b5398b7	chr5	11882	181363900	3	2	1
650093fa-5d50-4a15-ad78-dcdb4b5398b7	chr6	100116	76384275	2	1	1
650093fa-5d50-4a15-ad78-dcdb4b5398b7	chr6	76386209	170740469	1	1	0
650093fa-5d50-4a15-ad78-dcdb4b5398b7	chr7	20608	1767331	2	1	1
650093fa-5d50-4a15-ad78-dcdb4b5398b7	chr7	1768956	2662192	2	2	0
650093fa-5d50-4a15-ad78-dcdb4b5398b7	chr7	2663241	23078129	2	1	1
650093fa-5d50-4a15-ad78-dcdb4b5398b7	chr7	23079437	23130140	1	1	0
650093fa-5d50-4a15-ad78-dcdb4b5398b7	chr7	23131157	159334386	2	1	1
650093fa-5d50-4a15-ad78-dcdb4b5398b7	chr8	61774	33240287	1	1	0
650093fa-5d50-4a15-ad78-dcdb4b5398b7	chr8	33241306	33729484	2	2	0
650093fa-5d50-4a15-ad78-dcdb4b5398b7	chr8	33730834	36651075	1	1	0
650093fa-5d50-4a15-ad78-dcdb4b5398b7	chr8	36653011	37634314	0	0	0
650093fa-5d50-4a15-ad78-dcdb4b5398b7	chr8	37635354	42172469	1	1	0
650093fa-5d50-4a15-ad78-dcdb4b5398b7	chr8	42173842	72692128	2	1	1
650093fa-5d50-4a15-ad78-dcdb4b5398b7	chr8	72693445	73066584	1	1	0
650093fa-5d50-4a15-ad78-dcdb4b5398b7	chr8	73068679	143138416	4	2	2
650093fa-5d50-4a15-ad78-dcdb4b5398b7	chr8	143139557	143845100	4	3	1
650093fa-5d50-4a15-ad78-dcdb4b5398b7	chr8	143846488	145078402	4	2	2
650093fa-5d50-4a15-ad78-dcdb4b5398b7	chr9	10469	21366262	1	1	0
650093fa-5d50-4a15-ad78-dcdb4b5398b7	chr9	21368098	25535153	0	0	0
650093fa-5d50-4a15-ad78-dcdb4b5398b7	chr9	25536538	138256233	1	1	0
650093fa-5d50-4a15-ad78-dcdb4b5398b7	chr10	15029	133787009	2	1	1
650093fa-5d50-4a15-ad78-dcdb4b5398b7	chr11	87268	22731888	2	1	1
650093fa-5d50-4a15-ad78-dcdb4b5398b7	chr11	22733135	29454249	1	1	0
650093fa-5d50-4a15-ad78-dcdb4b5398b7	chr11	29455532	106532722	2	1	1
650093fa-5d50-4a15-ad78-dcdb4b5398b7	chr11	106534768	113613861	3	2	1
650093fa-5d50-4a15-ad78-dcdb4b5398b7	chr11	113617655	135076424	1	1	0
650093fa-5d50-4a15-ad78-dcdb4b5398b7	chr12	11065	10229261	2	1	1
650093fa-5d50-4a15-ad78-dcdb4b5398b7	chr12	10230321	18961049	1	1	0
650093fa-5d50-4a15-ad78-dcdb4b5398b7	chr12	18962739	55695425	2	1	1
650093fa-5d50-4a15-ad78-dcdb4b5398b7	chr12	55697833	99418838	3	2	1
650093fa-5d50-4a15-ad78-dcdb4b5398b7	chr12	99420007	133264676	2	1	1
650093fa-5d50-4a15-ad78-dcdb4b5398b7	chr13	18445955	114343123	1	1	0
650093fa-5d50-4a15-ad78-dcdb4b5398b7	chr14	18223583	25364448	3	2	1
650093fa-5d50-4a15-ad78-dcdb4b5398b7	chr14	25365774	41141953	4	2	2
650093fa-5d50-4a15-ad78-dcdb4b5398b7	chr14	41143042	41191462	1	1	0
650093fa-5d50-4a15-ad78-dcdb4b5398b7	chr14	41193193	50110317	3	2	1
650093fa-5d50-4a15-ad78-dcdb4b5398b7	chr14	50111644	106880670	2	2	0
650093fa-5d50-4a15-ad78-dcdb4b5398b7	chr15	19795285	101980591	1	1	0
650093fa-5d50-4a15-ad78-dcdb4b5398b7	chr16	10291	1224718	3	2	1
650093fa-5d50-4a15-ad78-dcdb4b5398b7	chr16	1225775	48750701	4	2	2
650093fa-5d50-4a15-ad78-dcdb4b5398b7	chr16	48751708	55660383	5	3	2
650093fa-5d50-4a15-ad78-dcdb4b5398b7	chr16	55661809	62413951	3	3	0
650093fa-5d50-4a15-ad78-dcdb4b5398b7	chr16	62416039	90226358	2	2	0
650093fa-5d50-4a15-ad78-dcdb4b5398b7	chr17	151035	47159838	1	1	0
650093fa-5d50-4a15-ad78-dcdb4b5398b7	chr17	47163605	83237603	2	2	0
650093fa-5d50-4a15-ad78-dcdb4b5398b7	chr18	16444	80259190	1	1	0
650093fa-5d50-4a15-ad78-dcdb4b5398b7	chr19	157892	24332286	1	1	0
650093fa-5d50-4a15-ad78-dcdb4b5398b7	chr19	24336760	27375902	2	1	1
650093fa-5d50-4a15-ad78-dcdb4b5398b7	chr19	27376911	58607412	1	1	0
650093fa-5d50-4a15-ad78-dcdb4b5398b7	chr20	80457	9130112	1	1	0
650093fa-5d50-4a15-ad78-dcdb4b5398b7	chr20	9131451	64331516	2	1	1
650093fa-5d50-4a15-ad78-dcdb4b5398b7	chr21	7762688	10776361	1	1	0
650093fa-5d50-4a15-ad78-dcdb4b5398b7	chr21	10778917	13229094	2	1	1
650093fa-5d50-4a15-ad78-dcdb4b5398b7	chr21	13231128	13246897	0	0	0
650093fa-5d50-4a15-ad78-dcdb4b5398b7	chr21	13248038	46699722	2	2	0
650093fa-5d50-4a15-ad78-dcdb4b5398b7	chr22	15284540	15700341	2	2	0
650093fa-5d50-4a15-ad78-dcdb4b5398b7	chr22	15703483	50802392	1	1	0
650093fa-5d50-4a15-ad78-dcdb4b5398b7	chrX	2781514	62574921	1	1	0
650093fa-5d50-4a15-ad78-dcdb4b5398b7	chrX	62577437	62696594	2	2	0
650093fa-5d50-4a15-ad78-dcdb4b5398b7	chrX	62698093	66504016	1	1	0
650093fa-5d50-4a15-ad78-dcdb4b5398b7	chrX	66505037	66517334	0	0	0
650093fa-5d50-4a15-ad78-dcdb4b5398b7	chrX	66518567	66536986	4	4	0
650093fa-5d50-4a15-ad78-dcdb4b5398b7	chrX	66538474	74471721	1	1	0
650093fa-5d50-4a15-ad78-dcdb4b5398b7	chrX	74474243	74538344	0	0	0
650093fa-5d50-4a15-ad78-dcdb4b5398b7	chrX	74544974	89358519	1	1	0
650093fa-5d50-4a15-ad78-dcdb4b5398b7	chrX	89359781	89397797	3	3	0
650093fa-5d50-4a15-ad78-dcdb4b5398b7	chrX	89403805	155699751	1	1	0
650093fa-5d50-4a15-ad78-dcdb4b5398b7	chrY	2789135	26622951	1	1	0
