GDC_Aliquot	Chromosome	Start	End	Num_Probes	Segment_Mean
59704246-073a-4b1e-96ea-1fe6ee6df2a4	1	62920	462894	19	0.1559
59704246-073a-4b1e-96ea-1fe6ee6df2a4	1	599171	3587509	845	-0.5737
59704246-073a-4b1e-96ea-1fe6ee6df2a4	1	3595777	4830065	971	-0.4851
59704246-073a-4b1e-96ea-1fe6ee6df2a4	1	4831543	4834890	3	-1.898
59704246-073a-4b1e-96ea-1fe6ee6df2a4	1	4836180	10107889	3186	-0.465
59704246-073a-4b1e-96ea-1fe6ee6df2a4	1	10111373	10128616	4	-1.9486
59704246-073a-4b1e-96ea-1fe6ee6df2a4	1	10129523	15827002	3271	-0.4579
59704246-073a-4b1e-96ea-1fe6ee6df2a4	1	15827041	15827338	3	-1.7855
59704246-073a-4b1e-96ea-1fe6ee6df2a4	1	15827362	16605031	309	-0.4258
59704246-073a-4b1e-96ea-1fe6ee6df2a4	1	16609512	16855942	50	-0.9164
59704246-073a-4b1e-96ea-1fe6ee6df2a4	1	16863509	16912972	25	0.257
59704246-073a-4b1e-96ea-1fe6ee6df2a4	1	16915871	16920587	6	-0.6135
59704246-073a-4b1e-96ea-1fe6ee6df2a4	1	16921178	16949746	25	-0.0216
59704246-073a-4b1e-96ea-1fe6ee6df2a4	1	16951445	25256850	5243	-0.4682
59704246-073a-4b1e-96ea-1fe6ee6df2a4	1	25266637	25320455	24	-1.7997
59704246-073a-4b1e-96ea-1fe6ee6df2a4	1	25336819	72303233	28619	-0.4665
59704246-073a-4b1e-96ea-1fe6ee6df2a4	1	72303253	72345450	43	-2.1142
59704246-073a-4b1e-96ea-1fe6ee6df2a4	1	72345465	75585159	1923	-0.4686
59704246-073a-4b1e-96ea-1fe6ee6df2a4	1	75589078	75589169	2	-3.0996
59704246-073a-4b1e-96ea-1fe6ee6df2a4	1	75593824	77999926	1640	-0.4614
59704246-073a-4b1e-96ea-1fe6ee6df2a4	1	78008569	79024617	594	0.0642
59704246-073a-4b1e-96ea-1fe6ee6df2a4	1	79024676	80758676	1119	-0.4497
59704246-073a-4b1e-96ea-1fe6ee6df2a4	1	80758821	81405036	458	0.0002
59704246-073a-4b1e-96ea-1fe6ee6df2a4	1	81405068	86307363	3368	-0.4761
59704246-073a-4b1e-96ea-1fe6ee6df2a4	1	86311139	86312583	2	-2.6572
59704246-073a-4b1e-96ea-1fe6ee6df2a4	1	86314399	105470754	11769	-0.4691
59704246-073a-4b1e-96ea-1fe6ee6df2a4	1	105476583	105479753	17	0.1495
59704246-073a-4b1e-96ea-1fe6ee6df2a4	1	105481433	112147704	4573	-0.4623
59704246-073a-4b1e-96ea-1fe6ee6df2a4	1	112153343	112154375	17	-1.5558
59704246-073a-4b1e-96ea-1fe6ee6df2a4	1	112154390	113898587	1027	-0.4757
59704246-073a-4b1e-96ea-1fe6ee6df2a4	1	113902991	117910756	2677	-0.0054
59704246-073a-4b1e-96ea-1fe6ee6df2a4	1	117911201	118139654	111	0.4351
59704246-073a-4b1e-96ea-1fe6ee6df2a4	1	118143502	121013779	1250	0.0002
59704246-073a-4b1e-96ea-1fe6ee6df2a4	1	121074420	121426988	16	0.3969
59704246-073a-4b1e-96ea-1fe6ee6df2a4	1	121430469	143754062	188	0.9847
59704246-073a-4b1e-96ea-1fe6ee6df2a4	1	143754077	152582700	2323	0.6719
59704246-073a-4b1e-96ea-1fe6ee6df2a4	1	152583051	152614118	36	1.0339
59704246-073a-4b1e-96ea-1fe6ee6df2a4	1	152618018	152789532	171	0.6873
59704246-073a-4b1e-96ea-1fe6ee6df2a4	1	152789570	152795783	28	1.2293
59704246-073a-4b1e-96ea-1fe6ee6df2a4	1	152795805	186522908	22628	0.6636
59704246-073a-4b1e-96ea-1fe6ee6df2a4	1	186526209	186526355	2	-0.8804
59704246-073a-4b1e-96ea-1fe6ee6df2a4	1	186530404	189053842	1632	0.6546
59704246-073a-4b1e-96ea-1fe6ee6df2a4	1	189058092	189062230	7	-0.4321
59704246-073a-4b1e-96ea-1fe6ee6df2a4	1	189063349	196745743	5146	0.6672
59704246-073a-4b1e-96ea-1fe6ee6df2a4	1	196758720	196762956	4	1.8433
59704246-073a-4b1e-96ea-1fe6ee6df2a4	1	196769493	196843377	55	0.8241
59704246-073a-4b1e-96ea-1fe6ee6df2a4	1	196843400	196846661	2	-2.3159
59704246-073a-4b1e-96ea-1fe6ee6df2a4	1	196847600	209897717	8774	0.6746
59704246-073a-4b1e-96ea-1fe6ee6df2a4	1	209908268	209908720	2	-1.4945
59704246-073a-4b1e-96ea-1fe6ee6df2a4	1	209910639	217253745	5164	0.6649
59704246-073a-4b1e-96ea-1fe6ee6df2a4	1	217254182	243139864	18118	0.6149
59704246-073a-4b1e-96ea-1fe6ee6df2a4	1	243143622	243144364	2	-1.2816
59704246-073a-4b1e-96ea-1fe6ee6df2a4	1	243145889	248546369	3529	0.6232
59704246-073a-4b1e-96ea-1fe6ee6df2a4	1	248550567	248645808	37	-0.3556
59704246-073a-4b1e-96ea-1fe6ee6df2a4	1	248646068	248930189	139	0.6187
59704246-073a-4b1e-96ea-1fe6ee6df2a4	2	12784	3773082	2677	-0.0127
59704246-073a-4b1e-96ea-1fe6ee6df2a4	2	3773662	3776231	2	-2.3697
59704246-073a-4b1e-96ea-1fe6ee6df2a4	2	3776375	4158097	301	0.0083
59704246-073a-4b1e-96ea-1fe6ee6df2a4	2	4166274	4170989	16	-2.4682
59704246-073a-4b1e-96ea-1fe6ee6df2a4	2	4171394	4171747	4	-4.3727
59704246-073a-4b1e-96ea-1fe6ee6df2a4	2	4171949	4175577	16	-2.1032
59704246-073a-4b1e-96ea-1fe6ee6df2a4	2	4175922	52516787	34035	0.0069
59704246-073a-4b1e-96ea-1fe6ee6df2a4	2	52527330	52554274	36	-0.862
59704246-073a-4b1e-96ea-1fe6ee6df2a4	2	52554359	85552508	21155	0.0007
59704246-073a-4b1e-96ea-1fe6ee6df2a4	2	85553413	85847265	180	0.3452
59704246-073a-4b1e-96ea-1fe6ee6df2a4	2	85851355	106265177	8018	-0.0088
59704246-073a-4b1e-96ea-1fe6ee6df2a4	2	106266773	106268901	8	-2.6079
59704246-073a-4b1e-96ea-1fe6ee6df2a4	2	106270799	128880504	13357	-0.0087
59704246-073a-4b1e-96ea-1fe6ee6df2a4	2	128880904	128882741	15	-1.1251
59704246-073a-4b1e-96ea-1fe6ee6df2a4	2	128882755	146106861	10392	-0.0299
59704246-073a-4b1e-96ea-1fe6ee6df2a4	2	146106875	146109366	22	-0.7363
59704246-073a-4b1e-96ea-1fe6ee6df2a4	2	146120238	186343275	24618	-0.0252
59704246-073a-4b1e-96ea-1fe6ee6df2a4	2	186346340	186372894	16	-0.4895
59704246-073a-4b1e-96ea-1fe6ee6df2a4	2	186376812	205554294	10997	-0.0287
59704246-073a-4b1e-96ea-1fe6ee6df2a4	2	205557416	205573312	20	-0.5023
59704246-073a-4b1e-96ea-1fe6ee6df2a4	2	205574474	207490231	1222	-0.022
59704246-073a-4b1e-96ea-1fe6ee6df2a4	2	207490454	207494612	16	-0.6855
59704246-073a-4b1e-96ea-1fe6ee6df2a4	2	207494752	227165646	12734	-0.0294
59704246-073a-4b1e-96ea-1fe6ee6df2a4	2	227166979	227291888	89	0.2662
59704246-073a-4b1e-96ea-1fe6ee6df2a4	2	227295665	242147305	9194	-0.0325
59704246-073a-4b1e-96ea-1fe6ee6df2a4	3	20930	35363	15	0.0805
59704246-073a-4b1e-96ea-1fe6ee6df2a4	3	35639	86506	40	0.7584
59704246-073a-4b1e-96ea-1fe6ee6df2a4	3	93308	4096265	3642	0.0332
59704246-073a-4b1e-96ea-1fe6ee6df2a4	3	4096685	4195504	70	-1.5216
59704246-073a-4b1e-96ea-1fe6ee6df2a4	3	4195646	46760471	29334	0.0018
59704246-073a-4b1e-96ea-1fe6ee6df2a4	3	46760515	46806126	35	-0.6319
59704246-073a-4b1e-96ea-1fe6ee6df2a4	3	46807689	47358421	242	-0.0057
59704246-073a-4b1e-96ea-1fe6ee6df2a4	3	47358841	47363961	3	-1.6612
59704246-073a-4b1e-96ea-1fe6ee6df2a4	3	47367722	65861405	12396	0.0001
59704246-073a-4b1e-96ea-1fe6ee6df2a4	3	65861948	65862191	2	-1.8154
59704246-073a-4b1e-96ea-1fe6ee6df2a4	3	65862869	68697013	1886	-0.0073
59704246-073a-4b1e-96ea-1fe6ee6df2a4	3	68697108	68698262	14	-1.5825
59704246-073a-4b1e-96ea-1fe6ee6df2a4	3	68699607	75519398	4915	-0.008
59704246-073a-4b1e-96ea-1fe6ee6df2a4	3	75523398	75537654	6	-1.7612
59704246-073a-4b1e-96ea-1fe6ee6df2a4	3	75546030	130067097	29660	-0.0091
59704246-073a-4b1e-96ea-1fe6ee6df2a4	3	130067366	130087393	32	-1.7021
59704246-073a-4b1e-96ea-1fe6ee6df2a4	3	130088081	133822930	2463	-0.0063
59704246-073a-4b1e-96ea-1fe6ee6df2a4	3	133824950	133827870	4	-1.1549
59704246-073a-4b1e-96ea-1fe6ee6df2a4	3	133828372	162790404	17754	-0.0149
59704246-073a-4b1e-96ea-1fe6ee6df2a4	3	162790480	162898127	65	-0.5497
59704246-073a-4b1e-96ea-1fe6ee6df2a4	3	162906054	165323075	1316	-0.0093
59704246-073a-4b1e-96ea-1fe6ee6df2a4	3	165323760	165364151	65	-1.3703
59704246-073a-4b1e-96ea-1fe6ee6df2a4	3	165367641	193162684	17754	-0.0108
59704246-073a-4b1e-96ea-1fe6ee6df2a4	3	193162798	193165099	11	0.7063
59704246-073a-4b1e-96ea-1fe6ee6df2a4	3	193165114	195559056	1478	-0.0244
59704246-073a-4b1e-96ea-1fe6ee6df2a4	3	195656271	195747311	43	0.519
59704246-073a-4b1e-96ea-1fe6ee6df2a4	3	195747892	198169247	1164	0.0089
59704246-073a-4b1e-96ea-1fe6ee6df2a4	4	68929	10208766	5696	-0.0127
59704246-073a-4b1e-96ea-1fe6ee6df2a4	4	10221792	10229874	25	3.515
59704246-073a-4b1e-96ea-1fe6ee6df2a4	4	10232590	10390730	178	-0.0056
59704246-073a-4b1e-96ea-1fe6ee6df2a4	4	10391530	10399044	15	-2.8706
59704246-073a-4b1e-96ea-1fe6ee6df2a4	4	10401094	62802116	32743	-0.0187
59704246-073a-4b1e-96ea-1fe6ee6df2a4	4	62804218	62813912	9	-0.9123
59704246-073a-4b1e-96ea-1fe6ee6df2a4	4	62818784	63828222	555	-0.0119
59704246-073a-4b1e-96ea-1fe6ee6df2a4	4	63831751	63841863	20	-1.0035
59704246-073a-4b1e-96ea-1fe6ee6df2a4	4	63841887	63842540	7	-4.1175
59704246-073a-4b1e-96ea-1fe6ee6df2a4	4	63850713	68378716	2847	-0.027
59704246-073a-4b1e-96ea-1fe6ee6df2a4	4	68389352	68422424	9	-1.3392
59704246-073a-4b1e-96ea-1fe6ee6df2a4	4	68429081	68623617	78	-0.2106
59704246-073a-4b1e-96ea-1fe6ee6df2a4	4	68639397	69386698	380	0.0726
59704246-073a-4b1e-96ea-1fe6ee6df2a4	4	69392613	76861207	4567	-0.0208
59704246-073a-4b1e-96ea-1fe6ee6df2a4	4	76861278	76870130	23	0.1579
59704246-073a-4b1e-96ea-1fe6ee6df2a4	4	76870357	76872676	17	0.4726
59704246-073a-4b1e-96ea-1fe6ee6df2a4	4	76872791	76992160	76	-0.0047
59704246-073a-4b1e-96ea-1fe6ee6df2a4	4	76992218	77030269	26	-0.5573
59704246-073a-4b1e-96ea-1fe6ee6df2a4	4	77031389	85894274	5584	-0.0259
59704246-073a-4b1e-96ea-1fe6ee6df2a4	4	85894497	86650980	449	-0.4952
59704246-073a-4b1e-96ea-1fe6ee6df2a4	4	86655981	101257455	8720	-0.0255
59704246-073a-4b1e-96ea-1fe6ee6df2a4	4	101264994	101296831	20	-0.5501
59704246-073a-4b1e-96ea-1fe6ee6df2a4	4	101297558	103821233	1486	-0.0268
59704246-073a-4b1e-96ea-1fe6ee6df2a4	4	103821361	103840107	39	-0.5993
59704246-073a-4b1e-96ea-1fe6ee6df2a4	4	103841700	137171085	19484	-0.025
59704246-073a-4b1e-96ea-1fe6ee6df2a4	4	137171266	137172260	13	-3.1016
59704246-073a-4b1e-96ea-1fe6ee6df2a4	4	137173804	171448195	21342	-0.0117
59704246-073a-4b1e-96ea-1fe6ee6df2a4	4	171453733	171456625	11	-0.9544
59704246-073a-4b1e-96ea-1fe6ee6df2a4	4	171459220	190106768	12453	-0.0031
59704246-073a-4b1e-96ea-1fe6ee6df2a4	5	15532	685633	306	-0.0922
59704246-073a-4b1e-96ea-1fe6ee6df2a4	5	698256	825538	46	0.6418
59704246-073a-4b1e-96ea-1fe6ee6df2a4	5	833513	12815668	9817	-0.0674
59704246-073a-4b1e-96ea-1fe6ee6df2a4	5	12815753	12838421	13	0.5967
59704246-073a-4b1e-96ea-1fe6ee6df2a4	5	12849089	16124136	2218	-0.0575
59704246-073a-4b1e-96ea-1fe6ee6df2a4	5	16125019	16125105	3	-1.6422
59704246-073a-4b1e-96ea-1fe6ee6df2a4	5	16127435	21445950	3270	-0.0587
59704246-073a-4b1e-96ea-1fe6ee6df2a4	5	21449110	21452329	7	0.8767
59704246-073a-4b1e-96ea-1fe6ee6df2a4	5	21452387	21593514	43	-0.0478
59704246-073a-4b1e-96ea-1fe6ee6df2a4	5	21593757	21594950	2	-1.619
59704246-073a-4b1e-96ea-1fe6ee6df2a4	5	21598247	22115481	311	-0.0654
59704246-073a-4b1e-96ea-1fe6ee6df2a4	5	22117598	22120336	6	-1.6068
59704246-073a-4b1e-96ea-1fe6ee6df2a4	5	22124454	42874649	13134	-0.0688
59704246-073a-4b1e-96ea-1fe6ee6df2a4	5	42874738	46161484	1403	-0.4744
59704246-073a-4b1e-96ea-1fe6ee6df2a4	5	46161516	50510208	179	-0.3006
59704246-073a-4b1e-96ea-1fe6ee6df2a4	5	50510251	50856621	162	-0.4611
59704246-073a-4b1e-96ea-1fe6ee6df2a4	5	50856633	50865708	3	-2.103
59704246-073a-4b1e-96ea-1fe6ee6df2a4	5	50865893	58025819	4752	-0.4869
59704246-073a-4b1e-96ea-1fe6ee6df2a4	5	58030200	58037706	32	1.027
59704246-073a-4b1e-96ea-1fe6ee6df2a4	5	58042530	104515520	26751	-0.4809
59704246-073a-4b1e-96ea-1fe6ee6df2a4	5	104524672	104524903	4	-2.1702
59704246-073a-4b1e-96ea-1fe6ee6df2a4	5	104525348	105936013	919	-0.4591
59704246-073a-4b1e-96ea-1fe6ee6df2a4	5	105937231	117491099	8064	-0.3827
59704246-073a-4b1e-96ea-1fe6ee6df2a4	5	117494472	117497656	9	-1.4749
59704246-073a-4b1e-96ea-1fe6ee6df2a4	5	117498146	178680821	39560	-0.3818
59704246-073a-4b1e-96ea-1fe6ee6df2a4	5	178682974	178686162	3	-3.0968
59704246-073a-4b1e-96ea-1fe6ee6df2a4	5	178691854	180951888	1341	-0.3556
59704246-073a-4b1e-96ea-1fe6ee6df2a4	5	180953203	180972373	5	-1.8914
59704246-073a-4b1e-96ea-1fe6ee6df2a4	5	180975764	181363319	182	-0.3907
59704246-073a-4b1e-96ea-1fe6ee6df2a4	6	149661	29869295	21601	0.0594
59704246-073a-4b1e-96ea-1fe6ee6df2a4	6	29869410	29882419	17	0.8315
59704246-073a-4b1e-96ea-1fe6ee6df2a4	6	29882497	29913570	11	-0.5278
59704246-073a-4b1e-96ea-1fe6ee6df2a4	6	29928196	29928644	2	-3.5108
59704246-073a-4b1e-96ea-1fe6ee6df2a4	6	29931120	32463515	1155	0.0807
59704246-073a-4b1e-96ea-1fe6ee6df2a4	6	32463775	32602588	33	-0.7324
59704246-073a-4b1e-96ea-1fe6ee6df2a4	6	32605994	40396586	4977	0.0684
59704246-073a-4b1e-96ea-1fe6ee6df2a4	6	40397862	40400783	5	-1.4149
59704246-073a-4b1e-96ea-1fe6ee6df2a4	6	40401554	45031178	2868	0.0562
59704246-073a-4b1e-96ea-1fe6ee6df2a4	6	45031931	45071694	24	-0.5947
59704246-073a-4b1e-96ea-1fe6ee6df2a4	6	45075615	48963228	2518	0.0643
59704246-073a-4b1e-96ea-1fe6ee6df2a4	6	48964092	48967563	5	-1.0463
59704246-073a-4b1e-96ea-1fe6ee6df2a4	6	48978926	64432472	7388	0.066
59704246-073a-4b1e-96ea-1fe6ee6df2a4	6	64436370	64627049	124	-0.4673
59704246-073a-4b1e-96ea-1fe6ee6df2a4	6	64637651	64639099	2	1.0926
59704246-073a-4b1e-96ea-1fe6ee6df2a4	6	64640883	65023862	245	-0.46
59704246-073a-4b1e-96ea-1fe6ee6df2a4	6	65027044	65623889	415	0.0803
59704246-073a-4b1e-96ea-1fe6ee6df2a4	6	65627203	66328153	474	-0.4737
59704246-073a-4b1e-96ea-1fe6ee6df2a4	6	66331020	66333299	7	-1.9859
59704246-073a-4b1e-96ea-1fe6ee6df2a4	6	66333342	73882142	4996	-0.4667
59704246-073a-4b1e-96ea-1fe6ee6df2a4	6	73882509	73891694	10	0.5798
59704246-073a-4b1e-96ea-1fe6ee6df2a4	6	73893839	78261995	2765	-0.4648
59704246-073a-4b1e-96ea-1fe6ee6df2a4	6	78262064	78325468	108	-2.0783
59704246-073a-4b1e-96ea-1fe6ee6df2a4	6	78329517	83717328	3396	-0.4632
59704246-073a-4b1e-96ea-1fe6ee6df2a4	6	83718561	83722037	3	-1.7879
59704246-073a-4b1e-96ea-1fe6ee6df2a4	6	83730182	85802714	1317	-0.4728
59704246-073a-4b1e-96ea-1fe6ee6df2a4	6	85804616	85805084	2	-2.5462
59704246-073a-4b1e-96ea-1fe6ee6df2a4	6	85805597	102720878	10347	-0.4744
59704246-073a-4b1e-96ea-1fe6ee6df2a4	6	102721567	102727320	2	-2.5202
59704246-073a-4b1e-96ea-1fe6ee6df2a4	6	102727819	103286954	340	-0.4477
59704246-073a-4b1e-96ea-1fe6ee6df2a4	6	103290101	103314186	45	-1.8149
59704246-073a-4b1e-96ea-1fe6ee6df2a4	6	103317795	170741917	43991	-0.486
59704246-073a-4b1e-96ea-1fe6ee6df2a4	7	43355	22859490	16371	-0.0067
59704246-073a-4b1e-96ea-1fe6ee6df2a4	7	22863683	23273158	290	-0.4727
59704246-073a-4b1e-96ea-1fe6ee6df2a4	7	23274928	38248326	10632	-0.0127
59704246-073a-4b1e-96ea-1fe6ee6df2a4	7	38251092	38342370	118	0.3548
59704246-073a-4b1e-96ea-1fe6ee6df2a4	7	38345240	38356875	8	-0.7318
59704246-073a-4b1e-96ea-1fe6ee6df2a4	7	38361356	54318812	10958	-0.0078
59704246-073a-4b1e-96ea-1fe6ee6df2a4	7	54318816	54318824	5	-2.764
59704246-073a-4b1e-96ea-1fe6ee6df2a4	7	54325795	56239643	1355	-0.0028
59704246-073a-4b1e-96ea-1fe6ee6df2a4	7	56241069	56693807	203	0.0696
59704246-073a-4b1e-96ea-1fe6ee6df2a4	7	56694420	56701121	3	-1.3184
59704246-073a-4b1e-96ea-1fe6ee6df2a4	7	56704473	67393563	2251	0.052
59704246-073a-4b1e-96ea-1fe6ee6df2a4	7	67394986	69981542	1694	-0.0189
59704246-073a-4b1e-96ea-1fe6ee6df2a4	7	69981608	70326428	182	-0.4461
59704246-073a-4b1e-96ea-1fe6ee6df2a4	7	70333661	70955452	430	0.0225
59704246-073a-4b1e-96ea-1fe6ee6df2a4	7	70958264	70961155	2	-3.432
59704246-073a-4b1e-96ea-1fe6ee6df2a4	7	70963257	76514576	2140	0.0031
59704246-073a-4b1e-96ea-1fe6ee6df2a4	7	76524031	76568113	8	0.8261
59704246-073a-4b1e-96ea-1fe6ee6df2a4	7	76568664	88534253	7584	0.0237
59704246-073a-4b1e-96ea-1fe6ee6df2a4	7	88539385	90102666	1055	0.1117
59704246-073a-4b1e-96ea-1fe6ee6df2a4	7	90103043	109793728	11474	0.0348
59704246-073a-4b1e-96ea-1fe6ee6df2a4	7	109793741	109797043	8	0.782
59704246-073a-4b1e-96ea-1fe6ee6df2a4	7	109797044	109800863	13	0.2126
59704246-073a-4b1e-96ea-1fe6ee6df2a4	7	109800864	109813853	14	0.8799
59704246-073a-4b1e-96ea-1fe6ee6df2a4	7	109813925	126404920	10007	0.0391
59704246-073a-4b1e-96ea-1fe6ee6df2a4	7	126405428	126406822	13	-1.5778
59704246-073a-4b1e-96ea-1fe6ee6df2a4	7	126406823	142063324	9908	0.0465
59704246-073a-4b1e-96ea-1fe6ee6df2a4	7	142069843	142099190	35	-0.798
59704246-073a-4b1e-96ea-1fe6ee6df2a4	7	142099360	142581256	341	0.089
59704246-073a-4b1e-96ea-1fe6ee6df2a4	7	142618972	142785841	101	0.2781
59704246-073a-4b1e-96ea-1fe6ee6df2a4	7	142801993	159334314	10396	0.0429
59704246-073a-4b1e-96ea-1fe6ee6df2a4	8	81254	645220	324	0.3819
59704246-073a-4b1e-96ea-1fe6ee6df2a4	8	645443	645908	7	-0.5039
59704246-073a-4b1e-96ea-1fe6ee6df2a4	8	656117	3926665	3019	0.3721
59704246-073a-4b1e-96ea-1fe6ee6df2a4	8	3929561	3932584	23	-0.5484
59704246-073a-4b1e-96ea-1fe6ee6df2a4	8	3933696	7396819	4369	0.3827
59704246-073a-4b1e-96ea-1fe6ee6df2a4	8	7397588	7457163	9	1.0627
59704246-073a-4b1e-96ea-1fe6ee6df2a4	8	7473830	12025748	3242	0.3784
59704246-073a-4b1e-96ea-1fe6ee6df2a4	8	12035719	12092042	3	-0.7545
59704246-073a-4b1e-96ea-1fe6ee6df2a4	8	12130217	12323772	9	1.1693
59704246-073a-4b1e-96ea-1fe6ee6df2a4	8	12358500	12389977	28	-1.4485
59704246-073a-4b1e-96ea-1fe6ee6df2a4	8	12418301	22218820	8499	0.3656
59704246-073a-4b1e-96ea-1fe6ee6df2a4	8	22221792	23212205	536	-0.4767
59704246-073a-4b1e-96ea-1fe6ee6df2a4	8	23216785	25116961	1363	0.3628
59704246-073a-4b1e-96ea-1fe6ee6df2a4	8	25117007	25126818	25	0.9577
59704246-073a-4b1e-96ea-1fe6ee6df2a4	8	25133589	28105534	2318	0.3702
59704246-073a-4b1e-96ea-1fe6ee6df2a4	8	28109118	28336329	191	0.1074
59704246-073a-4b1e-96ea-1fe6ee6df2a4	8	28338008	39372806	6490	0.3598
59704246-073a-4b1e-96ea-1fe6ee6df2a4	8	39373140	39529446	60	1.2126
59704246-073a-4b1e-96ea-1fe6ee6df2a4	8	39530780	40914477	1074	0.3595
59704246-073a-4b1e-96ea-1fe6ee6df2a4	8	40920333	40920952	2	-2.5387
59704246-073a-4b1e-96ea-1fe6ee6df2a4	8	40926161	57430775	8254	0.3562
59704246-073a-4b1e-96ea-1fe6ee6df2a4	8	57431473	57436296	5	-0.393
59704246-073a-4b1e-96ea-1fe6ee6df2a4	8	57436418	57436438	2	-2.9269
59704246-073a-4b1e-96ea-1fe6ee6df2a4	8	57437208	58258405	599	0.3452
59704246-073a-4b1e-96ea-1fe6ee6df2a4	8	58259878	58368233	86	0.9178
59704246-073a-4b1e-96ea-1fe6ee6df2a4	8	58376487	58552133	156	0.3556
59704246-073a-4b1e-96ea-1fe6ee6df2a4	8	58558655	58823841	177	-0.4984
59704246-073a-4b1e-96ea-1fe6ee6df2a4	8	58826454	62331480	2312	0.3547
59704246-073a-4b1e-96ea-1fe6ee6df2a4	8	62334406	102607674	24084	0.8758
59704246-073a-4b1e-96ea-1fe6ee6df2a4	8	102608104	102617978	3	-0.5612
59704246-073a-4b1e-96ea-1fe6ee6df2a4	8	102618096	105962834	1968	0.882
59704246-073a-4b1e-96ea-1fe6ee6df2a4	8	105965001	106409743	299	1.0021
59704246-073a-4b1e-96ea-1fe6ee6df2a4	8	106411949	111282065	2929	0.8759
59704246-073a-4b1e-96ea-1fe6ee6df2a4	8	111282237	111282441	2	2.4838
59704246-073a-4b1e-96ea-1fe6ee6df2a4	8	111282809	114619814	1823	0.8842
59704246-073a-4b1e-96ea-1fe6ee6df2a4	8	114622258	114629502	35	-0.3763
59704246-073a-4b1e-96ea-1fe6ee6df2a4	8	114638468	136881227	16059	0.873
59704246-073a-4b1e-96ea-1fe6ee6df2a4	8	136882257	136882271	2	-1.6596
59704246-073a-4b1e-96ea-1fe6ee6df2a4	8	136888490	139735521	2435	0.8708
59704246-073a-4b1e-96ea-1fe6ee6df2a4	8	139737929	140066525	242	0.6541
59704246-073a-4b1e-96ea-1fe6ee6df2a4	8	140070347	143217495	1646	0.8696
59704246-073a-4b1e-96ea-1fe6ee6df2a4	8	143217531	143228447	12	0.023
59704246-073a-4b1e-96ea-1fe6ee6df2a4	8	143232207	145072769	632	0.8945
59704246-073a-4b1e-96ea-1fe6ee6df2a4	9	46587	9225463	8769	-0.4711
59704246-073a-4b1e-96ea-1fe6ee6df2a4	9	9225919	9328077	83	-1.0555
59704246-073a-4b1e-96ea-1fe6ee6df2a4	9	9329715	28660031	15459	-0.4648
59704246-073a-4b1e-96ea-1fe6ee6df2a4	9	28661869	31164433	1773	-0.0755
59704246-073a-4b1e-96ea-1fe6ee6df2a4	9	31172352	39484077	4952	0.1949
59704246-073a-4b1e-96ea-1fe6ee6df2a4	9	39484262	41050990	56	-0.1528
59704246-073a-4b1e-96ea-1fe6ee6df2a4	9	41062472	61405110	150	0.1494
59704246-073a-4b1e-96ea-1fe6ee6df2a4	9	61520021	61600648	24	0.9238
59704246-073a-4b1e-96ea-1fe6ee6df2a4	9	61612703	64498256	103	0.1467
59704246-073a-4b1e-96ea-1fe6ee6df2a4	9	64503104	67832316	66	-0.0177
59704246-073a-4b1e-96ea-1fe6ee6df2a4	9	67832331	138200944	47717	-0.4658
59704246-073a-4b1e-96ea-1fe6ee6df2a4	10	45792	2512121	1909	0.3342
59704246-073a-4b1e-96ea-1fe6ee6df2a4	10	2520075	2520561	4	-1.7779
59704246-073a-4b1e-96ea-1fe6ee6df2a4	10	2528802	24088745	17238	0.3354
59704246-073a-4b1e-96ea-1fe6ee6df2a4	10	24088746	24089125	10	1.2084
59704246-073a-4b1e-96ea-1fe6ee6df2a4	10	24089979	25443242	921	0.3227
59704246-073a-4b1e-96ea-1fe6ee6df2a4	10	25443730	25444066	2	-1.3985
59704246-073a-4b1e-96ea-1fe6ee6df2a4	10	25444351	30957581	4080	0.3404
59704246-073a-4b1e-96ea-1fe6ee6df2a4	10	30962405	30962850	11	-2.7019
59704246-073a-4b1e-96ea-1fe6ee6df2a4	10	30962893	46532940	7455	0.3294
59704246-073a-4b1e-96ea-1fe6ee6df2a4	10	46538819	46618028	23	0.9577
59704246-073a-4b1e-96ea-1fe6ee6df2a4	10	46631433	47460004	300	0.3041
59704246-073a-4b1e-96ea-1fe6ee6df2a4	10	47559592	47954600	12	1.3756
59704246-073a-4b1e-96ea-1fe6ee6df2a4	10	48079548	55131758	5135	0.3406
59704246-073a-4b1e-96ea-1fe6ee6df2a4	10	55136883	123174947	45853	-0.0127
59704246-073a-4b1e-96ea-1fe6ee6df2a4	10	123176438	133654968	7498	0.3479
59704246-073a-4b1e-96ea-1fe6ee6df2a4	11	198510	253841	38	-0.1607
59704246-073a-4b1e-96ea-1fe6ee6df2a4	11	254010	254064	2	-1.8229
59704246-073a-4b1e-96ea-1fe6ee6df2a4	11	254256	4274526	1703	-0.0842
59704246-073a-4b1e-96ea-1fe6ee6df2a4	11	4280126	4298484	9	-0.9209
59704246-073a-4b1e-96ea-1fe6ee6df2a4	11	4306942	4949064	659	-0.0867
59704246-073a-4b1e-96ea-1fe6ee6df2a4	11	4949100	4955042	26	0.7831
59704246-073a-4b1e-96ea-1fe6ee6df2a4	11	4955781	18919323	10195	-0.0969
59704246-073a-4b1e-96ea-1fe6ee6df2a4	11	18927525	18950605	59	0.3399
59704246-073a-4b1e-96ea-1fe6ee6df2a4	11	18952747	48270330	20392	-0.098
59704246-073a-4b1e-96ea-1fe6ee6df2a4	11	48270970	48688873	170	-0.0085
59704246-073a-4b1e-96ea-1fe6ee6df2a4	11	48688875	48688877	2	1.5645
59704246-073a-4b1e-96ea-1fe6ee6df2a4	11	48688881	55606572	1132	-0.0321
59704246-073a-4b1e-96ea-1fe6ee6df2a4	11	55606712	55685533	57	-0.4624
59704246-073a-4b1e-96ea-1fe6ee6df2a4	11	55686100	67442550	6102	-0.0827
59704246-073a-4b1e-96ea-1fe6ee6df2a4	11	67446047	70275513	1403	0.1053
59704246-073a-4b1e-96ea-1fe6ee6df2a4	11	70280279	70394310	64	-0.3731
59704246-073a-4b1e-96ea-1fe6ee6df2a4	11	70395829	70799621	239	0.0655
59704246-073a-4b1e-96ea-1fe6ee6df2a4	11	70799816	81792426	6716	-0.0886
59704246-073a-4b1e-96ea-1fe6ee6df2a4	11	81792950	81806116	10	-1.399
59704246-073a-4b1e-96ea-1fe6ee6df2a4	11	81811590	135074876	37603	-0.0924
59704246-073a-4b1e-96ea-1fe6ee6df2a4	12	51460	756804	417	0.6086
59704246-073a-4b1e-96ea-1fe6ee6df2a4	12	759943	764863	18	-1.3644
59704246-073a-4b1e-96ea-1fe6ee6df2a4	12	766188	4871573	2944	0.6285
59704246-073a-4b1e-96ea-1fe6ee6df2a4	12	4875435	4876387	3	-0.5725
59704246-073a-4b1e-96ea-1fe6ee6df2a4	12	4877174	8410039	2217	0.6175
59704246-073a-4b1e-96ea-1fe6ee6df2a4	12	8415012	8432076	8	-0.1094
59704246-073a-4b1e-96ea-1fe6ee6df2a4	12	8442298	9477960	559	0.6186
59704246-073a-4b1e-96ea-1fe6ee6df2a4	12	9481274	9575696	24	2.0018
59704246-073a-4b1e-96ea-1fe6ee6df2a4	12	9582373	11061546	1032	0.6258
59704246-073a-4b1e-96ea-1fe6ee6df2a4	12	11062773	11088933	13	0.0478
59704246-073a-4b1e-96ea-1fe6ee6df2a4	12	11099275	22086364	7413	0.6144
59704246-073a-4b1e-96ea-1fe6ee6df2a4	12	22090581	22090627	2	-1.5261
59704246-073a-4b1e-96ea-1fe6ee6df2a4	12	22090727	32143493	7377	0.6138
59704246-073a-4b1e-96ea-1fe6ee6df2a4	12	32145470	32236049	75	0.2385
59704246-073a-4b1e-96ea-1fe6ee6df2a4	12	32239577	33141726	636	0.6111
59704246-073a-4b1e-96ea-1fe6ee6df2a4	12	33148472	33155426	28	-1.0046
59704246-073a-4b1e-96ea-1fe6ee6df2a4	12	33155453	45506042	5574	0.6261
59704246-073a-4b1e-96ea-1fe6ee6df2a4	12	45510655	45515754	4	-2.71
59704246-073a-4b1e-96ea-1fe6ee6df2a4	12	45519509	80446147	21500	0.6096
59704246-073a-4b1e-96ea-1fe6ee6df2a4	12	80446276	80456533	2	-2.3122
59704246-073a-4b1e-96ea-1fe6ee6df2a4	12	80458189	133201603	34856	0.6185
59704246-073a-4b1e-96ea-1fe6ee6df2a4	13	18452809	18686425	40	-0.4598
59704246-073a-4b1e-96ea-1fe6ee6df2a4	13	18687160	18876681	60	-0.2276
59704246-073a-4b1e-96ea-1fe6ee6df2a4	13	18876765	19541233	425	-0.482
59704246-073a-4b1e-96ea-1fe6ee6df2a4	13	19545013	19876017	149	-0.2913
59704246-073a-4b1e-96ea-1fe6ee6df2a4	13	19877270	22199451	1554	-0.488
59704246-073a-4b1e-96ea-1fe6ee6df2a4	13	22204427	22205075	2	-2.5098
59704246-073a-4b1e-96ea-1fe6ee6df2a4	13	22205303	23058539	612	-0.4699
59704246-073a-4b1e-96ea-1fe6ee6df2a4	13	23058721	23059376	11	-2.8521
59704246-073a-4b1e-96ea-1fe6ee6df2a4	13	23064056	29455681	4800	-0.4903
59704246-073a-4b1e-96ea-1fe6ee6df2a4	13	29457425	29459091	2	-2.2832
59704246-073a-4b1e-96ea-1fe6ee6df2a4	13	29462056	31957984	1866	-0.4856
59704246-073a-4b1e-96ea-1fe6ee6df2a4	13	31958485	31963807	15	-1.661
59704246-073a-4b1e-96ea-1fe6ee6df2a4	13	31963957	37496233	3887	-0.4774
59704246-073a-4b1e-96ea-1fe6ee6df2a4	13	37496998	37510620	17	0.3746
59704246-073a-4b1e-96ea-1fe6ee6df2a4	13	37514193	45317731	5412	-0.4816
59704246-073a-4b1e-96ea-1fe6ee6df2a4	13	45317896	52485081	4439	-0.0005
59704246-073a-4b1e-96ea-1fe6ee6df2a4	13	52497017	52543744	11	-0.7729
59704246-073a-4b1e-96ea-1fe6ee6df2a4	13	52556338	57097752	2580	-0.0036
59704246-073a-4b1e-96ea-1fe6ee6df2a4	13	57099677	57099696	2	-2.3441
59704246-073a-4b1e-96ea-1fe6ee6df2a4	13	57102230	63434008	3726	-0.0064
59704246-073a-4b1e-96ea-1fe6ee6df2a4	13	63434256	64282105	496	0.0848
59704246-073a-4b1e-96ea-1fe6ee6df2a4	13	64284048	64777999	315	-0.0203
59704246-073a-4b1e-96ea-1fe6ee6df2a4	13	64778119	64783204	4	-0.9831
59704246-073a-4b1e-96ea-1fe6ee6df2a4	13	64788300	71902850	4492	-0.0107
59704246-073a-4b1e-96ea-1fe6ee6df2a4	13	71903417	71906418	4	-2.0406
59704246-073a-4b1e-96ea-1fe6ee6df2a4	13	71906467	105923892	23092	-0.021
59704246-073a-4b1e-96ea-1fe6ee6df2a4	13	105924147	105930330	4	-1.3499
59704246-073a-4b1e-96ea-1fe6ee6df2a4	13	105930442	114342922	5914	-0.0211
59704246-073a-4b1e-96ea-1fe6ee6df2a4	14	18239283	18656322	17	0.1729
59704246-073a-4b1e-96ea-1fe6ee6df2a4	14	18657897	19298389	31	0.9744
59704246-073a-4b1e-96ea-1fe6ee6df2a4	14	19326853	19732024	17	0.224
59704246-073a-4b1e-96ea-1fe6ee6df2a4	14	19732222	19954424	101	1.1822
59704246-073a-4b1e-96ea-1fe6ee6df2a4	14	19955213	21786768	1207	0.3473
59704246-073a-4b1e-96ea-1fe6ee6df2a4	14	21786819	22094005	272	0.5067
59704246-073a-4b1e-96ea-1fe6ee6df2a4	14	22094521	22484618	333	0.6391
59704246-073a-4b1e-96ea-1fe6ee6df2a4	14	22486728	22902571	296	0.3745
59704246-073a-4b1e-96ea-1fe6ee6df2a4	14	22903537	23339914	187	0.8614
59704246-073a-4b1e-96ea-1fe6ee6df2a4	14	23341154	30772686	4572	0.3536
59704246-073a-4b1e-96ea-1fe6ee6df2a4	14	30773367	30773645	3	-1.2228
59704246-073a-4b1e-96ea-1fe6ee6df2a4	14	30773723	36691342	3919	0.3412
59704246-073a-4b1e-96ea-1fe6ee6df2a4	14	36697977	37139198	392	0.6046
59704246-073a-4b1e-96ea-1fe6ee6df2a4	14	37141277	41139155	2386	0.3426
59704246-073a-4b1e-96ea-1fe6ee6df2a4	14	41141293	41184774	13	-3.5138
59704246-073a-4b1e-96ea-1fe6ee6df2a4	14	41188046	69551330	17800	0.3365
59704246-073a-4b1e-96ea-1fe6ee6df2a4	14	69551651	69555750	8	-3.5695
59704246-073a-4b1e-96ea-1fe6ee6df2a4	14	69555996	69556009	2	-0.6953
59704246-073a-4b1e-96ea-1fe6ee6df2a4	14	69556227	73529070	2609	0.3471
59704246-073a-4b1e-96ea-1fe6ee6df2a4	14	73534419	73540003	2	-0.7478
59704246-073a-4b1e-96ea-1fe6ee6df2a4	14	73540147	73554275	7	-2.2492
59704246-073a-4b1e-96ea-1fe6ee6df2a4	14	73563196	106407614	20876	0.3483
59704246-073a-4b1e-96ea-1fe6ee6df2a4	14	106412640	106475361	53	0.6668
59704246-073a-4b1e-96ea-1fe6ee6df2a4	14	106487515	106877229	193	0.3598
59704246-073a-4b1e-96ea-1fe6ee6df2a4	15	19811075	20373168	88	-0.3316
59704246-073a-4b1e-96ea-1fe6ee6df2a4	15	20376198	20381704	17	0.4582
59704246-073a-4b1e-96ea-1fe6ee6df2a4	15	20384774	21018354	53	-0.4869
59704246-073a-4b1e-96ea-1fe6ee6df2a4	15	21053458	22247364	28	0.1545
59704246-073a-4b1e-96ea-1fe6ee6df2a4	15	22247820	41221603	11778	-0.4562
59704246-073a-4b1e-96ea-1fe6ee6df2a4	15	41222501	41233159	3	-3.0246
59704246-073a-4b1e-96ea-1fe6ee6df2a4	15	41236500	53902792	7372	-0.4466
59704246-073a-4b1e-96ea-1fe6ee6df2a4	15	53908153	53909163	2	-3.4193
59704246-073a-4b1e-96ea-1fe6ee6df2a4	15	53912031	56498612	1707	-0.4354
59704246-073a-4b1e-96ea-1fe6ee6df2a4	15	56498641	56508779	23	-1.7919
59704246-073a-4b1e-96ea-1fe6ee6df2a4	15	56509425	62834630	4739	-0.4501
59704246-073a-4b1e-96ea-1fe6ee6df2a4	15	62835806	62836749	2	-2.4664
59704246-073a-4b1e-96ea-1fe6ee6df2a4	15	62836854	69480140	3988	-0.4467
59704246-073a-4b1e-96ea-1fe6ee6df2a4	15	69486798	69496228	6	-1.5532
59704246-073a-4b1e-96ea-1fe6ee6df2a4	15	69496815	70656251	826	-3.1747
59704246-073a-4b1e-96ea-1fe6ee6df2a4	15	70658215	76599170	3142	-0.4388
59704246-073a-4b1e-96ea-1fe6ee6df2a4	15	76599286	76603434	20	-1.4338
59704246-073a-4b1e-96ea-1fe6ee6df2a4	15	76609838	87421931	6779	-0.4422
59704246-073a-4b1e-96ea-1fe6ee6df2a4	15	87428643	93107447	4104	0.024
59704246-073a-4b1e-96ea-1fe6ee6df2a4	15	93108090	101928837	6663	-0.4674
59704246-073a-4b1e-96ea-1fe6ee6df2a4	16	10777	6980496	4345	-0.0123
59704246-073a-4b1e-96ea-1fe6ee6df2a4	16	6980589	6983747	4	-1.5764
59704246-073a-4b1e-96ea-1fe6ee6df2a4	16	6984267	55762682	22526	-0.0064
59704246-073a-4b1e-96ea-1fe6ee6df2a4	16	55764310	55764867	3	2.9032
59704246-073a-4b1e-96ea-1fe6ee6df2a4	16	55770436	55782734	10	0.1135
59704246-073a-4b1e-96ea-1fe6ee6df2a4	16	55782793	55788532	4	1.34
59704246-073a-4b1e-96ea-1fe6ee6df2a4	16	55808442	70086227	8711	-0.0078
59704246-073a-4b1e-96ea-1fe6ee6df2a4	16	70087520	70212022	28	0.3954
59704246-073a-4b1e-96ea-1fe6ee6df2a4	16	70212430	80942464	8537	-0.0059
59704246-073a-4b1e-96ea-1fe6ee6df2a4	16	80945536	80946600	4	-1.22
59704246-073a-4b1e-96ea-1fe6ee6df2a4	16	80952360	86222284	5108	-0.0081
59704246-073a-4b1e-96ea-1fe6ee6df2a4	16	86223502	86223607	2	-1.7559
59704246-073a-4b1e-96ea-1fe6ee6df2a4	16	86227158	90096867	2444	-0.0152
59704246-073a-4b1e-96ea-1fe6ee6df2a4	17	150733	8339592	4519	-0.541
59704246-073a-4b1e-96ea-1fe6ee6df2a4	17	8344229	8344415	2	-3.1911
59704246-073a-4b1e-96ea-1fe6ee6df2a4	17	8346140	11329218	2149	-0.5424
59704246-073a-4b1e-96ea-1fe6ee6df2a4	17	11330718	11332652	7	0.2355
59704246-073a-4b1e-96ea-1fe6ee6df2a4	17	11333249	12175853	610	-0.5419
59704246-073a-4b1e-96ea-1fe6ee6df2a4	17	12177615	12180327	3	-2.4946
59704246-073a-4b1e-96ea-1fe6ee6df2a4	17	12184308	18452078	4058	-0.5359
59704246-073a-4b1e-96ea-1fe6ee6df2a4	17	18455632	18561907	26	-1.5248
59704246-073a-4b1e-96ea-1fe6ee6df2a4	17	18565883	19339154	225	-0.5427
59704246-073a-4b1e-96ea-1fe6ee6df2a4	17	19341575	22182627	1035	-0.0484
59704246-073a-4b1e-96ea-1fe6ee6df2a4	17	22188536	22503227	119	-0.4942
59704246-073a-4b1e-96ea-1fe6ee6df2a4	17	22504468	28755692	987	-0.056
59704246-073a-4b1e-96ea-1fe6ee6df2a4	17	28760911	30578236	813	0.2979
59704246-073a-4b1e-96ea-1fe6ee6df2a4	17	30578314	36103057	3640	-0.065
59704246-073a-4b1e-96ea-1fe6ee6df2a4	17	36108119	36157718	39	0.9955
59704246-073a-4b1e-96ea-1fe6ee6df2a4	17	36200725	41265456	2522	0.327
59704246-073a-4b1e-96ea-1fe6ee6df2a4	17	41266762	41274198	23	1.8963
59704246-073a-4b1e-96ea-1fe6ee6df2a4	17	41274279	46085732	2498	0.3139
59704246-073a-4b1e-96ea-1fe6ee6df2a4	17	46088437	46571001	130	0.9807
59704246-073a-4b1e-96ea-1fe6ee6df2a4	17	46664059	48171769	764	0.3133
59704246-073a-4b1e-96ea-1fe6ee6df2a4	17	48175140	48175181	2	-1.6681
59704246-073a-4b1e-96ea-1fe6ee6df2a4	17	48177730	57610128	6226	0.3173
59704246-073a-4b1e-96ea-1fe6ee6df2a4	17	57610972	57611632	2	-1.6572
59704246-073a-4b1e-96ea-1fe6ee6df2a4	17	57614632	67988368	5528	0.3153
59704246-073a-4b1e-96ea-1fe6ee6df2a4	17	67992638	79245925	7272	0.4255
59704246-073a-4b1e-96ea-1fe6ee6df2a4	17	79246197	79250308	8	-0.8069
59704246-073a-4b1e-96ea-1fe6ee6df2a4	17	79250962	83091923	1729	0.4286
59704246-073a-4b1e-96ea-1fe6ee6df2a4	18	48133	26785899	13841	-0.0419
59704246-073a-4b1e-96ea-1fe6ee6df2a4	18	26785951	26786181	3	-3.1164
59704246-073a-4b1e-96ea-1fe6ee6df2a4	18	26786415	32397782	3604	-0.0433
59704246-073a-4b1e-96ea-1fe6ee6df2a4	18	32401062	32401065	3	-1.7032
59704246-073a-4b1e-96ea-1fe6ee6df2a4	18	32402540	42471713	6517	-0.0452
59704246-073a-4b1e-96ea-1fe6ee6df2a4	18	42476604	42477802	25	-1.0409
59704246-073a-4b1e-96ea-1fe6ee6df2a4	18	42478430	65533243	15841	-0.041
59704246-073a-4b1e-96ea-1fe6ee6df2a4	18	65535759	65537481	16	1.0858
59704246-073a-4b1e-96ea-1fe6ee6df2a4	18	65540037	71421456	4221	-0.032
59704246-073a-4b1e-96ea-1fe6ee6df2a4	18	71424091	71425059	2	-2.0815
59704246-073a-4b1e-96ea-1fe6ee6df2a4	18	71425397	78106407	5298	-0.0277
59704246-073a-4b1e-96ea-1fe6ee6df2a4	18	78106546	78806789	500	-0.5743
59704246-073a-4b1e-96ea-1fe6ee6df2a4	18	78807816	80257174	750	-0.0689
59704246-073a-4b1e-96ea-1fe6ee6df2a4	19	90910	5506648	1586	-0.0176
59704246-073a-4b1e-96ea-1fe6ee6df2a4	19	5510228	5510569	2	-3.0187
59704246-073a-4b1e-96ea-1fe6ee6df2a4	19	5510642	15671587	4993	-0.0016
59704246-073a-4b1e-96ea-1fe6ee6df2a4	19	15673342	15679275	2	-3.3745
59704246-073a-4b1e-96ea-1fe6ee6df2a4	19	15680807	35358319	10090	-0.006
59704246-073a-4b1e-96ea-1fe6ee6df2a4	19	35358407	35370946	23	-1.6262
59704246-073a-4b1e-96ea-1fe6ee6df2a4	19	35375842	58586487	12358	0.0022
59704246-073a-4b1e-96ea-1fe6ee6df2a4	20	80664	1580353	1202	0.3271
59704246-073a-4b1e-96ea-1fe6ee6df2a4	20	1580934	1601561	35	-0.7711
59704246-073a-4b1e-96ea-1fe6ee6df2a4	20	1609611	1613247	5	-2.1718
59704246-073a-4b1e-96ea-1fe6ee6df2a4	20	1617300	26324943	18740	0.3376
59704246-073a-4b1e-96ea-1fe6ee6df2a4	20	30185676	30271154	16	-0.4406
59704246-073a-4b1e-96ea-1fe6ee6df2a4	20	30293217	64324800	22309	0.3387
59704246-073a-4b1e-96ea-1fe6ee6df2a4	21	10354168	13969206	321	-0.277
59704246-073a-4b1e-96ea-1fe6ee6df2a4	21	13974127	23046527	6510	-0.4647
59704246-073a-4b1e-96ea-1fe6ee6df2a4	21	23046590	23170617	133	-0.271
59704246-073a-4b1e-96ea-1fe6ee6df2a4	21	23170986	36136345	9438	-0.4704
59704246-073a-4b1e-96ea-1fe6ee6df2a4	21	36137654	36153647	10	-1.3929
59704246-073a-4b1e-96ea-1fe6ee6df2a4	21	36160821	45244078	6536	-0.4852
59704246-073a-4b1e-96ea-1fe6ee6df2a4	21	45244616	45647830	215	-0.6706
59704246-073a-4b1e-96ea-1fe6ee6df2a4	21	45658230	46677045	603	-0.4779
59704246-073a-4b1e-96ea-1fe6ee6df2a4	22	15294547	15735286	22	0.2156
59704246-073a-4b1e-96ea-1fe6ee6df2a4	22	15735318	18167915	1099	-0.4536
59704246-073a-4b1e-96ea-1fe6ee6df2a4	22	18190590	18918093	14	0.2929
59704246-073a-4b1e-96ea-1fe6ee6df2a4	22	18947964	19960419	651	-0.4833
59704246-073a-4b1e-96ea-1fe6ee6df2a4	22	19960814	20247736	184	-0.673
59704246-073a-4b1e-96ea-1fe6ee6df2a4	22	20247801	20596277	186	-0.4969
59704246-073a-4b1e-96ea-1fe6ee6df2a4	22	20598622	20601876	3	-2.2068
59704246-073a-4b1e-96ea-1fe6ee6df2a4	22	20604014	23815063	2101	-0.4648
59704246-073a-4b1e-96ea-1fe6ee6df2a4	22	23820816	23823674	4	-2.1119
59704246-073a-4b1e-96ea-1fe6ee6df2a4	22	23827520	35187221	8647	-0.4672
59704246-073a-4b1e-96ea-1fe6ee6df2a4	22	35187304	35187914	2	-3.0105
59704246-073a-4b1e-96ea-1fe6ee6df2a4	22	35188030	49019564	9111	-0.4764
59704246-073a-4b1e-96ea-1fe6ee6df2a4	22	49019727	50096497	804	-0.5714
59704246-073a-4b1e-96ea-1fe6ee6df2a4	22	50096523	50796027	308	-0.4724
59704246-073a-4b1e-96ea-1fe6ee6df2a4	X	251810	93093724	47590	-0.0073
59704246-073a-4b1e-96ea-1fe6ee6df2a4	X	93094315	93142231	33	-1.0954
59704246-073a-4b1e-96ea-1fe6ee6df2a4	X	93147667	104769696	6350	-0.0055
59704246-073a-4b1e-96ea-1fe6ee6df2a4	X	104774713	104779359	2	2.5469
59704246-073a-4b1e-96ea-1fe6ee6df2a4	X	104781148	116726718	6380	-0.0139
59704246-073a-4b1e-96ea-1fe6ee6df2a4	X	116727523	116735415	14	0.7438
59704246-073a-4b1e-96ea-1fe6ee6df2a4	X	116739965	124099637	4409	-0.0041
59704246-073a-4b1e-96ea-1fe6ee6df2a4	X	124100541	124491975	253	0.5324
59704246-073a-4b1e-96ea-1fe6ee6df2a4	X	124493576	155952689	18298	0.0006
59704246-073a-4b1e-96ea-1fe6ee6df2a4	Y	2782397	22196203	6333	-0.7664
59704246-073a-4b1e-96ea-1fe6ee6df2a4	Y	22197200	56872112	295	-1.3876
