GDC_Aliquot	Chromosome	Start	End	Num_Probes	Segment_Mean
25463dd5-2851-4473-8d9f-17668b9e70d3	1	62920	98588	12	0.2768
25463dd5-2851-4473-8d9f-17668b9e70d3	1	98602	668210	9	-0.8555
25463dd5-2851-4473-8d9f-17668b9e70d3	1	771719	3226231	687	-0.0945
25463dd5-2851-4473-8d9f-17668b9e70d3	1	3229933	12294250	5513	-0.014
25463dd5-2851-4473-8d9f-17668b9e70d3	1	12295430	12295446	2	-1.6802
25463dd5-2851-4473-8d9f-17668b9e70d3	1	12297031	12823233	287	0.0087
25463dd5-2851-4473-8d9f-17668b9e70d3	1	12832455	12867264	7	0.7645
25463dd5-2851-4473-8d9f-17668b9e70d3	1	12868035	16604834	2130	0.0052
25463dd5-2851-4473-8d9f-17668b9e70d3	1	16605031	16679483	28	0.3391
25463dd5-2851-4473-8d9f-17668b9e70d3	1	16685961	16689764	3	-0.5136
25463dd5-2851-4473-8d9f-17668b9e70d3	1	16718963	16785682	17	0.4977
25463dd5-2851-4473-8d9f-17668b9e70d3	1	16787932	16864367	5	-0.1138
25463dd5-2851-4473-8d9f-17668b9e70d3	1	16868660	16935752	53	-0.5934
25463dd5-2851-4473-8d9f-17668b9e70d3	1	16949746	25256850	5262	-0.004
25463dd5-2851-4473-8d9f-17668b9e70d3	1	25266637	25320198	22	-2.7023
25463dd5-2851-4473-8d9f-17668b9e70d3	1	25320253	103560608	48794	0.0026
25463dd5-2851-4473-8d9f-17668b9e70d3	1	103566616	103616762	27	0.7827
25463dd5-2851-4473-8d9f-17668b9e70d3	1	103620877	105476583	925	-0.0224
25463dd5-2851-4473-8d9f-17668b9e70d3	1	105476614	105479753	16	0.702
25463dd5-2851-4473-8d9f-17668b9e70d3	1	105481433	146062439	10096	0.0035
25463dd5-2851-4473-8d9f-17668b9e70d3	1	146150530	146250588	4	-1.2841
25463dd5-2851-4473-8d9f-17668b9e70d3	1	146716041	152675685	2236	0.0064
25463dd5-2851-4473-8d9f-17668b9e70d3	1	152676638	152687598	10	0.5994
25463dd5-2851-4473-8d9f-17668b9e70d3	1	152687773	152789447	89	0.0281
25463dd5-2851-4473-8d9f-17668b9e70d3	1	152789463	152796224	36	-0.745
25463dd5-2851-4473-8d9f-17668b9e70d3	1	152801429	158545168	3290	0.0072
25463dd5-2851-4473-8d9f-17668b9e70d3	1	158545233	158550505	18	-0.9552
25463dd5-2851-4473-8d9f-17668b9e70d3	1	158553881	187323476	19873	0.0055
25463dd5-2851-4473-8d9f-17668b9e70d3	1	187329235	187331559	4	-1.6678
25463dd5-2851-4473-8d9f-17668b9e70d3	1	187331953	196762956	6288	-0.0061
25463dd5-2851-4473-8d9f-17668b9e70d3	1	196769493	196847600	58	-0.7199
25463dd5-2851-4473-8d9f-17668b9e70d3	1	196854187	248930189	35810	0.0042
25463dd5-2851-4473-8d9f-17668b9e70d3	2	12784	41011080	28947	0.008
25463dd5-2851-4473-8d9f-17668b9e70d3	2	41011095	41018747	23	-0.7166
25463dd5-2851-4473-8d9f-17668b9e70d3	2	41024093	52612753	8259	0.0153
25463dd5-2851-4473-8d9f-17668b9e70d3	2	52614174	52627429	5	-1.1486
25463dd5-2851-4473-8d9f-17668b9e70d3	2	52631303	53619410	841	0.0415
25463dd5-2851-4473-8d9f-17668b9e70d3	2	53620145	53620207	2	-1.3694
25463dd5-2851-4473-8d9f-17668b9e70d3	2	53620749	71115321	11375	0.0124
25463dd5-2851-4473-8d9f-17668b9e70d3	2	71119433	71120262	7	-1.0893
25463dd5-2851-4473-8d9f-17668b9e70d3	2	71122913	77972609	4198	0.009
25463dd5-2851-4473-8d9f-17668b9e70d3	2	77975015	78055644	54	-1.0877
25463dd5-2851-4473-8d9f-17668b9e70d3	2	78057226	86945604	5471	0.0062
25463dd5-2851-4473-8d9f-17668b9e70d3	2	87023373	87263179	56	-0.2421
25463dd5-2851-4473-8d9f-17668b9e70d3	2	87263534	97192190	1778	-0.0134
25463dd5-2851-4473-8d9f-17668b9e70d3	2	97199600	97211436	14	-0.5724
25463dd5-2851-4473-8d9f-17668b9e70d3	2	97310327	97359885	13	0.0569
25463dd5-2851-4473-8d9f-17668b9e70d3	2	97524284	97550415	10	0.774
25463dd5-2851-4473-8d9f-17668b9e70d3	2	97552143	113768406	9441	0.0008
25463dd5-2851-4473-8d9f-17668b9e70d3	2	113771300	113772948	5	-1.0593
25463dd5-2851-4473-8d9f-17668b9e70d3	2	113774385	128880504	9515	0.007
25463dd5-2851-4473-8d9f-17668b9e70d3	2	128880904	128881662	13	-0.8526
25463dd5-2851-4473-8d9f-17668b9e70d3	2	128882723	137748709	5275	0.0035
25463dd5-2851-4473-8d9f-17668b9e70d3	2	137751623	137754783	7	-0.9074
25463dd5-2851-4473-8d9f-17668b9e70d3	2	137757882	146107526	5148	0.0076
25463dd5-2851-4473-8d9f-17668b9e70d3	2	146107615	146109366	17	0.6372
25463dd5-2851-4473-8d9f-17668b9e70d3	2	146120238	174521448	17370	0.0079
25463dd5-2851-4473-8d9f-17668b9e70d3	2	174521945	174522133	2	-1.414
25463dd5-2851-4473-8d9f-17668b9e70d3	2	174526963	179546414	3123	0.008
25463dd5-2851-4473-8d9f-17668b9e70d3	2	179546427	179557410	33	-0.8588
25463dd5-2851-4473-8d9f-17668b9e70d3	2	179560916	184379336	3107	0.004
25463dd5-2851-4473-8d9f-17668b9e70d3	2	184392326	184399858	12	-0.9529
25463dd5-2851-4473-8d9f-17668b9e70d3	2	184400048	232347334	29196	0.01
25463dd5-2851-4473-8d9f-17668b9e70d3	2	232347427	232415091	57	-0.2172
25463dd5-2851-4473-8d9f-17668b9e70d3	2	232415392	233736917	800	-0.0002
25463dd5-2851-4473-8d9f-17668b9e70d3	2	233741958	233749337	6	-1.3202
25463dd5-2851-4473-8d9f-17668b9e70d3	2	233753288	241558352	5194	0.0029
25463dd5-2851-4473-8d9f-17668b9e70d3	2	241558371	242147305	172	-0.1155
25463dd5-2851-4473-8d9f-17668b9e70d3	3	20930	13034410	10751	0.0096
25463dd5-2851-4473-8d9f-17668b9e70d3	3	13034463	13102506	60	-0.201
25463dd5-2851-4473-8d9f-17668b9e70d3	3	13102875	28768295	10648	0.005
25463dd5-2851-4473-8d9f-17668b9e70d3	3	28768950	28774591	6	-0.9004
25463dd5-2851-4473-8d9f-17668b9e70d3	3	28774617	47354111	12009	0.0058
25463dd5-2851-4473-8d9f-17668b9e70d3	3	47358421	47363961	4	-1.6235
25463dd5-2851-4473-8d9f-17668b9e70d3	3	47367722	52989195	2251	0.0018
25463dd5-2851-4473-8d9f-17668b9e70d3	3	52994359	53004886	34	-0.9774
25463dd5-2851-4473-8d9f-17668b9e70d3	3	53004928	84053071	21670	0.0037
25463dd5-2851-4473-8d9f-17668b9e70d3	3	84056282	84057015	2	-4.754
25463dd5-2851-4473-8d9f-17668b9e70d3	3	84061816	84650607	302	-0.0194
25463dd5-2851-4473-8d9f-17668b9e70d3	3	84650642	84652985	12	-0.8663
25463dd5-2851-4473-8d9f-17668b9e70d3	3	84653010	130035092	24724	0.0003
25463dd5-2851-4473-8d9f-17668b9e70d3	3	130035506	130100795	54	-0.4247
25463dd5-2851-4473-8d9f-17668b9e70d3	3	130109235	132270020	1424	0.0137
25463dd5-2851-4473-8d9f-17668b9e70d3	3	132270041	132276840	7	-0.7407
25463dd5-2851-4473-8d9f-17668b9e70d3	3	132281633	146661402	8949	0.0093
25463dd5-2851-4473-8d9f-17668b9e70d3	3	146665207	146668345	4	1.7965
25463dd5-2851-4473-8d9f-17668b9e70d3	3	146674197	156161690	5763	0.009
25463dd5-2851-4473-8d9f-17668b9e70d3	3	156164606	156169690	5	-0.9507
25463dd5-2851-4473-8d9f-17668b9e70d3	3	156172931	162790480	4104	0.0143
25463dd5-2851-4473-8d9f-17668b9e70d3	3	162794869	162908207	70	0.7398
25463dd5-2851-4473-8d9f-17668b9e70d3	3	162908784	198169247	21887	0.0053
25463dd5-2851-4473-8d9f-17668b9e70d3	4	68929	9427585	5141	-0.0153
25463dd5-2851-4473-8d9f-17668b9e70d3	4	9428543	9445117	13	-0.8798
25463dd5-2851-4473-8d9f-17668b9e70d3	4	9447575	9455251	4	-0.2315
25463dd5-2851-4473-8d9f-17668b9e70d3	4	9459504	9477699	6	1.0455
25463dd5-2851-4473-8d9f-17668b9e70d3	4	9484440	10208766	539	-0.0054
25463dd5-2851-4473-8d9f-17668b9e70d3	4	10212536	10232642	31	-2.7612
25463dd5-2851-4473-8d9f-17668b9e70d3	4	10232984	34777432	16976	-0.0023
25463dd5-2851-4473-8d9f-17668b9e70d3	4	34784878	34823103	38	0.3513
25463dd5-2851-4473-8d9f-17668b9e70d3	4	34828250	61071220	15060	-0.0002
25463dd5-2851-4473-8d9f-17668b9e70d3	4	61075217	61076234	2	1.6332
25463dd5-2851-4473-8d9f-17668b9e70d3	4	61079968	68478894	4401	-0.0057
25463dd5-2851-4473-8d9f-17668b9e70d3	4	68494770	68640616	71	-0.4128
25463dd5-2851-4473-8d9f-17668b9e70d3	4	68655691	69255545	311	0.013
25463dd5-2851-4473-8d9f-17668b9e70d3	4	69257792	69366406	57	-0.7825
25463dd5-2851-4473-8d9f-17668b9e70d3	4	69370433	69440377	43	-0.2444
25463dd5-2851-4473-8d9f-17668b9e70d3	4	69441766	84163264	9186	0.0073
25463dd5-2851-4473-8d9f-17668b9e70d3	4	84164571	84204677	24	-0.1322
25463dd5-2851-4473-8d9f-17668b9e70d3	4	84206109	84211761	6	-0.919
25463dd5-2851-4473-8d9f-17668b9e70d3	4	84215399	106015911	13002	0.0012
25463dd5-2851-4473-8d9f-17668b9e70d3	4	106021770	106025278	3	-3.0672
25463dd5-2851-4473-8d9f-17668b9e70d3	4	106025748	114252544	5065	-0.0003
25463dd5-2851-4473-8d9f-17668b9e70d3	4	114254167	114261019	23	0.842
25463dd5-2851-4473-8d9f-17668b9e70d3	4	114263073	133535179	11243	-0.0068
25463dd5-2851-4473-8d9f-17668b9e70d3	4	133537453	133611865	45	0.6284
25463dd5-2851-4473-8d9f-17668b9e70d3	4	133619199	137171266	1951	-0.0157
25463dd5-2851-4473-8d9f-17668b9e70d3	4	137171362	137171772	9	-1.0525
25463dd5-2851-4473-8d9f-17668b9e70d3	4	137171784	144389501	4681	0.0072
25463dd5-2851-4473-8d9f-17668b9e70d3	4	144389986	144398848	3	1.0782
25463dd5-2851-4473-8d9f-17668b9e70d3	4	144405258	150955157	3669	0.0117
25463dd5-2851-4473-8d9f-17668b9e70d3	4	150955173	150959152	12	-0.7736
25463dd5-2851-4473-8d9f-17668b9e70d3	4	150959166	150959643	4	-1.7172
25463dd5-2851-4473-8d9f-17668b9e70d3	4	150959971	150965023	14	-0.6597
25463dd5-2851-4473-8d9f-17668b9e70d3	4	150965121	151091949	54	0.0342
25463dd5-2851-4473-8d9f-17668b9e70d3	4	151092830	151099625	2	-1.9675
25463dd5-2851-4473-8d9f-17668b9e70d3	4	151099962	172066777	13375	0.003
25463dd5-2851-4473-8d9f-17668b9e70d3	4	172067997	172068382	12	0.8254
25463dd5-2851-4473-8d9f-17668b9e70d3	4	172074828	181542491	6211	0.0043
25463dd5-2851-4473-8d9f-17668b9e70d3	4	181544092	181551410	13	-1.0984
25463dd5-2851-4473-8d9f-17668b9e70d3	4	181556233	186955316	3864	0.0178
25463dd5-2851-4473-8d9f-17668b9e70d3	4	186955332	186983950	44	-0.2764
25463dd5-2851-4473-8d9f-17668b9e70d3	4	186984055	189805980	1850	0.01
25463dd5-2851-4473-8d9f-17668b9e70d3	4	189808379	189808534	2	-1.6142
25463dd5-2851-4473-8d9f-17668b9e70d3	4	189808773	190106768	99	-0.0261
25463dd5-2851-4473-8d9f-17668b9e70d3	5	15532	8115194	6450	-0.0059
25463dd5-2851-4473-8d9f-17668b9e70d3	5	8115720	8121212	4	-1.5478
25463dd5-2851-4473-8d9f-17668b9e70d3	5	8123381	20418416	8655	0.0069
25463dd5-2851-4473-8d9f-17668b9e70d3	5	20425033	20428066	3	-1.2336
25463dd5-2851-4473-8d9f-17668b9e70d3	5	20429236	21376735	559	-0.0087
25463dd5-2851-4473-8d9f-17668b9e70d3	5	21377730	21377744	2	-4.2913
25463dd5-2851-4473-8d9f-17668b9e70d3	5	21385957	27524345	3580	-0.0164
25463dd5-2851-4473-8d9f-17668b9e70d3	5	27525283	27528507	13	-0.7483
25463dd5-2851-4473-8d9f-17668b9e70d3	5	27533552	34259309	4392	0.0057
25463dd5-2851-4473-8d9f-17668b9e70d3	5	34264242	34264450	3	-1.9251
25463dd5-2851-4473-8d9f-17668b9e70d3	5	34266449	58025759	12097	0.0081
25463dd5-2851-4473-8d9f-17668b9e70d3	5	58025819	58037688	32	-0.5018
25463dd5-2851-4473-8d9f-17668b9e70d3	5	58037706	97709417	22925	0.0049
25463dd5-2851-4473-8d9f-17668b9e70d3	5	97712762	97763616	43	-1.1231
25463dd5-2851-4473-8d9f-17668b9e70d3	5	97763980	97780983	7	0.0747
25463dd5-2851-4473-8d9f-17668b9e70d3	5	97781157	97784803	4	-1.1774
25463dd5-2851-4473-8d9f-17668b9e70d3	5	97789963	98595136	450	0.0078
25463dd5-2851-4473-8d9f-17668b9e70d3	5	98597967	98600066	5	-0.8589
25463dd5-2851-4473-8d9f-17668b9e70d3	5	98605165	104515520	3412	0.0074
25463dd5-2851-4473-8d9f-17668b9e70d3	5	104524672	104524903	4	1.7881
25463dd5-2851-4473-8d9f-17668b9e70d3	5	104525348	150822643	29805	0.0059
25463dd5-2851-4473-8d9f-17668b9e70d3	5	150825938	150843825	9	-0.749
25463dd5-2851-4473-8d9f-17668b9e70d3	5	150844533	171083881	14177	0.0027
25463dd5-2851-4473-8d9f-17668b9e70d3	5	171094747	171189111	40	-1.0216
25463dd5-2851-4473-8d9f-17668b9e70d3	5	171190855	177740962	4237	-0.0098
25463dd5-2851-4473-8d9f-17668b9e70d3	5	177770954	177833329	8	-1.0492
25463dd5-2851-4473-8d9f-17668b9e70d3	5	177838979	180987465	1806	-0.0099
25463dd5-2851-4473-8d9f-17668b9e70d3	5	180990207	181058320	41	0.5204
25463dd5-2851-4473-8d9f-17668b9e70d3	5	181058353	181363319	134	-0.0747
25463dd5-2851-4473-8d9f-17668b9e70d3	6	149661	253861	99	-0.0467
25463dd5-2851-4473-8d9f-17668b9e70d3	6	254267	303121	28	-0.8011
25463dd5-2851-4473-8d9f-17668b9e70d3	6	314962	356261	51	-0.3123
25463dd5-2851-4473-8d9f-17668b9e70d3	6	360535	29875657	21483	0.0049
25463dd5-2851-4473-8d9f-17668b9e70d3	6	29876257	29882419	8	-1.4887
25463dd5-2851-4473-8d9f-17668b9e70d3	6	29882497	31318528	661	-0.019
25463dd5-2851-4473-8d9f-17668b9e70d3	6	31318754	31328674	9	-2.369
25463dd5-2851-4473-8d9f-17668b9e70d3	6	31342147	32463198	493	-0.0369
25463dd5-2851-4473-8d9f-17668b9e70d3	6	32463328	32682835	69	-0.6811
25463dd5-2851-4473-8d9f-17668b9e70d3	6	32686863	32722250	43	0.0712
25463dd5-2851-4473-8d9f-17668b9e70d3	6	32723020	32723053	3	1.5911
25463dd5-2851-4473-8d9f-17668b9e70d3	6	32732907	42292962	6241	0.0032
25463dd5-2851-4473-8d9f-17668b9e70d3	6	42299485	42299740	3	-1.1682
25463dd5-2851-4473-8d9f-17668b9e70d3	6	42300130	44543043	1197	0.0016
25463dd5-2851-4473-8d9f-17668b9e70d3	6	44545604	44547214	5	-1.0411
25463dd5-2851-4473-8d9f-17668b9e70d3	6	44549930	76307194	18086	-0.0067
25463dd5-2851-4473-8d9f-17668b9e70d3	6	76307209	76307360	6	-0.6204
25463dd5-2851-4473-8d9f-17668b9e70d3	6	76312261	76314644	9	-1.4624
25463dd5-2851-4473-8d9f-17668b9e70d3	6	76314659	76323236	18	-0.8656
25463dd5-2851-4473-8d9f-17668b9e70d3	6	76323472	76731778	271	-0.0002
25463dd5-2851-4473-8d9f-17668b9e70d3	6	76732919	76736482	4	-1.0858
25463dd5-2851-4473-8d9f-17668b9e70d3	6	76739852	78169795	924	-0.0071
25463dd5-2851-4473-8d9f-17668b9e70d3	6	78171734	78188798	7	-0.8118
25463dd5-2851-4473-8d9f-17668b9e70d3	6	78190303	78259348	56	0.0259
25463dd5-2851-4473-8d9f-17668b9e70d3	6	78259388	78329517	112	0.3174
25463dd5-2851-4473-8d9f-17668b9e70d3	6	78331916	103286954	15479	-0.0025
25463dd5-2851-4473-8d9f-17668b9e70d3	6	103290101	103314186	45	0.6202
25463dd5-2851-4473-8d9f-17668b9e70d3	6	103317795	106591553	2126	-0.0003
25463dd5-2851-4473-8d9f-17668b9e70d3	6	106591735	106600737	7	-0.751
25463dd5-2851-4473-8d9f-17668b9e70d3	6	106602004	112675239	3681	0.0043
25463dd5-2851-4473-8d9f-17668b9e70d3	6	112679456	112680365	4	-0.9096
25463dd5-2851-4473-8d9f-17668b9e70d3	6	112681101	115047731	1488	-0.0016
25463dd5-2851-4473-8d9f-17668b9e70d3	6	115057911	115057996	2	-1.8571
25463dd5-2851-4473-8d9f-17668b9e70d3	6	115078827	125861617	6579	-0.0018
25463dd5-2851-4473-8d9f-17668b9e70d3	6	125862546	125865048	2	-3.1301
25463dd5-2851-4473-8d9f-17668b9e70d3	6	125865630	153636235	18362	0.0013
25463dd5-2851-4473-8d9f-17668b9e70d3	6	153639651	153640284	2	-3.5408
25463dd5-2851-4473-8d9f-17668b9e70d3	6	153640764	161393275	5208	0.0001
25463dd5-2851-4473-8d9f-17668b9e70d3	6	161395641	161439137	27	-1.0538
25463dd5-2851-4473-8d9f-17668b9e70d3	6	161439604	170741917	6683	-0.0131
25463dd5-2851-4473-8d9f-17668b9e70d3	7	43355	54305455	38482	0.0037
25463dd5-2851-4473-8d9f-17668b9e70d3	7	54318812	54318824	6	0.9654
25463dd5-2851-4473-8d9f-17668b9e70d3	7	54325795	65502323	3196	-0.0127
25463dd5-2851-4473-8d9f-17668b9e70d3	7	65502854	65586825	6	-0.9591
25463dd5-2851-4473-8d9f-17668b9e70d3	7	65587678	67164253	530	0.0112
25463dd5-2851-4473-8d9f-17668b9e70d3	7	67164342	67180245	8	-1.8537
25463dd5-2851-4473-8d9f-17668b9e70d3	7	67182652	67233947	15	-0.4065
25463dd5-2851-4473-8d9f-17668b9e70d3	7	67234797	97870762	18165	0.0038
25463dd5-2851-4473-8d9f-17668b9e70d3	7	97870806	97870817	2	-1.6003
25463dd5-2851-4473-8d9f-17668b9e70d3	7	97870996	109801155	6546	-0.0004
25463dd5-2851-4473-8d9f-17668b9e70d3	7	109801187	109813853	11	0.993
25463dd5-2851-4473-8d9f-17668b9e70d3	7	109813925	110158535	207	0.0135
25463dd5-2851-4473-8d9f-17668b9e70d3	7	110158550	110159025	6	-1.1311
25463dd5-2851-4473-8d9f-17668b9e70d3	7	110159142	126404920	9818	0.0026
25463dd5-2851-4473-8d9f-17668b9e70d3	7	126405428	126406561	12	1.1853
25463dd5-2851-4473-8d9f-17668b9e70d3	7	126406822	134114401	4736	0.0006
25463dd5-2851-4473-8d9f-17668b9e70d3	7	134114444	134121491	2	-1.4458
25463dd5-2851-4473-8d9f-17668b9e70d3	7	134124039	135803873	1198	0.0043
25463dd5-2851-4473-8d9f-17668b9e70d3	7	135805276	135806514	3	-1.4635
25463dd5-2851-4473-8d9f-17668b9e70d3	7	135807976	148971807	8284	0.0001
25463dd5-2851-4473-8d9f-17668b9e70d3	7	148975254	148977113	3	-1.5071
25463dd5-2851-4473-8d9f-17668b9e70d3	7	148979653	159324925	6592	-0.0081
25463dd5-2851-4473-8d9f-17668b9e70d3	7	159324952	159334314	13	-1.0866
25463dd5-2851-4473-8d9f-17668b9e70d3	8	81254	645875	329	-0.0337
25463dd5-2851-4473-8d9f-17668b9e70d3	8	645892	645908	2	4.0608
25463dd5-2851-4473-8d9f-17668b9e70d3	8	656117	2844412	1707	-0.0143
25463dd5-2851-4473-8d9f-17668b9e70d3	8	2846011	2846377	7	-2.0958
25463dd5-2851-4473-8d9f-17668b9e70d3	8	2849649	6968330	5578	0.0058
25463dd5-2851-4473-8d9f-17668b9e70d3	8	6968741	6969677	12	-0.7803
25463dd5-2851-4473-8d9f-17668b9e70d3	8	6975846	7020666	8	0.5638
25463dd5-2851-4473-8d9f-17668b9e70d3	8	7021331	7152073	74	-0.0765
25463dd5-2851-4473-8d9f-17668b9e70d3	8	7153358	7397588	35	0.1805
25463dd5-2851-4473-8d9f-17668b9e70d3	8	7414835	8139659	42	-0.7417
25463dd5-2851-4473-8d9f-17668b9e70d3	8	8196822	8528287	291	0.0347
25463dd5-2851-4473-8d9f-17668b9e70d3	8	8528640	8528847	3	-2.2619
25463dd5-2851-4473-8d9f-17668b9e70d3	8	8528932	10812564	2015	0.011
25463dd5-2851-4473-8d9f-17668b9e70d3	8	10812580	10812598	2	-1.2347
25463dd5-2851-4473-8d9f-17668b9e70d3	8	10813040	12024350	908	0.0068
25463dd5-2851-4473-8d9f-17668b9e70d3	8	12024888	12585546	61	-0.5792
25463dd5-2851-4473-8d9f-17668b9e70d3	8	12616034	25116961	10406	0.0027
25463dd5-2851-4473-8d9f-17668b9e70d3	8	25117007	25126818	25	0.4933
25463dd5-2851-4473-8d9f-17668b9e70d3	8	25133589	32821348	5431	-0.0037
25463dd5-2851-4473-8d9f-17668b9e70d3	8	32825580	32830895	7	1.2078
25463dd5-2851-4473-8d9f-17668b9e70d3	8	32834588	39373140	3578	0.0043
25463dd5-2851-4473-8d9f-17668b9e70d3	8	39378084	39529446	59	-3.6674
25463dd5-2851-4473-8d9f-17668b9e70d3	8	39530780	40324598	588	0.0056
25463dd5-2851-4473-8d9f-17668b9e70d3	8	40326278	40331963	32	-1.0155
25463dd5-2851-4473-8d9f-17668b9e70d3	8	40331978	41064114	540	0.0044
25463dd5-2851-4473-8d9f-17668b9e70d3	8	41065830	41070077	4	-1.3053
25463dd5-2851-4473-8d9f-17668b9e70d3	8	41075516	94545324	30576	0.0043
25463dd5-2851-4473-8d9f-17668b9e70d3	8	94545374	94545701	5	0.9951
25463dd5-2851-4473-8d9f-17668b9e70d3	8	94545764	110015682	9585	0.0082
25463dd5-2851-4473-8d9f-17668b9e70d3	8	110017378	110019717	2	-1.4466
25463dd5-2851-4473-8d9f-17668b9e70d3	8	110021832	110701899	381	0.0136
25463dd5-2851-4473-8d9f-17668b9e70d3	8	110702193	110763050	24	-0.298
25463dd5-2851-4473-8d9f-17668b9e70d3	8	110765553	110923732	81	-0.07
25463dd5-2851-4473-8d9f-17668b9e70d3	8	110930530	110931801	2	-1.1811
25463dd5-2851-4473-8d9f-17668b9e70d3	8	110935884	111276327	190	0.0006
25463dd5-2851-4473-8d9f-17668b9e70d3	8	111279123	111283031	12	0.5525
25463dd5-2851-4473-8d9f-17668b9e70d3	8	111288052	114619207	1821	-0.014
25463dd5-2851-4473-8d9f-17668b9e70d3	8	114619814	114629502	36	-0.7972
25463dd5-2851-4473-8d9f-17668b9e70d3	8	114638468	140991267	19256	0.0008
25463dd5-2851-4473-8d9f-17668b9e70d3	8	140991348	142467482	880	-0.0985
25463dd5-2851-4473-8d9f-17668b9e70d3	8	142468457	143616987	418	-0.0055
25463dd5-2851-4473-8d9f-17668b9e70d3	8	143622987	143624808	7	-1.0455
25463dd5-2851-4473-8d9f-17668b9e70d3	8	143624851	145072769	504	-0.0491
25463dd5-2851-4473-8d9f-17668b9e70d3	9	46587	672786	651	0.0058
25463dd5-2851-4473-8d9f-17668b9e70d3	9	672895	676055	6	-0.8035
25463dd5-2851-4473-8d9f-17668b9e70d3	9	676112	1520634	937	0.0041
25463dd5-2851-4473-8d9f-17668b9e70d3	9	1521163	1521178	2	1.6961
25463dd5-2851-4473-8d9f-17668b9e70d3	9	1521204	23361807	18831	0.0048
25463dd5-2851-4473-8d9f-17668b9e70d3	9	23363117	23373486	8	-0.9586
25463dd5-2851-4473-8d9f-17668b9e70d3	9	23378490	61369645	10943	0.0013
25463dd5-2851-4473-8d9f-17668b9e70d3	9	61371448	61531206	12	-0.5693
25463dd5-2851-4473-8d9f-17668b9e70d3	9	61540407	63580418	61	-0.0525
25463dd5-2851-4473-8d9f-17668b9e70d3	9	63590317	63592813	7	1.4016
25463dd5-2851-4473-8d9f-17668b9e70d3	9	63614182	68412579	142	-0.153
25463dd5-2851-4473-8d9f-17668b9e70d3	9	68420536	135319522	46796	-0.002
25463dd5-2851-4473-8d9f-17668b9e70d3	9	135322259	135323776	2	-2.4911
25463dd5-2851-4473-8d9f-17668b9e70d3	9	135324566	138200944	1109	-0.0397
25463dd5-2851-4473-8d9f-17668b9e70d3	10	45792	4248622	3578	-0.0174
25463dd5-2851-4473-8d9f-17668b9e70d3	10	4248646	4248732	2	-1.6542
25463dd5-2851-4473-8d9f-17668b9e70d3	10	4248824	14598580	8843	0.0021
25463dd5-2851-4473-8d9f-17668b9e70d3	10	14598714	14598747	2	1.5243
25463dd5-2851-4473-8d9f-17668b9e70d3	10	14599360	24086334	6773	-0.0008
25463dd5-2851-4473-8d9f-17668b9e70d3	10	24088745	24089125	11	-0.6444
25463dd5-2851-4473-8d9f-17668b9e70d3	10	24089979	45757597	12230	0.0007
25463dd5-2851-4473-8d9f-17668b9e70d3	10	45761333	46632302	284	-0.0961
25463dd5-2851-4473-8d9f-17668b9e70d3	10	46657149	46967412	14	-0.7716
25463dd5-2851-4473-8d9f-17668b9e70d3	10	47002596	47559596	286	-0.0211
25463dd5-2851-4473-8d9f-17668b9e70d3	10	47622159	47627616	2	1.5554
25463dd5-2851-4473-8d9f-17668b9e70d3	10	47680298	62668369	10550	-0.0009
25463dd5-2851-4473-8d9f-17668b9e70d3	10	62668488	62670695	5	-1.238
25463dd5-2851-4473-8d9f-17668b9e70d3	10	62671446	76493093	8659	-0.0057
25463dd5-2851-4473-8d9f-17668b9e70d3	10	76497303	76497852	2	-2.2831
25463dd5-2851-4473-8d9f-17668b9e70d3	10	76501509	128745228	36073	-0.001
25463dd5-2851-4473-8d9f-17668b9e70d3	10	128748043	128748257	2	-2.039
25463dd5-2851-4473-8d9f-17668b9e70d3	10	128749910	133654968	3362	-0.0287
25463dd5-2851-4473-8d9f-17668b9e70d3	11	198510	4949137	2425	-0.0208
25463dd5-2851-4473-8d9f-17668b9e70d3	11	4950775	4955042	23	0.7375
25463dd5-2851-4473-8d9f-17668b9e70d3	11	4955781	5200003	206	0.0034
25463dd5-2851-4473-8d9f-17668b9e70d3	11	5201149	5203131	2	-1.3534
25463dd5-2851-4473-8d9f-17668b9e70d3	11	5204275	22447934	13046	0.0026
25463dd5-2851-4473-8d9f-17668b9e70d3	11	22450055	22451212	4	-1.0961
25463dd5-2851-4473-8d9f-17668b9e70d3	11	22451596	42940281	14319	0.0029
25463dd5-2851-4473-8d9f-17668b9e70d3	11	42948034	42949618	6	1.0345
25463dd5-2851-4473-8d9f-17668b9e70d3	11	42955081	44630575	1176	-0.0049
25463dd5-2851-4473-8d9f-17668b9e70d3	11	44630604	44630664	2	-1.2747
25463dd5-2851-4473-8d9f-17668b9e70d3	11	44631657	48576870	2100	-0.0089
25463dd5-2851-4473-8d9f-17668b9e70d3	11	48579882	48581124	2	-2.7139
25463dd5-2851-4473-8d9f-17668b9e70d3	11	48584766	48688176	40	0.0507
25463dd5-2851-4473-8d9f-17668b9e70d3	11	48688191	48688873	3	-0.8366
25463dd5-2851-4473-8d9f-17668b9e70d3	11	48688875	49737435	406	-0.0107
25463dd5-2851-4473-8d9f-17668b9e70d3	11	49738003	49739136	6	-1.2039
25463dd5-2851-4473-8d9f-17668b9e70d3	11	49744609	55172866	516	0.01
25463dd5-2851-4473-8d9f-17668b9e70d3	11	55198132	55214735	6	-0.9477
25463dd5-2851-4473-8d9f-17668b9e70d3	11	55241999	81792426	14834	0.0003
25463dd5-2851-4473-8d9f-17668b9e70d3	11	81792950	81806116	10	-0.9158
25463dd5-2851-4473-8d9f-17668b9e70d3	11	81811590	135074876	37709	0.0015
25463dd5-2851-4473-8d9f-17668b9e70d3	12	51460	3966689	2645	-0.0071
25463dd5-2851-4473-8d9f-17668b9e70d3	12	3969298	3970950	3	-1.4116
25463dd5-2851-4473-8d9f-17668b9e70d3	12	3977360	8404097	2951	-0.0062
25463dd5-2851-4473-8d9f-17668b9e70d3	12	8405892	8406040	2	2.4047
25463dd5-2851-4473-8d9f-17668b9e70d3	12	8406196	8406526	4	0.8574
25463dd5-2851-4473-8d9f-17668b9e70d3	12	8406920	9477960	570	-0.0018
25463dd5-2851-4473-8d9f-17668b9e70d3	12	9481274	9575696	24	0.9211
25463dd5-2851-4473-8d9f-17668b9e70d3	12	9582373	11062773	1035	-0.0075
25463dd5-2851-4473-8d9f-17668b9e70d3	12	11064250	11088933	12	-1.6121
25463dd5-2851-4473-8d9f-17668b9e70d3	12	11099275	22095435	7441	0.0008
25463dd5-2851-4473-8d9f-17668b9e70d3	12	22095740	22096272	10	-0.8222
25463dd5-2851-4473-8d9f-17668b9e70d3	12	22096280	33141726	8092	0.0072
25463dd5-2851-4473-8d9f-17668b9e70d3	12	33148472	33155453	29	-0.7367
25463dd5-2851-4473-8d9f-17668b9e70d3	12	33155525	34239550	659	-0.0165
25463dd5-2851-4473-8d9f-17668b9e70d3	12	34243909	37825491	209	-0.1767
25463dd5-2851-4473-8d9f-17668b9e70d3	12	37825500	45510655	4721	0.0039
25463dd5-2851-4473-8d9f-17668b9e70d3	12	45512057	45515754	3	-1.8159
25463dd5-2851-4473-8d9f-17668b9e70d3	12	45519509	78624611	20468	0.003
25463dd5-2851-4473-8d9f-17668b9e70d3	12	78627226	78631283	5	-1.4218
25463dd5-2851-4473-8d9f-17668b9e70d3	12	78636188	130480173	34480	0.0062
25463dd5-2851-4473-8d9f-17668b9e70d3	12	130483301	130487165	2	-1.7617
25463dd5-2851-4473-8d9f-17668b9e70d3	12	130488644	130663412	139	-0.0435
25463dd5-2851-4473-8d9f-17668b9e70d3	12	130663661	130665614	17	-1.1579
25463dd5-2851-4473-8d9f-17668b9e70d3	12	130665824	133201603	1339	-0.0301
25463dd5-2851-4473-8d9f-17668b9e70d3	13	18452809	21321896	1573	-0.0013
25463dd5-2851-4473-8d9f-17668b9e70d3	13	21322180	21322617	3	-1.1801
25463dd5-2851-4473-8d9f-17668b9e70d3	13	21322704	37496998	11908	0.0046
25463dd5-2851-4473-8d9f-17668b9e70d3	13	37497899	37510620	16	-0.5514
25463dd5-2851-4473-8d9f-17668b9e70d3	13	37514193	63586328	16312	-0.001
25463dd5-2851-4473-8d9f-17668b9e70d3	13	63587229	63606492	15	-0.4598
25463dd5-2851-4473-8d9f-17668b9e70d3	13	63606617	66760914	1981	-0.006
25463dd5-2851-4473-8d9f-17668b9e70d3	13	66762673	66765182	6	-1.1241
25463dd5-2851-4473-8d9f-17668b9e70d3	13	66769134	78389717	7890	0
25463dd5-2851-4473-8d9f-17668b9e70d3	13	78393547	78396494	3	-1.219
25463dd5-2851-4473-8d9f-17668b9e70d3	13	78397132	95367535	10856	-0.0069
25463dd5-2851-4473-8d9f-17668b9e70d3	13	95370320	95371532	2	-3.0762
25463dd5-2851-4473-8d9f-17668b9e70d3	13	95374731	100201948	3028	-0.0003
25463dd5-2851-4473-8d9f-17668b9e70d3	13	100205764	100208968	4	-0.8794
25463dd5-2851-4473-8d9f-17668b9e70d3	13	100209008	101127963	626	-0.0046
25463dd5-2851-4473-8d9f-17668b9e70d3	13	101130288	101130472	3	-1.136
25463dd5-2851-4473-8d9f-17668b9e70d3	13	101134806	114342922	9926	-0.0035
25463dd5-2851-4473-8d9f-17668b9e70d3	14	18239283	20888988	880	0.0197
25463dd5-2851-4473-8d9f-17668b9e70d3	14	20893877	20952929	24	-1.008
25463dd5-2851-4473-8d9f-17668b9e70d3	14	20956559	21974629	658	0.0214
25463dd5-2851-4473-8d9f-17668b9e70d3	14	21980315	22530451	480	0.1004
25463dd5-2851-4473-8d9f-17668b9e70d3	14	22530591	38755162	10232	-0.0007
25463dd5-2851-4473-8d9f-17668b9e70d3	14	38757481	38768910	5	-0.8879
25463dd5-2851-4473-8d9f-17668b9e70d3	14	38769172	73529070	21955	0.0031
25463dd5-2851-4473-8d9f-17668b9e70d3	14	73534419	73550834	8	-2.2865
25463dd5-2851-4473-8d9f-17668b9e70d3	14	73554275	85985567	8270	0.0036
25463dd5-2851-4473-8d9f-17668b9e70d3	14	85994282	86022097	37	-1.0659
25463dd5-2851-4473-8d9f-17668b9e70d3	14	86023867	106403147	12604	0.0045
25463dd5-2851-4473-8d9f-17668b9e70d3	14	106407604	106418444	7	-1.0679
25463dd5-2851-4473-8d9f-17668b9e70d3	14	106423925	106877229	243	0.0002
25463dd5-2851-4473-8d9f-17668b9e70d3	15	19811075	20026653	47	-0.0796
25463dd5-2851-4473-8d9f-17668b9e70d3	15	20041119	20422239	83	0.2385
25463dd5-2851-4473-8d9f-17668b9e70d3	15	20441322	21078947	35	-0.1716
25463dd5-2851-4473-8d9f-17668b9e70d3	15	21085447	22385639	42	0.4216
25463dd5-2851-4473-8d9f-17668b9e70d3	15	22395047	27673477	3367	-0.0229
25463dd5-2851-4473-8d9f-17668b9e70d3	15	27674351	27682660	13	-1.0883
25463dd5-2851-4473-8d9f-17668b9e70d3	15	27683648	56497449	17554	0.0006
25463dd5-2851-4473-8d9f-17668b9e70d3	15	56498505	56508779	25	-0.8433
25463dd5-2851-4473-8d9f-17668b9e70d3	15	56509425	76034453	12432	-0.0012
25463dd5-2851-4473-8d9f-17668b9e70d3	15	76042215	76052548	4	-0.9771
25463dd5-2851-4473-8d9f-17668b9e70d3	15	76056133	76598900	313	-0.0136
25463dd5-2851-4473-8d9f-17668b9e70d3	15	76599170	76602857	13	0.753
25463dd5-2851-4473-8d9f-17668b9e70d3	15	76603003	101928837	17621	0
25463dd5-2851-4473-8d9f-17668b9e70d3	16	10777	78337711	41234	-0.0033
25463dd5-2851-4473-8d9f-17668b9e70d3	16	78338543	78350841	16	0.8401
25463dd5-2851-4473-8d9f-17668b9e70d3	16	78350868	83783790	6155	0.0092
25463dd5-2851-4473-8d9f-17668b9e70d3	16	83784029	87022578	2937	-0.0383
25463dd5-2851-4473-8d9f-17668b9e70d3	16	87023440	88963710	990	-0.0084
25463dd5-2851-4473-8d9f-17668b9e70d3	16	88965171	89099820	42	-0.4168
25463dd5-2851-4473-8d9f-17668b9e70d3	16	89102797	89223306	61	-0.0567
25463dd5-2851-4473-8d9f-17668b9e70d3	16	89223504	89223555	2	-1.6806
25463dd5-2851-4473-8d9f-17668b9e70d3	16	89223581	90096867	434	-0.0698
25463dd5-2851-4473-8d9f-17668b9e70d3	17	150733	16759737	10480	-0.007
25463dd5-2851-4473-8d9f-17668b9e70d3	17	16786555	16815664	5	-1.1006
25463dd5-2851-4473-8d9f-17668b9e70d3	17	16815729	18452078	911	-0.0098
25463dd5-2851-4473-8d9f-17668b9e70d3	17	18455632	18537994	20	0.7766
25463dd5-2851-4473-8d9f-17668b9e70d3	17	18540308	19019206	171	-0.0248
25463dd5-2851-4473-8d9f-17668b9e70d3	17	19019420	19190137	6	-1.0512
25463dd5-2851-4473-8d9f-17668b9e70d3	17	19245973	33945766	5106	-0.0047
25463dd5-2851-4473-8d9f-17668b9e70d3	17	33946562	33948043	2	-2.4177
25463dd5-2851-4473-8d9f-17668b9e70d3	17	33948045	36119737	1562	-0.003
25463dd5-2851-4473-8d9f-17668b9e70d3	17	36120012	36208249	30	0.3468
25463dd5-2851-4473-8d9f-17668b9e70d3	17	36460442	41224178	2506	-0.0073
25463dd5-2851-4473-8d9f-17668b9e70d3	17	41231308	41245790	7	-0.82
25463dd5-2851-4473-8d9f-17668b9e70d3	17	41249029	45320815	2124	0.0072
25463dd5-2851-4473-8d9f-17668b9e70d3	17	45321371	46879981	655	-0.0651
25463dd5-2851-4473-8d9f-17668b9e70d3	17	46880656	71048507	14502	0.0055
25463dd5-2851-4473-8d9f-17668b9e70d3	17	71054008	71054429	3	-1.4166
25463dd5-2851-4473-8d9f-17668b9e70d3	17	71055018	81155301	6226	-0.0146
25463dd5-2851-4473-8d9f-17668b9e70d3	17	81158113	81168461	3	-1.505
25463dd5-2851-4473-8d9f-17668b9e70d3	17	81168719	83091923	711	-0.0182
25463dd5-2851-4473-8d9f-17668b9e70d3	18	48133	38830310	21641	0.0042
25463dd5-2851-4473-8d9f-17668b9e70d3	18	38836563	38841378	3	-1.3623
25463dd5-2851-4473-8d9f-17668b9e70d3	18	38841946	40678763	1150	-0.0008
25463dd5-2851-4473-8d9f-17668b9e70d3	18	40680456	40685425	19	-0.8376
25463dd5-2851-4473-8d9f-17668b9e70d3	18	40688060	80257174	27935	0.0004
25463dd5-2851-4473-8d9f-17668b9e70d3	19	90910	4552400	1197	-0.015
25463dd5-2851-4473-8d9f-17668b9e70d3	19	4555774	4565864	3	-1.0672
25463dd5-2851-4473-8d9f-17668b9e70d3	19	4566518	9998503	2624	-0.0034
25463dd5-2851-4473-8d9f-17668b9e70d3	19	10000389	10000634	2	-1.283
25463dd5-2851-4473-8d9f-17668b9e70d3	19	10001670	12581187	1214	0.0101
25463dd5-2851-4473-8d9f-17668b9e70d3	19	12586552	12587288	2	-2.2219
25463dd5-2851-4473-8d9f-17668b9e70d3	19	12589709	14804102	927	-0.0162
25463dd5-2851-4473-8d9f-17668b9e70d3	19	14804829	14812071	5	-1.1747
25463dd5-2851-4473-8d9f-17668b9e70d3	19	14812225	35358420	10732	-0.0124
25463dd5-2851-4473-8d9f-17668b9e70d3	19	35364451	35370946	21	-0.7764
25463dd5-2851-4473-8d9f-17668b9e70d3	19	35375842	44401739	4631	-0.0037
25463dd5-2851-4473-8d9f-17668b9e70d3	19	44402359	44402382	2	-1.9352
25463dd5-2851-4473-8d9f-17668b9e70d3	19	44402845	44760758	255	-0.0118
25463dd5-2851-4473-8d9f-17668b9e70d3	19	44763282	44765019	2	-1.3079
25463dd5-2851-4473-8d9f-17668b9e70d3	19	44768091	48369754	1638	0.0041
25463dd5-2851-4473-8d9f-17668b9e70d3	19	48369800	48371455	2	-1.588
25463dd5-2851-4473-8d9f-17668b9e70d3	19	48376926	52813087	2296	-0.0144
25463dd5-2851-4473-8d9f-17668b9e70d3	19	52815851	52824137	3	-1.4853
25463dd5-2851-4473-8d9f-17668b9e70d3	19	52824306	53722759	678	-0.0301
25463dd5-2851-4473-8d9f-17668b9e70d3	19	53724032	53731416	9	-0.7681
25463dd5-2851-4473-8d9f-17668b9e70d3	19	53731903	54215099	254	-0.0471
25463dd5-2851-4473-8d9f-17668b9e70d3	19	54215136	54237443	17	0.6511
25463dd5-2851-4473-8d9f-17668b9e70d3	19	54249482	55761691	743	-0.0297
25463dd5-2851-4473-8d9f-17668b9e70d3	19	55766684	55774927	7	1.2849
25463dd5-2851-4473-8d9f-17668b9e70d3	19	55777575	58586487	1837	-0.0156
25463dd5-2851-4473-8d9f-17668b9e70d3	20	80664	1580156	1201	-0.0017
25463dd5-2851-4473-8d9f-17668b9e70d3	20	1580276	1617460	46	-0.9203
25463dd5-2851-4473-8d9f-17668b9e70d3	20	1617690	23184378	16791	0.0031
25463dd5-2851-4473-8d9f-17668b9e70d3	20	23190094	23193757	7	-0.982
25463dd5-2851-4473-8d9f-17668b9e70d3	20	23195875	51092837	14637	0.0038
25463dd5-2851-4473-8d9f-17668b9e70d3	20	51094477	51094555	2	-1.5379
25463dd5-2851-4473-8d9f-17668b9e70d3	20	51096053	61454136	8378	0.0012
25463dd5-2851-4473-8d9f-17668b9e70d3	20	61454154	61683410	153	-1.2557
25463dd5-2851-4473-8d9f-17668b9e70d3	20	61686413	63584878	848	-0.0093
25463dd5-2851-4473-8d9f-17668b9e70d3	20	63586236	64170027	228	-0.151
25463dd5-2851-4473-8d9f-17668b9e70d3	20	64170633	64324800	89	-0.0403
25463dd5-2851-4473-8d9f-17668b9e70d3	21	10354168	10638732	79	-0.2861
25463dd5-2851-4473-8d9f-17668b9e70d3	21	10641372	13028693	18	0.0657
25463dd5-2851-4473-8d9f-17668b9e70d3	21	13080541	13270257	32	-0.3435
25463dd5-2851-4473-8d9f-17668b9e70d3	21	13273133	26822585	9674	-0.0125
25463dd5-2851-4473-8d9f-17668b9e70d3	21	26827753	26828403	7	-0.9317
25463dd5-2851-4473-8d9f-17668b9e70d3	21	26831754	45401842	13326	-0.006
25463dd5-2851-4473-8d9f-17668b9e70d3	21	45402350	45629951	114	-0.2036
25463dd5-2851-4473-8d9f-17668b9e70d3	21	45631922	46677045	616	-0.0336
25463dd5-2851-4473-8d9f-17668b9e70d3	22	15294547	18760941	1137	-0.0218
25463dd5-2851-4473-8d9f-17668b9e70d3	22	18783014	18822597	4	-1.071
25463dd5-2851-4473-8d9f-17668b9e70d3	22	18917479	22379789	2294	-0.0485
25463dd5-2851-4473-8d9f-17668b9e70d3	22	22385945	22385950	2	-2.2348
25463dd5-2851-4473-8d9f-17668b9e70d3	22	22385952	23942595	943	-0.0534
25463dd5-2851-4473-8d9f-17668b9e70d3	22	23943622	23946247	3	-1.2905
25463dd5-2851-4473-8d9f-17668b9e70d3	22	23950883	26844330	2333	-0.0181
25463dd5-2851-4473-8d9f-17668b9e70d3	22	26844626	26850107	5	-1.0267
25463dd5-2851-4473-8d9f-17668b9e70d3	22	26854232	27660378	941	-0.0028
25463dd5-2851-4473-8d9f-17668b9e70d3	22	27662611	27667767	4	-1.0537
25463dd5-2851-4473-8d9f-17668b9e70d3	22	27668326	36047627	5841	-0.0087
25463dd5-2851-4473-8d9f-17668b9e70d3	22	36048140	36049468	3	-1.5003
25463dd5-2851-4473-8d9f-17668b9e70d3	22	36049485	36469172	281	-0.0658
25463dd5-2851-4473-8d9f-17668b9e70d3	22	36469597	48670948	8070	-0.0123
25463dd5-2851-4473-8d9f-17668b9e70d3	22	48671087	50796027	1404	-0.0698
25463dd5-2851-4473-8d9f-17668b9e70d3	X	251810	141475512	74783	0.0033
25463dd5-2851-4473-8d9f-17668b9e70d3	X	141559094	141578177	2	-2.2411
25463dd5-2851-4473-8d9f-17668b9e70d3	X	141585262	155952689	8837	-0.003
25463dd5-2851-4473-8d9f-17668b9e70d3	Y	2782397	6249869	785	-3.2978
25463dd5-2851-4473-8d9f-17668b9e70d3	Y	6252391	8468802	1058	-3.9325
25463dd5-2851-4473-8d9f-17668b9e70d3	Y	8469061	9947340	481	-4.2772
25463dd5-2851-4473-8d9f-17668b9e70d3	Y	9949741	26077669	4144	-3.9255
25463dd5-2851-4473-8d9f-17668b9e70d3	Y	26312501	56872112	171	-3.3876
