GDC_Aliquot	Chromosome	Start	End	Num_Probes	Segment_Mean
45b72c47-5563-46f7-ac38-2b910f8087b8	1	62920	16863509	8646	-0.073
45b72c47-5563-46f7-ac38-2b910f8087b8	1	16864367	16884157	5	-2.6448
45b72c47-5563-46f7-ac38-2b910f8087b8	1	16886219	16973678	63	-0.5655
45b72c47-5563-46f7-ac38-2b910f8087b8	1	16975177	16976074	2	-3.1382
45b72c47-5563-46f7-ac38-2b910f8087b8	1	16977349	72297687	33804	-0.0613
45b72c47-5563-46f7-ac38-2b910f8087b8	1	72302735	72345450	47	-1.0264
45b72c47-5563-46f7-ac38-2b910f8087b8	1	72345465	105470754	20846	-0.0593
45b72c47-5563-46f7-ac38-2b910f8087b8	1	105476583	105479753	17	0.9818
45b72c47-5563-46f7-ac38-2b910f8087b8	1	105481433	109690415	2623	-0.0422
45b72c47-5563-46f7-ac38-2b910f8087b8	1	109690431	109697556	11	0.9586
45b72c47-5563-46f7-ac38-2b910f8087b8	1	109702376	121580012	7079	-0.0716
45b72c47-5563-46f7-ac38-2b910f8087b8	1	121580531	144432083	137	-0.7649
45b72c47-5563-46f7-ac38-2b910f8087b8	1	144432313	152787202	2507	-0.0485
45b72c47-5563-46f7-ac38-2b910f8087b8	1	152789447	152796224	37	0.735
45b72c47-5563-46f7-ac38-2b910f8087b8	1	152801429	182145434	19678	-0.0635
45b72c47-5563-46f7-ac38-2b910f8087b8	1	182146143	182437850	214	-0.5812
45b72c47-5563-46f7-ac38-2b910f8087b8	1	182438475	193597323	7359	-0.0477
45b72c47-5563-46f7-ac38-2b910f8087b8	1	193597817	193804953	167	0.3392
45b72c47-5563-46f7-ac38-2b910f8087b8	1	193806304	196745743	1903	-0.0343
45b72c47-5563-46f7-ac38-2b910f8087b8	1	196758720	196832525	57	-1.3584
45b72c47-5563-46f7-ac38-2b910f8087b8	1	196832720	198262053	782	-0.0444
45b72c47-5563-46f7-ac38-2b910f8087b8	1	198262611	198512758	177	0.3148
45b72c47-5563-46f7-ac38-2b910f8087b8	1	198512908	210696413	8375	-0.0646
45b72c47-5563-46f7-ac38-2b910f8087b8	1	210696778	210697999	2	-3.0241
45b72c47-5563-46f7-ac38-2b910f8087b8	1	210702359	220295224	6620	-0.0686
45b72c47-5563-46f7-ac38-2b910f8087b8	1	220301589	220677344	236	-0.5462
45b72c47-5563-46f7-ac38-2b910f8087b8	1	220681918	222193326	1118	-0.0675
45b72c47-5563-46f7-ac38-2b910f8087b8	1	222201492	222203662	2	-3.3327
45b72c47-5563-46f7-ac38-2b910f8087b8	1	222208792	247143531	17267	-0.0706
45b72c47-5563-46f7-ac38-2b910f8087b8	1	247143829	247153355	5	-2.0971
45b72c47-5563-46f7-ac38-2b910f8087b8	1	247157566	248930189	1025	-0.0687
45b72c47-5563-46f7-ac38-2b910f8087b8	2	12784	52527743	36918	-0.069
45b72c47-5563-46f7-ac38-2b910f8087b8	2	52531615	52554404	33	0.7858
45b72c47-5563-46f7-ac38-2b910f8087b8	2	52560811	86132597	21455	-0.0585
45b72c47-5563-46f7-ac38-2b910f8087b8	2	86133412	86133450	2	-3.8604
45b72c47-5563-46f7-ac38-2b910f8087b8	2	86133686	95541576	1672	-0.0704
45b72c47-5563-46f7-ac38-2b910f8087b8	2	95541676	95542588	2	-3.2881
45b72c47-5563-46f7-ac38-2b910f8087b8	2	95543198	97164874	555	-0.0827
45b72c47-5563-46f7-ac38-2b910f8087b8	2	97164886	97168345	2	-3.5629
45b72c47-5563-46f7-ac38-2b910f8087b8	2	97168383	211828665	68825	-0.0606
45b72c47-5563-46f7-ac38-2b910f8087b8	2	211829052	211835355	3	-2.7443
45b72c47-5563-46f7-ac38-2b910f8087b8	2	211835446	242147305	19271	-0.0717
45b72c47-5563-46f7-ac38-2b910f8087b8	3	20930	162788742	102224	-0.0604
45b72c47-5563-46f7-ac38-2b910f8087b8	3	162790390	162908207	73	-1.1178
45b72c47-5563-46f7-ac38-2b910f8087b8	3	162908784	198169247	21777	-0.0589
45b72c47-5563-46f7-ac38-2b910f8087b8	4	68929	7606511	4372	-0.0914
45b72c47-5563-46f7-ac38-2b910f8087b8	4	7606541	7608367	2	-4.0068
45b72c47-5563-46f7-ac38-2b910f8087b8	4	7608398	10208489	1286	-0.1046
45b72c47-5563-46f7-ac38-2b910f8087b8	4	10208518	10232642	34	0.7497
45b72c47-5563-46f7-ac38-2b910f8087b8	4	10232984	126825467	71480	-0.0574
45b72c47-5563-46f7-ac38-2b910f8087b8	4	126825642	126825823	2	-4.9757
45b72c47-5563-46f7-ac38-2b910f8087b8	4	126825894	181363418	33384	-0.0541
45b72c47-5563-46f7-ac38-2b910f8087b8	4	181365851	181369443	6	-2.7501
45b72c47-5563-46f7-ac38-2b910f8087b8	4	181369477	190106768	6004	-0.0703
45b72c47-5563-46f7-ac38-2b910f8087b8	5	15532	12800777	10166	0.5427
45b72c47-5563-46f7-ac38-2b910f8087b8	5	12815668	12819964	9	-1.2148
45b72c47-5563-46f7-ac38-2b910f8087b8	5	12824299	13005104	61	0.5625
45b72c47-5563-46f7-ac38-2b910f8087b8	5	13014395	13014933	2	-2.9105
45b72c47-5563-46f7-ac38-2b910f8087b8	5	13015158	46191296	20361	0.5649
45b72c47-5563-46f7-ac38-2b910f8087b8	5	46191782	46199333	5	-1.7701
45b72c47-5563-46f7-ac38-2b910f8087b8	5	46209197	100372167	29517	0.5665
45b72c47-5563-46f7-ac38-2b910f8087b8	5	100373059	100504772	50	-0.3092
45b72c47-5563-46f7-ac38-2b910f8087b8	5	100506519	112333655	7367	0.569
45b72c47-5563-46f7-ac38-2b910f8087b8	5	112336725	112786777	401	0.7609
45b72c47-5563-46f7-ac38-2b910f8087b8	5	112786793	146104140	21144	0.5523
45b72c47-5563-46f7-ac38-2b910f8087b8	5	146104969	164085220	12186	0.275
45b72c47-5563-46f7-ac38-2b910f8087b8	5	164086333	164088503	2	-2.3977
45b72c47-5563-46f7-ac38-2b910f8087b8	5	164093438	166258214	1349	0.2909
45b72c47-5563-46f7-ac38-2b910f8087b8	5	166258507	180951888	9848	0.5592
45b72c47-5563-46f7-ac38-2b910f8087b8	5	180953203	181015400	20	1.1585
45b72c47-5563-46f7-ac38-2b910f8087b8	5	181015441	181363319	167	0.5631
45b72c47-5563-46f7-ac38-2b910f8087b8	6	149661	31305926	22185	-0.0636
45b72c47-5563-46f7-ac38-2b910f8087b8	6	31313046	31328674	12	1.0993
45b72c47-5563-46f7-ac38-2b910f8087b8	6	31342147	32463515	494	-0.0529
45b72c47-5563-46f7-ac38-2b910f8087b8	6	32463775	32593518	32	1.0086
45b72c47-5563-46f7-ac38-2b910f8087b8	6	32602269	58384355	15853	-0.0555
45b72c47-5563-46f7-ac38-2b910f8087b8	6	58392393	103286954	26323	-0.54
45b72c47-5563-46f7-ac38-2b910f8087b8	6	103290101	103322942	52	0.1764
45b72c47-5563-46f7-ac38-2b910f8087b8	6	103323069	170741917	43676	-0.5665
45b72c47-5563-46f7-ac38-2b910f8087b8	7	43355	56709343	39925	0.2867
45b72c47-5563-46f7-ac38-2b910f8087b8	7	56712441	56714614	3	-3.2316
45b72c47-5563-46f7-ac38-2b910f8087b8	7	56714729	159334314	57618	0.2867
45b72c47-5563-46f7-ac38-2b910f8087b8	8	81254	12143614	10941	-0.0837
45b72c47-5563-46f7-ac38-2b910f8087b8	8	12176798	12389977	31	-1.1527
45b72c47-5563-46f7-ac38-2b910f8087b8	8	12418301	39391223	19355	-0.0792
45b72c47-5563-46f7-ac38-2b910f8087b8	8	39393453	39505410	44	0.6877
45b72c47-5563-46f7-ac38-2b910f8087b8	8	39505427	79131597	22742	-0.0823
45b72c47-5563-46f7-ac38-2b910f8087b8	8	79132038	130835623	32185	0.2759
45b72c47-5563-46f7-ac38-2b910f8087b8	8	130839453	130840369	2	-3.397
45b72c47-5563-46f7-ac38-2b910f8087b8	8	130842946	143616987	9276	0.2632
45b72c47-5563-46f7-ac38-2b910f8087b8	8	143622987	143625638	9	-1.9043
45b72c47-5563-46f7-ac38-2b910f8087b8	8	143636819	145072769	501	0.2014
45b72c47-5563-46f7-ac38-2b910f8087b8	9	46587	1318058	1299	-0.0438
45b72c47-5563-46f7-ac38-2b910f8087b8	9	1319470	1330599	11	-1.2944
45b72c47-5563-46f7-ac38-2b910f8087b8	9	1330623	2998820	1884	-0.0679
45b72c47-5563-46f7-ac38-2b910f8087b8	9	2999558	3249769	222	-0.5746
45b72c47-5563-46f7-ac38-2b910f8087b8	9	3252752	21642610	15750	-0.0472
45b72c47-5563-46f7-ac38-2b910f8087b8	9	21645004	22227269	420	-0.5225
45b72c47-5563-46f7-ac38-2b910f8087b8	9	22231935	106783637	38737	-0.0616
45b72c47-5563-46f7-ac38-2b910f8087b8	9	106783708	106783782	2	-3.6677
45b72c47-5563-46f7-ac38-2b910f8087b8	9	106784284	138200944	20767	-0.0705
45b72c47-5563-46f7-ac38-2b910f8087b8	10	45792	46146453	31313	-0.0619
45b72c47-5563-46f7-ac38-2b910f8087b8	10	46154876	46446814	172	0.4444
45b72c47-5563-46f7-ac38-2b910f8087b8	10	46446817	94839753	31920	-0.0575
45b72c47-5563-46f7-ac38-2b910f8087b8	10	94845570	95202978	201	-0.4778
45b72c47-5563-46f7-ac38-2b910f8087b8	10	95203561	132640745	26115	-0.0725
45b72c47-5563-46f7-ac38-2b910f8087b8	10	132644998	132947668	127	-0.6906
45b72c47-5563-46f7-ac38-2b910f8087b8	10	132948457	133654968	300	-0.1081
45b72c47-5563-46f7-ac38-2b910f8087b8	11	198510	55606556	34372	0.2777
45b72c47-5563-46f7-ac38-2b910f8087b8	11	55606572	55815557	151	0.6497
45b72c47-5563-46f7-ac38-2b910f8087b8	11	55816599	56180708	264	0.3037
45b72c47-5563-46f7-ac38-2b910f8087b8	11	56185195	56189282	4	-1.6019
45b72c47-5563-46f7-ac38-2b910f8087b8	11	56189297	65334796	4921	0.2797
45b72c47-5563-46f7-ac38-2b910f8087b8	11	65337682	65338922	2	-2.6811
45b72c47-5563-46f7-ac38-2b910f8087b8	11	65339117	80256165	7942	0.2746
45b72c47-5563-46f7-ac38-2b910f8087b8	11	80256460	80256759	9	-1.0098
45b72c47-5563-46f7-ac38-2b910f8087b8	11	80260060	89725300	6559	0.2872
45b72c47-5563-46f7-ac38-2b910f8087b8	11	89725741	89727863	3	-2.2949
45b72c47-5563-46f7-ac38-2b910f8087b8	11	89728451	135074876	32341	0.283
45b72c47-5563-46f7-ac38-2b910f8087b8	12	51460	9393254	6120	-0.0739
45b72c47-5563-46f7-ac38-2b910f8087b8	12	9393870	9625109	83	-0.4802
45b72c47-5563-46f7-ac38-2b910f8087b8	12	9627544	10190722	425	-0.0315
45b72c47-5563-46f7-ac38-2b910f8087b8	12	10194041	10197988	3	-2.976
45b72c47-5563-46f7-ac38-2b910f8087b8	12	10198930	11351157	705	-0.0066
45b72c47-5563-46f7-ac38-2b910f8087b8	12	11358643	11390472	30	0.8118
45b72c47-5563-46f7-ac38-2b910f8087b8	12	11399258	31909054	14402	-0.061
45b72c47-5563-46f7-ac38-2b910f8087b8	12	31910068	31914968	2	-3.6324
45b72c47-5563-46f7-ac38-2b910f8087b8	12	31915081	34096879	1495	-0.038
45b72c47-5563-46f7-ac38-2b910f8087b8	12	34097761	34111154	10	-1.9009
45b72c47-5563-46f7-ac38-2b910f8087b8	12	34122447	133201603	61068	-0.0693
45b72c47-5563-46f7-ac38-2b910f8087b8	13	18452809	19466564	487	-0.0846
45b72c47-5563-46f7-ac38-2b910f8087b8	13	19466595	19476249	2	-3.2502
45b72c47-5563-46f7-ac38-2b910f8087b8	13	19479335	24611349	3602	-0.0768
45b72c47-5563-46f7-ac38-2b910f8087b8	13	24611732	24614795	3	-2.649
45b72c47-5563-46f7-ac38-2b910f8087b8	13	24615049	57176962	21782	-0.0757
45b72c47-5563-46f7-ac38-2b910f8087b8	13	57184136	57204246	34	-2.0003
45b72c47-5563-46f7-ac38-2b910f8087b8	13	57215580	76762824	12533	-0.0481
45b72c47-5563-46f7-ac38-2b910f8087b8	13	76763907	76764630	2	-4.2199
45b72c47-5563-46f7-ac38-2b910f8087b8	13	76764659	114342922	25368	-0.0732
45b72c47-5563-46f7-ac38-2b910f8087b8	14	18239283	19744176	73	0.3465
45b72c47-5563-46f7-ac38-2b910f8087b8	14	19746341	19932561	79	-0.0926
45b72c47-5563-46f7-ac38-2b910f8087b8	14	19932636	21881982	1306	0.3003
45b72c47-5563-46f7-ac38-2b910f8087b8	14	21882826	22486728	522	0.481
45b72c47-5563-46f7-ac38-2b910f8087b8	14	22490304	61920809	24791	0.294
45b72c47-5563-46f7-ac38-2b910f8087b8	14	61922638	61926505	3	-2.0889
45b72c47-5563-46f7-ac38-2b910f8087b8	14	61926691	68800435	4297	0.2974
45b72c47-5563-46f7-ac38-2b910f8087b8	14	68807188	68807849	2	-2.0598
45b72c47-5563-46f7-ac38-2b910f8087b8	14	68807937	85098746	10661	0.2907
45b72c47-5563-46f7-ac38-2b910f8087b8	14	85098811	85098930	2	-2.7083
45b72c47-5563-46f7-ac38-2b910f8087b8	14	85098951	95746365	7186	0.2981
45b72c47-5563-46f7-ac38-2b910f8087b8	14	95746378	95746700	2	-2.9106
45b72c47-5563-46f7-ac38-2b910f8087b8	14	95746832	105824429	5890	0.2811
45b72c47-5563-46f7-ac38-2b910f8087b8	14	105824509	105824578	2	-2.6523
45b72c47-5563-46f7-ac38-2b910f8087b8	14	105824648	106475361	251	0.3111
45b72c47-5563-46f7-ac38-2b910f8087b8	14	106487515	106487827	2	-2.9289
45b72c47-5563-46f7-ac38-2b910f8087b8	14	106492557	106877229	191	0.2716
45b72c47-5563-46f7-ac38-2b910f8087b8	15	19811075	76599170	33748	-0.0665
45b72c47-5563-46f7-ac38-2b910f8087b8	15	76599286	76599884	9	-2.0408
45b72c47-5563-46f7-ac38-2b910f8087b8	15	76602723	101928837	17527	-0.0708
45b72c47-5563-46f7-ac38-2b910f8087b8	16	10777	30635357	19283	-0.0693
45b72c47-5563-46f7-ac38-2b910f8087b8	16	30635374	30657191	5	-2.5989
45b72c47-5563-46f7-ac38-2b910f8087b8	16	30657469	53421830	5467	-0.0929
45b72c47-5563-46f7-ac38-2b910f8087b8	16	53424105	53435895	4	-2.6791
45b72c47-5563-46f7-ac38-2b910f8087b8	16	53436017	78338714	16247	-0.0692
45b72c47-5563-46f7-ac38-2b910f8087b8	16	78338949	78350841	14	1.154
45b72c47-5563-46f7-ac38-2b910f8087b8	16	78350868	81184062	3249	-0.0516
45b72c47-5563-46f7-ac38-2b910f8087b8	16	81185724	81189650	2	-3.5205
45b72c47-5563-46f7-ac38-2b910f8087b8	16	81189691	83237838	2131	-0.0586
45b72c47-5563-46f7-ac38-2b910f8087b8	16	83238547	83238578	2	-3.3972
45b72c47-5563-46f7-ac38-2b910f8087b8	16	83238689	90096352	5166	-0.0853
45b72c47-5563-46f7-ac38-2b910f8087b8	17	150733	543233	190	-0.2253
45b72c47-5563-46f7-ac38-2b910f8087b8	17	544436	555087	5	-2.6658
45b72c47-5563-46f7-ac38-2b910f8087b8	17	555389	83091923	44578	-0.0617
45b72c47-5563-46f7-ac38-2b910f8087b8	18	48133	15152213	10299	-0.071
45b72c47-5563-46f7-ac38-2b910f8087b8	18	15154067	15180160	7	-2.0735
45b72c47-5563-46f7-ac38-2b910f8087b8	18	15182455	79506757	39781	-0.0733
45b72c47-5563-46f7-ac38-2b910f8087b8	18	79513891	79539392	10	-1.7876
45b72c47-5563-46f7-ac38-2b910f8087b8	18	79540550	80257174	363	-0.1631
45b72c47-5563-46f7-ac38-2b910f8087b8	19	90910	14532687	5777	-0.0517
45b72c47-5563-46f7-ac38-2b910f8087b8	19	14532702	14541705	4	-2.5718
45b72c47-5563-46f7-ac38-2b910f8087b8	19	14542665	19841956	2755	-0.0551
45b72c47-5563-46f7-ac38-2b910f8087b8	19	19844474	19850417	4	-2.9129
45b72c47-5563-46f7-ac38-2b910f8087b8	19	19851442	20287963	257	-0.1385
45b72c47-5563-46f7-ac38-2b910f8087b8	19	20288631	20299429	6	-2.536
45b72c47-5563-46f7-ac38-2b910f8087b8	19	20300191	24245201	2270	-0.0386
45b72c47-5563-46f7-ac38-2b910f8087b8	19	24245441	24250395	4	-2.3648
45b72c47-5563-46f7-ac38-2b910f8087b8	19	24253846	35294424	5507	-0.0676
45b72c47-5563-46f7-ac38-2b910f8087b8	19	35297579	35298782	4	-2.7456
45b72c47-5563-46f7-ac38-2b910f8087b8	19	35302135	36336781	506	-0.0602
45b72c47-5563-46f7-ac38-2b910f8087b8	19	36339409	36355288	4	-2.3989
45b72c47-5563-46f7-ac38-2b910f8087b8	19	36355726	40560555	2181	-0.0605
45b72c47-5563-46f7-ac38-2b910f8087b8	19	40563025	40573434	5	-1.9788
45b72c47-5563-46f7-ac38-2b910f8087b8	19	40578957	49940804	4441	-0.0561
45b72c47-5563-46f7-ac38-2b910f8087b8	19	49944270	49945499	3	-2.8461
45b72c47-5563-46f7-ac38-2b910f8087b8	19	49946698	50752054	353	-0.0859
45b72c47-5563-46f7-ac38-2b910f8087b8	19	50753993	50762782	5	-1.5297
45b72c47-5563-46f7-ac38-2b910f8087b8	19	50763895	51628545	575	-0.0376
45b72c47-5563-46f7-ac38-2b910f8087b8	19	51628560	51644944	12	-1.2333
45b72c47-5563-46f7-ac38-2b910f8087b8	19	51651652	53719570	1461	-0.0352
45b72c47-5563-46f7-ac38-2b910f8087b8	19	53719929	53722759	3	-3.0722
45b72c47-5563-46f7-ac38-2b910f8087b8	19	53724032	55933238	1181	-0.0591
45b72c47-5563-46f7-ac38-2b910f8087b8	19	55936780	55937454	2	-3.3259
45b72c47-5563-46f7-ac38-2b910f8087b8	19	55937511	57516135	1083	-0.0774
45b72c47-5563-46f7-ac38-2b910f8087b8	19	57516384	57523861	3	-2.5731
45b72c47-5563-46f7-ac38-2b910f8087b8	19	57526742	58586487	585	-0.0509
45b72c47-5563-46f7-ac38-2b910f8087b8	20	80664	17906057	14016	0.2873
45b72c47-5563-46f7-ac38-2b910f8087b8	20	17908054	17913493	4	-1.7563
45b72c47-5563-46f7-ac38-2b910f8087b8	20	17913622	63920635	28028	0.2781
45b72c47-5563-46f7-ac38-2b910f8087b8	20	63920993	63928286	3	-2.5042
45b72c47-5563-46f7-ac38-2b910f8087b8	20	63932435	64324800	183	0.2533
45b72c47-5563-46f7-ac38-2b910f8087b8	21	10354168	46677045	23718	-0.0679
45b72c47-5563-46f7-ac38-2b910f8087b8	22	15294547	19800742	1664	-0.0868
45b72c47-5563-46f7-ac38-2b910f8087b8	22	19800767	19851915	40	-0.7228
45b72c47-5563-46f7-ac38-2b910f8087b8	22	19852890	20728843	543	-0.1092
45b72c47-5563-46f7-ac38-2b910f8087b8	22	20729034	20729417	4	-2.8485
45b72c47-5563-46f7-ac38-2b910f8087b8	22	20729512	20760313	41	-0.0491
45b72c47-5563-46f7-ac38-2b910f8087b8	22	20761383	20761521	3	-2.4244
45b72c47-5563-46f7-ac38-2b910f8087b8	22	20761545	21454896	403	-0.0739
45b72c47-5563-46f7-ac38-2b910f8087b8	22	21486385	21562864	7	-2.3444
45b72c47-5563-46f7-ac38-2b910f8087b8	22	21563034	50796027	20430	-0.0714
45b72c47-5563-46f7-ac38-2b910f8087b8	X	251810	738433	78	-0.4623
45b72c47-5563-46f7-ac38-2b910f8087b8	X	876695	1815490	6	-2.3411
45b72c47-5563-46f7-ac38-2b910f8087b8	X	1923307	48111680	28824	-0.2052
45b72c47-5563-46f7-ac38-2b910f8087b8	X	48116469	48120275	4	-2.7597
45b72c47-5563-46f7-ac38-2b910f8087b8	X	48121492	49302804	458	-0.1785
45b72c47-5563-46f7-ac38-2b910f8087b8	X	49305138	49314389	6	-2.1346
45b72c47-5563-46f7-ac38-2b910f8087b8	X	49315352	57083560	3323	-0.2134
45b72c47-5563-46f7-ac38-2b910f8087b8	X	57091679	58477524	543	0.1379
45b72c47-5563-46f7-ac38-2b910f8087b8	X	58477663	58534658	5	-2.2056
45b72c47-5563-46f7-ac38-2b910f8087b8	X	58535497	121927426	30194	0.1788
45b72c47-5563-46f7-ac38-2b910f8087b8	X	121927685	121931303	3	-3.0498
45b72c47-5563-46f7-ac38-2b910f8087b8	X	121936205	151611214	17867	0.1737
45b72c47-5563-46f7-ac38-2b910f8087b8	X	151615256	151622822	3	-2.9206
45b72c47-5563-46f7-ac38-2b910f8087b8	X	151623396	155952689	2043	0.1927
45b72c47-5563-46f7-ac38-2b910f8087b8	Y	2782397	3147407	155	-2.6987
45b72c47-5563-46f7-ac38-2b910f8087b8	Y	3163712	6790428	707	-2.1982
45b72c47-5563-46f7-ac38-2b910f8087b8	Y	6792738	56872112	5773	-2.731
