GDC_Aliquot	Chromosome	Start	End	Copy_Number	Major_Copy_Number	Minor_Copy_Number
6ccc6e7e-d212-49c4-afc2-07091ff1c4e0	chr1	13116	104186	1	1	0
6ccc6e7e-d212-49c4-afc2-07091ff1c4e0	chr1	122872	158006	2	1	1
6ccc6e7e-d212-49c4-afc2-07091ff1c4e0	chr1	262698	611267	1	1	0
6ccc6e7e-d212-49c4-afc2-07091ff1c4e0	chr1	629218	727034	2	2	0
6ccc6e7e-d212-49c4-afc2-07091ff1c4e0	chr1	730021	796652	1	1	0
6ccc6e7e-d212-49c4-afc2-07091ff1c4e0	chr1	798969	2282419	2	1	1
6ccc6e7e-d212-49c4-afc2-07091ff1c4e0	chr1	2283483	2301873	1	1	0
6ccc6e7e-d212-49c4-afc2-07091ff1c4e0	chr1	2303193	2304217	0	0	0
6ccc6e7e-d212-49c4-afc2-07091ff1c4e0	chr1	2305258	2324194	2	2	0
6ccc6e7e-d212-49c4-afc2-07091ff1c4e0	chr1	2325494	2328587	2	1	1
6ccc6e7e-d212-49c4-afc2-07091ff1c4e0	chr1	2329738	3022845	1	1	0
6ccc6e7e-d212-49c4-afc2-07091ff1c4e0	chr1	3024052	3029376	0	0	0
6ccc6e7e-d212-49c4-afc2-07091ff1c4e0	chr1	3030855	3132178	1	1	0
6ccc6e7e-d212-49c4-afc2-07091ff1c4e0	chr1	3133767	3136365	2	2	0
6ccc6e7e-d212-49c4-afc2-07091ff1c4e0	chr1	3137542	3142350	1	1	0
6ccc6e7e-d212-49c4-afc2-07091ff1c4e0	chr1	3143617	3144641	13	13	0
6ccc6e7e-d212-49c4-afc2-07091ff1c4e0	chr1	3145664	3179791	1	1	0
6ccc6e7e-d212-49c4-afc2-07091ff1c4e0	chr1	3180860	3188066	0	0	0
6ccc6e7e-d212-49c4-afc2-07091ff1c4e0	chr1	3189273	3432251	1	1	0
6ccc6e7e-d212-49c4-afc2-07091ff1c4e0	chr1	3433401	3439463	0	0	0
6ccc6e7e-d212-49c4-afc2-07091ff1c4e0	chr1	3440645	3464925	1	1	0
6ccc6e7e-d212-49c4-afc2-07091ff1c4e0	chr1	3466474	3471414	2	1	1
6ccc6e7e-d212-49c4-afc2-07091ff1c4e0	chr1	3472709	3474458	0	0	0
6ccc6e7e-d212-49c4-afc2-07091ff1c4e0	chr1	3475762	3537738	1	1	0
6ccc6e7e-d212-49c4-afc2-07091ff1c4e0	chr1	3539193	3553384	2	1	1
6ccc6e7e-d212-49c4-afc2-07091ff1c4e0	chr1	3554727	4308882	1	1	0
6ccc6e7e-d212-49c4-afc2-07091ff1c4e0	chr1	4310014	4314211	0	0	0
6ccc6e7e-d212-49c4-afc2-07091ff1c4e0	chr1	4315350	5709775	1	1	0
6ccc6e7e-d212-49c4-afc2-07091ff1c4e0	chr1	5710800	5713582	4	4	0
6ccc6e7e-d212-49c4-afc2-07091ff1c4e0	chr1	5714614	6002737	1	1	0
6ccc6e7e-d212-49c4-afc2-07091ff1c4e0	chr1	6003761	6005986	5	5	0
6ccc6e7e-d212-49c4-afc2-07091ff1c4e0	chr1	6007580	7320687	2	1	1
6ccc6e7e-d212-49c4-afc2-07091ff1c4e0	chr1	7323123	7867746	1	1	0
6ccc6e7e-d212-49c4-afc2-07091ff1c4e0	chr1	7868857	8115444	2	1	1
6ccc6e7e-d212-49c4-afc2-07091ff1c4e0	chr1	8116566	8260698	3	2	1
6ccc6e7e-d212-49c4-afc2-07091ff1c4e0	chr1	8261872	9462697	2	1	1
6ccc6e7e-d212-49c4-afc2-07091ff1c4e0	chr1	9463803	9530304	3	2	1
6ccc6e7e-d212-49c4-afc2-07091ff1c4e0	chr1	9531440	9842070	2	1	1
6ccc6e7e-d212-49c4-afc2-07091ff1c4e0	chr1	9843490	9849448	1	1	0
6ccc6e7e-d212-49c4-afc2-07091ff1c4e0	chr1	9851233	9863043	2	1	1
6ccc6e7e-d212-49c4-afc2-07091ff1c4e0	chr1	9864095	9997648	2	2	0
6ccc6e7e-d212-49c4-afc2-07091ff1c4e0	chr1	9999317	10184214	3	2	1
6ccc6e7e-d212-49c4-afc2-07091ff1c4e0	chr1	10185924	17875687	2	1	1
6ccc6e7e-d212-49c4-afc2-07091ff1c4e0	chr1	17876886	21189174	1	1	0
6ccc6e7e-d212-49c4-afc2-07091ff1c4e0	chr1	21190868	23702026	2	1	1
6ccc6e7e-d212-49c4-afc2-07091ff1c4e0	chr1	23703366	23705063	5	5	0
6ccc6e7e-d212-49c4-afc2-07091ff1c4e0	chr1	23706125	23868258	3	2	1
6ccc6e7e-d212-49c4-afc2-07091ff1c4e0	chr1	23869265	26193123	2	1	1
6ccc6e7e-d212-49c4-afc2-07091ff1c4e0	chr1	26194649	26225454	3	2	1
6ccc6e7e-d212-49c4-afc2-07091ff1c4e0	chr1	26226474	26261742	2	1	1
6ccc6e7e-d212-49c4-afc2-07091ff1c4e0	chr1	26262882	26282270	1	1	0
6ccc6e7e-d212-49c4-afc2-07091ff1c4e0	chr1	26283539	26293158	2	1	1
6ccc6e7e-d212-49c4-afc2-07091ff1c4e0	chr1	26294507	26294507	0	0	0
6ccc6e7e-d212-49c4-afc2-07091ff1c4e0	chr1	26296142	26337728	3	2	1
6ccc6e7e-d212-49c4-afc2-07091ff1c4e0	chr1	26338987	26345033	1	1	0
6ccc6e7e-d212-49c4-afc2-07091ff1c4e0	chr1	26346585	26472153	2	1	1
6ccc6e7e-d212-49c4-afc2-07091ff1c4e0	chr1	26473450	26557020	2	2	0
6ccc6e7e-d212-49c4-afc2-07091ff1c4e0	chr1	26558185	26649933	2	1	1
6ccc6e7e-d212-49c4-afc2-07091ff1c4e0	chr1	26654988	26917691	3	2	1
6ccc6e7e-d212-49c4-afc2-07091ff1c4e0	chr1	26918872	27013857	2	1	1
6ccc6e7e-d212-49c4-afc2-07091ff1c4e0	chr1	27017777	27067180	3	2	1
6ccc6e7e-d212-49c4-afc2-07091ff1c4e0	chr1	27068472	27144392	2	1	1
6ccc6e7e-d212-49c4-afc2-07091ff1c4e0	chr1	27146858	27160935	1	1	0
6ccc6e7e-d212-49c4-afc2-07091ff1c4e0	chr1	27161994	27615665	2	1	1
6ccc6e7e-d212-49c4-afc2-07091ff1c4e0	chr1	27616797	27618682	2	2	0
6ccc6e7e-d212-49c4-afc2-07091ff1c4e0	chr1	27620074	27665601	2	1	1
6ccc6e7e-d212-49c4-afc2-07091ff1c4e0	chr1	27666749	27675461	1	1	0
6ccc6e7e-d212-49c4-afc2-07091ff1c4e0	chr1	27676548	27992290	2	1	1
6ccc6e7e-d212-49c4-afc2-07091ff1c4e0	chr1	27994906	28792464	3	2	1
6ccc6e7e-d212-49c4-afc2-07091ff1c4e0	chr1	28794673	28863085	2	1	1
6ccc6e7e-d212-49c4-afc2-07091ff1c4e0	chr1	28864430	28864430	1	1	0
6ccc6e7e-d212-49c4-afc2-07091ff1c4e0	chr1	28865626	28896829	2	2	0
6ccc6e7e-d212-49c4-afc2-07091ff1c4e0	chr1	28898936	28922644	3	2	1
6ccc6e7e-d212-49c4-afc2-07091ff1c4e0	chr1	28923958	29686276	2	1	1
6ccc6e7e-d212-49c4-afc2-07091ff1c4e0	chr1	29687339	29755995	1	1	0
6ccc6e7e-d212-49c4-afc2-07091ff1c4e0	chr1	29757889	29767169	2	2	0
6ccc6e7e-d212-49c4-afc2-07091ff1c4e0	chr1	29769148	31142465	1	1	0
6ccc6e7e-d212-49c4-afc2-07091ff1c4e0	chr1	31143887	31155638	2	1	1
6ccc6e7e-d212-49c4-afc2-07091ff1c4e0	chr1	31156753	31221256	3	2	1
6ccc6e7e-d212-49c4-afc2-07091ff1c4e0	chr1	31222354	32073181	2	1	1
6ccc6e7e-d212-49c4-afc2-07091ff1c4e0	chr1	32076906	32179560	2	2	0
6ccc6e7e-d212-49c4-afc2-07091ff1c4e0	chr1	32180585	32205429	2	1	1
6ccc6e7e-d212-49c4-afc2-07091ff1c4e0	chr1	32207183	32210412	2	2	0
6ccc6e7e-d212-49c4-afc2-07091ff1c4e0	chr1	32211611	32362000	3	3	0
6ccc6e7e-d212-49c4-afc2-07091ff1c4e0	chr1	32365942	32404853	2	1	1
6ccc6e7e-d212-49c4-afc2-07091ff1c4e0	chr1	32406840	32427952	1	1	0
6ccc6e7e-d212-49c4-afc2-07091ff1c4e0	chr1	32429418	32574174	2	1	1
6ccc6e7e-d212-49c4-afc2-07091ff1c4e0	chr1	32576610	34954876	1	1	0
6ccc6e7e-d212-49c4-afc2-07091ff1c4e0	chr1	34958008	34977178	3	2	1
6ccc6e7e-d212-49c4-afc2-07091ff1c4e0	chr1	34978436	35505107	2	1	1
6ccc6e7e-d212-49c4-afc2-07091ff1c4e0	chr1	35507530	35509913	1	1	0
6ccc6e7e-d212-49c4-afc2-07091ff1c4e0	chr1	35510974	35565741	2	2	0
6ccc6e7e-d212-49c4-afc2-07091ff1c4e0	chr1	35567016	35801748	2	1	1
6ccc6e7e-d212-49c4-afc2-07091ff1c4e0	chr1	35805006	36088072	2	2	0
6ccc6e7e-d212-49c4-afc2-07091ff1c4e0	chr1	36090157	36125426	3	2	1
6ccc6e7e-d212-49c4-afc2-07091ff1c4e0	chr1	36126570	36741532	2	1	1
6ccc6e7e-d212-49c4-afc2-07091ff1c4e0	chr1	36743662	37237303	1	1	0
6ccc6e7e-d212-49c4-afc2-07091ff1c4e0	chr1	37238447	41709991	2	1	1
6ccc6e7e-d212-49c4-afc2-07091ff1c4e0	chr1	41711676	41727619	1	1	0
6ccc6e7e-d212-49c4-afc2-07091ff1c4e0	chr1	41729663	41736272	2	2	0
6ccc6e7e-d212-49c4-afc2-07091ff1c4e0	chr1	41737379	41796218	1	1	0
6ccc6e7e-d212-49c4-afc2-07091ff1c4e0	chr1	41798483	45491009	2	1	1
6ccc6e7e-d212-49c4-afc2-07091ff1c4e0	chr1	45493430	46132597	2	2	0
6ccc6e7e-d212-49c4-afc2-07091ff1c4e0	chr1	46133947	46205866	2	1	1
6ccc6e7e-d212-49c4-afc2-07091ff1c4e0	chr1	46207548	46207548	8	8	0
6ccc6e7e-d212-49c4-afc2-07091ff1c4e0	chr1	46208578	47625693	2	1	1
6ccc6e7e-d212-49c4-afc2-07091ff1c4e0	chr1	47627529	47708901	1	1	0
6ccc6e7e-d212-49c4-afc2-07091ff1c4e0	chr1	47710281	47721096	2	2	0
6ccc6e7e-d212-49c4-afc2-07091ff1c4e0	chr1	47722326	47727006	0	0	0
6ccc6e7e-d212-49c4-afc2-07091ff1c4e0	chr1	47728220	47736033	2	1	1
6ccc6e7e-d212-49c4-afc2-07091ff1c4e0	chr1	47737136	50685071	1	1	0
6ccc6e7e-d212-49c4-afc2-07091ff1c4e0	chr1	50688144	50824457	2	1	1
6ccc6e7e-d212-49c4-afc2-07091ff1c4e0	chr1	50827934	50835985	2	2	0
6ccc6e7e-d212-49c4-afc2-07091ff1c4e0	chr1	50837244	50977717	2	1	1
6ccc6e7e-d212-49c4-afc2-07091ff1c4e0	chr1	50983329	51739108	2	2	0
6ccc6e7e-d212-49c4-afc2-07091ff1c4e0	chr1	51740410	51798210	2	1	1
6ccc6e7e-d212-49c4-afc2-07091ff1c4e0	chr1	51799221	51949255	2	2	0
6ccc6e7e-d212-49c4-afc2-07091ff1c4e0	chr1	51950406	52062970	3	3	0
6ccc6e7e-d212-49c4-afc2-07091ff1c4e0	chr1	52064260	52601362	2	1	1
6ccc6e7e-d212-49c4-afc2-07091ff1c4e0	chr1	52602734	52619665	3	2	1
6ccc6e7e-d212-49c4-afc2-07091ff1c4e0	chr1	52621123	52700908	2	1	1
6ccc6e7e-d212-49c4-afc2-07091ff1c4e0	chr1	52702117	52720963	3	3	0
6ccc6e7e-d212-49c4-afc2-07091ff1c4e0	chr1	52722095	52821295	3	2	1
6ccc6e7e-d212-49c4-afc2-07091ff1c4e0	chr1	52822567	53077440	2	1	1
6ccc6e7e-d212-49c4-afc2-07091ff1c4e0	chr1	53078617	61799255	1	1	0
6ccc6e7e-d212-49c4-afc2-07091ff1c4e0	chr1	61800849	61876192	2	1	1
6ccc6e7e-d212-49c4-afc2-07091ff1c4e0	chr1	61877606	109149979	1	1	0
6ccc6e7e-d212-49c4-afc2-07091ff1c4e0	chr1	109151837	109177399	2	1	1
6ccc6e7e-d212-49c4-afc2-07091ff1c4e0	chr1	109178438	109180566	2	2	0
6ccc6e7e-d212-49c4-afc2-07091ff1c4e0	chr1	109181566	112876837	1	1	0
6ccc6e7e-d212-49c4-afc2-07091ff1c4e0	chr1	112878489	113060791	2	1	1
6ccc6e7e-d212-49c4-afc2-07091ff1c4e0	chr1	113062198	121742438	1	1	0
6ccc6e7e-d212-49c4-afc2-07091ff1c4e0	chr1	143417573	150198337	2	1	1
6ccc6e7e-d212-49c4-afc2-07091ff1c4e0	chr1	150199939	150547347	3	2	1
6ccc6e7e-d212-49c4-afc2-07091ff1c4e0	chr1	150548408	150709592	2	1	1
6ccc6e7e-d212-49c4-afc2-07091ff1c4e0	chr1	150710680	150728120	3	3	0
6ccc6e7e-d212-49c4-afc2-07091ff1c4e0	chr1	150730187	151373857	2	1	1
6ccc6e7e-d212-49c4-afc2-07091ff1c4e0	chr1	151375224	151383070	3	2	1
6ccc6e7e-d212-49c4-afc2-07091ff1c4e0	chr1	151384857	151538633	2	1	1
6ccc6e7e-d212-49c4-afc2-07091ff1c4e0	chr1	151539950	153780603	1	1	0
6ccc6e7e-d212-49c4-afc2-07091ff1c4e0	chr1	153781869	153795703	6	3	3
6ccc6e7e-d212-49c4-afc2-07091ff1c4e0	chr1	153796856	154091967	2	2	0
6ccc6e7e-d212-49c4-afc2-07091ff1c4e0	chr1	154094394	154191050	2	1	1
6ccc6e7e-d212-49c4-afc2-07091ff1c4e0	chr1	154194640	154250482	2	2	0
6ccc6e7e-d212-49c4-afc2-07091ff1c4e0	chr1	154252036	155135811	2	1	1
6ccc6e7e-d212-49c4-afc2-07091ff1c4e0	chr1	155140628	155185159	2	2	0
6ccc6e7e-d212-49c4-afc2-07091ff1c4e0	chr1	155192276	155277916	3	3	0
6ccc6e7e-d212-49c4-afc2-07091ff1c4e0	chr1	155279907	155283042	5	5	0
6ccc6e7e-d212-49c4-afc2-07091ff1c4e0	chr1	155286046	155504627	2	1	1
6ccc6e7e-d212-49c4-afc2-07091ff1c4e0	chr1	155506633	155542077	2	2	0
6ccc6e7e-d212-49c4-afc2-07091ff1c4e0	chr1	155544081	155836200	2	1	1
6ccc6e7e-d212-49c4-afc2-07091ff1c4e0	chr1	155837938	155881020	3	2	1
6ccc6e7e-d212-49c4-afc2-07091ff1c4e0	chr1	155882332	156066766	2	1	1
6ccc6e7e-d212-49c4-afc2-07091ff1c4e0	chr1	156070519	156130039	2	2	0
6ccc6e7e-d212-49c4-afc2-07091ff1c4e0	chr1	156131047	156548587	2	1	1
6ccc6e7e-d212-49c4-afc2-07091ff1c4e0	chr1	156549598	156620904	2	2	0
6ccc6e7e-d212-49c4-afc2-07091ff1c4e0	chr1	156623041	156625655	2	1	1
6ccc6e7e-d212-49c4-afc2-07091ff1c4e0	chr1	156626874	156629196	5	3	2
6ccc6e7e-d212-49c4-afc2-07091ff1c4e0	chr1	156630404	161099046	1	1	0
6ccc6e7e-d212-49c4-afc2-07091ff1c4e0	chr1	161101539	161173522	2	1	1
6ccc6e7e-d212-49c4-afc2-07091ff1c4e0	chr1	161175215	165408315	1	1	0
6ccc6e7e-d212-49c4-afc2-07091ff1c4e0	chr1	165409494	181487397	2	1	1
6ccc6e7e-d212-49c4-afc2-07091ff1c4e0	chr1	181488603	181710946	1	1	0
6ccc6e7e-d212-49c4-afc2-07091ff1c4e0	chr1	181711957	202190234	2	1	1
6ccc6e7e-d212-49c4-afc2-07091ff1c4e0	chr1	202191401	202226504	1	1	0
6ccc6e7e-d212-49c4-afc2-07091ff1c4e0	chr1	202227569	202239243	3	2	1
6ccc6e7e-d212-49c4-afc2-07091ff1c4e0	chr1	202240605	208245227	2	1	1
6ccc6e7e-d212-49c4-afc2-07091ff1c4e0	chr1	208246557	208379023	1	1	0
6ccc6e7e-d212-49c4-afc2-07091ff1c4e0	chr1	208380030	208386304	2	1	1
6ccc6e7e-d212-49c4-afc2-07091ff1c4e0	chr1	208387673	224245320	1	1	0
6ccc6e7e-d212-49c4-afc2-07091ff1c4e0	chr1	224247067	230150269	2	1	1
6ccc6e7e-d212-49c4-afc2-07091ff1c4e0	chr1	230151381	232517162	1	1	0
6ccc6e7e-d212-49c4-afc2-07091ff1c4e0	chr1	232518386	236052218	2	1	1
6ccc6e7e-d212-49c4-afc2-07091ff1c4e0	chr1	236053442	236102029	3	2	1
6ccc6e7e-d212-49c4-afc2-07091ff1c4e0	chr1	236104574	236739565	2	1	1
6ccc6e7e-d212-49c4-afc2-07091ff1c4e0	chr1	236740575	236744547	3	3	0
6ccc6e7e-d212-49c4-afc2-07091ff1c4e0	chr1	236747003	237364557	1	1	0
6ccc6e7e-d212-49c4-afc2-07091ff1c4e0	chr1	237366835	248945703	2	1	1
6ccc6e7e-d212-49c4-afc2-07091ff1c4e0	chr2	10587	599608	1	1	0
6ccc6e7e-d212-49c4-afc2-07091ff1c4e0	chr2	600951	607049	2	1	1
6ccc6e7e-d212-49c4-afc2-07091ff1c4e0	chr2	608294	16316736	1	1	0
6ccc6e7e-d212-49c4-afc2-07091ff1c4e0	chr2	16317798	16320100	0	0	0
6ccc6e7e-d212-49c4-afc2-07091ff1c4e0	chr2	16323620	25701098	2	1	1
6ccc6e7e-d212-49c4-afc2-07091ff1c4e0	chr2	25702288	25712708	3	2	1
6ccc6e7e-d212-49c4-afc2-07091ff1c4e0	chr2	25714296	25766626	1	1	0
6ccc6e7e-d212-49c4-afc2-07091ff1c4e0	chr2	25767771	25921564	2	1	1
6ccc6e7e-d212-49c4-afc2-07091ff1c4e0	chr2	25922905	25974754	3	2	1
6ccc6e7e-d212-49c4-afc2-07091ff1c4e0	chr2	25976326	25981771	2	2	0
6ccc6e7e-d212-49c4-afc2-07091ff1c4e0	chr2	25983137	26020336	3	2	1
6ccc6e7e-d212-49c4-afc2-07091ff1c4e0	chr2	26021475	26174071	2	1	1
6ccc6e7e-d212-49c4-afc2-07091ff1c4e0	chr2	26175247	26176345	1	1	0
6ccc6e7e-d212-49c4-afc2-07091ff1c4e0	chr2	26177599	26185195	4	4	0
6ccc6e7e-d212-49c4-afc2-07091ff1c4e0	chr2	26187081	26258578	1	1	0
6ccc6e7e-d212-49c4-afc2-07091ff1c4e0	chr2	26262718	26454861	2	2	0
6ccc6e7e-d212-49c4-afc2-07091ff1c4e0	chr2	26455922	26462539	1	1	0
6ccc6e7e-d212-49c4-afc2-07091ff1c4e0	chr2	26464893	26840392	2	1	1
6ccc6e7e-d212-49c4-afc2-07091ff1c4e0	chr2	26841468	26988344	1	1	0
6ccc6e7e-d212-49c4-afc2-07091ff1c4e0	chr2	26989658	27380806	2	2	0
6ccc6e7e-d212-49c4-afc2-07091ff1c4e0	chr2	27382895	27493627	3	3	0
6ccc6e7e-d212-49c4-afc2-07091ff1c4e0	chr2	27497518	38536348	2	1	1
6ccc6e7e-d212-49c4-afc2-07091ff1c4e0	chr2	38537869	38643241	2	2	0
6ccc6e7e-d212-49c4-afc2-07091ff1c4e0	chr2	38644375	38692542	3	2	1
6ccc6e7e-d212-49c4-afc2-07091ff1c4e0	chr2	38693869	47387558	2	1	1
6ccc6e7e-d212-49c4-afc2-07091ff1c4e0	chr2	47388948	47451411	3	2	1
6ccc6e7e-d212-49c4-afc2-07091ff1c4e0	chr2	47452507	48579096	2	1	1
6ccc6e7e-d212-49c4-afc2-07091ff1c4e0	chr2	48580144	48584992	3	2	1
6ccc6e7e-d212-49c4-afc2-07091ff1c4e0	chr2	48586893	55439149	2	1	1
6ccc6e7e-d212-49c4-afc2-07091ff1c4e0	chr2	55440162	55458522	3	3	0
6ccc6e7e-d212-49c4-afc2-07091ff1c4e0	chr2	55460153	55492196	3	2	1
6ccc6e7e-d212-49c4-afc2-07091ff1c4e0	chr2	55493603	61660852	2	1	1
6ccc6e7e-d212-49c4-afc2-07091ff1c4e0	chr2	61662160	61708537	2	2	0
6ccc6e7e-d212-49c4-afc2-07091ff1c4e0	chr2	61709827	61712237	1	1	0
6ccc6e7e-d212-49c4-afc2-07091ff1c4e0	chr2	61713816	61808280	3	2	1
6ccc6e7e-d212-49c4-afc2-07091ff1c4e0	chr2	61809475	85082549	2	1	1
6ccc6e7e-d212-49c4-afc2-07091ff1c4e0	chr2	85084135	85133531	3	2	1
6ccc6e7e-d212-49c4-afc2-07091ff1c4e0	chr2	85135810	85177499	2	2	0
6ccc6e7e-d212-49c4-afc2-07091ff1c4e0	chr2	85181175	85182177	1	1	0
6ccc6e7e-d212-49c4-afc2-07091ff1c4e0	chr2	85183810	120396047	2	1	1
6ccc6e7e-d212-49c4-afc2-07091ff1c4e0	chr2	120397054	120638251	1	1	0
6ccc6e7e-d212-49c4-afc2-07091ff1c4e0	chr2	120639541	120647128	2	1	1
6ccc6e7e-d212-49c4-afc2-07091ff1c4e0	chr2	120648665	120896991	1	1	0
6ccc6e7e-d212-49c4-afc2-07091ff1c4e0	chr2	120898853	134306919	2	1	1
6ccc6e7e-d212-49c4-afc2-07091ff1c4e0	chr2	134308028	134384651	1	1	0
6ccc6e7e-d212-49c4-afc2-07091ff1c4e0	chr2	134385716	206002056	2	1	1
6ccc6e7e-d212-49c4-afc2-07091ff1c4e0	chr2	206003998	206184060	3	2	1
6ccc6e7e-d212-49c4-afc2-07091ff1c4e0	chr2	206185890	207629510	2	1	1
6ccc6e7e-d212-49c4-afc2-07091ff1c4e0	chr2	207630961	207750075	3	2	1
6ccc6e7e-d212-49c4-afc2-07091ff1c4e0	chr2	207751322	237034942	2	1	1
6ccc6e7e-d212-49c4-afc2-07091ff1c4e0	chr2	237035996	239506081	1	1	0
6ccc6e7e-d212-49c4-afc2-07091ff1c4e0	chr2	239507641	239514980	2	1	1
6ccc6e7e-d212-49c4-afc2-07091ff1c4e0	chr2	239516116	239527939	2	2	0
6ccc6e7e-d212-49c4-afc2-07091ff1c4e0	chr2	239529175	239869931	1	1	0
6ccc6e7e-d212-49c4-afc2-07091ff1c4e0	chr2	239871049	239874469	3	2	1
6ccc6e7e-d212-49c4-afc2-07091ff1c4e0	chr2	239875924	239883421	2	1	1
6ccc6e7e-d212-49c4-afc2-07091ff1c4e0	chr2	239884580	240150982	1	1	0
6ccc6e7e-d212-49c4-afc2-07091ff1c4e0	chr2	240152065	240156864	2	1	1
6ccc6e7e-d212-49c4-afc2-07091ff1c4e0	chr2	240157876	240160899	2	2	0
6ccc6e7e-d212-49c4-afc2-07091ff1c4e0	chr2	240162279	242183243	1	1	0
6ccc6e7e-d212-49c4-afc2-07091ff1c4e0	chr3	18519	10625484	2	1	1
6ccc6e7e-d212-49c4-afc2-07091ff1c4e0	chr3	10626805	10791644	1	1	0
6ccc6e7e-d212-49c4-afc2-07091ff1c4e0	chr3	10793756	27563239	2	1	1
6ccc6e7e-d212-49c4-afc2-07091ff1c4e0	chr3	27564316	27625303	3	2	1
6ccc6e7e-d212-49c4-afc2-07091ff1c4e0	chr3	27626967	32780372	2	1	1
6ccc6e7e-d212-49c4-afc2-07091ff1c4e0	chr3	32783333	32874183	3	2	1
6ccc6e7e-d212-49c4-afc2-07091ff1c4e0	chr3	32875476	32899362	1	1	0
6ccc6e7e-d212-49c4-afc2-07091ff1c4e0	chr3	32902081	32933328	4	2	2
6ccc6e7e-d212-49c4-afc2-07091ff1c4e0	chr3	32935006	41913095	2	1	1
6ccc6e7e-d212-49c4-afc2-07091ff1c4e0	chr3	41914222	41990040	3	2	1
6ccc6e7e-d212-49c4-afc2-07091ff1c4e0	chr3	41991932	45758107	2	1	1
6ccc6e7e-d212-49c4-afc2-07091ff1c4e0	chr3	45760234	47832232	1	1	0
6ccc6e7e-d212-49c4-afc2-07091ff1c4e0	chr3	47833834	48265041	2	2	0
6ccc6e7e-d212-49c4-afc2-07091ff1c4e0	chr3	48267401	48364275	1	1	0
6ccc6e7e-d212-49c4-afc2-07091ff1c4e0	chr3	48365972	48579058	2	2	0
6ccc6e7e-d212-49c4-afc2-07091ff1c4e0	chr3	48581233	48694054	1	1	0
6ccc6e7e-d212-49c4-afc2-07091ff1c4e0	chr3	48696074	49096996	2	2	0
6ccc6e7e-d212-49c4-afc2-07091ff1c4e0	chr3	49098528	57526023	1	1	0
6ccc6e7e-d212-49c4-afc2-07091ff1c4e0	chr3	57528090	57958091	2	2	0
6ccc6e7e-d212-49c4-afc2-07091ff1c4e0	chr3	57959147	121554677	1	1	0
6ccc6e7e-d212-49c4-afc2-07091ff1c4e0	chr3	121555781	121629652	2	2	0
6ccc6e7e-d212-49c4-afc2-07091ff1c4e0	chr3	121631129	136871460	1	1	0
6ccc6e7e-d212-49c4-afc2-07091ff1c4e0	chr3	136872741	136928404	2	2	0
6ccc6e7e-d212-49c4-afc2-07091ff1c4e0	chr3	136929765	141922173	1	1	0
6ccc6e7e-d212-49c4-afc2-07091ff1c4e0	chr3	141923334	142240317	2	2	0
6ccc6e7e-d212-49c4-afc2-07091ff1c4e0	chr3	142241436	155699132	1	1	0
6ccc6e7e-d212-49c4-afc2-07091ff1c4e0	chr3	155700182	155802567	2	2	0
6ccc6e7e-d212-49c4-afc2-07091ff1c4e0	chr3	155803977	170014865	1	1	0
6ccc6e7e-d212-49c4-afc2-07091ff1c4e0	chr3	170015950	170458385	2	2	0
6ccc6e7e-d212-49c4-afc2-07091ff1c4e0	chr3	170459437	177166939	1	1	0
6ccc6e7e-d212-49c4-afc2-07091ff1c4e0	chr3	177167942	177364778	2	2	0
6ccc6e7e-d212-49c4-afc2-07091ff1c4e0	chr3	177366070	185557943	1	1	0
6ccc6e7e-d212-49c4-afc2-07091ff1c4e0	chr3	185559095	185684788	2	2	0
6ccc6e7e-d212-49c4-afc2-07091ff1c4e0	chr3	185686405	196232185	1	1	0
6ccc6e7e-d212-49c4-afc2-07091ff1c4e0	chr3	196233354	196451722	2	2	0
6ccc6e7e-d212-49c4-afc2-07091ff1c4e0	chr3	196453243	196647848	1	1	0
6ccc6e7e-d212-49c4-afc2-07091ff1c4e0	chr3	196649505	196676864	2	2	0
6ccc6e7e-d212-49c4-afc2-07091ff1c4e0	chr3	196678265	198181744	1	1	0
6ccc6e7e-d212-49c4-afc2-07091ff1c4e0	chr4	11961	10165908	1	1	0
6ccc6e7e-d212-49c4-afc2-07091ff1c4e0	chr4	10167225	10251391	0	0	0
6ccc6e7e-d212-49c4-afc2-07091ff1c4e0	chr4	10252538	39493694	1	1	0
6ccc6e7e-d212-49c4-afc2-07091ff1c4e0	chr4	39494887	40070306	2	2	0
6ccc6e7e-d212-49c4-afc2-07091ff1c4e0	chr4	40071535	40648481	1	1	0
6ccc6e7e-d212-49c4-afc2-07091ff1c4e0	chr4	40649615	40728144	2	2	0
6ccc6e7e-d212-49c4-afc2-07091ff1c4e0	chr4	40729497	52657519	1	1	0
6ccc6e7e-d212-49c4-afc2-07091ff1c4e0	chr4	52663693	64532382	2	1	1
6ccc6e7e-d212-49c4-afc2-07091ff1c4e0	chr4	64533689	98154981	1	1	0
6ccc6e7e-d212-49c4-afc2-07091ff1c4e0	chr4	98156135	139043367	2	1	1
6ccc6e7e-d212-49c4-afc2-07091ff1c4e0	chr4	139044570	139309919	3	2	1
6ccc6e7e-d212-49c4-afc2-07091ff1c4e0	chr4	139311246	150860145	2	1	1
6ccc6e7e-d212-49c4-afc2-07091ff1c4e0	chr4	150861537	151043462	3	2	1
6ccc6e7e-d212-49c4-afc2-07091ff1c4e0	chr4	151045815	151254726	3	3	0
6ccc6e7e-d212-49c4-afc2-07091ff1c4e0	chr4	151255882	151263808	1	1	0
6ccc6e7e-d212-49c4-afc2-07091ff1c4e0	chr4	151265208	189402272	2	1	1
6ccc6e7e-d212-49c4-afc2-07091ff1c4e0	chr4	189403987	189586550	1	1	0
6ccc6e7e-d212-49c4-afc2-07091ff1c4e0	chr4	189587597	189601047	0	0	0
6ccc6e7e-d212-49c4-afc2-07091ff1c4e0	chr4	189602158	189637884	1	1	0
6ccc6e7e-d212-49c4-afc2-07091ff1c4e0	chr4	189639085	189662079	0	0	0
6ccc6e7e-d212-49c4-afc2-07091ff1c4e0	chr4	189663703	189679463	1	1	0
6ccc6e7e-d212-49c4-afc2-07091ff1c4e0	chr4	189680599	189682893	12	12	0
6ccc6e7e-d212-49c4-afc2-07091ff1c4e0	chr4	189683902	189688866	75	75	0
6ccc6e7e-d212-49c4-afc2-07091ff1c4e0	chr4	189689987	189689987	9	5	4
6ccc6e7e-d212-49c4-afc2-07091ff1c4e0	chr4	189692000	190122722	2	1	1
6ccc6e7e-d212-49c4-afc2-07091ff1c4e0	chr5	11882	767820	1	1	0
6ccc6e7e-d212-49c4-afc2-07091ff1c4e0	chr5	769038	784991	2	1	1
6ccc6e7e-d212-49c4-afc2-07091ff1c4e0	chr5	787484	809781	1	1	0
6ccc6e7e-d212-49c4-afc2-07091ff1c4e0	chr5	812176	841878	0	0	0
6ccc6e7e-d212-49c4-afc2-07091ff1c4e0	chr5	842953	844070	2	2	0
6ccc6e7e-d212-49c4-afc2-07091ff1c4e0	chr5	846543	848463	1	1	0
6ccc6e7e-d212-49c4-afc2-07091ff1c4e0	chr5	849490	884136	2	2	0
6ccc6e7e-d212-49c4-afc2-07091ff1c4e0	chr5	885319	926928	1	1	0
6ccc6e7e-d212-49c4-afc2-07091ff1c4e0	chr5	928224	932412	0	0	0
6ccc6e7e-d212-49c4-afc2-07091ff1c4e0	chr5	933695	952504	1	1	0
6ccc6e7e-d212-49c4-afc2-07091ff1c4e0	chr5	953612	960204	2	1	1
6ccc6e7e-d212-49c4-afc2-07091ff1c4e0	chr5	961395	1523206	1	1	0
6ccc6e7e-d212-49c4-afc2-07091ff1c4e0	chr5	1524409	1549020	2	2	0
6ccc6e7e-d212-49c4-afc2-07091ff1c4e0	chr5	1550034	1644800	1	1	0
6ccc6e7e-d212-49c4-afc2-07091ff1c4e0	chr5	1645885	1651805	2	2	0
6ccc6e7e-d212-49c4-afc2-07091ff1c4e0	chr5	1652859	1667658	1	1	0
6ccc6e7e-d212-49c4-afc2-07091ff1c4e0	chr5	1669872	1669872	0	0	0
6ccc6e7e-d212-49c4-afc2-07091ff1c4e0	chr5	1671085	1865846	1	1	0
6ccc6e7e-d212-49c4-afc2-07091ff1c4e0	chr5	1867054	1885092	2	2	0
6ccc6e7e-d212-49c4-afc2-07091ff1c4e0	chr5	1886357	1911778	1	1	0
6ccc6e7e-d212-49c4-afc2-07091ff1c4e0	chr5	1912807	1918686	0	0	0
6ccc6e7e-d212-49c4-afc2-07091ff1c4e0	chr5	1919940	1929751	2	1	1
6ccc6e7e-d212-49c4-afc2-07091ff1c4e0	chr5	1930823	2105534	1	1	0
6ccc6e7e-d212-49c4-afc2-07091ff1c4e0	chr5	2106704	2126623	2	1	1
6ccc6e7e-d212-49c4-afc2-07091ff1c4e0	chr5	2128205	2657048	1	1	0
6ccc6e7e-d212-49c4-afc2-07091ff1c4e0	chr5	2658230	2666405	2	1	1
6ccc6e7e-d212-49c4-afc2-07091ff1c4e0	chr5	2667518	4408712	1	1	0
6ccc6e7e-d212-49c4-afc2-07091ff1c4e0	chr5	4409719	4459819	2	1	1
6ccc6e7e-d212-49c4-afc2-07091ff1c4e0	chr5	4461477	6204090	1	1	0
6ccc6e7e-d212-49c4-afc2-07091ff1c4e0	chr5	6206762	6216838	2	2	0
6ccc6e7e-d212-49c4-afc2-07091ff1c4e0	chr5	6218002	6579280	1	1	0
6ccc6e7e-d212-49c4-afc2-07091ff1c4e0	chr5	6580319	6581620	0	0	0
6ccc6e7e-d212-49c4-afc2-07091ff1c4e0	chr5	6582909	16784290	1	1	0
6ccc6e7e-d212-49c4-afc2-07091ff1c4e0	chr5	16785291	16966322	2	1	1
6ccc6e7e-d212-49c4-afc2-07091ff1c4e0	chr5	16967413	17040010	3	2	1
6ccc6e7e-d212-49c4-afc2-07091ff1c4e0	chr5	17041283	57624875	2	1	1
6ccc6e7e-d212-49c4-afc2-07091ff1c4e0	chr5	57625994	59716054	1	1	0
6ccc6e7e-d212-49c4-afc2-07091ff1c4e0	chr5	59717102	69138544	2	1	1
6ccc6e7e-d212-49c4-afc2-07091ff1c4e0	chr5	69140258	69533593	3	2	1
6ccc6e7e-d212-49c4-afc2-07091ff1c4e0	chr5	69536041	69627319	2	1	1
6ccc6e7e-d212-49c4-afc2-07091ff1c4e0	chr5	69631849	69633356	1	1	0
6ccc6e7e-d212-49c4-afc2-07091ff1c4e0	chr5	69695320	70038294	3	3	0
6ccc6e7e-d212-49c4-afc2-07091ff1c4e0	chr5	70041344	70104828	7	7	0
6ccc6e7e-d212-49c4-afc2-07091ff1c4e0	chr5	70113089	70487454	2	2	0
6ccc6e7e-d212-49c4-afc2-07091ff1c4e0	chr5	70488546	70510420	5	5	0
6ccc6e7e-d212-49c4-afc2-07091ff1c4e0	chr5	70515199	70524682	0	0	0
6ccc6e7e-d212-49c4-afc2-07091ff1c4e0	chr5	70546797	70629284	2	2	0
6ccc6e7e-d212-49c4-afc2-07091ff1c4e0	chr5	70636370	70785315	5	5	0
6ccc6e7e-d212-49c4-afc2-07091ff1c4e0	chr5	70790400	70871599	2	2	0
6ccc6e7e-d212-49c4-afc2-07091ff1c4e0	chr5	70885227	71231429	3	3	0
6ccc6e7e-d212-49c4-afc2-07091ff1c4e0	chr5	71272483	71341183	2	2	0
6ccc6e7e-d212-49c4-afc2-07091ff1c4e0	chr5	71360588	133154932	2	1	1
6ccc6e7e-d212-49c4-afc2-07091ff1c4e0	chr5	133156661	133741163	1	1	0
6ccc6e7e-d212-49c4-afc2-07091ff1c4e0	chr5	133742947	134648956	2	1	1
6ccc6e7e-d212-49c4-afc2-07091ff1c4e0	chr5	134653027	134715714	4	2	2
6ccc6e7e-d212-49c4-afc2-07091ff1c4e0	chr5	134720832	134799386	2	1	1
6ccc6e7e-d212-49c4-afc2-07091ff1c4e0	chr5	134800643	134883989	3	2	1
6ccc6e7e-d212-49c4-afc2-07091ff1c4e0	chr5	134886474	138930857	2	1	1
6ccc6e7e-d212-49c4-afc2-07091ff1c4e0	chr5	138932127	138938621	1	1	0
6ccc6e7e-d212-49c4-afc2-07091ff1c4e0	chr5	138940139	154644996	2	1	1
6ccc6e7e-d212-49c4-afc2-07091ff1c4e0	chr5	154646133	154737502	3	2	1
6ccc6e7e-d212-49c4-afc2-07091ff1c4e0	chr5	154739662	170200419	2	1	1
6ccc6e7e-d212-49c4-afc2-07091ff1c4e0	chr5	170202167	170268911	1	1	0
6ccc6e7e-d212-49c4-afc2-07091ff1c4e0	chr5	170270118	172161185	2	1	1
6ccc6e7e-d212-49c4-afc2-07091ff1c4e0	chr5	172162243	172168608	3	2	1
6ccc6e7e-d212-49c4-afc2-07091ff1c4e0	chr5	172169900	172173551	1	1	0
6ccc6e7e-d212-49c4-afc2-07091ff1c4e0	chr5	172174602	176416134	2	1	1
6ccc6e7e-d212-49c4-afc2-07091ff1c4e0	chr5	176419320	176448671	3	3	0
6ccc6e7e-d212-49c4-afc2-07091ff1c4e0	chr5	176451006	176481610	3	2	1
6ccc6e7e-d212-49c4-afc2-07091ff1c4e0	chr5	176482640	176568834	2	1	1
6ccc6e7e-d212-49c4-afc2-07091ff1c4e0	chr5	176569986	176569986	1	1	0
6ccc6e7e-d212-49c4-afc2-07091ff1c4e0	chr5	176571207	177273884	2	1	1
6ccc6e7e-d212-49c4-afc2-07091ff1c4e0	chr5	177275745	177303677	2	2	0
6ccc6e7e-d212-49c4-afc2-07091ff1c4e0	chr5	177305536	177307854	4	4	0
6ccc6e7e-d212-49c4-afc2-07091ff1c4e0	chr5	177310058	177338394	2	2	0
6ccc6e7e-d212-49c4-afc2-07091ff1c4e0	chr5	177339542	177371039	3	3	0
6ccc6e7e-d212-49c4-afc2-07091ff1c4e0	chr5	177372991	181363900	2	1	1
6ccc6e7e-d212-49c4-afc2-07091ff1c4e0	chr6	100116	361073	2	1	1
6ccc6e7e-d212-49c4-afc2-07091ff1c4e0	chr6	362179	15067821	3	2	1
6ccc6e7e-d212-49c4-afc2-07091ff1c4e0	chr6	15069385	15230167	5	3	2
6ccc6e7e-d212-49c4-afc2-07091ff1c4e0	chr6	15231261	17424126	3	2	1
6ccc6e7e-d212-49c4-afc2-07091ff1c4e0	chr6	17425587	18302928	5	3	2
6ccc6e7e-d212-49c4-afc2-07091ff1c4e0	chr6	18304071	21340909	3	2	1
6ccc6e7e-d212-49c4-afc2-07091ff1c4e0	chr6	21342187	21861329	5	3	2
6ccc6e7e-d212-49c4-afc2-07091ff1c4e0	chr6	21863668	24699424	3	2	1
6ccc6e7e-d212-49c4-afc2-07091ff1c4e0	chr6	24700453	30685095	1	1	0
6ccc6e7e-d212-49c4-afc2-07091ff1c4e0	chr6	30689070	33926515	2	2	0
6ccc6e7e-d212-49c4-afc2-07091ff1c4e0	chr6	33928343	33962959	1	1	0
6ccc6e7e-d212-49c4-afc2-07091ff1c4e0	chr6	33964220	33982144	2	2	0
6ccc6e7e-d212-49c4-afc2-07091ff1c4e0	chr6	33983456	34269844	1	1	0
6ccc6e7e-d212-49c4-afc2-07091ff1c4e0	chr6	34271169	34272212	4	4	0
6ccc6e7e-d212-49c4-afc2-07091ff1c4e0	chr6	34274000	35892684	2	2	0
6ccc6e7e-d212-49c4-afc2-07091ff1c4e0	chr6	35893845	40237695	1	1	0
6ccc6e7e-d212-49c4-afc2-07091ff1c4e0	chr6	40238884	40250191	2	2	0
6ccc6e7e-d212-49c4-afc2-07091ff1c4e0	chr6	40252998	42507400	1	1	0
6ccc6e7e-d212-49c4-afc2-07091ff1c4e0	chr6	42508676	42727569	2	2	0
6ccc6e7e-d212-49c4-afc2-07091ff1c4e0	chr6	42730047	42763747	3	3	0
6ccc6e7e-d212-49c4-afc2-07091ff1c4e0	chr6	42764894	42764894	6	6	0
6ccc6e7e-d212-49c4-afc2-07091ff1c4e0	chr6	42766779	42848961	3	3	0
6ccc6e7e-d212-49c4-afc2-07091ff1c4e0	chr6	42850233	43242001	2	2	0
6ccc6e7e-d212-49c4-afc2-07091ff1c4e0	chr6	43244524	55642155	1	1	0
6ccc6e7e-d212-49c4-afc2-07091ff1c4e0	chr6	55644103	58069941	3	2	1
6ccc6e7e-d212-49c4-afc2-07091ff1c4e0	chr6	58070951	73143647	2	2	0
6ccc6e7e-d212-49c4-afc2-07091ff1c4e0	chr6	73144770	73672834	3	3	0
6ccc6e7e-d212-49c4-afc2-07091ff1c4e0	chr6	73673975	88929619	2	2	0
6ccc6e7e-d212-49c4-afc2-07091ff1c4e0	chr6	88930965	89045334	3	3	0
6ccc6e7e-d212-49c4-afc2-07091ff1c4e0	chr6	89047008	106783402	2	2	0
6ccc6e7e-d212-49c4-afc2-07091ff1c4e0	chr6	106785199	108248325	3	3	0
6ccc6e7e-d212-49c4-afc2-07091ff1c4e0	chr6	108249495	108314523	4	4	0
6ccc6e7e-d212-49c4-afc2-07091ff1c4e0	chr6	108315786	149564986	2	2	0
6ccc6e7e-d212-49c4-afc2-07091ff1c4e0	chr6	149566308	149749393	4	4	0
6ccc6e7e-d212-49c4-afc2-07091ff1c4e0	chr6	149750892	149810956	3	3	0
6ccc6e7e-d212-49c4-afc2-07091ff1c4e0	chr6	149812052	155047078	2	2	0
6ccc6e7e-d212-49c4-afc2-07091ff1c4e0	chr6	155048127	155104056	3	3	0
6ccc6e7e-d212-49c4-afc2-07091ff1c4e0	chr6	155105295	166513467	2	2	0
6ccc6e7e-d212-49c4-afc2-07091ff1c4e0	chr6	166514523	166584397	1	1	0
6ccc6e7e-d212-49c4-afc2-07091ff1c4e0	chr6	166586998	166721981	2	2	0
6ccc6e7e-d212-49c4-afc2-07091ff1c4e0	chr6	166723293	166771393	1	1	0
6ccc6e7e-d212-49c4-afc2-07091ff1c4e0	chr6	166772536	168294944	2	2	0
6ccc6e7e-d212-49c4-afc2-07091ff1c4e0	chr6	168296611	168307821	1	1	0
6ccc6e7e-d212-49c4-afc2-07091ff1c4e0	chr6	168309308	168378404	2	2	0
6ccc6e7e-d212-49c4-afc2-07091ff1c4e0	chr6	168379627	168401001	1	1	0
6ccc6e7e-d212-49c4-afc2-07091ff1c4e0	chr6	168402096	170740469	2	2	0
6ccc6e7e-d212-49c4-afc2-07091ff1c4e0	chr7	20608	118084	0	0	0
6ccc6e7e-d212-49c4-afc2-07091ff1c4e0	chr7	119262	3481941	1	1	0
6ccc6e7e-d212-49c4-afc2-07091ff1c4e0	chr7	3483639	3838627	0	0	0
6ccc6e7e-d212-49c4-afc2-07091ff1c4e0	chr7	3840029	4642073	1	1	0
6ccc6e7e-d212-49c4-afc2-07091ff1c4e0	chr7	4643102	4688349	2	2	0
6ccc6e7e-d212-49c4-afc2-07091ff1c4e0	chr7	4691352	5258766	1	1	0
6ccc6e7e-d212-49c4-afc2-07091ff1c4e0	chr7	5259776	5588819	2	2	0
6ccc6e7e-d212-49c4-afc2-07091ff1c4e0	chr7	5591384	20653919	1	1	0
6ccc6e7e-d212-49c4-afc2-07091ff1c4e0	chr7	20655022	20725151	4	4	0
6ccc6e7e-d212-49c4-afc2-07091ff1c4e0	chr7	20726412	21414302	4	2	2
6ccc6e7e-d212-49c4-afc2-07091ff1c4e0	chr7	21415480	22067300	2	1	1
6ccc6e7e-d212-49c4-afc2-07091ff1c4e0	chr7	22068441	24419601	3	2	1
6ccc6e7e-d212-49c4-afc2-07091ff1c4e0	chr7	24420671	25813137	1	1	0
6ccc6e7e-d212-49c4-afc2-07091ff1c4e0	chr7	25814265	25851399	0	0	0
6ccc6e7e-d212-49c4-afc2-07091ff1c4e0	chr7	25852657	26660611	1	1	0
6ccc6e7e-d212-49c4-afc2-07091ff1c4e0	chr7	26661875	27225809	2	1	1
6ccc6e7e-d212-49c4-afc2-07091ff1c4e0	chr7	27227722	27296385	4	2	2
6ccc6e7e-d212-49c4-afc2-07091ff1c4e0	chr7	27297385	27298725	5	3	2
6ccc6e7e-d212-49c4-afc2-07091ff1c4e0	chr7	27299952	27357457	3	2	1
6ccc6e7e-d212-49c4-afc2-07091ff1c4e0	chr7	27358945	27947536	2	1	1
6ccc6e7e-d212-49c4-afc2-07091ff1c4e0	chr7	27949070	28210022	1	1	0
6ccc6e7e-d212-49c4-afc2-07091ff1c4e0	chr7	28212474	28275335	2	1	1
6ccc6e7e-d212-49c4-afc2-07091ff1c4e0	chr7	28276412	28285805	1	1	0
6ccc6e7e-d212-49c4-afc2-07091ff1c4e0	chr7	28287524	28300504	2	1	1
6ccc6e7e-d212-49c4-afc2-07091ff1c4e0	chr7	28301778	29343297	1	1	0
6ccc6e7e-d212-49c4-afc2-07091ff1c4e0	chr7	29344541	39927782	2	1	1
6ccc6e7e-d212-49c4-afc2-07091ff1c4e0	chr7	39929600	40284445	3	2	1
6ccc6e7e-d212-49c4-afc2-07091ff1c4e0	chr7	40286332	44668255	2	1	1
6ccc6e7e-d212-49c4-afc2-07091ff1c4e0	chr7	44669773	44731674	3	2	1
6ccc6e7e-d212-49c4-afc2-07091ff1c4e0	chr7	44733711	55087035	2	1	1
6ccc6e7e-d212-49c4-afc2-07091ff1c4e0	chr7	55088156	55161322	1	1	0
6ccc6e7e-d212-49c4-afc2-07091ff1c4e0	chr7	55162412	55874380	2	1	1
6ccc6e7e-d212-49c4-afc2-07091ff1c4e0	chr7	55876492	55952001	3	2	1
6ccc6e7e-d212-49c4-afc2-07091ff1c4e0	chr7	55953944	55964880	3	3	0
6ccc6e7e-d212-49c4-afc2-07091ff1c4e0	chr7	55966866	56125679	3	2	1
6ccc6e7e-d212-49c4-afc2-07091ff1c4e0	chr7	56127212	56831151	2	1	1
6ccc6e7e-d212-49c4-afc2-07091ff1c4e0	chr7	56832171	56844470	3	2	1
6ccc6e7e-d212-49c4-afc2-07091ff1c4e0	chr7	56845980	56940164	2	2	0
6ccc6e7e-d212-49c4-afc2-07091ff1c4e0	chr7	56942603	56952582	13	7	6
6ccc6e7e-d212-49c4-afc2-07091ff1c4e0	chr7	56954002	64716476	2	1	1
6ccc6e7e-d212-49c4-afc2-07091ff1c4e0	chr7	64717480	64797878	3	2	1
6ccc6e7e-d212-49c4-afc2-07091ff1c4e0	chr7	64799736	64954795	2	1	1
6ccc6e7e-d212-49c4-afc2-07091ff1c4e0	chr7	64955906	68009770	3	2	1
6ccc6e7e-d212-49c4-afc2-07091ff1c4e0	chr7	68011492	71762291	2	1	1
6ccc6e7e-d212-49c4-afc2-07091ff1c4e0	chr7	71763847	71839676	3	2	1
6ccc6e7e-d212-49c4-afc2-07091ff1c4e0	chr7	71841656	71846541	2	2	0
6ccc6e7e-d212-49c4-afc2-07091ff1c4e0	chr7	71847559	72055654	2	1	1
6ccc6e7e-d212-49c4-afc2-07091ff1c4e0	chr7	72056814	72872086	3	2	1
6ccc6e7e-d212-49c4-afc2-07091ff1c4e0	chr7	72876333	73172721	2	1	1
6ccc6e7e-d212-49c4-afc2-07091ff1c4e0	chr7	73190311	73524388	3	2	1
6ccc6e7e-d212-49c4-afc2-07091ff1c4e0	chr7	73525609	73557201	3	3	0
6ccc6e7e-d212-49c4-afc2-07091ff1c4e0	chr7	73559524	73614429	4	2	2
6ccc6e7e-d212-49c4-afc2-07091ff1c4e0	chr7	73615549	73912854	3	2	1
6ccc6e7e-d212-49c4-afc2-07091ff1c4e0	chr7	73914463	74067559	2	1	1
6ccc6e7e-d212-49c4-afc2-07091ff1c4e0	chr7	74069359	74164382	4	2	2
6ccc6e7e-d212-49c4-afc2-07091ff1c4e0	chr7	74165464	74281181	3	2	1
6ccc6e7e-d212-49c4-afc2-07091ff1c4e0	chr7	74282342	74352641	4	2	2
6ccc6e7e-d212-49c4-afc2-07091ff1c4e0	chr7	74353735	74376927	5	3	2
6ccc6e7e-d212-49c4-afc2-07091ff1c4e0	chr7	74378106	74425972	4	2	2
6ccc6e7e-d212-49c4-afc2-07091ff1c4e0	chr7	74427445	74445243	5	3	2
6ccc6e7e-d212-49c4-afc2-07091ff1c4e0	chr7	74446741	74498588	2	1	1
6ccc6e7e-d212-49c4-afc2-07091ff1c4e0	chr7	74500058	74902181	4	2	2
6ccc6e7e-d212-49c4-afc2-07091ff1c4e0	chr7	74906144	74914425	3	3	0
6ccc6e7e-d212-49c4-afc2-07091ff1c4e0	chr7	74915536	74918307	2	2	0
6ccc6e7e-d212-49c4-afc2-07091ff1c4e0	chr7	74922606	74930208	3	3	0
6ccc6e7e-d212-49c4-afc2-07091ff1c4e0	chr7	74932186	74939378	4	4	0
6ccc6e7e-d212-49c4-afc2-07091ff1c4e0	chr7	74940464	74943143	2	2	0
6ccc6e7e-d212-49c4-afc2-07091ff1c4e0	chr7	74944369	74975584	4	4	0
6ccc6e7e-d212-49c4-afc2-07091ff1c4e0	chr7	74976964	75019696	6	6	0
6ccc6e7e-d212-49c4-afc2-07091ff1c4e0	chr7	75041295	75146432	4	4	0
6ccc6e7e-d212-49c4-afc2-07091ff1c4e0	chr7	75151243	75383780	19	19	0
6ccc6e7e-d212-49c4-afc2-07091ff1c4e0	chr7	75391679	75399185	8	4	4
6ccc6e7e-d212-49c4-afc2-07091ff1c4e0	chr7	75406406	75415153	20	10	10
6ccc6e7e-d212-49c4-afc2-07091ff1c4e0	chr7	75416415	75462874	3	3	0
6ccc6e7e-d212-49c4-afc2-07091ff1c4e0	chr7	75465064	75473377	4	4	0
6ccc6e7e-d212-49c4-afc2-07091ff1c4e0	chr7	75475408	75490898	2	2	0
6ccc6e7e-d212-49c4-afc2-07091ff1c4e0	chr7	75492005	75502098	3	3	0
6ccc6e7e-d212-49c4-afc2-07091ff1c4e0	chr7	75503147	75504471	1	1	0
6ccc6e7e-d212-49c4-afc2-07091ff1c4e0	chr7	75505572	75507726	2	2	0
6ccc6e7e-d212-49c4-afc2-07091ff1c4e0	chr7	75509517	75583496	3	2	1
6ccc6e7e-d212-49c4-afc2-07091ff1c4e0	chr7	75584836	75592752	6	3	3
6ccc6e7e-d212-49c4-afc2-07091ff1c4e0	chr7	75594009	75706901	4	2	2
6ccc6e7e-d212-49c4-afc2-07091ff1c4e0	chr7	75708057	76038583	3	2	1
6ccc6e7e-d212-49c4-afc2-07091ff1c4e0	chr7	76039632	76152576	2	1	1
6ccc6e7e-d212-49c4-afc2-07091ff1c4e0	chr7	76154242	76363127	3	2	1
6ccc6e7e-d212-49c4-afc2-07091ff1c4e0	chr7	76365400	76412726	5	3	2
6ccc6e7e-d212-49c4-afc2-07091ff1c4e0	chr7	76413849	98576985	2	1	1
6ccc6e7e-d212-49c4-afc2-07091ff1c4e0	chr7	98578306	98606422	3	2	1
6ccc6e7e-d212-49c4-afc2-07091ff1c4e0	chr7	98610142	99132744	2	1	1
6ccc6e7e-d212-49c4-afc2-07091ff1c4e0	chr7	99134389	99222576	3	2	1
6ccc6e7e-d212-49c4-afc2-07091ff1c4e0	chr7	99223727	100214385	2	1	1
6ccc6e7e-d212-49c4-afc2-07091ff1c4e0	chr7	100215662	100244497	3	2	1
6ccc6e7e-d212-49c4-afc2-07091ff1c4e0	chr7	100245601	100261927	4	2	2
6ccc6e7e-d212-49c4-afc2-07091ff1c4e0	chr7	100264444	100272055	5	3	2
6ccc6e7e-d212-49c4-afc2-07091ff1c4e0	chr7	100273656	100319793	3	3	0
6ccc6e7e-d212-49c4-afc2-07091ff1c4e0	chr7	100322965	100336385	5	3	2
6ccc6e7e-d212-49c4-afc2-07091ff1c4e0	chr7	100337474	100338804	2	2	0
6ccc6e7e-d212-49c4-afc2-07091ff1c4e0	chr7	100339858	100574461	2	1	1
6ccc6e7e-d212-49c4-afc2-07091ff1c4e0	chr7	100575858	100583273	4	4	0
6ccc6e7e-d212-49c4-afc2-07091ff1c4e0	chr7	100587942	100627408	3	3	0
6ccc6e7e-d212-49c4-afc2-07091ff1c4e0	chr7	100628506	100633241	4	4	0
6ccc6e7e-d212-49c4-afc2-07091ff1c4e0	chr7	100635421	100642568	3	2	1
6ccc6e7e-d212-49c4-afc2-07091ff1c4e0	chr7	100644788	100684145	4	4	0
6ccc6e7e-d212-49c4-afc2-07091ff1c4e0	chr7	100685638	100710789	2	1	1
6ccc6e7e-d212-49c4-afc2-07091ff1c4e0	chr7	100711921	100994324	3	2	1
6ccc6e7e-d212-49c4-afc2-07091ff1c4e0	chr7	100995424	101004057	2	2	0
6ccc6e7e-d212-49c4-afc2-07091ff1c4e0	chr7	101005594	101055085	2	1	1
6ccc6e7e-d212-49c4-afc2-07091ff1c4e0	chr7	101057033	101487499	3	2	1
6ccc6e7e-d212-49c4-afc2-07091ff1c4e0	chr7	101488520	102458387	2	1	1
6ccc6e7e-d212-49c4-afc2-07091ff1c4e0	chr7	102460169	102469162	5	3	2
6ccc6e7e-d212-49c4-afc2-07091ff1c4e0	chr7	102470202	102477342	2	2	0
6ccc6e7e-d212-49c4-afc2-07091ff1c4e0	chr7	102478605	102484343	1	1	0
6ccc6e7e-d212-49c4-afc2-07091ff1c4e0	chr7	102489612	102492747	7	7	0
6ccc6e7e-d212-49c4-afc2-07091ff1c4e0	chr7	102498324	102506701	8	8	0
6ccc6e7e-d212-49c4-afc2-07091ff1c4e0	chr7	102513129	102526321	6	6	0
6ccc6e7e-d212-49c4-afc2-07091ff1c4e0	chr7	102527632	102566272	5	5	0
6ccc6e7e-d212-49c4-afc2-07091ff1c4e0	chr7	102572648	102576728	1	1	0
6ccc6e7e-d212-49c4-afc2-07091ff1c4e0	chr7	102578214	102605947	4	4	0
6ccc6e7e-d212-49c4-afc2-07091ff1c4e0	chr7	102618353	102631420	16	8	8
6ccc6e7e-d212-49c4-afc2-07091ff1c4e0	chr7	102634349	102634349	4	4	0
6ccc6e7e-d212-49c4-afc2-07091ff1c4e0	chr7	102637942	105360364	2	1	1
6ccc6e7e-d212-49c4-afc2-07091ff1c4e0	chr7	105361555	105401502	4	2	2
6ccc6e7e-d212-49c4-afc2-07091ff1c4e0	chr7	105402782	105578786	3	2	1
6ccc6e7e-d212-49c4-afc2-07091ff1c4e0	chr7	105580536	130140910	2	1	1
6ccc6e7e-d212-49c4-afc2-07091ff1c4e0	chr7	130142053	130156105	1	1	0
6ccc6e7e-d212-49c4-afc2-07091ff1c4e0	chr7	130158345	132153536	2	1	1
6ccc6e7e-d212-49c4-afc2-07091ff1c4e0	chr7	132155092	132211692	1	1	0
6ccc6e7e-d212-49c4-afc2-07091ff1c4e0	chr7	132212863	132212863	0	0	0
6ccc6e7e-d212-49c4-afc2-07091ff1c4e0	chr7	132214005	132496042	1	1	0
6ccc6e7e-d212-49c4-afc2-07091ff1c4e0	chr7	132497915	132499445	2	2	0
6ccc6e7e-d212-49c4-afc2-07091ff1c4e0	chr7	132500536	132576649	1	1	0
6ccc6e7e-d212-49c4-afc2-07091ff1c4e0	chr7	132577943	132595466	2	2	0
6ccc6e7e-d212-49c4-afc2-07091ff1c4e0	chr7	132598341	132629201	1	1	0
6ccc6e7e-d212-49c4-afc2-07091ff1c4e0	chr7	132631558	136495939	2	1	1
6ccc6e7e-d212-49c4-afc2-07091ff1c4e0	chr7	136497569	136715967	3	2	1
6ccc6e7e-d212-49c4-afc2-07091ff1c4e0	chr7	136719494	137336994	2	1	1
6ccc6e7e-d212-49c4-afc2-07091ff1c4e0	chr7	137338763	137531768	1	1	0
6ccc6e7e-d212-49c4-afc2-07091ff1c4e0	chr7	137532914	140419105	2	1	1
6ccc6e7e-d212-49c4-afc2-07091ff1c4e0	chr7	140420336	140616436	3	2	1
6ccc6e7e-d212-49c4-afc2-07091ff1c4e0	chr7	140618900	140693376	2	1	1
6ccc6e7e-d212-49c4-afc2-07091ff1c4e0	chr7	140694787	140732152	4	2	2
6ccc6e7e-d212-49c4-afc2-07091ff1c4e0	chr7	140733969	141399809	2	1	1
6ccc6e7e-d212-49c4-afc2-07091ff1c4e0	chr7	141401684	141517062	1	1	0
6ccc6e7e-d212-49c4-afc2-07091ff1c4e0	chr7	141518420	142379562	2	1	1
6ccc6e7e-d212-49c4-afc2-07091ff1c4e0	chr7	142380691	142649362	1	1	0
6ccc6e7e-d212-49c4-afc2-07091ff1c4e0	chr7	142650424	142654016	2	2	0
6ccc6e7e-d212-49c4-afc2-07091ff1c4e0	chr7	142655084	142734441	1	1	0
6ccc6e7e-d212-49c4-afc2-07091ff1c4e0	chr7	142737182	149032798	2	1	1
6ccc6e7e-d212-49c4-afc2-07091ff1c4e0	chr7	149033819	149147792	3	2	1
6ccc6e7e-d212-49c4-afc2-07091ff1c4e0	chr7	149149683	149160084	6	6	0
6ccc6e7e-d212-49c4-afc2-07091ff1c4e0	chr7	149161106	149196380	3	3	0
6ccc6e7e-d212-49c4-afc2-07091ff1c4e0	chr7	149197995	149210109	2	2	0
6ccc6e7e-d212-49c4-afc2-07091ff1c4e0	chr7	149211204	149922064	2	1	1
6ccc6e7e-d212-49c4-afc2-07091ff1c4e0	chr7	149923465	149945360	1	1	0
6ccc6e7e-d212-49c4-afc2-07091ff1c4e0	chr7	149946500	149947579	0	0	0
6ccc6e7e-d212-49c4-afc2-07091ff1c4e0	chr7	149948689	149987578	1	1	0
6ccc6e7e-d212-49c4-afc2-07091ff1c4e0	chr7	149988586	150009836	2	1	1
6ccc6e7e-d212-49c4-afc2-07091ff1c4e0	chr7	150011686	150103523	1	1	0
6ccc6e7e-d212-49c4-afc2-07091ff1c4e0	chr7	150104664	154101006	2	1	1
6ccc6e7e-d212-49c4-afc2-07091ff1c4e0	chr7	154102208	154162040	1	1	0
6ccc6e7e-d212-49c4-afc2-07091ff1c4e0	chr7	154163237	154218810	2	1	1
6ccc6e7e-d212-49c4-afc2-07091ff1c4e0	chr7	154219847	154296302	1	1	0
6ccc6e7e-d212-49c4-afc2-07091ff1c4e0	chr7	154297442	154305122	2	1	1
6ccc6e7e-d212-49c4-afc2-07091ff1c4e0	chr7	154307057	155003217	1	1	0
6ccc6e7e-d212-49c4-afc2-07091ff1c4e0	chr7	155004387	155118065	2	1	1
6ccc6e7e-d212-49c4-afc2-07091ff1c4e0	chr7	155119141	156004787	1	1	0
6ccc6e7e-d212-49c4-afc2-07091ff1c4e0	chr7	156005953	156005953	2	2	0
6ccc6e7e-d212-49c4-afc2-07091ff1c4e0	chr7	156007126	156054329	1	1	0
6ccc6e7e-d212-49c4-afc2-07091ff1c4e0	chr7	156055860	156057171	2	1	1
6ccc6e7e-d212-49c4-afc2-07091ff1c4e0	chr7	156058930	156122320	1	1	0
6ccc6e7e-d212-49c4-afc2-07091ff1c4e0	chr7	156123593	156141499	2	1	1
6ccc6e7e-d212-49c4-afc2-07091ff1c4e0	chr7	156142795	156475352	1	1	0
6ccc6e7e-d212-49c4-afc2-07091ff1c4e0	chr7	156476504	156565310	2	1	1
6ccc6e7e-d212-49c4-afc2-07091ff1c4e0	chr7	156566885	156597630	2	2	0
6ccc6e7e-d212-49c4-afc2-07091ff1c4e0	chr7	156598682	157500892	2	1	1
6ccc6e7e-d212-49c4-afc2-07091ff1c4e0	chr7	157502244	157853676	1	1	0
6ccc6e7e-d212-49c4-afc2-07091ff1c4e0	chr7	157854881	157857274	2	1	1
6ccc6e7e-d212-49c4-afc2-07091ff1c4e0	chr7	157858792	158134845	1	1	0
6ccc6e7e-d212-49c4-afc2-07091ff1c4e0	chr7	158135880	158158547	2	1	1
6ccc6e7e-d212-49c4-afc2-07091ff1c4e0	chr7	158159728	158176034	1	1	0
6ccc6e7e-d212-49c4-afc2-07091ff1c4e0	chr7	158177209	158177209	0	0	0
6ccc6e7e-d212-49c4-afc2-07091ff1c4e0	chr7	158178685	158453369	1	1	0
6ccc6e7e-d212-49c4-afc2-07091ff1c4e0	chr7	158454612	158455758	0	0	0
6ccc6e7e-d212-49c4-afc2-07091ff1c4e0	chr7	158456856	158488528	2	1	1
6ccc6e7e-d212-49c4-afc2-07091ff1c4e0	chr7	158490261	158839322	1	1	0
6ccc6e7e-d212-49c4-afc2-07091ff1c4e0	chr7	158842307	158858250	2	1	1
6ccc6e7e-d212-49c4-afc2-07091ff1c4e0	chr7	158860065	159056413	1	1	0
6ccc6e7e-d212-49c4-afc2-07091ff1c4e0	chr7	159058543	159062032	2	1	1
6ccc6e7e-d212-49c4-afc2-07091ff1c4e0	chr7	159063136	159084085	1	1	0
6ccc6e7e-d212-49c4-afc2-07091ff1c4e0	chr7	159085274	159138376	2	1	1
6ccc6e7e-d212-49c4-afc2-07091ff1c4e0	chr7	159139768	159257090	1	1	0
6ccc6e7e-d212-49c4-afc2-07091ff1c4e0	chr7	159258252	159277029	2	2	0
6ccc6e7e-d212-49c4-afc2-07091ff1c4e0	chr7	159278033	159334386	1	1	0
6ccc6e7e-d212-49c4-afc2-07091ff1c4e0	chr8	61774	32593768	1	1	0
6ccc6e7e-d212-49c4-afc2-07091ff1c4e0	chr8	32595840	35573492	2	2	0
6ccc6e7e-d212-49c4-afc2-07091ff1c4e0	chr8	35574739	38294926	1	1	0
6ccc6e7e-d212-49c4-afc2-07091ff1c4e0	chr8	38296053	38391943	2	2	0
6ccc6e7e-d212-49c4-afc2-07091ff1c4e0	chr8	38394552	42935506	1	1	0
6ccc6e7e-d212-49c4-afc2-07091ff1c4e0	chr8	42936522	43072721	2	2	0
6ccc6e7e-d212-49c4-afc2-07091ff1c4e0	chr8	43075740	57012251	1	1	0
6ccc6e7e-d212-49c4-afc2-07091ff1c4e0	chr8	57013837	57209240	2	2	0
6ccc6e7e-d212-49c4-afc2-07091ff1c4e0	chr8	57210416	57219888	5	5	0
6ccc6e7e-d212-49c4-afc2-07091ff1c4e0	chr8	57220973	57231679	2	2	0
6ccc6e7e-d212-49c4-afc2-07091ff1c4e0	chr8	57234433	66537211	2	1	1
6ccc6e7e-d212-49c4-afc2-07091ff1c4e0	chr8	66538949	66681560	3	2	1
6ccc6e7e-d212-49c4-afc2-07091ff1c4e0	chr8	66686666	66712373	5	5	0
6ccc6e7e-d212-49c4-afc2-07091ff1c4e0	chr8	66714742	66777323	3	2	1
6ccc6e7e-d212-49c4-afc2-07091ff1c4e0	chr8	66778387	67080699	2	1	1
6ccc6e7e-d212-49c4-afc2-07091ff1c4e0	chr8	67086790	67200838	3	2	1
6ccc6e7e-d212-49c4-afc2-07091ff1c4e0	chr8	67202476	69882312	2	1	1
6ccc6e7e-d212-49c4-afc2-07091ff1c4e0	chr8	69884437	69963366	3	2	1
6ccc6e7e-d212-49c4-afc2-07091ff1c4e0	chr8	69964747	94635219	2	1	1
6ccc6e7e-d212-49c4-afc2-07091ff1c4e0	chr8	94636280	94809043	3	2	1
6ccc6e7e-d212-49c4-afc2-07091ff1c4e0	chr8	94811411	97464707	2	1	1
6ccc6e7e-d212-49c4-afc2-07091ff1c4e0	chr8	97466043	97574050	3	2	1
6ccc6e7e-d212-49c4-afc2-07091ff1c4e0	chr8	97575280	117913299	2	1	1
6ccc6e7e-d212-49c4-afc2-07091ff1c4e0	chr8	117914761	117972190	1	1	0
6ccc6e7e-d212-49c4-afc2-07091ff1c4e0	chr8	117973226	141495823	2	1	1
6ccc6e7e-d212-49c4-afc2-07091ff1c4e0	chr8	141497430	141536890	1	1	0
6ccc6e7e-d212-49c4-afc2-07091ff1c4e0	chr8	141538188	141562040	2	2	0
6ccc6e7e-d212-49c4-afc2-07091ff1c4e0	chr8	141563089	141567360	1	1	0
6ccc6e7e-d212-49c4-afc2-07091ff1c4e0	chr8	141568394	141569454	3	2	1
6ccc6e7e-d212-49c4-afc2-07091ff1c4e0	chr8	141570548	141593205	2	1	1
6ccc6e7e-d212-49c4-afc2-07091ff1c4e0	chr8	141594348	141852092	1	1	0
6ccc6e7e-d212-49c4-afc2-07091ff1c4e0	chr8	141853281	141864864	2	1	1
6ccc6e7e-d212-49c4-afc2-07091ff1c4e0	chr8	141866032	142118970	1	1	0
6ccc6e7e-d212-49c4-afc2-07091ff1c4e0	chr8	142120812	142153456	2	1	1
6ccc6e7e-d212-49c4-afc2-07091ff1c4e0	chr8	142154501	142170023	2	2	0
6ccc6e7e-d212-49c4-afc2-07091ff1c4e0	chr8	142171085	142220508	1	1	0
6ccc6e7e-d212-49c4-afc2-07091ff1c4e0	chr8	142221528	142325214	2	1	1
6ccc6e7e-d212-49c4-afc2-07091ff1c4e0	chr8	142326230	142413552	1	1	0
6ccc6e7e-d212-49c4-afc2-07091ff1c4e0	chr8	142414566	142416945	2	2	0
6ccc6e7e-d212-49c4-afc2-07091ff1c4e0	chr8	142417960	142444017	2	1	1
6ccc6e7e-d212-49c4-afc2-07091ff1c4e0	chr8	142445548	142473955	2	2	0
6ccc6e7e-d212-49c4-afc2-07091ff1c4e0	chr8	142475429	142477805	1	1	0
6ccc6e7e-d212-49c4-afc2-07091ff1c4e0	chr8	142479143	142491589	2	2	0
6ccc6e7e-d212-49c4-afc2-07091ff1c4e0	chr8	142493282	142511811	1	1	0
6ccc6e7e-d212-49c4-afc2-07091ff1c4e0	chr8	142513030	142513030	3	3	0
6ccc6e7e-d212-49c4-afc2-07091ff1c4e0	chr8	142514351	145078402	2	1	1
6ccc6e7e-d212-49c4-afc2-07091ff1c4e0	chr9	10469	6405525	1	1	0
6ccc6e7e-d212-49c4-afc2-07091ff1c4e0	chr9	6406588	6627017	2	1	1
6ccc6e7e-d212-49c4-afc2-07091ff1c4e0	chr9	6628579	64766611	1	1	0
6ccc6e7e-d212-49c4-afc2-07091ff1c4e0	chr9	64770820	64775974	4	4	0
6ccc6e7e-d212-49c4-afc2-07091ff1c4e0	chr9	64777095	64783385	3	3	0
6ccc6e7e-d212-49c4-afc2-07091ff1c4e0	chr9	64784424	64794824	4	4	0
6ccc6e7e-d212-49c4-afc2-07091ff1c4e0	chr9	64796128	64805465	18	18	0
6ccc6e7e-d212-49c4-afc2-07091ff1c4e0	chr9	64810030	64816825	3	3	0
6ccc6e7e-d212-49c4-afc2-07091ff1c4e0	chr9	64819404	64835382	1	1	0
6ccc6e7e-d212-49c4-afc2-07091ff1c4e0	chr9	64837884	64853082	3	2	1
6ccc6e7e-d212-49c4-afc2-07091ff1c4e0	chr9	64854248	88273059	1	1	0
6ccc6e7e-d212-49c4-afc2-07091ff1c4e0	chr9	88274765	88446677	3	2	1
6ccc6e7e-d212-49c4-afc2-07091ff1c4e0	chr9	88447898	107507755	1	1	0
6ccc6e7e-d212-49c4-afc2-07091ff1c4e0	chr9	107508834	107571882	3	2	1
6ccc6e7e-d212-49c4-afc2-07091ff1c4e0	chr9	107573571	124841474	1	1	0
6ccc6e7e-d212-49c4-afc2-07091ff1c4e0	chr9	124843040	125002026	2	2	0
6ccc6e7e-d212-49c4-afc2-07091ff1c4e0	chr9	125003699	125177192	1	1	0
6ccc6e7e-d212-49c4-afc2-07091ff1c4e0	chr9	125178287	125189303	2	2	0
6ccc6e7e-d212-49c4-afc2-07091ff1c4e0	chr9	125190369	125261770	3	3	0
6ccc6e7e-d212-49c4-afc2-07091ff1c4e0	chr9	125263999	125359313	3	2	1
6ccc6e7e-d212-49c4-afc2-07091ff1c4e0	chr9	125361055	128394938	1	1	0
6ccc6e7e-d212-49c4-afc2-07091ff1c4e0	chr9	128395939	128428762	3	2	1
6ccc6e7e-d212-49c4-afc2-07091ff1c4e0	chr9	128429940	128431240	2	2	0
6ccc6e7e-d212-49c4-afc2-07091ff1c4e0	chr9	128433309	128434416	3	3	0
6ccc6e7e-d212-49c4-afc2-07091ff1c4e0	chr9	128435617	128464178	3	2	1
6ccc6e7e-d212-49c4-afc2-07091ff1c4e0	chr9	128466287	128628193	2	2	0
6ccc6e7e-d212-49c4-afc2-07091ff1c4e0	chr9	128630274	128640817	1	1	0
6ccc6e7e-d212-49c4-afc2-07091ff1c4e0	chr9	128642449	128650648	5	5	0
6ccc6e7e-d212-49c4-afc2-07091ff1c4e0	chr9	128652395	128682484	4	4	0
6ccc6e7e-d212-49c4-afc2-07091ff1c4e0	chr9	128686140	128699681	2	2	0
6ccc6e7e-d212-49c4-afc2-07091ff1c4e0	chr9	128703005	128730861	3	3	0
6ccc6e7e-d212-49c4-afc2-07091ff1c4e0	chr9	128731870	128984280	3	2	1
6ccc6e7e-d212-49c4-afc2-07091ff1c4e0	chr9	128985432	129683794	1	1	0
6ccc6e7e-d212-49c4-afc2-07091ff1c4e0	chr9	129685436	129709503	3	2	1
6ccc6e7e-d212-49c4-afc2-07091ff1c4e0	chr9	129711337	129722364	3	3	0
6ccc6e7e-d212-49c4-afc2-07091ff1c4e0	chr9	129724457	129727031	1	1	0
6ccc6e7e-d212-49c4-afc2-07091ff1c4e0	chr9	129728501	129733292	3	2	1
6ccc6e7e-d212-49c4-afc2-07091ff1c4e0	chr9	129734338	133716297	1	1	0
6ccc6e7e-d212-49c4-afc2-07091ff1c4e0	chr9	133717886	133740172	2	2	0
6ccc6e7e-d212-49c4-afc2-07091ff1c4e0	chr9	133741856	133822143	1	1	0
6ccc6e7e-d212-49c4-afc2-07091ff1c4e0	chr9	133824156	133859241	0	0	0
6ccc6e7e-d212-49c4-afc2-07091ff1c4e0	chr9	133860917	133935389	1	1	0
6ccc6e7e-d212-49c4-afc2-07091ff1c4e0	chr9	133936514	133936514	4	4	0
6ccc6e7e-d212-49c4-afc2-07091ff1c4e0	chr9	133937621	134584747	1	1	0
6ccc6e7e-d212-49c4-afc2-07091ff1c4e0	chr9	134586254	134587285	0	0	0
6ccc6e7e-d212-49c4-afc2-07091ff1c4e0	chr9	134588921	134989400	1	1	0
6ccc6e7e-d212-49c4-afc2-07091ff1c4e0	chr9	134990433	134991488	4	3	1
6ccc6e7e-d212-49c4-afc2-07091ff1c4e0	chr9	134992522	135087737	1	1	0
6ccc6e7e-d212-49c4-afc2-07091ff1c4e0	chr9	135089353	135091519	4	3	1
6ccc6e7e-d212-49c4-afc2-07091ff1c4e0	chr9	135093269	136359387	1	1	0
6ccc6e7e-d212-49c4-afc2-07091ff1c4e0	chr9	136360445	136364010	3	2	1
6ccc6e7e-d212-49c4-afc2-07091ff1c4e0	chr9	136365586	136466631	1	1	0
6ccc6e7e-d212-49c4-afc2-07091ff1c4e0	chr9	136468003	136493224	0	0	0
6ccc6e7e-d212-49c4-afc2-07091ff1c4e0	chr9	136494732	138256233	1	1	0
6ccc6e7e-d212-49c4-afc2-07091ff1c4e0	chr10	15029	449782	1	1	0
6ccc6e7e-d212-49c4-afc2-07091ff1c4e0	chr10	451178	489944	2	2	0
6ccc6e7e-d212-49c4-afc2-07091ff1c4e0	chr10	491074	12062098	1	1	0
6ccc6e7e-d212-49c4-afc2-07091ff1c4e0	chr10	12063248	12127563	3	2	1
6ccc6e7e-d212-49c4-afc2-07091ff1c4e0	chr10	12128660	12318418	2	1	1
6ccc6e7e-d212-49c4-afc2-07091ff1c4e0	chr10	12319519	12414484	3	2	1
6ccc6e7e-d212-49c4-afc2-07091ff1c4e0	chr10	12415575	43408471	2	1	1
6ccc6e7e-d212-49c4-afc2-07091ff1c4e0	chr10	43409471	43437094	5	5	0
6ccc6e7e-d212-49c4-afc2-07091ff1c4e0	chr10	43438376	43446450	4	4	0
6ccc6e7e-d212-49c4-afc2-07091ff1c4e0	chr10	43447713	43462774	4	2	2
6ccc6e7e-d212-49c4-afc2-07091ff1c4e0	chr10	43464342	49415170	1	1	0
6ccc6e7e-d212-49c4-afc2-07091ff1c4e0	chr10	49416887	68199640	2	1	1
6ccc6e7e-d212-49c4-afc2-07091ff1c4e0	chr10	68200673	68203093	3	2	1
6ccc6e7e-d212-49c4-afc2-07091ff1c4e0	chr10	68204384	68357484	2	1	1
6ccc6e7e-d212-49c4-afc2-07091ff1c4e0	chr10	68358786	69085335	3	2	1
6ccc6e7e-d212-49c4-afc2-07091ff1c4e0	chr10	69086502	69162988	2	1	1
6ccc6e7e-d212-49c4-afc2-07091ff1c4e0	chr10	69164701	71393023	1	1	0
6ccc6e7e-d212-49c4-afc2-07091ff1c4e0	chr10	71394133	71451779	2	1	1
6ccc6e7e-d212-49c4-afc2-07091ff1c4e0	chr10	71453332	71588404	1	1	0
6ccc6e7e-d212-49c4-afc2-07091ff1c4e0	chr10	71589759	71596307	2	1	1
6ccc6e7e-d212-49c4-afc2-07091ff1c4e0	chr10	71597475	71638271	1	1	0
6ccc6e7e-d212-49c4-afc2-07091ff1c4e0	chr10	71640524	72216453	2	1	1
6ccc6e7e-d212-49c4-afc2-07091ff1c4e0	chr10	72217807	72228896	3	2	1
6ccc6e7e-d212-49c4-afc2-07091ff1c4e0	chr10	72230466	75073646	2	1	1
6ccc6e7e-d212-49c4-afc2-07091ff1c4e0	chr10	75075163	75210855	2	2	0
6ccc6e7e-d212-49c4-afc2-07091ff1c4e0	chr10	75212023	75237183	3	2	1
6ccc6e7e-d212-49c4-afc2-07091ff1c4e0	chr10	75238218	79052992	1	1	0
6ccc6e7e-d212-49c4-afc2-07091ff1c4e0	chr10	79054077	86964280	2	1	1
6ccc6e7e-d212-49c4-afc2-07091ff1c4e0	chr10	86966227	86972880	3	3	0
6ccc6e7e-d212-49c4-afc2-07091ff1c4e0	chr10	86974121	92179405	2	1	1
6ccc6e7e-d212-49c4-afc2-07091ff1c4e0	chr10	92182208	92392192	3	2	1
6ccc6e7e-d212-49c4-afc2-07091ff1c4e0	chr10	92393490	92401782	5	3	2
6ccc6e7e-d212-49c4-afc2-07091ff1c4e0	chr10	92403153	92420705	1	1	0
6ccc6e7e-d212-49c4-afc2-07091ff1c4e0	chr10	92423052	92469989	3	2	1
6ccc6e7e-d212-49c4-afc2-07091ff1c4e0	chr10	92472490	92590924	2	1	1
6ccc6e7e-d212-49c4-afc2-07091ff1c4e0	chr10	92592178	92689976	3	3	0
6ccc6e7e-d212-49c4-afc2-07091ff1c4e0	chr10	92691397	97445929	2	1	1
6ccc6e7e-d212-49c4-afc2-07091ff1c4e0	chr10	97447069	97515599	1	1	0
6ccc6e7e-d212-49c4-afc2-07091ff1c4e0	chr10	97518422	103170625	2	1	1
6ccc6e7e-d212-49c4-afc2-07091ff1c4e0	chr10	103171827	103210399	3	2	1
6ccc6e7e-d212-49c4-afc2-07091ff1c4e0	chr10	103211446	103237255	4	2	2
6ccc6e7e-d212-49c4-afc2-07091ff1c4e0	chr10	103239509	103494173	2	1	1
6ccc6e7e-d212-49c4-afc2-07091ff1c4e0	chr10	103495857	119018030	1	1	0
6ccc6e7e-d212-49c4-afc2-07091ff1c4e0	chr10	119019272	119091850	2	1	1
6ccc6e7e-d212-49c4-afc2-07091ff1c4e0	chr10	119093114	119138862	3	2	1
6ccc6e7e-d212-49c4-afc2-07091ff1c4e0	chr10	119140251	119828357	2	1	1
6ccc6e7e-d212-49c4-afc2-07091ff1c4e0	chr10	119829762	121914971	1	1	0
6ccc6e7e-d212-49c4-afc2-07091ff1c4e0	chr10	121916820	121927767	3	2	1
6ccc6e7e-d212-49c4-afc2-07091ff1c4e0	chr10	121928955	121980286	2	1	1
6ccc6e7e-d212-49c4-afc2-07091ff1c4e0	chr10	121981619	123619426	1	1	0
6ccc6e7e-d212-49c4-afc2-07091ff1c4e0	chr10	123620992	123630600	2	1	1
6ccc6e7e-d212-49c4-afc2-07091ff1c4e0	chr10	123631801	123854709	1	1	0
6ccc6e7e-d212-49c4-afc2-07091ff1c4e0	chr10	123855771	123870107	2	1	1
6ccc6e7e-d212-49c4-afc2-07091ff1c4e0	chr10	123871182	128126252	1	1	0
6ccc6e7e-d212-49c4-afc2-07091ff1c4e0	chr10	128127417	128149881	2	2	0
6ccc6e7e-d212-49c4-afc2-07091ff1c4e0	chr10	128151069	128174865	2	1	1
6ccc6e7e-d212-49c4-afc2-07091ff1c4e0	chr10	128176158	128541720	1	1	0
6ccc6e7e-d212-49c4-afc2-07091ff1c4e0	chr10	128542954	128546680	0	0	0
6ccc6e7e-d212-49c4-afc2-07091ff1c4e0	chr10	128547699	128666114	1	1	0
6ccc6e7e-d212-49c4-afc2-07091ff1c4e0	chr10	128668027	128675427	2	1	1
6ccc6e7e-d212-49c4-afc2-07091ff1c4e0	chr10	128676549	131495937	1	1	0
6ccc6e7e-d212-49c4-afc2-07091ff1c4e0	chr10	131497063	131523480	2	1	1
6ccc6e7e-d212-49c4-afc2-07091ff1c4e0	chr10	131524551	131754449	1	1	0
6ccc6e7e-d212-49c4-afc2-07091ff1c4e0	chr10	131757366	131759852	2	2	0
6ccc6e7e-d212-49c4-afc2-07091ff1c4e0	chr10	131760860	132036077	1	1	0
6ccc6e7e-d212-49c4-afc2-07091ff1c4e0	chr10	132037304	132040927	0	0	0
6ccc6e7e-d212-49c4-afc2-07091ff1c4e0	chr10	132042020	133787009	1	1	0
6ccc6e7e-d212-49c4-afc2-07091ff1c4e0	chr11	87268	3713710	3	2	1
6ccc6e7e-d212-49c4-afc2-07091ff1c4e0	chr11	3715291	3805712	4	3	1
6ccc6e7e-d212-49c4-afc2-07091ff1c4e0	chr11	3806752	9412392	3	2	1
6ccc6e7e-d212-49c4-afc2-07091ff1c4e0	chr11	9415254	9475637	6	4	2
6ccc6e7e-d212-49c4-afc2-07091ff1c4e0	chr11	9477364	9665253	4	3	1
6ccc6e7e-d212-49c4-afc2-07091ff1c4e0	chr11	9666392	19520420	3	2	1
6ccc6e7e-d212-49c4-afc2-07091ff1c4e0	chr11	19521598	19691283	2	1	1
6ccc6e7e-d212-49c4-afc2-07091ff1c4e0	chr11	19694386	19750524	3	2	1
6ccc6e7e-d212-49c4-afc2-07091ff1c4e0	chr11	19751819	19815835	1	1	0
6ccc6e7e-d212-49c4-afc2-07091ff1c4e0	chr11	19816860	32745475	3	2	1
6ccc6e7e-d212-49c4-afc2-07091ff1c4e0	chr11	32746479	32815412	4	3	1
6ccc6e7e-d212-49c4-afc2-07091ff1c4e0	chr11	32816742	46554610	3	2	1
6ccc6e7e-d212-49c4-afc2-07091ff1c4e0	chr11	46556850	46778910	4	3	1
6ccc6e7e-d212-49c4-afc2-07091ff1c4e0	chr11	46782150	46877731	3	2	1
6ccc6e7e-d212-49c4-afc2-07091ff1c4e0	chr11	46879108	46955310	4	3	1
6ccc6e7e-d212-49c4-afc2-07091ff1c4e0	chr11	46956331	47019303	3	2	1
6ccc6e7e-d212-49c4-afc2-07091ff1c4e0	chr11	47022552	47090255	4	3	1
6ccc6e7e-d212-49c4-afc2-07091ff1c4e0	chr11	47091752	47094168	2	2	0
6ccc6e7e-d212-49c4-afc2-07091ff1c4e0	chr11	47095272	47173373	3	2	1
6ccc6e7e-d212-49c4-afc2-07091ff1c4e0	chr11	47174496	47629441	4	3	1
6ccc6e7e-d212-49c4-afc2-07091ff1c4e0	chr11	47633828	47714762	5	3	2
6ccc6e7e-d212-49c4-afc2-07091ff1c4e0	chr11	47715949	47984508	4	3	1
6ccc6e7e-d212-49c4-afc2-07091ff1c4e0	chr11	47987985	55407897	3	2	1
6ccc6e7e-d212-49c4-afc2-07091ff1c4e0	chr11	55408920	60933664	2	2	0
6ccc6e7e-d212-49c4-afc2-07091ff1c4e0	chr11	60934874	60935931	12	12	0
6ccc6e7e-d212-49c4-afc2-07091ff1c4e0	chr11	60938365	60975316	4	4	0
6ccc6e7e-d212-49c4-afc2-07091ff1c4e0	chr11	60976381	61050704	3	3	0
6ccc6e7e-d212-49c4-afc2-07091ff1c4e0	chr11	61051920	61246042	2	2	0
6ccc6e7e-d212-49c4-afc2-07091ff1c4e0	chr11	61247851	61919561	3	3	0
6ccc6e7e-d212-49c4-afc2-07091ff1c4e0	chr11	61920884	62112217	4	4	0
6ccc6e7e-d212-49c4-afc2-07091ff1c4e0	chr11	62113271	62452169	3	3	0
6ccc6e7e-d212-49c4-afc2-07091ff1c4e0	chr11	62454004	62544684	4	4	0
6ccc6e7e-d212-49c4-afc2-07091ff1c4e0	chr11	62548227	62548227	7	7	0
6ccc6e7e-d212-49c4-afc2-07091ff1c4e0	chr11	62551058	62672097	4	4	0
6ccc6e7e-d212-49c4-afc2-07091ff1c4e0	chr11	62673351	63018502	3	3	0
6ccc6e7e-d212-49c4-afc2-07091ff1c4e0	chr11	63019552	63784582	2	2	0
6ccc6e7e-d212-49c4-afc2-07091ff1c4e0	chr11	63787438	63802133	3	3	0
6ccc6e7e-d212-49c4-afc2-07091ff1c4e0	chr11	63803270	63807820	1	1	0
6ccc6e7e-d212-49c4-afc2-07091ff1c4e0	chr11	63809989	63813223	7	7	0
6ccc6e7e-d212-49c4-afc2-07091ff1c4e0	chr11	63814299	63915996	2	2	0
6ccc6e7e-d212-49c4-afc2-07091ff1c4e0	chr11	63918332	63986543	3	3	0
6ccc6e7e-d212-49c4-afc2-07091ff1c4e0	chr11	63987743	63999624	4	4	0
6ccc6e7e-d212-49c4-afc2-07091ff1c4e0	chr11	64000859	64008793	3	3	0
6ccc6e7e-d212-49c4-afc2-07091ff1c4e0	chr11	64010321	64022536	1	1	0
6ccc6e7e-d212-49c4-afc2-07091ff1c4e0	chr11	64023606	65309635	2	2	0
6ccc6e7e-d212-49c4-afc2-07091ff1c4e0	chr11	65310687	65378786	3	3	0
6ccc6e7e-d212-49c4-afc2-07091ff1c4e0	chr11	65379823	65444034	2	2	0
6ccc6e7e-d212-49c4-afc2-07091ff1c4e0	chr11	65447879	65568234	3	3	0
6ccc6e7e-d212-49c4-afc2-07091ff1c4e0	chr11	65569348	65570563	0	0	0
6ccc6e7e-d212-49c4-afc2-07091ff1c4e0	chr11	65571875	65581112	4	4	0
6ccc6e7e-d212-49c4-afc2-07091ff1c4e0	chr11	65582285	65585806	2	2	0
6ccc6e7e-d212-49c4-afc2-07091ff1c4e0	chr11	65586968	65623326	1	1	0
6ccc6e7e-d212-49c4-afc2-07091ff1c4e0	chr11	65624728	65626851	5	5	0
6ccc6e7e-d212-49c4-afc2-07091ff1c4e0	chr11	65628389	66003482	2	2	0
6ccc6e7e-d212-49c4-afc2-07091ff1c4e0	chr11	66004609	66017678	1	1	0
6ccc6e7e-d212-49c4-afc2-07091ff1c4e0	chr11	66019556	73836490	2	2	0
6ccc6e7e-d212-49c4-afc2-07091ff1c4e0	chr11	73837625	73885016	3	3	0
6ccc6e7e-d212-49c4-afc2-07091ff1c4e0	chr11	73887241	79024721	2	2	0
6ccc6e7e-d212-49c4-afc2-07091ff1c4e0	chr11	79026033	79156245	1	1	0
6ccc6e7e-d212-49c4-afc2-07091ff1c4e0	chr11	79157391	116049566	2	2	0
6ccc6e7e-d212-49c4-afc2-07091ff1c4e0	chr11	116053696	116127039	1	1	0
6ccc6e7e-d212-49c4-afc2-07091ff1c4e0	chr11	116129077	117689964	2	2	0
6ccc6e7e-d212-49c4-afc2-07091ff1c4e0	chr11	117692497	117785595	1	1	0
6ccc6e7e-d212-49c4-afc2-07091ff1c4e0	chr11	117786964	118535120	2	2	0
6ccc6e7e-d212-49c4-afc2-07091ff1c4e0	chr11	118536355	118610716	3	3	0
6ccc6e7e-d212-49c4-afc2-07091ff1c4e0	chr11	118611826	118615352	4	4	0
6ccc6e7e-d212-49c4-afc2-07091ff1c4e0	chr11	118616958	118938495	2	2	0
6ccc6e7e-d212-49c4-afc2-07091ff1c4e0	chr11	118939696	119030818	3	3	0
6ccc6e7e-d212-49c4-afc2-07091ff1c4e0	chr11	119031899	119041992	4	4	0
6ccc6e7e-d212-49c4-afc2-07091ff1c4e0	chr11	119043282	119126071	2	2	0
6ccc6e7e-d212-49c4-afc2-07091ff1c4e0	chr11	119127159	119183499	3	3	0
6ccc6e7e-d212-49c4-afc2-07091ff1c4e0	chr11	119184653	126643878	2	2	0
6ccc6e7e-d212-49c4-afc2-07091ff1c4e0	chr11	126645611	126722689	1	1	0
6ccc6e7e-d212-49c4-afc2-07091ff1c4e0	chr11	126723749	126724749	2	2	0
6ccc6e7e-d212-49c4-afc2-07091ff1c4e0	chr11	126725860	126910645	1	1	0
6ccc6e7e-d212-49c4-afc2-07091ff1c4e0	chr11	126911665	131537461	2	2	0
6ccc6e7e-d212-49c4-afc2-07091ff1c4e0	chr11	131538623	132358369	1	1	0
6ccc6e7e-d212-49c4-afc2-07091ff1c4e0	chr11	132359934	132412159	2	2	0
6ccc6e7e-d212-49c4-afc2-07091ff1c4e0	chr11	132413595	135076424	1	1	0
6ccc6e7e-d212-49c4-afc2-07091ff1c4e0	chr12	11065	2122205	2	1	1
6ccc6e7e-d212-49c4-afc2-07091ff1c4e0	chr12	2123857	2196940	2	2	0
6ccc6e7e-d212-49c4-afc2-07091ff1c4e0	chr12	2198009	2413815	1	1	0
6ccc6e7e-d212-49c4-afc2-07091ff1c4e0	chr12	2415081	2424012	2	1	1
6ccc6e7e-d212-49c4-afc2-07091ff1c4e0	chr12	2425300	2596190	1	1	0
6ccc6e7e-d212-49c4-afc2-07091ff1c4e0	chr12	2597746	6527226	2	1	1
6ccc6e7e-d212-49c4-afc2-07091ff1c4e0	chr12	6528679	6549694	3	3	0
6ccc6e7e-d212-49c4-afc2-07091ff1c4e0	chr12	6551053	30924756	2	1	1
6ccc6e7e-d212-49c4-afc2-07091ff1c4e0	chr12	30925770	30929193	3	2	1
6ccc6e7e-d212-49c4-afc2-07091ff1c4e0	chr12	30930711	30968661	1	1	0
6ccc6e7e-d212-49c4-afc2-07091ff1c4e0	chr12	30969690	31628313	2	1	1
6ccc6e7e-d212-49c4-afc2-07091ff1c4e0	chr12	31629363	31683463	3	2	1
6ccc6e7e-d212-49c4-afc2-07091ff1c4e0	chr12	31684673	31691245	2	1	1
6ccc6e7e-d212-49c4-afc2-07091ff1c4e0	chr12	31692382	31934597	3	2	1
6ccc6e7e-d212-49c4-afc2-07091ff1c4e0	chr12	31936187	31947040	5	3	2
6ccc6e7e-d212-49c4-afc2-07091ff1c4e0	chr12	31948737	48751354	2	1	1
6ccc6e7e-d212-49c4-afc2-07091ff1c4e0	chr12	48752883	48783089	3	3	0
6ccc6e7e-d212-49c4-afc2-07091ff1c4e0	chr12	48785307	48798794	4	2	2
6ccc6e7e-d212-49c4-afc2-07091ff1c4e0	chr12	48801341	49005079	3	2	1
6ccc6e7e-d212-49c4-afc2-07091ff1c4e0	chr12	49006722	49984032	2	1	1
6ccc6e7e-d212-49c4-afc2-07091ff1c4e0	chr12	49985565	51294207	3	2	1
6ccc6e7e-d212-49c4-afc2-07091ff1c4e0	chr12	51295311	53098468	2	1	1
6ccc6e7e-d212-49c4-afc2-07091ff1c4e0	chr12	53099603	53147267	3	2	1
6ccc6e7e-d212-49c4-afc2-07091ff1c4e0	chr12	53149886	55839734	2	1	1
6ccc6e7e-d212-49c4-afc2-07091ff1c4e0	chr12	55841794	56317587	3	2	1
6ccc6e7e-d212-49c4-afc2-07091ff1c4e0	chr12	56320376	57265923	2	1	1
6ccc6e7e-d212-49c4-afc2-07091ff1c4e0	chr12	57268780	57587565	3	2	1
6ccc6e7e-d212-49c4-afc2-07091ff1c4e0	chr12	57589011	64511253	2	1	1
6ccc6e7e-d212-49c4-afc2-07091ff1c4e0	chr12	64512488	64574728	3	2	1
6ccc6e7e-d212-49c4-afc2-07091ff1c4e0	chr12	64576316	105917337	2	1	1
6ccc6e7e-d212-49c4-afc2-07091ff1c4e0	chr12	105918905	105977415	1	1	0
6ccc6e7e-d212-49c4-afc2-07091ff1c4e0	chr12	105978457	108171267	2	1	1
6ccc6e7e-d212-49c4-afc2-07091ff1c4e0	chr12	108172601	108252016	1	1	0
6ccc6e7e-d212-49c4-afc2-07091ff1c4e0	chr12	108253069	109982621	2	1	1
6ccc6e7e-d212-49c4-afc2-07091ff1c4e0	chr12	109983829	112218434	3	2	1
6ccc6e7e-d212-49c4-afc2-07091ff1c4e0	chr12	112219852	120101503	2	1	1
6ccc6e7e-d212-49c4-afc2-07091ff1c4e0	chr12	120102728	120103749	0	0	0
6ccc6e7e-d212-49c4-afc2-07091ff1c4e0	chr12	120104771	120608651	3	2	1
6ccc6e7e-d212-49c4-afc2-07091ff1c4e0	chr12	120611132	120611132	2	1	1
6ccc6e7e-d212-49c4-afc2-07091ff1c4e0	chr12	120612255	120741999	3	2	1
6ccc6e7e-d212-49c4-afc2-07091ff1c4e0	chr12	120743061	120904281	2	2	0
6ccc6e7e-d212-49c4-afc2-07091ff1c4e0	chr12	120905639	120993422	3	3	0
6ccc6e7e-d212-49c4-afc2-07091ff1c4e0	chr12	120994496	121077014	2	2	0
6ccc6e7e-d212-49c4-afc2-07091ff1c4e0	chr12	121078296	121273118	2	1	1
6ccc6e7e-d212-49c4-afc2-07091ff1c4e0	chr12	121274274	121780583	3	2	1
6ccc6e7e-d212-49c4-afc2-07091ff1c4e0	chr12	121781881	121819984	2	1	1
6ccc6e7e-d212-49c4-afc2-07091ff1c4e0	chr12	121823550	121854640	3	3	0
6ccc6e7e-d212-49c4-afc2-07091ff1c4e0	chr12	121855717	121886481	5	3	2
6ccc6e7e-d212-49c4-afc2-07091ff1c4e0	chr12	121887526	121995084	2	1	1
6ccc6e7e-d212-49c4-afc2-07091ff1c4e0	chr12	121998300	122827306	3	2	1
6ccc6e7e-d212-49c4-afc2-07091ff1c4e0	chr12	122828334	122850740	3	3	0
6ccc6e7e-d212-49c4-afc2-07091ff1c4e0	chr12	122852242	122853266	0	0	0
6ccc6e7e-d212-49c4-afc2-07091ff1c4e0	chr12	122854417	123251390	2	1	1
6ccc6e7e-d212-49c4-afc2-07091ff1c4e0	chr12	123252396	123372303	3	3	0
6ccc6e7e-d212-49c4-afc2-07091ff1c4e0	chr12	123373671	123510476	4	2	2
6ccc6e7e-d212-49c4-afc2-07091ff1c4e0	chr12	123512630	123580371	3	2	1
6ccc6e7e-d212-49c4-afc2-07091ff1c4e0	chr12	123581431	127350809	2	1	1
6ccc6e7e-d212-49c4-afc2-07091ff1c4e0	chr12	127351942	127402421	1	1	0
6ccc6e7e-d212-49c4-afc2-07091ff1c4e0	chr12	127404517	129552482	2	1	1
6ccc6e7e-d212-49c4-afc2-07091ff1c4e0	chr12	129554038	129788977	1	1	0
6ccc6e7e-d212-49c4-afc2-07091ff1c4e0	chr12	129790046	130001657	2	1	1
6ccc6e7e-d212-49c4-afc2-07091ff1c4e0	chr12	130003380	130290281	1	1	0
6ccc6e7e-d212-49c4-afc2-07091ff1c4e0	chr12	130291307	130301501	2	1	1
6ccc6e7e-d212-49c4-afc2-07091ff1c4e0	chr12	130304445	130379769	1	1	0
6ccc6e7e-d212-49c4-afc2-07091ff1c4e0	chr12	130380980	130383094	2	1	1
6ccc6e7e-d212-49c4-afc2-07091ff1c4e0	chr12	130384314	131521958	1	1	0
6ccc6e7e-d212-49c4-afc2-07091ff1c4e0	chr12	131523178	131544422	2	1	1
6ccc6e7e-d212-49c4-afc2-07091ff1c4e0	chr12	131545665	131578613	1	1	0
6ccc6e7e-d212-49c4-afc2-07091ff1c4e0	chr12	131579645	132167886	2	1	1
6ccc6e7e-d212-49c4-afc2-07091ff1c4e0	chr12	132169363	132190180	2	2	0
6ccc6e7e-d212-49c4-afc2-07091ff1c4e0	chr12	132191245	132314213	2	1	1
6ccc6e7e-d212-49c4-afc2-07091ff1c4e0	chr12	132315591	132392051	1	1	0
6ccc6e7e-d212-49c4-afc2-07091ff1c4e0	chr12	132393236	132413582	2	2	0
6ccc6e7e-d212-49c4-afc2-07091ff1c4e0	chr12	132414831	132419198	1	1	0
6ccc6e7e-d212-49c4-afc2-07091ff1c4e0	chr12	132420296	133264676	2	1	1
6ccc6e7e-d212-49c4-afc2-07091ff1c4e0	chr13	18445955	40896206	2	2	0
6ccc6e7e-d212-49c4-afc2-07091ff1c4e0	chr13	40897889	40932748	3	3	0
6ccc6e7e-d212-49c4-afc2-07091ff1c4e0	chr13	40934715	73025556	2	2	0
6ccc6e7e-d212-49c4-afc2-07091ff1c4e0	chr13	73027813	73149406	3	3	0
6ccc6e7e-d212-49c4-afc2-07091ff1c4e0	chr13	73150435	82045918	2	2	0
6ccc6e7e-d212-49c4-afc2-07091ff1c4e0	chr13	82047333	82316634	3	3	0
6ccc6e7e-d212-49c4-afc2-07091ff1c4e0	chr13	82317863	110268547	2	2	0
6ccc6e7e-d212-49c4-afc2-07091ff1c4e0	chr13	110269648	110311173	1	1	0
6ccc6e7e-d212-49c4-afc2-07091ff1c4e0	chr13	110312253	111088962	2	2	0
6ccc6e7e-d212-49c4-afc2-07091ff1c4e0	chr13	111090090	111859615	1	1	0
6ccc6e7e-d212-49c4-afc2-07091ff1c4e0	chr13	111860801	111899224	2	2	0
6ccc6e7e-d212-49c4-afc2-07091ff1c4e0	chr13	111900305	112077055	1	1	0
6ccc6e7e-d212-49c4-afc2-07091ff1c4e0	chr13	112079658	112136867	2	2	0
6ccc6e7e-d212-49c4-afc2-07091ff1c4e0	chr13	112138246	112284132	1	1	0
6ccc6e7e-d212-49c4-afc2-07091ff1c4e0	chr13	112285170	112296889	2	2	0
6ccc6e7e-d212-49c4-afc2-07091ff1c4e0	chr13	112298426	112300609	8	8	0
6ccc6e7e-d212-49c4-afc2-07091ff1c4e0	chr13	112301963	112335365	1	1	0
6ccc6e7e-d212-49c4-afc2-07091ff1c4e0	chr13	112337878	112679370	2	2	0
6ccc6e7e-d212-49c4-afc2-07091ff1c4e0	chr13	112681696	112693254	1	1	0
6ccc6e7e-d212-49c4-afc2-07091ff1c4e0	chr13	112695328	114343123	2	2	0
6ccc6e7e-d212-49c4-afc2-07091ff1c4e0	chr14	18223583	21445562	2	1	1
6ccc6e7e-d212-49c4-afc2-07091ff1c4e0	chr14	21447357	21518268	3	2	1
6ccc6e7e-d212-49c4-afc2-07091ff1c4e0	chr14	21519309	31025782	2	1	1
6ccc6e7e-d212-49c4-afc2-07091ff1c4e0	chr14	31027006	31228958	3	2	1
6ccc6e7e-d212-49c4-afc2-07091ff1c4e0	chr14	31230288	33517750	2	1	1
6ccc6e7e-d212-49c4-afc2-07091ff1c4e0	chr14	33519296	33587809	1	1	0
6ccc6e7e-d212-49c4-afc2-07091ff1c4e0	chr14	33589048	34334085	2	1	1
6ccc6e7e-d212-49c4-afc2-07091ff1c4e0	chr14	34337109	35400585	3	2	1
6ccc6e7e-d212-49c4-afc2-07091ff1c4e0	chr14	35401592	49911943	2	1	1
6ccc6e7e-d212-49c4-afc2-07091ff1c4e0	chr14	49913016	49965698	3	2	1
6ccc6e7e-d212-49c4-afc2-07091ff1c4e0	chr14	49966701	63555011	2	1	1
6ccc6e7e-d212-49c4-afc2-07091ff1c4e0	chr14	63556263	63809376	3	2	1
6ccc6e7e-d212-49c4-afc2-07091ff1c4e0	chr14	63810499	67481089	2	1	1
6ccc6e7e-d212-49c4-afc2-07091ff1c4e0	chr14	67486245	67514686	3	2	1
6ccc6e7e-d212-49c4-afc2-07091ff1c4e0	chr14	67516768	73244138	2	1	1
6ccc6e7e-d212-49c4-afc2-07091ff1c4e0	chr14	73245253	73253276	4	2	2
6ccc6e7e-d212-49c4-afc2-07091ff1c4e0	chr14	73254454	73516370	3	3	0
6ccc6e7e-d212-49c4-afc2-07091ff1c4e0	chr14	73517858	73589444	3	2	1
6ccc6e7e-d212-49c4-afc2-07091ff1c4e0	chr14	73590625	73592128	0	0	0
6ccc6e7e-d212-49c4-afc2-07091ff1c4e0	chr14	73593423	73612505	3	3	0
6ccc6e7e-d212-49c4-afc2-07091ff1c4e0	chr14	73614661	73617197	4	4	0
6ccc6e7e-d212-49c4-afc2-07091ff1c4e0	chr14	73618387	73759577	2	1	1
6ccc6e7e-d212-49c4-afc2-07091ff1c4e0	chr14	73763114	73763114	4	4	0
6ccc6e7e-d212-49c4-afc2-07091ff1c4e0	chr14	73764354	73802455	3	2	1
6ccc6e7e-d212-49c4-afc2-07091ff1c4e0	chr14	73803534	95711836	2	1	1
6ccc6e7e-d212-49c4-afc2-07091ff1c4e0	chr14	95713164	95936941	1	1	0
6ccc6e7e-d212-49c4-afc2-07091ff1c4e0	chr14	95938442	97353322	2	1	1
6ccc6e7e-d212-49c4-afc2-07091ff1c4e0	chr14	97354683	97508126	1	1	0
6ccc6e7e-d212-49c4-afc2-07091ff1c4e0	chr14	97510427	98074431	2	1	1
6ccc6e7e-d212-49c4-afc2-07091ff1c4e0	chr14	98075988	98220204	1	1	0
6ccc6e7e-d212-49c4-afc2-07091ff1c4e0	chr14	98221274	98779987	2	1	1
6ccc6e7e-d212-49c4-afc2-07091ff1c4e0	chr14	98781380	99091329	1	1	0
6ccc6e7e-d212-49c4-afc2-07091ff1c4e0	chr14	99092349	99885488	2	1	1
6ccc6e7e-d212-49c4-afc2-07091ff1c4e0	chr14	99886798	99933075	1	1	0
6ccc6e7e-d212-49c4-afc2-07091ff1c4e0	chr14	99934176	102292582	2	1	1
6ccc6e7e-d212-49c4-afc2-07091ff1c4e0	chr14	102294184	102344291	3	2	1
6ccc6e7e-d212-49c4-afc2-07091ff1c4e0	chr14	102347101	104243111	2	1	1
6ccc6e7e-d212-49c4-afc2-07091ff1c4e0	chr14	104244168	104588967	1	1	0
6ccc6e7e-d212-49c4-afc2-07091ff1c4e0	chr14	104590608	104591611	2	2	0
6ccc6e7e-d212-49c4-afc2-07091ff1c4e0	chr14	104593236	104633422	1	1	0
6ccc6e7e-d212-49c4-afc2-07091ff1c4e0	chr14	104635012	105891588	2	1	1
6ccc6e7e-d212-49c4-afc2-07091ff1c4e0	chr14	105892623	105910495	2	2	0
6ccc6e7e-d212-49c4-afc2-07091ff1c4e0	chr14	105911566	105941402	1	1	0
6ccc6e7e-d212-49c4-afc2-07091ff1c4e0	chr14	105942986	105963137	2	1	1
6ccc6e7e-d212-49c4-afc2-07091ff1c4e0	chr14	105964184	106267501	1	1	0
6ccc6e7e-d212-49c4-afc2-07091ff1c4e0	chr14	106268552	106880670	2	1	1
6ccc6e7e-d212-49c4-afc2-07091ff1c4e0	chr15	19795285	42547726	1	1	0
6ccc6e7e-d212-49c4-afc2-07091ff1c4e0	chr15	42549509	42636956	2	2	0
6ccc6e7e-d212-49c4-afc2-07091ff1c4e0	chr15	42638579	55742680	1	1	0
6ccc6e7e-d212-49c4-afc2-07091ff1c4e0	chr15	55743870	55799508	2	2	0
6ccc6e7e-d212-49c4-afc2-07091ff1c4e0	chr15	55800982	64249271	1	1	0
6ccc6e7e-d212-49c4-afc2-07091ff1c4e0	chr15	64253921	64411025	2	2	0
6ccc6e7e-d212-49c4-afc2-07091ff1c4e0	chr15	64412063	64756110	1	1	0
6ccc6e7e-d212-49c4-afc2-07091ff1c4e0	chr15	64757727	64821294	2	2	0
6ccc6e7e-d212-49c4-afc2-07091ff1c4e0	chr15	64822953	70291140	1	1	0
6ccc6e7e-d212-49c4-afc2-07091ff1c4e0	chr15	70293593	70305519	0	0	0
6ccc6e7e-d212-49c4-afc2-07091ff1c4e0	chr15	70307167	70412195	1	1	0
6ccc6e7e-d212-49c4-afc2-07091ff1c4e0	chr15	70414257	70446508	0	0	0
6ccc6e7e-d212-49c4-afc2-07091ff1c4e0	chr15	70447658	75402337	1	1	0
6ccc6e7e-d212-49c4-afc2-07091ff1c4e0	chr15	75404536	75604660	2	2	0
6ccc6e7e-d212-49c4-afc2-07091ff1c4e0	chr15	75605669	89871410	1	1	0
6ccc6e7e-d212-49c4-afc2-07091ff1c4e0	chr15	89873508	90022590	2	2	0
6ccc6e7e-d212-49c4-afc2-07091ff1c4e0	chr15	90024055	101980591	1	1	0
6ccc6e7e-d212-49c4-afc2-07091ff1c4e0	chr16	10291	2154834	1	1	0
6ccc6e7e-d212-49c4-afc2-07091ff1c4e0	chr16	2156482	2387836	2	2	0
6ccc6e7e-d212-49c4-afc2-07091ff1c4e0	chr16	2388880	2392041	1	1	0
6ccc6e7e-d212-49c4-afc2-07091ff1c4e0	chr16	2393642	2516614	2	2	0
6ccc6e7e-d212-49c4-afc2-07091ff1c4e0	chr16	2517755	4268293	1	1	0
6ccc6e7e-d212-49c4-afc2-07091ff1c4e0	chr16	4270671	4660772	2	2	0
6ccc6e7e-d212-49c4-afc2-07091ff1c4e0	chr16	4661790	18927672	1	1	0
6ccc6e7e-d212-49c4-afc2-07091ff1c4e0	chr16	18928752	18981811	2	2	0
6ccc6e7e-d212-49c4-afc2-07091ff1c4e0	chr16	18983007	28620039	1	1	0
6ccc6e7e-d212-49c4-afc2-07091ff1c4e0	chr16	28621180	28915982	2	2	0
6ccc6e7e-d212-49c4-afc2-07091ff1c4e0	chr16	28920345	30411094	1	1	0
6ccc6e7e-d212-49c4-afc2-07091ff1c4e0	chr16	30412430	31166684	2	2	0
6ccc6e7e-d212-49c4-afc2-07091ff1c4e0	chr16	31168479	47267081	1	1	0
6ccc6e7e-d212-49c4-afc2-07091ff1c4e0	chr16	47269724	47271736	3	3	0
6ccc6e7e-d212-49c4-afc2-07091ff1c4e0	chr16	47282462	48076772	1	1	0
6ccc6e7e-d212-49c4-afc2-07091ff1c4e0	chr16	48081090	48109927	0	0	0
6ccc6e7e-d212-49c4-afc2-07091ff1c4e0	chr16	48111738	48632589	1	1	0
6ccc6e7e-d212-49c4-afc2-07091ff1c4e0	chr16	48633806	48650009	2	2	0
6ccc6e7e-d212-49c4-afc2-07091ff1c4e0	chr16	48651235	49455146	1	1	0
6ccc6e7e-d212-49c4-afc2-07091ff1c4e0	chr16	49456357	49457408	0	0	0
6ccc6e7e-d212-49c4-afc2-07091ff1c4e0	chr16	49459166	49557061	1	1	0
6ccc6e7e-d212-49c4-afc2-07091ff1c4e0	chr16	49558360	49590594	0	0	0
6ccc6e7e-d212-49c4-afc2-07091ff1c4e0	chr16	49592085	49774349	1	1	0
6ccc6e7e-d212-49c4-afc2-07091ff1c4e0	chr16	49775452	49776569	0	0	0
6ccc6e7e-d212-49c4-afc2-07091ff1c4e0	chr16	49778394	50738206	1	1	0
6ccc6e7e-d212-49c4-afc2-07091ff1c4e0	chr16	50740822	50741834	2	2	0
6ccc6e7e-d212-49c4-afc2-07091ff1c4e0	chr16	50743391	51149817	1	1	0
6ccc6e7e-d212-49c4-afc2-07091ff1c4e0	chr16	51151047	51152114	7	7	0
6ccc6e7e-d212-49c4-afc2-07091ff1c4e0	chr16	51153129	52537057	1	1	0
6ccc6e7e-d212-49c4-afc2-07091ff1c4e0	chr16	52538117	52547135	0	0	0
6ccc6e7e-d212-49c4-afc2-07091ff1c4e0	chr16	52548863	53794349	1	1	0
6ccc6e7e-d212-49c4-afc2-07091ff1c4e0	chr16	53796143	53801913	2	2	0
6ccc6e7e-d212-49c4-afc2-07091ff1c4e0	chr16	53803232	55188843	1	1	0
6ccc6e7e-d212-49c4-afc2-07091ff1c4e0	chr16	55190821	55198983	0	0	0
6ccc6e7e-d212-49c4-afc2-07091ff1c4e0	chr16	55200136	55736653	1	1	0
6ccc6e7e-d212-49c4-afc2-07091ff1c4e0	chr16	55739077	55750135	0	0	0
6ccc6e7e-d212-49c4-afc2-07091ff1c4e0	chr16	55751457	55764821	1	1	0
6ccc6e7e-d212-49c4-afc2-07091ff1c4e0	chr16	55765835	55773536	0	0	0
6ccc6e7e-d212-49c4-afc2-07091ff1c4e0	chr16	55774627	55790376	1	1	0
6ccc6e7e-d212-49c4-afc2-07091ff1c4e0	chr16	55798209	55806531	3	3	0
6ccc6e7e-d212-49c4-afc2-07091ff1c4e0	chr16	55808492	56932874	1	1	0
6ccc6e7e-d212-49c4-afc2-07091ff1c4e0	chr16	56934127	56935236	0	0	0
6ccc6e7e-d212-49c4-afc2-07091ff1c4e0	chr16	56936291	56962192	1	1	0
6ccc6e7e-d212-49c4-afc2-07091ff1c4e0	chr16	56963321	56964660	0	0	0
6ccc6e7e-d212-49c4-afc2-07091ff1c4e0	chr16	56966037	56972393	2	2	0
6ccc6e7e-d212-49c4-afc2-07091ff1c4e0	chr16	56973441	57799738	1	1	0
6ccc6e7e-d212-49c4-afc2-07091ff1c4e0	chr16	57800820	57802253	4	4	0
6ccc6e7e-d212-49c4-afc2-07091ff1c4e0	chr16	57803550	58001525	1	1	0
6ccc6e7e-d212-49c4-afc2-07091ff1c4e0	chr16	58003885	58024549	0	0	0
6ccc6e7e-d212-49c4-afc2-07091ff1c4e0	chr16	58026707	66440255	1	1	0
6ccc6e7e-d212-49c4-afc2-07091ff1c4e0	chr16	66441547	66533590	2	2	0
6ccc6e7e-d212-49c4-afc2-07091ff1c4e0	chr16	66534626	66579622	1	1	0
6ccc6e7e-d212-49c4-afc2-07091ff1c4e0	chr16	66581142	66604047	4	3	1
6ccc6e7e-d212-49c4-afc2-07091ff1c4e0	chr16	66605378	66679658	2	2	0
6ccc6e7e-d212-49c4-afc2-07091ff1c4e0	chr16	66681340	66844151	3	2	1
6ccc6e7e-d212-49c4-afc2-07091ff1c4e0	chr16	66847963	66858421	2	2	0
6ccc6e7e-d212-49c4-afc2-07091ff1c4e0	chr16	66860429	66872309	5	4	1
6ccc6e7e-d212-49c4-afc2-07091ff1c4e0	chr16	66874316	66952003	2	2	0
6ccc6e7e-d212-49c4-afc2-07091ff1c4e0	chr16	66953601	67203440	3	3	0
6ccc6e7e-d212-49c4-afc2-07091ff1c4e0	chr16	67204913	67267204	3	2	1
6ccc6e7e-d212-49c4-afc2-07091ff1c4e0	chr16	67269455	67275596	3	3	0
6ccc6e7e-d212-49c4-afc2-07091ff1c4e0	chr16	67277864	67376680	3	2	1
6ccc6e7e-d212-49c4-afc2-07091ff1c4e0	chr16	67377825	67545889	2	2	0
6ccc6e7e-d212-49c4-afc2-07091ff1c4e0	chr16	67547220	67559974	4	3	1
6ccc6e7e-d212-49c4-afc2-07091ff1c4e0	chr16	67563300	67648331	3	2	1
6ccc6e7e-d212-49c4-afc2-07091ff1c4e0	chr16	67649661	67656730	6	6	0
6ccc6e7e-d212-49c4-afc2-07091ff1c4e0	chr16	67657742	67799268	3	2	1
6ccc6e7e-d212-49c4-afc2-07091ff1c4e0	chr16	67802317	67880333	3	3	0
6ccc6e7e-d212-49c4-afc2-07091ff1c4e0	chr16	67882646	67925355	4	3	1
6ccc6e7e-d212-49c4-afc2-07091ff1c4e0	chr16	67927960	67930300	1	1	0
6ccc6e7e-d212-49c4-afc2-07091ff1c4e0	chr16	67933975	67942789	3	3	0
6ccc6e7e-d212-49c4-afc2-07091ff1c4e0	chr16	67947066	68070246	3	2	1
6ccc6e7e-d212-49c4-afc2-07091ff1c4e0	chr16	68071268	68236326	3	3	0
6ccc6e7e-d212-49c4-afc2-07091ff1c4e0	chr16	68238507	68361158	3	2	1
6ccc6e7e-d212-49c4-afc2-07091ff1c4e0	chr16	68362189	68363203	1	1	0
6ccc6e7e-d212-49c4-afc2-07091ff1c4e0	chr16	68364208	68516419	2	2	0
6ccc6e7e-d212-49c4-afc2-07091ff1c4e0	chr16	68518047	70624940	3	2	1
6ccc6e7e-d212-49c4-afc2-07091ff1c4e0	chr16	70626335	71029403	2	2	0
6ccc6e7e-d212-49c4-afc2-07091ff1c4e0	chr16	71031061	71075248	1	1	0
6ccc6e7e-d212-49c4-afc2-07091ff1c4e0	chr16	71076451	71144602	2	2	0
6ccc6e7e-d212-49c4-afc2-07091ff1c4e0	chr16	71146334	71157044	4	3	1
6ccc6e7e-d212-49c4-afc2-07091ff1c4e0	chr16	71158396	71162010	1	1	0
6ccc6e7e-d212-49c4-afc2-07091ff1c4e0	chr16	71163344	71167466	2	2	0
6ccc6e7e-d212-49c4-afc2-07091ff1c4e0	chr16	71169395	71327558	1	1	0
6ccc6e7e-d212-49c4-afc2-07091ff1c4e0	chr16	71328741	72160007	3	2	1
6ccc6e7e-d212-49c4-afc2-07091ff1c4e0	chr16	72162877	72361554	1	1	0
6ccc6e7e-d212-49c4-afc2-07091ff1c4e0	chr16	72363018	72420374	2	2	0
6ccc6e7e-d212-49c4-afc2-07091ff1c4e0	chr16	72422039	72448178	1	1	0
6ccc6e7e-d212-49c4-afc2-07091ff1c4e0	chr16	72449615	72635269	2	2	0
6ccc6e7e-d212-49c4-afc2-07091ff1c4e0	chr16	72636271	72684936	3	2	1
6ccc6e7e-d212-49c4-afc2-07091ff1c4e0	chr16	72686502	72703831	3	3	0
6ccc6e7e-d212-49c4-afc2-07091ff1c4e0	chr16	72705101	74043420	1	1	0
6ccc6e7e-d212-49c4-afc2-07091ff1c4e0	chr16	74045220	74316315	2	2	0
6ccc6e7e-d212-49c4-afc2-07091ff1c4e0	chr16	74319333	74373908	4	3	1
6ccc6e7e-d212-49c4-afc2-07091ff1c4e0	chr16	74376579	74850592	3	2	1
6ccc6e7e-d212-49c4-afc2-07091ff1c4e0	chr16	74851668	74907669	2	2	0
6ccc6e7e-d212-49c4-afc2-07091ff1c4e0	chr16	74909124	75025988	3	2	1
6ccc6e7e-d212-49c4-afc2-07091ff1c4e0	chr16	75028615	75108959	2	2	0
6ccc6e7e-d212-49c4-afc2-07091ff1c4e0	chr16	75110161	75112813	1	1	0
6ccc6e7e-d212-49c4-afc2-07091ff1c4e0	chr16	75114706	75354833	3	2	1
6ccc6e7e-d212-49c4-afc2-07091ff1c4e0	chr16	75355842	75396695	2	2	0
6ccc6e7e-d212-49c4-afc2-07091ff1c4e0	chr16	75397810	75403856	4	3	1
6ccc6e7e-d212-49c4-afc2-07091ff1c4e0	chr16	75404863	75764481	3	2	1
6ccc6e7e-d212-49c4-afc2-07091ff1c4e0	chr16	75765488	75853055	2	2	0
6ccc6e7e-d212-49c4-afc2-07091ff1c4e0	chr16	75854592	75881721	3	3	0
6ccc6e7e-d212-49c4-afc2-07091ff1c4e0	chr16	75883578	76509550	2	2	0
6ccc6e7e-d212-49c4-afc2-07091ff1c4e0	chr16	76510861	76525287	3	2	1
6ccc6e7e-d212-49c4-afc2-07091ff1c4e0	chr16	76526787	80753387	1	1	0
6ccc6e7e-d212-49c4-afc2-07091ff1c4e0	chr16	80754412	81020890	2	2	0
6ccc6e7e-d212-49c4-afc2-07091ff1c4e0	chr16	81021903	81111290	3	2	1
6ccc6e7e-d212-49c4-afc2-07091ff1c4e0	chr16	81112550	81171308	4	3	1
6ccc6e7e-d212-49c4-afc2-07091ff1c4e0	chr16	81172393	81404627	2	2	0
6ccc6e7e-d212-49c4-afc2-07091ff1c4e0	chr16	81405641	90226358	1	1	0
6ccc6e7e-d212-49c4-afc2-07091ff1c4e0	chr17	151035	3670308	2	2	0
6ccc6e7e-d212-49c4-afc2-07091ff1c4e0	chr17	3673852	3852457	3	3	0
6ccc6e7e-d212-49c4-afc2-07091ff1c4e0	chr17	3853737	5064827	2	2	0
6ccc6e7e-d212-49c4-afc2-07091ff1c4e0	chr17	5065941	5247047	3	3	0
6ccc6e7e-d212-49c4-afc2-07091ff1c4e0	chr17	5248239	20963541	2	2	0
6ccc6e7e-d212-49c4-afc2-07091ff1c4e0	chr17	20964896	21504039	2	1	1
6ccc6e7e-d212-49c4-afc2-07091ff1c4e0	chr17	21505052	22044499	1	1	0
6ccc6e7e-d212-49c4-afc2-07091ff1c4e0	chr17	22046727	27912213	2	1	1
6ccc6e7e-d212-49c4-afc2-07091ff1c4e0	chr17	27913385	27964878	1	1	0
6ccc6e7e-d212-49c4-afc2-07091ff1c4e0	chr17	27966537	29331215	2	1	1
6ccc6e7e-d212-49c4-afc2-07091ff1c4e0	chr17	29332413	30565825	3	2	1
6ccc6e7e-d212-49c4-afc2-07091ff1c4e0	chr17	30567470	30780345	2	1	1
6ccc6e7e-d212-49c4-afc2-07091ff1c4e0	chr17	30781621	31006498	3	2	1
6ccc6e7e-d212-49c4-afc2-07091ff1c4e0	chr17	31007893	32154945	2	1	1
6ccc6e7e-d212-49c4-afc2-07091ff1c4e0	chr17	32158672	32237881	4	2	2
6ccc6e7e-d212-49c4-afc2-07091ff1c4e0	chr17	32239219	32340362	3	2	1
6ccc6e7e-d212-49c4-afc2-07091ff1c4e0	chr17	32343479	32433299	4	2	2
6ccc6e7e-d212-49c4-afc2-07091ff1c4e0	chr17	32435991	33200895	2	1	1
6ccc6e7e-d212-49c4-afc2-07091ff1c4e0	chr17	33202168	33231561	1	1	0
6ccc6e7e-d212-49c4-afc2-07091ff1c4e0	chr17	33232579	33304457	2	1	1
6ccc6e7e-d212-49c4-afc2-07091ff1c4e0	chr17	33305472	33429646	1	1	0
6ccc6e7e-d212-49c4-afc2-07091ff1c4e0	chr17	33430767	33602666	2	1	1
6ccc6e7e-d212-49c4-afc2-07091ff1c4e0	chr17	33603951	33668881	1	1	0
6ccc6e7e-d212-49c4-afc2-07091ff1c4e0	chr17	33670666	34446700	2	1	1
6ccc6e7e-d212-49c4-afc2-07091ff1c4e0	chr17	34448033	34664454	1	1	0
6ccc6e7e-d212-49c4-afc2-07091ff1c4e0	chr17	34665744	42289801	2	1	1
6ccc6e7e-d212-49c4-afc2-07091ff1c4e0	chr17	42291443	43035550	3	2	1
6ccc6e7e-d212-49c4-afc2-07091ff1c4e0	chr17	43036769	49268201	2	1	1
6ccc6e7e-d212-49c4-afc2-07091ff1c4e0	chr17	49269810	49326364	3	2	1
6ccc6e7e-d212-49c4-afc2-07091ff1c4e0	chr17	49327705	58854534	2	1	1
6ccc6e7e-d212-49c4-afc2-07091ff1c4e0	chr17	58856261	59226228	3	2	1
6ccc6e7e-d212-49c4-afc2-07091ff1c4e0	chr17	59228127	59300143	4	2	2
6ccc6e7e-d212-49c4-afc2-07091ff1c4e0	chr17	59302561	59712845	2	1	1
6ccc6e7e-d212-49c4-afc2-07091ff1c4e0	chr17	59714483	62024078	3	2	1
6ccc6e7e-d212-49c4-afc2-07091ff1c4e0	chr17	62025668	62087647	2	1	1
6ccc6e7e-d212-49c4-afc2-07091ff1c4e0	chr17	62088713	62357049	3	2	1
6ccc6e7e-d212-49c4-afc2-07091ff1c4e0	chr17	62358087	75107199	2	1	1
6ccc6e7e-d212-49c4-afc2-07091ff1c4e0	chr17	75111231	75537522	3	2	1
6ccc6e7e-d212-49c4-afc2-07091ff1c4e0	chr17	75538665	77417872	2	1	1
6ccc6e7e-d212-49c4-afc2-07091ff1c4e0	chr17	77418898	77486938	1	1	0
6ccc6e7e-d212-49c4-afc2-07091ff1c4e0	chr17	77487991	78196651	2	1	1
6ccc6e7e-d212-49c4-afc2-07091ff1c4e0	chr17	78198408	78251077	3	2	1
6ccc6e7e-d212-49c4-afc2-07091ff1c4e0	chr17	78252148	79149209	2	1	1
6ccc6e7e-d212-49c4-afc2-07091ff1c4e0	chr17	79150285	79706907	1	1	0
6ccc6e7e-d212-49c4-afc2-07091ff1c4e0	chr17	79708145	80801771	2	1	1
6ccc6e7e-d212-49c4-afc2-07091ff1c4e0	chr17	80802797	80862586	1	1	0
6ccc6e7e-d212-49c4-afc2-07091ff1c4e0	chr17	80863952	80866238	2	2	0
6ccc6e7e-d212-49c4-afc2-07091ff1c4e0	chr17	80867893	80909153	1	1	0
6ccc6e7e-d212-49c4-afc2-07091ff1c4e0	chr17	80910294	83103503	2	1	1
6ccc6e7e-d212-49c4-afc2-07091ff1c4e0	chr17	83104618	83237603	1	1	0
6ccc6e7e-d212-49c4-afc2-07091ff1c4e0	chr18	16444	15410360	1	1	0
6ccc6e7e-d212-49c4-afc2-07091ff1c4e0	chr18	20931967	21977131	4	2	2
6ccc6e7e-d212-49c4-afc2-07091ff1c4e0	chr18	21978559	24725132	3	2	1
6ccc6e7e-d212-49c4-afc2-07091ff1c4e0	chr18	24726152	24905163	2	1	1
6ccc6e7e-d212-49c4-afc2-07091ff1c4e0	chr18	24906263	24956169	3	2	1
6ccc6e7e-d212-49c4-afc2-07091ff1c4e0	chr18	24957225	49477503	1	1	0
6ccc6e7e-d212-49c4-afc2-07091ff1c4e0	chr18	49478714	49533801	2	2	0
6ccc6e7e-d212-49c4-afc2-07091ff1c4e0	chr18	49535912	80259190	1	1	0
6ccc6e7e-d212-49c4-afc2-07091ff1c4e0	chr19	157892	10288699	1	1	0
6ccc6e7e-d212-49c4-afc2-07091ff1c4e0	chr19	10290134	11063949	25	23	2
6ccc6e7e-d212-49c4-afc2-07091ff1c4e0	chr19	11065147	11121523	23	21	2
6ccc6e7e-d212-49c4-afc2-07091ff1c4e0	chr19	11122929	11211029	24	22	2
6ccc6e7e-d212-49c4-afc2-07091ff1c4e0	chr19	11212304	11236817	4	2	2
6ccc6e7e-d212-49c4-afc2-07091ff1c4e0	chr19	11237845	13624428	3	2	1
6ccc6e7e-d212-49c4-afc2-07091ff1c4e0	chr19	13626293	13707503	4	2	2
6ccc6e7e-d212-49c4-afc2-07091ff1c4e0	chr19	13710877	13934526	3	2	1
6ccc6e7e-d212-49c4-afc2-07091ff1c4e0	chr19	13936743	14045470	4	2	2
6ccc6e7e-d212-49c4-afc2-07091ff1c4e0	chr19	14046666	14096915	2	1	1
6ccc6e7e-d212-49c4-afc2-07091ff1c4e0	chr19	14097970	14241337	3	2	1
6ccc6e7e-d212-49c4-afc2-07091ff1c4e0	chr19	14243270	14488407	4	2	2
6ccc6e7e-d212-49c4-afc2-07091ff1c4e0	chr19	14489493	17431381	3	2	1
6ccc6e7e-d212-49c4-afc2-07091ff1c4e0	chr19	17432449	30243684	2	1	1
6ccc6e7e-d212-49c4-afc2-07091ff1c4e0	chr19	30245135	30267458	1	1	0
6ccc6e7e-d212-49c4-afc2-07091ff1c4e0	chr19	30268514	30474065	2	1	1
6ccc6e7e-d212-49c4-afc2-07091ff1c4e0	chr19	30475073	30566315	1	1	0
6ccc6e7e-d212-49c4-afc2-07091ff1c4e0	chr19	30568160	30586037	2	2	0
6ccc6e7e-d212-49c4-afc2-07091ff1c4e0	chr19	30587187	31146228	1	1	0
6ccc6e7e-d212-49c4-afc2-07091ff1c4e0	chr19	31147260	31230018	2	1	1
6ccc6e7e-d212-49c4-afc2-07091ff1c4e0	chr19	31233474	31336792	1	1	0
6ccc6e7e-d212-49c4-afc2-07091ff1c4e0	chr19	31337942	31956471	2	1	1
6ccc6e7e-d212-49c4-afc2-07091ff1c4e0	chr19	31957490	32100225	1	1	0
6ccc6e7e-d212-49c4-afc2-07091ff1c4e0	chr19	32101976	33698732	2	1	1
6ccc6e7e-d212-49c4-afc2-07091ff1c4e0	chr19	33699907	42746813	3	2	1
6ccc6e7e-d212-49c4-afc2-07091ff1c4e0	chr19	42748377	44823407	2	1	1
6ccc6e7e-d212-49c4-afc2-07091ff1c4e0	chr19	44825110	45316838	3	2	1
6ccc6e7e-d212-49c4-afc2-07091ff1c4e0	chr19	45318433	45397449	4	2	2
6ccc6e7e-d212-49c4-afc2-07091ff1c4e0	chr19	45399560	47395180	3	2	1
6ccc6e7e-d212-49c4-afc2-07091ff1c4e0	chr19	47396219	47448646	4	2	2
6ccc6e7e-d212-49c4-afc2-07091ff1c4e0	chr19	47450680	51879501	3	2	1
6ccc6e7e-d212-49c4-afc2-07091ff1c4e0	chr19	51880606	53790387	2	1	1
6ccc6e7e-d212-49c4-afc2-07091ff1c4e0	chr19	53791708	53865639	4	2	2
6ccc6e7e-d212-49c4-afc2-07091ff1c4e0	chr19	53868003	53926196	3	2	1
6ccc6e7e-d212-49c4-afc2-07091ff1c4e0	chr19	53927200	58607412	2	1	1
6ccc6e7e-d212-49c4-afc2-07091ff1c4e0	chr20	80457	310134	2	1	1
6ccc6e7e-d212-49c4-afc2-07091ff1c4e0	chr20	311145	455701	3	2	1
6ccc6e7e-d212-49c4-afc2-07091ff1c4e0	chr20	456818	462293	2	1	1
6ccc6e7e-d212-49c4-afc2-07091ff1c4e0	chr20	463841	554853	3	2	1
6ccc6e7e-d212-49c4-afc2-07091ff1c4e0	chr20	555892	3079704	2	1	1
6ccc6e7e-d212-49c4-afc2-07091ff1c4e0	chr20	3080785	3093104	4	2	2
6ccc6e7e-d212-49c4-afc2-07091ff1c4e0	chr20	3094189	3194248	3	2	1
6ccc6e7e-d212-49c4-afc2-07091ff1c4e0	chr20	3195363	3239046	4	2	2
6ccc6e7e-d212-49c4-afc2-07091ff1c4e0	chr20	3240415	3416787	3	2	1
6ccc6e7e-d212-49c4-afc2-07091ff1c4e0	chr20	3419099	19373445	2	1	1
6ccc6e7e-d212-49c4-afc2-07091ff1c4e0	chr20	19374906	19466908	1	1	0
6ccc6e7e-d212-49c4-afc2-07091ff1c4e0	chr20	19468234	24064597	2	1	1
6ccc6e7e-d212-49c4-afc2-07091ff1c4e0	chr20	24065676	24159719	1	1	0
6ccc6e7e-d212-49c4-afc2-07091ff1c4e0	chr20	24162806	24644721	2	1	1
6ccc6e7e-d212-49c4-afc2-07091ff1c4e0	chr20	24646951	24746305	1	1	0
6ccc6e7e-d212-49c4-afc2-07091ff1c4e0	chr20	24747352	31361432	2	1	1
6ccc6e7e-d212-49c4-afc2-07091ff1c4e0	chr20	31362735	31498649	3	2	1
6ccc6e7e-d212-49c4-afc2-07091ff1c4e0	chr20	31501111	33352734	2	1	1
6ccc6e7e-d212-49c4-afc2-07091ff1c4e0	chr20	33354441	33656905	3	3	0
6ccc6e7e-d212-49c4-afc2-07091ff1c4e0	chr20	33658063	33674407	2	2	0
6ccc6e7e-d212-49c4-afc2-07091ff1c4e0	chr20	33675818	33701566	4	4	0
6ccc6e7e-d212-49c4-afc2-07091ff1c4e0	chr20	33703636	33802601	3	2	1
6ccc6e7e-d212-49c4-afc2-07091ff1c4e0	chr20	33805194	34112760	2	1	1
6ccc6e7e-d212-49c4-afc2-07091ff1c4e0	chr20	34114150	34122904	6	6	0
6ccc6e7e-d212-49c4-afc2-07091ff1c4e0	chr20	34125594	34285641	2	2	0
6ccc6e7e-d212-49c4-afc2-07091ff1c4e0	chr20	34287692	34553782	3	2	1
6ccc6e7e-d212-49c4-afc2-07091ff1c4e0	chr20	34555019	34825373	3	3	0
6ccc6e7e-d212-49c4-afc2-07091ff1c4e0	chr20	34826518	35011638	2	2	0
6ccc6e7e-d212-49c4-afc2-07091ff1c4e0	chr20	35012757	35158135	3	2	1
6ccc6e7e-d212-49c4-afc2-07091ff1c4e0	chr20	35159528	35252900	3	3	0
6ccc6e7e-d212-49c4-afc2-07091ff1c4e0	chr20	35254156	35326898	2	1	1
6ccc6e7e-d212-49c4-afc2-07091ff1c4e0	chr20	35328523	35436182	3	3	0
6ccc6e7e-d212-49c4-afc2-07091ff1c4e0	chr20	35437976	35612055	3	2	1
6ccc6e7e-d212-49c4-afc2-07091ff1c4e0	chr20	35613898	36414813	2	1	1
6ccc6e7e-d212-49c4-afc2-07091ff1c4e0	chr20	36415889	36539536	3	2	1
6ccc6e7e-d212-49c4-afc2-07091ff1c4e0	chr20	36542215	43551808	2	1	1
6ccc6e7e-d212-49c4-afc2-07091ff1c4e0	chr20	43553261	43601999	3	2	1
6ccc6e7e-d212-49c4-afc2-07091ff1c4e0	chr20	43603192	43614303	3	3	0
6ccc6e7e-d212-49c4-afc2-07091ff1c4e0	chr20	43615363	43630996	2	1	1
6ccc6e7e-d212-49c4-afc2-07091ff1c4e0	chr20	43632050	43645401	4	4	0
6ccc6e7e-d212-49c4-afc2-07091ff1c4e0	chr20	43646859	43670469	4	2	2
6ccc6e7e-d212-49c4-afc2-07091ff1c4e0	chr20	43671622	43742455	3	2	1
6ccc6e7e-d212-49c4-afc2-07091ff1c4e0	chr20	43743713	47444016	2	1	1
6ccc6e7e-d212-49c4-afc2-07091ff1c4e0	chr20	47445066	47475871	4	2	2
6ccc6e7e-d212-49c4-afc2-07091ff1c4e0	chr20	47477201	47666860	3	3	0
6ccc6e7e-d212-49c4-afc2-07091ff1c4e0	chr20	47668883	47716932	2	1	1
6ccc6e7e-d212-49c4-afc2-07091ff1c4e0	chr20	47717989	48392511	1	1	0
6ccc6e7e-d212-49c4-afc2-07091ff1c4e0	chr20	48393998	49805143	2	1	1
6ccc6e7e-d212-49c4-afc2-07091ff1c4e0	chr20	49806410	49812804	3	2	1
6ccc6e7e-d212-49c4-afc2-07091ff1c4e0	chr20	49814143	49981882	2	2	0
6ccc6e7e-d212-49c4-afc2-07091ff1c4e0	chr20	49983012	50049648	3	2	1
6ccc6e7e-d212-49c4-afc2-07091ff1c4e0	chr20	50051805	50625915	2	1	1
6ccc6e7e-d212-49c4-afc2-07091ff1c4e0	chr20	50627010	50721146	3	2	1
6ccc6e7e-d212-49c4-afc2-07091ff1c4e0	chr20	50722272	50788493	2	1	1
6ccc6e7e-d212-49c4-afc2-07091ff1c4e0	chr20	50789724	50862148	3	2	1
6ccc6e7e-d212-49c4-afc2-07091ff1c4e0	chr20	50863226	51904697	2	1	1
6ccc6e7e-d212-49c4-afc2-07091ff1c4e0	chr20	51905698	52000847	3	2	1
6ccc6e7e-d212-49c4-afc2-07091ff1c4e0	chr20	52004930	57197879	2	1	1
6ccc6e7e-d212-49c4-afc2-07091ff1c4e0	chr20	57199190	57879280	1	1	0
6ccc6e7e-d212-49c4-afc2-07091ff1c4e0	chr20	57881129	57900347	2	1	1
6ccc6e7e-d212-49c4-afc2-07091ff1c4e0	chr20	57902845	57943637	1	1	0
6ccc6e7e-d212-49c4-afc2-07091ff1c4e0	chr20	57944642	57944642	4	4	0
6ccc6e7e-d212-49c4-afc2-07091ff1c4e0	chr20	57945848	59244481	2	1	1
6ccc6e7e-d212-49c4-afc2-07091ff1c4e0	chr20	59246171	59319323	1	1	0
6ccc6e7e-d212-49c4-afc2-07091ff1c4e0	chr20	59320358	60827842	2	1	1
6ccc6e7e-d212-49c4-afc2-07091ff1c4e0	chr20	60830547	61273521	1	1	0
6ccc6e7e-d212-49c4-afc2-07091ff1c4e0	chr20	61275015	61283245	2	2	0
6ccc6e7e-d212-49c4-afc2-07091ff1c4e0	chr20	61284364	61290437	1	1	0
6ccc6e7e-d212-49c4-afc2-07091ff1c4e0	chr20	61291593	61297611	2	2	0
6ccc6e7e-d212-49c4-afc2-07091ff1c4e0	chr20	61299148	61507526	1	1	0
6ccc6e7e-d212-49c4-afc2-07091ff1c4e0	chr20	61510620	61546840	2	1	1
6ccc6e7e-d212-49c4-afc2-07091ff1c4e0	chr20	61548200	61668355	1	1	0
6ccc6e7e-d212-49c4-afc2-07091ff1c4e0	chr20	61670752	61673039	2	1	1
6ccc6e7e-d212-49c4-afc2-07091ff1c4e0	chr20	61674717	61822248	1	1	0
6ccc6e7e-d212-49c4-afc2-07091ff1c4e0	chr20	61823315	61865312	2	1	1
6ccc6e7e-d212-49c4-afc2-07091ff1c4e0	chr20	61866436	62886595	1	1	0
6ccc6e7e-d212-49c4-afc2-07091ff1c4e0	chr20	62887690	62889442	0	0	0
6ccc6e7e-d212-49c4-afc2-07091ff1c4e0	chr20	62890667	63347172	1	1	0
6ccc6e7e-d212-49c4-afc2-07091ff1c4e0	chr20	63348208	63362033	2	2	0
6ccc6e7e-d212-49c4-afc2-07091ff1c4e0	chr20	63363313	63386699	1	1	0
6ccc6e7e-d212-49c4-afc2-07091ff1c4e0	chr20	63387863	64331516	2	1	1
6ccc6e7e-d212-49c4-afc2-07091ff1c4e0	chr21	7762688	10008432	1	1	0
6ccc6e7e-d212-49c4-afc2-07091ff1c4e0	chr21	10012389	10117998	2	2	0
6ccc6e7e-d212-49c4-afc2-07091ff1c4e0	chr21	10119655	46699722	1	1	0
6ccc6e7e-d212-49c4-afc2-07091ff1c4e0	chr22	15284540	18618635	1	1	0
6ccc6e7e-d212-49c4-afc2-07091ff1c4e0	chr22	18621369	18887978	3	3	0
6ccc6e7e-d212-49c4-afc2-07091ff1c4e0	chr22	18889117	21109226	1	1	0
6ccc6e7e-d212-49c4-afc2-07091ff1c4e0	chr22	21110761	21652854	2	2	0
6ccc6e7e-d212-49c4-afc2-07091ff1c4e0	chr22	21655280	37595628	1	1	0
6ccc6e7e-d212-49c4-afc2-07091ff1c4e0	chr22	37596692	38230159	2	2	0
6ccc6e7e-d212-49c4-afc2-07091ff1c4e0	chr22	38231470	40319024	1	1	0
6ccc6e7e-d212-49c4-afc2-07091ff1c4e0	chr22	40320484	41864165	2	2	0
6ccc6e7e-d212-49c4-afc2-07091ff1c4e0	chr22	41866443	50281547	1	1	0
6ccc6e7e-d212-49c4-afc2-07091ff1c4e0	chr22	50282574	50464792	2	2	0
6ccc6e7e-d212-49c4-afc2-07091ff1c4e0	chr22	50467135	50802392	1	1	0
6ccc6e7e-d212-49c4-afc2-07091ff1c4e0	chrX	2781514	23793743	1	1	0
6ccc6e7e-d212-49c4-afc2-07091ff1c4e0	chrX	23795455	24015299	3	2	1
6ccc6e7e-d212-49c4-afc2-07091ff1c4e0	chrX	24017099	24222618	2	1	1
6ccc6e7e-d212-49c4-afc2-07091ff1c4e0	chrX	24223859	24266408	3	2	1
6ccc6e7e-d212-49c4-afc2-07091ff1c4e0	chrX	24267943	32293484	1	1	0
6ccc6e7e-d212-49c4-afc2-07091ff1c4e0	chrX	32295302	32387899	0	0	0
6ccc6e7e-d212-49c4-afc2-07091ff1c4e0	chrX	32391085	32467649	1	1	0
6ccc6e7e-d212-49c4-afc2-07091ff1c4e0	chrX	32469220	32598415	0	0	0
6ccc6e7e-d212-49c4-afc2-07091ff1c4e0	chrX	32599468	32601721	1	1	0
6ccc6e7e-d212-49c4-afc2-07091ff1c4e0	chrX	32602781	32650254	0	0	0
6ccc6e7e-d212-49c4-afc2-07091ff1c4e0	chrX	32651255	32727493	1	1	0
6ccc6e7e-d212-49c4-afc2-07091ff1c4e0	chrX	32729143	41644164	2	1	1
6ccc6e7e-d212-49c4-afc2-07091ff1c4e0	chrX	41646527	44485653	1	1	0
6ccc6e7e-d212-49c4-afc2-07091ff1c4e0	chrX	44487355	44612225	3	2	1
6ccc6e7e-d212-49c4-afc2-07091ff1c4e0	chrX	44613374	44657573	2	1	1
6ccc6e7e-d212-49c4-afc2-07091ff1c4e0	chrX	44659549	44820811	3	2	1
6ccc6e7e-d212-49c4-afc2-07091ff1c4e0	chrX	44823063	53967987	2	1	1
6ccc6e7e-d212-49c4-afc2-07091ff1c4e0	chrX	53973981	53978105	5	5	0
6ccc6e7e-d212-49c4-afc2-07091ff1c4e0	chrX	53980940	54045724	1	1	0
6ccc6e7e-d212-49c4-afc2-07091ff1c4e0	chrX	54049925	54129122	2	2	0
6ccc6e7e-d212-49c4-afc2-07091ff1c4e0	chrX	54131772	54253844	2	1	1
6ccc6e7e-d212-49c4-afc2-07091ff1c4e0	chrX	54257268	54427719	3	2	1
6ccc6e7e-d212-49c4-afc2-07091ff1c4e0	chrX	54428929	58086587	2	1	1
6ccc6e7e-d212-49c4-afc2-07091ff1c4e0	chrX	58088080	58253403	1	1	0
6ccc6e7e-d212-49c4-afc2-07091ff1c4e0	chrX	58254749	58261956	2	1	1
6ccc6e7e-d212-49c4-afc2-07091ff1c4e0	chrX	58263337	58264871	2	2	0
6ccc6e7e-d212-49c4-afc2-07091ff1c4e0	chrX	58268249	71294715	2	1	1
6ccc6e7e-d212-49c4-afc2-07091ff1c4e0	chrX	71299690	71524670	3	2	1
6ccc6e7e-d212-49c4-afc2-07091ff1c4e0	chrX	71526722	119684745	2	1	1
6ccc6e7e-d212-49c4-afc2-07091ff1c4e0	chrX	119686081	119742338	3	2	1
6ccc6e7e-d212-49c4-afc2-07091ff1c4e0	chrX	119743404	119758925	3	3	0
6ccc6e7e-d212-49c4-afc2-07091ff1c4e0	chrX	119760259	123809101	2	1	1
6ccc6e7e-d212-49c4-afc2-07091ff1c4e0	chrX	123810639	123995563	3	2	1
6ccc6e7e-d212-49c4-afc2-07091ff1c4e0	chrX	123999134	148514179	2	1	1
6ccc6e7e-d212-49c4-afc2-07091ff1c4e0	chrX	148517170	148754633	1	1	0
6ccc6e7e-d212-49c4-afc2-07091ff1c4e0	chrX	148756412	148770242	2	1	1
6ccc6e7e-d212-49c4-afc2-07091ff1c4e0	chrX	148773685	153126516	1	1	0
6ccc6e7e-d212-49c4-afc2-07091ff1c4e0	chrX	153152629	153179201	2	2	0
6ccc6e7e-d212-49c4-afc2-07091ff1c4e0	chrX	153182312	153482089	1	1	0
6ccc6e7e-d212-49c4-afc2-07091ff1c4e0	chrX	153483730	155699751	2	1	1
