GDC_Aliquot	Chromosome	Start	End	Num_Probes	Segment_Mean
4f029a87-5cb5-4af6-9395-eb4d8e12319f	1	62920	16181123	8465	-0.1254
4f029a87-5cb5-4af6-9395-eb4d8e12319f	1	16181326	16183200	2	-2.1121
4f029a87-5cb5-4af6-9395-eb4d8e12319f	1	16183790	16855942	210	-0.045
4f029a87-5cb5-4af6-9395-eb4d8e12319f	1	16863509	16949746	56	-0.6181
4f029a87-5cb5-4af6-9395-eb4d8e12319f	1	16951445	40108721	13205	-0.1202
4f029a87-5cb5-4af6-9395-eb4d8e12319f	1	40112754	40121072	2	-2.0882
4f029a87-5cb5-4af6-9395-eb4d8e12319f	1	40122616	72303233	20755	-0.1183
4f029a87-5cb5-4af6-9395-eb4d8e12319f	1	72303253	72345465	45	-1.2501
4f029a87-5cb5-4af6-9395-eb4d8e12319f	1	72346221	72357114	10	0.1468
4f029a87-5cb5-4af6-9395-eb4d8e12319f	1	72357136	75692061	2001	-0.0867
4f029a87-5cb5-4af6-9395-eb4d8e12319f	1	75708464	76093766	310	0.255
4f029a87-5cb5-4af6-9395-eb4d8e12319f	1	76097220	105470754	18575	-0.3606
4f029a87-5cb5-4af6-9395-eb4d8e12319f	1	105476583	105479753	17	0.3188
4f029a87-5cb5-4af6-9395-eb4d8e12319f	1	105481433	109684695	2628	-0.3716
4f029a87-5cb5-4af6-9395-eb4d8e12319f	1	109684893	109697556	14	0.4327
4f029a87-5cb5-4af6-9395-eb4d8e12319f	1	109702376	119979137	6983	-0.3666
4f029a87-5cb5-4af6-9395-eb4d8e12319f	1	119979978	121074420	34	-0.0649
4f029a87-5cb5-4af6-9395-eb4d8e12319f	1	121106220	121503002	48	0.3291
4f029a87-5cb5-4af6-9395-eb4d8e12319f	1	121503523	121510495	4	-0.5617
4f029a87-5cb5-4af6-9395-eb4d8e12319f	1	121512704	121705338	38	0.2489
4f029a87-5cb5-4af6-9395-eb4d8e12319f	1	143459641	143942271	128	-0.3561
4f029a87-5cb5-4af6-9395-eb4d8e12319f	1	144432083	158896783	6155	0.5415
4f029a87-5cb5-4af6-9395-eb4d8e12319f	1	158898711	158899969	2	-0.8547
4f029a87-5cb5-4af6-9395-eb4d8e12319f	1	158905028	169247699	7655	0.5417
4f029a87-5cb5-4af6-9395-eb4d8e12319f	1	169264736	169272528	6	1.4269
4f029a87-5cb5-4af6-9395-eb4d8e12319f	1	169273163	178693453	6053	0.5329
4f029a87-5cb5-4af6-9395-eb4d8e12319f	1	178693483	178699935	16	0.0762
4f029a87-5cb5-4af6-9395-eb4d8e12319f	1	178699977	181306624	1786	0.5179
4f029a87-5cb5-4af6-9395-eb4d8e12319f	1	181307383	196843377	10354	0.4056
4f029a87-5cb5-4af6-9395-eb4d8e12319f	1	196843400	196846661	2	-2.533
4f029a87-5cb5-4af6-9395-eb4d8e12319f	1	196847600	228862639	21215	0.3966
4f029a87-5cb5-4af6-9395-eb4d8e12319f	1	228867331	241882744	10021	0.4192
4f029a87-5cb5-4af6-9395-eb4d8e12319f	1	241883584	244583848	1775	0.3855
4f029a87-5cb5-4af6-9395-eb4d8e12319f	1	244584822	244585032	2	-1.3301
4f029a87-5cb5-4af6-9395-eb4d8e12319f	1	244585155	248930189	2768	0.4034
4f029a87-5cb5-4af6-9395-eb4d8e12319f	2	12784	4158097	2984	0.1948
4f029a87-5cb5-4af6-9395-eb4d8e12319f	2	4166274	4176429	42	-0.4971
4f029a87-5cb5-4af6-9395-eb4d8e12319f	2	4182472	34295406	20937	0.1885
4f029a87-5cb5-4af6-9395-eb4d8e12319f	2	34298911	34300513	2	-1.5727
4f029a87-5cb5-4af6-9395-eb4d8e12319f	2	34300900	65373033	21341	0.1868
4f029a87-5cb5-4af6-9395-eb4d8e12319f	2	65373665	86710564	13714	0.0384
4f029a87-5cb5-4af6-9395-eb4d8e12319f	2	86725947	86743283	3	-1.4122
4f029a87-5cb5-4af6-9395-eb4d8e12319f	2	86744622	89271229	851	0.0182
4f029a87-5cb5-4af6-9395-eb4d8e12319f	2	89284150	97537802	1081	0.0853
4f029a87-5cb5-4af6-9395-eb4d8e12319f	2	97540809	97545247	3	-1.2182
4f029a87-5cb5-4af6-9395-eb4d8e12319f	2	97545726	132423798	20581	0.0784
4f029a87-5cb5-4af6-9395-eb4d8e12319f	2	132424493	154033296	13686	0.4147
4f029a87-5cb5-4af6-9395-eb4d8e12319f	2	154039462	154039969	2	-2.3548
4f029a87-5cb5-4af6-9395-eb4d8e12319f	2	154043710	159102108	2898	0.4196
4f029a87-5cb5-4af6-9395-eb4d8e12319f	2	159103831	159104461	2	-1.812
4f029a87-5cb5-4af6-9395-eb4d8e12319f	2	159106775	196763993	22733	0.4107
4f029a87-5cb5-4af6-9395-eb4d8e12319f	2	196769806	201701336	2828	0.0746
4f029a87-5cb5-4af6-9395-eb4d8e12319f	2	201701404	207490231	3567	-0.0953
4f029a87-5cb5-4af6-9395-eb4d8e12319f	2	207490454	207494612	16	-0.969
4f029a87-5cb5-4af6-9395-eb4d8e12319f	2	207494752	241973315	21917	-0.0934
4f029a87-5cb5-4af6-9395-eb4d8e12319f	2	241973401	242092213	101	-1.3418
4f029a87-5cb5-4af6-9395-eb4d8e12319f	2	242095460	242147305	24	-0.0654
4f029a87-5cb5-4af6-9395-eb4d8e12319f	3	20930	16197556	12875	0.0505
4f029a87-5cb5-4af6-9395-eb4d8e12319f	3	16199049	16199672	6	-2.8231
4f029a87-5cb5-4af6-9395-eb4d8e12319f	3	16199818	41485476	17115	0.0594
4f029a87-5cb5-4af6-9395-eb4d8e12319f	3	41487997	41488291	2	-1.4758
4f029a87-5cb5-4af6-9395-eb4d8e12319f	3	41489796	68697108	17727	0.0622
4f029a87-5cb5-4af6-9395-eb4d8e12319f	3	68697133	68698262	13	-1.2363
4f029a87-5cb5-4af6-9395-eb4d8e12319f	3	68699607	73642505	3715	0.0546
4f029a87-5cb5-4af6-9395-eb4d8e12319f	3	73645211	74882725	897	-0.3728
4f029a87-5cb5-4af6-9395-eb4d8e12319f	3	74883537	99218940	11264	0.0668
4f029a87-5cb5-4af6-9395-eb4d8e12319f	3	99225614	99230464	36	-0.3379
4f029a87-5cb5-4af6-9395-eb4d8e12319f	3	99230470	100868572	901	0.0495
4f029a87-5cb5-4af6-9395-eb4d8e12319f	3	100869223	104610642	2159	0.3832
4f029a87-5cb5-4af6-9395-eb4d8e12319f	3	104617442	142826805	23391	-0.3653
4f029a87-5cb5-4af6-9395-eb4d8e12319f	3	142827179	142828575	3	-2.111
4f029a87-5cb5-4af6-9395-eb4d8e12319f	3	142831538	149245189	4136	-0.3693
4f029a87-5cb5-4af6-9395-eb4d8e12319f	3	149245608	149250334	25	-1.7373
4f029a87-5cb5-4af6-9395-eb4d8e12319f	3	149253293	152609229	2147	-0.36
4f029a87-5cb5-4af6-9395-eb4d8e12319f	3	152610950	152611101	2	-2.8594
4f029a87-5cb5-4af6-9395-eb4d8e12319f	3	152611217	162790480	6150	-0.3623
4f029a87-5cb5-4af6-9395-eb4d8e12319f	3	162794869	162908207	70	0.0607
4f029a87-5cb5-4af6-9395-eb4d8e12319f	3	162908784	189642965	16631	-0.3645
4f029a87-5cb5-4af6-9395-eb4d8e12319f	3	189645889	189653199	12	-1.5623
4f029a87-5cb5-4af6-9395-eb4d8e12319f	3	189653225	193156958	2483	-0.3623
4f029a87-5cb5-4af6-9395-eb4d8e12319f	3	193160113	193165114	20	-0.8521
4f029a87-5cb5-4af6-9395-eb4d8e12319f	3	193168646	195559056	1478	-0.375
4f029a87-5cb5-4af6-9395-eb4d8e12319f	3	195656271	195746925	42	0.1767
4f029a87-5cb5-4af6-9395-eb4d8e12319f	3	195747311	198169247	1164	-0.3755
4f029a87-5cb5-4af6-9395-eb4d8e12319f	4	68929	10208766	5687	-0.1994
4f029a87-5cb5-4af6-9395-eb4d8e12319f	4	10212536	10232984	32	0.3131
4f029a87-5cb5-4af6-9395-eb4d8e12319f	4	10233383	10389091	175	-0.1634
4f029a87-5cb5-4af6-9395-eb4d8e12319f	4	10390730	10399044	16	-1.0093
4f029a87-5cb5-4af6-9395-eb4d8e12319f	4	10401094	11007523	486	-0.1847
4f029a87-5cb5-4af6-9395-eb4d8e12319f	4	11007664	25973177	10790	-0.125
4f029a87-5cb5-4af6-9395-eb4d8e12319f	4	25973489	25980331	11	-1.644
4f029a87-5cb5-4af6-9395-eb4d8e12319f	4	25983997	45004175	12128	-0.1222
4f029a87-5cb5-4af6-9395-eb4d8e12319f	4	45004295	45004318	2	-1.7351
4f029a87-5cb5-4af6-9395-eb4d8e12319f	4	45008952	68354665	12775	-0.1022
4f029a87-5cb5-4af6-9395-eb4d8e12319f	4	68361130	68395346	7	0.8944
4f029a87-5cb5-4af6-9395-eb4d8e12319f	4	68416487	68422424	5	-1.2498
4f029a87-5cb5-4af6-9395-eb4d8e12319f	4	68429081	69261926	390	-0.1538
4f029a87-5cb5-4af6-9395-eb4d8e12319f	4	69261934	69359132	47	-0.8999
4f029a87-5cb5-4af6-9395-eb4d8e12319f	4	69361181	114252544	27284	-0.1027
4f029a87-5cb5-4af6-9395-eb4d8e12319f	4	114254167	114263073	24	0.4836
4f029a87-5cb5-4af6-9395-eb4d8e12319f	4	114263096	137163953	13217	-0.1008
4f029a87-5cb5-4af6-9395-eb4d8e12319f	4	137168393	137172260	17	-0.8033
4f029a87-5cb5-4af6-9395-eb4d8e12319f	4	137173804	172066777	21767	-0.105
4f029a87-5cb5-4af6-9395-eb4d8e12319f	4	172067997	172068382	12	0.8642
4f029a87-5cb5-4af6-9395-eb4d8e12319f	4	172074828	185474865	8952	-0.1217
4f029a87-5cb5-4af6-9395-eb4d8e12319f	4	185477075	185496535	15	-1.3774
4f029a87-5cb5-4af6-9395-eb4d8e12319f	4	185500412	190106768	3094	-0.1229
4f029a87-5cb5-4af6-9395-eb4d8e12319f	5	15532	11160319	9079	-0.0761
4f029a87-5cb5-4af6-9395-eb4d8e12319f	5	11161513	11162659	4	-1.2236
4f029a87-5cb5-4af6-9395-eb4d8e12319f	5	11167165	12800777	1085	-0.0626
4f029a87-5cb5-4af6-9395-eb4d8e12319f	5	12815668	12826538	11	-1.4601
4f029a87-5cb5-4af6-9395-eb4d8e12319f	5	12833745	27524345	9028	-0.0808
4f029a87-5cb5-4af6-9395-eb4d8e12319f	5	27525283	27525407	2	-2.6668
4f029a87-5cb5-4af6-9395-eb4d8e12319f	5	27525800	27525863	6	-0.8942
4f029a87-5cb5-4af6-9395-eb4d8e12319f	5	27525880	58025819	16462	-0.0802
4f029a87-5cb5-4af6-9395-eb4d8e12319f	5	58030200	58037706	32	1.7343
4f029a87-5cb5-4af6-9395-eb4d8e12319f	5	58042530	97859970	22966	-0.0826
4f029a87-5cb5-4af6-9395-eb4d8e12319f	5	97860260	137886213	25694	-0.0529
4f029a87-5cb5-4af6-9395-eb4d8e12319f	5	137886805	140838209	1303	-0.0807
4f029a87-5cb5-4af6-9395-eb4d8e12319f	5	140838745	140864171	15	-0.9328
4f029a87-5cb5-4af6-9395-eb4d8e12319f	5	140872578	172105449	21354	-0.0618
4f029a87-5cb5-4af6-9395-eb4d8e12319f	5	172105493	172106778	4	-1.6299
4f029a87-5cb5-4af6-9395-eb4d8e12319f	5	172109669	177771448	3626	-0.0786
4f029a87-5cb5-4af6-9395-eb4d8e12319f	5	177800550	177805604	3	2.1029
4f029a87-5cb5-4af6-9395-eb4d8e12319f	5	177827964	181363319	1981	-0.0688
4f029a87-5cb5-4af6-9395-eb4d8e12319f	6	149661	294725	123	0.2216
4f029a87-5cb5-4af6-9395-eb4d8e12319f	6	294837	389630	90	0.4457
4f029a87-5cb5-4af6-9395-eb4d8e12319f	6	395056	32533522	22625	0.2183
4f029a87-5cb5-4af6-9395-eb4d8e12319f	6	32540699	32562367	7	-0.6973
4f029a87-5cb5-4af6-9395-eb4d8e12319f	6	32562521	47923489	9863	0.2205
4f029a87-5cb5-4af6-9395-eb4d8e12319f	6	47927117	49393239	778	-0.1308
4f029a87-5cb5-4af6-9395-eb4d8e12319f	6	49393474	49841709	267	0.2683
4f029a87-5cb5-4af6-9395-eb4d8e12319f	6	49844271	50241170	232	-0.1181
4f029a87-5cb5-4af6-9395-eb4d8e12319f	6	50241660	50655651	232	0.2406
4f029a87-5cb5-4af6-9395-eb4d8e12319f	6	50660887	52020044	862	-0.1554
4f029a87-5cb5-4af6-9395-eb4d8e12319f	6	52023317	53913448	1356	0.2268
4f029a87-5cb5-4af6-9395-eb4d8e12319f	6	53917398	55331757	931	-0.1161
4f029a87-5cb5-4af6-9395-eb4d8e12319f	6	55331789	55555555	179	0.226
4f029a87-5cb5-4af6-9395-eb4d8e12319f	6	55558554	55978862	253	-0.1115
4f029a87-5cb5-4af6-9395-eb4d8e12319f	6	55986080	56602468	399	0.2378
4f029a87-5cb5-4af6-9395-eb4d8e12319f	6	56604429	57350696	361	-0.1449
4f029a87-5cb5-4af6-9395-eb4d8e12319f	6	57368944	63355623	1579	-0.3406
4f029a87-5cb5-4af6-9395-eb4d8e12319f	6	63356779	63743261	186	0.0275
4f029a87-5cb5-4af6-9395-eb4d8e12319f	6	63745426	64364345	315	-0.3231
4f029a87-5cb5-4af6-9395-eb4d8e12319f	6	64368164	64627049	157	0.0445
4f029a87-5cb5-4af6-9395-eb4d8e12319f	6	64637651	64639099	2	-1.2757
4f029a87-5cb5-4af6-9395-eb4d8e12319f	6	64640883	66168080	1028	0.0589
4f029a87-5cb5-4af6-9395-eb4d8e12319f	6	66172614	66973928	650	-0.3458
4f029a87-5cb5-4af6-9395-eb4d8e12319f	6	66973989	66974638	5	-1.3485
4f029a87-5cb5-4af6-9395-eb4d8e12319f	6	66978190	68976737	1322	-0.3464
4f029a87-5cb5-4af6-9395-eb4d8e12319f	6	68977806	68981476	4	-2.0049
4f029a87-5cb5-4af6-9395-eb4d8e12319f	6	68987514	74930121	3839	-0.3513
4f029a87-5cb5-4af6-9395-eb4d8e12319f	6	74932399	74950629	19	0.1137
4f029a87-5cb5-4af6-9395-eb4d8e12319f	6	74951251	76226207	712	-0.3612
4f029a87-5cb5-4af6-9395-eb4d8e12319f	6	76226582	76307209	49	0.0032
4f029a87-5cb5-4af6-9395-eb4d8e12319f	6	76307276	77188643	601	-0.3345
4f029a87-5cb5-4af6-9395-eb4d8e12319f	6	77190522	77432453	154	0.0775
4f029a87-5cb5-4af6-9395-eb4d8e12319f	6	77432858	77501718	49	-0.3824
4f029a87-5cb5-4af6-9395-eb4d8e12319f	6	77504306	77528187	36	0.0869
4f029a87-5cb5-4af6-9395-eb4d8e12319f	6	77536799	77760416	129	-0.3452
4f029a87-5cb5-4af6-9395-eb4d8e12319f	6	77760614	78240104	306	0.0869
4f029a87-5cb5-4af6-9395-eb4d8e12319f	6	78240510	78253172	15	-0.47
4f029a87-5cb5-4af6-9395-eb4d8e12319f	6	78259348	78322600	108	-1.3079
4f029a87-5cb5-4af6-9395-eb4d8e12319f	6	78322875	103290414	15454	-0.3571
4f029a87-5cb5-4af6-9395-eb4d8e12319f	6	103290439	103317795	41	-1.0461
4f029a87-5cb5-4af6-9395-eb4d8e12319f	6	103317836	141992639	24151	-0.3648
4f029a87-5cb5-4af6-9395-eb4d8e12319f	6	141994190	141995535	5	-2.7579
4f029a87-5cb5-4af6-9395-eb4d8e12319f	6	141997778	170741917	19880	-0.375
4f029a87-5cb5-4af6-9395-eb4d8e12319f	7	43355	14970188	10027	0.1009
4f029a87-5cb5-4af6-9395-eb4d8e12319f	7	14978234	14995946	14	0.8034
4f029a87-5cb5-4af6-9395-eb4d8e12319f	7	14999874	15190357	176	0.0912
4f029a87-5cb5-4af6-9395-eb4d8e12319f	7	15191067	15191106	2	-1.8683
4f029a87-5cb5-4af6-9395-eb4d8e12319f	7	15194883	109797612	56625	0.0929
4f029a87-5cb5-4af6-9395-eb4d8e12319f	7	109797616	109813853	26	0.5457
4f029a87-5cb5-4af6-9395-eb4d8e12319f	7	109813925	126404920	10012	0.0996
4f029a87-5cb5-4af6-9395-eb4d8e12319f	7	126405428	126406822	13	1.0429
4f029a87-5cb5-4af6-9395-eb4d8e12319f	7	126406823	144264193	11158	0.0821
4f029a87-5cb5-4af6-9395-eb4d8e12319f	7	144295437	144343967	6	1.4115
4f029a87-5cb5-4af6-9395-eb4d8e12319f	7	144352208	154598185	6398	0.0916
4f029a87-5cb5-4af6-9395-eb4d8e12319f	7	154601461	154607903	4	-2.0532
4f029a87-5cb5-4af6-9395-eb4d8e12319f	7	154609120	159334314	3233	0.0798
4f029a87-5cb5-4af6-9395-eb4d8e12319f	8	81254	4144546	3694	0.1782
4f029a87-5cb5-4af6-9395-eb4d8e12319f	8	4144670	4144794	4	-1.1458
4f029a87-5cb5-4af6-9395-eb4d8e12319f	8	4145131	4145783	10	0.0512
4f029a87-5cb5-4af6-9395-eb4d8e12319f	8	4145941	4145956	2	-2.0411
4f029a87-5cb5-4af6-9395-eb4d8e12319f	8	4146039	39372806	26765	0.1788
4f029a87-5cb5-4af6-9395-eb4d8e12319f	8	39373140	39529446	60	0.7489
4f029a87-5cb5-4af6-9395-eb4d8e12319f	8	39530780	40914477	1070	0.1992
4f029a87-5cb5-4af6-9395-eb4d8e12319f	8	40920333	40920952	2	-1.6609
4f029a87-5cb5-4af6-9395-eb4d8e12319f	8	40926161	111282441	40888	0.1991
4f029a87-5cb5-4af6-9395-eb4d8e12319f	8	111282809	111283031	5	-2.1753
4f029a87-5cb5-4af6-9395-eb4d8e12319f	8	111288052	128733490	11636	0.1909
4f029a87-5cb5-4af6-9395-eb4d8e12319f	8	128735944	128751839	7	-1.4002
4f029a87-5cb5-4af6-9395-eb4d8e12319f	8	128765208	145072769	11240	0.1872
4f029a87-5cb5-4af6-9395-eb4d8e12319f	9	46587	6695986	6357	-0.0598
4f029a87-5cb5-4af6-9395-eb4d8e12319f	9	6701145	6708357	6	-2.6313
4f029a87-5cb5-4af6-9395-eb4d8e12319f	9	6712314	23363117	14007	-0.0702
4f029a87-5cb5-4af6-9395-eb4d8e12319f	9	23363935	23373486	7	0.7727
4f029a87-5cb5-4af6-9395-eb4d8e12319f	9	23378490	39588611	10731	-0.0673
4f029a87-5cb5-4af6-9395-eb4d8e12319f	9	39747848	40189830	9	0.7919
4f029a87-5cb5-4af6-9395-eb4d8e12319f	9	40228981	41451846	64	-0.0641
4f029a87-5cb5-4af6-9395-eb4d8e12319f	9	41473331	41571860	17	0.5763
4f029a87-5cb5-4af6-9395-eb4d8e12319f	9	41635766	42014203	16	0.0785
4f029a87-5cb5-4af6-9395-eb4d8e12319f	9	42037471	42202227	21	-1.632
4f029a87-5cb5-4af6-9395-eb4d8e12319f	9	42211663	42302534	9	-0.3906
4f029a87-5cb5-4af6-9395-eb4d8e12319f	9	42302678	42546668	5	-1.7851
4f029a87-5cb5-4af6-9395-eb4d8e12319f	9	42566207	42704265	6	-0.0338
4f029a87-5cb5-4af6-9395-eb4d8e12319f	9	42705707	42726239	9	-0.554
4f029a87-5cb5-4af6-9395-eb4d8e12319f	9	42727685	61405110	42	-0.0588
4f029a87-5cb5-4af6-9395-eb4d8e12319f	9	61520021	61665362	31	0.4723
4f029a87-5cb5-4af6-9395-eb4d8e12319f	9	61668104	138200944	48011	-0.0726
4f029a87-5cb5-4af6-9395-eb4d8e12319f	10	45792	46130381	31439	0.0432
4f029a87-5cb5-4af6-9395-eb4d8e12319f	10	46146395	46560397	214	0.4706
4f029a87-5cb5-4af6-9395-eb4d8e12319f	10	46560437	65546518	12687	0.0584
4f029a87-5cb5-4af6-9395-eb4d8e12319f	10	65548165	65554688	28	-0.3166
4f029a87-5cb5-4af6-9395-eb4d8e12319f	10	65563037	83182468	11664	0.0489
4f029a87-5cb5-4af6-9395-eb4d8e12319f	10	83187390	83188127	5	-1.0319
4f029a87-5cb5-4af6-9395-eb4d8e12319f	10	83190785	105735342	14230	0.0508
4f029a87-5cb5-4af6-9395-eb4d8e12319f	10	105741635	133456451	20128	0.0119
4f029a87-5cb5-4af6-9395-eb4d8e12319f	10	133461697	133654968	128	0.0936
4f029a87-5cb5-4af6-9395-eb4d8e12319f	11	198510	198572	2	-0.6918
4f029a87-5cb5-4af6-9395-eb4d8e12319f	11	202179	4946420	2413	0.2178
4f029a87-5cb5-4af6-9395-eb4d8e12319f	11	4947280	4955042	30	0.9292
4f029a87-5cb5-4af6-9395-eb4d8e12319f	11	4955781	21825348	12841	0.2299
4f029a87-5cb5-4af6-9395-eb4d8e12319f	11	21825960	21827134	4	-1.2595
4f029a87-5cb5-4af6-9395-eb4d8e12319f	11	21827206	50091552	18562	0.2288
4f029a87-5cb5-4af6-9395-eb4d8e12319f	11	50092125	55667651	616	0.3082
4f029a87-5cb5-4af6-9395-eb4d8e12319f	11	55670243	56081680	316	0.2424
4f029a87-5cb5-4af6-9395-eb4d8e12319f	11	56082059	56623077	328	0.2115
4f029a87-5cb5-4af6-9395-eb4d8e12319f	11	56628522	56674844	25	-0.1851
4f029a87-5cb5-4af6-9395-eb4d8e12319f	11	56675543	78225120	11037	0.2033
4f029a87-5cb5-4af6-9395-eb4d8e12319f	11	78225142	82365793	3283	0.2231
4f029a87-5cb5-4af6-9395-eb4d8e12319f	11	82368562	83817437	891	0.7455
4f029a87-5cb5-4af6-9395-eb4d8e12319f	11	83818060	83870512	40	0.4298
4f029a87-5cb5-4af6-9395-eb4d8e12319f	11	83870837	84216115	258	0.7352
4f029a87-5cb5-4af6-9395-eb4d8e12319f	11	84217874	84220013	2	-1.4371
4f029a87-5cb5-4af6-9395-eb4d8e12319f	11	84220838	84320221	77	0.7421
4f029a87-5cb5-4af6-9395-eb4d8e12319f	11	84320499	84770174	260	0.5308
4f029a87-5cb5-4af6-9395-eb4d8e12319f	11	84770414	84785141	8	0.3825
4f029a87-5cb5-4af6-9395-eb4d8e12319f	11	84788400	134392874	35145	-0.1653
4f029a87-5cb5-4af6-9395-eb4d8e12319f	11	134394261	134396901	2	-2.0774
4f029a87-5cb5-4af6-9395-eb4d8e12319f	11	134397214	135074876	551	-0.1628
4f029a87-5cb5-4af6-9395-eb4d8e12319f	12	51460	9481274	6165	0.0419
4f029a87-5cb5-4af6-9395-eb4d8e12319f	12	9485313	9575696	23	-1.4378
4f029a87-5cb5-4af6-9395-eb4d8e12319f	12	9582373	33233822	16620	0.0534
4f029a87-5cb5-4af6-9395-eb4d8e12319f	12	33235894	33242207	4	-2.0593
4f029a87-5cb5-4af6-9395-eb4d8e12319f	12	33242483	128744341	58827	0.0501
4f029a87-5cb5-4af6-9395-eb4d8e12319f	12	128745968	128748000	7	-1.559
4f029a87-5cb5-4af6-9395-eb4d8e12319f	12	128749443	129785032	982	0.0381
4f029a87-5cb5-4af6-9395-eb4d8e12319f	12	129785457	129790046	2	-1.5118
4f029a87-5cb5-4af6-9395-eb4d8e12319f	12	129791193	133201603	2076	0.0083
4f029a87-5cb5-4af6-9395-eb4d8e12319f	13	18452809	71902850	34976	-0.116
4f029a87-5cb5-4af6-9395-eb4d8e12319f	13	71903417	71906418	4	-1.9645
4f029a87-5cb5-4af6-9395-eb4d8e12319f	13	71906467	87205675	10097	-0.1185
4f029a87-5cb5-4af6-9395-eb4d8e12319f	13	87207668	91708666	2714	-0.2442
4f029a87-5cb5-4af6-9395-eb4d8e12319f	13	91709450	114342922	16205	-0.1307
4f029a87-5cb5-4af6-9395-eb4d8e12319f	14	18239283	19298389	48	0.0396
4f029a87-5cb5-4af6-9395-eb4d8e12319f	14	19326853	19955213	119	-0.2923
4f029a87-5cb5-4af6-9395-eb4d8e12319f	14	19956767	20019037	42	0.0043
4f029a87-5cb5-4af6-9395-eb4d8e12319f	14	20022453	28599454	5617	0.1704
4f029a87-5cb5-4af6-9395-eb4d8e12319f	14	28599626	105095142	48864	0.215
4f029a87-5cb5-4af6-9395-eb4d8e12319f	14	105095199	106321086	358	0.1414
4f029a87-5cb5-4af6-9395-eb4d8e12319f	14	106340102	106346115	6	-0.6976
4f029a87-5cb5-4af6-9395-eb4d8e12319f	14	106346129	106832764	251	0.2278
4f029a87-5cb5-4af6-9395-eb4d8e12319f	14	106833418	106877229	24	-0.1123
4f029a87-5cb5-4af6-9395-eb4d8e12319f	15	19811075	20372908	87	-0.1663
4f029a87-5cb5-4af6-9395-eb4d8e12319f	15	20373168	20376311	8	0.4821
4f029a87-5cb5-4af6-9395-eb4d8e12319f	15	20380735	22748221	153	-0.192
4f029a87-5cb5-4af6-9395-eb4d8e12319f	15	22749411	101859346	51144	-0.3673
4f029a87-5cb5-4af6-9395-eb4d8e12319f	15	101859834	101928837	14	0.0826
4f029a87-5cb5-4af6-9395-eb4d8e12319f	16	10777	6907886	4263	0.0935
4f029a87-5cb5-4af6-9395-eb4d8e12319f	16	6907922	6908175	2	-1.6654
4f029a87-5cb5-4af6-9395-eb4d8e12319f	16	6908453	18104860	8481	0.0982
4f029a87-5cb5-4af6-9395-eb4d8e12319f	16	18134261	18144432	2	1.619
4f029a87-5cb5-4af6-9395-eb4d8e12319f	16	18148869	18688534	24	0.1395
4f029a87-5cb5-4af6-9395-eb4d8e12319f	16	18704933	18713525	3	-1.2536
4f029a87-5cb5-4af6-9395-eb4d8e12319f	16	18714714	78337711	28410	0.0869
4f029a87-5cb5-4af6-9395-eb4d8e12319f	16	78338543	78350868	17	-1.8442
4f029a87-5cb5-4af6-9395-eb4d8e12319f	16	78351104	89984569	10529	0.0883
4f029a87-5cb5-4af6-9395-eb4d8e12319f	16	89988656	90014038	15	-0.7629
4f029a87-5cb5-4af6-9395-eb4d8e12319f	16	90014590	90096867	65	0.0523
4f029a87-5cb5-4af6-9395-eb4d8e12319f	17	150733	999082	467	0.0678
4f029a87-5cb5-4af6-9395-eb4d8e12319f	17	1000579	3334340	1206	-0.3706
4f029a87-5cb5-4af6-9395-eb4d8e12319f	17	3334535	41265456	19120	0.0827
4f029a87-5cb5-4af6-9395-eb4d8e12319f	17	41266762	41274279	24	-0.6105
4f029a87-5cb5-4af6-9395-eb4d8e12319f	17	41276472	46085732	2492	0.071
4f029a87-5cb5-4af6-9395-eb4d8e12319f	17	46088437	46569894	129	0.4915
4f029a87-5cb5-4af6-9395-eb4d8e12319f	17	46571001	50228806	1831	0.0766
4f029a87-5cb5-4af6-9395-eb4d8e12319f	17	50229949	50298932	33	0.7016
4f029a87-5cb5-4af6-9395-eb4d8e12319f	17	50299302	80655063	18722	0.0821
4f029a87-5cb5-4af6-9395-eb4d8e12319f	17	80655993	80660743	4	-1.8679
4f029a87-5cb5-4af6-9395-eb4d8e12319f	17	80667490	83091923	947	0.085
4f029a87-5cb5-4af6-9395-eb4d8e12319f	18	48133	303389	131	0.0226
4f029a87-5cb5-4af6-9395-eb4d8e12319f	18	303811	307134	8	-0.8064
4f029a87-5cb5-4af6-9395-eb4d8e12319f	18	310037	32383734	17310	0.0937
4f029a87-5cb5-4af6-9395-eb4d8e12319f	18	32390213	32392761	3	-2.1098
4f029a87-5cb5-4af6-9395-eb4d8e12319f	18	32392811	80257174	33221	0.0881
4f029a87-5cb5-4af6-9395-eb4d8e12319f	19	90910	10627898	4056	-0.0721
4f029a87-5cb5-4af6-9395-eb4d8e12319f	19	10628665	12471109	931	-0.3424
4f029a87-5cb5-4af6-9395-eb4d8e12319f	19	12471337	35358420	11697	-0.0679
4f029a87-5cb5-4af6-9395-eb4d8e12319f	19	35364451	35387478	32	-0.5198
4f029a87-5cb5-4af6-9395-eb4d8e12319f	19	35389988	40846832	2758	-0.0741
4f029a87-5cb5-4af6-9395-eb4d8e12319f	19	40854267	40870114	20	-0.6759
4f029a87-5cb5-4af6-9395-eb4d8e12319f	19	40886250	43190778	1071	-0.0704
4f029a87-5cb5-4af6-9395-eb4d8e12319f	19	43193181	43252085	23	-0.783
4f029a87-5cb5-4af6-9395-eb4d8e12319f	19	43262507	54593944	6060	-0.075
4f029a87-5cb5-4af6-9395-eb4d8e12319f	19	54601832	54631479	22	-0.755
4f029a87-5cb5-4af6-9395-eb4d8e12319f	19	54639945	58586487	2404	-0.0826
4f029a87-5cb5-4af6-9395-eb4d8e12319f	20	80664	1571811	1177	0.0518
4f029a87-5cb5-4af6-9395-eb4d8e12319f	20	1576544	1601561	57	-0.7591
4f029a87-5cb5-4af6-9395-eb4d8e12319f	20	1609611	11485585	7613	0.0634
4f029a87-5cb5-4af6-9395-eb4d8e12319f	20	11485649	30193847	11137	0.0964
4f029a87-5cb5-4af6-9395-eb4d8e12319f	20	30206919	30259177	13	-0.6979
4f029a87-5cb5-4af6-9395-eb4d8e12319f	20	30271154	41517504	5809	0.0805
4f029a87-5cb5-4af6-9395-eb4d8e12319f	20	41521056	52031054	7537	0.1236
4f029a87-5cb5-4af6-9395-eb4d8e12319f	20	52036258	52037861	4	-1.0324
4f029a87-5cb5-4af6-9395-eb4d8e12319f	20	52038037	64324800	8970	0.1307
4f029a87-5cb5-4af6-9395-eb4d8e12319f	21	10354168	16281778	1896	-0.1292
4f029a87-5cb5-4af6-9395-eb4d8e12319f	21	16284911	16285394	2	-2.4845
4f029a87-5cb5-4af6-9395-eb4d8e12319f	21	16285464	16598554	216	-0.1603
4f029a87-5cb5-4af6-9395-eb4d8e12319f	21	16601253	26167613	7085	-0.3596
4f029a87-5cb5-4af6-9395-eb4d8e12319f	21	26167959	26229181	50	0.0254
4f029a87-5cb5-4af6-9395-eb4d8e12319f	21	26234132	26469985	205	-0.3572
4f029a87-5cb5-4af6-9395-eb4d8e12319f	21	26472994	26910533	371	0.0561
4f029a87-5cb5-4af6-9395-eb4d8e12319f	21	26911285	29898061	2248	-0.3659
4f029a87-5cb5-4af6-9395-eb4d8e12319f	21	29900032	30776023	574	0.069
4f029a87-5cb5-4af6-9395-eb4d8e12319f	21	30778223	31973068	823	-0.3757
4f029a87-5cb5-4af6-9395-eb4d8e12319f	21	31977613	33957579	1318	0.0396
4f029a87-5cb5-4af6-9395-eb4d8e12319f	21	33962798	46677045	9015	-0.3859
4f029a87-5cb5-4af6-9395-eb4d8e12319f	22	15294547	18142004	1107	-0.3073
4f029a87-5cb5-4af6-9395-eb4d8e12319f	22	18143362	18146261	7	-1.3854
4f029a87-5cb5-4af6-9395-eb4d8e12319f	22	18147293	20052299	755	-0.3379
4f029a87-5cb5-4af6-9395-eb4d8e12319f	22	20052344	20055847	4	-1.9372
4f029a87-5cb5-4af6-9395-eb4d8e12319f	22	20065244	20294733	122	-0.4047
4f029a87-5cb5-4af6-9395-eb4d8e12319f	22	20295256	26537189	4460	-0.3036
4f029a87-5cb5-4af6-9395-eb4d8e12319f	22	26537229	38894915	8694	-0.3491
4f029a87-5cb5-4af6-9395-eb4d8e12319f	22	38899250	38900899	3	-2.8249
4f029a87-5cb5-4af6-9395-eb4d8e12319f	22	38903109	50796027	8042	-0.3636
4f029a87-5cb5-4af6-9395-eb4d8e12319f	X	251810	2801070	120	-0.1796
4f029a87-5cb5-4af6-9395-eb4d8e12319f	X	2815600	77293685	39636	-0.0529
4f029a87-5cb5-4af6-9395-eb4d8e12319f	X	77296889	96518044	9948	-0.0951
4f029a87-5cb5-4af6-9395-eb4d8e12319f	X	96518594	118070280	11623	-0.1471
4f029a87-5cb5-4af6-9395-eb4d8e12319f	X	118084190	135619994	9860	0.2258
4f029a87-5cb5-4af6-9395-eb4d8e12319f	X	135623557	135673726	32	0.6686
4f029a87-5cb5-4af6-9395-eb4d8e12319f	X	135675462	155952689	12276	0.2234
4f029a87-5cb5-4af6-9395-eb4d8e12319f	Y	2782397	6076562	720	-2.5349
4f029a87-5cb5-4af6-9395-eb4d8e12319f	Y	6080059	22804854	5718	-2.9113
4f029a87-5cb5-4af6-9395-eb4d8e12319f	Y	22913244	56872112	201	-2.5887
