GDC_Aliquot	Chromosome	Start	End	Copy_Number	Major_Copy_Number	Minor_Copy_Number
37a6854f-dcb9-4ebc-a765-b4e0d8e46f0c	chr1	13116	39955047	2	1	1
37a6854f-dcb9-4ebc-a765-b4e0d8e46f0c	chr1	39956146	40983630	3	2	1
37a6854f-dcb9-4ebc-a765-b4e0d8e46f0c	chr1	40985239	46859685	2	1	1
37a6854f-dcb9-4ebc-a765-b4e0d8e46f0c	chr1	46862339	47340415	3	2	1
37a6854f-dcb9-4ebc-a765-b4e0d8e46f0c	chr1	47341504	99631863	2	1	1
37a6854f-dcb9-4ebc-a765-b4e0d8e46f0c	chr1	99632888	104692615	3	3	0
37a6854f-dcb9-4ebc-a765-b4e0d8e46f0c	chr1	104693817	111575373	2	1	1
37a6854f-dcb9-4ebc-a765-b4e0d8e46f0c	chr1	111576443	121742438	1	1	0
37a6854f-dcb9-4ebc-a765-b4e0d8e46f0c	chr1	143417573	150398266	2	1	1
37a6854f-dcb9-4ebc-a765-b4e0d8e46f0c	chr1	150399363	159401909	3	2	1
37a6854f-dcb9-4ebc-a765-b4e0d8e46f0c	chr1	159403025	248945703	2	1	1
37a6854f-dcb9-4ebc-a765-b4e0d8e46f0c	chr2	10587	141907158	2	1	1
37a6854f-dcb9-4ebc-a765-b4e0d8e46f0c	chr2	141908434	142704806	4	2	2
37a6854f-dcb9-4ebc-a765-b4e0d8e46f0c	chr2	142706587	238134641	3	2	1
37a6854f-dcb9-4ebc-a765-b4e0d8e46f0c	chr2	238135697	242183243	2	1	1
37a6854f-dcb9-4ebc-a765-b4e0d8e46f0c	chr3	18519	93791384	1	1	0
37a6854f-dcb9-4ebc-a765-b4e0d8e46f0c	chr3	93792902	198181744	2	1	1
37a6854f-dcb9-4ebc-a765-b4e0d8e46f0c	chr4	11961	49487364	2	1	1
37a6854f-dcb9-4ebc-a765-b4e0d8e46f0c	chr4	49488736	49509482	0	0	0
37a6854f-dcb9-4ebc-a765-b4e0d8e46f0c	chr4	49510723	49523779	1	1	0
37a6854f-dcb9-4ebc-a765-b4e0d8e46f0c	chr4	49525647	49537594	0	0	0
37a6854f-dcb9-4ebc-a765-b4e0d8e46f0c	chr4	49538709	166427522	2	1	1
37a6854f-dcb9-4ebc-a765-b4e0d8e46f0c	chr4	166428539	167404037	1	1	0
37a6854f-dcb9-4ebc-a765-b4e0d8e46f0c	chr4	167405569	190122722	2	1	1
37a6854f-dcb9-4ebc-a765-b4e0d8e46f0c	chr5	11882	1684251	3	2	1
37a6854f-dcb9-4ebc-a765-b4e0d8e46f0c	chr5	1685479	35007186	2	1	1
37a6854f-dcb9-4ebc-a765-b4e0d8e46f0c	chr5	35008587	50109922	3	2	1
37a6854f-dcb9-4ebc-a765-b4e0d8e46f0c	chr5	50113969	153063695	1	1	0
37a6854f-dcb9-4ebc-a765-b4e0d8e46f0c	chr5	153064708	154739662	3	3	0
37a6854f-dcb9-4ebc-a765-b4e0d8e46f0c	chr5	154741938	155462379	2	1	1
37a6854f-dcb9-4ebc-a765-b4e0d8e46f0c	chr5	155463878	181363900	1	1	0
37a6854f-dcb9-4ebc-a765-b4e0d8e46f0c	chr6	100116	153378961	2	1	1
37a6854f-dcb9-4ebc-a765-b4e0d8e46f0c	chr6	153379976	170740469	3	2	1
37a6854f-dcb9-4ebc-a765-b4e0d8e46f0c	chr7	20608	62854823	3	2	1
37a6854f-dcb9-4ebc-a765-b4e0d8e46f0c	chr7	62856362	159334386	2	1	1
37a6854f-dcb9-4ebc-a765-b4e0d8e46f0c	chr8	61774	1140949	1	1	0
37a6854f-dcb9-4ebc-a765-b4e0d8e46f0c	chr8	1142066	1149257	0	0	0
37a6854f-dcb9-4ebc-a765-b4e0d8e46f0c	chr8	1150618	34679845	1	1	0
37a6854f-dcb9-4ebc-a765-b4e0d8e46f0c	chr8	34681176	38719036	3	2	1
37a6854f-dcb9-4ebc-a765-b4e0d8e46f0c	chr8	38720193	40199586	2	1	1
37a6854f-dcb9-4ebc-a765-b4e0d8e46f0c	chr8	40200919	43913388	3	2	1
37a6854f-dcb9-4ebc-a765-b4e0d8e46f0c	chr8	43914402	145078402	2	1	1
37a6854f-dcb9-4ebc-a765-b4e0d8e46f0c	chr9	10469	61099744	1	1	0
37a6854f-dcb9-4ebc-a765-b4e0d8e46f0c	chr9	61122397	61677707	7	5	2
37a6854f-dcb9-4ebc-a765-b4e0d8e46f0c	chr9	61678970	64564022	3	3	0
37a6854f-dcb9-4ebc-a765-b4e0d8e46f0c	chr9	64586575	138256233	1	1	0
37a6854f-dcb9-4ebc-a765-b4e0d8e46f0c	chr10	15029	133787009	2	1	1
37a6854f-dcb9-4ebc-a765-b4e0d8e46f0c	chr11	87268	4415240	2	1	1
37a6854f-dcb9-4ebc-a765-b4e0d8e46f0c	chr11	4416669	59222981	1	1	0
37a6854f-dcb9-4ebc-a765-b4e0d8e46f0c	chr11	59225753	59507277	3	2	1
37a6854f-dcb9-4ebc-a765-b4e0d8e46f0c	chr11	59508496	66625409	1	1	0
37a6854f-dcb9-4ebc-a765-b4e0d8e46f0c	chr11	66626916	72261885	2	1	1
37a6854f-dcb9-4ebc-a765-b4e0d8e46f0c	chr11	72263152	77508690	1	1	0
37a6854f-dcb9-4ebc-a765-b4e0d8e46f0c	chr11	77511646	135076424	2	1	1
37a6854f-dcb9-4ebc-a765-b4e0d8e46f0c	chr12	11065	14553632	1	1	0
37a6854f-dcb9-4ebc-a765-b4e0d8e46f0c	chr12	14554839	22866979	3	2	1
37a6854f-dcb9-4ebc-a765-b4e0d8e46f0c	chr12	22868325	45332509	2	1	1
37a6854f-dcb9-4ebc-a765-b4e0d8e46f0c	chr12	45334984	62476333	4	2	2
37a6854f-dcb9-4ebc-a765-b4e0d8e46f0c	chr12	62478431	74654469	5	4	1
37a6854f-dcb9-4ebc-a765-b4e0d8e46f0c	chr12	74657755	133264676	1	1	0
37a6854f-dcb9-4ebc-a765-b4e0d8e46f0c	chr13	18445955	108917762	1	1	0
37a6854f-dcb9-4ebc-a765-b4e0d8e46f0c	chr13	108919239	109086813	0	0	0
37a6854f-dcb9-4ebc-a765-b4e0d8e46f0c	chr13	109088077	114343123	1	1	0
37a6854f-dcb9-4ebc-a765-b4e0d8e46f0c	chr14	18223583	19948664	3	3	0
37a6854f-dcb9-4ebc-a765-b4e0d8e46f0c	chr14	19949804	105617710	2	1	1
37a6854f-dcb9-4ebc-a765-b4e0d8e46f0c	chr14	105619110	105648321	2	2	0
37a6854f-dcb9-4ebc-a765-b4e0d8e46f0c	chr14	105650721	106880670	2	1	1
37a6854f-dcb9-4ebc-a765-b4e0d8e46f0c	chr15	19795285	83045522	1	1	0
37a6854f-dcb9-4ebc-a765-b4e0d8e46f0c	chr15	83047101	101980591	2	1	1
37a6854f-dcb9-4ebc-a765-b4e0d8e46f0c	chr16	10291	16269869	2	1	1
37a6854f-dcb9-4ebc-a765-b4e0d8e46f0c	chr16	16272759	17402177	4	2	2
37a6854f-dcb9-4ebc-a765-b4e0d8e46f0c	chr16	17403347	31536777	2	1	1
37a6854f-dcb9-4ebc-a765-b4e0d8e46f0c	chr16	31537946	36045725	2	2	0
37a6854f-dcb9-4ebc-a765-b4e0d8e46f0c	chr16	46380940	46608374	3	2	1
37a6854f-dcb9-4ebc-a765-b4e0d8e46f0c	chr16	46610991	90077319	2	1	1
37a6854f-dcb9-4ebc-a765-b4e0d8e46f0c	chr16	90078462	90226358	3	3	0
37a6854f-dcb9-4ebc-a765-b4e0d8e46f0c	chr17	151035	22046727	2	1	1
37a6854f-dcb9-4ebc-a765-b4e0d8e46f0c	chr17	22050127	22756258	3	2	1
37a6854f-dcb9-4ebc-a765-b4e0d8e46f0c	chr17	22757569	83237603	2	1	1
37a6854f-dcb9-4ebc-a765-b4e0d8e46f0c	chr18	16444	80259190	1	1	0
37a6854f-dcb9-4ebc-a765-b4e0d8e46f0c	chr19	157892	33774973	1	1	0
37a6854f-dcb9-4ebc-a765-b4e0d8e46f0c	chr19	33776126	58607412	2	2	0
37a6854f-dcb9-4ebc-a765-b4e0d8e46f0c	chr20	80457	30219321	2	2	0
37a6854f-dcb9-4ebc-a765-b4e0d8e46f0c	chr20	30220428	54950594	3	2	1
37a6854f-dcb9-4ebc-a765-b4e0d8e46f0c	chr20	54951673	57068432	1	1	0
37a6854f-dcb9-4ebc-a765-b4e0d8e46f0c	chr20	57069789	64331516	3	2	1
37a6854f-dcb9-4ebc-a765-b4e0d8e46f0c	chr21	7762688	46699722	1	1	0
37a6854f-dcb9-4ebc-a765-b4e0d8e46f0c	chr22	15284540	50802392	1	1	0
37a6854f-dcb9-4ebc-a765-b4e0d8e46f0c	chrX	2781514	36902416	1	1	0
37a6854f-dcb9-4ebc-a765-b4e0d8e46f0c	chrX	36904055	38670374	2	2	0
37a6854f-dcb9-4ebc-a765-b4e0d8e46f0c	chrX	38675410	40302705	5	5	0
37a6854f-dcb9-4ebc-a765-b4e0d8e46f0c	chrX	40303769	45906004	6	6	0
37a6854f-dcb9-4ebc-a765-b4e0d8e46f0c	chrX	45907372	48095422	5	5	0
37a6854f-dcb9-4ebc-a765-b4e0d8e46f0c	chrX	48096625	48931977	6	6	0
37a6854f-dcb9-4ebc-a765-b4e0d8e46f0c	chrX	48933294	62466729	1	1	0
37a6854f-dcb9-4ebc-a765-b4e0d8e46f0c	chrX	62468203	62493382	2	2	0
37a6854f-dcb9-4ebc-a765-b4e0d8e46f0c	chrX	62495019	62498616	4	4	0
37a6854f-dcb9-4ebc-a765-b4e0d8e46f0c	chrX	62501126	62502334	1	1	0
37a6854f-dcb9-4ebc-a765-b4e0d8e46f0c	chrX	62503347	62505932	7	7	0
37a6854f-dcb9-4ebc-a765-b4e0d8e46f0c	chrX	62507071	155699751	1	1	0
37a6854f-dcb9-4ebc-a765-b4e0d8e46f0c	chrY	2789135	26622951	0	0	0
