GDC_Aliquot	Chromosome	Start	End	Num_Probes	Segment_Mean
87243274-0297-4e36-8d30-5df7680b2f72	1	62920	16037445	8424	-0.3535
87243274-0297-4e36-8d30-5df7680b2f72	1	16041638	16052921	6	0.9677
87243274-0297-4e36-8d30-5df7680b2f72	1	16063071	25269390	5575	-0.342
87243274-0297-4e36-8d30-5df7680b2f72	1	25269456	25319693	19	0.4767
87243274-0297-4e36-8d30-5df7680b2f72	1	25320198	34626073	4946	-0.3438
87243274-0297-4e36-8d30-5df7680b2f72	1	34637053	34648667	21	-1.494
87243274-0297-4e36-8d30-5df7680b2f72	1	34649941	36401633	788	-0.3214
87243274-0297-4e36-8d30-5df7680b2f72	1	36407064	36407717	4	-1.8408
87243274-0297-4e36-8d30-5df7680b2f72	1	36408641	72303233	22960	-0.3467
87243274-0297-4e36-8d30-5df7680b2f72	1	72303253	72345465	45	-1.6324
87243274-0297-4e36-8d30-5df7680b2f72	1	72346221	105476583	20957	-0.3394
87243274-0297-4e36-8d30-5df7680b2f72	1	105476614	105481448	18	0.5736
87243274-0297-4e36-8d30-5df7680b2f72	1	105481468	105676568	148	-0.217
87243274-0297-4e36-8d30-5df7680b2f72	1	105676589	109679105	2481	-0.3372
87243274-0297-4e36-8d30-5df7680b2f72	1	109684695	109707950	21	0.2408
87243274-0297-4e36-8d30-5df7680b2f72	1	109707962	119981332	7008	-0.3592
87243274-0297-4e36-8d30-5df7680b2f72	1	119984738	121601998	120	-0.1235
87243274-0297-4e36-8d30-5df7680b2f72	1	121705338	152583230	2446	0.5701
87243274-0297-4e36-8d30-5df7680b2f72	1	152583291	152614064	32	-2.0997
87243274-0297-4e36-8d30-5df7680b2f72	1	152614100	153352680	652	0.5381
87243274-0297-4e36-8d30-5df7680b2f72	1	153352880	156867046	1638	0.6005
87243274-0297-4e36-8d30-5df7680b2f72	1	156869382	195250500	26416	0.5482
87243274-0297-4e36-8d30-5df7680b2f72	1	195252090	195406100	92	0.7837
87243274-0297-4e36-8d30-5df7680b2f72	1	195407267	196762956	888	0.5437
87243274-0297-4e36-8d30-5df7680b2f72	1	196769493	196874041	77	0.8987
87243274-0297-4e36-8d30-5df7680b2f72	1	196874290	209897717	8768	0.5535
87243274-0297-4e36-8d30-5df7680b2f72	1	209908268	209910639	3	-2.3573
87243274-0297-4e36-8d30-5df7680b2f72	1	209913207	244615345	24287	0.5407
87243274-0297-4e36-8d30-5df7680b2f72	1	244615666	244615771	2	-1.0763
87243274-0297-4e36-8d30-5df7680b2f72	1	244619416	246045756	1019	0.552
87243274-0297-4e36-8d30-5df7680b2f72	1	246048890	248574146	1552	0.6106
87243274-0297-4e36-8d30-5df7680b2f72	1	248585893	248646068	35	-0.1396
87243274-0297-4e36-8d30-5df7680b2f72	1	248661836	248930189	138	0.5349
87243274-0297-4e36-8d30-5df7680b2f72	2	12784	4155597	2985	-0.0308
87243274-0297-4e36-8d30-5df7680b2f72	2	4155990	4176429	44	-0.8749
87243274-0297-4e36-8d30-5df7680b2f72	2	4182472	24378642	14902	-0.0479
87243274-0297-4e36-8d30-5df7680b2f72	2	24378911	24388259	18	-0.7569
87243274-0297-4e36-8d30-5df7680b2f72	2	24388858	32426830	4640	-0.062
87243274-0297-4e36-8d30-5df7680b2f72	2	32430257	32882283	255	0.1106
87243274-0297-4e36-8d30-5df7680b2f72	2	32882806	34476327	1247	-0.033
87243274-0297-4e36-8d30-5df7680b2f72	2	34476516	34512096	45	-0.4606
87243274-0297-4e36-8d30-5df7680b2f72	2	34512489	35750907	870	0.0101
87243274-0297-4e36-8d30-5df7680b2f72	2	35752724	35762850	6	-2.1524
87243274-0297-4e36-8d30-5df7680b2f72	2	35762881	154033296	70334	-0.0346
87243274-0297-4e36-8d30-5df7680b2f72	2	154039462	154039969	2	-2.3254
87243274-0297-4e36-8d30-5df7680b2f72	2	154043710	185171070	19208	-0.04
87243274-0297-4e36-8d30-5df7680b2f72	2	185171483	186088199	458	0.0864
87243274-0297-4e36-8d30-5df7680b2f72	2	186088609	204520615	10438	-0.0331
87243274-0297-4e36-8d30-5df7680b2f72	2	204520731	204522432	6	-1.4898
87243274-0297-4e36-8d30-5df7680b2f72	2	204522497	242147305	24075	-0.0508
87243274-0297-4e36-8d30-5df7680b2f72	3	20930	64741	38	-0.0809
87243274-0297-4e36-8d30-5df7680b2f72	3	66093	66489	3	-1.351
87243274-0297-4e36-8d30-5df7680b2f72	3	66543	256488	177	-0.0591
87243274-0297-4e36-8d30-5df7680b2f72	3	258632	377924	123	0.0427
87243274-0297-4e36-8d30-5df7680b2f72	3	378306	380109	2	-1.6639
87243274-0297-4e36-8d30-5df7680b2f72	3	380111	2763245	2059	0.0294
87243274-0297-4e36-8d30-5df7680b2f72	3	2764603	6604856	3417	-0.0237
87243274-0297-4e36-8d30-5df7680b2f72	3	6609441	6613391	24	-0.6347
87243274-0297-4e36-8d30-5df7680b2f72	3	6613561	21707297	10420	-0.0556
87243274-0297-4e36-8d30-5df7680b2f72	3	21710504	22172202	480	0.0607
87243274-0297-4e36-8d30-5df7680b2f72	3	22176672	26384700	3146	-0.0409
87243274-0297-4e36-8d30-5df7680b2f72	3	26392633	26397852	5	-1.288
87243274-0297-4e36-8d30-5df7680b2f72	3	26404482	68697108	27899	-0.0509
87243274-0297-4e36-8d30-5df7680b2f72	3	68697133	68698262	13	0.6816
87243274-0297-4e36-8d30-5df7680b2f72	3	68699607	75519398	4931	-0.0457
87243274-0297-4e36-8d30-5df7680b2f72	3	75523398	75547095	8	-1.9004
87243274-0297-4e36-8d30-5df7680b2f72	3	75559488	157681764	46935	-0.0449
87243274-0297-4e36-8d30-5df7680b2f72	3	157681833	157698777	6	-1.506
87243274-0297-4e36-8d30-5df7680b2f72	3	157700615	157715501	17	-0.1264
87243274-0297-4e36-8d30-5df7680b2f72	3	157716794	157723828	4	-1.2726
87243274-0297-4e36-8d30-5df7680b2f72	3	157723830	162790404	3073	-0.0448
87243274-0297-4e36-8d30-5df7680b2f72	3	162790480	162908207	71	0.5159
87243274-0297-4e36-8d30-5df7680b2f72	3	162908784	176170271	8157	-0.0339
87243274-0297-4e36-8d30-5df7680b2f72	3	176170668	176196691	33	-0.6696
87243274-0297-4e36-8d30-5df7680b2f72	3	176198433	193160113	10986	-0.0475
87243274-0297-4e36-8d30-5df7680b2f72	3	193160173	193165114	19	-1.5496
87243274-0297-4e36-8d30-5df7680b2f72	3	193168646	195559056	1483	-0.043
87243274-0297-4e36-8d30-5df7680b2f72	3	195656271	195768501	52	0.3303
87243274-0297-4e36-8d30-5df7680b2f72	3	195774533	198169247	1158	-0.0144
87243274-0297-4e36-8d30-5df7680b2f72	4	68929	6419679	3519	-0.0398
87243274-0297-4e36-8d30-5df7680b2f72	4	6420624	6421471	6	-1.4618
87243274-0297-4e36-8d30-5df7680b2f72	4	6421825	10221792	2184	-0.0555
87243274-0297-4e36-8d30-5df7680b2f72	4	10222004	10233644	34	-0.7145
87243274-0297-4e36-8d30-5df7680b2f72	4	10234518	49214614	25987	-0.0455
87243274-0297-4e36-8d30-5df7680b2f72	4	49289175	49289338	2	-2.3055
87243274-0297-4e36-8d30-5df7680b2f72	4	49295203	63826341	7584	-0.0398
87243274-0297-4e36-8d30-5df7680b2f72	4	63827261	63842505	29	0.5378
87243274-0297-4e36-8d30-5df7680b2f72	4	63842540	68395346	2855	-0.0247
87243274-0297-4e36-8d30-5df7680b2f72	4	68416487	68616004	77	-0.4622
87243274-0297-4e36-8d30-5df7680b2f72	4	68618331	69132443	260	-0.0075
87243274-0297-4e36-8d30-5df7680b2f72	4	69132613	69567179	274	0.1214
87243274-0297-4e36-8d30-5df7680b2f72	4	69572617	136598648	40050	-0.0489
87243274-0297-4e36-8d30-5df7680b2f72	4	136603673	136603826	2	-2.7847
87243274-0297-4e36-8d30-5df7680b2f72	4	136604712	137171085	384	-0.0164
87243274-0297-4e36-8d30-5df7680b2f72	4	137171266	137172260	13	-0.8294
87243274-0297-4e36-8d30-5df7680b2f72	4	137173804	171448195	21402	-0.045
87243274-0297-4e36-8d30-5df7680b2f72	4	171453733	171456559	10	1.261
87243274-0297-4e36-8d30-5df7680b2f72	4	171456573	188300104	11348	-0.0377
87243274-0297-4e36-8d30-5df7680b2f72	4	188300206	188300270	3	1.9315
87243274-0297-4e36-8d30-5df7680b2f72	4	188300285	188737446	378	0.016
87243274-0297-4e36-8d30-5df7680b2f72	4	188738167	188738871	2	-2.0641
87243274-0297-4e36-8d30-5df7680b2f72	4	188739039	189267889	408	0.0185
87243274-0297-4e36-8d30-5df7680b2f72	4	189273964	189278110	4	-3.118
87243274-0297-4e36-8d30-5df7680b2f72	4	189278617	189938973	316	0.0088
87243274-0297-4e36-8d30-5df7680b2f72	4	189939613	189941027	2	-1.6815
87243274-0297-4e36-8d30-5df7680b2f72	4	189942587	190106768	32	0.0119
87243274-0297-4e36-8d30-5df7680b2f72	5	15532	45471519	30421	-0.0442
87243274-0297-4e36-8d30-5df7680b2f72	5	45472122	50854032	565	0.077
87243274-0297-4e36-8d30-5df7680b2f72	5	50856131	76783907	15801	-0.0571
87243274-0297-4e36-8d30-5df7680b2f72	5	76787569	76841210	33	1.2441
87243274-0297-4e36-8d30-5df7680b2f72	5	76842742	179678151	65148	-0.0451
87243274-0297-4e36-8d30-5df7680b2f72	5	179678266	179678327	2	-2.303
87243274-0297-4e36-8d30-5df7680b2f72	5	179681196	180947523	717	-0.0555
87243274-0297-4e36-8d30-5df7680b2f72	5	180951710	181018221	25	0.5091
87243274-0297-4e36-8d30-5df7680b2f72	5	181018356	181363319	164	-0.0035
87243274-0297-4e36-8d30-5df7680b2f72	6	149661	253272	98	0.1368
87243274-0297-4e36-8d30-5df7680b2f72	6	253861	355386	76	-0.2257
87243274-0297-4e36-8d30-5df7680b2f72	6	355536	1749694	1247	0.1417
87243274-0297-4e36-8d30-5df7680b2f72	6	1756900	2220396	312	-0.5135
87243274-0297-4e36-8d30-5df7680b2f72	6	2221923	8334727	5040	0.4052
87243274-0297-4e36-8d30-5df7680b2f72	6	8335142	23180208	11024	0.4521
87243274-0297-4e36-8d30-5df7680b2f72	6	23183209	23420064	165	0.1792
87243274-0297-4e36-8d30-5df7680b2f72	6	23420097	29869295	3696	0.4737
87243274-0297-4e36-8d30-5df7680b2f72	6	29869410	29906865	22	1.1742
87243274-0297-4e36-8d30-5df7680b2f72	6	29906932	31318499	658	0.4209
87243274-0297-4e36-8d30-5df7680b2f72	6	31318528	31342147	11	1.482
87243274-0297-4e36-8d30-5df7680b2f72	6	31349570	32486746	502	0.4409
87243274-0297-4e36-8d30-5df7680b2f72	6	32488906	32525068	9	-0.3881
87243274-0297-4e36-8d30-5df7680b2f72	6	32525591	32614112	30	0.7166
87243274-0297-4e36-8d30-5df7680b2f72	6	32614426	32634330	9	-0.9643
87243274-0297-4e36-8d30-5df7680b2f72	6	32634492	33585803	521	0.4617
87243274-0297-4e36-8d30-5df7680b2f72	6	33585900	37306335	2218	0.5138
87243274-0297-4e36-8d30-5df7680b2f72	6	37306602	41321755	2974	0.4053
87243274-0297-4e36-8d30-5df7680b2f72	6	41321852	43233030	1055	0.5304
87243274-0297-4e36-8d30-5df7680b2f72	6	43234783	52767515	5985	0.4285
87243274-0297-4e36-8d30-5df7680b2f72	6	52767805	52771810	3	-1.0113
87243274-0297-4e36-8d30-5df7680b2f72	6	52771811	62306830	3986	0.4245
87243274-0297-4e36-8d30-5df7680b2f72	6	62310018	64627049	1207	-0.3718
87243274-0297-4e36-8d30-5df7680b2f72	6	64637651	64639099	2	1.4565
87243274-0297-4e36-8d30-5df7680b2f72	6	64640883	65000836	239	-0.4192
87243274-0297-4e36-8d30-5df7680b2f72	6	65001506	65003899	3	-2.8915
87243274-0297-4e36-8d30-5df7680b2f72	6	65007491	66295080	860	-0.363
87243274-0297-4e36-8d30-5df7680b2f72	6	66298369	66339513	58	-1.5926
87243274-0297-4e36-8d30-5df7680b2f72	6	66339706	67402302	852	-0.3737
87243274-0297-4e36-8d30-5df7680b2f72	6	67404514	68341054	603	0.4159
87243274-0297-4e36-8d30-5df7680b2f72	6	68341112	72153222	2455	-0.3766
87243274-0297-4e36-8d30-5df7680b2f72	6	72156821	72157169	2	-2.7416
87243274-0297-4e36-8d30-5df7680b2f72	6	72158860	76696915	2841	-0.3834
87243274-0297-4e36-8d30-5df7680b2f72	6	76701192	76758749	51	-0.0006
87243274-0297-4e36-8d30-5df7680b2f72	6	76758871	79610943	1875	-0.3365
87243274-0297-4e36-8d30-5df7680b2f72	6	79612774	93758766	9105	-0.386
87243274-0297-4e36-8d30-5df7680b2f72	6	93758791	94576204	536	-0.2769
87243274-0297-4e36-8d30-5df7680b2f72	6	94581306	94582674	2	-2.5815
87243274-0297-4e36-8d30-5df7680b2f72	6	94585346	99986303	3120	-0.3853
87243274-0297-4e36-8d30-5df7680b2f72	6	99987003	99988939	2	-2.7909
87243274-0297-4e36-8d30-5df7680b2f72	6	99990613	102803122	1614	-0.3889
87243274-0297-4e36-8d30-5df7680b2f72	6	102807949	103286954	307	0.142
87243274-0297-4e36-8d30-5df7680b2f72	6	103290101	103320903	50	-1.2951
87243274-0297-4e36-8d30-5df7680b2f72	6	103320921	170741917	44185	0.1487
87243274-0297-4e36-8d30-5df7680b2f72	7	43355	8140216	4519	-0.0436
87243274-0297-4e36-8d30-5df7680b2f72	7	8140592	10768394	2079	0.0226
87243274-0297-4e36-8d30-5df7680b2f72	7	10776367	17080918	5179	-0.0354
87243274-0297-4e36-8d30-5df7680b2f72	7	17086775	19723571	2249	0.0168
87243274-0297-4e36-8d30-5df7680b2f72	7	19723696	38244142	13336	-0.0438
87243274-0297-4e36-8d30-5df7680b2f72	7	38244598	38364786	133	0.2408
87243274-0297-4e36-8d30-5df7680b2f72	7	38365370	54305455	10989	-0.0517
87243274-0297-4e36-8d30-5df7680b2f72	7	54318812	54318824	6	-2.2352
87243274-0297-4e36-8d30-5df7680b2f72	7	54325795	67732366	4071	-0.0221
87243274-0297-4e36-8d30-5df7680b2f72	7	67734842	67739409	4	-1.3616
87243274-0297-4e36-8d30-5df7680b2f72	7	67742850	88780773	11992	-0.043
87243274-0297-4e36-8d30-5df7680b2f72	7	88781326	89600740	541	0.1037
87243274-0297-4e36-8d30-5df7680b2f72	7	89607423	97777749	5251	-0.0433
87243274-0297-4e36-8d30-5df7680b2f72	7	97788295	97788298	2	-2.7813
87243274-0297-4e36-8d30-5df7680b2f72	7	97791337	109793728	6578	-0.0372
87243274-0297-4e36-8d30-5df7680b2f72	7	109793741	109797715	16	-0.6599
87243274-0297-4e36-8d30-5df7680b2f72	7	109797717	109801155	9	0.0752
87243274-0297-4e36-8d30-5df7680b2f72	7	109801187	109814172	13	-1.8262
87243274-0297-4e36-8d30-5df7680b2f72	7	109814214	121481218	7030	-0.0351
87243274-0297-4e36-8d30-5df7680b2f72	7	121481605	121481968	2	-1.7503
87243274-0297-4e36-8d30-5df7680b2f72	7	121482892	121555689	38	-0.094
87243274-0297-4e36-8d30-5df7680b2f72	7	121556272	121559532	2	-2.437
87243274-0297-4e36-8d30-5df7680b2f72	7	121561238	124997463	2028	-0.054
87243274-0297-4e36-8d30-5df7680b2f72	7	124999447	125020288	28	0.3188
87243274-0297-4e36-8d30-5df7680b2f72	7	125020322	126405428	901	-0.0432
87243274-0297-4e36-8d30-5df7680b2f72	7	126405502	126406822	12	1.0662
87243274-0297-4e36-8d30-5df7680b2f72	7	126406823	134100442	4700	-0.0335
87243274-0297-4e36-8d30-5df7680b2f72	7	134100458	134110951	25	-0.4706
87243274-0297-4e36-8d30-5df7680b2f72	7	134111088	142069891	5205	-0.0422
87243274-0297-4e36-8d30-5df7680b2f72	7	142070260	142092307	31	-0.7255
87243274-0297-4e36-8d30-5df7680b2f72	7	142099190	143521765	897	-0.0169
87243274-0297-4e36-8d30-5df7680b2f72	7	143529806	143603307	5	1.3404
87243274-0297-4e36-8d30-5df7680b2f72	7	143728285	144264193	308	-0.045
87243274-0297-4e36-8d30-5df7680b2f72	7	144295437	144312471	3	1.4426
87243274-0297-4e36-8d30-5df7680b2f72	7	144326306	154598185	6411	-0.0437
87243274-0297-4e36-8d30-5df7680b2f72	7	154601461	154607903	4	-1.9485
87243274-0297-4e36-8d30-5df7680b2f72	7	154609120	159334314	3235	-0.0567
87243274-0297-4e36-8d30-5df7680b2f72	8	81254	4123120	3675	0.186
87243274-0297-4e36-8d30-5df7680b2f72	8	4126634	4130698	11	-0.6774
87243274-0297-4e36-8d30-5df7680b2f72	8	4130913	4144670	14	0.1161
87243274-0297-4e36-8d30-5df7680b2f72	8	4144685	4144794	3	-1.5542
87243274-0297-4e36-8d30-5df7680b2f72	8	4145131	4145783	10	0.3356
87243274-0297-4e36-8d30-5df7680b2f72	8	4145941	4145956	2	-2.7876
87243274-0297-4e36-8d30-5df7680b2f72	8	4146039	5721259	2264	0.2203
87243274-0297-4e36-8d30-5df7680b2f72	8	5721284	5775383	82	0.4679
87243274-0297-4e36-8d30-5df7680b2f72	8	5780276	6376396	861	0.2312
87243274-0297-4e36-8d30-5df7680b2f72	8	6377836	6378028	6	-0.7362
87243274-0297-4e36-8d30-5df7680b2f72	8	6380685	7367846	819	0.2223
87243274-0297-4e36-8d30-5df7680b2f72	8	7368781	8214781	52	0.5865
87243274-0297-4e36-8d30-5df7680b2f72	8	8234503	8426157	181	0.2184
87243274-0297-4e36-8d30-5df7680b2f72	8	8429535	8433847	6	-0.9381
87243274-0297-4e36-8d30-5df7680b2f72	8	8434235	12385031	3061	0.1998
87243274-0297-4e36-8d30-5df7680b2f72	8	12387683	12418301	8	0.9745
87243274-0297-4e36-8d30-5df7680b2f72	8	12419769	25117007	10424	0.1941
87243274-0297-4e36-8d30-5df7680b2f72	8	25117062	25122389	12	0.8773
87243274-0297-4e36-8d30-5df7680b2f72	8	25122391	39373140	9033	0.1798
87243274-0297-4e36-8d30-5df7680b2f72	8	39378084	39529446	59	1.3889
87243274-0297-4e36-8d30-5df7680b2f72	8	39530780	63936079	13648	0.1817
87243274-0297-4e36-8d30-5df7680b2f72	8	63936340	63936953	7	1.4448
87243274-0297-4e36-8d30-5df7680b2f72	8	63937166	142047413	50155	0.1858
87243274-0297-4e36-8d30-5df7680b2f72	8	142047414	142049377	3	-2.3666
87243274-0297-4e36-8d30-5df7680b2f72	8	142055279	145072769	1130	0.166
87243274-0297-4e36-8d30-5df7680b2f72	9	46587	8897230	8536	-0.0282
87243274-0297-4e36-8d30-5df7680b2f72	9	8899205	12643350	3235	0.0365
87243274-0297-4e36-8d30-5df7680b2f72	9	12643558	23361807	8658	-0.0466
87243274-0297-4e36-8d30-5df7680b2f72	9	23363117	23373486	8	0.9399
87243274-0297-4e36-8d30-5df7680b2f72	9	23378490	39588611	10751	-0.0292
87243274-0297-4e36-8d30-5df7680b2f72	9	39747848	39840169	5	-1.489
87243274-0297-4e36-8d30-5df7680b2f72	9	40018947	41639988	87	-0.0378
87243274-0297-4e36-8d30-5df7680b2f72	9	41644133	42574420	51	-0.5146
87243274-0297-4e36-8d30-5df7680b2f72	9	42585140	42719891	11	0.8382
87243274-0297-4e36-8d30-5df7680b2f72	9	42720266	61405110	44	-0.2099
87243274-0297-4e36-8d30-5df7680b2f72	9	61520021	61629689	28	0.7444
87243274-0297-4e36-8d30-5df7680b2f72	9	61633080	137358495	47682	-0.0483
87243274-0297-4e36-8d30-5df7680b2f72	9	137361190	137361266	2	-2.284
87243274-0297-4e36-8d30-5df7680b2f72	9	137361381	138200944	408	-0.0093
87243274-0297-4e36-8d30-5df7680b2f72	10	45792	4907574	4264	0.1925
87243274-0297-4e36-8d30-5df7680b2f72	10	4909579	4924583	17	0.6092
87243274-0297-4e36-8d30-5df7680b2f72	10	4924814	4942645	13	0.1934
87243274-0297-4e36-8d30-5df7680b2f72	10	4943852	5055280	58	0.5997
87243274-0297-4e36-8d30-5df7680b2f72	10	5056623	5164133	90	0.2082
87243274-0297-4e36-8d30-5df7680b2f72	10	5164216	5182162	7	-0.8576
87243274-0297-4e36-8d30-5df7680b2f72	10	5183404	16425243	9322	0.1911
87243274-0297-4e36-8d30-5df7680b2f72	10	16428894	16428934	2	-3.0192
87243274-0297-4e36-8d30-5df7680b2f72	10	16434272	55203830	23453	0.19
87243274-0297-4e36-8d30-5df7680b2f72	10	55204437	55927510	521	0.3351
87243274-0297-4e36-8d30-5df7680b2f72	10	55927515	59604372	2657	0.2106
87243274-0297-4e36-8d30-5df7680b2f72	10	59604671	59605506	6	-0.804
87243274-0297-4e36-8d30-5df7680b2f72	10	59605724	65546400	4021	0.1883
87243274-0297-4e36-8d30-5df7680b2f72	10	65546518	65554672	28	0.8297
87243274-0297-4e36-8d30-5df7680b2f72	10	65554688	133654968	46237	0.1867
87243274-0297-4e36-8d30-5df7680b2f72	11	198510	4946420	2420	-0.0277
87243274-0297-4e36-8d30-5df7680b2f72	11	4947280	4955042	30	-1.6448
87243274-0297-4e36-8d30-5df7680b2f72	11	4955781	101723653	60667	-0.0422
87243274-0297-4e36-8d30-5df7680b2f72	11	101727129	101727233	4	1.8581
87243274-0297-4e36-8d30-5df7680b2f72	11	101727481	107712652	4067	-0.0463
87243274-0297-4e36-8d30-5df7680b2f72	11	107713928	108092252	225	0.0957
87243274-0297-4e36-8d30-5df7680b2f72	11	108092549	123650732	10751	-0.0561
87243274-0297-4e36-8d30-5df7680b2f72	11	123652013	123652399	4	-2.4001
87243274-0297-4e36-8d30-5df7680b2f72	11	123652650	135074876	8680	-0.0542
87243274-0297-4e36-8d30-5df7680b2f72	12	51460	9477960	6170	-0.3171
87243274-0297-4e36-8d30-5df7680b2f72	12	9481274	9575696	24	-1.8523
87243274-0297-4e36-8d30-5df7680b2f72	12	9582373	10427861	632	-0.2796
87243274-0297-4e36-8d30-5df7680b2f72	12	10430768	10446203	6	-1.3447
87243274-0297-4e36-8d30-5df7680b2f72	12	10446882	11062773	397	-0.3023
87243274-0297-4e36-8d30-5df7680b2f72	12	11064250	11088933	12	-1.5899
87243274-0297-4e36-8d30-5df7680b2f72	12	11099275	11358644	133	-0.1887
87243274-0297-4e36-8d30-5df7680b2f72	12	11359558	11390472	29	0.2949
87243274-0297-4e36-8d30-5df7680b2f72	12	11399258	33141577	15370	-0.3075
87243274-0297-4e36-8d30-5df7680b2f72	12	33141611	38623723	1223	-0.183
87243274-0297-4e36-8d30-5df7680b2f72	12	38628718	45506042	4399	-0.31
87243274-0297-4e36-8d30-5df7680b2f72	12	45510655	45515754	4	1.2498
87243274-0297-4e36-8d30-5df7680b2f72	12	45519509	48331259	1715	-0.3152
87243274-0297-4e36-8d30-5df7680b2f72	12	48331456	48331632	3	-2.4461
87243274-0297-4e36-8d30-5df7680b2f72	12	48336253	124370357	47998	-0.3223
87243274-0297-4e36-8d30-5df7680b2f72	12	124370730	124370829	2	-3.5106
87243274-0297-4e36-8d30-5df7680b2f72	12	124370916	131636170	6129	-0.3401
87243274-0297-4e36-8d30-5df7680b2f72	12	131648039	131648790	13	-1.9588
87243274-0297-4e36-8d30-5df7680b2f72	12	131657925	133201603	558	-0.3396
87243274-0297-4e36-8d30-5df7680b2f72	13	18452809	49931930	21977	0.1713
87243274-0297-4e36-8d30-5df7680b2f72	13	49932097	51023095	672	0.2753
87243274-0297-4e36-8d30-5df7680b2f72	13	51028145	57086259	3336	0.1776
87243274-0297-4e36-8d30-5df7680b2f72	13	57086315	57332514	158	0.4076
87243274-0297-4e36-8d30-5df7680b2f72	13	57332823	63532845	3655	0.1676
87243274-0297-4e36-8d30-5df7680b2f72	13	63534155	64359700	481	0.3053
87243274-0297-4e36-8d30-5df7680b2f72	13	64360027	105153029	27333	0.168
87243274-0297-4e36-8d30-5df7680b2f72	13	105153322	105914968	612	0.2632
87243274-0297-4e36-8d30-5df7680b2f72	13	105916617	114342922	5946	0.1623
87243274-0297-4e36-8d30-5df7680b2f72	14	18239283	19791791	86	0.2614
87243274-0297-4e36-8d30-5df7680b2f72	14	19791804	20023874	125	0.4737
87243274-0297-4e36-8d30-5df7680b2f72	14	20024360	21980315	1354	0.2243
87243274-0297-4e36-8d30-5df7680b2f72	14	21981850	22497429	435	0.4152
87243274-0297-4e36-8d30-5df7680b2f72	14	22497433	41139155	11768	0.1823
87243274-0297-4e36-8d30-5df7680b2f72	14	41141293	41188146	15	-2.1136
87243274-0297-4e36-8d30-5df7680b2f72	14	41200899	43414934	1377	0.1739
87243274-0297-4e36-8d30-5df7680b2f72	14	43416599	43733160	151	0.368
87243274-0297-4e36-8d30-5df7680b2f72	14	43733254	106340774	39836	0.1828
87243274-0297-4e36-8d30-5df7680b2f72	14	106345431	106418444	35	0.628
87243274-0297-4e36-8d30-5df7680b2f72	14	106423925	106462169	47	-0.1745
87243274-0297-4e36-8d30-5df7680b2f72	14	106462183	106877229	196	0.218
87243274-0297-4e36-8d30-5df7680b2f72	15	19811075	20206773	59	-0.0203
87243274-0297-4e36-8d30-5df7680b2f72	15	20207225	22299523	147	-0.4713
87243274-0297-4e36-8d30-5df7680b2f72	15	22385639	76586021	33710	-0.0579
87243274-0297-4e36-8d30-5df7680b2f72	15	76598900	76603434	22	0.871
87243274-0297-4e36-8d30-5df7680b2f72	15	76609838	101928837	17611	-0.0494
87243274-0297-4e36-8d30-5df7680b2f72	16	10777	19934328	13461	-0.0397
87243274-0297-4e36-8d30-5df7680b2f72	16	19934486	19954553	27	-1.2662
87243274-0297-4e36-8d30-5df7680b2f72	16	19956040	32295899	6481	-0.0291
87243274-0297-4e36-8d30-5df7680b2f72	16	32383608	33340712	37	0.414
87243274-0297-4e36-8d30-5df7680b2f72	16	33640096	35210725	145	-0.0503
87243274-0297-4e36-8d30-5df7680b2f72	16	35213515	35540105	187	0.3483
87243274-0297-4e36-8d30-5df7680b2f72	16	35540942	55762682	6591	-0.0555
87243274-0297-4e36-8d30-5df7680b2f72	16	55764310	55764867	3	3.7664
87243274-0297-4e36-8d30-5df7680b2f72	16	55770436	90096867	24922	-0.0427
87243274-0297-4e36-8d30-5df7680b2f72	17	150733	16687959	10467	-0.042
87243274-0297-4e36-8d30-5df7680b2f72	17	16708434	16838214	23	-0.5801
87243274-0297-4e36-8d30-5df7680b2f72	17	16838470	18413799	903	-0.0191
87243274-0297-4e36-8d30-5df7680b2f72	17	18413867	18561272	29	0.4106
87243274-0297-4e36-8d30-5df7680b2f72	17	18561907	36109139	6838	-0.0294
87243274-0297-4e36-8d30-5df7680b2f72	17	36109315	36460442	39	0.463
87243274-0297-4e36-8d30-5df7680b2f72	17	36463349	41266838	2528	-0.0266
87243274-0297-4e36-8d30-5df7680b2f72	17	41266851	41273921	16	-0.6556
87243274-0297-4e36-8d30-5df7680b2f72	17	41273934	41274198	2	-3.0861
87243274-0297-4e36-8d30-5df7680b2f72	17	41274279	43354897	1106	-0.0105
87243274-0297-4e36-8d30-5df7680b2f72	17	43361222	43362553	3	-1.5221
87243274-0297-4e36-8d30-5df7680b2f72	17	43366336	46080231	1386	-0.0258
87243274-0297-4e36-8d30-5df7680b2f72	17	46084501	46284997	128	0.2776
87243274-0297-4e36-8d30-5df7680b2f72	17	46286804	46351954	3	-0.5413
87243274-0297-4e36-8d30-5df7680b2f72	17	46446345	46446360	2	-2.73
87243274-0297-4e36-8d30-5df7680b2f72	17	46569894	74710490	17383	-0.0464
87243274-0297-4e36-8d30-5df7680b2f72	17	74711717	76247021	662	0.0482
87243274-0297-4e36-8d30-5df7680b2f72	17	76249366	81282198	2862	-0.0367
87243274-0297-4e36-8d30-5df7680b2f72	17	81282420	81282457	2	-2.1195
87243274-0297-4e36-8d30-5df7680b2f72	17	81288009	83091923	661	-0.0282
87243274-0297-4e36-8d30-5df7680b2f72	18	48133	65458620	39878	-0.0313
87243274-0297-4e36-8d30-5df7680b2f72	18	65466628	66245273	599	0.0866
87243274-0297-4e36-8d30-5df7680b2f72	18	66245491	71302480	3618	-0.0096
87243274-0297-4e36-8d30-5df7680b2f72	18	71302893	73670753	1859	0.0666
87243274-0297-4e36-8d30-5df7680b2f72	18	73671007	77193981	2797	-0.0352
87243274-0297-4e36-8d30-5df7680b2f72	18	77194108	77199324	2	-2.8259
87243274-0297-4e36-8d30-5df7680b2f72	18	77200024	80257174	1993	-0.0526
87243274-0297-4e36-8d30-5df7680b2f72	19	90910	2552051	606	-0.2949
87243274-0297-4e36-8d30-5df7680b2f72	19	2557612	2557632	2	-2.7747
87243274-0297-4e36-8d30-5df7680b2f72	19	2558656	22559262	9524	-0.3081
87243274-0297-4e36-8d30-5df7680b2f72	19	22577718	22699701	68	0.0892
87243274-0297-4e36-8d30-5df7680b2f72	19	22704361	23200188	265	-0.3161
87243274-0297-4e36-8d30-5df7680b2f72	19	23200921	27330071	687	0.2094
87243274-0297-4e36-8d30-5df7680b2f72	19	27337678	33790539	4491	-0.3521
87243274-0297-4e36-8d30-5df7680b2f72	19	33790791	33792435	2	-2.7954
87243274-0297-4e36-8d30-5df7680b2f72	19	33799262	47898676	7238	-0.3088
87243274-0297-4e36-8d30-5df7680b2f72	19	47898691	47898966	4	-1.9261
87243274-0297-4e36-8d30-5df7680b2f72	19	47959373	58586487	6193	-0.3314
87243274-0297-4e36-8d30-5df7680b2f72	20	80664	1576544	1184	0.0376
87243274-0297-4e36-8d30-5df7680b2f72	20	1576573	1580156	17	-0.9161
87243274-0297-4e36-8d30-5df7680b2f72	20	1580276	1601446	38	-0.0267
87243274-0297-4e36-8d30-5df7680b2f72	20	1601561	1617690	9	0.9978
87243274-0297-4e36-8d30-5df7680b2f72	20	1618356	1827932	193	0.0475
87243274-0297-4e36-8d30-5df7680b2f72	20	1830104	1833184	2	-1.6698
87243274-0297-4e36-8d30-5df7680b2f72	20	1833453	12649334	8245	0.0575
87243274-0297-4e36-8d30-5df7680b2f72	20	12650073	12650157	3	-1.8993
87243274-0297-4e36-8d30-5df7680b2f72	20	12651396	64324800	32693	0.0511
87243274-0297-4e36-8d30-5df7680b2f72	21	10354168	13822907	276	0.3815
87243274-0297-4e36-8d30-5df7680b2f72	21	13823535	19933207	4243	0.1917
87243274-0297-4e36-8d30-5df7680b2f72	21	19933455	19967540	18	-0.726
87243274-0297-4e36-8d30-5df7680b2f72	21	19971271	22170848	1693	0.1636
87243274-0297-4e36-8d30-5df7680b2f72	21	22171281	23204230	769	0.2835
87243274-0297-4e36-8d30-5df7680b2f72	21	23207490	34103676	7944	0.1896
87243274-0297-4e36-8d30-5df7680b2f72	21	34103730	41486088	5964	0.1493
87243274-0297-4e36-8d30-5df7680b2f72	21	41491796	46677045	2957	0.1841
87243274-0297-4e36-8d30-5df7680b2f72	22	15294547	16394084	39	-0.0652
87243274-0297-4e36-8d30-5df7680b2f72	22	16396408	23981995	4352	-0.323
87243274-0297-4e36-8d30-5df7680b2f72	22	23987520	23989773	3	-2.8186
87243274-0297-4e36-8d30-5df7680b2f72	22	23990431	35339536	8692	-0.3445
87243274-0297-4e36-8d30-5df7680b2f72	22	35341221	50528603	10037	0.1943
87243274-0297-4e36-8d30-5df7680b2f72	22	50534679	50534687	5	-0.8886
87243274-0297-4e36-8d30-5df7680b2f72	22	50535325	50796027	143	0.1949
87243274-0297-4e36-8d30-5df7680b2f72	X	251810	138905522	72967	0.032
87243274-0297-4e36-8d30-5df7680b2f72	X	138905841	138906575	3	-4.4564
87243274-0297-4e36-8d30-5df7680b2f72	X	138907117	155952689	10430	0.0136
87243274-0297-4e36-8d30-5df7680b2f72	Y	2782397	56872112	6640	-0.7317
