GDC_Aliquot	Chromosome	Start	End	Num_Probes	Segment_Mean
1a266259-657a-403a-868e-5064dba01e1d	1	62920	901705	57	-0.0656
1a266259-657a-403a-868e-5064dba01e1d	1	914637	2896346	498	0.102
1a266259-657a-403a-868e-5064dba01e1d	1	2900856	12779433	5928	0.0043
1a266259-657a-403a-868e-5064dba01e1d	1	12792599	12850124	26	-0.5442
1a266259-657a-403a-868e-5064dba01e1d	1	12850744	15822793	1814	0.0139
1a266259-657a-403a-868e-5064dba01e1d	1	15822848	15827430	8	0.7485
1a266259-657a-403a-868e-5064dba01e1d	1	15827706	16679483	332	0.0078
1a266259-657a-403a-868e-5064dba01e1d	1	16685961	16935752	78	0.3831
1a266259-657a-403a-868e-5064dba01e1d	1	16949746	72297687	33916	0.001
1a266259-657a-403a-868e-5064dba01e1d	1	72302735	72345465	48	-1.2256
1a266259-657a-403a-868e-5064dba01e1d	1	72346221	103614695	19939	-0.001
1a266259-657a-403a-868e-5064dba01e1d	1	103614714	103717617	10	-0.6858
1a266259-657a-403a-868e-5064dba01e1d	1	103760781	110834746	4401	-0.0093
1a266259-657a-403a-868e-5064dba01e1d	1	110834943	110845604	38	-0.7103
1a266259-657a-403a-868e-5064dba01e1d	1	110849445	112147704	1074	-0.0015
1a266259-657a-403a-868e-5064dba01e1d	1	112153343	112154204	13	0.5204
1a266259-657a-403a-868e-5064dba01e1d	1	112154234	152583051	7580	0.0024
1a266259-657a-403a-868e-5064dba01e1d	1	152583230	152613762	31	-1.514
1a266259-657a-403a-868e-5064dba01e1d	1	152613802	152787202	170	-0.0434
1a266259-657a-403a-868e-5064dba01e1d	1	152789447	152796224	37	-1.3642
1a266259-657a-403a-868e-5064dba01e1d	1	152801429	189679027	24624	-0.0036
1a266259-657a-403a-868e-5064dba01e1d	1	189679353	189679397	2	-1.5166
1a266259-657a-403a-868e-5064dba01e1d	1	189682917	196745743	4708	-0.0003
1a266259-657a-403a-868e-5064dba01e1d	1	196758720	196843377	59	-0.4363
1a266259-657a-403a-868e-5064dba01e1d	1	196843400	196846661	2	3.6133
1a266259-657a-403a-868e-5064dba01e1d	1	196847600	246681868	34368	0.0056
1a266259-657a-403a-868e-5064dba01e1d	1	246682563	246695229	13	0.5719
1a266259-657a-403a-868e-5064dba01e1d	1	246698828	247403573	425	0.0046
1a266259-657a-403a-868e-5064dba01e1d	1	247404621	247404630	2	-1.3673
1a266259-657a-403a-868e-5064dba01e1d	1	247404749	248930189	869	-0.0263
1a266259-657a-403a-868e-5064dba01e1d	2	12784	184689	98	-0.0062
1a266259-657a-403a-868e-5064dba01e1d	2	184772	228699	34	0.4355
1a266259-657a-403a-868e-5064dba01e1d	2	230442	4610837	3249	-0.012
1a266259-657a-403a-868e-5064dba01e1d	2	4612217	4612231	2	-1.5014
1a266259-657a-403a-868e-5064dba01e1d	2	4615066	7471565	2504	-0.0074
1a266259-657a-403a-868e-5064dba01e1d	2	7471817	7494869	22	0.4136
1a266259-657a-403a-868e-5064dba01e1d	2	7497458	34466002	18100	0.0014
1a266259-657a-403a-868e-5064dba01e1d	2	34474248	34511990	46	0.596
1a266259-657a-403a-868e-5064dba01e1d	2	34512096	48806403	10290	-0.0026
1a266259-657a-403a-868e-5064dba01e1d	2	48808110	48826572	16	-0.7845
1a266259-657a-403a-868e-5064dba01e1d	2	48829828	52527330	2649	-0.0181
1a266259-657a-403a-868e-5064dba01e1d	2	52527342	52527743	6	-1.549
1a266259-657a-403a-868e-5064dba01e1d	2	52531615	52554404	33	-0.4438
1a266259-657a-403a-868e-5064dba01e1d	2	52560811	87023373	21912	-0.0046
1a266259-657a-403a-868e-5064dba01e1d	2	87032208	87835245	134	-0.6031
1a266259-657a-403a-868e-5064dba01e1d	2	87853065	97359885	1725	-0.0168
1a266259-657a-403a-868e-5064dba01e1d	2	97524284	97545247	8	-0.9572
1a266259-657a-403a-868e-5064dba01e1d	2	97545726	125684646	16972	-0.0026
1a266259-657a-403a-868e-5064dba01e1d	2	125694074	125694336	2	-2.1846
1a266259-657a-403a-868e-5064dba01e1d	2	125694355	128880504	1936	-0.0059
1a266259-657a-403a-868e-5064dba01e1d	2	128880904	128882741	15	-0.7354
1a266259-657a-403a-868e-5064dba01e1d	2	128882755	146104517	10375	-0.0044
1a266259-657a-403a-868e-5064dba01e1d	2	146106836	146109366	24	-1.6154
1a266259-657a-403a-868e-5064dba01e1d	2	146120238	183929673	23197	0.0022
1a266259-657a-403a-868e-5064dba01e1d	2	183929787	183937588	15	-0.7347
1a266259-657a-403a-868e-5064dba01e1d	2	183937714	242147305	35648	0.0029
1a266259-657a-403a-868e-5064dba01e1d	3	20930	1740119	1524	-0.0363
1a266259-657a-403a-868e-5064dba01e1d	3	1740840	1745897	6	-0.832
1a266259-657a-403a-868e-5064dba01e1d	3	1747474	37935926	25965	-0.0008
1a266259-657a-403a-868e-5064dba01e1d	3	37940617	37945437	18	-0.8501
1a266259-657a-403a-868e-5064dba01e1d	3	37945615	162405578	74596	-0.003
1a266259-657a-403a-868e-5064dba01e1d	3	162419812	162424917	14	-0.7877
1a266259-657a-403a-868e-5064dba01e1d	3	162426460	162790404	253	-0.0057
1a266259-657a-403a-868e-5064dba01e1d	3	162790480	162908192	70	-0.2324
1a266259-657a-403a-868e-5064dba01e1d	3	162908207	193155915	19108	0.0065
1a266259-657a-403a-868e-5064dba01e1d	3	193156018	193168646	23	-0.9391
1a266259-657a-403a-868e-5064dba01e1d	3	193168669	195695420	1488	0.0121
1a266259-657a-403a-868e-5064dba01e1d	3	195695422	195728637	18	0.8024
1a266259-657a-403a-868e-5064dba01e1d	3	195728990	198169247	1180	0.0425
1a266259-657a-403a-868e-5064dba01e1d	4	68929	479859	176	-0.0282
1a266259-657a-403a-868e-5064dba01e1d	4	480109	1058451	177	0.1499
1a266259-657a-403a-868e-5064dba01e1d	4	1058613	7242796	3698	-0.0043
1a266259-657a-403a-868e-5064dba01e1d	4	7243717	7245641	3	-1.2939
1a266259-657a-403a-868e-5064dba01e1d	4	7246726	10270469	1704	0.0006
1a266259-657a-403a-868e-5064dba01e1d	4	10271164	10273002	9	-1.2046
1a266259-657a-403a-868e-5064dba01e1d	4	10273310	65075502	34205	0.0013
1a266259-657a-403a-868e-5064dba01e1d	4	65078607	65078760	2	-2.2981
1a266259-657a-403a-868e-5064dba01e1d	4	65081482	68418873	2069	-0.0023
1a266259-657a-403a-868e-5064dba01e1d	4	68422420	68422424	3	-1.6
1a266259-657a-403a-868e-5064dba01e1d	4	68429081	68472846	8	0.1273
1a266259-657a-403a-868e-5064dba01e1d	4	68478894	68655691	73	-0.2492
1a266259-657a-403a-868e-5064dba01e1d	4	68663241	76083975	4392	-0.0066
1a266259-657a-403a-868e-5064dba01e1d	4	76088622	76090204	2	-2.6254
1a266259-657a-403a-868e-5064dba01e1d	4	76090260	101156847	15304	-0.0013
1a266259-657a-403a-868e-5064dba01e1d	4	101160200	101163458	9	-0.9325
1a266259-657a-403a-868e-5064dba01e1d	4	101165223	114252544	7873	-0.0018
1a266259-657a-403a-868e-5064dba01e1d	4	114254167	114261019	23	-1.2388
1a266259-657a-403a-868e-5064dba01e1d	4	114263073	154881396	23946	0.0006
1a266259-657a-403a-868e-5064dba01e1d	4	154881853	154881926	3	1.3993
1a266259-657a-403a-868e-5064dba01e1d	4	154882047	157660023	1857	-0.0073
1a266259-657a-403a-868e-5064dba01e1d	4	157662279	157669119	9	-0.7779
1a266259-657a-403a-868e-5064dba01e1d	4	157669156	160952773	2024	-0.0075
1a266259-657a-403a-868e-5064dba01e1d	4	160952788	160963971	30	-0.6127
1a266259-657a-403a-868e-5064dba01e1d	4	160964013	172068222	7041	0.0032
1a266259-657a-403a-868e-5064dba01e1d	4	172068257	172068354	5	-2.0701
1a266259-657a-403a-868e-5064dba01e1d	4	172068368	172501371	233	-0.0201
1a266259-657a-403a-868e-5064dba01e1d	4	172503796	172507492	7	0.9798
1a266259-657a-403a-868e-5064dba01e1d	4	172519981	178076867	3382	-0.0017
1a266259-657a-403a-868e-5064dba01e1d	4	178078001	178078760	2	-1.649
1a266259-657a-403a-868e-5064dba01e1d	4	178080907	189267889	8040	0.0102
1a266259-657a-403a-868e-5064dba01e1d	4	189273964	189278110	4	-2.1028
1a266259-657a-403a-868e-5064dba01e1d	4	189278617	189290117	2	-0.7692
1a266259-657a-403a-868e-5064dba01e1d	4	189294158	190036988	343	-0.0604
1a266259-657a-403a-868e-5064dba01e1d	4	190046094	190106768	5	-0.9613
1a266259-657a-403a-868e-5064dba01e1d	5	15532	58030200	35622	0.0003
1a266259-657a-403a-868e-5064dba01e1d	5	58030336	58037706	31	-0.391
1a266259-657a-403a-868e-5064dba01e1d	5	58042530	65021774	4357	-0.0048
1a266259-657a-403a-868e-5064dba01e1d	5	65026519	65026586	2	-1.5135
1a266259-657a-403a-868e-5064dba01e1d	5	65034941	69550476	2903	0.0098
1a266259-657a-403a-868e-5064dba01e1d	5	69571467	69822308	5	-1.3803
1a266259-657a-403a-868e-5064dba01e1d	5	69937600	98008070	15717	0.0011
1a266259-657a-403a-868e-5064dba01e1d	5	98008227	98067653	24	-0.4048
1a266259-657a-403a-868e-5064dba01e1d	5	98067699	152134458	34364	-0.0037
1a266259-657a-403a-868e-5064dba01e1d	5	152134475	152138790	17	-0.5091
1a266259-657a-403a-868e-5064dba01e1d	5	152140710	174728779	15797	0.0027
1a266259-657a-403a-868e-5064dba01e1d	5	174743736	174761903	17	0.4446
1a266259-657a-403a-868e-5064dba01e1d	5	174766306	180947523	3391	-0.0008
1a266259-657a-403a-868e-5064dba01e1d	5	180951710	180991103	19	0.9782
1a266259-657a-403a-868e-5064dba01e1d	5	181006225	181145996	90	0.0316
1a266259-657a-403a-868e-5064dba01e1d	5	181146442	181192673	26	0.5539
1a266259-657a-403a-868e-5064dba01e1d	5	181192722	181363319	54	0.0691
1a266259-657a-403a-868e-5064dba01e1d	6	149661	254267	100	-0.0291
1a266259-657a-403a-868e-5064dba01e1d	6	254283	355360	73	-0.4295
1a266259-657a-403a-868e-5064dba01e1d	6	355386	817164	389	0.0209
1a266259-657a-403a-868e-5064dba01e1d	6	817619	847932	28	0.3994
1a266259-657a-403a-868e-5064dba01e1d	6	849087	24147914	17865	0.0048
1a266259-657a-403a-868e-5064dba01e1d	6	24150815	24153363	6	-0.8561
1a266259-657a-403a-868e-5064dba01e1d	6	24155365	29881490	3144	0.0117
1a266259-657a-403a-868e-5064dba01e1d	6	29882419	29933799	20	-0.6425
1a266259-657a-403a-868e-5064dba01e1d	6	29940692	31313046	639	-0.0074
1a266259-657a-403a-868e-5064dba01e1d	6	31318499	31328176	8	-1.3183
1a266259-657a-403a-868e-5064dba01e1d	6	31328210	32510338	508	0.0213
1a266259-657a-403a-868e-5064dba01e1d	6	32515192	32634330	42	-0.5141
1a266259-657a-403a-868e-5064dba01e1d	6	32634492	54060406	13672	0.0002
1a266259-657a-403a-868e-5064dba01e1d	6	54066269	54067057	9	-1.3124
1a266259-657a-403a-868e-5064dba01e1d	6	54070550	62213920	2959	-0.0049
1a266259-657a-403a-868e-5064dba01e1d	6	62215737	62218399	4	-1.0075
1a266259-657a-403a-868e-5064dba01e1d	6	62221798	76730331	9157	-0.0018
1a266259-657a-403a-868e-5064dba01e1d	6	76730377	76751356	20	-0.4946
1a266259-657a-403a-868e-5064dba01e1d	6	76758214	78263059	986	0.0082
1a266259-657a-403a-868e-5064dba01e1d	6	78263079	78316279	80	0.2405
1a266259-657a-403a-868e-5064dba01e1d	6	78316427	86364226	5012	0.0056
1a266259-657a-403a-868e-5064dba01e1d	6	86364520	86372433	6	-0.8726
1a266259-657a-403a-868e-5064dba01e1d	6	86373855	94832351	5566	-0.0012
1a266259-657a-403a-868e-5064dba01e1d	6	94833711	94857268	21	0.5096
1a266259-657a-403a-868e-5064dba01e1d	6	94857362	103299578	4840	-0.0011
1a266259-657a-403a-868e-5064dba01e1d	6	103299596	103314186	34	0.5703
1a266259-657a-403a-868e-5064dba01e1d	6	103317795	170741917	44003	0.0047
1a266259-657a-403a-868e-5064dba01e1d	7	43355	6862089	3429	0.0246
1a266259-657a-403a-868e-5064dba01e1d	7	6874832	6889070	7	-0.7297
1a266259-657a-403a-868e-5064dba01e1d	7	6890031	6903028	9	0.1427
1a266259-657a-403a-868e-5064dba01e1d	7	6915340	6915396	2	-2.0551
1a266259-657a-403a-868e-5064dba01e1d	7	6915679	22395161	12534	-0.0077
1a266259-657a-403a-868e-5064dba01e1d	7	22395853	22396868	2	-1.9337
1a266259-657a-403a-868e-5064dba01e1d	7	22399135	38347842	11391	-0.0004
1a266259-657a-403a-868e-5064dba01e1d	7	38351764	38356875	4	-1.8177
1a266259-657a-403a-868e-5064dba01e1d	7	38361356	54305455	10951	-0.0018
1a266259-657a-403a-868e-5064dba01e1d	7	54318812	54318824	6	1.1628
1a266259-657a-403a-868e-5064dba01e1d	7	54325795	97743281	21730	0.0041
1a266259-657a-403a-868e-5064dba01e1d	7	97744119	97773163	28	-0.5545
1a266259-657a-403a-868e-5064dba01e1d	7	97774928	109797044	6569	0.0094
1a266259-657a-403a-868e-5064dba01e1d	7	109797612	109819131	37	-0.4363
1a266259-657a-403a-868e-5064dba01e1d	7	109819293	130046768	12112	-0.002
1a266259-657a-403a-868e-5064dba01e1d	7	130054898	130058927	2	-1.96
1a266259-657a-403a-868e-5064dba01e1d	7	130059627	144255220	9015	0.0031
1a266259-657a-403a-868e-5064dba01e1d	7	144255475	144352208	12	0.6453
1a266259-657a-403a-868e-5064dba01e1d	7	144377836	154598185	6395	-0.0005
1a266259-657a-403a-868e-5064dba01e1d	7	154601461	154607903	4	-1.7598
1a266259-657a-403a-868e-5064dba01e1d	7	154609120	159334314	3226	0.0057
1a266259-657a-403a-868e-5064dba01e1d	8	81254	7336299	7709	-0.0029
1a266259-657a-403a-868e-5064dba01e1d	8	7357089	7396819	20	-0.5032
1a266259-657a-403a-868e-5064dba01e1d	8	7397588	12323772	3267	0.0108
1a266259-657a-403a-868e-5064dba01e1d	8	12358500	12389977	28	-1.0501
1a266259-657a-403a-868e-5064dba01e1d	8	12418301	25114672	10382	-0.0009
1a266259-657a-403a-868e-5064dba01e1d	8	25116928	25122389	15	0.6224
1a266259-657a-403a-868e-5064dba01e1d	8	25122391	36211336	7289	0.0012
1a266259-657a-403a-868e-5064dba01e1d	8	36215045	36219621	5	-1.0927
1a266259-657a-403a-868e-5064dba01e1d	8	36220823	111279265	43618	0.0014
1a266259-657a-403a-868e-5064dba01e1d	8	111282050	111288052	10	0.9646
1a266259-657a-403a-868e-5064dba01e1d	8	111289023	118169498	4148	-0.0052
1a266259-657a-403a-868e-5064dba01e1d	8	118170051	118178272	7	-0.8685
1a266259-657a-403a-868e-5064dba01e1d	8	118180908	144182963	18324	0.0046
1a266259-657a-403a-868e-5064dba01e1d	8	144188443	144300681	39	0.3067
1a266259-657a-403a-868e-5064dba01e1d	8	144300859	144761663	140	0.0586
1a266259-657a-403a-868e-5064dba01e1d	8	144769444	144777204	5	-0.7812
1a266259-657a-403a-868e-5064dba01e1d	8	144783110	145072769	167	0.0609
1a266259-657a-403a-868e-5064dba01e1d	9	46587	6652997	6303	-0.0034
1a266259-657a-403a-868e-5064dba01e1d	9	6653101	6829055	128	0.1989
1a266259-657a-403a-868e-5064dba01e1d	9	6829508	42259927	24746	-0.005
1a266259-657a-403a-868e-5064dba01e1d	9	42265987	42727685	27	0.6856
1a266259-657a-403a-868e-5064dba01e1d	9	42729302	63580418	109	-0.0188
1a266259-657a-403a-868e-5064dba01e1d	9	63590317	63592813	7	1.1601
1a266259-657a-403a-868e-5064dba01e1d	9	63614182	131383392	44276	-0.0015
1a266259-657a-403a-868e-5064dba01e1d	9	131385539	131387628	3	-2.5446
1a266259-657a-403a-868e-5064dba01e1d	9	131389614	138200944	3626	0.0057
1a266259-657a-403a-868e-5064dba01e1d	10	45792	8792428	7591	-0.0006
1a266259-657a-403a-868e-5064dba01e1d	10	8793083	8858053	52	0.2863
1a266259-657a-403a-868e-5064dba01e1d	10	8865911	24088746	11476	0.0079
1a266259-657a-403a-868e-5064dba01e1d	10	24088747	24091731	14	0.6299
1a266259-657a-403a-868e-5064dba01e1d	10	24091754	133654968	71244	-0.0005
1a266259-657a-403a-868e-5064dba01e1d	11	198510	5761882	3216	-0.004
1a266259-657a-403a-868e-5064dba01e1d	11	5762165	5791130	39	-0.6231
1a266259-657a-403a-868e-5064dba01e1d	11	5794956	18918775	9374	-0.0078
1a266259-657a-403a-868e-5064dba01e1d	11	18919309	18938477	33	-0.4373
1a266259-657a-403a-868e-5064dba01e1d	11	18938568	43749056	17765	-0.0043
1a266259-657a-403a-868e-5064dba01e1d	11	43753958	43760963	8	-0.7458
1a266259-657a-403a-868e-5064dba01e1d	11	43761574	48688191	2783	-0.0008
1a266259-657a-403a-868e-5064dba01e1d	11	48688872	48700215	8	-0.7008
1a266259-657a-403a-868e-5064dba01e1d	11	48702884	49686823	377	-0.0026
1a266259-657a-403a-868e-5064dba01e1d	11	49689309	49739136	27	-0.6453
1a266259-657a-403a-868e-5064dba01e1d	11	49744609	55172866	514	-0.0516
1a266259-657a-403a-868e-5064dba01e1d	11	55198132	55214735	6	-1.1206
1a266259-657a-403a-868e-5064dba01e1d	11	55241999	64985486	5412	0.0008
1a266259-657a-403a-868e-5064dba01e1d	11	64985589	65894607	360	0.1437
1a266259-657a-403a-868e-5064dba01e1d	11	65902628	89796439	14277	0.0011
1a266259-657a-403a-868e-5064dba01e1d	11	89802300	89834373	8	-0.9384
1a266259-657a-403a-868e-5064dba01e1d	11	89847184	134718478	32006	-0.0017
1a266259-657a-403a-868e-5064dba01e1d	11	134727891	134748359	25	0.3721
1a266259-657a-403a-868e-5064dba01e1d	11	134748511	135074876	264	0.0322
1a266259-657a-403a-868e-5064dba01e1d	12	51460	759943	417	0.0787
1a266259-657a-403a-868e-5064dba01e1d	12	760032	764863	17	-0.6638
1a266259-657a-403a-868e-5064dba01e1d	12	766188	1248694	271	0.0528
1a266259-657a-403a-868e-5064dba01e1d	12	1251541	1258316	5	-0.5893
1a266259-657a-403a-868e-5064dba01e1d	12	1258924	2126723	553	0.0374
1a266259-657a-403a-868e-5064dba01e1d	12	2136696	2148754	41	-0.6028
1a266259-657a-403a-868e-5064dba01e1d	12	2148857	30086334	19139	0.0044
1a266259-657a-403a-868e-5064dba01e1d	12	30086381	30090756	23	-0.6354
1a266259-657a-403a-868e-5064dba01e1d	12	30090789	33122652	2226	-0.0065
1a266259-657a-403a-868e-5064dba01e1d	12	33122950	33155426	52	0.2567
1a266259-657a-403a-868e-5064dba01e1d	12	33155453	48331259	7285	-0.0065
1a266259-657a-403a-868e-5064dba01e1d	12	48331456	48331632	3	-1.899
1a266259-657a-403a-868e-5064dba01e1d	12	48336253	70478078	13395	0.0027
1a266259-657a-403a-868e-5064dba01e1d	12	70478895	70484247	9	-2.0836
1a266259-657a-403a-868e-5064dba01e1d	12	70485605	80446147	6321	-0.003
1a266259-657a-403a-868e-5064dba01e1d	12	80446276	80456533	2	-2.449
1a266259-657a-403a-868e-5064dba01e1d	12	80458189	90089573	5679	0.0003
1a266259-657a-403a-868e-5064dba01e1d	12	90097892	90098297	7	-1.0577
1a266259-657a-403a-868e-5064dba01e1d	12	90099780	114824045	16483	0.0059
1a266259-657a-403a-868e-5064dba01e1d	12	114824978	114897831	57	0.2464
1a266259-657a-403a-868e-5064dba01e1d	12	114902555	115775970	829	0.0143
1a266259-657a-403a-868e-5064dba01e1d	12	115775996	115816346	95	0.202
1a266259-657a-403a-868e-5064dba01e1d	12	115816581	131636170	11077	0.0004
1a266259-657a-403a-868e-5064dba01e1d	12	131648039	131648790	13	-1.9282
1a266259-657a-403a-868e-5064dba01e1d	12	131657925	133201603	559	0.0363
1a266259-657a-403a-868e-5064dba01e1d	13	18452809	39297725	14780	0.0008
1a266259-657a-403a-868e-5064dba01e1d	13	39297863	39297999	6	-0.9229
1a266259-657a-403a-868e-5064dba01e1d	13	39301520	68676903	18033	-0.0019
1a266259-657a-403a-868e-5064dba01e1d	13	68677373	68694110	26	-0.6372
1a266259-657a-403a-868e-5064dba01e1d	13	68694987	71902850	2048	-0.003
1a266259-657a-403a-868e-5064dba01e1d	13	71903417	71906418	4	-2.1276
1a266259-657a-403a-868e-5064dba01e1d	13	71906467	114342922	28946	-0.0013
1a266259-657a-403a-868e-5064dba01e1d	14	18239283	18497148	7	0.0581
1a266259-657a-403a-868e-5064dba01e1d	14	18552524	19955213	159	-0.3381
1a266259-657a-403a-868e-5064dba01e1d	14	19956767	73529070	33941	-0.0008
1a266259-657a-403a-868e-5064dba01e1d	14	73534419	73563196	10	-1.0986
1a266259-657a-403a-868e-5064dba01e1d	14	73563211	85818410	8137	-0.0006
1a266259-657a-403a-868e-5064dba01e1d	14	85819968	85845829	15	-0.7654
1a266259-657a-403a-868e-5064dba01e1d	14	85849791	106416146	12712	-0.004
1a266259-657a-403a-868e-5064dba01e1d	14	106418444	106475361	51	-0.6616
1a266259-657a-403a-868e-5064dba01e1d	14	106487515	106877229	193	0.0077
1a266259-657a-403a-868e-5064dba01e1d	15	19811075	20267598	67	-0.0634
1a266259-657a-403a-868e-5064dba01e1d	15	20283083	22413894	141	-0.5302
1a266259-657a-403a-868e-5064dba01e1d	15	22455811	30231102	4621	0.0013
1a266259-657a-403a-868e-5064dba01e1d	15	30252720	30269364	5	1.1933
1a266259-657a-403a-868e-5064dba01e1d	15	30281107	76586021	28961	-0.0007
1a266259-657a-403a-868e-5064dba01e1d	15	76598900	76603434	22	-1.7685
1a266259-657a-403a-868e-5064dba01e1d	15	76609838	101928837	17552	0.0019
1a266259-657a-403a-868e-5064dba01e1d	16	10777	15450424	11227	0.0124
1a266259-657a-403a-868e-5064dba01e1d	16	15450831	16666829	538	0.1196
1a266259-657a-403a-868e-5064dba01e1d	16	16692214	16743769	4	-0.948
1a266259-657a-403a-868e-5064dba01e1d	16	16761504	22084832	2803	0.0165
1a266259-657a-403a-868e-5064dba01e1d	16	22088000	22701658	243	0.143
1a266259-657a-403a-868e-5064dba01e1d	16	22706267	29620708	4262	0.0092
1a266259-657a-403a-868e-5064dba01e1d	16	29627320	30320763	193	0.1577
1a266259-657a-403a-868e-5064dba01e1d	16	30322825	34176391	753	0.0013
1a266259-657a-403a-868e-5064dba01e1d	16	34196508	46750077	521	-0.0931
1a266259-657a-403a-868e-5064dba01e1d	16	46750271	78339440	20606	-0.0005
1a266259-657a-403a-868e-5064dba01e1d	16	78339867	78350841	12	0.8715
1a266259-657a-403a-868e-5064dba01e1d	16	78350868	80217859	2289	0.018
1a266259-657a-403a-868e-5064dba01e1d	16	80218562	80219040	5	-0.9648
1a266259-657a-403a-868e-5064dba01e1d	16	80219179	84145880	4129	0.0049
1a266259-657a-403a-868e-5064dba01e1d	16	84147625	84688140	521	0.113
1a266259-657a-403a-868e-5064dba01e1d	16	84689258	88571388	2973	0.0046
1a266259-657a-403a-868e-5064dba01e1d	16	88571488	90096867	658	0.1045
1a266259-657a-403a-868e-5064dba01e1d	17	150733	18414080	11368	0.009
1a266259-657a-403a-868e-5064dba01e1d	17	18452078	18561272	26	0.7635
1a266259-657a-403a-868e-5064dba01e1d	17	18561907	41265456	9382	0.002
1a266259-657a-403a-868e-5064dba01e1d	17	41266762	41276830	29	-0.3726
1a266259-657a-403a-868e-5064dba01e1d	17	41276864	46130967	2522	0.0066
1a266259-657a-403a-868e-5064dba01e1d	17	46131308	46323701	93	-0.3075
1a266259-657a-403a-868e-5064dba01e1d	17	46351954	76913017	18375	0.006
1a266259-657a-403a-868e-5064dba01e1d	17	76914310	76930670	19	0.4525
1a266259-657a-403a-868e-5064dba01e1d	17	76933916	77345098	249	0.0082
1a266259-657a-403a-868e-5064dba01e1d	17	77345322	77371245	27	0.364
1a266259-657a-403a-868e-5064dba01e1d	17	77371402	78412288	592	0.0238
1a266259-657a-403a-868e-5064dba01e1d	17	78412343	78456702	25	0.413
1a266259-657a-403a-868e-5064dba01e1d	17	78459996	83091923	2228	0.0091
1a266259-657a-403a-868e-5064dba01e1d	18	48133	122470	13	-0.3115
1a266259-657a-403a-868e-5064dba01e1d	18	136240	40680506	22698	-0.0008
1a266259-657a-403a-868e-5064dba01e1d	18	40680516	40685425	15	-0.5084
1a266259-657a-403a-868e-5064dba01e1d	18	40688060	42471713	1209	0.0056
1a266259-657a-403a-868e-5064dba01e1d	18	42476604	42477802	25	-1.7336
1a266259-657a-403a-868e-5064dba01e1d	18	42478430	59127306	11210	0.003
1a266259-657a-403a-868e-5064dba01e1d	18	59128512	59135866	7	-1.0149
1a266259-657a-403a-868e-5064dba01e1d	18	59136484	66060309	4959	-0.0008
1a266259-657a-403a-868e-5064dba01e1d	18	66060363	66061104	10	-1.4151
1a266259-657a-403a-868e-5064dba01e1d	18	66065502	71392837	3818	0.0029
1a266259-657a-403a-868e-5064dba01e1d	18	71393503	73087622	1327	-0.0638
1a266259-657a-403a-868e-5064dba01e1d	18	73087651	76315754	2618	0.0026
1a266259-657a-403a-868e-5064dba01e1d	18	76316350	76316623	2	-1.9009
1a266259-657a-403a-868e-5064dba01e1d	18	76316645	80257174	2622	0.0016
1a266259-657a-403a-868e-5064dba01e1d	19	90910	909840	174	0.0431
1a266259-657a-403a-868e-5064dba01e1d	19	916737	931521	2	-1.4824
1a266259-657a-403a-868e-5064dba01e1d	19	931523	35358407	16503	0.0092
1a266259-657a-403a-868e-5064dba01e1d	19	35358420	35385420	31	0.3939
1a266259-657a-403a-868e-5064dba01e1d	19	35385973	52770482	8775	0.0076
1a266259-657a-403a-868e-5064dba01e1d	19	52770699	53118308	263	0.1218
1a266259-657a-403a-868e-5064dba01e1d	19	53122339	53540217	329	0.0015
1a266259-657a-403a-868e-5064dba01e1d	19	53540815	53861409	209	0.1754
1a266259-657a-403a-868e-5064dba01e1d	19	53862141	58586487	2773	0.025
1a266259-657a-403a-868e-5064dba01e1d	20	80664	1029145	763	0.0192
1a266259-657a-403a-868e-5064dba01e1d	20	1030727	1031383	2	-1.4154
1a266259-657a-403a-868e-5064dba01e1d	20	1031383	1579897	430	-0.0063
1a266259-657a-403a-868e-5064dba01e1d	20	1579916	1617300	48	-0.4096
1a266259-657a-403a-868e-5064dba01e1d	20	1617460	64180402	40921	0.0014
1a266259-657a-403a-868e-5064dba01e1d	20	64180714	64244821	53	0.2678
1a266259-657a-403a-868e-5064dba01e1d	20	64245166	64324800	34	0.0403
1a266259-657a-403a-868e-5064dba01e1d	21	10354168	10559033	53	-0.4299
1a266259-657a-403a-868e-5064dba01e1d	21	10568903	16685314	2110	-0.0035
1a266259-657a-403a-868e-5064dba01e1d	21	16685327	16685347	2	-1.8623
1a266259-657a-403a-868e-5064dba01e1d	21	16688973	46677045	21612	0.0009
1a266259-657a-403a-868e-5064dba01e1d	22	15294547	16415083	48	-0.2359
1a266259-657a-403a-868e-5064dba01e1d	22	16415484	19541620	1464	0.0142
1a266259-657a-403a-868e-5064dba01e1d	22	19544855	21783843	1315	0.0816
1a266259-657a-403a-868e-5064dba01e1d	22	21785127	49067124	19358	0.0017
1a266259-657a-403a-868e-5064dba01e1d	22	49067219	50796027	1048	0.0828
1a266259-657a-403a-868e-5064dba01e1d	X	251810	3258993	454	0.1157
1a266259-657a-403a-868e-5064dba01e1d	X	3260388	19429119	11227	0.0092
1a266259-657a-403a-868e-5064dba01e1d	X	19430510	19524720	65	0.2835
1a266259-657a-403a-868e-5064dba01e1d	X	19526246	48001197	17156	0.0021
1a266259-657a-403a-868e-5064dba01e1d	X	48020763	48128795	77	0.6156
1a266259-657a-403a-868e-5064dba01e1d	X	48141867	129185807	38773	-0.0034
1a266259-657a-403a-868e-5064dba01e1d	X	129186633	129192989	12	-1.0566
1a266259-657a-403a-868e-5064dba01e1d	X	129194201	135615501	3350	0.0035
1a266259-657a-403a-868e-5064dba01e1d	X	135619994	135675935	36	0.5537
1a266259-657a-403a-868e-5064dba01e1d	X	135677486	155952689	12253	0.0009
1a266259-657a-403a-868e-5064dba01e1d	Y	2782397	3326047	192	-2.7309
1a266259-657a-403a-868e-5064dba01e1d	Y	3327226	6071948	526	-2.3672
1a266259-657a-403a-868e-5064dba01e1d	Y	6075631	13478396	2547	-2.815
1a266259-657a-403a-868e-5064dba01e1d	Y	13478462	13482643	3	-7.5522
1a266259-657a-403a-868e-5064dba01e1d	Y	13483009	56872112	3371	-2.8049
