GDC_Aliquot	Chromosome	Start	End	Copy_Number	Major_Copy_Number	Minor_Copy_Number
d2779a54-6282-4c22-a689-d752fbdc3b21	chr1	13116	25266204	4	4	0
d2779a54-6282-4c22-a689-d752fbdc3b21	chr1	25267773	25269963	2	2	0
d2779a54-6282-4c22-a689-d752fbdc3b21	chr1	25272840	25292953	0	0	0
d2779a54-6282-4c22-a689-d752fbdc3b21	chr1	25295395	25300575	1	1	0
d2779a54-6282-4c22-a689-d752fbdc3b21	chr1	25301582	161513144	4	4	0
d2779a54-6282-4c22-a689-d752fbdc3b21	chr1	161514187	161532114	0	0	0
d2779a54-6282-4c22-a689-d752fbdc3b21	chr1	161535068	161551941	1	1	0
d2779a54-6282-4c22-a689-d752fbdc3b21	chr1	161554263	161557098	0	0	0
d2779a54-6282-4c22-a689-d752fbdc3b21	chr1	161558274	161561205	2	2	0
d2779a54-6282-4c22-a689-d752fbdc3b21	chr1	161562601	161564664	3	3	0
d2779a54-6282-4c22-a689-d752fbdc3b21	chr1	161566341	161585380	1	1	0
d2779a54-6282-4c22-a689-d752fbdc3b21	chr1	161587364	161593764	0	0	0
d2779a54-6282-4c22-a689-d752fbdc3b21	chr1	161594816	206188443	4	4	0
d2779a54-6282-4c22-a689-d752fbdc3b21	chr1	206223072	206268085	14	12	2
d2779a54-6282-4c22-a689-d752fbdc3b21	chr1	206299269	248573929	4	4	0
d2779a54-6282-4c22-a689-d752fbdc3b21	chr1	248575019	248593110	0	0	0
d2779a54-6282-4c22-a689-d752fbdc3b21	chr1	248594353	248596613	2	2	0
d2779a54-6282-4c22-a689-d752fbdc3b21	chr1	248597701	248634486	0	0	0
d2779a54-6282-4c22-a689-d752fbdc3b21	chr1	248638271	248945703	4	4	0
d2779a54-6282-4c22-a689-d752fbdc3b21	chr2	10587	25490056	6	3	3
d2779a54-6282-4c22-a689-d752fbdc3b21	chr2	25491128	26794798	8	4	4
d2779a54-6282-4c22-a689-d752fbdc3b21	chr2	26796001	27749375	7	4	3
d2779a54-6282-4c22-a689-d752fbdc3b21	chr2	27751393	29231506	8	4	4
d2779a54-6282-4c22-a689-d752fbdc3b21	chr2	29232872	41195329	6	3	3
d2779a54-6282-4c22-a689-d752fbdc3b21	chr2	41196405	42298473	8	4	4
d2779a54-6282-4c22-a689-d752fbdc3b21	chr2	42299714	155147617	6	3	3
d2779a54-6282-4c22-a689-d752fbdc3b21	chr2	155149479	155163149	11	6	5
d2779a54-6282-4c22-a689-d752fbdc3b21	chr2	155164877	242183243	6	3	3
d2779a54-6282-4c22-a689-d752fbdc3b21	chr3	18519	165591926	4	2	2
d2779a54-6282-4c22-a689-d752fbdc3b21	chr3	165592958	165597665	6	3	3
d2779a54-6282-4c22-a689-d752fbdc3b21	chr3	165598812	166005455	4	2	2
d2779a54-6282-4c22-a689-d752fbdc3b21	chr3	166006481	198181744	6	3	3
d2779a54-6282-4c22-a689-d752fbdc3b21	chr4	11961	49494979	6	3	3
d2779a54-6282-4c22-a689-d752fbdc3b21	chr4	49496089	49644093	3	3	0
d2779a54-6282-4c22-a689-d752fbdc3b21	chr4	49645097	190122722	6	3	3
d2779a54-6282-4c22-a689-d752fbdc3b21	chr5	11882	3550167	9	5	4
d2779a54-6282-4c22-a689-d752fbdc3b21	chr5	3551494	181363900	8	4	4
d2779a54-6282-4c22-a689-d752fbdc3b21	chr6	100116	170740469	4	2	2
d2779a54-6282-4c22-a689-d752fbdc3b21	chr7	20608	159334386	6	3	3
d2779a54-6282-4c22-a689-d752fbdc3b21	chr8	61774	12382958	6	3	3
d2779a54-6282-4c22-a689-d752fbdc3b21	chr8	12384523	12386824	2	2	0
d2779a54-6282-4c22-a689-d752fbdc3b21	chr8	12387864	12397247	1	1	0
d2779a54-6282-4c22-a689-d752fbdc3b21	chr8	12402606	12404261	6	6	0
d2779a54-6282-4c22-a689-d752fbdc3b21	chr8	12414037	12416804	3	3	0
d2779a54-6282-4c22-a689-d752fbdc3b21	chr8	12417930	12422896	4	4	0
d2779a54-6282-4c22-a689-d752fbdc3b21	chr8	12424806	12427315	1	1	0
d2779a54-6282-4c22-a689-d752fbdc3b21	chr8	12428798	12430792	29	29	0
d2779a54-6282-4c22-a689-d752fbdc3b21	chr8	12433906	12449649	23	23	0
d2779a54-6282-4c22-a689-d752fbdc3b21	chr8	12453024	12453024	17	9	8
d2779a54-6282-4c22-a689-d752fbdc3b21	chr8	12479662	140552742	6	3	3
d2779a54-6282-4c22-a689-d752fbdc3b21	chr8	140554426	145078402	7	4	3
d2779a54-6282-4c22-a689-d752fbdc3b21	chr9	10469	61122397	6	3	3
d2779a54-6282-4c22-a689-d752fbdc3b21	chr9	61142307	61576172	4	4	0
d2779a54-6282-4c22-a689-d752fbdc3b21	chr9	61577270	61589890	3	2	1
d2779a54-6282-4c22-a689-d752fbdc3b21	chr9	61590953	61590953	3	3	0
d2779a54-6282-4c22-a689-d752fbdc3b21	chr9	61591973	64789158	5	3	2
d2779a54-6282-4c22-a689-d752fbdc3b21	chr9	64791987	64796128	13	13	0
d2779a54-6282-4c22-a689-d752fbdc3b21	chr9	64802909	64816825	14	14	0
d2779a54-6282-4c22-a689-d752fbdc3b21	chr9	64819404	64853082	7	4	3
d2779a54-6282-4c22-a689-d752fbdc3b21	chr9	64854248	82852387	6	3	3
d2779a54-6282-4c22-a689-d752fbdc3b21	chr9	82853662	82886607	2	2	0
d2779a54-6282-4c22-a689-d752fbdc3b21	chr9	82887656	83034636	3	3	0
d2779a54-6282-4c22-a689-d752fbdc3b21	chr9	83036001	116636686	6	3	3
d2779a54-6282-4c22-a689-d752fbdc3b21	chr9	116638548	123085742	4	2	2
d2779a54-6282-4c22-a689-d752fbdc3b21	chr9	123087617	124375522	6	3	3
d2779a54-6282-4c22-a689-d752fbdc3b21	chr9	124378244	137368750	4	2	2
d2779a54-6282-4c22-a689-d752fbdc3b21	chr9	137370756	138256233	4	3	1
d2779a54-6282-4c22-a689-d752fbdc3b21	chr10	15029	125215590	4	2	2
d2779a54-6282-4c22-a689-d752fbdc3b21	chr10	125217431	125223341	0	0	0
d2779a54-6282-4c22-a689-d752fbdc3b21	chr10	125225617	133434664	4	2	2
d2779a54-6282-4c22-a689-d752fbdc3b21	chr10	133435711	133787009	4	4	0
d2779a54-6282-4c22-a689-d752fbdc3b21	chr11	87268	3432090	9	5	4
d2779a54-6282-4c22-a689-d752fbdc3b21	chr11	3433100	135076424	8	4	4
d2779a54-6282-4c22-a689-d752fbdc3b21	chr12	11065	133135851	4	4	0
d2779a54-6282-4c22-a689-d752fbdc3b21	chr12	133136854	133264676	3	3	0
d2779a54-6282-4c22-a689-d752fbdc3b21	chr13	18445955	114343123	6	3	3
d2779a54-6282-4c22-a689-d752fbdc3b21	chr14	18223583	41147364	6	3	3
d2779a54-6282-4c22-a689-d752fbdc3b21	chr14	41148612	41197741	2	2	0
d2779a54-6282-4c22-a689-d752fbdc3b21	chr14	41200002	106880670	6	3	3
d2779a54-6282-4c22-a689-d752fbdc3b21	chr15	19795285	19904629	5	3	2
d2779a54-6282-4c22-a689-d752fbdc3b21	chr15	19905781	101980591	4	2	2
d2779a54-6282-4c22-a689-d752fbdc3b21	chr16	10291	31987465	8	4	4
d2779a54-6282-4c22-a689-d752fbdc3b21	chr16	31988831	33860864	8	6	2
d2779a54-6282-4c22-a689-d752fbdc3b21	chr16	33862371	90226358	8	4	4
d2779a54-6282-4c22-a689-d752fbdc3b21	chr17	151035	83237603	4	2	2
d2779a54-6282-4c22-a689-d752fbdc3b21	chr18	16444	80259190	4	2	2
d2779a54-6282-4c22-a689-d752fbdc3b21	chr19	157892	20412476	4	4	0
d2779a54-6282-4c22-a689-d752fbdc3b21	chr19	20414935	20526596	8	8	0
d2779a54-6282-4c22-a689-d752fbdc3b21	chr19	20527693	24325041	4	4	0
d2779a54-6282-4c22-a689-d752fbdc3b21	chr19	24326242	27242190	5	3	2
d2779a54-6282-4c22-a689-d752fbdc3b21	chr19	27243657	58607412	4	4	0
d2779a54-6282-4c22-a689-d752fbdc3b21	chr20	80457	43592966	5	3	2
d2779a54-6282-4c22-a689-d752fbdc3b21	chr20	43594344	64331516	6	3	3
d2779a54-6282-4c22-a689-d752fbdc3b21	chr21	7762688	7762688	6	6	0
d2779a54-6282-4c22-a689-d752fbdc3b21	chr21	8522577	8531076	16	16	0
d2779a54-6282-4c22-a689-d752fbdc3b21	chr21	8532698	8547361	9	9	0
d2779a54-6282-4c22-a689-d752fbdc3b21	chr21	8549698	8560041	19	19	0
d2779a54-6282-4c22-a689-d752fbdc3b21	chr21	8561862	8588866	7	7	0
d2779a54-6282-4c22-a689-d752fbdc3b21	chr21	8590853	8590853	30	30	0
d2779a54-6282-4c22-a689-d752fbdc3b21	chr21	8594826	8596006	2	2	0
d2779a54-6282-4c22-a689-d752fbdc3b21	chr21	8600540	8636466	4	4	0
d2779a54-6282-4c22-a689-d752fbdc3b21	chr21	8638799	8640139	10	10	0
d2779a54-6282-4c22-a689-d752fbdc3b21	chr21	8645620	8649131	16	16	0
d2779a54-6282-4c22-a689-d752fbdc3b21	chr21	8651985	8664335	4	4	0
d2779a54-6282-4c22-a689-d752fbdc3b21	chr21	8665412	8665412	2	2	0
d2779a54-6282-4c22-a689-d752fbdc3b21	chr21	8668920	8756942	6	6	0
d2779a54-6282-4c22-a689-d752fbdc3b21	chr21	8757964	9366756	4	2	2
d2779a54-6282-4c22-a689-d752fbdc3b21	chr21	9367909	46699722	6	3	3
d2779a54-6282-4c22-a689-d752fbdc3b21	chr22	15284540	50802392	4	4	0
d2779a54-6282-4c22-a689-d752fbdc3b21	chrX	2781514	155699751	8	4	4
