GDC_Aliquot	Chromosome	Start	End	Num_Probes	Segment_Mean
cdf3df5d-f875-4dcf-96fc-04dd76291c00	1	62920	25133189	13936	-0.0097
cdf3df5d-f875-4dcf-96fc-04dd76291c00	1	25133246	25133261	2	-1.9843
cdf3df5d-f875-4dcf-96fc-04dd76291c00	1	25133468	54199451	15842	0.0123
cdf3df5d-f875-4dcf-96fc-04dd76291c00	1	54202457	65555735	8534	-0.2862
cdf3df5d-f875-4dcf-96fc-04dd76291c00	1	65556199	65796076	183	0.015
cdf3df5d-f875-4dcf-96fc-04dd76291c00	1	65799558	72302815	4244	0.5296
cdf3df5d-f875-4dcf-96fc-04dd76291c00	1	72303233	72345465	46	1.553
cdf3df5d-f875-4dcf-96fc-04dd76291c00	1	72346221	75974538	2191	0.5364
cdf3df5d-f875-4dcf-96fc-04dd76291c00	1	75975815	77135005	912	0.9789
cdf3df5d-f875-4dcf-96fc-04dd76291c00	1	77135464	80434415	1994	0.5245
cdf3df5d-f875-4dcf-96fc-04dd76291c00	1	80437889	90616643	6854	0.9839
cdf3df5d-f875-4dcf-96fc-04dd76291c00	1	90620341	92711321	1270	0.5028
cdf3df5d-f875-4dcf-96fc-04dd76291c00	1	92713899	95102802	1573	-0.2772
cdf3df5d-f875-4dcf-96fc-04dd76291c00	1	95106813	95209154	52	0.5204
cdf3df5d-f875-4dcf-96fc-04dd76291c00	1	95210955	95210962	2	1.6372
cdf3df5d-f875-4dcf-96fc-04dd76291c00	1	95214568	97070398	1160	0.5373
cdf3df5d-f875-4dcf-96fc-04dd76291c00	1	97076087	98138867	579	-0.2812
cdf3df5d-f875-4dcf-96fc-04dd76291c00	1	98139674	106841976	5284	-0.2472
cdf3df5d-f875-4dcf-96fc-04dd76291c00	1	106842560	112153931	3697	-0.2902
cdf3df5d-f875-4dcf-96fc-04dd76291c00	1	112153950	112163506	22	0.2482
cdf3df5d-f875-4dcf-96fc-04dd76291c00	1	112163518	121601998	5149	-0.2896
cdf3df5d-f875-4dcf-96fc-04dd76291c00	1	121705338	152583051	2445	0.6844
cdf3df5d-f875-4dcf-96fc-04dd76291c00	1	152583230	152613641	30	1.2842
cdf3df5d-f875-4dcf-96fc-04dd76291c00	1	152613762	152787202	172	0.6551
cdf3df5d-f875-4dcf-96fc-04dd76291c00	1	152789447	152796094	36	-1.9552
cdf3df5d-f875-4dcf-96fc-04dd76291c00	1	152796224	152801429	2	-0.0378
cdf3df5d-f875-4dcf-96fc-04dd76291c00	1	152804279	153754520	645	0.7313
cdf3df5d-f875-4dcf-96fc-04dd76291c00	1	153755156	161533104	4613	0.6876
cdf3df5d-f875-4dcf-96fc-04dd76291c00	1	161539001	163915590	1810	0.6209
cdf3df5d-f875-4dcf-96fc-04dd76291c00	1	163917463	172481250	6445	0.7342
cdf3df5d-f875-4dcf-96fc-04dd76291c00	1	172481549	174827418	1299	0.5383
cdf3df5d-f875-4dcf-96fc-04dd76291c00	1	174827561	174832782	18	-0.1351
cdf3df5d-f875-4dcf-96fc-04dd76291c00	1	174832869	196745692	14642	0.5438
cdf3df5d-f875-4dcf-96fc-04dd76291c00	1	196745743	196843377	60	0.1752
cdf3df5d-f875-4dcf-96fc-04dd76291c00	1	196843400	196846661	2	5.3641
cdf3df5d-f875-4dcf-96fc-04dd76291c00	1	196847600	199138574	1375	0.5492
cdf3df5d-f875-4dcf-96fc-04dd76291c00	1	199142235	199145110	10	-0.1912
cdf3df5d-f875-4dcf-96fc-04dd76291c00	1	199145262	202598144	2302	0.5225
cdf3df5d-f875-4dcf-96fc-04dd76291c00	1	202598425	202598658	3	-0.4646
cdf3df5d-f875-4dcf-96fc-04dd76291c00	1	202599414	202907135	211	0.532
cdf3df5d-f875-4dcf-96fc-04dd76291c00	1	202909364	207865339	3159	0.9767
cdf3df5d-f875-4dcf-96fc-04dd76291c00	1	207865887	209913207	1734	0.5391
cdf3df5d-f875-4dcf-96fc-04dd76291c00	1	209920149	210439184	369	1.0272
cdf3df5d-f875-4dcf-96fc-04dd76291c00	1	210441948	210441949	2	-0.3684
cdf3df5d-f875-4dcf-96fc-04dd76291c00	1	210446867	211306211	609	0.9924
cdf3df5d-f875-4dcf-96fc-04dd76291c00	1	211311628	219305872	5581	0.5528
cdf3df5d-f875-4dcf-96fc-04dd76291c00	1	219305896	220815595	1040	-0.2933
cdf3df5d-f875-4dcf-96fc-04dd76291c00	1	220815988	232794004	7821	0.4977
cdf3df5d-f875-4dcf-96fc-04dd76291c00	1	232794311	235646128	2127	-0.3071
cdf3df5d-f875-4dcf-96fc-04dd76291c00	1	235654850	235992142	168	-1.351
cdf3df5d-f875-4dcf-96fc-04dd76291c00	1	235996234	237001777	812	-0.3098
cdf3df5d-f875-4dcf-96fc-04dd76291c00	1	237005074	243247202	4807	0.508
cdf3df5d-f875-4dcf-96fc-04dd76291c00	1	243263904	243304309	28	0.7634
cdf3df5d-f875-4dcf-96fc-04dd76291c00	1	243304531	247025232	2561	0.9892
cdf3df5d-f875-4dcf-96fc-04dd76291c00	1	247027642	248608256	936	0.8851
cdf3df5d-f875-4dcf-96fc-04dd76291c00	1	248609114	248646068	20	0.6408
cdf3df5d-f875-4dcf-96fc-04dd76291c00	1	248661836	248668953	5	-0.4072
cdf3df5d-f875-4dcf-96fc-04dd76291c00	1	248670664	248715146	36	0.309
cdf3df5d-f875-4dcf-96fc-04dd76291c00	1	248718762	248930189	96	-0.4336
cdf3df5d-f875-4dcf-96fc-04dd76291c00	2	12784	295136	179	0.2478
cdf3df5d-f875-4dcf-96fc-04dd76291c00	2	295255	300879	5	-0.668
cdf3df5d-f875-4dcf-96fc-04dd76291c00	2	301380	14563570	10858	0.2848
cdf3df5d-f875-4dcf-96fc-04dd76291c00	2	14564825	14569968	12	-0.6093
cdf3df5d-f875-4dcf-96fc-04dd76291c00	2	14570240	24376374	6878	0.2875
cdf3df5d-f875-4dcf-96fc-04dd76291c00	2	24376380	24388259	20	-0.5702
cdf3df5d-f875-4dcf-96fc-04dd76291c00	2	24388858	34485758	6152	0.2748
cdf3df5d-f875-4dcf-96fc-04dd76291c00	2	34485794	34511990	35	-0.2435
cdf3df5d-f875-4dcf-96fc-04dd76291c00	2	34512096	38727353	3178	0.2914
cdf3df5d-f875-4dcf-96fc-04dd76291c00	2	38728724	38753780	11	0.8682
cdf3df5d-f875-4dcf-96fc-04dd76291c00	2	38753905	52527743	9822	0.2845
cdf3df5d-f875-4dcf-96fc-04dd76291c00	2	52531615	52554404	33	0.9932
cdf3df5d-f875-4dcf-96fc-04dd76291c00	2	52560811	56785162	3095	0.2887
cdf3df5d-f875-4dcf-96fc-04dd76291c00	2	56786046	57877476	730	0.0851
cdf3df5d-f875-4dcf-96fc-04dd76291c00	2	57878256	78784774	13097	0.0467
cdf3df5d-f875-4dcf-96fc-04dd76291c00	2	78784872	78785037	2	-1.8937
cdf3df5d-f875-4dcf-96fc-04dd76291c00	2	78791345	87134049	5082	0.0517
cdf3df5d-f875-4dcf-96fc-04dd76291c00	2	87146770	87487629	76	0.43
cdf3df5d-f875-4dcf-96fc-04dd76291c00	2	87489160	97353176	1759	0.0497
cdf3df5d-f875-4dcf-96fc-04dd76291c00	2	97353860	97359885	8	0.1824
cdf3df5d-f875-4dcf-96fc-04dd76291c00	2	97524284	97545247	8	1.1944
cdf3df5d-f875-4dcf-96fc-04dd76291c00	2	97545726	130031201	19852	0.0859
cdf3df5d-f875-4dcf-96fc-04dd76291c00	2	130036283	130241291	39	-0.3123
cdf3df5d-f875-4dcf-96fc-04dd76291c00	2	130241393	131198985	310	0.068
cdf3df5d-f875-4dcf-96fc-04dd76291c00	2	131213222	131226967	2	-1.5243
cdf3df5d-f875-4dcf-96fc-04dd76291c00	2	131271344	135705261	2637	0.0876
cdf3df5d-f875-4dcf-96fc-04dd76291c00	2	135707248	135707572	3	-3.488
cdf3df5d-f875-4dcf-96fc-04dd76291c00	2	135708286	146104517	6551	0.0944
cdf3df5d-f875-4dcf-96fc-04dd76291c00	2	146106836	146109230	22	-0.4775
cdf3df5d-f875-4dcf-96fc-04dd76291c00	2	146109341	163780342	10593	0.09
cdf3df5d-f875-4dcf-96fc-04dd76291c00	2	163786978	163788616	5	-1.1163
cdf3df5d-f875-4dcf-96fc-04dd76291c00	2	163790132	183219425	12244	0.0828
cdf3df5d-f875-4dcf-96fc-04dd76291c00	2	183220725	183224996	10	-1.1538
cdf3df5d-f875-4dcf-96fc-04dd76291c00	2	183229270	195395566	6889	0.1025
cdf3df5d-f875-4dcf-96fc-04dd76291c00	2	195397606	207490231	7222	0.0671
cdf3df5d-f875-4dcf-96fc-04dd76291c00	2	207490454	207494612	16	-1.2315
cdf3df5d-f875-4dcf-96fc-04dd76291c00	2	207494752	242147305	22084	0.0777
cdf3df5d-f875-4dcf-96fc-04dd76291c00	3	20930	182919	154	-0.0217
cdf3df5d-f875-4dcf-96fc-04dd76291c00	3	188339	190956	3	-3.5286
cdf3df5d-f875-4dcf-96fc-04dd76291c00	3	191117	2164489	1747	0.111
cdf3df5d-f875-4dcf-96fc-04dd76291c00	3	2170552	2171191	5	-1.0861
cdf3df5d-f875-4dcf-96fc-04dd76291c00	3	2175327	65202778	43402	0.0548
cdf3df5d-f875-4dcf-96fc-04dd76291c00	3	65203560	65224777	52	-0.5447
cdf3df5d-f875-4dcf-96fc-04dd76291c00	3	65230674	95219296	16167	0.0752
cdf3df5d-f875-4dcf-96fc-04dd76291c00	3	95219778	130047743	20900	-0.267
cdf3df5d-f875-4dcf-96fc-04dd76291c00	3	130057015	130089968	40	0.2385
cdf3df5d-f875-4dcf-96fc-04dd76291c00	3	130092370	132273893	1435	-0.2593
cdf3df5d-f875-4dcf-96fc-04dd76291c00	3	132273929	132276840	3	-2.7572
cdf3df5d-f875-4dcf-96fc-04dd76291c00	3	132281633	138135905	3527	-0.2664
cdf3df5d-f875-4dcf-96fc-04dd76291c00	3	138136296	140502399	1518	0.0485
cdf3df5d-f875-4dcf-96fc-04dd76291c00	3	140504952	146899759	4027	-0.2586
cdf3df5d-f875-4dcf-96fc-04dd76291c00	3	146899868	147111252	101	0.0576
cdf3df5d-f875-4dcf-96fc-04dd76291c00	3	147112419	162794951	9642	-0.2673
cdf3df5d-f875-4dcf-96fc-04dd76291c00	3	162795304	162908207	68	-2.0642
cdf3df5d-f875-4dcf-96fc-04dd76291c00	3	162908784	166767006	2221	-0.244
cdf3df5d-f875-4dcf-96fc-04dd76291c00	3	166767867	166971222	88	0.0561
cdf3df5d-f875-4dcf-96fc-04dd76291c00	3	166971944	174593796	4753	-0.2667
cdf3df5d-f875-4dcf-96fc-04dd76291c00	3	174595653	176189407	1103	-0.1949
cdf3df5d-f875-4dcf-96fc-04dd76291c00	3	176189423	184689209	4934	-0.2835
cdf3df5d-f875-4dcf-96fc-04dd76291c00	3	184692127	184692540	2	-2.7491
cdf3df5d-f875-4dcf-96fc-04dd76291c00	3	184692668	193160173	6046	-0.2917
cdf3df5d-f875-4dcf-96fc-04dd76291c00	3	193160256	193165114	18	-1.525
cdf3df5d-f875-4dcf-96fc-04dd76291c00	3	193168646	198111342	2668	-0.2882
cdf3df5d-f875-4dcf-96fc-04dd76291c00	3	198111467	198169247	19	0.0374
cdf3df5d-f875-4dcf-96fc-04dd76291c00	4	68929	326468	127	-0.0366
cdf3df5d-f875-4dcf-96fc-04dd76291c00	4	326588	3597723	1310	0.0319
cdf3df5d-f875-4dcf-96fc-04dd76291c00	4	3598142	3600457	2	-2.0806
cdf3df5d-f875-4dcf-96fc-04dd76291c00	4	3607663	9455251	3716	0.0545
cdf3df5d-f875-4dcf-96fc-04dd76291c00	4	9459504	9477560	5	-1.5617
cdf3df5d-f875-4dcf-96fc-04dd76291c00	4	9477699	10208766	539	0.0279
cdf3df5d-f875-4dcf-96fc-04dd76291c00	4	10212536	10229173	23	1.9727
cdf3df5d-f875-4dcf-96fc-04dd76291c00	4	10229188	10229625	5	0.8999
cdf3df5d-f875-4dcf-96fc-04dd76291c00	4	10229874	10389091	179	0.0109
cdf3df5d-f875-4dcf-96fc-04dd76291c00	4	10390730	10401094	17	-0.4685
cdf3df5d-f875-4dcf-96fc-04dd76291c00	4	10401122	14407825	3206	0.0469
cdf3df5d-f875-4dcf-96fc-04dd76291c00	4	14408592	14408675	2	-1.8631
cdf3df5d-f875-4dcf-96fc-04dd76291c00	4	14408715	14949765	442	0.0657
cdf3df5d-f875-4dcf-96fc-04dd76291c00	4	14956998	23548130	5907	0.886
cdf3df5d-f875-4dcf-96fc-04dd76291c00	4	23551542	26776788	2239	0.5265
cdf3df5d-f875-4dcf-96fc-04dd76291c00	4	26778960	26800932	11	0.217
cdf3df5d-f875-4dcf-96fc-04dd76291c00	4	26807555	26831528	18	0.582
cdf3df5d-f875-4dcf-96fc-04dd76291c00	4	26832336	32398929	3614	0.072
cdf3df5d-f875-4dcf-96fc-04dd76291c00	4	32398943	32403692	5	0.9959
cdf3df5d-f875-4dcf-96fc-04dd76291c00	4	32404261	34784878	1342	0.0979
cdf3df5d-f875-4dcf-96fc-04dd76291c00	4	34785333	34823103	37	-0.7692
cdf3df5d-f875-4dcf-96fc-04dd76291c00	4	34828250	36811058	1303	0.0662
cdf3df5d-f875-4dcf-96fc-04dd76291c00	4	36811483	36812511	2	-1.7786
cdf3df5d-f875-4dcf-96fc-04dd76291c00	4	36812603	37797986	790	0.0556
cdf3df5d-f875-4dcf-96fc-04dd76291c00	4	37798113	39694006	1213	0.5182
cdf3df5d-f875-4dcf-96fc-04dd76291c00	4	39697404	39697775	3	-1.5615
cdf3df5d-f875-4dcf-96fc-04dd76291c00	4	39699074	40564857	485	0.4971
cdf3df5d-f875-4dcf-96fc-04dd76291c00	4	40567950	40573234	3	-0.7165
cdf3df5d-f875-4dcf-96fc-04dd76291c00	4	40576995	42842081	1505	0.5302
cdf3df5d-f875-4dcf-96fc-04dd76291c00	4	42843674	48100626	3035	0.0655
cdf3df5d-f875-4dcf-96fc-04dd76291c00	4	48105441	49063964	616	0.5299
cdf3df5d-f875-4dcf-96fc-04dd76291c00	4	49078996	56958944	3402	0.2933
cdf3df5d-f875-4dcf-96fc-04dd76291c00	4	56958974	61071220	2698	0.0552
cdf3df5d-f875-4dcf-96fc-04dd76291c00	4	61075217	61076234	2	-1.5043
cdf3df5d-f875-4dcf-96fc-04dd76291c00	4	61079968	61937191	466	0.0653
cdf3df5d-f875-4dcf-96fc-04dd76291c00	4	61937746	63827261	1036	-0.2433
cdf3df5d-f875-4dcf-96fc-04dd76291c00	4	63828222	63850713	30	0.3023
cdf3df5d-f875-4dcf-96fc-04dd76291c00	4	63851308	68389352	2849	-0.2492
cdf3df5d-f875-4dcf-96fc-04dd76291c00	4	68391041	68422424	9	0.5898
cdf3df5d-f875-4dcf-96fc-04dd76291c00	4	68429081	68478894	9	-0.3544
cdf3df5d-f875-4dcf-96fc-04dd76291c00	4	68494770	68623617	69	-1.1979
cdf3df5d-f875-4dcf-96fc-04dd76291c00	4	68639397	73062106	2596	-0.2456
cdf3df5d-f875-4dcf-96fc-04dd76291c00	4	73065809	73066239	2	-2.4347
cdf3df5d-f875-4dcf-96fc-04dd76291c00	4	73070191	114252544	25088	-0.2667
cdf3df5d-f875-4dcf-96fc-04dd76291c00	4	114254167	114261019	23	-1.8003
cdf3df5d-f875-4dcf-96fc-04dd76291c00	4	114263073	128986762	8645	-0.2542
cdf3df5d-f875-4dcf-96fc-04dd76291c00	4	128992190	128993184	2	-2.4055
cdf3df5d-f875-4dcf-96fc-04dd76291c00	4	128993522	143999755	9070	-0.2527
cdf3df5d-f875-4dcf-96fc-04dd76291c00	4	144003219	144110688	50	0.3517
cdf3df5d-f875-4dcf-96fc-04dd76291c00	4	144111743	145574203	733	-0.2552
cdf3df5d-f875-4dcf-96fc-04dd76291c00	4	145580604	145580740	2	-2.4722
cdf3df5d-f875-4dcf-96fc-04dd76291c00	4	145584576	181735154	22934	-0.2574
cdf3df5d-f875-4dcf-96fc-04dd76291c00	4	181737865	187167082	3867	-0.319
cdf3df5d-f875-4dcf-96fc-04dd76291c00	4	187168409	190106768	1816	-0.2572
cdf3df5d-f875-4dcf-96fc-04dd76291c00	5	15532	685633	306	0.1012
cdf3df5d-f875-4dcf-96fc-04dd76291c00	5	698256	773453	27	0.8207
cdf3df5d-f875-4dcf-96fc-04dd76291c00	5	779766	3269544	1926	0.1042
cdf3df5d-f875-4dcf-96fc-04dd76291c00	5	3269664	3269872	3	-1.87
cdf3df5d-f875-4dcf-96fc-04dd76291c00	5	3272615	12833745	7938	0.1174
cdf3df5d-f875-4dcf-96fc-04dd76291c00	5	12837866	12838421	2	2.0978
cdf3df5d-f875-4dcf-96fc-04dd76291c00	5	12849089	15718383	1970	0.1186
cdf3df5d-f875-4dcf-96fc-04dd76291c00	5	15719113	15720488	11	-5.5909
cdf3df5d-f875-4dcf-96fc-04dd76291c00	5	15723237	34422275	11528	0.1325
cdf3df5d-f875-4dcf-96fc-04dd76291c00	5	34422470	43434069	5812	0.098
cdf3df5d-f875-4dcf-96fc-04dd76291c00	5	43435717	46271006	1144	0.1285
cdf3df5d-f875-4dcf-96fc-04dd76291c00	5	46271828	46273400	6	-3.158
cdf3df5d-f875-4dcf-96fc-04dd76291c00	5	46278110	53969369	2268	0.0966
cdf3df5d-f875-4dcf-96fc-04dd76291c00	5	53969981	55827068	1253	-0.0443
cdf3df5d-f875-4dcf-96fc-04dd76291c00	5	55830068	58033288	1557	0.062
cdf3df5d-f875-4dcf-96fc-04dd76291c00	5	58033703	58037706	28	-0.8548
cdf3df5d-f875-4dcf-96fc-04dd76291c00	5	58042530	69550476	7296	0.0772
cdf3df5d-f875-4dcf-96fc-04dd76291c00	5	69571467	69822308	5	-1.1056
cdf3df5d-f875-4dcf-96fc-04dd76291c00	5	69937600	99485368	16621	0.0753
cdf3df5d-f875-4dcf-96fc-04dd76291c00	5	99498288	99508807	6	-0.9891
cdf3df5d-f875-4dcf-96fc-04dd76291c00	5	99508832	104524672	2906	0.1088
cdf3df5d-f875-4dcf-96fc-04dd76291c00	5	104524780	104524903	3	1.753
cdf3df5d-f875-4dcf-96fc-04dd76291c00	5	104525348	180951710	50051	0.0745
cdf3df5d-f875-4dcf-96fc-04dd76291c00	5	180951888	180987465	13	0.7804
cdf3df5d-f875-4dcf-96fc-04dd76291c00	5	180990207	181363319	175	0.0559
cdf3df5d-f875-4dcf-96fc-04dd76291c00	6	149661	204689	35	0.4758
cdf3df5d-f875-4dcf-96fc-04dd76291c00	6	204909	205920	3	-1.0379
cdf3df5d-f875-4dcf-96fc-04dd76291c00	6	205947	254283	63	0.4594
cdf3df5d-f875-4dcf-96fc-04dd76291c00	6	257353	323084	32	0.814
cdf3df5d-f875-4dcf-96fc-04dd76291c00	6	323326	19039888	14639	0.4055
cdf3df5d-f875-4dcf-96fc-04dd76291c00	6	19041950	19042587	3	-4.6006
cdf3df5d-f875-4dcf-96fc-04dd76291c00	6	19044471	19044517	3	-1.034
cdf3df5d-f875-4dcf-96fc-04dd76291c00	6	19044532	31313046	7554	0.404
cdf3df5d-f875-4dcf-96fc-04dd76291c00	6	31318499	31349920	14	-1.1554
cdf3df5d-f875-4dcf-96fc-04dd76291c00	6	31350387	32463775	495	0.3849
cdf3df5d-f875-4dcf-96fc-04dd76291c00	6	32481273	32529339	16	-0.4064
cdf3df5d-f875-4dcf-96fc-04dd76291c00	6	32529429	32614112	27	0.4888
cdf3df5d-f875-4dcf-96fc-04dd76291c00	6	32614426	32637799	12	-0.8113
cdf3df5d-f875-4dcf-96fc-04dd76291c00	6	32638107	32718419	45	0.4453
cdf3df5d-f875-4dcf-96fc-04dd76291c00	6	32720838	32722250	8	-0.1591
cdf3df5d-f875-4dcf-96fc-04dd76291c00	6	32723020	32723053	3	-1.4488
cdf3df5d-f875-4dcf-96fc-04dd76291c00	6	32732907	54060406	13650	0.3998
cdf3df5d-f875-4dcf-96fc-04dd76291c00	6	54066269	54067057	9	-1.4361
cdf3df5d-f875-4dcf-96fc-04dd76291c00	6	54070550	56430859	1529	0.3596
cdf3df5d-f875-4dcf-96fc-04dd76291c00	6	56433681	56434126	2	-1.5682
cdf3df5d-f875-4dcf-96fc-04dd76291c00	6	56434519	57035193	299	0.3215
cdf3df5d-f875-4dcf-96fc-04dd76291c00	6	57036246	62657936	1388	0.4176
cdf3df5d-f875-4dcf-96fc-04dd76291c00	6	62659216	63463112	416	0.2796
cdf3df5d-f875-4dcf-96fc-04dd76291c00	6	63469247	63948759	224	0.0418
cdf3df5d-f875-4dcf-96fc-04dd76291c00	6	63949509	66557583	1707	0.1126
cdf3df5d-f875-4dcf-96fc-04dd76291c00	6	66558741	76726815	6606	0.0522
cdf3df5d-f875-4dcf-96fc-04dd76291c00	6	76730151	76743040	21	0.9152
cdf3df5d-f875-4dcf-96fc-04dd76291c00	6	76751356	78261995	980	0.0909
cdf3df5d-f875-4dcf-96fc-04dd76291c00	6	78262064	78325468	109	0.5125
cdf3df5d-f875-4dcf-96fc-04dd76291c00	6	78329517	103286950	15475	0.0401
cdf3df5d-f875-4dcf-96fc-04dd76291c00	6	103286954	103314186	47	0.9336
cdf3df5d-f875-4dcf-96fc-04dd76291c00	6	103317795	113900791	6673	0.019
cdf3df5d-f875-4dcf-96fc-04dd76291c00	6	113903677	113903852	2	-2.6146
cdf3df5d-f875-4dcf-96fc-04dd76291c00	6	113904647	114905963	593	0.0286
cdf3df5d-f875-4dcf-96fc-04dd76291c00	6	114923004	114930564	2	-1.6346
cdf3df5d-f875-4dcf-96fc-04dd76291c00	6	114936470	140139871	16016	0.0492
cdf3df5d-f875-4dcf-96fc-04dd76291c00	6	140139945	157358463	11490	0.0689
cdf3df5d-f875-4dcf-96fc-04dd76291c00	6	157360232	157375044	3	-1.3533
cdf3df5d-f875-4dcf-96fc-04dd76291c00	6	157375962	165980290	6340	0.0826
cdf3df5d-f875-4dcf-96fc-04dd76291c00	6	165981429	165981879	2	-1.5881
cdf3df5d-f875-4dcf-96fc-04dd76291c00	6	165983119	167102881	885	0.0887
cdf3df5d-f875-4dcf-96fc-04dd76291c00	6	167102970	170741917	2166	0.0461
cdf3df5d-f875-4dcf-96fc-04dd76291c00	7	43355	4921712	2655	0.5994
cdf3df5d-f875-4dcf-96fc-04dd76291c00	7	4922458	4954133	14	-0.0171
cdf3df5d-f875-4dcf-96fc-04dd76291c00	7	4955400	19772265	11398	0.6132
cdf3df5d-f875-4dcf-96fc-04dd76291c00	7	19776617	24212487	3259	0.5518
cdf3df5d-f875-4dcf-96fc-04dd76291c00	7	24213352	62326419	23222	0.1055
cdf3df5d-f875-4dcf-96fc-04dd76291c00	7	62326769	65452228	1109	0.2993
cdf3df5d-f875-4dcf-96fc-04dd76291c00	7	65452891	68934390	1734	0.195
cdf3df5d-f875-4dcf-96fc-04dd76291c00	7	68934786	69005464	56	0.2749
cdf3df5d-f875-4dcf-96fc-04dd76291c00	7	69005492	70011505	564	0.3966
cdf3df5d-f875-4dcf-96fc-04dd76291c00	7	70014559	70955452	596	0.278
cdf3df5d-f875-4dcf-96fc-04dd76291c00	7	70958264	70961155	2	-2.9297
cdf3df5d-f875-4dcf-96fc-04dd76291c00	7	70963257	71645755	484	0.2696
cdf3df5d-f875-4dcf-96fc-04dd76291c00	7	71645915	76789195	1734	0.1596
cdf3df5d-f875-4dcf-96fc-04dd76291c00	7	76792150	77105116	97	0.493
cdf3df5d-f875-4dcf-96fc-04dd76291c00	7	77106361	84432634	5124	0.1926
cdf3df5d-f875-4dcf-96fc-04dd76291c00	7	84433054	97756658	8255	0.2917
cdf3df5d-f875-4dcf-96fc-04dd76291c00	7	97766148	97773163	16	-0.8981
cdf3df5d-f875-4dcf-96fc-04dd76291c00	7	97774928	99915226	1043	0.2706
cdf3df5d-f875-4dcf-96fc-04dd76291c00	7	99916794	102700162	1014	0.004
cdf3df5d-f875-4dcf-96fc-04dd76291c00	7	102705514	102766233	20	-0.4828
cdf3df5d-f875-4dcf-96fc-04dd76291c00	7	102766300	105517609	1702	0.0245
cdf3df5d-f875-4dcf-96fc-04dd76291c00	7	105519977	105531462	7	-0.819
cdf3df5d-f875-4dcf-96fc-04dd76291c00	7	105531601	109789993	2811	0.0342
cdf3df5d-f875-4dcf-96fc-04dd76291c00	7	109793690	109813705	35	0.5652
cdf3df5d-f875-4dcf-96fc-04dd76291c00	7	109813746	126404920	10033	0.0406
cdf3df5d-f875-4dcf-96fc-04dd76291c00	7	126405428	126406561	12	-1.4974
cdf3df5d-f875-4dcf-96fc-04dd76291c00	7	126406822	133981276	4616	0.0232
cdf3df5d-f875-4dcf-96fc-04dd76291c00	7	133985763	133986562	3	-1.4591
cdf3df5d-f875-4dcf-96fc-04dd76291c00	7	133990345	134100424	77	0.0542
cdf3df5d-f875-4dcf-96fc-04dd76291c00	7	134100442	134113805	32	-1.0383
cdf3df5d-f875-4dcf-96fc-04dd76291c00	7	134114093	142163205	5268	0.0273
cdf3df5d-f875-4dcf-96fc-04dd76291c00	7	142164370	142166702	3	-1.3205
cdf3df5d-f875-4dcf-96fc-04dd76291c00	7	142169973	144199159	1158	0.0093
cdf3df5d-f875-4dcf-96fc-04dd76291c00	7	144207186	144295437	9	1.1168
cdf3df5d-f875-4dcf-96fc-04dd76291c00	7	144306653	150588016	3840	0.0375
cdf3df5d-f875-4dcf-96fc-04dd76291c00	7	150588713	150615073	11	-1.09
cdf3df5d-f875-4dcf-96fc-04dd76291c00	7	150615561	159334314	5799	0.0138
cdf3df5d-f875-4dcf-96fc-04dd76291c00	8	81254	640379	321	0.0246
cdf3df5d-f875-4dcf-96fc-04dd76291c00	8	643041	2132302	1150	-0.2834
cdf3df5d-f875-4dcf-96fc-04dd76291c00	8	2132407	2134890	18	-1.003
cdf3df5d-f875-4dcf-96fc-04dd76291c00	8	2137191	5367333	4011	-0.2701
cdf3df5d-f875-4dcf-96fc-04dd76291c00	8	5367492	5368999	6	-1.4562
cdf3df5d-f875-4dcf-96fc-04dd76291c00	8	5369106	11809987	5333	-0.2778
cdf3df5d-f875-4dcf-96fc-04dd76291c00	8	11810298	11828580	12	-1.1375
cdf3df5d-f875-4dcf-96fc-04dd76291c00	8	11828771	12176798	151	-0.311
cdf3df5d-f875-4dcf-96fc-04dd76291c00	8	12177488	12389977	30	-1.1663
cdf3df5d-f875-4dcf-96fc-04dd76291c00	8	12418301	13947089	1302	-0.2386
cdf3df5d-f875-4dcf-96fc-04dd76291c00	8	13947497	13957728	11	-1.0161
cdf3df5d-f875-4dcf-96fc-04dd76291c00	8	13957826	39373140	18133	-0.2631
cdf3df5d-f875-4dcf-96fc-04dd76291c00	8	39378084	39529446	59	0.9397
cdf3df5d-f875-4dcf-96fc-04dd76291c00	8	39530780	52810024	6297	-0.2636
cdf3df5d-f875-4dcf-96fc-04dd76291c00	8	52814668	77539441	15616	0.2942
cdf3df5d-f875-4dcf-96fc-04dd76291c00	8	77539665	141573436	41563	0.0747
cdf3df5d-f875-4dcf-96fc-04dd76291c00	8	141573691	141573771	2	-2.8668
cdf3df5d-f875-4dcf-96fc-04dd76291c00	8	141574208	145072769	1439	0.0587
cdf3df5d-f875-4dcf-96fc-04dd76291c00	9	46587	6555183	6240	-0.232
cdf3df5d-f875-4dcf-96fc-04dd76291c00	9	6555311	6555424	3	-1.7198
cdf3df5d-f875-4dcf-96fc-04dd76291c00	9	6556839	23361807	14160	-0.2211
cdf3df5d-f875-4dcf-96fc-04dd76291c00	9	23363117	23373486	8	0.7979
cdf3df5d-f875-4dcf-96fc-04dd76291c00	9	23378490	27914253	3389	-0.221
cdf3df5d-f875-4dcf-96fc-04dd76291c00	9	27918518	27924053	3	-1.8987
cdf3df5d-f875-4dcf-96fc-04dd76291c00	9	27924180	31481955	2591	-0.2252
cdf3df5d-f875-4dcf-96fc-04dd76291c00	9	31482971	39249784	4725	-0.2876
cdf3df5d-f875-4dcf-96fc-04dd76291c00	9	39272359	41741113	136	-0.1779
cdf3df5d-f875-4dcf-96fc-04dd76291c00	9	42014203	42202227	22	0.5162
cdf3df5d-f875-4dcf-96fc-04dd76291c00	9	42211663	67651028	259	-0.2785
cdf3df5d-f875-4dcf-96fc-04dd76291c00	9	67720642	75855301	5356	0.0009
cdf3df5d-f875-4dcf-96fc-04dd76291c00	9	75857725	75859469	3	-1.3478
cdf3df5d-f875-4dcf-96fc-04dd76291c00	9	75860374	76737644	796	-0.0044
cdf3df5d-f875-4dcf-96fc-04dd76291c00	9	76738349	77920433	880	-0.1316
cdf3df5d-f875-4dcf-96fc-04dd76291c00	9	77920448	79373236	1020	0.0181
cdf3df5d-f875-4dcf-96fc-04dd76291c00	9	79377971	125153668	32628	-0.256
cdf3df5d-f875-4dcf-96fc-04dd76291c00	9	125154064	129844762	2565	-0.1139
cdf3df5d-f875-4dcf-96fc-04dd76291c00	9	129848337	129852133	11	-0.6788
cdf3df5d-f875-4dcf-96fc-04dd76291c00	9	129852157	129860796	24	-0.1261
cdf3df5d-f875-4dcf-96fc-04dd76291c00	9	129865444	129866263	2	-1.9943
cdf3df5d-f875-4dcf-96fc-04dd76291c00	9	129866398	133503563	2393	-0.1261
cdf3df5d-f875-4dcf-96fc-04dd76291c00	9	133519559	138054254	2087	0.4239
cdf3df5d-f875-4dcf-96fc-04dd76291c00	9	138058464	138200944	112	0.2248
cdf3df5d-f875-4dcf-96fc-04dd76291c00	10	45792	6369395	5404	0.1096
cdf3df5d-f875-4dcf-96fc-04dd76291c00	10	6369412	6369519	4	-1.1077
cdf3df5d-f875-4dcf-96fc-04dd76291c00	10	6376792	24086334	13792	0.1199
cdf3df5d-f875-4dcf-96fc-04dd76291c00	10	24088745	24089125	11	-1.9719
cdf3df5d-f875-4dcf-96fc-04dd76291c00	10	24089979	45324688	12041	0.1104
cdf3df5d-f875-4dcf-96fc-04dd76291c00	10	45325065	46560525	466	-0.2226
cdf3df5d-f875-4dcf-96fc-04dd76291c00	10	46606240	46632302	5	-1.9132
cdf3df5d-f875-4dcf-96fc-04dd76291c00	10	46657149	49792548	1612	-0.234
cdf3df5d-f875-4dcf-96fc-04dd76291c00	10	49796090	49802852	5	-2.7853
cdf3df5d-f875-4dcf-96fc-04dd76291c00	10	49806996	57555744	5584	-0.1914
cdf3df5d-f875-4dcf-96fc-04dd76291c00	10	57556193	57557161	2	-2.3564
cdf3df5d-f875-4dcf-96fc-04dd76291c00	10	57557163	62749631	3703	-0.2091
cdf3df5d-f875-4dcf-96fc-04dd76291c00	10	62753788	62758432	3	-1.9149
cdf3df5d-f875-4dcf-96fc-04dd76291c00	10	62761596	67618299	3285	-0.2
cdf3df5d-f875-4dcf-96fc-04dd76291c00	10	67618358	80505528	8162	-0.233
cdf3df5d-f875-4dcf-96fc-04dd76291c00	10	80508773	83912660	2595	-0.1967
cdf3df5d-f875-4dcf-96fc-04dd76291c00	10	83913058	83913195	2	-1.9325
cdf3df5d-f875-4dcf-96fc-04dd76291c00	10	83914070	95173392	7270	-0.2185
cdf3df5d-f875-4dcf-96fc-04dd76291c00	10	95176900	95177697	2	-2.1313
cdf3df5d-f875-4dcf-96fc-04dd76291c00	10	95178148	97162323	1368	-0.2527
cdf3df5d-f875-4dcf-96fc-04dd76291c00	10	97169881	97169952	3	1.2388
cdf3df5d-f875-4dcf-96fc-04dd76291c00	10	97170118	103122735	3324	-0.2217
cdf3df5d-f875-4dcf-96fc-04dd76291c00	10	103130880	103337436	85	0.2676
cdf3df5d-f875-4dcf-96fc-04dd76291c00	10	103343504	109200269	4286	0.106
cdf3df5d-f875-4dcf-96fc-04dd76291c00	10	109206993	109207121	3	-2.5322
cdf3df5d-f875-4dcf-96fc-04dd76291c00	10	109208262	109803293	389	0.0808
cdf3df5d-f875-4dcf-96fc-04dd76291c00	10	109805708	133654968	17239	0.3557
cdf3df5d-f875-4dcf-96fc-04dd76291c00	11	198510	4949013	2422	0.2629
cdf3df5d-f875-4dcf-96fc-04dd76291c00	11	4949047	4952799	23	0.9516
cdf3df5d-f875-4dcf-96fc-04dd76291c00	11	4953934	5762452	788	0.2749
cdf3df5d-f875-4dcf-96fc-04dd76291c00	11	5762693	5787909	34	-0.1162
cdf3df5d-f875-4dcf-96fc-04dd76291c00	11	5788108	38832976	23958	0.2731
cdf3df5d-f875-4dcf-96fc-04dd76291c00	11	38833820	46609618	5234	0.0095
cdf3df5d-f875-4dcf-96fc-04dd76291c00	11	46612485	55172866	1822	0.2457
cdf3df5d-f875-4dcf-96fc-04dd76291c00	11	55198132	55214735	6	-0.8072
cdf3df5d-f875-4dcf-96fc-04dd76291c00	11	55241999	55625832	224	0.2345
cdf3df5d-f875-4dcf-96fc-04dd76291c00	11	55629165	55672514	24	0.9531
cdf3df5d-f875-4dcf-96fc-04dd76291c00	11	55674842	55677818	5	0.1225
cdf3df5d-f875-4dcf-96fc-04dd76291c00	11	55678469	55685533	7	0.9934
cdf3df5d-f875-4dcf-96fc-04dd76291c00	11	55686100	56617369	623	0.2557
cdf3df5d-f875-4dcf-96fc-04dd76291c00	11	56618454	59243694	1554	0.2082
cdf3df5d-f875-4dcf-96fc-04dd76291c00	11	59247185	59247496	4	-1.0849
cdf3df5d-f875-4dcf-96fc-04dd76291c00	11	59252488	65470614	3167	0.1856
cdf3df5d-f875-4dcf-96fc-04dd76291c00	11	65474292	72407250	3281	0.2928
cdf3df5d-f875-4dcf-96fc-04dd76291c00	11	72410486	79702875	4236	-0.2866
cdf3df5d-f875-4dcf-96fc-04dd76291c00	11	79703023	107555899	19635	-0.2509
cdf3df5d-f875-4dcf-96fc-04dd76291c00	11	107562056	135074876	19749	-0.2804
cdf3df5d-f875-4dcf-96fc-04dd76291c00	12	51460	8404097	5587	-0.2912
cdf3df5d-f875-4dcf-96fc-04dd76291c00	12	8405892	8423870	15	1.1942
cdf3df5d-f875-4dcf-96fc-04dd76291c00	12	8428232	9477960	560	-0.2996
cdf3df5d-f875-4dcf-96fc-04dd76291c00	12	9481274	9575696	24	0.8582
cdf3df5d-f875-4dcf-96fc-04dd76291c00	12	9582373	11068125	1038	-0.2851
cdf3df5d-f875-4dcf-96fc-04dd76291c00	12	11070111	11088933	9	-1.4376
cdf3df5d-f875-4dcf-96fc-04dd76291c00	12	11099275	21484291	6996	-0.2743
cdf3df5d-f875-4dcf-96fc-04dd76291c00	12	21487380	26119891	3431	0.3253
cdf3df5d-f875-4dcf-96fc-04dd76291c00	12	26129913	27494808	921	0.0546
cdf3df5d-f875-4dcf-96fc-04dd76291c00	12	27494925	27498429	27	-0.5989
cdf3df5d-f875-4dcf-96fc-04dd76291c00	12	27504228	45506042	9767	0.0563
cdf3df5d-f875-4dcf-96fc-04dd76291c00	12	45510655	45515754	4	-1.3412
cdf3df5d-f875-4dcf-96fc-04dd76291c00	12	45519509	73583916	17132	0.0333
cdf3df5d-f875-4dcf-96fc-04dd76291c00	12	73584083	73603601	11	-0.9078
cdf3df5d-f875-4dcf-96fc-04dd76291c00	12	73604806	111684066	24460	0.0427
cdf3df5d-f875-4dcf-96fc-04dd76291c00	12	111685480	111685760	2	-2.7057
cdf3df5d-f875-4dcf-96fc-04dd76291c00	12	111687600	133156344	14800	0.0262
cdf3df5d-f875-4dcf-96fc-04dd76291c00	12	133156502	133201603	25	-0.2269
cdf3df5d-f875-4dcf-96fc-04dd76291c00	13	18452809	23051234	2840	-0.2763
cdf3df5d-f875-4dcf-96fc-04dd76291c00	13	23051568	23052545	7	-1.3887
cdf3df5d-f875-4dcf-96fc-04dd76291c00	13	23055011	31957984	6699	-0.2881
cdf3df5d-f875-4dcf-96fc-04dd76291c00	13	31958485	31964286	18	-2.107
cdf3df5d-f875-4dcf-96fc-04dd76291c00	13	31965910	37496998	3897	-0.2743
cdf3df5d-f875-4dcf-96fc-04dd76291c00	13	37497899	37514193	17	0.5318
cdf3df5d-f875-4dcf-96fc-04dd76291c00	13	37514237	57176962	12520	-0.2651
cdf3df5d-f875-4dcf-96fc-04dd76291c00	13	57184136	57204246	34	-1.7278
cdf3df5d-f875-4dcf-96fc-04dd76291c00	13	57215580	63650072	3797	-0.2453
cdf3df5d-f875-4dcf-96fc-04dd76291c00	13	63650659	63662559	9	-2.1863
cdf3df5d-f875-4dcf-96fc-04dd76291c00	13	63665430	71902850	5182	-0.242
cdf3df5d-f875-4dcf-96fc-04dd76291c00	13	71903417	71906418	4	-3.6325
cdf3df5d-f875-4dcf-96fc-04dd76291c00	13	71906467	75836603	2865	-0.2697
cdf3df5d-f875-4dcf-96fc-04dd76291c00	13	75836623	75838764	2	-2.377
cdf3df5d-f875-4dcf-96fc-04dd76291c00	13	75839231	114342922	26204	-0.2639
cdf3df5d-f875-4dcf-96fc-04dd76291c00	14	18239283	19185165	38	-0.2815
cdf3df5d-f875-4dcf-96fc-04dd76291c00	14	19185951	19955213	128	-0.6462
cdf3df5d-f875-4dcf-96fc-04dd76291c00	14	19956767	20111953	107	-0.197
cdf3df5d-f875-4dcf-96fc-04dd76291c00	14	20118273	26762218	4484	-0.2867
cdf3df5d-f875-4dcf-96fc-04dd76291c00	14	26762232	30084148	1912	-0.2195
cdf3df5d-f875-4dcf-96fc-04dd76291c00	14	30092544	33851848	2596	0.8064
cdf3df5d-f875-4dcf-96fc-04dd76291c00	14	33855190	34641306	517	0.0565
cdf3df5d-f875-4dcf-96fc-04dd76291c00	14	34642387	34666687	9	0.857
cdf3df5d-f875-4dcf-96fc-04dd76291c00	14	34667236	34906876	116	1.6954
cdf3df5d-f875-4dcf-96fc-04dd76291c00	14	34908595	35417774	257	2.2196
cdf3df5d-f875-4dcf-96fc-04dd76291c00	14	35420807	35957817	246	2.4497
cdf3df5d-f875-4dcf-96fc-04dd76291c00	14	35959073	36954422	815	2.1761
cdf3df5d-f875-4dcf-96fc-04dd76291c00	14	36959266	37153347	155	1.2845
cdf3df5d-f875-4dcf-96fc-04dd76291c00	14	37154384	38462150	723	0.9651
cdf3df5d-f875-4dcf-96fc-04dd76291c00	14	38462163	38462354	5	0.1276
cdf3df5d-f875-4dcf-96fc-04dd76291c00	14	38462461	39419193	534	0.9426
cdf3df5d-f875-4dcf-96fc-04dd76291c00	14	39419235	42143845	1755	0.0808
cdf3df5d-f875-4dcf-96fc-04dd76291c00	14	42147693	42155232	4	-1.2021
cdf3df5d-f875-4dcf-96fc-04dd76291c00	14	42156465	43573486	834	0.0888
cdf3df5d-f875-4dcf-96fc-04dd76291c00	14	43576020	106877229	40130	-0.2687
cdf3df5d-f875-4dcf-96fc-04dd76291c00	15	19811075	19986488	40	-0.0697
cdf3df5d-f875-4dcf-96fc-04dd76291c00	15	19986758	22606745	177	-0.6315
cdf3df5d-f875-4dcf-96fc-04dd76291c00	15	22619116	30157841	4604	-0.2783
cdf3df5d-f875-4dcf-96fc-04dd76291c00	15	30158166	30608675	33	-1.8048
cdf3df5d-f875-4dcf-96fc-04dd76291c00	15	30621384	32219354	1049	-0.2994
cdf3df5d-f875-4dcf-96fc-04dd76291c00	15	32219403	32584783	27	-0.7932
cdf3df5d-f875-4dcf-96fc-04dd76291c00	15	32610782	33826195	1101	-0.2677
cdf3df5d-f875-4dcf-96fc-04dd76291c00	15	33826937	33828316	4	-1.7098
cdf3df5d-f875-4dcf-96fc-04dd76291c00	15	33830213	60594914	16957	-0.2694
cdf3df5d-f875-4dcf-96fc-04dd76291c00	15	60596232	60597058	2	-2.4858
cdf3df5d-f875-4dcf-96fc-04dd76291c00	15	60600886	73867762	8578	-0.2931
cdf3df5d-f875-4dcf-96fc-04dd76291c00	15	73868215	73870607	2	-1.9845
cdf3df5d-f875-4dcf-96fc-04dd76291c00	15	73870682	76586021	1297	-0.2728
cdf3df5d-f875-4dcf-96fc-04dd76291c00	15	76598900	76603434	22	0.6154
cdf3df5d-f875-4dcf-96fc-04dd76291c00	15	76609838	79014288	1225	-0.2946
cdf3df5d-f875-4dcf-96fc-04dd76291c00	15	79015290	79016736	2	-2.0826
cdf3df5d-f875-4dcf-96fc-04dd76291c00	15	79016849	82086841	2285	-0.2733
cdf3df5d-f875-4dcf-96fc-04dd76291c00	15	82087617	82098907	10	-0.9981
cdf3df5d-f875-4dcf-96fc-04dd76291c00	15	82101664	83871965	883	-0.251
cdf3df5d-f875-4dcf-96fc-04dd76291c00	15	83871986	83878795	8	-1.913
cdf3df5d-f875-4dcf-96fc-04dd76291c00	15	83879115	87645905	2566	-0.2725
cdf3df5d-f875-4dcf-96fc-04dd76291c00	15	87650495	87652408	2	-2.6265
cdf3df5d-f875-4dcf-96fc-04dd76291c00	15	87653519	93264491	4088	-0.2761
cdf3df5d-f875-4dcf-96fc-04dd76291c00	15	93264606	93268302	10	-0.9276
cdf3df5d-f875-4dcf-96fc-04dd76291c00	15	93269843	94109052	706	-0.2976
cdf3df5d-f875-4dcf-96fc-04dd76291c00	15	94114144	96372185	1770	-0.7014
cdf3df5d-f875-4dcf-96fc-04dd76291c00	15	96372907	96373364	2	-7.0883
cdf3df5d-f875-4dcf-96fc-04dd76291c00	15	96374570	96378523	6	-2.3476
cdf3df5d-f875-4dcf-96fc-04dd76291c00	15	96378858	101864933	3993	-0.7284
cdf3df5d-f875-4dcf-96fc-04dd76291c00	15	101880399	101928837	12	0.0875
cdf3df5d-f875-4dcf-96fc-04dd76291c00	16	10777	5557889	2622	0.0485
cdf3df5d-f875-4dcf-96fc-04dd76291c00	16	5558088	5558150	2	-1.9107
cdf3df5d-f875-4dcf-96fc-04dd76291c00	16	5558336	22407380	12131	0.0582
cdf3df5d-f875-4dcf-96fc-04dd76291c00	16	22408871	22699421	82	-0.2054
cdf3df5d-f875-4dcf-96fc-04dd76291c00	16	22701658	29261283	4203	0.063
cdf3df5d-f875-4dcf-96fc-04dd76291c00	16	29265473	29282801	13	-0.6256
cdf3df5d-f875-4dcf-96fc-04dd76291c00	16	29283930	32198778	910	0.0222
cdf3df5d-f875-4dcf-96fc-04dd76291c00	16	32295899	32852602	16	-0.6465
cdf3df5d-f875-4dcf-96fc-04dd76291c00	16	32861972	33024687	19	-1.7089
cdf3df5d-f875-4dcf-96fc-04dd76291c00	16	33043337	46463450	462	-0.0033
cdf3df5d-f875-4dcf-96fc-04dd76291c00	16	46469294	49033949	1266	-0.2681
cdf3df5d-f875-4dcf-96fc-04dd76291c00	16	49035029	49559206	450	0.039
cdf3df5d-f875-4dcf-96fc-04dd76291c00	16	49559615	78337711	19015	-0.2635
cdf3df5d-f875-4dcf-96fc-04dd76291c00	16	78338543	78347366	14	-1.5074
cdf3df5d-f875-4dcf-96fc-04dd76291c00	16	78349243	90096867	10599	-0.2885
cdf3df5d-f875-4dcf-96fc-04dd76291c00	17	150733	6376407	3533	-0.0196
cdf3df5d-f875-4dcf-96fc-04dd76291c00	17	6377352	6715002	269	-0.7276
cdf3df5d-f875-4dcf-96fc-04dd76291c00	17	6717493	8339592	730	-0.0364
cdf3df5d-f875-4dcf-96fc-04dd76291c00	17	8344229	8344415	2	-2.7248
cdf3df5d-f875-4dcf-96fc-04dd76291c00	17	8346140	10354618	1476	-0.0449
cdf3df5d-f875-4dcf-96fc-04dd76291c00	17	10356123	10604364	142	0.2653
cdf3df5d-f875-4dcf-96fc-04dd76291c00	17	10605911	15240098	3623	-0.019
cdf3df5d-f875-4dcf-96fc-04dd76291c00	17	15240253	33041757	6038	0.2694
cdf3df5d-f875-4dcf-96fc-04dd76291c00	17	33042038	33042039	2	-1.6153
cdf3df5d-f875-4dcf-96fc-04dd76291c00	17	33042911	41266838	5004	0.2985
cdf3df5d-f875-4dcf-96fc-04dd76291c00	17	41266851	41274279	19	-1.2097
cdf3df5d-f875-4dcf-96fc-04dd76291c00	17	41276472	46085732	2500	0.2944
cdf3df5d-f875-4dcf-96fc-04dd76291c00	17	46088437	46284997	123	0.7374
cdf3df5d-f875-4dcf-96fc-04dd76291c00	17	46286804	46446360	5	-1.0822
cdf3df5d-f875-4dcf-96fc-04dd76291c00	17	46569894	52928073	3602	0.3174
cdf3df5d-f875-4dcf-96fc-04dd76291c00	17	52928754	53215238	184	0.4583
cdf3df5d-f875-4dcf-96fc-04dd76291c00	17	53217344	58885777	3947	0.3283
cdf3df5d-f875-4dcf-96fc-04dd76291c00	17	58887071	58889863	2	-1.1938
cdf3df5d-f875-4dcf-96fc-04dd76291c00	17	58890487	67435149	4492	0.3201
cdf3df5d-f875-4dcf-96fc-04dd76291c00	17	67444250	67448377	8	-0.5628
cdf3df5d-f875-4dcf-96fc-04dd76291c00	17	67448766	79241401	7587	0.3356
cdf3df5d-f875-4dcf-96fc-04dd76291c00	17	79245328	79251130	18	-0.1841
cdf3df5d-f875-4dcf-96fc-04dd76291c00	17	79251177	83091923	1732	0.3427
cdf3df5d-f875-4dcf-96fc-04dd76291c00	18	48133	2702388	1916	-0.0121
cdf3df5d-f875-4dcf-96fc-04dd76291c00	18	2702761	6294281	2540	0.2633
cdf3df5d-f875-4dcf-96fc-04dd76291c00	18	6294686	6314462	10	-0.3642
cdf3df5d-f875-4dcf-96fc-04dd76291c00	18	6314867	14833890	5778	0.2602
cdf3df5d-f875-4dcf-96fc-04dd76291c00	18	14836847	22813785	1086	0.166
cdf3df5d-f875-4dcf-96fc-04dd76291c00	18	22823712	23166764	151	0.5047
cdf3df5d-f875-4dcf-96fc-04dd76291c00	18	23167356	24161191	594	0.6872
cdf3df5d-f875-4dcf-96fc-04dd76291c00	18	24164100	34165408	6503	-0.0979
cdf3df5d-f875-4dcf-96fc-04dd76291c00	18	34165451	34165460	2	-2.1125
cdf3df5d-f875-4dcf-96fc-04dd76291c00	18	34172678	40680526	4204	-0.0925
cdf3df5d-f875-4dcf-96fc-04dd76291c00	18	40680642	40685425	13	-0.9372
cdf3df5d-f875-4dcf-96fc-04dd76291c00	18	40688060	41655589	663	-0.0964
cdf3df5d-f875-4dcf-96fc-04dd76291c00	18	41655745	45222435	2290	-0.1479
cdf3df5d-f875-4dcf-96fc-04dd76291c00	18	45223744	45223864	2	-1.9786
cdf3df5d-f875-4dcf-96fc-04dd76291c00	18	45224560	65535759	14158	-0.1642
cdf3df5d-f875-4dcf-96fc-04dd76291c00	18	65535772	65537375	14	0.5647
cdf3df5d-f875-4dcf-96fc-04dd76291c00	18	65537481	65819178	175	-0.1485
cdf3df5d-f875-4dcf-96fc-04dd76291c00	18	65819352	65819909	3	-1.7546
cdf3df5d-f875-4dcf-96fc-04dd76291c00	18	65829587	66060309	183	-0.1098
cdf3df5d-f875-4dcf-96fc-04dd76291c00	18	66060363	66061104	10	-1.9337
cdf3df5d-f875-4dcf-96fc-04dd76291c00	18	66065502	80257174	10426	-0.1584
cdf3df5d-f875-4dcf-96fc-04dd76291c00	19	90910	367089	73	0.0558
cdf3df5d-f875-4dcf-96fc-04dd76291c00	19	376382	412730	7	-1.0873
cdf3df5d-f875-4dcf-96fc-04dd76291c00	19	414810	20563156	8929	0.0111
cdf3df5d-f875-4dcf-96fc-04dd76291c00	19	20563384	20577052	3	-1.3856
cdf3df5d-f875-4dcf-96fc-04dd76291c00	19	20582324	21632117	593	0.0322
cdf3df5d-f875-4dcf-96fc-04dd76291c00	19	21632838	21642962	7	-0.854
cdf3df5d-f875-4dcf-96fc-04dd76291c00	19	21649919	28025657	1834	0.0333
cdf3df5d-f875-4dcf-96fc-04dd76291c00	19	28026280	28432522	354	0.5345
cdf3df5d-f875-4dcf-96fc-04dd76291c00	19	28438697	30788940	1759	0.0325
cdf3df5d-f875-4dcf-96fc-04dd76291c00	19	30793502	30797633	4	-1.4437
cdf3df5d-f875-4dcf-96fc-04dd76291c00	19	30799692	35358407	3139	0.0347
cdf3df5d-f875-4dcf-96fc-04dd76291c00	19	35358420	35370946	22	-0.6919
cdf3df5d-f875-4dcf-96fc-04dd76291c00	19	35375842	40363275	2565	0.0251
cdf3df5d-f875-4dcf-96fc-04dd76291c00	19	40371699	58586487	9807	-0.3007
cdf3df5d-f875-4dcf-96fc-04dd76291c00	20	80664	1601446	1237	-0.3184
cdf3df5d-f875-4dcf-96fc-04dd76291c00	20	1601561	1617460	8	-1.4364
cdf3df5d-f875-4dcf-96fc-04dd76291c00	20	1617690	3343686	1309	-0.2925
cdf3df5d-f875-4dcf-96fc-04dd76291c00	20	3344322	4749717	987	0.502
cdf3df5d-f875-4dcf-96fc-04dd76291c00	20	4749913	6029689	908	-0.2821
cdf3df5d-f875-4dcf-96fc-04dd76291c00	20	6032686	6032853	2	-2.1207
cdf3df5d-f875-4dcf-96fc-04dd76291c00	20	6033009	7623695	1264	-0.2882
cdf3df5d-f875-4dcf-96fc-04dd76291c00	20	7624284	7624771	2	-3.1174
cdf3df5d-f875-4dcf-96fc-04dd76291c00	20	7624886	9185685	1281	-0.2716
cdf3df5d-f875-4dcf-96fc-04dd76291c00	20	9191089	26260582	12991	0.5277
cdf3df5d-f875-4dcf-96fc-04dd76291c00	20	26261765	41088051	5655	0.2853
cdf3df5d-f875-4dcf-96fc-04dd76291c00	20	41091185	42639910	1182	0.0502
cdf3df5d-f875-4dcf-96fc-04dd76291c00	20	42639994	42657276	22	-0.3783
cdf3df5d-f875-4dcf-96fc-04dd76291c00	20	42657338	53263249	7459	0.0417
cdf3df5d-f875-4dcf-96fc-04dd76291c00	20	53267082	53268037	2	-2.7544
cdf3df5d-f875-4dcf-96fc-04dd76291c00	20	53268474	61382133	6660	0.0504
cdf3df5d-f875-4dcf-96fc-04dd76291c00	20	61382827	64324800	1394	0.515
cdf3df5d-f875-4dcf-96fc-04dd76291c00	21	10354168	26910515	9848	0.0445
cdf3df5d-f875-4dcf-96fc-04dd76291c00	21	26910533	26911285	2	-1.8645
cdf3df5d-f875-4dcf-96fc-04dd76291c00	21	26911831	46677045	13994	0.0352
cdf3df5d-f875-4dcf-96fc-04dd76291c00	22	15294547	18142004	1105	-0.2669
cdf3df5d-f875-4dcf-96fc-04dd76291c00	22	18143362	18146386	8	-4.2871
cdf3df5d-f875-4dcf-96fc-04dd76291c00	22	18147293	23144275	2757	-0.2882
cdf3df5d-f875-4dcf-96fc-04dd76291c00	22	23147175	23152646	3	-2.0555
cdf3df5d-f875-4dcf-96fc-04dd76291c00	22	23152717	24685371	867	-0.2783
cdf3df5d-f875-4dcf-96fc-04dd76291c00	22	24686148	24686567	3	-2.5067
cdf3df5d-f875-4dcf-96fc-04dd76291c00	22	24691707	26728206	1855	-0.278
cdf3df5d-f875-4dcf-96fc-04dd76291c00	22	26728779	26729875	3	-1.9794
cdf3df5d-f875-4dcf-96fc-04dd76291c00	22	26730625	38891905	8563	-0.2916
cdf3df5d-f875-4dcf-96fc-04dd76291c00	22	38894915	38900899	4	1.008
cdf3df5d-f875-4dcf-96fc-04dd76291c00	22	38903109	50528603	7909	-0.2962
cdf3df5d-f875-4dcf-96fc-04dd76291c00	22	50534679	50534687	5	-1.6117
cdf3df5d-f875-4dcf-96fc-04dd76291c00	22	50535325	50796027	143	-0.2575
cdf3df5d-f875-4dcf-96fc-04dd76291c00	X	251810	9789485	5399	0.2495
cdf3df5d-f875-4dcf-96fc-04dd76291c00	X	9789499	25838655	10285	-0.0245
cdf3df5d-f875-4dcf-96fc-04dd76291c00	X	25839288	26348054	332	0.1634
cdf3df5d-f875-4dcf-96fc-04dd76291c00	X	26349116	37434984	7070	0.0038
cdf3df5d-f875-4dcf-96fc-04dd76291c00	X	37436474	62961074	10395	-0.0349
cdf3df5d-f875-4dcf-96fc-04dd76291c00	X	62969104	66045337	1186	0.0112
cdf3df5d-f875-4dcf-96fc-04dd76291c00	X	66046111	66046281	2	-1.325
cdf3df5d-f875-4dcf-96fc-04dd76291c00	X	66046829	66387536	198	-0.0432
cdf3df5d-f875-4dcf-96fc-04dd76291c00	X	66391462	66512217	95	0.4132
cdf3df5d-f875-4dcf-96fc-04dd76291c00	X	66512709	74718457	3657	0.2318
cdf3df5d-f875-4dcf-96fc-04dd76291c00	X	74719242	74974502	113	0.3446
cdf3df5d-f875-4dcf-96fc-04dd76291c00	X	74981339	81160910	2897	0.0019
cdf3df5d-f875-4dcf-96fc-04dd76291c00	X	81162796	83945257	1386	0.2493
cdf3df5d-f875-4dcf-96fc-04dd76291c00	X	83947498	155952689	40625	-0.0025
cdf3df5d-f875-4dcf-96fc-04dd76291c00	Y	2782397	3421944	208	-3.4085
cdf3df5d-f875-4dcf-96fc-04dd76291c00	Y	3432225	6076562	511	-2.8606
cdf3df5d-f875-4dcf-96fc-04dd76291c00	Y	6080059	56872112	5920	-3.4715
