GDC_Aliquot	Chromosome	Start	End	Num_Probes	Segment_Mean
f19cbb8f-838e-4218-9cd8-7f77db8c6fb3	1	62920	259422	15	0.4783
f19cbb8f-838e-4218-9cd8-7f77db8c6fb3	1	259926	953279	49	-0.0294
f19cbb8f-838e-4218-9cd8-7f77db8c6fb3	1	965731	3282920	665	-0.1722
f19cbb8f-838e-4218-9cd8-7f77db8c6fb3	1	3283773	16864367	7962	-0.0563
f19cbb8f-838e-4218-9cd8-7f77db8c6fb3	1	16868660	16968717	62	-0.5128
f19cbb8f-838e-4218-9cd8-7f77db8c6fb3	1	16971203	25256850	5249	-0.0441
f19cbb8f-838e-4218-9cd8-7f77db8c6fb3	1	25266637	25320455	24	-1.8364
f19cbb8f-838e-4218-9cd8-7f77db8c6fb3	1	25336819	29504598	1784	-0.0056
f19cbb8f-838e-4218-9cd8-7f77db8c6fb3	1	29505007	30243238	577	-0.0815
f19cbb8f-838e-4218-9cd8-7f77db8c6fb3	1	30243261	30244186	3	-1.3533
f19cbb8f-838e-4218-9cd8-7f77db8c6fb3	1	30245401	33493151	1689	-0.0395
f19cbb8f-838e-4218-9cd8-7f77db8c6fb3	1	33494015	33494462	2	-1.5441
f19cbb8f-838e-4218-9cd8-7f77db8c6fb3	1	33500479	47161574	7793	-0.0418
f19cbb8f-838e-4218-9cd8-7f77db8c6fb3	1	47162498	72302815	16863	-0.0745
f19cbb8f-838e-4218-9cd8-7f77db8c6fb3	1	72303233	72345465	46	-1.2197
f19cbb8f-838e-4218-9cd8-7f77db8c6fb3	1	72346221	103620877	20016	-0.0681
f19cbb8f-838e-4218-9cd8-7f77db8c6fb3	1	103621165	103760781	6	0.6725
f19cbb8f-838e-4218-9cd8-7f77db8c6fb3	1	103760879	105470132	915	-0.06
f19cbb8f-838e-4218-9cd8-7f77db8c6fb3	1	105470754	105481448	20	0.3416
f19cbb8f-838e-4218-9cd8-7f77db8c6fb3	1	105481468	109684893	2631	-0.0601
f19cbb8f-838e-4218-9cd8-7f77db8c6fb3	1	109690352	109702376	14	-1.4233
f19cbb8f-838e-4218-9cd8-7f77db8c6fb3	1	109703504	112153343	1948	-0.0306
f19cbb8f-838e-4218-9cd8-7f77db8c6fb3	1	112153465	112163440	27	-0.5582
f19cbb8f-838e-4218-9cd8-7f77db8c6fb3	1	112163460	116902621	3055	-0.0607
f19cbb8f-838e-4218-9cd8-7f77db8c6fb3	1	116902743	116902892	3	-1.3004
f19cbb8f-838e-4218-9cd8-7f77db8c6fb3	1	116911133	119450087	1542	-0.0788
f19cbb8f-838e-4218-9cd8-7f77db8c6fb3	1	119450861	119456207	6	-0.8632
f19cbb8f-838e-4218-9cd8-7f77db8c6fb3	1	119456281	121598439	546	-0.0367
f19cbb8f-838e-4218-9cd8-7f77db8c6fb3	1	121601998	152583051	2443	0.4189
f19cbb8f-838e-4218-9cd8-7f77db8c6fb3	1	152583230	152614100	34	-1.8782
f19cbb8f-838e-4218-9cd8-7f77db8c6fb3	1	152614118	154165456	1013	0.4138
f19cbb8f-838e-4218-9cd8-7f77db8c6fb3	1	154174463	157508748	1682	0.4433
f19cbb8f-838e-4218-9cd8-7f77db8c6fb3	1	157512664	157513157	2	-1.0839
f19cbb8f-838e-4218-9cd8-7f77db8c6fb3	1	157513483	158896783	1119	0.4159
f19cbb8f-838e-4218-9cd8-7f77db8c6fb3	1	158898711	158899969	2	-0.8694
f19cbb8f-838e-4218-9cd8-7f77db8c6fb3	1	158905028	161311578	1550	0.4516
f19cbb8f-838e-4218-9cd8-7f77db8c6fb3	1	161312133	169247699	6109	0.3928
f19cbb8f-838e-4218-9cd8-7f77db8c6fb3	1	169264736	169272528	7	1.0413
f19cbb8f-838e-4218-9cd8-7f77db8c6fb3	1	169273163	174827418	3517	0.4047
f19cbb8f-838e-4218-9cd8-7f77db8c6fb3	1	174827561	174832702	15	-1.1259
f19cbb8f-838e-4218-9cd8-7f77db8c6fb3	1	174832716	179354603	3071	0.3881
f19cbb8f-838e-4218-9cd8-7f77db8c6fb3	1	179361393	179364180	4	-1.4518
f19cbb8f-838e-4218-9cd8-7f77db8c6fb3	1	179370071	189988970	7071	0.3972
f19cbb8f-838e-4218-9cd8-7f77db8c6fb3	1	189989653	189991555	11	-0.2316
f19cbb8f-838e-4218-9cd8-7f77db8c6fb3	1	189991695	193186662	2083	0.3955
f19cbb8f-838e-4218-9cd8-7f77db8c6fb3	1	193187149	193187218	4	-0.5263
f19cbb8f-838e-4218-9cd8-7f77db8c6fb3	1	193190593	196745743	2395	0.4087
f19cbb8f-838e-4218-9cd8-7f77db8c6fb3	1	196758720	196771842	12	0.8674
f19cbb8f-838e-4218-9cd8-7f77db8c6fb3	1	196771987	196843377	47	0.5314
f19cbb8f-838e-4218-9cd8-7f77db8c6fb3	1	196843400	196846661	2	2.5232
f19cbb8f-838e-4218-9cd8-7f77db8c6fb3	1	196847600	198337730	820	0.4109
f19cbb8f-838e-4218-9cd8-7f77db8c6fb3	1	198337802	198338649	2	-1.114
f19cbb8f-838e-4218-9cd8-7f77db8c6fb3	1	198342229	199138574	552	0.4264
f19cbb8f-838e-4218-9cd8-7f77db8c6fb3	1	199142235	199144712	9	-0.901
f19cbb8f-838e-4218-9cd8-7f77db8c6fb3	1	199145110	209897717	7403	0.4176
f19cbb8f-838e-4218-9cd8-7f77db8c6fb3	1	209908268	209908720	2	-1.7384
f19cbb8f-838e-4218-9cd8-7f77db8c6fb3	1	209910639	212976742	2036	0.3977
f19cbb8f-838e-4218-9cd8-7f77db8c6fb3	1	212981898	228701618	10307	0.3583
f19cbb8f-838e-4218-9cd8-7f77db8c6fb3	1	228702304	229675422	691	0.3889
f19cbb8f-838e-4218-9cd8-7f77db8c6fb3	1	229681109	229684449	3	-2.7623
f19cbb8f-838e-4218-9cd8-7f77db8c6fb3	1	229684709	240228440	8111	0.3715
f19cbb8f-838e-4218-9cd8-7f77db8c6fb3	1	240230715	240230839	6	-0.6766
f19cbb8f-838e-4218-9cd8-7f77db8c6fb3	1	240232805	246780385	4617	0.3895
f19cbb8f-838e-4218-9cd8-7f77db8c6fb3	1	246782363	246782457	3	-0.975
f19cbb8f-838e-4218-9cd8-7f77db8c6fb3	1	246782473	248930189	1235	0.3838
f19cbb8f-838e-4218-9cd8-7f77db8c6fb3	2	12784	15094834	11460	0.328
f19cbb8f-838e-4218-9cd8-7f77db8c6fb3	2	15095155	19715136	3464	0.2993
f19cbb8f-838e-4218-9cd8-7f77db8c6fb3	2	19715677	29420466	5718	0.3341
f19cbb8f-838e-4218-9cd8-7f77db8c6fb3	2	29421019	29421356	5	-0.4373
f19cbb8f-838e-4218-9cd8-7f77db8c6fb3	2	29421729	34476668	3438	0.3404
f19cbb8f-838e-4218-9cd8-7f77db8c6fb3	2	34483565	34498234	31	-0.1225
f19cbb8f-838e-4218-9cd8-7f77db8c6fb3	2	34501613	40170111	4114	0.3446
f19cbb8f-838e-4218-9cd8-7f77db8c6fb3	2	40172987	40173172	3	-0.6782
f19cbb8f-838e-4218-9cd8-7f77db8c6fb3	2	40179378	41011095	695	0.3578
f19cbb8f-838e-4218-9cd8-7f77db8c6fb3	2	41011303	41018747	22	-0.3544
f19cbb8f-838e-4218-9cd8-7f77db8c6fb3	2	41024093	52527330	8175	0.3359
f19cbb8f-838e-4218-9cd8-7f77db8c6fb3	2	52527342	52554404	39	0.9801
f19cbb8f-838e-4218-9cd8-7f77db8c6fb3	2	52560811	57180538	3368	0.3176
f19cbb8f-838e-4218-9cd8-7f77db8c6fb3	2	57180553	57180734	2	1.5171
f19cbb8f-838e-4218-9cd8-7f77db8c6fb3	2	57180766	59411121	1408	0.3299
f19cbb8f-838e-4218-9cd8-7f77db8c6fb3	2	59416363	59417321	2	1.6045
f19cbb8f-838e-4218-9cd8-7f77db8c6fb3	2	59417707	77749622	11515	0.3312
f19cbb8f-838e-4218-9cd8-7f77db8c6fb3	2	77750052	77762186	7	-0.3791
f19cbb8f-838e-4218-9cd8-7f77db8c6fb3	2	77762260	77765921	28	0.317
f19cbb8f-838e-4218-9cd8-7f77db8c6fb3	2	77766091	77766106	2	-2.1409
f19cbb8f-838e-4218-9cd8-7f77db8c6fb3	2	77769252	97207299	7490	0.3297
f19cbb8f-838e-4218-9cd8-7f77db8c6fb3	2	97210040	97211436	6	-0.5511
f19cbb8f-838e-4218-9cd8-7f77db8c6fb3	2	97310327	97359885	13	0.3879
f19cbb8f-838e-4218-9cd8-7f77db8c6fb3	2	97524284	97545726	9	1.2205
f19cbb8f-838e-4218-9cd8-7f77db8c6fb3	2	97550415	107824280	6571	0.3327
f19cbb8f-838e-4218-9cd8-7f77db8c6fb3	2	107830513	107864451	2	1.6039
f19cbb8f-838e-4218-9cd8-7f77db8c6fb3	2	107875632	111385836	1607	0.333
f19cbb8f-838e-4218-9cd8-7f77db8c6fb3	2	111391957	111395273	3	-1.0856
f19cbb8f-838e-4218-9cd8-7f77db8c6fb3	2	111395532	130036283	11666	0.3224
f19cbb8f-838e-4218-9cd8-7f77db8c6fb3	2	130036310	130116915	13	-0.4117
f19cbb8f-838e-4218-9cd8-7f77db8c6fb3	2	130117303	228894763	60384	0.3234
f19cbb8f-838e-4218-9cd8-7f77db8c6fb3	2	228894930	228895367	8	-0.4839
f19cbb8f-838e-4218-9cd8-7f77db8c6fb3	2	228895419	230596544	1103	0.3208
f19cbb8f-838e-4218-9cd8-7f77db8c6fb3	2	230596885	232280559	822	0.3842
f19cbb8f-838e-4218-9cd8-7f77db8c6fb3	2	232285029	242147305	6267	0.3228
f19cbb8f-838e-4218-9cd8-7f77db8c6fb3	3	20930	16197556	12879	-0.1632
f19cbb8f-838e-4218-9cd8-7f77db8c6fb3	3	16199049	16199672	6	-1.6299
f19cbb8f-838e-4218-9cd8-7f77db8c6fb3	3	16199818	23937812	4959	-0.1473
f19cbb8f-838e-4218-9cd8-7f77db8c6fb3	3	23939938	23940837	2	-2.2077
f19cbb8f-838e-4218-9cd8-7f77db8c6fb3	3	23940839	45846900	14684	-0.1582
f19cbb8f-838e-4218-9cd8-7f77db8c6fb3	3	45849542	52678517	2954	-0.1106
f19cbb8f-838e-4218-9cd8-7f77db8c6fb3	3	52682404	53472021	482	0.0159
f19cbb8f-838e-4218-9cd8-7f77db8c6fb3	3	53476670	56121835	2114	-0.1854
f19cbb8f-838e-4218-9cd8-7f77db8c6fb3	3	56132183	62208168	4630	-0.0224
f19cbb8f-838e-4218-9cd8-7f77db8c6fb3	3	62208291	65202778	2537	-0.1053
f19cbb8f-838e-4218-9cd8-7f77db8c6fb3	3	65203560	65224777	52	-1.6373
f19cbb8f-838e-4218-9cd8-7f77db8c6fb3	3	65230674	68697013	2416	-0.1022
f19cbb8f-838e-4218-9cd8-7f77db8c6fb3	3	68697108	68698262	14	-1.2712
f19cbb8f-838e-4218-9cd8-7f77db8c6fb3	3	68699607	75965365	5054	-0.0975
f19cbb8f-838e-4218-9cd8-7f77db8c6fb3	3	75965796	81475124	3220	-0.1696
f19cbb8f-838e-4218-9cd8-7f77db8c6fb3	3	81475967	81476742	2	-1.6038
f19cbb8f-838e-4218-9cd8-7f77db8c6fb3	3	81479432	83970122	1283	-0.1557
f19cbb8f-838e-4218-9cd8-7f77db8c6fb3	3	83970763	90436812	3489	0.1363
f19cbb8f-838e-4218-9cd8-7f77db8c6fb3	3	90453712	98180575	2249	-0.1471
f19cbb8f-838e-4218-9cd8-7f77db8c6fb3	3	98189826	98194581	3	-1.4946
f19cbb8f-838e-4218-9cd8-7f77db8c6fb3	3	98195973	105586175	4416	-0.1603
f19cbb8f-838e-4218-9cd8-7f77db8c6fb3	3	105586555	105587097	2	-2.3763
f19cbb8f-838e-4218-9cd8-7f77db8c6fb3	3	105594893	130067896	14904	-0.1624
f19cbb8f-838e-4218-9cd8-7f77db8c6fb3	3	130067910	130087393	28	-1.5649
f19cbb8f-838e-4218-9cd8-7f77db8c6fb3	3	130088081	159121501	17962	-0.1635
f19cbb8f-838e-4218-9cd8-7f77db8c6fb3	3	159121858	162072000	1783	-0.0954
f19cbb8f-838e-4218-9cd8-7f77db8c6fb3	3	162076053	162248001	140	-0.1751
f19cbb8f-838e-4218-9cd8-7f77db8c6fb3	3	162248755	162807070	360	-0.0609
f19cbb8f-838e-4218-9cd8-7f77db8c6fb3	3	162810842	162822221	8	0.9647
f19cbb8f-838e-4218-9cd8-7f77db8c6fb3	3	162822685	162822702	2	4.1251
f19cbb8f-838e-4218-9cd8-7f77db8c6fb3	3	162827928	163050008	158	0.0538
f19cbb8f-838e-4218-9cd8-7f77db8c6fb3	3	163053054	164409518	764	-0.1041
f19cbb8f-838e-4218-9cd8-7f77db8c6fb3	3	164410197	193155915	18263	-0.0223
f19cbb8f-838e-4218-9cd8-7f77db8c6fb3	3	193156958	193165114	21	-0.627
f19cbb8f-838e-4218-9cd8-7f77db8c6fb3	3	193168646	194974578	1208	-0.029
f19cbb8f-838e-4218-9cd8-7f77db8c6fb3	3	194974592	194974592	2	-2.5457
f19cbb8f-838e-4218-9cd8-7f77db8c6fb3	3	194974620	195729177	306	0.0332
f19cbb8f-838e-4218-9cd8-7f77db8c6fb3	3	195730018	195755499	16	-0.3151
f19cbb8f-838e-4218-9cd8-7f77db8c6fb3	3	195768362	195768501	3	-1.6671
f19cbb8f-838e-4218-9cd8-7f77db8c6fb3	3	195774533	198169247	1155	-0.0272
f19cbb8f-838e-4218-9cd8-7f77db8c6fb3	4	68929	4158336	1634	-0.061
f19cbb8f-838e-4218-9cd8-7f77db8c6fb3	4	4163608	4165406	5	-1.0272
f19cbb8f-838e-4218-9cd8-7f77db8c6fb3	4	4169608	10388498	4267	-0.0821
f19cbb8f-838e-4218-9cd8-7f77db8c6fb3	4	10389091	10399044	17	-0.5164
f19cbb8f-838e-4218-9cd8-7f77db8c6fb3	4	10401094	23991256	9860	-0.0714
f19cbb8f-838e-4218-9cd8-7f77db8c6fb3	4	23992602	23994752	3	-1.5886
f19cbb8f-838e-4218-9cd8-7f77db8c6fb3	4	23994872	29314452	3631	-0.0758
f19cbb8f-838e-4218-9cd8-7f77db8c6fb3	4	29316617	29316627	2	-1.9788
f19cbb8f-838e-4218-9cd8-7f77db8c6fb3	4	29316643	34777432	3290	-0.0769
f19cbb8f-838e-4218-9cd8-7f77db8c6fb3	4	34784878	34823103	38	-0.6842
f19cbb8f-838e-4218-9cd8-7f77db8c6fb3	4	34828250	68378716	19415	-0.0668
f19cbb8f-838e-4218-9cd8-7f77db8c6fb3	4	68389352	68422424	10	-0.8364
f19cbb8f-838e-4218-9cd8-7f77db8c6fb3	4	68429081	81748408	8135	-0.0614
f19cbb8f-838e-4218-9cd8-7f77db8c6fb3	4	81750016	81750209	4	-1.3095
f19cbb8f-838e-4218-9cd8-7f77db8c6fb3	4	81750784	137171041	32866	-0.0684
f19cbb8f-838e-4218-9cd8-7f77db8c6fb3	4	137171085	137173818	16	-0.8892
f19cbb8f-838e-4218-9cd8-7f77db8c6fb3	4	137173967	149011030	7320	-0.07
f19cbb8f-838e-4218-9cd8-7f77db8c6fb3	4	149012990	149014640	2	-1.5872
f19cbb8f-838e-4218-9cd8-7f77db8c6fb3	4	149014676	155935218	4170	-0.0835
f19cbb8f-838e-4218-9cd8-7f77db8c6fb3	4	155935493	155941209	5	-0.8887
f19cbb8f-838e-4218-9cd8-7f77db8c6fb3	4	155943599	160959045	3203	-0.0623
f19cbb8f-838e-4218-9cd8-7f77db8c6fb3	4	160959151	160963756	17	-0.4956
f19cbb8f-838e-4218-9cd8-7f77db8c6fb3	4	160963767	171448195	6660	-0.0688
f19cbb8f-838e-4218-9cd8-7f77db8c6fb3	4	171453733	171456559	10	-1.2096
f19cbb8f-838e-4218-9cd8-7f77db8c6fb3	4	171456573	189267889	12113	-0.0788
f19cbb8f-838e-4218-9cd8-7f77db8c6fb3	4	189273964	189278110	4	-2.7378
f19cbb8f-838e-4218-9cd8-7f77db8c6fb3	4	189278617	190106768	350	-0.0332
f19cbb8f-838e-4218-9cd8-7f77db8c6fb3	5	15532	194836	104	-0.4908
f19cbb8f-838e-4218-9cd8-7f77db8c6fb3	5	197329	580938	134	0.5155
f19cbb8f-838e-4218-9cd8-7f77db8c6fb3	5	588360	613089	16	-0.3271
f19cbb8f-838e-4218-9cd8-7f77db8c6fb3	5	613943	685633	52	0.5876
f19cbb8f-838e-4218-9cd8-7f77db8c6fb3	5	698256	717446	6	1.0695
f19cbb8f-838e-4218-9cd8-7f77db8c6fb3	5	717794	818640	30	1.4024
f19cbb8f-838e-4218-9cd8-7f77db8c6fb3	5	819700	986593	65	1.9623
f19cbb8f-838e-4218-9cd8-7f77db8c6fb3	5	987220	1288500	169	1.4327
f19cbb8f-838e-4218-9cd8-7f77db8c6fb3	5	1288546	1501580	117	1.7442
f19cbb8f-838e-4218-9cd8-7f77db8c6fb3	5	1502338	1827582	196	1.4565
f19cbb8f-838e-4218-9cd8-7f77db8c6fb3	5	1830260	2440762	523	0.8998
f19cbb8f-838e-4218-9cd8-7f77db8c6fb3	5	2440955	2463744	17	1.5704
f19cbb8f-838e-4218-9cd8-7f77db8c6fb3	5	2464719	3091352	605	1.3009
f19cbb8f-838e-4218-9cd8-7f77db8c6fb3	5	3092140	3206422	150	1.6586
f19cbb8f-838e-4218-9cd8-7f77db8c6fb3	5	3207510	3766514	517	0.1544
f19cbb8f-838e-4218-9cd8-7f77db8c6fb3	5	3768379	5009048	1048	0.8871
f19cbb8f-838e-4218-9cd8-7f77db8c6fb3	5	5009626	5799874	787	1.1192
f19cbb8f-838e-4218-9cd8-7f77db8c6fb3	5	5800384	5800483	2	2.6536
f19cbb8f-838e-4218-9cd8-7f77db8c6fb3	5	5802851	6010598	191	1.1242
f19cbb8f-838e-4218-9cd8-7f77db8c6fb3	5	6014300	6024064	9	1.0667
f19cbb8f-838e-4218-9cd8-7f77db8c6fb3	5	6024421	6029826	11	-0.3214
f19cbb8f-838e-4218-9cd8-7f77db8c6fb3	5	6032113	7108313	905	1.4581
f19cbb8f-838e-4218-9cd8-7f77db8c6fb3	5	7108559	7280548	148	1.0767
f19cbb8f-838e-4218-9cd8-7f77db8c6fb3	5	7281087	7302780	5	0.3216
f19cbb8f-838e-4218-9cd8-7f77db8c6fb3	5	7303763	7369635	51	1.0235
f19cbb8f-838e-4218-9cd8-7f77db8c6fb3	5	7372950	8100780	582	0.6159
f19cbb8f-838e-4218-9cd8-7f77db8c6fb3	5	8101433	9310925	1043	-0.4638
f19cbb8f-838e-4218-9cd8-7f77db8c6fb3	5	9312099	10208056	806	0.5904
f19cbb8f-838e-4218-9cd8-7f77db8c6fb3	5	10209000	10567399	256	0.887
f19cbb8f-838e-4218-9cd8-7f77db8c6fb3	5	10568465	10619415	46	0.6465
f19cbb8f-838e-4218-9cd8-7f77db8c6fb3	5	10619841	11871234	1085	0.8921
f19cbb8f-838e-4218-9cd8-7f77db8c6fb3	5	11872188	12170771	181	0.6191
f19cbb8f-838e-4218-9cd8-7f77db8c6fb3	5	12181036	12181699	4	-0.0929
f19cbb8f-838e-4218-9cd8-7f77db8c6fb3	5	12182596	12791608	318	0.5893
f19cbb8f-838e-4218-9cd8-7f77db8c6fb3	5	12800777	12849089	16	0.1331
f19cbb8f-838e-4218-9cd8-7f77db8c6fb3	5	12857021	14312693	1045	0.8948
f19cbb8f-838e-4218-9cd8-7f77db8c6fb3	5	14316144	14808601	386	1.141
f19cbb8f-838e-4218-9cd8-7f77db8c6fb3	5	14814774	15331010	306	0.8847
f19cbb8f-838e-4218-9cd8-7f77db8c6fb3	5	15331022	15332597	10	0.3131
f19cbb8f-838e-4218-9cd8-7f77db8c6fb3	5	15332903	15558623	110	0.9618
f19cbb8f-838e-4218-9cd8-7f77db8c6fb3	5	15559808	16156431	389	0.6222
f19cbb8f-838e-4218-9cd8-7f77db8c6fb3	5	16156916	16689685	422	0.2029
f19cbb8f-838e-4218-9cd8-7f77db8c6fb3	5	16692617	17756092	585	0.6094
f19cbb8f-838e-4218-9cd8-7f77db8c6fb3	5	17756141	20121670	1487	0.1929
f19cbb8f-838e-4218-9cd8-7f77db8c6fb3	5	20128595	26549354	3744	0.5951
f19cbb8f-838e-4218-9cd8-7f77db8c6fb3	5	26552789	26789387	162	1.1105
f19cbb8f-838e-4218-9cd8-7f77db8c6fb3	5	26797651	26797735	2	-0.3652
f19cbb8f-838e-4218-9cd8-7f77db8c6fb3	5	26803775	27143188	190	1.1851
f19cbb8f-838e-4218-9cd8-7f77db8c6fb3	5	27144032	27982303	463	0.9158
f19cbb8f-838e-4218-9cd8-7f77db8c6fb3	5	27982590	28079791	54	1.2501
f19cbb8f-838e-4218-9cd8-7f77db8c6fb3	5	28081840	28738110	387	0.8986
f19cbb8f-838e-4218-9cd8-7f77db8c6fb3	5	28738276	28812135	40	1.185
f19cbb8f-838e-4218-9cd8-7f77db8c6fb3	5	28812668	33738097	3362	0.8911
f19cbb8f-838e-4218-9cd8-7f77db8c6fb3	5	33741595	38169299	2847	1.1289
f19cbb8f-838e-4218-9cd8-7f77db8c6fb3	5	38177471	44564294	3850	0.1881
f19cbb8f-838e-4218-9cd8-7f77db8c6fb3	5	44567831	44592172	15	0.9915
f19cbb8f-838e-4218-9cd8-7f77db8c6fb3	5	44593065	58025759	5692	0.1973
f19cbb8f-838e-4218-9cd8-7f77db8c6fb3	5	58025819	58037706	33	-0.4533
f19cbb8f-838e-4218-9cd8-7f77db8c6fb3	5	58042530	70959069	7303	0.1941
f19cbb8f-838e-4218-9cd8-7f77db8c6fb3	5	70959071	71010832	7	-0.5826
f19cbb8f-838e-4218-9cd8-7f77db8c6fb3	5	71010901	99500868	16612	0.1952
f19cbb8f-838e-4218-9cd8-7f77db8c6fb3	5	99504170	99504922	2	-1.2287
f19cbb8f-838e-4218-9cd8-7f77db8c6fb3	5	99508633	152134610	33661	0.1997
f19cbb8f-838e-4218-9cd8-7f77db8c6fb3	5	152135825	152140861	16	-0.5593
f19cbb8f-838e-4218-9cd8-7f77db8c6fb3	5	152140936	156048095	2655	0.1922
f19cbb8f-838e-4218-9cd8-7f77db8c6fb3	5	156049762	156055705	13	-0.5832
f19cbb8f-838e-4218-9cd8-7f77db8c6fb3	5	156055719	179504309	15753	0.1953
f19cbb8f-838e-4218-9cd8-7f77db8c6fb3	5	179509604	179510391	5	-1.18
f19cbb8f-838e-4218-9cd8-7f77db8c6fb3	5	179513195	180947523	830	0.2117
f19cbb8f-838e-4218-9cd8-7f77db8c6fb3	5	180951710	181006225	20	-0.278
f19cbb8f-838e-4218-9cd8-7f77db8c6fb3	5	181006264	181363319	169	0.1529
f19cbb8f-838e-4218-9cd8-7f77db8c6fb3	6	149661	260376	104	-0.4458
f19cbb8f-838e-4218-9cd8-7f77db8c6fb3	6	264756	381149	98	0.0649
f19cbb8f-838e-4218-9cd8-7f77db8c6fb3	6	382559	31318499	22071	-0.4334
f19cbb8f-838e-4218-9cd8-7f77db8c6fb3	6	31318528	31328674	10	1.2018
f19cbb8f-838e-4218-9cd8-7f77db8c6fb3	6	31342147	31962574	261	-0.4723
f19cbb8f-838e-4218-9cd8-7f77db8c6fb3	6	31963832	31964731	2	-3.4192
f19cbb8f-838e-4218-9cd8-7f77db8c6fb3	6	31965384	32540699	251	-0.4564
f19cbb8f-838e-4218-9cd8-7f77db8c6fb3	6	32541506	32559507	5	0.405
f19cbb8f-838e-4218-9cd8-7f77db8c6fb3	6	32562367	32614112	20	-0.6371
f19cbb8f-838e-4218-9cd8-7f77db8c6fb3	6	32614426	32634330	9	-1.4329
f19cbb8f-838e-4218-9cd8-7f77db8c6fb3	6	32634492	32658841	12	0.1195
f19cbb8f-838e-4218-9cd8-7f77db8c6fb3	6	32682835	32885830	165	-0.5108
f19cbb8f-838e-4218-9cd8-7f77db8c6fb3	6	32887498	38892317	3631	-0.3962
f19cbb8f-838e-4218-9cd8-7f77db8c6fb3	6	38894479	41651023	2090	-0.4592
f19cbb8f-838e-4218-9cd8-7f77db8c6fb3	6	41651312	41652139	4	-2.2178
f19cbb8f-838e-4218-9cd8-7f77db8c6fb3	6	41652999	69227925	15137	-0.4129
f19cbb8f-838e-4218-9cd8-7f77db8c6fb3	6	69228285	69231045	4	-2.1195
f19cbb8f-838e-4218-9cd8-7f77db8c6fb3	6	69231063	76726815	4762	-0.4066
f19cbb8f-838e-4218-9cd8-7f77db8c6fb3	6	76730151	76743040	21	0.1374
f19cbb8f-838e-4218-9cd8-7f77db8c6fb3	6	76751356	78253172	976	-0.4064
f19cbb8f-838e-4218-9cd8-7f77db8c6fb3	6	78259348	78332056	117	-0.1354
f19cbb8f-838e-4218-9cd8-7f77db8c6fb3	6	78332092	80568270	1421	-0.403
f19cbb8f-838e-4218-9cd8-7f77db8c6fb3	6	80574472	80575042	6	-0.9703
f19cbb8f-838e-4218-9cd8-7f77db8c6fb3	6	80575241	80579817	27	-1.837
f19cbb8f-838e-4218-9cd8-7f77db8c6fb3	6	80584624	94328785	8764	-0.4049
f19cbb8f-838e-4218-9cd8-7f77db8c6fb3	6	94335167	94336647	5	-2.3176
f19cbb8f-838e-4218-9cd8-7f77db8c6fb3	6	94336778	103286954	5204	-0.4008
f19cbb8f-838e-4218-9cd8-7f77db8c6fb3	6	103290101	103314186	46	0.3936
f19cbb8f-838e-4218-9cd8-7f77db8c6fb3	6	103317795	170741917	44047	-0.4218
f19cbb8f-838e-4218-9cd8-7f77db8c6fb3	7	43355	148300	90	-0.1724
f19cbb8f-838e-4218-9cd8-7f77db8c6fb3	7	155066	158626	10	-1.0445
f19cbb8f-838e-4218-9cd8-7f77db8c6fb3	7	161442	896168	121	-0.0694
f19cbb8f-838e-4218-9cd8-7f77db8c6fb3	7	902112	1204113	135	-0.2223
f19cbb8f-838e-4218-9cd8-7f77db8c6fb3	7	1207269	3608667	1324	-0.0567
f19cbb8f-838e-4218-9cd8-7f77db8c6fb3	7	3615168	3615229	2	-1.6538
f19cbb8f-838e-4218-9cd8-7f77db8c6fb3	7	3618314	15392007	8694	-0.0656
f19cbb8f-838e-4218-9cd8-7f77db8c6fb3	7	15392045	15393664	2	-2.0187
f19cbb8f-838e-4218-9cd8-7f77db8c6fb3	7	15394440	45509655	21618	-0.0725
f19cbb8f-838e-4218-9cd8-7f77db8c6fb3	7	45512262	45513547	3	-1.2267
f19cbb8f-838e-4218-9cd8-7f77db8c6fb3	7	45514082	54305455	6439	-0.0914
f19cbb8f-838e-4218-9cd8-7f77db8c6fb3	7	54318812	54318824	6	-1.536
f19cbb8f-838e-4218-9cd8-7f77db8c6fb3	7	54325795	57430690	1832	-0.0824
f19cbb8f-838e-4218-9cd8-7f77db8c6fb3	7	57433778	67672505	2180	-0.0391
f19cbb8f-838e-4218-9cd8-7f77db8c6fb3	7	67672677	70955452	2113	-0.0979
f19cbb8f-838e-4218-9cd8-7f77db8c6fb3	7	70958264	70961155	2	1.6236
f19cbb8f-838e-4218-9cd8-7f77db8c6fb3	7	70963257	72358301	942	-0.0915
f19cbb8f-838e-4218-9cd8-7f77db8c6fb3	7	72360103	72360176	2	-1.4947
f19cbb8f-838e-4218-9cd8-7f77db8c6fb3	7	72361646	77401123	1566	-0.0325
f19cbb8f-838e-4218-9cd8-7f77db8c6fb3	7	77403521	97766150	13171	-0.0727
f19cbb8f-838e-4218-9cd8-7f77db8c6fb3	7	97766153	97773163	14	-0.5819
f19cbb8f-838e-4218-9cd8-7f77db8c6fb3	7	97774928	99420998	831	-0.078
f19cbb8f-838e-4218-9cd8-7f77db8c6fb3	7	99422197	101409205	713	-0.0195
f19cbb8f-838e-4218-9cd8-7f77db8c6fb3	7	101416451	101416668	2	-2.4893
f19cbb8f-838e-4218-9cd8-7f77db8c6fb3	7	101419630	102096932	351	-0.0528
f19cbb8f-838e-4218-9cd8-7f77db8c6fb3	7	102101274	102460859	149	0.2212
f19cbb8f-838e-4218-9cd8-7f77db8c6fb3	7	102461717	109801187	4570	-0.0573
f19cbb8f-838e-4218-9cd8-7f77db8c6fb3	7	109801572	109813801	9	0.6698
f19cbb8f-838e-4218-9cd8-7f77db8c6fb3	7	109813853	126405632	10021	-0.0787
f19cbb8f-838e-4218-9cd8-7f77db8c6fb3	7	126405690	126406561	8	-1.5937
f19cbb8f-838e-4218-9cd8-7f77db8c6fb3	7	126406822	132073573	3330	-0.0682
f19cbb8f-838e-4218-9cd8-7f77db8c6fb3	7	132074517	132077420	3	-0.9519
f19cbb8f-838e-4218-9cd8-7f77db8c6fb3	7	132079371	134100556	1368	-0.0914
f19cbb8f-838e-4218-9cd8-7f77db8c6fb3	7	134100587	134111088	25	-0.5539
f19cbb8f-838e-4218-9cd8-7f77db8c6fb3	7	134113300	143733941	6145	-0.0697
f19cbb8f-838e-4218-9cd8-7f77db8c6fb3	7	143773027	143850179	15	-0.499
f19cbb8f-838e-4218-9cd8-7f77db8c6fb3	7	143875073	144207186	269	-0.0594
f19cbb8f-838e-4218-9cd8-7f77db8c6fb3	7	144249785	144377836	15	0.5917
f19cbb8f-838e-4218-9cd8-7f77db8c6fb3	7	144378425	151270073	4252	-0.0671
f19cbb8f-838e-4218-9cd8-7f77db8c6fb3	7	151270726	151616061	237	0.0416
f19cbb8f-838e-4218-9cd8-7f77db8c6fb3	7	151616482	155671335	2829	-0.08
f19cbb8f-838e-4218-9cd8-7f77db8c6fb3	7	155673169	155676942	3	-1.3125
f19cbb8f-838e-4218-9cd8-7f77db8c6fb3	7	155683042	159334314	2311	-0.094
f19cbb8f-838e-4218-9cd8-7f77db8c6fb3	8	81254	4144670	3696	0.1786
f19cbb8f-838e-4218-9cd8-7f77db8c6fb3	8	4144685	4144794	3	-1.2039
f19cbb8f-838e-4218-9cd8-7f77db8c6fb3	8	4145131	5736745	2299	0.1911
f19cbb8f-838e-4218-9cd8-7f77db8c6fb3	8	5741204	5749692	30	-0.5933
f19cbb8f-838e-4218-9cd8-7f77db8c6fb3	8	5749718	7888457	1740	0.188
f19cbb8f-838e-4218-9cd8-7f77db8c6fb3	8	7888846	7890177	3	-1.4576
f19cbb8f-838e-4218-9cd8-7f77db8c6fb3	8	7919608	8102048	12	0.337
f19cbb8f-838e-4218-9cd8-7f77db8c6fb3	8	8104937	8132772	5	-0.9071
f19cbb8f-838e-4218-9cd8-7f77db8c6fb3	8	8139659	12092042	3222	0.2071
f19cbb8f-838e-4218-9cd8-7f77db8c6fb3	8	12130217	12374772	12	-0.1552
f19cbb8f-838e-4218-9cd8-7f77db8c6fb3	8	12374907	12418301	26	0.6281
f19cbb8f-838e-4218-9cd8-7f77db8c6fb3	8	12419769	25116961	10414	0.206
f19cbb8f-838e-4218-9cd8-7f77db8c6fb3	8	25117007	25126818	25	0.6227
f19cbb8f-838e-4218-9cd8-7f77db8c6fb3	8	25133589	39495103	9048	0.1952
f19cbb8f-838e-4218-9cd8-7f77db8c6fb3	8	39495168	39505427	9	-0.1618
f19cbb8f-838e-4218-9cd8-7f77db8c6fb3	8	39511389	39512955	2	-1.457
f19cbb8f-838e-4218-9cd8-7f77db8c6fb3	8	39517213	50415399	4806	0.1809
f19cbb8f-838e-4218-9cd8-7f77db8c6fb3	8	50415937	85918844	21854	0.4053
f19cbb8f-838e-4218-9cd8-7f77db8c6fb3	8	85918920	99764715	8304	0.5854
f19cbb8f-838e-4218-9cd8-7f77db8c6fb3	8	99765660	108940833	5752	0.6131
f19cbb8f-838e-4218-9cd8-7f77db8c6fb3	8	108940869	111279265	1283	0.5811
f19cbb8f-838e-4218-9cd8-7f77db8c6fb3	8	111282050	111283031	10	-1.4123
f19cbb8f-838e-4218-9cd8-7f77db8c6fb3	8	111288052	114619814	1821	0.5939
f19cbb8f-838e-4218-9cd8-7f77db8c6fb3	8	114622258	114629502	35	-0.4921
f19cbb8f-838e-4218-9cd8-7f77db8c6fb3	8	114638468	128744020	9802	0.6012
f19cbb8f-838e-4218-9cd8-7f77db8c6fb3	8	128750889	128751839	2	-2.2088
f19cbb8f-838e-4218-9cd8-7f77db8c6fb3	8	128765208	143227622	10609	0.5867
f19cbb8f-838e-4218-9cd8-7f77db8c6fb3	8	143227655	143228267	6	-0.4156
f19cbb8f-838e-4218-9cd8-7f77db8c6fb3	8	143228432	143616987	121	0.6332
f19cbb8f-838e-4218-9cd8-7f77db8c6fb3	8	143622987	143642893	11	-0.0235
f19cbb8f-838e-4218-9cd8-7f77db8c6fb3	8	143643300	145072769	502	0.5594
f19cbb8f-838e-4218-9cd8-7f77db8c6fb3	9	46587	63524	6	-1.2003
f19cbb8f-838e-4218-9cd8-7f77db8c6fb3	9	68920	246725	74	-0.1406
f19cbb8f-838e-4218-9cd8-7f77db8c6fb3	9	249281	249933	3	-1.2553
f19cbb8f-838e-4218-9cd8-7f77db8c6fb3	9	250231	5071049	5136	-0.0795
f19cbb8f-838e-4218-9cd8-7f77db8c6fb3	9	5074594	5081416	16	0.2274
f19cbb8f-838e-4218-9cd8-7f77db8c6fb3	9	5081528	5081766	7	0.7698
f19cbb8f-838e-4218-9cd8-7f77db8c6fb3	9	5081852	5083017	5	0.2065
f19cbb8f-838e-4218-9cd8-7f77db8c6fb3	9	5084226	6695986	1117	-0.0504
f19cbb8f-838e-4218-9cd8-7f77db8c6fb3	9	6701145	6708357	6	-1.9222
f19cbb8f-838e-4218-9cd8-7f77db8c6fb3	9	6712314	10683110	3896	-0.0735
f19cbb8f-838e-4218-9cd8-7f77db8c6fb3	9	10683140	10693413	10	-0.6654
f19cbb8f-838e-4218-9cd8-7f77db8c6fb3	9	10694331	21156584	8603	-0.0823
f19cbb8f-838e-4218-9cd8-7f77db8c6fb3	9	21157096	21683956	390	-1.5032
f19cbb8f-838e-4218-9cd8-7f77db8c6fb3	9	21683999	21693410	11	-3.2349
f19cbb8f-838e-4218-9cd8-7f77db8c6fb3	9	21693523	21787263	78	-1.4382
f19cbb8f-838e-4218-9cd8-7f77db8c6fb3	9	21787849	21811028	9	-5.3171
f19cbb8f-838e-4218-9cd8-7f77db8c6fb3	9	21811534	22674283	551	-1.5897
f19cbb8f-838e-4218-9cd8-7f77db8c6fb3	9	22681423	22903853	140	-0.0795
f19cbb8f-838e-4218-9cd8-7f77db8c6fb3	9	22904070	23948161	738	-1.6202
f19cbb8f-838e-4218-9cd8-7f77db8c6fb3	9	23949999	25656013	1226	-0.0826
f19cbb8f-838e-4218-9cd8-7f77db8c6fb3	9	25658017	25661656	2	-1.4736
f19cbb8f-838e-4218-9cd8-7f77db8c6fb3	9	25661722	32211792	4871	-0.0666
f19cbb8f-838e-4218-9cd8-7f77db8c6fb3	9	32216093	32224468	12	-2.9448
f19cbb8f-838e-4218-9cd8-7f77db8c6fb3	9	32233407	41473331	4261	-0.0603
f19cbb8f-838e-4218-9cd8-7f77db8c6fb3	9	41473518	42546668	67	0.2712
f19cbb8f-838e-4218-9cd8-7f77db8c6fb3	9	42566207	42726239	15	-0.3977
f19cbb8f-838e-4218-9cd8-7f77db8c6fb3	9	42727685	61405110	42	0.0368
f19cbb8f-838e-4218-9cd8-7f77db8c6fb3	9	61520021	61647899	30	-0.9875
f19cbb8f-838e-4218-9cd8-7f77db8c6fb3	9	61665362	122415212	39223	-0.0727
f19cbb8f-838e-4218-9cd8-7f77db8c6fb3	9	122417496	126882360	2728	-0.0377
f19cbb8f-838e-4218-9cd8-7f77db8c6fb3	9	126887077	126890006	3	-1.0078
f19cbb8f-838e-4218-9cd8-7f77db8c6fb3	9	126890035	134086016	4251	-0.0221
f19cbb8f-838e-4218-9cd8-7f77db8c6fb3	9	134086675	138177023	1809	-0.081
f19cbb8f-838e-4218-9cd8-7f77db8c6fb3	9	138177075	138200944	7	0.8121
f19cbb8f-838e-4218-9cd8-7f77db8c6fb3	10	45792	66015	7	0.4343
f19cbb8f-838e-4218-9cd8-7f77db8c6fb3	10	70119	1093243	580	-0.1366
f19cbb8f-838e-4218-9cd8-7f77db8c6fb3	10	1093771	1096484	3	-1.7991
f19cbb8f-838e-4218-9cd8-7f77db8c6fb3	10	1096688	4244878	2982	-0.1048
f19cbb8f-838e-4218-9cd8-7f77db8c6fb3	10	4248622	4248732	3	1.587
f19cbb8f-838e-4218-9cd8-7f77db8c6fb3	10	4248824	30957581	20616	-0.0634
f19cbb8f-838e-4218-9cd8-7f77db8c6fb3	10	30962405	30962753	7	-1.1093
f19cbb8f-838e-4218-9cd8-7f77db8c6fb3	10	30962785	31740622	523	-0.0742
f19cbb8f-838e-4218-9cd8-7f77db8c6fb3	10	31740661	33242082	959	-0.0223
f19cbb8f-838e-4218-9cd8-7f77db8c6fb3	10	33244017	41796971	3356	-0.0836
f19cbb8f-838e-4218-9cd8-7f77db8c6fb3	10	41798237	42358241	48	0.2137
f19cbb8f-838e-4218-9cd8-7f77db8c6fb3	10	42358254	46055653	2335	-0.08
f19cbb8f-838e-4218-9cd8-7f77db8c6fb3	10	46059423	46446814	204	0.4951
f19cbb8f-838e-4218-9cd8-7f77db8c6fb3	10	46446817	46529441	22	-0.2254
f19cbb8f-838e-4218-9cd8-7f77db8c6fb3	10	46532940	46967412	40	0.6649
f19cbb8f-838e-4218-9cd8-7f77db8c6fb3	10	47002596	65546400	12671	-0.0678
f19cbb8f-838e-4218-9cd8-7f77db8c6fb3	10	65546518	65554688	29	-0.5993
f19cbb8f-838e-4218-9cd8-7f77db8c6fb3	10	65563037	75308690	5950	-0.0445
f19cbb8f-838e-4218-9cd8-7f77db8c6fb3	10	75309200	79747269	3284	-0.0968
f19cbb8f-838e-4218-9cd8-7f77db8c6fb3	10	79754419	80211163	220	-0.0412
f19cbb8f-838e-4218-9cd8-7f77db8c6fb3	10	80211741	80226035	12	0.625
f19cbb8f-838e-4218-9cd8-7f77db8c6fb3	10	80234421	93645450	9171	-0.061
f19cbb8f-838e-4218-9cd8-7f77db8c6fb3	10	93645904	93646882	2	-1.756
f19cbb8f-838e-4218-9cd8-7f77db8c6fb3	10	93647888	123344001	20166	-0.0725
f19cbb8f-838e-4218-9cd8-7f77db8c6fb3	10	123345274	123346244	3	-2.5891
f19cbb8f-838e-4218-9cd8-7f77db8c6fb3	10	123346576	133654968	7358	-0.095
f19cbb8f-838e-4218-9cd8-7f77db8c6fb3	11	198510	4946420	2415	-0.0515
f19cbb8f-838e-4218-9cd8-7f77db8c6fb3	11	4947280	4955042	30	-1.7227
f19cbb8f-838e-4218-9cd8-7f77db8c6fb3	11	4955781	5103783	127	-0.0759
f19cbb8f-838e-4218-9cd8-7f77db8c6fb3	11	5105259	5106029	3	-1.0454
f19cbb8f-838e-4218-9cd8-7f77db8c6fb3	11	5106280	5762693	653	-0.0455
f19cbb8f-838e-4218-9cd8-7f77db8c6fb3	11	5766175	5787909	33	0.5814
f19cbb8f-838e-4218-9cd8-7f77db8c6fb3	11	5788108	11439841	4142	-0.0683
f19cbb8f-838e-4218-9cd8-7f77db8c6fb3	11	11442616	11443243	2	-1.8173
f19cbb8f-838e-4218-9cd8-7f77db8c6fb3	11	11443342	31371747	14384	-0.0793
f19cbb8f-838e-4218-9cd8-7f77db8c6fb3	11	31372721	31375533	2	-2.7172
f19cbb8f-838e-4218-9cd8-7f77db8c6fb3	11	31376660	46317801	10528	-0.0804
f19cbb8f-838e-4218-9cd8-7f77db8c6fb3	11	46318244	54952548	1902	-0.0402
f19cbb8f-838e-4218-9cd8-7f77db8c6fb3	11	54953347	54990815	2	1.3245
f19cbb8f-838e-4218-9cd8-7f77db8c6fb3	11	55006417	55592092	229	-0.0396
f19cbb8f-838e-4218-9cd8-7f77db8c6fb3	11	55593885	55685533	63	0.241
f19cbb8f-838e-4218-9cd8-7f77db8c6fb3	11	55686100	64892365	5133	-0.0452
f19cbb8f-838e-4218-9cd8-7f77db8c6fb3	11	64895755	64914855	6	-0.733
f19cbb8f-838e-4218-9cd8-7f77db8c6fb3	11	64917916	65794603	322	-0.1339
f19cbb8f-838e-4218-9cd8-7f77db8c6fb3	11	65794786	69118179	1358	-0.0315
f19cbb8f-838e-4218-9cd8-7f77db8c6fb3	11	69118711	71182132	1155	-0.1002
f19cbb8f-838e-4218-9cd8-7f77db8c6fb3	11	71182968	71766534	365	-0.0482
f19cbb8f-838e-4218-9cd8-7f77db8c6fb3	11	71767912	71770617	4	-1.1552
f19cbb8f-838e-4218-9cd8-7f77db8c6fb3	11	71771008	75494668	1884	-0.0395
f19cbb8f-838e-4218-9cd8-7f77db8c6fb3	11	75498353	80256469	3020	-0.0898
f19cbb8f-838e-4218-9cd8-7f77db8c6fb3	11	80256504	80256520	2	1.2594
f19cbb8f-838e-4218-9cd8-7f77db8c6fb3	11	80256642	82155706	1567	-0.0776
f19cbb8f-838e-4218-9cd8-7f77db8c6fb3	11	82167381	82169547	7	0.6705
f19cbb8f-838e-4218-9cd8-7f77db8c6fb3	11	82173275	86594619	2907	-0.0829
f19cbb8f-838e-4218-9cd8-7f77db8c6fb3	11	86594771	86595012	5	-1.333
f19cbb8f-838e-4218-9cd8-7f77db8c6fb3	11	86604132	93285549	4437	-0.0808
f19cbb8f-838e-4218-9cd8-7f77db8c6fb3	11	93287317	93305891	6	-1.0576
f19cbb8f-838e-4218-9cd8-7f77db8c6fb3	11	93306049	116661022	16478	-0.0791
f19cbb8f-838e-4218-9cd8-7f77db8c6fb3	11	116661233	116661348	2	-1.5765
f19cbb8f-838e-4218-9cd8-7f77db8c6fb3	11	116661349	118336938	1140	-0.0755
f19cbb8f-838e-4218-9cd8-7f77db8c6fb3	11	118338248	119344088	596	-0.0195
f19cbb8f-838e-4218-9cd8-7f77db8c6fb3	11	119345521	134367824	11252	-0.0878
f19cbb8f-838e-4218-9cd8-7f77db8c6fb3	11	134367912	134373155	4	-1.0521
f19cbb8f-838e-4218-9cd8-7f77db8c6fb3	11	134373553	135074876	572	-0.0941
f19cbb8f-838e-4218-9cd8-7f77db8c6fb3	12	51460	149625	54	-0.4624
f19cbb8f-838e-4218-9cd8-7f77db8c6fb3	12	150039	151868	3	-2.333
f19cbb8f-838e-4218-9cd8-7f77db8c6fb3	12	151920	6353298	4583	-0.436
f19cbb8f-838e-4218-9cd8-7f77db8c6fb3	12	6353323	6680833	161	-0.3327
f19cbb8f-838e-4218-9cd8-7f77db8c6fb3	12	6682182	6691963	2	-2.0778
f19cbb8f-838e-4218-9cd8-7f77db8c6fb3	12	6702591	8406217	775	-0.3509
f19cbb8f-838e-4218-9cd8-7f77db8c6fb3	12	8406509	8422427	9	0.3952
f19cbb8f-838e-4218-9cd8-7f77db8c6fb3	12	8422738	8995651	310	-0.3531
f19cbb8f-838e-4218-9cd8-7f77db8c6fb3	12	8996707	9481274	253	-0.426
f19cbb8f-838e-4218-9cd8-7f77db8c6fb3	12	9485313	9561078	21	-1.691
f19cbb8f-838e-4218-9cd8-7f77db8c6fb3	12	9562969	11062773	1035	-0.3671
f19cbb8f-838e-4218-9cd8-7f77db8c6fb3	12	11064250	11114232	17	0.1992
f19cbb8f-838e-4218-9cd8-7f77db8c6fb3	12	11115108	12896515	1350	-0.3752
f19cbb8f-838e-4218-9cd8-7f77db8c6fb3	12	12897432	20460751	4992	-0.4065
f19cbb8f-838e-4218-9cd8-7f77db8c6fb3	12	20461150	20461871	3	-1.8456
f19cbb8f-838e-4218-9cd8-7f77db8c6fb3	12	20465295	31395454	7933	-0.4111
f19cbb8f-838e-4218-9cd8-7f77db8c6fb3	12	31396468	52271938	10508	-0.3794
f19cbb8f-838e-4218-9cd8-7f77db8c6fb3	12	52272901	52398116	131	-0.6107
f19cbb8f-838e-4218-9cd8-7f77db8c6fb3	12	52398277	56469986	2413	-0.3681
f19cbb8f-838e-4218-9cd8-7f77db8c6fb3	12	56471256	56593395	51	0.3374
f19cbb8f-838e-4218-9cd8-7f77db8c6fb3	12	56594558	57837157	566	-0.3543
f19cbb8f-838e-4218-9cd8-7f77db8c6fb3	12	57837372	57840479	4	-1.9986
f19cbb8f-838e-4218-9cd8-7f77db8c6fb3	12	57842827	77749017	12926	-0.3977
f19cbb8f-838e-4218-9cd8-7f77db8c6fb3	12	77753897	77754258	2	-2.6759
f19cbb8f-838e-4218-9cd8-7f77db8c6fb3	12	77754291	86234468	5209	-0.4021
f19cbb8f-838e-4218-9cd8-7f77db8c6fb3	12	86239588	86239808	2	-2.4588
f19cbb8f-838e-4218-9cd8-7f77db8c6fb3	12	86241030	99402073	8624	-0.3983
f19cbb8f-838e-4218-9cd8-7f77db8c6fb3	12	99402408	99409315	26	0.0679
f19cbb8f-838e-4218-9cd8-7f77db8c6fb3	12	99409340	108356344	6093	-0.4161
f19cbb8f-838e-4218-9cd8-7f77db8c6fb3	12	108360795	112816070	2444	-0.3685
f19cbb8f-838e-4218-9cd8-7f77db8c6fb3	12	112816335	113948834	756	-0.4449
f19cbb8f-838e-4218-9cd8-7f77db8c6fb3	12	113948918	113949195	3	-2.2473
f19cbb8f-838e-4218-9cd8-7f77db8c6fb3	12	113950174	120228058	4687	-0.4377
f19cbb8f-838e-4218-9cd8-7f77db8c6fb3	12	120228275	123625506	1485	-0.3361
f19cbb8f-838e-4218-9cd8-7f77db8c6fb3	12	123625575	124079311	276	-0.4096
f19cbb8f-838e-4218-9cd8-7f77db8c6fb3	12	124079992	125641755	1048	-0.4528
f19cbb8f-838e-4218-9cd8-7f77db8c6fb3	12	125641794	125644646	5	-2.3232
f19cbb8f-838e-4218-9cd8-7f77db8c6fb3	12	125649613	131636170	5263	-0.4625
f19cbb8f-838e-4218-9cd8-7f77db8c6fb3	12	131648039	131648790	13	-1.8077
f19cbb8f-838e-4218-9cd8-7f77db8c6fb3	12	131657925	132943785	432	-0.478
f19cbb8f-838e-4218-9cd8-7f77db8c6fb3	12	132944453	133201603	124	-0.3305
f19cbb8f-838e-4218-9cd8-7f77db8c6fb3	13	18452809	48957415	21516	0.1978
f19cbb8f-838e-4218-9cd8-7f77db8c6fb3	13	48959579	48962368	2	-2.8493
f19cbb8f-838e-4218-9cd8-7f77db8c6fb3	13	48963569	93799635	27828	0.1954
f19cbb8f-838e-4218-9cd8-7f77db8c6fb3	13	93803715	93814190	9	-0.5118
f19cbb8f-838e-4218-9cd8-7f77db8c6fb3	13	93814221	114342922	14755	0.1974
f19cbb8f-838e-4218-9cd8-7f77db8c6fb3	14	18239283	18662134	20	-0.2937
f19cbb8f-838e-4218-9cd8-7f77db8c6fb3	14	18674599	18693043	5	-1.8259
f19cbb8f-838e-4218-9cd8-7f77db8c6fb3	14	18950560	19289821	20	-0.0524
f19cbb8f-838e-4218-9cd8-7f77db8c6fb3	14	19294457	19367655	5	-1.0461
f19cbb8f-838e-4218-9cd8-7f77db8c6fb3	14	19380699	19732958	18	-0.0472
f19cbb8f-838e-4218-9cd8-7f77db8c6fb3	14	19735307	19954424	98	-0.8376
f19cbb8f-838e-4218-9cd8-7f77db8c6fb3	14	19955213	22647708	1979	-0.401
f19cbb8f-838e-4218-9cd8-7f77db8c6fb3	14	22651327	22651420	2	-2.7068
f19cbb8f-838e-4218-9cd8-7f77db8c6fb3	14	22651807	27110536	2839	-0.4106
f19cbb8f-838e-4218-9cd8-7f77db8c6fb3	14	27110925	27718823	348	-0.0394
f19cbb8f-838e-4218-9cd8-7f77db8c6fb3	14	27718965	28048095	169	-0.3638
f19cbb8f-838e-4218-9cd8-7f77db8c6fb3	14	28048395	36993642	5736	-0.0758
f19cbb8f-838e-4218-9cd8-7f77db8c6fb3	14	36994398	37157295	124	-0.4165
f19cbb8f-838e-4218-9cd8-7f77db8c6fb3	14	37160258	37166447	7	1.4655
f19cbb8f-838e-4218-9cd8-7f77db8c6fb3	14	37174312	65202158	17635	-0.4073
f19cbb8f-838e-4218-9cd8-7f77db8c6fb3	14	65205194	65205229	2	-2.5816
f19cbb8f-838e-4218-9cd8-7f77db8c6fb3	14	65205299	73540003	5148	-0.4059
f19cbb8f-838e-4218-9cd8-7f77db8c6fb3	14	73540147	73550817	5	-1.9073
f19cbb8f-838e-4218-9cd8-7f77db8c6fb3	14	73550834	90788258	11324	-0.4221
f19cbb8f-838e-4218-9cd8-7f77db8c6fb3	14	90788374	90792689	5	-2.0548
f19cbb8f-838e-4218-9cd8-7f77db8c6fb3	14	90793069	93643378	1709	-0.404
f19cbb8f-838e-4218-9cd8-7f77db8c6fb3	14	93645631	101582141	5942	-0.4457
f19cbb8f-838e-4218-9cd8-7f77db8c6fb3	14	101586683	104384306	1249	-0.3799
f19cbb8f-838e-4218-9cd8-7f77db8c6fb3	14	104390160	104395990	2	-3.5458
f19cbb8f-838e-4218-9cd8-7f77db8c6fb3	14	104400350	106321086	573	-0.3778
f19cbb8f-838e-4218-9cd8-7f77db8c6fb3	14	106340102	106365807	11	-1.9762
f19cbb8f-838e-4218-9cd8-7f77db8c6fb3	14	106369985	106877229	270	-0.343
f19cbb8f-838e-4218-9cd8-7f77db8c6fb3	15	19811075	20056983	50	0.1223
f19cbb8f-838e-4218-9cd8-7f77db8c6fb3	15	20059033	20373168	38	-0.4724
f19cbb8f-838e-4218-9cd8-7f77db8c6fb3	15	20376198	20376311	7	0.137
f19cbb8f-838e-4218-9cd8-7f77db8c6fb3	15	20380735	20381704	10	-1.4257
f19cbb8f-838e-4218-9cd8-7f77db8c6fb3	15	20384774	20670989	46	-0.3793
f19cbb8f-838e-4218-9cd8-7f77db8c6fb3	15	20981071	24077207	883	-0.0906
f19cbb8f-838e-4218-9cd8-7f77db8c6fb3	15	24080463	24546356	229	0.0496
f19cbb8f-838e-4218-9cd8-7f77db8c6fb3	15	24547227	29725548	3345	-0.0864
f19cbb8f-838e-4218-9cd8-7f77db8c6fb3	15	29725722	29725727	2	-1.4034
f19cbb8f-838e-4218-9cd8-7f77db8c6fb3	15	29726423	30608675	248	-0.05
f19cbb8f-838e-4218-9cd8-7f77db8c6fb3	15	30621384	30644082	5	-1.1299
f19cbb8f-838e-4218-9cd8-7f77db8c6fb3	15	30654103	34379885	2556	-0.0699
f19cbb8f-838e-4218-9cd8-7f77db8c6fb3	15	34386576	34520918	63	-0.9204
f19cbb8f-838e-4218-9cd8-7f77db8c6fb3	15	34522159	37813165	2287	-0.0815
f19cbb8f-838e-4218-9cd8-7f77db8c6fb3	15	37814612	43592920	3387	-0.0412
f19cbb8f-838e-4218-9cd8-7f77db8c6fb3	15	43600643	43692744	22	0.4081
f19cbb8f-838e-4218-9cd8-7f77db8c6fb3	15	43698230	63039810	12916	-0.064
f19cbb8f-838e-4218-9cd8-7f77db8c6fb3	15	63039858	76400536	7672	-0.0366
f19cbb8f-838e-4218-9cd8-7f77db8c6fb3	15	76400711	80053502	2248	-0.0602
f19cbb8f-838e-4218-9cd8-7f77db8c6fb3	15	80058827	101928837	15481	-0.0789
f19cbb8f-838e-4218-9cd8-7f77db8c6fb3	16	10777	206279	109	0.4038
f19cbb8f-838e-4218-9cd8-7f77db8c6fb3	16	206379	357800	68	0.61
f19cbb8f-838e-4218-9cd8-7f77db8c6fb3	16	357844	600788	89	0.4033
f19cbb8f-838e-4218-9cd8-7f77db8c6fb3	16	600884	3641654	1080	0.6301
f19cbb8f-838e-4218-9cd8-7f77db8c6fb3	16	3644771	4941276	751	0.9479
f19cbb8f-838e-4218-9cd8-7f77db8c6fb3	16	4941344	7458782	2884	0.6031
f19cbb8f-838e-4218-9cd8-7f77db8c6fb3	16	7462847	7652787	236	0.9354
f19cbb8f-838e-4218-9cd8-7f77db8c6fb3	16	7652808	10795763	2910	0.602
f19cbb8f-838e-4218-9cd8-7f77db8c6fb3	16	10802176	10974987	135	0.9507
f19cbb8f-838e-4218-9cd8-7f77db8c6fb3	16	10976371	10994127	11	0.6837
f19cbb8f-838e-4218-9cd8-7f77db8c6fb3	16	10994837	11163244	129	1.1812
f19cbb8f-838e-4218-9cd8-7f77db8c6fb3	16	11163450	12501912	944	1.3418
f19cbb8f-838e-4218-9cd8-7f77db8c6fb3	16	12507468	12821398	389	1.1013
f19cbb8f-838e-4218-9cd8-7f77db8c6fb3	16	12824373	15014730	1429	0.6271
f19cbb8f-838e-4218-9cd8-7f77db8c6fb3	16	15022400	16894235	724	1.0767
f19cbb8f-838e-4218-9cd8-7f77db8c6fb3	16	16897986	21401082	2499	0.201
f19cbb8f-838e-4218-9cd8-7f77db8c6fb3	16	21503753	21582134	23	-0.1978
f19cbb8f-838e-4218-9cd8-7f77db8c6fb3	16	21582313	21806139	107	0.1432
f19cbb8f-838e-4218-9cd8-7f77db8c6fb3	16	21806614	21935215	7	0.7071
f19cbb8f-838e-4218-9cd8-7f77db8c6fb3	16	21935272	22117471	93	0.2022
f19cbb8f-838e-4218-9cd8-7f77db8c6fb3	16	22118861	22728839	257	0.0369
f19cbb8f-838e-4218-9cd8-7f77db8c6fb3	16	22728995	76764575	24738	0.2048
f19cbb8f-838e-4218-9cd8-7f77db8c6fb3	16	76764612	76772531	3	-1.6169
f19cbb8f-838e-4218-9cd8-7f77db8c6fb3	16	76774655	78337711	1610	0.2017
f19cbb8f-838e-4218-9cd8-7f77db8c6fb3	16	78338543	78350841	16	1.1708
f19cbb8f-838e-4218-9cd8-7f77db8c6fb3	16	78350868	84292333	6586	0.2019
f19cbb8f-838e-4218-9cd8-7f77db8c6fb3	16	84292406	84892194	551	0.1011
f19cbb8f-838e-4218-9cd8-7f77db8c6fb3	16	84893373	88316374	2727	0.2108
f19cbb8f-838e-4218-9cd8-7f77db8c6fb3	16	88316868	89896521	629	0.0958
f19cbb8f-838e-4218-9cd8-7f77db8c6fb3	16	89899418	90096867	115	0.2138
f19cbb8f-838e-4218-9cd8-7f77db8c6fb3	17	150733	1250730	557	-0.142
f19cbb8f-838e-4218-9cd8-7f77db8c6fb3	17	1262192	7354708	3522	-0.0284
f19cbb8f-838e-4218-9cd8-7f77db8c6fb3	17	7362030	7362487	2	-2.0789
f19cbb8f-838e-4218-9cd8-7f77db8c6fb3	17	7363157	7372003	6	-0.2677
f19cbb8f-838e-4218-9cd8-7f77db8c6fb3	17	7372542	9655272	1319	-0.0063
f19cbb8f-838e-4218-9cd8-7f77db8c6fb3	17	9655805	16834846	5070	-0.0701
f19cbb8f-838e-4218-9cd8-7f77db8c6fb3	17	16838201	16838214	2	-1.6511
f19cbb8f-838e-4218-9cd8-7f77db8c6fb3	17	16838470	18452078	906	-0.0307
f19cbb8f-838e-4218-9cd8-7f77db8c6fb3	17	18455632	18561907	26	0.5252
f19cbb8f-838e-4218-9cd8-7f77db8c6fb3	17	18565883	32373112	3987	-0.035
f19cbb8f-838e-4218-9cd8-7f77db8c6fb3	17	32375071	34909178	2147	-0.0869
f19cbb8f-838e-4218-9cd8-7f77db8c6fb3	17	34910358	36109315	695	-0.0352
f19cbb8f-838e-4218-9cd8-7f77db8c6fb3	17	36109735	36208249	37	0.6017
f19cbb8f-838e-4218-9cd8-7f77db8c6fb3	17	36460442	36695244	188	-0.0855
f19cbb8f-838e-4218-9cd8-7f77db8c6fb3	17	36695257	36699330	3	-1.1577
f19cbb8f-838e-4218-9cd8-7f77db8c6fb3	17	36699833	41266774	2330	-0.0212
f19cbb8f-838e-4218-9cd8-7f77db8c6fb3	17	41266805	41274198	21	-1.1222
f19cbb8f-838e-4218-9cd8-7f77db8c6fb3	17	41274279	45676523	2199	-0.018
f19cbb8f-838e-4218-9cd8-7f77db8c6fb3	17	45676733	46085231	298	-0.1254
f19cbb8f-838e-4218-9cd8-7f77db8c6fb3	17	46085732	46234104	110	0.217
f19cbb8f-838e-4218-9cd8-7f77db8c6fb3	17	46234520	46732442	46	-0.1235
f19cbb8f-838e-4218-9cd8-7f77db8c6fb3	17	46733528	51122233	2263	-0.0254
f19cbb8f-838e-4218-9cd8-7f77db8c6fb3	17	51132389	55194642	2752	-0.0742
f19cbb8f-838e-4218-9cd8-7f77db8c6fb3	17	55194672	55196232	2	-1.3698
f19cbb8f-838e-4218-9cd8-7f77db8c6fb3	17	55196281	73943114	11832	-0.0614
f19cbb8f-838e-4218-9cd8-7f77db8c6fb3	17	73944079	74715289	489	-0.1499
f19cbb8f-838e-4218-9cd8-7f77db8c6fb3	17	74716223	81139641	3458	-0.0463
f19cbb8f-838e-4218-9cd8-7f77db8c6fb3	17	81154966	81161357	7	-1.2141
f19cbb8f-838e-4218-9cd8-7f77db8c6fb3	17	81168461	82962720	653	-0.0582
f19cbb8f-838e-4218-9cd8-7f77db8c6fb3	17	82978629	83091923	60	-0.2855
f19cbb8f-838e-4218-9cd8-7f77db8c6fb3	18	48133	44394050	25155	0.1974
f19cbb8f-838e-4218-9cd8-7f77db8c6fb3	18	44394853	44398660	7	-0.5962
f19cbb8f-838e-4218-9cd8-7f77db8c6fb3	18	44402706	47203836	1825	0.1926
f19cbb8f-838e-4218-9cd8-7f77db8c6fb3	18	47205217	55170722	5641	-0.4328
f19cbb8f-838e-4218-9cd8-7f77db8c6fb3	18	55173523	56060271	539	0.1836
f19cbb8f-838e-4218-9cd8-7f77db8c6fb3	18	56065196	65533230	6715	-0.4301
f19cbb8f-838e-4218-9cd8-7f77db8c6fb3	18	65533243	65537481	17	0.6511
f19cbb8f-838e-4218-9cd8-7f77db8c6fb3	18	65540037	70744854	3765	-0.4141
f19cbb8f-838e-4218-9cd8-7f77db8c6fb3	18	70746131	73909422	2455	0.2057
f19cbb8f-838e-4218-9cd8-7f77db8c6fb3	18	73912168	73912202	2	-1.657
f19cbb8f-838e-4218-9cd8-7f77db8c6fb3	18	73912936	80257174	4551	0.1993
f19cbb8f-838e-4218-9cd8-7f77db8c6fb3	19	90910	6981686	2319	-0.0045
f19cbb8f-838e-4218-9cd8-7f77db8c6fb3	19	6981874	6997981	13	-0.6148
f19cbb8f-838e-4218-9cd8-7f77db8c6fb3	19	6999409	9162624	1050	-0.0086
f19cbb8f-838e-4218-9cd8-7f77db8c6fb3	19	9163124	9166800	5	-1.2322
f19cbb8f-838e-4218-9cd8-7f77db8c6fb3	19	9167445	12581187	1650	-0.0048
f19cbb8f-838e-4218-9cd8-7f77db8c6fb3	19	12586552	12589709	3	-1.2813
f19cbb8f-838e-4218-9cd8-7f77db8c6fb3	19	12589872	19652826	3421	-0.0024
f19cbb8f-838e-4218-9cd8-7f77db8c6fb3	19	19652953	33412703	6901	-0.0638
f19cbb8f-838e-4218-9cd8-7f77db8c6fb3	19	33415725	41470755	4461	-0.0158
f19cbb8f-838e-4218-9cd8-7f77db8c6fb3	19	41478097	41485616	10	-1.4469
f19cbb8f-838e-4218-9cd8-7f77db8c6fb3	19	41487722	49856551	3926	-0.0045
f19cbb8f-838e-4218-9cd8-7f77db8c6fb3	19	49866809	50157268	141	-0.1794
f19cbb8f-838e-4218-9cd8-7f77db8c6fb3	19	50158191	53021401	1785	-0.0352
f19cbb8f-838e-4218-9cd8-7f77db8c6fb3	19	53022009	53043602	16	0.6269
f19cbb8f-838e-4218-9cd8-7f77db8c6fb3	19	53044108	55771003	1534	-0.0439
f19cbb8f-838e-4218-9cd8-7f77db8c6fb3	19	55771169	55771701	3	-2.7252
f19cbb8f-838e-4218-9cd8-7f77db8c6fb3	19	55774927	58366078	1736	-0.0404
f19cbb8f-838e-4218-9cd8-7f77db8c6fb3	19	58366859	58586487	102	-0.2039
f19cbb8f-838e-4218-9cd8-7f77db8c6fb3	20	80664	264586	149	-0.0854
f19cbb8f-838e-4218-9cd8-7f77db8c6fb3	20	265377	294039	19	-0.5582
f19cbb8f-838e-4218-9cd8-7f77db8c6fb3	20	294546	1580156	1031	-0.0728
f19cbb8f-838e-4218-9cd8-7f77db8c6fb3	20	1580276	1613203	43	-0.6772
f19cbb8f-838e-4218-9cd8-7f77db8c6fb3	20	1613247	10827183	7066	-0.0677
f19cbb8f-838e-4218-9cd8-7f77db8c6fb3	20	10827654	10834516	5	-1.7065
f19cbb8f-838e-4218-9cd8-7f77db8c6fb3	20	10834630	12958093	1669	-0.078
f19cbb8f-838e-4218-9cd8-7f77db8c6fb3	20	12962906	12963536	3	-1.5005
f19cbb8f-838e-4218-9cd8-7f77db8c6fb3	20	12967667	16098158	2405	-0.0792
f19cbb8f-838e-4218-9cd8-7f77db8c6fb3	20	16098361	16104299	3	-1.1447
f19cbb8f-838e-4218-9cd8-7f77db8c6fb3	20	16107676	26217295	7560	-0.0886
f19cbb8f-838e-4218-9cd8-7f77db8c6fb3	20	26229118	38607050	3908	-0.0388
f19cbb8f-838e-4218-9cd8-7f77db8c6fb3	20	38607174	43321623	3527	-0.0907
f19cbb8f-838e-4218-9cd8-7f77db8c6fb3	20	43321948	51794673	5800	-0.06
f19cbb8f-838e-4218-9cd8-7f77db8c6fb3	20	51795004	63588295	8829	-0.0891
f19cbb8f-838e-4218-9cd8-7f77db8c6fb3	20	63588484	64324800	314	-0.1884
f19cbb8f-838e-4218-9cd8-7f77db8c6fb3	21	10354168	10512698	22	0.0388
f19cbb8f-838e-4218-9cd8-7f77db8c6fb3	21	10524022	13008398	71	0.3411
f19cbb8f-838e-4218-9cd8-7f77db8c6fb3	21	13013344	13166157	17	0.0437
f19cbb8f-838e-4218-9cd8-7f77db8c6fb3	21	13166236	44835402	22624	-0.4106
f19cbb8f-838e-4218-9cd8-7f77db8c6fb3	21	44836982	44837354	2	-2.4999
f19cbb8f-838e-4218-9cd8-7f77db8c6fb3	21	44840182	46677045	1059	-0.4512
f19cbb8f-838e-4218-9cd8-7f77db8c6fb3	22	15294547	15825930	35	-0.2469
f19cbb8f-838e-4218-9cd8-7f77db8c6fb3	22	15869820	17014661	266	-0.0191
f19cbb8f-838e-4218-9cd8-7f77db8c6fb3	22	17018144	17018618	2	1.2616
f19cbb8f-838e-4218-9cd8-7f77db8c6fb3	22	17019000	18013685	687	-0.0403
f19cbb8f-838e-4218-9cd8-7f77db8c6fb3	22	18013756	23308246	3007	-0.1165
f19cbb8f-838e-4218-9cd8-7f77db8c6fb3	22	23324045	23820816	285	-0.0154
f19cbb8f-838e-4218-9cd8-7f77db8c6fb3	22	23822901	28348456	3807	-0.0724
f19cbb8f-838e-4218-9cd8-7f77db8c6fb3	22	28348598	32546366	2439	-0.0277
f19cbb8f-838e-4218-9cd8-7f77db8c6fb3	22	32546810	36279361	3139	-0.0637
f19cbb8f-838e-4218-9cd8-7f77db8c6fb3	22	36281286	36319792	38	-0.341
f19cbb8f-838e-4218-9cd8-7f77db8c6fb3	22	36320269	36422728	63	-0.1214
f19cbb8f-838e-4218-9cd8-7f77db8c6fb3	22	36428587	46874367	6384	-0.0304
f19cbb8f-838e-4218-9cd8-7f77db8c6fb3	22	46875071	50796027	3094	-0.1068
f19cbb8f-838e-4218-9cd8-7f77db8c6fb3	X	251810	56431373	32443	0.0035
f19cbb8f-838e-4218-9cd8-7f77db8c6fb3	X	56443062	56449511	9	-0.9972
f19cbb8f-838e-4218-9cd8-7f77db8c6fb3	X	56453194	91712745	14763	0.0045
f19cbb8f-838e-4218-9cd8-7f77db8c6fb3	X	91715507	91716741	6	-1.1343
f19cbb8f-838e-4218-9cd8-7f77db8c6fb3	X	91716772	155952689	36340	-0.0012
f19cbb8f-838e-4218-9cd8-7f77db8c6fb3	Y	2782397	6233384	783	-2.4645
f19cbb8f-838e-4218-9cd8-7f77db8c6fb3	Y	6249869	13478396	2481	-2.9584
f19cbb8f-838e-4218-9cd8-7f77db8c6fb3	Y	13478462	13482643	3	-7.8018
f19cbb8f-838e-4218-9cd8-7f77db8c6fb3	Y	13483009	25169825	3192	-2.9655
f19cbb8f-838e-4218-9cd8-7f77db8c6fb3	Y	25472063	56872112	179	-2.4549
