GDC_Aliquot	Chromosome	Start	End	Num_Probes	Segment_Mean
211a8ccf-09a6-42df-b17b-04f738f53748	1	62920	259407	14	0.6231
211a8ccf-09a6-42df-b17b-04f738f53748	1	259422	668210	7	-0.9473
211a8ccf-09a6-42df-b17b-04f738f53748	1	771719	9529354	4798	0.3421
211a8ccf-09a6-42df-b17b-04f738f53748	1	9536422	9536806	2	-1.1637
211a8ccf-09a6-42df-b17b-04f738f53748	1	9542315	12868035	1702	0.3287
211a8ccf-09a6-42df-b17b-04f738f53748	1	12922922	15820568	1808	-0.2574
211a8ccf-09a6-42df-b17b-04f738f53748	1	15820586	15843965	24	0.1448
211a8ccf-09a6-42df-b17b-04f738f53748	1	15844541	25256850	5667	-0.2554
211a8ccf-09a6-42df-b17b-04f738f53748	1	25266637	25284961	14	0.4677
211a8ccf-09a6-42df-b17b-04f738f53748	1	25289805	34626073	4961	-0.2651
211a8ccf-09a6-42df-b17b-04f738f53748	1	34637053	34638890	20	-0.814
211a8ccf-09a6-42df-b17b-04f738f53748	1	34648667	35387120	348	-0.2875
211a8ccf-09a6-42df-b17b-04f738f53748	1	35387627	36408641	444	-0.8247
211a8ccf-09a6-42df-b17b-04f738f53748	1	36412423	54462820	10163	-0.2593
211a8ccf-09a6-42df-b17b-04f738f53748	1	54466889	54471635	3	-1.8307
211a8ccf-09a6-42df-b17b-04f738f53748	1	54472077	61648509	5511	-0.2472
211a8ccf-09a6-42df-b17b-04f738f53748	1	61649279	61652515	2	-1.6051
211a8ccf-09a6-42df-b17b-04f738f53748	1	61654137	72290430	7287	-0.2543
211a8ccf-09a6-42df-b17b-04f738f53748	1	72290459	72297687	8	-1.2315
211a8ccf-09a6-42df-b17b-04f738f53748	1	72302735	72345465	48	0.8417
211a8ccf-09a6-42df-b17b-04f738f53748	1	72346221	75585159	1932	-0.2551
211a8ccf-09a6-42df-b17b-04f738f53748	1	75589078	75589169	2	-2.7194
211a8ccf-09a6-42df-b17b-04f738f53748	1	75593824	105470754	19025	-0.2516
211a8ccf-09a6-42df-b17b-04f738f53748	1	105476583	105479753	17	0.442
211a8ccf-09a6-42df-b17b-04f738f53748	1	105481433	108187137	1939	-0.2579
211a8ccf-09a6-42df-b17b-04f738f53748	1	108191613	108194874	3	-1.1735
211a8ccf-09a6-42df-b17b-04f738f53748	1	108196482	109684695	694	-0.2584
211a8ccf-09a6-42df-b17b-04f738f53748	1	109684893	109703504	16	0.1742
211a8ccf-09a6-42df-b17b-04f738f53748	1	109703508	110788378	800	-0.2603
211a8ccf-09a6-42df-b17b-04f738f53748	1	110789023	110861171	98	-0.1202
211a8ccf-09a6-42df-b17b-04f738f53748	1	110861669	112147704	1051	-0.2503
211a8ccf-09a6-42df-b17b-04f738f53748	1	112153343	112153651	4	-1.3207
211a8ccf-09a6-42df-b17b-04f738f53748	1	112153686	114151650	1221	-0.2745
211a8ccf-09a6-42df-b17b-04f738f53748	1	114154398	114154411	2	-1.7167
211a8ccf-09a6-42df-b17b-04f738f53748	1	114155472	117295050	2146	-0.2653
211a8ccf-09a6-42df-b17b-04f738f53748	1	117295982	117384715	45	0.1654
211a8ccf-09a6-42df-b17b-04f738f53748	1	117384822	117933258	324	-0.2529
211a8ccf-09a6-42df-b17b-04f738f53748	1	117937968	118293081	186	0.1258
211a8ccf-09a6-42df-b17b-04f738f53748	1	118293227	118293444	2	-1.0746
211a8ccf-09a6-42df-b17b-04f738f53748	1	118296995	118751421	278	0.1306
211a8ccf-09a6-42df-b17b-04f738f53748	1	118754105	119036389	161	0.377
211a8ccf-09a6-42df-b17b-04f738f53748	1	119039825	121601998	815	-0.2529
211a8ccf-09a6-42df-b17b-04f738f53748	1	121705338	143927887	127	0.3203
211a8ccf-09a6-42df-b17b-04f738f53748	1	143928045	143942271	2	-1.4783
211a8ccf-09a6-42df-b17b-04f738f53748	1	144432083	152582700	2315	0.3586
211a8ccf-09a6-42df-b17b-04f738f53748	1	152583051	152600729	22	0.7073
211a8ccf-09a6-42df-b17b-04f738f53748	1	152600940	152728919	125	0.3566
211a8ccf-09a6-42df-b17b-04f738f53748	1	152729200	152787202	56	0.0267
211a8ccf-09a6-42df-b17b-04f738f53748	1	152789447	196745743	29512	0.3493
211a8ccf-09a6-42df-b17b-04f738f53748	1	196758720	196832525	57	-0.1144
211a8ccf-09a6-42df-b17b-04f738f53748	1	196832720	245069495	33337	0.3452
211a8ccf-09a6-42df-b17b-04f738f53748	1	245071435	245163995	57	1.0245
211a8ccf-09a6-42df-b17b-04f738f53748	1	245165719	248574146	2267	0.3343
211a8ccf-09a6-42df-b17b-04f738f53748	1	248585893	248646068	35	-0.232
211a8ccf-09a6-42df-b17b-04f738f53748	1	248661836	248930189	138	0.352
211a8ccf-09a6-42df-b17b-04f738f53748	2	12784	4169706	2997	0.0482
211a8ccf-09a6-42df-b17b-04f738f53748	2	4169966	4171952	13	-0.5111
211a8ccf-09a6-42df-b17b-04f738f53748	2	4172309	4174418	7	0.079
211a8ccf-09a6-42df-b17b-04f738f53748	2	4174569	4176429	13	-0.5072
211a8ccf-09a6-42df-b17b-04f738f53748	2	4182472	34474248	21069	0.0497
211a8ccf-09a6-42df-b17b-04f738f53748	2	34476327	34502800	43	0.5595
211a8ccf-09a6-42df-b17b-04f738f53748	2	34511446	35750907	873	0.0444
211a8ccf-09a6-42df-b17b-04f738f53748	2	35752724	35762881	7	0.9264
211a8ccf-09a6-42df-b17b-04f738f53748	2	35772407	40390680	3425	0.0696
211a8ccf-09a6-42df-b17b-04f738f53748	2	40393920	40393970	2	-1.3398
211a8ccf-09a6-42df-b17b-04f738f53748	2	40394493	40431796	43	0.0649
211a8ccf-09a6-42df-b17b-04f738f53748	2	40432133	45472462	3687	0.1299
211a8ccf-09a6-42df-b17b-04f738f53748	2	45474916	45788496	254	0.6404
211a8ccf-09a6-42df-b17b-04f738f53748	2	45788712	45890775	107	0.1272
211a8ccf-09a6-42df-b17b-04f738f53748	2	45893251	45894564	4	-0.7799
211a8ccf-09a6-42df-b17b-04f738f53748	2	45895025	46262656	301	0.1436
211a8ccf-09a6-42df-b17b-04f738f53748	2	46262993	46265133	3	-1.3498
211a8ccf-09a6-42df-b17b-04f738f53748	2	46265543	52527423	4300	0.11
211a8ccf-09a6-42df-b17b-04f738f53748	2	52527590	52527743	3	-2.275
211a8ccf-09a6-42df-b17b-04f738f53748	2	52531615	53539274	861	0.1089
211a8ccf-09a6-42df-b17b-04f738f53748	2	53542653	53542948	3	-1.1448
211a8ccf-09a6-42df-b17b-04f738f53748	2	53543805	58077743	3123	0.1154
211a8ccf-09a6-42df-b17b-04f738f53748	2	58078634	60074504	1357	0.0488
211a8ccf-09a6-42df-b17b-04f738f53748	2	60075085	60075357	3	-0.9487
211a8ccf-09a6-42df-b17b-04f738f53748	2	60075785	68791655	5387	0.0518
211a8ccf-09a6-42df-b17b-04f738f53748	2	68791711	68792982	2	-1.5518
211a8ccf-09a6-42df-b17b-04f738f53748	2	68797603	87211079	11330	0.0445
211a8ccf-09a6-42df-b17b-04f738f53748	2	87218694	87218834	2	-1.6778
211a8ccf-09a6-42df-b17b-04f738f53748	2	87221597	90230139	876	0.0526
211a8ccf-09a6-42df-b17b-04f738f53748	2	90235899	97359885	946	0.1126
211a8ccf-09a6-42df-b17b-04f738f53748	2	97524284	97545247	8	-1.0143
211a8ccf-09a6-42df-b17b-04f738f53748	2	97545726	106263639	5569	0.0977
211a8ccf-09a6-42df-b17b-04f738f53748	2	106264257	106268901	11	0.6708
211a8ccf-09a6-42df-b17b-04f738f53748	2	106270799	127156259	12421	0.1037
211a8ccf-09a6-42df-b17b-04f738f53748	2	127161584	130037806	1868	-0.2801
211a8ccf-09a6-42df-b17b-04f738f53748	2	130059766	130116915	11	0.5204
211a8ccf-09a6-42df-b17b-04f738f53748	2	130117303	139895528	5675	-0.2787
211a8ccf-09a6-42df-b17b-04f738f53748	2	139898381	139898391	2	-2.1663
211a8ccf-09a6-42df-b17b-04f738f53748	2	139899738	146107526	3856	-0.2835
211a8ccf-09a6-42df-b17b-04f738f53748	2	146107615	146109366	17	-1.3383
211a8ccf-09a6-42df-b17b-04f738f53748	2	146120238	147146541	513	-0.2699
211a8ccf-09a6-42df-b17b-04f738f53748	2	147157161	154010177	4364	0.1103
211a8ccf-09a6-42df-b17b-04f738f53748	2	154020105	154025376	2	-1.1991
211a8ccf-09a6-42df-b17b-04f738f53748	2	154025761	166249262	7122	0.1123
211a8ccf-09a6-42df-b17b-04f738f53748	2	166250195	166250418	2	-1.2945
211a8ccf-09a6-42df-b17b-04f738f53748	2	166252881	182456605	10425	0.1024
211a8ccf-09a6-42df-b17b-04f738f53748	2	182457324	182462035	2	-1.7433
211a8ccf-09a6-42df-b17b-04f738f53748	2	182462522	212504894	17756	0.1159
211a8ccf-09a6-42df-b17b-04f738f53748	2	212505638	212505978	2	-2.7856
211a8ccf-09a6-42df-b17b-04f738f53748	2	212508264	242147305	18896	0.1032
211a8ccf-09a6-42df-b17b-04f738f53748	3	20930	19295464	14718	-0.2701
211a8ccf-09a6-42df-b17b-04f738f53748	3	19299761	19309219	6	-1.168
211a8ccf-09a6-42df-b17b-04f738f53748	3	19313993	26570006	5287	-0.2682
211a8ccf-09a6-42df-b17b-04f738f53748	3	26570116	26570394	6	-1.4802
211a8ccf-09a6-42df-b17b-04f738f53748	3	26570407	59754693	20314	-0.2644
211a8ccf-09a6-42df-b17b-04f738f53748	3	59755179	60856145	1268	-0.337
211a8ccf-09a6-42df-b17b-04f738f53748	3	60857329	68682877	6194	-0.2603
211a8ccf-09a6-42df-b17b-04f738f53748	3	68697013	68698262	15	0.8138
211a8ccf-09a6-42df-b17b-04f738f53748	3	68699607	75519398	4929	-0.2653
211a8ccf-09a6-42df-b17b-04f738f53748	3	75523398	75537654	6	-2.3469
211a8ccf-09a6-42df-b17b-04f738f53748	3	75546030	76364669	325	-0.2574
211a8ccf-09a6-42df-b17b-04f738f53748	3	76369173	79440615	1859	0.0261
211a8ccf-09a6-42df-b17b-04f738f53748	3	79451908	83798762	2368	-0.2508
211a8ccf-09a6-42df-b17b-04f738f53748	3	83803611	84053071	124	0.0217
211a8ccf-09a6-42df-b17b-04f738f53748	3	84056282	84057015	2	-2.1381
211a8ccf-09a6-42df-b17b-04f738f53748	3	84061816	84725611	368	0.0381
211a8ccf-09a6-42df-b17b-04f738f53748	3	84728238	86175468	839	-0.0038
211a8ccf-09a6-42df-b17b-04f738f53748	3	86175513	99225632	5092	0.0598
211a8ccf-09a6-42df-b17b-04f738f53748	3	99225667	99226455	12	-1.2123
211a8ccf-09a6-42df-b17b-04f738f53748	3	99226551	99230212	13	-2.1349
211a8ccf-09a6-42df-b17b-04f738f53748	3	99230225	99230470	10	-0.8401
211a8ccf-09a6-42df-b17b-04f738f53748	3	99230577	111524663	7347	0.057
211a8ccf-09a6-42df-b17b-04f738f53748	3	111527558	111527735	2	-1.8347
211a8ccf-09a6-42df-b17b-04f738f53748	3	111530468	130044855	11363	0.0533
211a8ccf-09a6-42df-b17b-04f738f53748	3	130047743	130124329	51	0.4391
211a8ccf-09a6-42df-b17b-04f738f53748	3	130124370	131987852	1154	0.0519
211a8ccf-09a6-42df-b17b-04f738f53748	3	131989313	131989627	2	-1.9913
211a8ccf-09a6-42df-b17b-04f738f53748	3	131996155	133822930	1300	0.0717
211a8ccf-09a6-42df-b17b-04f738f53748	3	133824950	133827870	4	-1.4719
211a8ccf-09a6-42df-b17b-04f738f53748	3	133828372	137314218	2028	0.0655
211a8ccf-09a6-42df-b17b-04f738f53748	3	137314418	137314421	3	1.2571
211a8ccf-09a6-42df-b17b-04f738f53748	3	137314580	140966406	2289	0.0485
211a8ccf-09a6-42df-b17b-04f738f53748	3	140970781	140971332	2	-1.6101
211a8ccf-09a6-42df-b17b-04f738f53748	3	140973488	142079689	629	0.0445
211a8ccf-09a6-42df-b17b-04f738f53748	3	142086449	142091977	7	-2.227
211a8ccf-09a6-42df-b17b-04f738f53748	3	142096035	162794951	12842	0.0567
211a8ccf-09a6-42df-b17b-04f738f53748	3	162795304	162908207	68	-1.7718
211a8ccf-09a6-42df-b17b-04f738f53748	3	162908784	193160113	19174	0.0581
211a8ccf-09a6-42df-b17b-04f738f53748	3	193160173	193165114	19	1.087
211a8ccf-09a6-42df-b17b-04f738f53748	3	193168646	195685341	1488	0.0612
211a8ccf-09a6-42df-b17b-04f738f53748	3	195691392	195728637	21	-0.7354
211a8ccf-09a6-42df-b17b-04f738f53748	3	195728990	195729069	5	0.1278
211a8ccf-09a6-42df-b17b-04f738f53748	3	195729085	195747892	13	-0.5042
211a8ccf-09a6-42df-b17b-04f738f53748	3	195751823	198169247	1166	0.0634
211a8ccf-09a6-42df-b17b-04f738f53748	4	68929	8042534	4701	-0.2755
211a8ccf-09a6-42df-b17b-04f738f53748	4	8043332	8052085	8	-1.6002
211a8ccf-09a6-42df-b17b-04f738f53748	4	8055017	10208766	997	-0.2402
211a8ccf-09a6-42df-b17b-04f738f53748	4	10212536	10233644	36	-0.892
211a8ccf-09a6-42df-b17b-04f738f53748	4	10234518	14468479	3451	-0.2506
211a8ccf-09a6-42df-b17b-04f738f53748	4	14468649	14468703	2	-1.4949
211a8ccf-09a6-42df-b17b-04f738f53748	4	14471010	21500268	4858	-0.257
211a8ccf-09a6-42df-b17b-04f738f53748	4	21502554	21503197	2	-1.7338
211a8ccf-09a6-42df-b17b-04f738f53748	4	21503450	21894017	324	-0.2517
211a8ccf-09a6-42df-b17b-04f738f53748	4	21897278	21913149	10	-0.9243
211a8ccf-09a6-42df-b17b-04f738f53748	4	21913496	34777432	8326	-0.2291
211a8ccf-09a6-42df-b17b-04f738f53748	4	34784878	34823103	38	0.3087
211a8ccf-09a6-42df-b17b-04f738f53748	4	34828250	46803779	7575	-0.2258
211a8ccf-09a6-42df-b17b-04f738f53748	4	46803805	49214614	1401	-0.1315
211a8ccf-09a6-42df-b17b-04f738f53748	4	49289175	49289338	2	-1.69
211a8ccf-09a6-42df-b17b-04f738f53748	4	49295203	49656595	19	0.2844
211a8ccf-09a6-42df-b17b-04f738f53748	4	51819533	55104615	2299	-0.1442
211a8ccf-09a6-42df-b17b-04f738f53748	4	55109552	55130688	12	0.3662
211a8ccf-09a6-42df-b17b-04f738f53748	4	55130736	55548795	240	0.1148
211a8ccf-09a6-42df-b17b-04f738f53748	4	55550917	55605507	26	0.3322
211a8ccf-09a6-42df-b17b-04f738f53748	4	55605602	57032563	834	-0.1775
211a8ccf-09a6-42df-b17b-04f738f53748	4	57032899	59107300	1400	-0.2394
211a8ccf-09a6-42df-b17b-04f738f53748	4	59108353	59123359	10	0.5769
211a8ccf-09a6-42df-b17b-04f738f53748	4	59125158	63280986	2435	-0.2729
211a8ccf-09a6-42df-b17b-04f738f53748	4	63281375	63327735	19	-0.824
211a8ccf-09a6-42df-b17b-04f738f53748	4	63333165	63828222	292	-0.2397
211a8ccf-09a6-42df-b17b-04f738f53748	4	63831751	63842540	28	0.3502
211a8ccf-09a6-42df-b17b-04f738f53748	4	63850713	68418873	2857	-0.2623
211a8ccf-09a6-42df-b17b-04f738f53748	4	68422420	68422424	3	-1.7626
211a8ccf-09a6-42df-b17b-04f738f53748	4	68429081	68501424	11	-0.2872
211a8ccf-09a6-42df-b17b-04f738f53748	4	68506285	68674307	73	0.2596
211a8ccf-09a6-42df-b17b-04f738f53748	4	68686026	104396254	21692	-0.2476
211a8ccf-09a6-42df-b17b-04f738f53748	4	104397042	104407282	4	-1.3753
211a8ccf-09a6-42df-b17b-04f738f53748	4	104409702	114252544	6002	-0.2409
211a8ccf-09a6-42df-b17b-04f738f53748	4	114254167	114263073	24	0.5602
211a8ccf-09a6-42df-b17b-04f738f53748	4	114263096	119287878	2998	-0.2504
211a8ccf-09a6-42df-b17b-04f738f53748	4	119288591	120034194	444	-0.1319
211a8ccf-09a6-42df-b17b-04f738f53748	4	120034211	154881396	20605	-0.2445
211a8ccf-09a6-42df-b17b-04f738f53748	4	154881853	154881905	2	-2.2785
211a8ccf-09a6-42df-b17b-04f738f53748	4	154881926	160958989	3923	-0.2337
211a8ccf-09a6-42df-b17b-04f738f53748	4	160959045	160963756	18	-2.9075
211a8ccf-09a6-42df-b17b-04f738f53748	4	160963767	171448195	6668	-0.2373
211a8ccf-09a6-42df-b17b-04f738f53748	4	171453733	171456559	10	1.278
211a8ccf-09a6-42df-b17b-04f738f53748	4	171456573	172068280	403	-0.268
211a8ccf-09a6-42df-b17b-04f738f53748	4	172068314	172068354	3	-2.8257
211a8ccf-09a6-42df-b17b-04f738f53748	4	172068368	172501371	233	-0.2371
211a8ccf-09a6-42df-b17b-04f738f53748	4	172503796	172507492	7	1.0882
211a8ccf-09a6-42df-b17b-04f738f53748	4	172519981	178419259	3613	-0.2352
211a8ccf-09a6-42df-b17b-04f738f53748	4	178419496	183095485	3591	-0.286
211a8ccf-09a6-42df-b17b-04f738f53748	4	183108243	190106768	4643	-0.2513
211a8ccf-09a6-42df-b17b-04f738f53748	5	15532	312843	138	-0.2634
211a8ccf-09a6-42df-b17b-04f738f53748	5	314231	2632227	1459	-0.0575
211a8ccf-09a6-42df-b17b-04f738f53748	5	2632598	3579402	940	0.0213
211a8ccf-09a6-42df-b17b-04f738f53748	5	3580130	3934607	312	-0.0699
211a8ccf-09a6-42df-b17b-04f738f53748	5	3934821	3963929	16	-0.2143
211a8ccf-09a6-42df-b17b-04f738f53748	5	3968269	7883075	3401	0.4742
211a8ccf-09a6-42df-b17b-04f738f53748	5	7889103	8337415	374	0.7858
211a8ccf-09a6-42df-b17b-04f738f53748	5	8339232	10323670	1753	0.4079
211a8ccf-09a6-42df-b17b-04f738f53748	5	10325402	11504539	1014	0.3168
211a8ccf-09a6-42df-b17b-04f738f53748	5	11505441	12123148	431	0.7413
211a8ccf-09a6-42df-b17b-04f738f53748	5	12124385	12800777	355	0.3829
211a8ccf-09a6-42df-b17b-04f738f53748	5	12815668	12838421	14	-1.4037
211a8ccf-09a6-42df-b17b-04f738f53748	5	12849089	14480747	1224	0.4007
211a8ccf-09a6-42df-b17b-04f738f53748	5	14481899	18158509	2300	0.3379
211a8ccf-09a6-42df-b17b-04f738f53748	5	18162341	19309794	733	0.3831
211a8ccf-09a6-42df-b17b-04f738f53748	5	19309967	19365884	38	0.7293
211a8ccf-09a6-42df-b17b-04f738f53748	5	19366980	19917370	340	0.6594
211a8ccf-09a6-42df-b17b-04f738f53748	5	19918162	20794458	531	0.5592
211a8ccf-09a6-42df-b17b-04f738f53748	5	20795787	21376735	298	0.6383
211a8ccf-09a6-42df-b17b-04f738f53748	5	21377730	21377744	2	2.4469
211a8ccf-09a6-42df-b17b-04f738f53748	5	21385957	21449110	43	0.6635
211a8ccf-09a6-42df-b17b-04f738f53748	5	21449167	21452329	6	1.4661
211a8ccf-09a6-42df-b17b-04f738f53748	5	21452387	22159873	379	0.582
211a8ccf-09a6-42df-b17b-04f738f53748	5	22160632	22450785	125	0.9204
211a8ccf-09a6-42df-b17b-04f738f53748	5	22453545	22528679	44	0.5696
211a8ccf-09a6-42df-b17b-04f738f53748	5	22529538	23054702	292	0.9124
211a8ccf-09a6-42df-b17b-04f738f53748	5	23055477	23084130	31	0.6348
211a8ccf-09a6-42df-b17b-04f738f53748	5	23086529	23729123	404	0.5757
211a8ccf-09a6-42df-b17b-04f738f53748	5	23729366	23791668	48	0.2546
211a8ccf-09a6-42df-b17b-04f738f53748	5	23797480	24906152	662	0.5885
211a8ccf-09a6-42df-b17b-04f738f53748	5	24906842	25369669	258	0.3323
211a8ccf-09a6-42df-b17b-04f738f53748	5	25373016	25717591	209	0.4245
211a8ccf-09a6-42df-b17b-04f738f53748	5	25719295	27144032	877	0.7992
211a8ccf-09a6-42df-b17b-04f738f53748	5	27146731	27524345	202	0.3328
211a8ccf-09a6-42df-b17b-04f738f53748	5	27525283	27525913	10	-0.3258
211a8ccf-09a6-42df-b17b-04f738f53748	5	27527372	28373066	470	0.3804
211a8ccf-09a6-42df-b17b-04f738f53748	5	28373218	32102625	2545	0.773
211a8ccf-09a6-42df-b17b-04f738f53748	5	32106978	32172387	44	1.3049
211a8ccf-09a6-42df-b17b-04f738f53748	5	32177678	39672845	4960	0.7819
211a8ccf-09a6-42df-b17b-04f738f53748	5	39675403	39750042	54	0.4449
211a8ccf-09a6-42df-b17b-04f738f53748	5	39750605	41370542	1112	-0.1191
211a8ccf-09a6-42df-b17b-04f738f53748	5	41370663	46102589	2198	-0.2776
211a8ccf-09a6-42df-b17b-04f738f53748	5	46106733	46271006	35	-0.1053
211a8ccf-09a6-42df-b17b-04f738f53748	5	46271828	46273400	6	-2.9383
211a8ccf-09a6-42df-b17b-04f738f53748	5	46278110	69550476	12402	-0.275
211a8ccf-09a6-42df-b17b-04f738f53748	5	69571467	70959076	14	0.4165
211a8ccf-09a6-42df-b17b-04f738f53748	5	70959077	71010901	5	-0.4536
211a8ccf-09a6-42df-b17b-04f738f53748	5	71011558	71011717	3	-2.3071
211a8ccf-09a6-42df-b17b-04f738f53748	5	71053366	94455377	13618	-0.2757
211a8ccf-09a6-42df-b17b-04f738f53748	5	94458190	94729425	124	-0.6771
211a8ccf-09a6-42df-b17b-04f738f53748	5	94730451	99986860	3171	-0.2628
211a8ccf-09a6-42df-b17b-04f738f53748	5	99988808	99989106	3	-1.398
211a8ccf-09a6-42df-b17b-04f738f53748	5	99989443	104524672	2607	-0.2658
211a8ccf-09a6-42df-b17b-04f738f53748	5	104524780	104525348	4	-1.4491
211a8ccf-09a6-42df-b17b-04f738f53748	5	104525471	105745334	837	-0.2638
211a8ccf-09a6-42df-b17b-04f738f53748	5	105752486	105765412	7	-1.7186
211a8ccf-09a6-42df-b17b-04f738f53748	5	105776417	180947523	49212	-0.2729
211a8ccf-09a6-42df-b17b-04f738f53748	5	180951710	181006225	20	0.3836
211a8ccf-09a6-42df-b17b-04f738f53748	5	181006264	181363319	169	-0.2917
211a8ccf-09a6-42df-b17b-04f738f53748	6	149661	303017	126	0.5416
211a8ccf-09a6-42df-b17b-04f738f53748	6	303121	385784	84	0.3244
211a8ccf-09a6-42df-b17b-04f738f53748	6	387532	968430	504	0.4634
211a8ccf-09a6-42df-b17b-04f738f53748	6	968612	19038395	14060	0.5222
211a8ccf-09a6-42df-b17b-04f738f53748	6	19038504	19051273	19	0.1395
211a8ccf-09a6-42df-b17b-04f738f53748	6	19051357	23742789	3419	0.5267
211a8ccf-09a6-42df-b17b-04f738f53748	6	23744444	23745202	2	-0.7809
211a8ccf-09a6-42df-b17b-04f738f53748	6	23747504	24753705	714	0.5292
211a8ccf-09a6-42df-b17b-04f738f53748	6	24757334	29869411	2731	0.4956
211a8ccf-09a6-42df-b17b-04f738f53748	6	29869537	29906865	20	-0.5982
211a8ccf-09a6-42df-b17b-04f738f53748	6	29906932	29931900	10	0.5195
211a8ccf-09a6-42df-b17b-04f738f53748	6	29933787	29933799	4	1.3033
211a8ccf-09a6-42df-b17b-04f738f53748	6	29940692	31305926	641	0.5037
211a8ccf-09a6-42df-b17b-04f738f53748	6	31309909	31328176	10	0.9688
211a8ccf-09a6-42df-b17b-04f738f53748	6	31328210	32486746	506	0.5158
211a8ccf-09a6-42df-b17b-04f738f53748	6	32488906	32529429	12	-0.1086
211a8ccf-09a6-42df-b17b-04f738f53748	6	32533522	32550992	6	-1.4014
211a8ccf-09a6-42df-b17b-04f738f53748	6	32559507	32619131	23	0.4431
211a8ccf-09a6-42df-b17b-04f738f53748	6	32619680	32634330	7	-0.4702
211a8ccf-09a6-42df-b17b-04f738f53748	6	32634492	33970222	813	0.4952
211a8ccf-09a6-42df-b17b-04f738f53748	6	33970966	33974928	7	-0.544
211a8ccf-09a6-42df-b17b-04f738f53748	6	33976809	45994824	7647	0.5157
211a8ccf-09a6-42df-b17b-04f738f53748	6	45995149	48964092	1940	0.5492
211a8ccf-09a6-42df-b17b-04f738f53748	6	48965433	48967563	4	-0.4134
211a8ccf-09a6-42df-b17b-04f738f53748	6	48978926	54066353	3306	0.5483
211a8ccf-09a6-42df-b17b-04f738f53748	6	54066432	54067057	6	1.2465
211a8ccf-09a6-42df-b17b-04f738f53748	6	54070550	57296760	1949	0.5574
211a8ccf-09a6-42df-b17b-04f738f53748	6	57297134	58096364	128	0.5183
211a8ccf-09a6-42df-b17b-04f738f53748	6	58099774	58100791	4	-0.2963
211a8ccf-09a6-42df-b17b-04f738f53748	6	58106296	60372926	149	0.5334
211a8ccf-09a6-42df-b17b-04f738f53748	6	60376903	64559615	1943	0.3233
211a8ccf-09a6-42df-b17b-04f738f53748	6	64563602	65000836	295	0.0403
211a8ccf-09a6-42df-b17b-04f738f53748	6	65001506	65003899	3	-1.2082
211a8ccf-09a6-42df-b17b-04f738f53748	6	65007491	65448396	314	0.0107
211a8ccf-09a6-42df-b17b-04f738f53748	6	65448871	65448889	2	-1.3193
211a8ccf-09a6-42df-b17b-04f738f53748	6	65450860	66328153	581	0.0296
211a8ccf-09a6-42df-b17b-04f738f53748	6	66331020	66333299	7	0.6941
211a8ccf-09a6-42df-b17b-04f738f53748	6	66333342	72153222	3925	0.0161
211a8ccf-09a6-42df-b17b-04f738f53748	6	72156821	72157169	2	-1.7339
211a8ccf-09a6-42df-b17b-04f738f53748	6	72158860	73882142	1088	0.0186
211a8ccf-09a6-42df-b17b-04f738f53748	6	73882509	73891694	10	0.8414
211a8ccf-09a6-42df-b17b-04f738f53748	6	73893839	76726815	1771	0.0372
211a8ccf-09a6-42df-b17b-04f738f53748	6	76730151	76742924	18	0.8068
211a8ccf-09a6-42df-b17b-04f738f53748	6	76742956	78259348	980	0.0302
211a8ccf-09a6-42df-b17b-04f738f53748	6	78259388	78325468	112	0.4724
211a8ccf-09a6-42df-b17b-04f738f53748	6	78329517	98779101	12719	0.0176
211a8ccf-09a6-42df-b17b-04f738f53748	6	98782423	98783261	5	-0.966
211a8ccf-09a6-42df-b17b-04f738f53748	6	98783858	103286299	2752	0.016
211a8ccf-09a6-42df-b17b-04f738f53748	6	103286770	103314186	51	0.695
211a8ccf-09a6-42df-b17b-04f738f53748	6	103317795	113353794	6284	0.0057
211a8ccf-09a6-42df-b17b-04f738f53748	6	113356215	113377390	17	-1.9765
211a8ccf-09a6-42df-b17b-04f738f53748	6	113382365	122992194	5628	0.0201
211a8ccf-09a6-42df-b17b-04f738f53748	6	122992813	122994363	3	-1.3311
211a8ccf-09a6-42df-b17b-04f738f53748	6	123000511	137525299	9638	0.0194
211a8ccf-09a6-42df-b17b-04f738f53748	6	137527713	137657707	142	-0.2577
211a8ccf-09a6-42df-b17b-04f738f53748	6	137658461	137658834	3	-2.0343
211a8ccf-09a6-42df-b17b-04f738f53748	6	137658970	170741917	22465	-0.2877
211a8ccf-09a6-42df-b17b-04f738f53748	7	43355	83823	35	0.2489
211a8ccf-09a6-42df-b17b-04f738f53748	7	85111	3999529	1962	0.3583
211a8ccf-09a6-42df-b17b-04f738f53748	7	3999934	4015139	9	-0.2348
211a8ccf-09a6-42df-b17b-04f738f53748	7	4015718	6288269	1217	0.3629
211a8ccf-09a6-42df-b17b-04f738f53748	7	6294993	6758397	194	0.7763
211a8ccf-09a6-42df-b17b-04f738f53748	7	6790272	55485292	36095	0.3753
211a8ccf-09a6-42df-b17b-04f738f53748	7	55490178	62905324	1147	0.3371
211a8ccf-09a6-42df-b17b-04f738f53748	7	62909455	62909456	2	-1.1019
211a8ccf-09a6-42df-b17b-04f738f53748	7	62924899	67164253	1567	0.3255
211a8ccf-09a6-42df-b17b-04f738f53748	7	67164342	67233947	23	-0.7218
211a8ccf-09a6-42df-b17b-04f738f53748	7	67234797	69809381	1666	0.2994
211a8ccf-09a6-42df-b17b-04f738f53748	7	69809700	70086784	154	0.0577
211a8ccf-09a6-42df-b17b-04f738f53748	7	70091549	70955452	551	0.3186
211a8ccf-09a6-42df-b17b-04f738f53748	7	70958264	70961155	2	-2.4381
211a8ccf-09a6-42df-b17b-04f738f53748	7	70963257	109797042	22322	0.3351
211a8ccf-09a6-42df-b17b-04f738f53748	7	109797043	109801155	18	-0.1569
211a8ccf-09a6-42df-b17b-04f738f53748	7	109801187	109813853	11	-2.2048
211a8ccf-09a6-42df-b17b-04f738f53748	7	109813925	126404920	10031	0.3379
211a8ccf-09a6-42df-b17b-04f738f53748	7	126405428	126406822	13	-1.217
211a8ccf-09a6-42df-b17b-04f738f53748	7	126406823	134100424	4699	0.3273
211a8ccf-09a6-42df-b17b-04f738f53748	7	134100442	134113314	29	0.0162
211a8ccf-09a6-42df-b17b-04f738f53748	7	134113356	137901098	2628	0.3545
211a8ccf-09a6-42df-b17b-04f738f53748	7	137903218	142063324	2572	0.3146
211a8ccf-09a6-42df-b17b-04f738f53748	7	142069843	142090383	31	0.5981
211a8ccf-09a6-42df-b17b-04f738f53748	7	142090403	142516594	340	0.352
211a8ccf-09a6-42df-b17b-04f738f53748	7	142523008	142804972	114	0.4903
211a8ccf-09a6-42df-b17b-04f738f53748	7	142805092	143521765	446	0.3206
211a8ccf-09a6-42df-b17b-04f738f53748	7	143529806	143556434	4	1.1448
211a8ccf-09a6-42df-b17b-04f738f53748	7	143603307	145073710	776	0.3155
211a8ccf-09a6-42df-b17b-04f738f53748	7	145073872	145083337	2	-1.3414
211a8ccf-09a6-42df-b17b-04f738f53748	7	145083502	146032440	568	0.3075
211a8ccf-09a6-42df-b17b-04f738f53748	7	146034910	146139566	57	-0.2887
211a8ccf-09a6-42df-b17b-04f738f53748	7	146152506	151937636	3598	0.328
211a8ccf-09a6-42df-b17b-04f738f53748	7	151937878	152813614	384	-0.2923
211a8ccf-09a6-42df-b17b-04f738f53748	7	152827772	153450553	487	0.3037
211a8ccf-09a6-42df-b17b-04f738f53748	7	153450560	153450627	2	-2.9495
211a8ccf-09a6-42df-b17b-04f738f53748	7	153450630	157243506	2792	0.323
211a8ccf-09a6-42df-b17b-04f738f53748	7	157244898	157319910	45	0.7003
211a8ccf-09a6-42df-b17b-04f738f53748	7	157321317	157460989	85	-0.3056
211a8ccf-09a6-42df-b17b-04f738f53748	7	157462853	159334314	1169	0.3758
211a8ccf-09a6-42df-b17b-04f738f53748	8	81254	1418902	896	-0.3209
211a8ccf-09a6-42df-b17b-04f738f53748	8	1419196	1419436	2	1.2517
211a8ccf-09a6-42df-b17b-04f738f53748	8	1419522	1512496	78	-0.2725
211a8ccf-09a6-42df-b17b-04f738f53748	8	1513656	1514278	2	2.1128
211a8ccf-09a6-42df-b17b-04f738f53748	8	1514791	3311829	1537	-0.306
211a8ccf-09a6-42df-b17b-04f738f53748	8	3311866	3312562	3	-2.8492
211a8ccf-09a6-42df-b17b-04f738f53748	8	3313072	12177488	8507	-0.2995
211a8ccf-09a6-42df-b17b-04f738f53748	8	12323772	12376891	11	-1.3023
211a8ccf-09a6-42df-b17b-04f738f53748	8	12382326	12519969	25	0.2016
211a8ccf-09a6-42df-b17b-04f738f53748	8	12545544	18407644	5328	-0.2752
211a8ccf-09a6-42df-b17b-04f738f53748	8	18408647	18413675	4	-2.1277
211a8ccf-09a6-42df-b17b-04f738f53748	8	18413877	18840908	394	-0.2874
211a8ccf-09a6-42df-b17b-04f738f53748	8	18840953	18842310	2	-1.2558
211a8ccf-09a6-42df-b17b-04f738f53748	8	18844961	18939412	65	-0.346
211a8ccf-09a6-42df-b17b-04f738f53748	8	18940021	18940077	2	-1.7679
211a8ccf-09a6-42df-b17b-04f738f53748	8	18940698	24473815	4086	-0.2892
211a8ccf-09a6-42df-b17b-04f738f53748	8	24476088	24476387	2	-1.9474
211a8ccf-09a6-42df-b17b-04f738f53748	8	24479144	25116961	532	-0.2847
211a8ccf-09a6-42df-b17b-04f738f53748	8	25117007	25126818	25	-1.7663
211a8ccf-09a6-42df-b17b-04f738f53748	8	25133589	39373140	9019	-0.2794
211a8ccf-09a6-42df-b17b-04f738f53748	8	39378084	39529446	59	0.7623
211a8ccf-09a6-42df-b17b-04f738f53748	8	39530780	43931659	2586	-0.2822
211a8ccf-09a6-42df-b17b-04f738f53748	8	45951913	51503641	2855	0.7281
211a8ccf-09a6-42df-b17b-04f738f53748	8	51503911	54485608	1980	0.55
211a8ccf-09a6-42df-b17b-04f738f53748	8	54486567	54887072	235	0.7392
211a8ccf-09a6-42df-b17b-04f738f53748	8	54887371	57416076	1671	0.5592
211a8ccf-09a6-42df-b17b-04f738f53748	8	57416137	63933294	4296	0.7354
211a8ccf-09a6-42df-b17b-04f738f53748	8	63933929	63936079	24	0.4078
211a8ccf-09a6-42df-b17b-04f738f53748	8	63936340	63936561	6	1.967
211a8ccf-09a6-42df-b17b-04f738f53748	8	63936953	71300130	4245	0.7228
211a8ccf-09a6-42df-b17b-04f738f53748	8	71303076	71304364	8	-1.9522
211a8ccf-09a6-42df-b17b-04f738f53748	8	71307628	88043170	9934	0.7258
211a8ccf-09a6-42df-b17b-04f738f53748	8	88044341	109382577	13130	0.5483
211a8ccf-09a6-42df-b17b-04f738f53748	8	109382798	109924370	319	0.7175
211a8ccf-09a6-42df-b17b-04f738f53748	8	109924377	109977927	23	0.5071
211a8ccf-09a6-42df-b17b-04f738f53748	8	109978185	110035276	24	0.8613
211a8ccf-09a6-42df-b17b-04f738f53748	8	110035649	110080197	27	0.6486
211a8ccf-09a6-42df-b17b-04f738f53748	8	110080906	111544301	786	0.888
211a8ccf-09a6-42df-b17b-04f738f53748	8	111544335	114619065	1691	0.5495
211a8ccf-09a6-42df-b17b-04f738f53748	8	114619207	114638468	38	0.1712
211a8ccf-09a6-42df-b17b-04f738f53748	8	114638558	117630825	1905	0.5329
211a8ccf-09a6-42df-b17b-04f738f53748	8	117631180	119139771	1205	0.59
211a8ccf-09a6-42df-b17b-04f738f53748	8	119142545	119147207	4	-0.5811
211a8ccf-09a6-42df-b17b-04f738f53748	8	119150615	125816861	4517	0.5764
211a8ccf-09a6-42df-b17b-04f738f53748	8	125817766	125818484	3	-0.5768
211a8ccf-09a6-42df-b17b-04f738f53748	8	125819497	143616987	12921	0.5885
211a8ccf-09a6-42df-b17b-04f738f53748	8	143622987	143625638	9	-0.5977
211a8ccf-09a6-42df-b17b-04f738f53748	8	143636819	145072769	504	0.5755
211a8ccf-09a6-42df-b17b-04f738f53748	9	46587	602903	508	-0.2957
211a8ccf-09a6-42df-b17b-04f738f53748	9	606699	606961	4	0.7449
211a8ccf-09a6-42df-b17b-04f738f53748	9	607307	4429072	4067	-0.2764
211a8ccf-09a6-42df-b17b-04f738f53748	9	4429368	6990926	2036	-0.222
211a8ccf-09a6-42df-b17b-04f738f53748	9	6993701	20304875	11632	-0.2664
211a8ccf-09a6-42df-b17b-04f738f53748	9	20307393	20395644	70	0.3878
211a8ccf-09a6-42df-b17b-04f738f53748	9	20396698	21310589	727	-0.2502
211a8ccf-09a6-42df-b17b-04f738f53748	9	21312167	25537538	2925	-1.6578
211a8ccf-09a6-42df-b17b-04f738f53748	9	25544795	25554745	12	-4.7045
211a8ccf-09a6-42df-b17b-04f738f53748	9	25554758	26089360	378	-1.7422
211a8ccf-09a6-42df-b17b-04f738f53748	9	26089892	26092748	3	-0.6361
211a8ccf-09a6-42df-b17b-04f738f53748	9	26094307	27448028	1036	0.3636
211a8ccf-09a6-42df-b17b-04f738f53748	9	27448774	39464757	7738	-0.2785
211a8ccf-09a6-42df-b17b-04f738f53748	9	39481818	39588611	16	0.3076
211a8ccf-09a6-42df-b17b-04f738f53748	9	39747848	40189830	9	1.3402
211a8ccf-09a6-42df-b17b-04f738f53748	9	40228981	41741113	96	0.3586
211a8ccf-09a6-42df-b17b-04f738f53748	9	42014203	61405110	93	-0.1595
211a8ccf-09a6-42df-b17b-04f738f53748	9	61520021	61629689	28	-0.7068
211a8ccf-09a6-42df-b17b-04f738f53748	9	61633080	64467459	93	-0.1218
211a8ccf-09a6-42df-b17b-04f738f53748	9	64480563	66170759	46	0.3361
211a8ccf-09a6-42df-b17b-04f738f53748	9	66189025	66881239	3	-1.1138
211a8ccf-09a6-42df-b17b-04f738f53748	9	66883464	68725659	312	-0.2699
211a8ccf-09a6-42df-b17b-04f738f53748	9	68728325	68859077	117	-1.7742
211a8ccf-09a6-42df-b17b-04f738f53748	9	68861976	70194046	1106	-0.2641
211a8ccf-09a6-42df-b17b-04f738f53748	9	70196070	70197838	2	-2.6781
211a8ccf-09a6-42df-b17b-04f738f53748	9	70198765	77155713	5001	-0.2611
211a8ccf-09a6-42df-b17b-04f738f53748	9	77155866	77162488	26	0.5726
211a8ccf-09a6-42df-b17b-04f738f53748	9	77171212	85112728	5631	-0.2601
211a8ccf-09a6-42df-b17b-04f738f53748	9	85113635	85114114	2	-2.1971
211a8ccf-09a6-42df-b17b-04f738f53748	9	85115650	87907679	2045	-0.2642
211a8ccf-09a6-42df-b17b-04f738f53748	9	87939236	87939304	2	-2.0652
211a8ccf-09a6-42df-b17b-04f738f53748	9	87943042	99149374	7484	-0.2751
211a8ccf-09a6-42df-b17b-04f738f53748	9	99149758	99152105	3	-1.5311
211a8ccf-09a6-42df-b17b-04f738f53748	9	99152591	116084492	12480	-0.2607
211a8ccf-09a6-42df-b17b-04f738f53748	9	116090405	116094556	6	-2.884
211a8ccf-09a6-42df-b17b-04f738f53748	9	116097104	138200944	13733	-0.2794
211a8ccf-09a6-42df-b17b-04f738f53748	10	45792	106261	28	0.2403
211a8ccf-09a6-42df-b17b-04f738f53748	10	107848	24086334	19176	0.3704
211a8ccf-09a6-42df-b17b-04f738f53748	10	24088745	24089125	11	1.7052
211a8ccf-09a6-42df-b17b-04f738f53748	10	24089979	35242413	7848	0.3689
211a8ccf-09a6-42df-b17b-04f738f53748	10	35242681	35244755	2	1.5468
211a8ccf-09a6-42df-b17b-04f738f53748	10	35246669	36749656	1030	0.3747
211a8ccf-09a6-42df-b17b-04f738f53748	10	36749786	51516745	6299	0.326
211a8ccf-09a6-42df-b17b-04f738f53748	10	51516770	51543950	29	0.7765
211a8ccf-09a6-42df-b17b-04f738f53748	10	51550342	51918078	277	0.3284
211a8ccf-09a6-42df-b17b-04f738f53748	10	51918148	53587273	1326	0.3782
211a8ccf-09a6-42df-b17b-04f738f53748	10	53588228	57443289	2846	0.3259
211a8ccf-09a6-42df-b17b-04f738f53748	10	57450745	57451013	4	-0.7426
211a8ccf-09a6-42df-b17b-04f738f53748	10	57458735	65549203	5571	0.3529
211a8ccf-09a6-42df-b17b-04f738f53748	10	65549213	65554688	17	-0.2128
211a8ccf-09a6-42df-b17b-04f738f53748	10	65563037	72836582	4888	0.3219
211a8ccf-09a6-42df-b17b-04f738f53748	10	72838807	72846503	6	-0.5991
211a8ccf-09a6-42df-b17b-04f738f53748	10	72852778	79754434	4352	0.3348
211a8ccf-09a6-42df-b17b-04f738f53748	10	79763550	79838299	20	-0.4193
211a8ccf-09a6-42df-b17b-04f738f53748	10	79854946	90700170	7660	0.331
211a8ccf-09a6-42df-b17b-04f738f53748	10	90702958	90703534	4	-0.596
211a8ccf-09a6-42df-b17b-04f738f53748	10	90711823	106221017	9420	0.3306
211a8ccf-09a6-42df-b17b-04f738f53748	10	106224562	106259466	30	-0.7609
211a8ccf-09a6-42df-b17b-04f738f53748	10	106259586	108491323	1768	0.3072
211a8ccf-09a6-42df-b17b-04f738f53748	10	108491376	128464654	14461	0.3485
211a8ccf-09a6-42df-b17b-04f738f53748	10	128464670	133654968	3628	0.3217
211a8ccf-09a6-42df-b17b-04f738f53748	11	198510	3246769	1224	-0.2027
211a8ccf-09a6-42df-b17b-04f738f53748	11	3261338	3342535	6	0.6502
211a8ccf-09a6-42df-b17b-04f738f53748	11	3342937	4254774	521	-0.2008
211a8ccf-09a6-42df-b17b-04f738f53748	11	4274526	4337579	16	0.9121
211a8ccf-09a6-42df-b17b-04f738f53748	11	4337826	4949013	654	-0.2271
211a8ccf-09a6-42df-b17b-04f738f53748	11	4949047	4955042	28	0.4432
211a8ccf-09a6-42df-b17b-04f738f53748	11	4955781	48576870	30858	-0.2041
211a8ccf-09a6-42df-b17b-04f738f53748	11	48579882	48581124	2	2.4988
211a8ccf-09a6-42df-b17b-04f738f53748	11	48584766	49652426	415	-0.1497
211a8ccf-09a6-42df-b17b-04f738f53748	11	49658026	81787763	15400	0.0998
211a8ccf-09a6-42df-b17b-04f738f53748	11	81792426	81806116	11	-0.8355
211a8ccf-09a6-42df-b17b-04f738f53748	11	81811590	97633547	10773	0.1112
211a8ccf-09a6-42df-b17b-04f738f53748	11	97641268	97671802	16	-0.9815
211a8ccf-09a6-42df-b17b-04f738f53748	11	97685389	101723653	3192	0.113
211a8ccf-09a6-42df-b17b-04f738f53748	11	101727129	101727233	4	1.5397
211a8ccf-09a6-42df-b17b-04f738f53748	11	101727481	102668571	584	0.1533
211a8ccf-09a6-42df-b17b-04f738f53748	11	102669564	102753437	57	0.6151
211a8ccf-09a6-42df-b17b-04f738f53748	11	102754154	102754867	3	-0.7787
211a8ccf-09a6-42df-b17b-04f738f53748	11	102758701	102873679	93	0.6429
211a8ccf-09a6-42df-b17b-04f738f53748	11	102875143	134731897	22710	0.107
211a8ccf-09a6-42df-b17b-04f738f53748	11	134732386	134734098	3	-1.3601
211a8ccf-09a6-42df-b17b-04f738f53748	11	134737977	135074876	281	0.0672
211a8ccf-09a6-42df-b17b-04f738f53748	12	51460	8404097	5599	0.5942
211a8ccf-09a6-42df-b17b-04f738f53748	12	8405892	8432076	18	0.0636
211a8ccf-09a6-42df-b17b-04f738f53748	12	8442298	9477960	558	0.5695
211a8ccf-09a6-42df-b17b-04f738f53748	12	9481274	9554726	21	-0.6651
211a8ccf-09a6-42df-b17b-04f738f53748	12	9561078	11062773	1038	0.5833
211a8ccf-09a6-42df-b17b-04f738f53748	12	11064250	11088933	12	-0.3976
211a8ccf-09a6-42df-b17b-04f738f53748	12	11099275	27441911	11288	0.5959
211a8ccf-09a6-42df-b17b-04f738f53748	12	27442578	27445614	2	-1.7709
211a8ccf-09a6-42df-b17b-04f738f53748	12	27449024	31112123	2866	0.6183
211a8ccf-09a6-42df-b17b-04f738f53748	12	31116364	31254189	88	1.3923
211a8ccf-09a6-42df-b17b-04f738f53748	12	31256945	33148472	1299	0.6182
211a8ccf-09a6-42df-b17b-04f738f53748	12	33148492	33150720	18	1.0318
211a8ccf-09a6-42df-b17b-04f738f53748	12	33150932	34023926	551	0.6384
211a8ccf-09a6-42df-b17b-04f738f53748	12	34024912	34701563	244	0.7726
211a8ccf-09a6-42df-b17b-04f738f53748	12	37463949	37593924	41	-0.2381
211a8ccf-09a6-42df-b17b-04f738f53748	12	37618765	37767650	36	0.061
211a8ccf-09a6-42df-b17b-04f738f53748	12	37768678	45506042	4725	-0.2768
211a8ccf-09a6-42df-b17b-04f738f53748	12	45510655	45515754	4	0.9362
211a8ccf-09a6-42df-b17b-04f738f53748	12	45519509	46268602	447	-0.2786
211a8ccf-09a6-42df-b17b-04f738f53748	12	46268702	46930813	357	0.7989
211a8ccf-09a6-42df-b17b-04f738f53748	12	46930984	48331259	913	0.3687
211a8ccf-09a6-42df-b17b-04f738f53748	12	48331456	48331632	3	-1.9756
211a8ccf-09a6-42df-b17b-04f738f53748	12	48336253	50957509	1214	0.347
211a8ccf-09a6-42df-b17b-04f738f53748	12	50960047	60306750	5645	0.771
211a8ccf-09a6-42df-b17b-04f738f53748	12	60306896	66587491	3788	-0.7965
211a8ccf-09a6-42df-b17b-04f738f53748	12	66588334	90089573	14869	-0.2579
211a8ccf-09a6-42df-b17b-04f738f53748	12	90097892	90098297	7	-1.7085
211a8ccf-09a6-42df-b17b-04f738f53748	12	90099780	99402073	6459	-0.2717
211a8ccf-09a6-42df-b17b-04f738f53748	12	99402408	99409410	29	0.143
211a8ccf-09a6-42df-b17b-04f738f53748	12	99409449	131238770	21757	-0.2791
211a8ccf-09a6-42df-b17b-04f738f53748	12	131241440	131341210	88	-0.5172
211a8ccf-09a6-42df-b17b-04f738f53748	12	131348665	131648258	297	-0.2596
211a8ccf-09a6-42df-b17b-04f738f53748	12	131648530	131648777	7	0.4828
211a8ccf-09a6-42df-b17b-04f738f53748	12	131648790	133201603	560	-0.2479
211a8ccf-09a6-42df-b17b-04f738f53748	13	18452809	24543164	4084	0.1013
211a8ccf-09a6-42df-b17b-04f738f53748	13	24543699	24546791	4	-0.7929
211a8ccf-09a6-42df-b17b-04f738f53748	13	24556367	37496998	9397	0.0896
211a8ccf-09a6-42df-b17b-04f738f53748	13	37497899	37510620	16	-2.4412
211a8ccf-09a6-42df-b17b-04f738f53748	13	37514193	57176962	12531	0.0895
211a8ccf-09a6-42df-b17b-04f738f53748	13	57184136	57204234	33	-0.2972
211a8ccf-09a6-42df-b17b-04f738f53748	13	57204246	71902850	8996	0.0937
211a8ccf-09a6-42df-b17b-04f738f53748	13	71903417	71906418	4	-2.2129
211a8ccf-09a6-42df-b17b-04f738f53748	13	71906467	83054017	7587	0.1083
211a8ccf-09a6-42df-b17b-04f738f53748	13	83054381	83054667	2	1.3298
211a8ccf-09a6-42df-b17b-04f738f53748	13	83057518	86035083	1933	0.0904
211a8ccf-09a6-42df-b17b-04f738f53748	13	86038784	86039253	2	-1.7468
211a8ccf-09a6-42df-b17b-04f738f53748	13	86039784	92590162	3919	0.1039
211a8ccf-09a6-42df-b17b-04f738f53748	13	92590724	92591395	2	-2.5725
211a8ccf-09a6-42df-b17b-04f738f53748	13	92591564	108193571	11569	0.1219
211a8ccf-09a6-42df-b17b-04f738f53748	13	108193798	110434640	1849	0.188
211a8ccf-09a6-42df-b17b-04f738f53748	13	110438258	114342922	2244	0.0921
211a8ccf-09a6-42df-b17b-04f738f53748	14	18239283	19955213	167	0.0854
211a8ccf-09a6-42df-b17b-04f738f53748	14	19956767	21925817	1352	0.3731
211a8ccf-09a6-42df-b17b-04f738f53748	14	21925968	21926517	6	0.9065
211a8ccf-09a6-42df-b17b-04f738f53748	14	21926555	22177786	222	0.5314
211a8ccf-09a6-42df-b17b-04f738f53748	14	22178459	22509114	286	0.6404
211a8ccf-09a6-42df-b17b-04f738f53748	14	22509351	28461106	3714	0.3995
211a8ccf-09a6-42df-b17b-04f738f53748	14	28468121	34253790	3821	0.1215
211a8ccf-09a6-42df-b17b-04f738f53748	14	34253951	34256529	2	-1.2873
211a8ccf-09a6-42df-b17b-04f738f53748	14	34256684	37659502	2047	0.1193
211a8ccf-09a6-42df-b17b-04f738f53748	14	37659826	37668971	5	-0.663
211a8ccf-09a6-42df-b17b-04f738f53748	14	37669965	41139155	2148	0.1187
211a8ccf-09a6-42df-b17b-04f738f53748	14	41141293	41168226	11	0.7456
211a8ccf-09a6-42df-b17b-04f738f53748	14	41168612	73534419	20469	0.1051
211a8ccf-09a6-42df-b17b-04f738f53748	14	73540003	73550834	7	-1.5626
211a8ccf-09a6-42df-b17b-04f738f53748	14	73554275	82004385	5562	0.1136
211a8ccf-09a6-42df-b17b-04f738f53748	14	82004789	82008094	2	-1.57
211a8ccf-09a6-42df-b17b-04f738f53748	14	82008805	84285197	1564	0.1022
211a8ccf-09a6-42df-b17b-04f738f53748	14	84285321	84288006	2	-1.2284
211a8ccf-09a6-42df-b17b-04f738f53748	14	84288259	85818410	1038	0.1131
211a8ccf-09a6-42df-b17b-04f738f53748	14	85819968	85845829	15	-0.8095
211a8ccf-09a6-42df-b17b-04f738f53748	14	85849791	106346129	12713	0.1031
211a8ccf-09a6-42df-b17b-04f738f53748	14	106360014	106462724	80	0.3821
211a8ccf-09a6-42df-b17b-04f738f53748	14	106475361	106877229	194	0.0893
211a8ccf-09a6-42df-b17b-04f738f53748	15	19811075	21417107	175	0.4106
211a8ccf-09a6-42df-b17b-04f738f53748	15	21975606	22003073	4	2.5175
211a8ccf-09a6-42df-b17b-04f738f53748	15	22005276	24099315	874	0.3539
211a8ccf-09a6-42df-b17b-04f738f53748	15	24103856	24259010	82	-0.7592
211a8ccf-09a6-42df-b17b-04f738f53748	15	24263561	30230885	3704	0.3161
211a8ccf-09a6-42df-b17b-04f738f53748	15	30231102	30515739	25	-0.413
211a8ccf-09a6-42df-b17b-04f738f53748	15	30595753	101928837	46700	0.334
211a8ccf-09a6-42df-b17b-04f738f53748	16	10777	4083923	1618	0.1047
211a8ccf-09a6-42df-b17b-04f738f53748	16	4087003	4090023	2	-1.6045
211a8ccf-09a6-42df-b17b-04f738f53748	16	4094897	5789962	1288	0.1031
211a8ccf-09a6-42df-b17b-04f738f53748	16	5790105	7223054	1778	0.0354
211a8ccf-09a6-42df-b17b-04f738f53748	16	7223116	16449962	7063	0.1021
211a8ccf-09a6-42df-b17b-04f738f53748	16	16461996	16563603	14	-0.4363
211a8ccf-09a6-42df-b17b-04f738f53748	16	16569719	25382799	4812	0.0918
211a8ccf-09a6-42df-b17b-04f738f53748	16	25385128	31549369	3181	-0.2713
211a8ccf-09a6-42df-b17b-04f738f53748	16	31554195	31554885	2	-1.878
211a8ccf-09a6-42df-b17b-04f738f53748	16	31556213	32198553	207	-0.226
211a8ccf-09a6-42df-b17b-04f738f53748	16	32198778	32513457	11	-1.4748
211a8ccf-09a6-42df-b17b-04f738f53748	16	32553191	35294723	218	-0.1823
211a8ccf-09a6-42df-b17b-04f738f53748	16	35296215	35553612	147	-0.4108
211a8ccf-09a6-42df-b17b-04f738f53748	16	35555553	36048855	119	-0.2031
211a8ccf-09a6-42df-b17b-04f738f53748	16	46441986	54444318	5334	0.0262
211a8ccf-09a6-42df-b17b-04f738f53748	16	54444471	54444961	2	-1.2971
211a8ccf-09a6-42df-b17b-04f738f53748	16	54445311	70105639	9903	0.0185
211a8ccf-09a6-42df-b17b-04f738f53748	16	70117657	70164453	14	0.5573
211a8ccf-09a6-42df-b17b-04f738f53748	16	70164493	74363160	2300	0.0198
211a8ccf-09a6-42df-b17b-04f738f53748	16	74364089	74373481	6	0.7743
211a8ccf-09a6-42df-b17b-04f738f53748	16	74418138	75191124	466	0.0264
211a8ccf-09a6-42df-b17b-04f738f53748	16	75194071	75194085	2	1.3315
211a8ccf-09a6-42df-b17b-04f738f53748	16	75195731	78337711	2736	0.0176
211a8ccf-09a6-42df-b17b-04f738f53748	16	78338543	78349243	15	-3.1503
211a8ccf-09a6-42df-b17b-04f738f53748	16	78350841	80432704	2548	-0.0184
211a8ccf-09a6-42df-b17b-04f738f53748	16	80433695	82902066	2478	0.0285
211a8ccf-09a6-42df-b17b-04f738f53748	16	82902438	83020024	102	-0.0579
211a8ccf-09a6-42df-b17b-04f738f53748	16	83021827	83022539	2	-1.8213
211a8ccf-09a6-42df-b17b-04f738f53748	16	83023736	90096867	5490	0.0307
211a8ccf-09a6-42df-b17b-04f738f53748	17	150733	252418	57	0.3737
211a8ccf-09a6-42df-b17b-04f738f53748	17	261035	2408335	1098	-0.2364
211a8ccf-09a6-42df-b17b-04f738f53748	17	2409060	2413234	5	0.5948
211a8ccf-09a6-42df-b17b-04f738f53748	17	2413250	6197464	2199	-0.2653
211a8ccf-09a6-42df-b17b-04f738f53748	17	6197476	6197491	2	-1.8175
211a8ccf-09a6-42df-b17b-04f738f53748	17	6197723	8339592	1175	-0.2506
211a8ccf-09a6-42df-b17b-04f738f53748	17	8344229	8344415	2	-2.7839
211a8ccf-09a6-42df-b17b-04f738f53748	17	8346140	8718872	234	-0.2813
211a8ccf-09a6-42df-b17b-04f738f53748	17	8722013	8842308	94	-2.0701
211a8ccf-09a6-42df-b17b-04f738f53748	17	8842580	8844475	5	-6.2465
211a8ccf-09a6-42df-b17b-04f738f53748	17	8844725	9529621	472	-1.8192
211a8ccf-09a6-42df-b17b-04f738f53748	17	9530365	9537368	2	-7.5064
211a8ccf-09a6-42df-b17b-04f738f53748	17	9537496	9578367	25	-1.8195
211a8ccf-09a6-42df-b17b-04f738f53748	17	9578389	9578430	2	-7.0718
211a8ccf-09a6-42df-b17b-04f738f53748	17	9581857	9880767	222	-1.8617
211a8ccf-09a6-42df-b17b-04f738f53748	17	9882539	12205651	1733	-0.2587
211a8ccf-09a6-42df-b17b-04f738f53748	17	12207806	12725257	386	0.4228
211a8ccf-09a6-42df-b17b-04f738f53748	17	12729926	16819487	2758	-0.2778
211a8ccf-09a6-42df-b17b-04f738f53748	17	16834846	16838214	3	1.1376
211a8ccf-09a6-42df-b17b-04f738f53748	17	16838470	18452078	905	-0.2662
211a8ccf-09a6-42df-b17b-04f738f53748	17	18455632	18561907	26	0.1752
211a8ccf-09a6-42df-b17b-04f738f53748	17	18565883	21774057	1252	-0.2498
211a8ccf-09a6-42df-b17b-04f738f53748	17	22050386	22728514	225	0.3722
211a8ccf-09a6-42df-b17b-04f738f53748	17	22736323	36109735	5363	0.1006
211a8ccf-09a6-42df-b17b-04f738f53748	17	36112585	36208249	36	0.5016
211a8ccf-09a6-42df-b17b-04f738f53748	17	36460442	41265456	2525	0.1018
211a8ccf-09a6-42df-b17b-04f738f53748	17	41266762	41274279	24	1.0597
211a8ccf-09a6-42df-b17b-04f738f53748	17	41276472	46136800	2537	0.1051
211a8ccf-09a6-42df-b17b-04f738f53748	17	46137998	46209250	62	-0.1759
211a8ccf-09a6-42df-b17b-04f738f53748	17	46211164	46286804	25	0.0013
211a8ccf-09a6-42df-b17b-04f738f53748	17	46323701	46446360	4	-1.5956
211a8ccf-09a6-42df-b17b-04f738f53748	17	46569894	51831554	2794	0.1118
211a8ccf-09a6-42df-b17b-04f738f53748	17	51831969	51832837	2	-1.2457
211a8ccf-09a6-42df-b17b-04f738f53748	17	51834262	79877519	17349	0.1005
211a8ccf-09a6-42df-b17b-04f738f53748	17	79878996	79879150	4	-1.0717
211a8ccf-09a6-42df-b17b-04f738f53748	17	79882816	83091923	1425	0.1013
211a8ccf-09a6-42df-b17b-04f738f53748	18	48133	156943	26	-0.639
211a8ccf-09a6-42df-b17b-04f738f53748	18	157527	14144901	10014	-0.8188
211a8ccf-09a6-42df-b17b-04f738f53748	18	14149484	21561868	603	-0.6321
211a8ccf-09a6-42df-b17b-04f738f53748	18	21562254	21831686	90	0.0586
211a8ccf-09a6-42df-b17b-04f738f53748	18	21833267	27798636	3811	-0.6962
211a8ccf-09a6-42df-b17b-04f738f53748	18	27799426	72803436	30637	-0.7822
211a8ccf-09a6-42df-b17b-04f738f53748	18	72803485	78265081	4382	-0.8484
211a8ccf-09a6-42df-b17b-04f738f53748	18	78265123	80257174	1127	-0.8044
211a8ccf-09a6-42df-b17b-04f738f53748	19	90910	51628560	24764	-0.2731
211a8ccf-09a6-42df-b17b-04f738f53748	19	51639099	51644944	11	-1.9926
211a8ccf-09a6-42df-b17b-04f738f53748	19	51651652	58586487	4336	-0.2933
211a8ccf-09a6-42df-b17b-04f738f53748	20	80664	80671	7	0.0886
211a8ccf-09a6-42df-b17b-04f738f53748	20	80907	726179	476	-0.2645
211a8ccf-09a6-42df-b17b-04f738f53748	20	726954	727068	2	-1.9816
211a8ccf-09a6-42df-b17b-04f738f53748	20	731131	26294198	19525	-0.2789
211a8ccf-09a6-42df-b17b-04f738f53748	20	26297680	64324800	22376	0.2133
211a8ccf-09a6-42df-b17b-04f738f53748	21	10354168	13028693	96	0.0557
211a8ccf-09a6-42df-b17b-04f738f53748	21	13080541	21370086	5500	-0.2539
211a8ccf-09a6-42df-b17b-04f738f53748	21	21372851	21372867	2	-2.1997
211a8ccf-09a6-42df-b17b-04f738f53748	21	21372908	23867646	1930	-0.2763
211a8ccf-09a6-42df-b17b-04f738f53748	21	23868720	23869268	3	-1.5402
211a8ccf-09a6-42df-b17b-04f738f53748	21	23872139	26908194	2321	-0.2867
211a8ccf-09a6-42df-b17b-04f738f53748	21	26910341	26910533	3	-1.9742
211a8ccf-09a6-42df-b17b-04f738f53748	21	26911285	31752802	3491	-0.275
211a8ccf-09a6-42df-b17b-04f738f53748	21	31753926	32166139	325	0.11
211a8ccf-09a6-42df-b17b-04f738f53748	21	32168729	32169304	3	-0.9645
211a8ccf-09a6-42df-b17b-04f738f53748	21	32174448	33913693	1126	0.1076
211a8ccf-09a6-42df-b17b-04f738f53748	21	33914462	34269568	282	-0.2603
211a8ccf-09a6-42df-b17b-04f738f53748	21	34271717	34271738	2	-2.2761
211a8ccf-09a6-42df-b17b-04f738f53748	21	34274804	41929607	6157	-0.2701
211a8ccf-09a6-42df-b17b-04f738f53748	21	41933501	41933616	3	-1.6516
211a8ccf-09a6-42df-b17b-04f738f53748	21	41935354	46677045	2615	-0.2694
211a8ccf-09a6-42df-b17b-04f738f53748	22	15294547	15570064	12	-0.0766
211a8ccf-09a6-42df-b17b-04f738f53748	22	15583346	15696762	7	-2.0023
211a8ccf-09a6-42df-b17b-04f738f53748	22	15729257	15737995	7	-0.7357
211a8ccf-09a6-42df-b17b-04f738f53748	22	15738476	21452112	2689	-0.1221
211a8ccf-09a6-42df-b17b-04f738f53748	22	21454896	21491066	7	-0.9712
211a8ccf-09a6-42df-b17b-04f738f53748	22	21562864	22148774	472	-0.1021
211a8ccf-09a6-42df-b17b-04f738f53748	22	22148876	22148948	2	-1.5338
211a8ccf-09a6-42df-b17b-04f738f53748	22	22149130	23378474	844	-0.1245
211a8ccf-09a6-42df-b17b-04f738f53748	22	23407926	23943622	343	0.0029
211a8ccf-09a6-42df-b17b-04f738f53748	22	23946180	23987520	11	0.2382
211a8ccf-09a6-42df-b17b-04f738f53748	22	23988078	23990431	3	1.2693
211a8ccf-09a6-42df-b17b-04f738f53748	22	23990739	33509820	7004	-0.0235
211a8ccf-09a6-42df-b17b-04f738f53748	22	33510175	33551395	37	-0.1398
211a8ccf-09a6-42df-b17b-04f738f53748	22	33554551	33971820	427	0.8442
211a8ccf-09a6-42df-b17b-04f738f53748	22	33973589	45095471	7227	-0.014
211a8ccf-09a6-42df-b17b-04f738f53748	22	45100668	45101287	2	-2.1965
211a8ccf-09a6-42df-b17b-04f738f53748	22	45102306	48898393	2959	-0.0242
211a8ccf-09a6-42df-b17b-04f738f53748	22	48899588	49458452	574	-0.1103
211a8ccf-09a6-42df-b17b-04f738f53748	22	49462472	49471549	5	0.5135
211a8ccf-09a6-42df-b17b-04f738f53748	22	49472488	50784087	642	-0.0047
211a8ccf-09a6-42df-b17b-04f738f53748	22	50785567	50796027	3	0.6653
211a8ccf-09a6-42df-b17b-04f738f53748	X	251810	490259	21	-0.4297
211a8ccf-09a6-42df-b17b-04f738f53748	X	490325	4316979	1095	0.041
211a8ccf-09a6-42df-b17b-04f738f53748	X	4317571	4335023	55	-0.3355
211a8ccf-09a6-42df-b17b-04f738f53748	X	4338603	4388674	54	0.0356
211a8ccf-09a6-42df-b17b-04f738f53748	X	4390569	5348342	717	-0.3728
211a8ccf-09a6-42df-b17b-04f738f53748	X	5349910	5954216	552	0.07
211a8ccf-09a6-42df-b17b-04f738f53748	X	5954597	6251598	255	-0.3918
211a8ccf-09a6-42df-b17b-04f738f53748	X	6255520	6454370	149	0.0352
211a8ccf-09a6-42df-b17b-04f738f53748	X	6455075	6471877	23	-0.2071
211a8ccf-09a6-42df-b17b-04f738f53748	X	6472148	6528552	35	0.0326
211a8ccf-09a6-42df-b17b-04f738f53748	X	6530483	6565610	34	0.2548
211a8ccf-09a6-42df-b17b-04f738f53748	X	6568186	6714566	99	0.0479
211a8ccf-09a6-42df-b17b-04f738f53748	X	6715756	8864598	1592	-0.3936
211a8ccf-09a6-42df-b17b-04f738f53748	X	8864989	10118946	997	0.0253
211a8ccf-09a6-42df-b17b-04f738f53748	X	10119447	12546831	1752	-0.3949
211a8ccf-09a6-42df-b17b-04f738f53748	X	12547376	12734619	152	0.0281
211a8ccf-09a6-42df-b17b-04f738f53748	X	12740450	13424642	492	-0.3715
211a8ccf-09a6-42df-b17b-04f738f53748	X	13424895	13574775	122	0.0634
211a8ccf-09a6-42df-b17b-04f738f53748	X	13575827	15763592	1468	-0.4114
211a8ccf-09a6-42df-b17b-04f738f53748	X	15767209	15838464	38	0.0111
211a8ccf-09a6-42df-b17b-04f738f53748	X	15844980	15910358	40	-0.4201
211a8ccf-09a6-42df-b17b-04f738f53748	X	15912937	16455101	321	0.0129
211a8ccf-09a6-42df-b17b-04f738f53748	X	16455356	16456062	7	0.3995
211a8ccf-09a6-42df-b17b-04f738f53748	X	16458962	16605439	132	0.0063
211a8ccf-09a6-42df-b17b-04f738f53748	X	16610865	16615409	5	-0.555
211a8ccf-09a6-42df-b17b-04f738f53748	X	16621200	16775186	77	-0.0341
211a8ccf-09a6-42df-b17b-04f738f53748	X	16779064	19316138	1365	-0.4144
211a8ccf-09a6-42df-b17b-04f738f53748	X	19319272	19353318	20	0.0073
211a8ccf-09a6-42df-b17b-04f738f53748	X	19353744	22789321	1975	-0.4199
211a8ccf-09a6-42df-b17b-04f738f53748	X	22795756	23870464	878	0.0372
211a8ccf-09a6-42df-b17b-04f738f53748	X	23876474	41234160	10918	-0.4096
211a8ccf-09a6-42df-b17b-04f738f53748	X	41248028	42894867	839	0.0044
211a8ccf-09a6-42df-b17b-04f738f53748	X	42897753	45191137	1256	-0.4245
211a8ccf-09a6-42df-b17b-04f738f53748	X	45204314	45310212	52	0.0008
211a8ccf-09a6-42df-b17b-04f738f53748	X	45311397	45328888	12	-0.4623
211a8ccf-09a6-42df-b17b-04f738f53748	X	45330978	46476272	605	0.002
211a8ccf-09a6-42df-b17b-04f738f53748	X	46476384	47091871	300	-0.4315
211a8ccf-09a6-42df-b17b-04f738f53748	X	47094697	47418346	145	-0.0502
211a8ccf-09a6-42df-b17b-04f738f53748	X	47418831	47462472	24	-0.3773
211a8ccf-09a6-42df-b17b-04f738f53748	X	47464128	47497963	16	-0.0298
211a8ccf-09a6-42df-b17b-04f738f53748	X	47500851	48497351	506	-0.4196
211a8ccf-09a6-42df-b17b-04f738f53748	X	48500044	48976559	165	0.0092
211a8ccf-09a6-42df-b17b-04f738f53748	X	48981237	48983624	4	-0.7736
211a8ccf-09a6-42df-b17b-04f738f53748	X	48993161	49169584	65	-0.0757
211a8ccf-09a6-42df-b17b-04f738f53748	X	49177177	50429139	480	-0.4434
211a8ccf-09a6-42df-b17b-04f738f53748	X	50429757	50469741	20	-0.0965
211a8ccf-09a6-42df-b17b-04f738f53748	X	50473608	50478141	6	-0.5335
211a8ccf-09a6-42df-b17b-04f738f53748	X	50480645	50492002	6	-0.041
211a8ccf-09a6-42df-b17b-04f738f53748	X	50492516	50498965	5	-0.623
211a8ccf-09a6-42df-b17b-04f738f53748	X	50501230	51850366	708	0.0045
211a8ccf-09a6-42df-b17b-04f738f53748	X	51854903	52426450	205	-0.4145
211a8ccf-09a6-42df-b17b-04f738f53748	X	52544810	54255433	614	0.0204
211a8ccf-09a6-42df-b17b-04f738f53748	X	54261346	54271821	9	-0.4499
211a8ccf-09a6-42df-b17b-04f738f53748	X	54281962	54359029	35	-0.0361
211a8ccf-09a6-42df-b17b-04f738f53748	X	54364846	54643841	110	-0.4416
211a8ccf-09a6-42df-b17b-04f738f53748	X	54650368	89906442	14975	0.0234
211a8ccf-09a6-42df-b17b-04f738f53748	X	89913921	90634991	228	0.2843
211a8ccf-09a6-42df-b17b-04f738f53748	X	90640076	90656859	11	-0.4447
211a8ccf-09a6-42df-b17b-04f738f53748	X	90674980	155952689	36819	0.2934
211a8ccf-09a6-42df-b17b-04f738f53748	Y	2782397	6249869	785	-2.7631
211a8ccf-09a6-42df-b17b-04f738f53748	Y	6252391	22913244	5654	-3.2211
211a8ccf-09a6-42df-b17b-04f738f53748	Y	23013519	56872112	201	-2.8361
