GDC_Aliquot	Chromosome	Start	End	Copy_Number	Major_Copy_Number	Minor_Copy_Number
fdbd4ab9-437d-48b6-a242-16e5e224fd17	chr1	13116	16541635	2	1	1
fdbd4ab9-437d-48b6-a242-16e5e224fd17	chr1	16543405	16882060	3	2	1
fdbd4ab9-437d-48b6-a242-16e5e224fd17	chr1	16883467	121602702	2	1	1
fdbd4ab9-437d-48b6-a242-16e5e224fd17	chr1	121608947	121621753	1	1	0
fdbd4ab9-437d-48b6-a242-16e5e224fd17	chr1	121623189	121626296	0	0	0
fdbd4ab9-437d-48b6-a242-16e5e224fd17	chr1	121627541	121630795	1	1	0
fdbd4ab9-437d-48b6-a242-16e5e224fd17	chr1	121631906	121641813	0	0	0
fdbd4ab9-437d-48b6-a242-16e5e224fd17	chr1	121642996	121661113	2	2	0
fdbd4ab9-437d-48b6-a242-16e5e224fd17	chr1	121662220	121730914	0	0	0
fdbd4ab9-437d-48b6-a242-16e5e224fd17	chr1	121731958	121739598	1	1	0
fdbd4ab9-437d-48b6-a242-16e5e224fd17	chr1	121740856	121742438	0	0	0
fdbd4ab9-437d-48b6-a242-16e5e224fd17	chr1	143417573	145704365	3	2	1
fdbd4ab9-437d-48b6-a242-16e5e224fd17	chr1	145714354	186780101	4	3	1
fdbd4ab9-437d-48b6-a242-16e5e224fd17	chr1	186781501	187006953	5	4	1
fdbd4ab9-437d-48b6-a242-16e5e224fd17	chr1	187007954	248945703	4	3	1
fdbd4ab9-437d-48b6-a242-16e5e224fd17	chr2	10587	242183243	2	1	1
fdbd4ab9-437d-48b6-a242-16e5e224fd17	chr3	18519	31913399	2	1	1
fdbd4ab9-437d-48b6-a242-16e5e224fd17	chr3	31914498	32274623	2	2	0
fdbd4ab9-437d-48b6-a242-16e5e224fd17	chr3	32276222	198181744	2	1	1
fdbd4ab9-437d-48b6-a242-16e5e224fd17	chr4	11961	8952396	2	1	1
fdbd4ab9-437d-48b6-a242-16e5e224fd17	chr4	8953467	9454950	1	1	0
fdbd4ab9-437d-48b6-a242-16e5e224fd17	chr4	9456192	49087164	2	1	1
fdbd4ab9-437d-48b6-a242-16e5e224fd17	chr4	49089765	51817441	1	1	0
fdbd4ab9-437d-48b6-a242-16e5e224fd17	chr4	51818654	190122722	2	1	1
fdbd4ab9-437d-48b6-a242-16e5e224fd17	chr5	11882	41282141	3	2	1
fdbd4ab9-437d-48b6-a242-16e5e224fd17	chr5	41284318	45974430	2	1	1
fdbd4ab9-437d-48b6-a242-16e5e224fd17	chr5	45976485	50347708	1	1	0
fdbd4ab9-437d-48b6-a242-16e5e224fd17	chr5	50349021	58784841	2	1	1
fdbd4ab9-437d-48b6-a242-16e5e224fd17	chr5	58785854	60536423	3	2	1
fdbd4ab9-437d-48b6-a242-16e5e224fd17	chr5	60537727	181363900	2	1	1
fdbd4ab9-437d-48b6-a242-16e5e224fd17	chr6	100116	11094448	2	1	1
fdbd4ab9-437d-48b6-a242-16e5e224fd17	chr6	11095643	12501498	3	2	1
fdbd4ab9-437d-48b6-a242-16e5e224fd17	chr6	12504501	68359816	2	1	1
fdbd4ab9-437d-48b6-a242-16e5e224fd17	chr6	68363174	72211193	1	1	0
fdbd4ab9-437d-48b6-a242-16e5e224fd17	chr6	72212847	72423912	2	1	1
fdbd4ab9-437d-48b6-a242-16e5e224fd17	chr6	72425386	170740469	1	1	0
fdbd4ab9-437d-48b6-a242-16e5e224fd17	chr7	20608	1169828	2	1	1
fdbd4ab9-437d-48b6-a242-16e5e224fd17	chr7	1170918	1387319	1	1	0
fdbd4ab9-437d-48b6-a242-16e5e224fd17	chr7	1388344	56101726	2	1	1
fdbd4ab9-437d-48b6-a242-16e5e224fd17	chr7	56103796	64162908	1	1	0
fdbd4ab9-437d-48b6-a242-16e5e224fd17	chr7	64164351	102484343	2	1	1
fdbd4ab9-437d-48b6-a242-16e5e224fd17	chr7	102489612	102711400	1	1	0
fdbd4ab9-437d-48b6-a242-16e5e224fd17	chr7	102712426	142364443	2	1	1
fdbd4ab9-437d-48b6-a242-16e5e224fd17	chr7	142368213	142840269	3	2	1
fdbd4ab9-437d-48b6-a242-16e5e224fd17	chr7	142841618	159334386	2	1	1
fdbd4ab9-437d-48b6-a242-16e5e224fd17	chr8	61774	31226878	2	1	1
fdbd4ab9-437d-48b6-a242-16e5e224fd17	chr8	31228570	31313119	1	1	0
fdbd4ab9-437d-48b6-a242-16e5e224fd17	chr8	31314780	145078402	2	1	1
fdbd4ab9-437d-48b6-a242-16e5e224fd17	chr9	10469	143498	3	2	1
fdbd4ab9-437d-48b6-a242-16e5e224fd17	chr9	145413	94882260	2	1	1
fdbd4ab9-437d-48b6-a242-16e5e224fd17	chr9	94883308	95173987	3	2	1
fdbd4ab9-437d-48b6-a242-16e5e224fd17	chr9	95178525	138256233	2	1	1
fdbd4ab9-437d-48b6-a242-16e5e224fd17	chr10	15029	29864605	1	1	0
fdbd4ab9-437d-48b6-a242-16e5e224fd17	chr10	29867110	31161044	2	1	1
fdbd4ab9-437d-48b6-a242-16e5e224fd17	chr10	31162577	32865958	1	1	0
fdbd4ab9-437d-48b6-a242-16e5e224fd17	chr10	32867212	87547174	2	1	1
fdbd4ab9-437d-48b6-a242-16e5e224fd17	chr10	87548265	89706043	3	2	1
fdbd4ab9-437d-48b6-a242-16e5e224fd17	chr10	89708108	133787009	2	1	1
fdbd4ab9-437d-48b6-a242-16e5e224fd17	chr11	87268	4211663	2	1	1
fdbd4ab9-437d-48b6-a242-16e5e224fd17	chr11	4213294	4359446	1	1	0
fdbd4ab9-437d-48b6-a242-16e5e224fd17	chr11	4362327	48828276	2	1	1
fdbd4ab9-437d-48b6-a242-16e5e224fd17	chr11	48830378	48944527	1	1	0
fdbd4ab9-437d-48b6-a242-16e5e224fd17	chr11	48945780	65332422	2	1	1
fdbd4ab9-437d-48b6-a242-16e5e224fd17	chr11	65336906	65632057	3	2	1
fdbd4ab9-437d-48b6-a242-16e5e224fd17	chr11	65633417	85637737	2	1	1
fdbd4ab9-437d-48b6-a242-16e5e224fd17	chr11	85638986	85786995	3	2	1
fdbd4ab9-437d-48b6-a242-16e5e224fd17	chr11	85788247	135076424	2	1	1
fdbd4ab9-437d-48b6-a242-16e5e224fd17	chr12	11065	34421429	2	1	1
fdbd4ab9-437d-48b6-a242-16e5e224fd17	chr12	34423131	38045401	1	1	0
fdbd4ab9-437d-48b6-a242-16e5e224fd17	chr12	38046492	133264676	2	1	1
fdbd4ab9-437d-48b6-a242-16e5e224fd17	chr13	18445955	18564786	1	1	0
fdbd4ab9-437d-48b6-a242-16e5e224fd17	chr13	18567612	114343123	2	1	1
fdbd4ab9-437d-48b6-a242-16e5e224fd17	chr14	18223583	21835377	1	1	0
fdbd4ab9-437d-48b6-a242-16e5e224fd17	chr14	21836914	22529966	2	2	0
fdbd4ab9-437d-48b6-a242-16e5e224fd17	chr14	22531112	33110680	1	1	0
fdbd4ab9-437d-48b6-a242-16e5e224fd17	chr14	33111781	36205321	2	1	1
fdbd4ab9-437d-48b6-a242-16e5e224fd17	chr14	36206651	36541101	3	2	1
fdbd4ab9-437d-48b6-a242-16e5e224fd17	chr14	36542162	67121161	2	1	1
fdbd4ab9-437d-48b6-a242-16e5e224fd17	chr14	67123075	67874987	3	2	1
fdbd4ab9-437d-48b6-a242-16e5e224fd17	chr14	67876646	73378751	2	1	1
fdbd4ab9-437d-48b6-a242-16e5e224fd17	chr14	73381020	80259953	1	1	0
fdbd4ab9-437d-48b6-a242-16e5e224fd17	chr14	80262796	106673171	2	1	1
fdbd4ab9-437d-48b6-a242-16e5e224fd17	chr14	106674955	106880670	3	2	1
fdbd4ab9-437d-48b6-a242-16e5e224fd17	chr15	19795285	20060204	2	1	1
fdbd4ab9-437d-48b6-a242-16e5e224fd17	chr15	20070503	22637084	1	1	0
fdbd4ab9-437d-48b6-a242-16e5e224fd17	chr15	22638359	92769314	2	1	1
fdbd4ab9-437d-48b6-a242-16e5e224fd17	chr15	92770341	93077937	3	2	1
fdbd4ab9-437d-48b6-a242-16e5e224fd17	chr15	93079228	101864141	2	1	1
fdbd4ab9-437d-48b6-a242-16e5e224fd17	chr15	101866323	101980591	3	2	1
fdbd4ab9-437d-48b6-a242-16e5e224fd17	chr16	10291	14804609	2	1	1
fdbd4ab9-437d-48b6-a242-16e5e224fd17	chr16	14805857	15036737	1	1	0
fdbd4ab9-437d-48b6-a242-16e5e224fd17	chr16	15037785	90226358	2	1	1
fdbd4ab9-437d-48b6-a242-16e5e224fd17	chr17	151035	3107907	2	1	1
fdbd4ab9-437d-48b6-a242-16e5e224fd17	chr17	3109847	3563978	1	1	0
fdbd4ab9-437d-48b6-a242-16e5e224fd17	chr17	3565158	83237603	2	1	1
fdbd4ab9-437d-48b6-a242-16e5e224fd17	chr18	16444	80259190	2	1	1
fdbd4ab9-437d-48b6-a242-16e5e224fd17	chr19	157892	11777001	2	2	0
fdbd4ab9-437d-48b6-a242-16e5e224fd17	chr19	11778074	12690901	1	1	0
fdbd4ab9-437d-48b6-a242-16e5e224fd17	chr19	12692100	19359098	2	2	0
fdbd4ab9-437d-48b6-a242-16e5e224fd17	chr19	19360101	52297694	2	1	1
fdbd4ab9-437d-48b6-a242-16e5e224fd17	chr19	52298861	54068444	1	1	0
fdbd4ab9-437d-48b6-a242-16e5e224fd17	chr19	54069744	58607412	2	1	1
fdbd4ab9-437d-48b6-a242-16e5e224fd17	chr20	80457	64331516	2	1	1
fdbd4ab9-437d-48b6-a242-16e5e224fd17	chr21	7762688	8986851	1	1	0
fdbd4ab9-437d-48b6-a242-16e5e224fd17	chr21	8988870	46699722	2	1	1
fdbd4ab9-437d-48b6-a242-16e5e224fd17	chr22	15284540	50802392	2	1	1
fdbd4ab9-437d-48b6-a242-16e5e224fd17	chrX	2781514	155699751	1	1	0
fdbd4ab9-437d-48b6-a242-16e5e224fd17	chrY	2789135	26622951	1	1	0
