GDC_Aliquot	Chromosome	Start	End	Copy_Number	Major_Copy_Number	Minor_Copy_Number
5103622c-9c32-41e6-b97a-08fb56e1d51e	chr1	13116	5813048	1	1	0
5103622c-9c32-41e6-b97a-08fb56e1d51e	chr1	5815158	5885142	0	0	0
5103622c-9c32-41e6-b97a-08fb56e1d51e	chr1	5886379	24308680	1	1	0
5103622c-9c32-41e6-b97a-08fb56e1d51e	chr1	24309710	58503461	2	1	1
5103622c-9c32-41e6-b97a-08fb56e1d51e	chr1	58504691	59097113	3	2	1
5103622c-9c32-41e6-b97a-08fb56e1d51e	chr1	59098701	71567930	2	1	1
5103622c-9c32-41e6-b97a-08fb56e1d51e	chr1	71569013	74808022	1	1	0
5103622c-9c32-41e6-b97a-08fb56e1d51e	chr1	74809588	112560318	2	1	1
5103622c-9c32-41e6-b97a-08fb56e1d51e	chr1	112562265	121742438	1	1	0
5103622c-9c32-41e6-b97a-08fb56e1d51e	chr1	143417573	205401664	3	2	1
5103622c-9c32-41e6-b97a-08fb56e1d51e	chr1	205402929	205412000	1	1	0
5103622c-9c32-41e6-b97a-08fb56e1d51e	chr1	205413004	209865859	3	2	1
5103622c-9c32-41e6-b97a-08fb56e1d51e	chr1	209866988	211245418	2	1	1
5103622c-9c32-41e6-b97a-08fb56e1d51e	chr1	211246977	236110394	3	2	1
5103622c-9c32-41e6-b97a-08fb56e1d51e	chr1	236111505	248945703	2	1	1
5103622c-9c32-41e6-b97a-08fb56e1d51e	chr2	10587	62585398	3	2	1
5103622c-9c32-41e6-b97a-08fb56e1d51e	chr2	62586570	62663087	1	1	0
5103622c-9c32-41e6-b97a-08fb56e1d51e	chr2	62664124	87140535	2	1	1
5103622c-9c32-41e6-b97a-08fb56e1d51e	chr2	87143712	87972526	3	2	1
5103622c-9c32-41e6-b97a-08fb56e1d51e	chr2	87973657	97152611	2	1	1
5103622c-9c32-41e6-b97a-08fb56e1d51e	chr2	97155015	97550783	2	2	0
5103622c-9c32-41e6-b97a-08fb56e1d51e	chr2	97552110	108575821	2	1	1
5103622c-9c32-41e6-b97a-08fb56e1d51e	chr2	108577051	108695230	3	2	1
5103622c-9c32-41e6-b97a-08fb56e1d51e	chr2	108696272	127291017	2	1	1
5103622c-9c32-41e6-b97a-08fb56e1d51e	chr2	127292055	127531274	3	2	1
5103622c-9c32-41e6-b97a-08fb56e1d51e	chr2	127532280	242183243	2	1	1
5103622c-9c32-41e6-b97a-08fb56e1d51e	chr3	18519	30595781	3	2	1
5103622c-9c32-41e6-b97a-08fb56e1d51e	chr3	30597148	30724162	4	2	2
5103622c-9c32-41e6-b97a-08fb56e1d51e	chr3	30725397	51235599	3	2	1
5103622c-9c32-41e6-b97a-08fb56e1d51e	chr3	51237290	51311103	2	1	1
5103622c-9c32-41e6-b97a-08fb56e1d51e	chr3	51312456	79171566	3	2	1
5103622c-9c32-41e6-b97a-08fb56e1d51e	chr3	79172761	94840602	2	1	1
5103622c-9c32-41e6-b97a-08fb56e1d51e	chr3	94842202	94855787	0	0	0
5103622c-9c32-41e6-b97a-08fb56e1d51e	chr3	94857356	126216280	2	1	1
5103622c-9c32-41e6-b97a-08fb56e1d51e	chr3	126217337	126227811	0	0	0
5103622c-9c32-41e6-b97a-08fb56e1d51e	chr3	126228926	152174575	2	1	1
5103622c-9c32-41e6-b97a-08fb56e1d51e	chr3	152175950	152534189	3	2	1
5103622c-9c32-41e6-b97a-08fb56e1d51e	chr3	152535897	156569015	2	1	1
5103622c-9c32-41e6-b97a-08fb56e1d51e	chr3	156570129	157514245	3	2	1
5103622c-9c32-41e6-b97a-08fb56e1d51e	chr3	157515408	185268955	2	1	1
5103622c-9c32-41e6-b97a-08fb56e1d51e	chr3	185271645	185347845	3	2	1
5103622c-9c32-41e6-b97a-08fb56e1d51e	chr3	185349318	187713735	2	1	1
5103622c-9c32-41e6-b97a-08fb56e1d51e	chr3	187715207	187963079	3	2	1
5103622c-9c32-41e6-b97a-08fb56e1d51e	chr3	187964321	195649024	2	1	1
5103622c-9c32-41e6-b97a-08fb56e1d51e	chr3	195651632	195754775	2	2	0
5103622c-9c32-41e6-b97a-08fb56e1d51e	chr3	195758354	198181744	2	1	1
5103622c-9c32-41e6-b97a-08fb56e1d51e	chr4	11961	49089765	2	1	1
5103622c-9c32-41e6-b97a-08fb56e1d51e	chr4	49091180	49155372	0	0	0
5103622c-9c32-41e6-b97a-08fb56e1d51e	chr4	49156571	49618982	1	1	0
5103622c-9c32-41e6-b97a-08fb56e1d51e	chr4	49620457	49653789	0	0	0
5103622c-9c32-41e6-b97a-08fb56e1d51e	chr4	49654937	119405488	2	1	1
5103622c-9c32-41e6-b97a-08fb56e1d51e	chr4	119406495	119437120	2	2	0
5103622c-9c32-41e6-b97a-08fb56e1d51e	chr4	119438185	145512364	2	1	1
5103622c-9c32-41e6-b97a-08fb56e1d51e	chr4	145513528	168864604	3	2	1
5103622c-9c32-41e6-b97a-08fb56e1d51e	chr4	168866997	190122722	2	1	1
5103622c-9c32-41e6-b97a-08fb56e1d51e	chr5	11882	2998528	4	2	2
5103622c-9c32-41e6-b97a-08fb56e1d51e	chr5	2999546	4035819	3	2	1
5103622c-9c32-41e6-b97a-08fb56e1d51e	chr5	4037806	17019012	4	2	2
5103622c-9c32-41e6-b97a-08fb56e1d51e	chr5	17020506	17049948	3	2	1
5103622c-9c32-41e6-b97a-08fb56e1d51e	chr5	17051380	46405309	4	2	2
5103622c-9c32-41e6-b97a-08fb56e1d51e	chr5	50109922	52781075	2	2	0
5103622c-9c32-41e6-b97a-08fb56e1d51e	chr5	52782939	53124268	3	3	0
5103622c-9c32-41e6-b97a-08fb56e1d51e	chr5	53125430	54509329	2	2	0
5103622c-9c32-41e6-b97a-08fb56e1d51e	chr5	54510864	68185959	3	3	0
5103622c-9c32-41e6-b97a-08fb56e1d51e	chr5	68187000	68403114	4	4	0
5103622c-9c32-41e6-b97a-08fb56e1d51e	chr5	68405613	172681581	3	3	0
5103622c-9c32-41e6-b97a-08fb56e1d51e	chr5	172682669	173055566	4	4	0
5103622c-9c32-41e6-b97a-08fb56e1d51e	chr5	173057038	181363900	3	3	0
5103622c-9c32-41e6-b97a-08fb56e1d51e	chr6	100116	259489	3	2	1
5103622c-9c32-41e6-b97a-08fb56e1d51e	chr6	261093	378703	2	2	0
5103622c-9c32-41e6-b97a-08fb56e1d51e	chr6	379834	11080592	2	1	1
5103622c-9c32-41e6-b97a-08fb56e1d51e	chr6	11082089	11665074	3	2	1
5103622c-9c32-41e6-b97a-08fb56e1d51e	chr6	11666203	58055918	2	1	1
5103622c-9c32-41e6-b97a-08fb56e1d51e	chr6	58057162	58064281	5	3	2
5103622c-9c32-41e6-b97a-08fb56e1d51e	chr6	58065570	170493087	2	1	1
5103622c-9c32-41e6-b97a-08fb56e1d51e	chr6	170494093	170740469	3	2	1
5103622c-9c32-41e6-b97a-08fb56e1d51e	chr7	20608	774230	5	4	1
5103622c-9c32-41e6-b97a-08fb56e1d51e	chr7	775513	1196902	6	5	1
5103622c-9c32-41e6-b97a-08fb56e1d51e	chr7	1198780	2698594	5	4	1
5103622c-9c32-41e6-b97a-08fb56e1d51e	chr7	2699752	2873294	6	5	1
5103622c-9c32-41e6-b97a-08fb56e1d51e	chr7	2874446	25823113	5	4	1
5103622c-9c32-41e6-b97a-08fb56e1d51e	chr7	25824413	38158938	6	4	2
5103622c-9c32-41e6-b97a-08fb56e1d51e	chr7	38160078	38507248	7	5	2
5103622c-9c32-41e6-b97a-08fb56e1d51e	chr7	38508314	45055248	6	4	2
5103622c-9c32-41e6-b97a-08fb56e1d51e	chr7	45056837	56436342	5	4	1
5103622c-9c32-41e6-b97a-08fb56e1d51e	chr7	56438219	62341973	4	3	1
5103622c-9c32-41e6-b97a-08fb56e1d51e	chr7	62342984	62372386	2	1	1
5103622c-9c32-41e6-b97a-08fb56e1d51e	chr7	62373613	62446930	3	3	0
5103622c-9c32-41e6-b97a-08fb56e1d51e	chr7	62448902	63671643	1	1	0
5103622c-9c32-41e6-b97a-08fb56e1d51e	chr7	63672732	64558730	3	2	1
5103622c-9c32-41e6-b97a-08fb56e1d51e	chr7	64560274	65502291	2	1	1
5103622c-9c32-41e6-b97a-08fb56e1d51e	chr7	65503565	67380252	3	2	1
5103622c-9c32-41e6-b97a-08fb56e1d51e	chr7	67381343	72264539	1	1	0
5103622c-9c32-41e6-b97a-08fb56e1d51e	chr7	72265590	73314130	3	2	1
5103622c-9c32-41e6-b97a-08fb56e1d51e	chr7	73316042	125003005	2	1	1
5103622c-9c32-41e6-b97a-08fb56e1d51e	chr7	125004496	140012547	3	2	1
5103622c-9c32-41e6-b97a-08fb56e1d51e	chr7	140014807	140066628	4	3	1
5103622c-9c32-41e6-b97a-08fb56e1d51e	chr7	140067774	159334386	3	2	1
5103622c-9c32-41e6-b97a-08fb56e1d51e	chr8	61774	7910896	2	2	0
5103622c-9c32-41e6-b97a-08fb56e1d51e	chr8	7912748	7972775	0	0	0
5103622c-9c32-41e6-b97a-08fb56e1d51e	chr8	7974027	12139120	2	2	0
5103622c-9c32-41e6-b97a-08fb56e1d51e	chr8	12140170	12593723	1	1	0
5103622c-9c32-41e6-b97a-08fb56e1d51e	chr8	12595066	39376785	2	2	0
5103622c-9c32-41e6-b97a-08fb56e1d51e	chr8	39380149	39525481	0	0	0
5103622c-9c32-41e6-b97a-08fb56e1d51e	chr8	39526650	43845320	2	2	0
5103622c-9c32-41e6-b97a-08fb56e1d51e	chr8	43848356	45935358	4	2	2
5103622c-9c32-41e6-b97a-08fb56e1d51e	chr8	45936367	46861037	3	2	1
5103622c-9c32-41e6-b97a-08fb56e1d51e	chr8	46862444	145078402	4	2	2
5103622c-9c32-41e6-b97a-08fb56e1d51e	chr9	10469	38728354	2	1	1
5103622c-9c32-41e6-b97a-08fb56e1d51e	chr9	38729408	43070419	1	1	0
5103622c-9c32-41e6-b97a-08fb56e1d51e	chr9	60839871	64848250	2	2	0
5103622c-9c32-41e6-b97a-08fb56e1d51e	chr9	64849420	131618392	2	1	1
5103622c-9c32-41e6-b97a-08fb56e1d51e	chr9	131619620	131776761	3	2	1
5103622c-9c32-41e6-b97a-08fb56e1d51e	chr9	131778919	138130118	2	1	1
5103622c-9c32-41e6-b97a-08fb56e1d51e	chr9	138131300	138256233	3	2	1
5103622c-9c32-41e6-b97a-08fb56e1d51e	chr10	15029	38778129	3	2	1
5103622c-9c32-41e6-b97a-08fb56e1d51e	chr10	38779424	42331956	1	1	0
5103622c-9c32-41e6-b97a-08fb56e1d51e	chr10	42333145	46640103	2	1	1
5103622c-9c32-41e6-b97a-08fb56e1d51e	chr10	46641481	47082673	2	2	0
5103622c-9c32-41e6-b97a-08fb56e1d51e	chr10	47084420	94718851	2	1	1
5103622c-9c32-41e6-b97a-08fb56e1d51e	chr10	94721133	95159601	1	1	0
5103622c-9c32-41e6-b97a-08fb56e1d51e	chr10	95162407	119253151	2	1	1
5103622c-9c32-41e6-b97a-08fb56e1d51e	chr10	119254295	133787009	1	1	0
5103622c-9c32-41e6-b97a-08fb56e1d51e	chr11	87268	946577	3	2	1
5103622c-9c32-41e6-b97a-08fb56e1d51e	chr11	947585	1005108	2	1	1
5103622c-9c32-41e6-b97a-08fb56e1d51e	chr11	1007831	11262565	3	2	1
5103622c-9c32-41e6-b97a-08fb56e1d51e	chr11	11264045	34301871	2	1	1
5103622c-9c32-41e6-b97a-08fb56e1d51e	chr11	34303241	35378178	3	2	1
5103622c-9c32-41e6-b97a-08fb56e1d51e	chr11	35380531	49920605	2	1	1
5103622c-9c32-41e6-b97a-08fb56e1d51e	chr11	49922314	55434566	1	1	0
5103622c-9c32-41e6-b97a-08fb56e1d51e	chr11	55436253	67067901	2	1	1
5103622c-9c32-41e6-b97a-08fb56e1d51e	chr11	67070164	70451647	3	2	1
5103622c-9c32-41e6-b97a-08fb56e1d51e	chr11	70453361	93652772	2	2	0
5103622c-9c32-41e6-b97a-08fb56e1d51e	chr11	93654127	93749237	3	3	0
5103622c-9c32-41e6-b97a-08fb56e1d51e	chr11	93750938	135076424	2	2	0
5103622c-9c32-41e6-b97a-08fb56e1d51e	chr12	11065	37604205	1	1	0
5103622c-9c32-41e6-b97a-08fb56e1d51e	chr12	37605240	113177019	2	1	1
5103622c-9c32-41e6-b97a-08fb56e1d51e	chr12	113178066	113485731	3	2	1
5103622c-9c32-41e6-b97a-08fb56e1d51e	chr12	113487890	133264676	2	1	1
5103622c-9c32-41e6-b97a-08fb56e1d51e	chr13	18445955	18537481	2	2	0
5103622c-9c32-41e6-b97a-08fb56e1d51e	chr13	18540903	47734550	2	1	1
5103622c-9c32-41e6-b97a-08fb56e1d51e	chr13	47735610	47790250	1	1	0
5103622c-9c32-41e6-b97a-08fb56e1d51e	chr13	47791344	49427228	2	1	1
5103622c-9c32-41e6-b97a-08fb56e1d51e	chr13	49428308	57538065	3	2	1
5103622c-9c32-41e6-b97a-08fb56e1d51e	chr13	57540288	61441163	2	1	1
5103622c-9c32-41e6-b97a-08fb56e1d51e	chr13	61442169	114343123	1	1	0
5103622c-9c32-41e6-b97a-08fb56e1d51e	chr14	18223583	18392968	2	2	0
5103622c-9c32-41e6-b97a-08fb56e1d51e	chr14	18395334	19132135	3	2	1
5103622c-9c32-41e6-b97a-08fb56e1d51e	chr14	19139962	19976282	2	2	0
5103622c-9c32-41e6-b97a-08fb56e1d51e	chr14	19977362	22622793	3	2	1
5103622c-9c32-41e6-b97a-08fb56e1d51e	chr14	22623962	24100209	2	1	1
5103622c-9c32-41e6-b97a-08fb56e1d51e	chr14	24103286	24467298	3	2	1
5103622c-9c32-41e6-b97a-08fb56e1d51e	chr14	24468351	55090566	2	1	1
5103622c-9c32-41e6-b97a-08fb56e1d51e	chr14	55092111	55140049	4	3	1
5103622c-9c32-41e6-b97a-08fb56e1d51e	chr14	55141298	68851345	2	1	1
5103622c-9c32-41e6-b97a-08fb56e1d51e	chr14	68852708	106880670	1	1	0
5103622c-9c32-41e6-b97a-08fb56e1d51e	chr15	19795285	20033427	2	1	1
5103622c-9c32-41e6-b97a-08fb56e1d51e	chr15	20039277	20265486	1	1	0
5103622c-9c32-41e6-b97a-08fb56e1d51e	chr15	20266724	22255439	2	2	0
5103622c-9c32-41e6-b97a-08fb56e1d51e	chr15	22256696	24322427	2	1	1
5103622c-9c32-41e6-b97a-08fb56e1d51e	chr15	24323552	24597593	1	1	0
5103622c-9c32-41e6-b97a-08fb56e1d51e	chr15	24598900	30151557	2	1	1
5103622c-9c32-41e6-b97a-08fb56e1d51e	chr15	30154246	30615804	2	2	0
5103622c-9c32-41e6-b97a-08fb56e1d51e	chr15	30616845	33401476	2	1	1
5103622c-9c32-41e6-b97a-08fb56e1d51e	chr15	33402735	35174895	3	2	1
5103622c-9c32-41e6-b97a-08fb56e1d51e	chr15	35175980	36824275	5	4	1
5103622c-9c32-41e6-b97a-08fb56e1d51e	chr15	36826307	42423746	1	1	0
5103622c-9c32-41e6-b97a-08fb56e1d51e	chr15	42425524	85345569	2	1	1
5103622c-9c32-41e6-b97a-08fb56e1d51e	chr15	85346764	85732565	3	2	1
5103622c-9c32-41e6-b97a-08fb56e1d51e	chr15	85733903	101980591	2	1	1
5103622c-9c32-41e6-b97a-08fb56e1d51e	chr16	10291	816886	3	2	1
5103622c-9c32-41e6-b97a-08fb56e1d51e	chr16	817937	2141733	2	1	1
5103622c-9c32-41e6-b97a-08fb56e1d51e	chr16	2143385	3167613	3	2	1
5103622c-9c32-41e6-b97a-08fb56e1d51e	chr16	3169599	6518791	2	1	1
5103622c-9c32-41e6-b97a-08fb56e1d51e	chr16	6520049	8794101	3	2	1
5103622c-9c32-41e6-b97a-08fb56e1d51e	chr16	8795131	9173329	4	2	2
5103622c-9c32-41e6-b97a-08fb56e1d51e	chr16	9174550	10661620	3	2	1
5103622c-9c32-41e6-b97a-08fb56e1d51e	chr16	10662936	10994788	4	2	2
5103622c-9c32-41e6-b97a-08fb56e1d51e	chr16	10996230	16205898	3	2	1
5103622c-9c32-41e6-b97a-08fb56e1d51e	chr16	16207673	16475319	3	3	0
5103622c-9c32-41e6-b97a-08fb56e1d51e	chr16	16477583	16566812	5	4	1
5103622c-9c32-41e6-b97a-08fb56e1d51e	chr16	16568380	32844458	3	2	1
5103622c-9c32-41e6-b97a-08fb56e1d51e	chr16	32845660	35230140	1	1	0
5103622c-9c32-41e6-b97a-08fb56e1d51e	chr16	35231447	35558627	2	2	0
5103622c-9c32-41e6-b97a-08fb56e1d51e	chr16	35562160	36045725	2	1	1
5103622c-9c32-41e6-b97a-08fb56e1d51e	chr16	46380940	46416884	1	1	0
5103622c-9c32-41e6-b97a-08fb56e1d51e	chr16	46418341	48395177	3	2	1
5103622c-9c32-41e6-b97a-08fb56e1d51e	chr16	48398109	55806531	2	1	1
5103622c-9c32-41e6-b97a-08fb56e1d51e	chr16	55808492	55834169	1	1	0
5103622c-9c32-41e6-b97a-08fb56e1d51e	chr16	55835214	57700824	2	1	1
5103622c-9c32-41e6-b97a-08fb56e1d51e	chr16	57701988	57740029	3	2	1
5103622c-9c32-41e6-b97a-08fb56e1d51e	chr16	57741390	63433304	2	1	1
5103622c-9c32-41e6-b97a-08fb56e1d51e	chr16	63434746	70450151	1	1	0
5103622c-9c32-41e6-b97a-08fb56e1d51e	chr16	70453731	78711693	2	2	0
5103622c-9c32-41e6-b97a-08fb56e1d51e	chr16	78712921	90226358	1	1	0
5103622c-9c32-41e6-b97a-08fb56e1d51e	chr17	151035	5277243	1	1	0
5103622c-9c32-41e6-b97a-08fb56e1d51e	chr17	5278766	6971495	2	1	1
5103622c-9c32-41e6-b97a-08fb56e1d51e	chr17	6972546	8442969	3	2	1
5103622c-9c32-41e6-b97a-08fb56e1d51e	chr17	8445185	15548994	2	1	1
5103622c-9c32-41e6-b97a-08fb56e1d51e	chr17	15550774	15609751	3	2	1
5103622c-9c32-41e6-b97a-08fb56e1d51e	chr17	15611081	22289901	2	1	1
5103622c-9c32-41e6-b97a-08fb56e1d51e	chr17	22291257	27203982	1	1	0
5103622c-9c32-41e6-b97a-08fb56e1d51e	chr17	27206795	37141705	2	1	1
5103622c-9c32-41e6-b97a-08fb56e1d51e	chr17	37142873	46967985	3	2	1
5103622c-9c32-41e6-b97a-08fb56e1d51e	chr17	46969499	51295157	4	2	2
5103622c-9c32-41e6-b97a-08fb56e1d51e	chr17	51297966	75098889	3	2	1
5103622c-9c32-41e6-b97a-08fb56e1d51e	chr17	75100856	77159096	4	2	2
5103622c-9c32-41e6-b97a-08fb56e1d51e	chr17	77160323	83237603	3	2	1
5103622c-9c32-41e6-b97a-08fb56e1d51e	chr18	16444	22507760	2	1	1
5103622c-9c32-41e6-b97a-08fb56e1d51e	chr18	22509260	22523791	1	1	0
5103622c-9c32-41e6-b97a-08fb56e1d51e	chr18	22525019	66554169	2	1	1
5103622c-9c32-41e6-b97a-08fb56e1d51e	chr18	66556435	66592937	4	2	2
5103622c-9c32-41e6-b97a-08fb56e1d51e	chr18	66594534	80089964	2	1	1
5103622c-9c32-41e6-b97a-08fb56e1d51e	chr18	80091038	80259190	3	2	1
5103622c-9c32-41e6-b97a-08fb56e1d51e	chr19	157892	1925390	4	3	1
5103622c-9c32-41e6-b97a-08fb56e1d51e	chr19	1926484	5577197	3	2	1
5103622c-9c32-41e6-b97a-08fb56e1d51e	chr19	5579292	5968677	4	3	1
5103622c-9c32-41e6-b97a-08fb56e1d51e	chr19	5970811	10460076	3	2	1
5103622c-9c32-41e6-b97a-08fb56e1d51e	chr19	10463140	13729756	2	1	1
5103622c-9c32-41e6-b97a-08fb56e1d51e	chr19	13731020	14209733	3	2	1
5103622c-9c32-41e6-b97a-08fb56e1d51e	chr19	14211572	14437170	2	1	1
5103622c-9c32-41e6-b97a-08fb56e1d51e	chr19	14439394	14588648	3	2	1
5103622c-9c32-41e6-b97a-08fb56e1d51e	chr19	14590281	17765950	2	1	1
5103622c-9c32-41e6-b97a-08fb56e1d51e	chr19	17767197	18600742	3	2	1
5103622c-9c32-41e6-b97a-08fb56e1d51e	chr19	18602674	54895021	2	1	1
5103622c-9c32-41e6-b97a-08fb56e1d51e	chr19	54896262	54997108	1	1	0
5103622c-9c32-41e6-b97a-08fb56e1d51e	chr19	54998175	56071448	2	1	1
5103622c-9c32-41e6-b97a-08fb56e1d51e	chr19	56072511	58607412	1	1	0
5103622c-9c32-41e6-b97a-08fb56e1d51e	chr20	80457	30412995	2	1	1
5103622c-9c32-41e6-b97a-08fb56e1d51e	chr20	30414014	31259815	1	1	0
5103622c-9c32-41e6-b97a-08fb56e1d51e	chr20	31261457	31509591	2	1	1
5103622c-9c32-41e6-b97a-08fb56e1d51e	chr20	31510796	31820632	3	2	1
5103622c-9c32-41e6-b97a-08fb56e1d51e	chr20	31821649	64331516	2	1	1
5103622c-9c32-41e6-b97a-08fb56e1d51e	chr21	7762688	13224975	2	2	0
5103622c-9c32-41e6-b97a-08fb56e1d51e	chr21	13226318	13870243	2	1	1
5103622c-9c32-41e6-b97a-08fb56e1d51e	chr21	13871262	13893715	2	2	0
5103622c-9c32-41e6-b97a-08fb56e1d51e	chr21	13894934	16643794	3	2	1
5103622c-9c32-41e6-b97a-08fb56e1d51e	chr21	16645447	41352030	2	1	1
5103622c-9c32-41e6-b97a-08fb56e1d51e	chr21	41353453	44401646	3	2	1
5103622c-9c32-41e6-b97a-08fb56e1d51e	chr21	44402723	44422724	1	1	0
5103622c-9c32-41e6-b97a-08fb56e1d51e	chr21	44424128	46699722	3	2	1
5103622c-9c32-41e6-b97a-08fb56e1d51e	chr22	15284540	20636775	2	1	1
5103622c-9c32-41e6-b97a-08fb56e1d51e	chr22	20639041	23748950	3	2	1
5103622c-9c32-41e6-b97a-08fb56e1d51e	chr22	23750410	24031377	4	2	2
5103622c-9c32-41e6-b97a-08fb56e1d51e	chr22	24032793	37684582	3	2	1
5103622c-9c32-41e6-b97a-08fb56e1d51e	chr22	37685740	50802392	2	2	0
5103622c-9c32-41e6-b97a-08fb56e1d51e	chrX	2781514	44224449	1	1	0
5103622c-9c32-41e6-b97a-08fb56e1d51e	chrX	44225449	113463211	2	1	1
5103622c-9c32-41e6-b97a-08fb56e1d51e	chrX	113465241	155699751	3	2	1
