GDC_Aliquot	Chromosome	Start	End	Num_Probes	Segment_Mean
022c4818-b408-4312-a251-57b3cc8e95d2	1	62920	15822793	8335	-0.0056
022c4818-b408-4312-a251-57b3cc8e95d2	1	15822848	15827430	8	-0.6908
022c4818-b408-4312-a251-57b3cc8e95d2	1	15827706	16718963	338	0.002
022c4818-b408-4312-a251-57b3cc8e95d2	1	16719082	16935752	74	0.4824
022c4818-b408-4312-a251-57b3cc8e95d2	1	16949746	25256850	5248	-0.0037
022c4818-b408-4312-a251-57b3cc8e95d2	1	25266637	25320253	23	0.5689
022c4818-b408-4312-a251-57b3cc8e95d2	1	25320455	72284670	28653	0.0003
022c4818-b408-4312-a251-57b3cc8e95d2	1	72290430	72297687	9	-1.0284
022c4818-b408-4312-a251-57b3cc8e95d2	1	72302735	108187137	22862	0.0015
022c4818-b408-4312-a251-57b3cc8e95d2	1	108191613	108194874	3	-3.0217
022c4818-b408-4312-a251-57b3cc8e95d2	1	108196482	108223733	17	-0.0327
022c4818-b408-4312-a251-57b3cc8e95d2	1	108226680	108274557	2	-2.8753
022c4818-b408-4312-a251-57b3cc8e95d2	1	108310648	114289343	3980	0.0074
022c4818-b408-4312-a251-57b3cc8e95d2	1	114291004	114291088	2	-1.6066
022c4818-b408-4312-a251-57b3cc8e95d2	1	114291180	121426988	3751	-0.0025
022c4818-b408-4312-a251-57b3cc8e95d2	1	121430469	121601998	74	0.5865
022c4818-b408-4312-a251-57b3cc8e95d2	1	121705338	152583051	2437	-0.0009
022c4818-b408-4312-a251-57b3cc8e95d2	1	152583230	152613762	31	2.7182
022c4818-b408-4312-a251-57b3cc8e95d2	1	152613802	152618018	5	1.0195
022c4818-b408-4312-a251-57b3cc8e95d2	1	152618089	179354603	18028	0.0031
022c4818-b408-4312-a251-57b3cc8e95d2	1	179361393	179364180	4	-1.1918
022c4818-b408-4312-a251-57b3cc8e95d2	1	179370071	196745743	11521	0
022c4818-b408-4312-a251-57b3cc8e95d2	1	196758720	196832525	57	0.2791
022c4818-b408-4312-a251-57b3cc8e95d2	1	196832720	219226452	15245	0.0016
022c4818-b408-4312-a251-57b3cc8e95d2	1	219229085	219229423	3	-1.1791
022c4818-b408-4312-a251-57b3cc8e95d2	1	219231724	220777663	1039	-0.0059
022c4818-b408-4312-a251-57b3cc8e95d2	1	220777793	220779968	2	-1.489
022c4818-b408-4312-a251-57b3cc8e95d2	1	220780435	243690894	16056	0.0036
022c4818-b408-4312-a251-57b3cc8e95d2	1	243697622	243697759	5	-1.0915
022c4818-b408-4312-a251-57b3cc8e95d2	1	243699806	248930189	3349	0.0012
022c4818-b408-4312-a251-57b3cc8e95d2	2	12784	14563570	11015	-0.0064
022c4818-b408-4312-a251-57b3cc8e95d2	2	14564825	14569968	12	-0.8937
022c4818-b408-4312-a251-57b3cc8e95d2	2	14570240	17982303	2484	0.0045
022c4818-b408-4312-a251-57b3cc8e95d2	2	17992409	18011990	49	0.5729
022c4818-b408-4312-a251-57b3cc8e95d2	2	18011998	27216883	5743	-0.0037
022c4818-b408-4312-a251-57b3cc8e95d2	2	27218434	27218632	3	-1.1714
022c4818-b408-4312-a251-57b3cc8e95d2	2	27219036	34466002	4720	0.0017
022c4818-b408-4312-a251-57b3cc8e95d2	2	34474248	34511990	45	-1.8489
022c4818-b408-4312-a251-57b3cc8e95d2	2	34512096	40896625	4691	-0.0092
022c4818-b408-4312-a251-57b3cc8e95d2	2	40899265	40899272	2	1.678
022c4818-b408-4312-a251-57b3cc8e95d2	2	40900537	41011095	96	0.0194
022c4818-b408-4312-a251-57b3cc8e95d2	2	41011303	41018747	22	-0.7306
022c4818-b408-4312-a251-57b3cc8e95d2	2	41024093	97537802	31991	-0.0027
022c4818-b408-4312-a251-57b3cc8e95d2	2	97540809	97545247	3	-1.6489
022c4818-b408-4312-a251-57b3cc8e95d2	2	97545726	122718173	15029	-0.0027
022c4818-b408-4312-a251-57b3cc8e95d2	2	122718842	122726092	12	-0.7988
022c4818-b408-4312-a251-57b3cc8e95d2	2	122726345	167316422	26868	-0.0022
022c4818-b408-4312-a251-57b3cc8e95d2	2	167319338	167331418	10	-1.0809
022c4818-b408-4312-a251-57b3cc8e95d2	2	167332085	194500751	16547	-0.0029
022c4818-b408-4312-a251-57b3cc8e95d2	2	194500790	194501360	3	-1.2357
022c4818-b408-4312-a251-57b3cc8e95d2	2	194501795	207490231	7724	0
022c4818-b408-4312-a251-57b3cc8e95d2	2	207490454	207494612	15	-0.8861
022c4818-b408-4312-a251-57b3cc8e95d2	2	207494752	236894723	18954	-0.0028
022c4818-b408-4312-a251-57b3cc8e95d2	2	236894890	236895291	4	-1.0672
022c4818-b408-4312-a251-57b3cc8e95d2	2	236895339	242147305	3059	-0.0025
022c4818-b408-4312-a251-57b3cc8e95d2	3	20930	26384700	19807	0.0067
022c4818-b408-4312-a251-57b3cc8e95d2	3	26392633	26397852	5	-1.0197
022c4818-b408-4312-a251-57b3cc8e95d2	3	26404482	65202778	25360	0.0051
022c4818-b408-4312-a251-57b3cc8e95d2	3	65203560	65214027	31	-0.7524
022c4818-b408-4312-a251-57b3cc8e95d2	3	65214192	65217853	4	0.2062
022c4818-b408-4312-a251-57b3cc8e95d2	3	65217857	65224777	17	-0.7561
022c4818-b408-4312-a251-57b3cc8e95d2	3	65230674	75500795	7341	0.0033
022c4818-b408-4312-a251-57b3cc8e95d2	3	75511375	75547095	12	0.6627
022c4818-b408-4312-a251-57b3cc8e95d2	3	75559488	99225632	10936	0.0019
022c4818-b408-4312-a251-57b3cc8e95d2	3	99225667	99230577	36	-0.6672
022c4818-b408-4312-a251-57b3cc8e95d2	3	99232120	130067097	18655	0.0002
022c4818-b408-4312-a251-57b3cc8e95d2	3	130067366	130087393	32	-1.6756
022c4818-b408-4312-a251-57b3cc8e95d2	3	130088081	136300257	4020	-0.0009
022c4818-b408-4312-a251-57b3cc8e95d2	3	136304109	136306584	2	-2.6369
022c4818-b408-4312-a251-57b3cc8e95d2	3	136319699	162794951	16188	-0.0011
022c4818-b408-4312-a251-57b3cc8e95d2	3	162795304	162898127	62	0.6098
022c4818-b408-4312-a251-57b3cc8e95d2	3	162906054	162996729	78	-0.0629
022c4818-b408-4312-a251-57b3cc8e95d2	3	162999939	163001774	2	-3.0648
022c4818-b408-4312-a251-57b3cc8e95d2	3	163008371	189646041	16534	0.0033
022c4818-b408-4312-a251-57b3cc8e95d2	3	189646080	189653225	11	-0.6886
022c4818-b408-4312-a251-57b3cc8e95d2	3	189654562	192670445	2138	0.0015
022c4818-b408-4312-a251-57b3cc8e95d2	3	192670476	192672961	2	-1.4911
022c4818-b408-4312-a251-57b3cc8e95d2	3	192672988	193160113	337	0.0058
022c4818-b408-4312-a251-57b3cc8e95d2	3	193160173	193165080	17	-0.4381
022c4818-b408-4312-a251-57b3cc8e95d2	3	193165099	195558822	1482	-0.0042
022c4818-b408-4312-a251-57b3cc8e95d2	3	195559056	195746925	43	0.2841
022c4818-b408-4312-a251-57b3cc8e95d2	3	195747311	198169247	1168	0.0074
022c4818-b408-4312-a251-57b3cc8e95d2	4	68929	5309029	2522	-0.0011
022c4818-b408-4312-a251-57b3cc8e95d2	4	5313707	5321568	5	-1.0858
022c4818-b408-4312-a251-57b3cc8e95d2	4	5322472	9844725	2776	0.0021
022c4818-b408-4312-a251-57b3cc8e95d2	4	9846251	9848596	6	-1.3245
022c4818-b408-4312-a251-57b3cc8e95d2	4	9849010	10208766	381	0.0097
022c4818-b408-4312-a251-57b3cc8e95d2	4	10221792	10232642	30	-1.934
022c4818-b408-4312-a251-57b3cc8e95d2	4	10232984	10233644	5	-0.8241
022c4818-b408-4312-a251-57b3cc8e95d2	4	10234518	13269760	2504	0.0075
022c4818-b408-4312-a251-57b3cc8e95d2	4	13272224	13275268	6	-1.2582
022c4818-b408-4312-a251-57b3cc8e95d2	4	13275301	34777382	14410	0.0027
022c4818-b408-4312-a251-57b3cc8e95d2	4	34777403	34817589	38	0.4305
022c4818-b408-4312-a251-57b3cc8e95d2	4	34819718	45003738	6619	-0.0007
022c4818-b408-4312-a251-57b3cc8e95d2	4	45003835	45004318	4	-1.3017
022c4818-b408-4312-a251-57b3cc8e95d2	4	45008952	106565102	35686	0.0011
022c4818-b408-4312-a251-57b3cc8e95d2	4	106579107	106579682	3	-1.5543
022c4818-b408-4312-a251-57b3cc8e95d2	4	106582052	188300104	50616	-0.0003
022c4818-b408-4312-a251-57b3cc8e95d2	4	188300206	188300221	2	-2.0455
022c4818-b408-4312-a251-57b3cc8e95d2	4	188300270	188879034	495	0.0116
022c4818-b408-4312-a251-57b3cc8e95d2	4	188880251	188884609	4	-0.8961
022c4818-b408-4312-a251-57b3cc8e95d2	4	188884635	189267889	289	0.0104
022c4818-b408-4312-a251-57b3cc8e95d2	4	189273964	189278110	4	-2.5967
022c4818-b408-4312-a251-57b3cc8e95d2	4	189278617	190106768	350	0.0192
022c4818-b408-4312-a251-57b3cc8e95d2	5	15532	724612	316	-0.0036
022c4818-b408-4312-a251-57b3cc8e95d2	5	725091	825192	35	0.6134
022c4818-b408-4312-a251-57b3cc8e95d2	5	825538	15719113	11789	0.002
022c4818-b408-4312-a251-57b3cc8e95d2	5	15719241	15720369	9	-1.0079
022c4818-b408-4312-a251-57b3cc8e95d2	5	15720488	21376735	3470	0.0089
022c4818-b408-4312-a251-57b3cc8e95d2	5	21377730	21377744	2	1.8386
022c4818-b408-4312-a251-57b3cc8e95d2	5	21385957	21449167	44	-0.0037
022c4818-b408-4312-a251-57b3cc8e95d2	5	21451091	21452329	5	0.8811
022c4818-b408-4312-a251-57b3cc8e95d2	5	21452387	27524345	3514	0.0067
022c4818-b408-4312-a251-57b3cc8e95d2	5	27525283	27525863	8	-0.8778
022c4818-b408-4312-a251-57b3cc8e95d2	5	27525880	46271006	11380	0.0069
022c4818-b408-4312-a251-57b3cc8e95d2	5	46271828	46273400	6	-2.6976
022c4818-b408-4312-a251-57b3cc8e95d2	5	46278110	58025819	5058	0.0029
022c4818-b408-4312-a251-57b3cc8e95d2	5	58030200	58037706	32	1.4531
022c4818-b408-4312-a251-57b3cc8e95d2	5	58042530	181363319	76869	0.0008
022c4818-b408-4312-a251-57b3cc8e95d2	6	149661	253861	99	0.0137
022c4818-b408-4312-a251-57b3cc8e95d2	6	254267	381149	103	0.3578
022c4818-b408-4312-a251-57b3cc8e95d2	6	382559	29869295	21393	0.0009
022c4818-b408-4312-a251-57b3cc8e95d2	6	29869410	29882419	17	0.7166
022c4818-b408-4312-a251-57b3cc8e95d2	6	29882497	29940692	19	-0.5057
022c4818-b408-4312-a251-57b3cc8e95d2	6	29946443	31313046	640	-0.0007
022c4818-b408-4312-a251-57b3cc8e95d2	6	31318499	31328176	8	-1.5839
022c4818-b408-4312-a251-57b3cc8e95d2	6	31328210	31342147	4	-0.6963
022c4818-b408-4312-a251-57b3cc8e95d2	6	31349570	32082767	271	-0.0037
022c4818-b408-4312-a251-57b3cc8e95d2	6	32089536	32091592	9	0.6081
022c4818-b408-4312-a251-57b3cc8e95d2	6	32091778	67692636	20358	0.0042
022c4818-b408-4312-a251-57b3cc8e95d2	6	67693139	67700814	6	-0.9703
022c4818-b408-4312-a251-57b3cc8e95d2	6	67700993	68850194	719	0.0034
022c4818-b408-4312-a251-57b3cc8e95d2	6	68850247	68850412	3	-1.1845
022c4818-b408-4312-a251-57b3cc8e95d2	6	68850681	68976737	76	-0.0074
022c4818-b408-4312-a251-57b3cc8e95d2	6	68977806	68981476	4	-1.2192
022c4818-b408-4312-a251-57b3cc8e95d2	6	68987514	76726815	4911	-0.0001
022c4818-b408-4312-a251-57b3cc8e95d2	6	76730151	76742675	16	-3.5319
022c4818-b408-4312-a251-57b3cc8e95d2	6	76742729	76743040	5	-1.4579
022c4818-b408-4312-a251-57b3cc8e95d2	6	76751356	78253172	975	0.013
022c4818-b408-4312-a251-57b3cc8e95d2	6	78259348	78322600	105	-0.6991
022c4818-b408-4312-a251-57b3cc8e95d2	6	78322875	103286950	15425	0.0032
022c4818-b408-4312-a251-57b3cc8e95d2	6	103286954	103314186	47	0.6417
022c4818-b408-4312-a251-57b3cc8e95d2	6	103317795	113242200	6181	0.0022
022c4818-b408-4312-a251-57b3cc8e95d2	6	113244626	113244649	2	1.3602
022c4818-b408-4312-a251-57b3cc8e95d2	6	113246364	129895365	10073	0.0007
022c4818-b408-4312-a251-57b3cc8e95d2	6	129896640	129896972	2	-1.3964
022c4818-b408-4312-a251-57b3cc8e95d2	6	129899927	133945130	2751	-0.0012
022c4818-b408-4312-a251-57b3cc8e95d2	6	133947933	133948494	2	-2.0094
022c4818-b408-4312-a251-57b3cc8e95d2	6	133950934	170741917	25015	0.0025
022c4818-b408-4312-a251-57b3cc8e95d2	7	43355	7763386	4141	0.0034
022c4818-b408-4312-a251-57b3cc8e95d2	7	7763742	7763989	3	-1.4441
022c4818-b408-4312-a251-57b3cc8e95d2	7	7767046	19555501	9715	-0.0023
022c4818-b408-4312-a251-57b3cc8e95d2	7	19562229	19562376	2	-1.7347
022c4818-b408-4312-a251-57b3cc8e95d2	7	19564961	38254500	13421	0.0061
022c4818-b408-4312-a251-57b3cc8e95d2	7	38255395	38319127	105	-0.2436
022c4818-b408-4312-a251-57b3cc8e95d2	7	38319355	54305455	10977	0.0018
022c4818-b408-4312-a251-57b3cc8e95d2	7	54318812	54318824	6	1.4288
022c4818-b408-4312-a251-57b3cc8e95d2	7	54325795	62905324	2160	0.013
022c4818-b408-4312-a251-57b3cc8e95d2	7	62909455	62909456	2	-1.3441
022c4818-b408-4312-a251-57b3cc8e95d2	7	62924899	70955452	3951	0.0088
022c4818-b408-4312-a251-57b3cc8e95d2	7	70958264	70961155	2	-3.0407
022c4818-b408-4312-a251-57b3cc8e95d2	7	70963257	97777749	15681	0.0038
022c4818-b408-4312-a251-57b3cc8e95d2	7	97788295	97788298	2	-1.5954
022c4818-b408-4312-a251-57b3cc8e95d2	7	97791337	109797620	6572	0.0031
022c4818-b408-4312-a251-57b3cc8e95d2	7	109797623	109813853	23	0.6258
022c4818-b408-4312-a251-57b3cc8e95d2	7	109813925	121875702	7251	0.0008
022c4818-b408-4312-a251-57b3cc8e95d2	7	121879015	121879667	2	-1.1592
022c4818-b408-4312-a251-57b3cc8e95d2	7	121879975	124523209	1577	0.0008
022c4818-b408-4312-a251-57b3cc8e95d2	7	124523712	124524073	3	-1.4603
022c4818-b408-4312-a251-57b3cc8e95d2	7	124524582	126405502	1173	-0.0025
022c4818-b408-4312-a251-57b3cc8e95d2	7	126405597	126406822	11	-1.4459
022c4818-b408-4312-a251-57b3cc8e95d2	7	126406823	134100424	4693	0.0086
022c4818-b408-4312-a251-57b3cc8e95d2	7	134100442	134105690	22	-2.156
022c4818-b408-4312-a251-57b3cc8e95d2	7	134110881	134114444	12	-0.4573
022c4818-b408-4312-a251-57b3cc8e95d2	7	134121491	142070827	5182	0.002
022c4818-b408-4312-a251-57b3cc8e95d2	7	142071122	142115295	36	0.3005
022c4818-b408-4312-a251-57b3cc8e95d2	7	142116196	143391774	785	0.0085
022c4818-b408-4312-a251-57b3cc8e95d2	7	143392202	143392243	2	-1.7078
022c4818-b408-4312-a251-57b3cc8e95d2	7	143393229	143780181	122	0.0455
022c4818-b408-4312-a251-57b3cc8e95d2	7	143790571	143850179	13	-0.4487
022c4818-b408-4312-a251-57b3cc8e95d2	7	143875073	154598185	6669	0.0032
022c4818-b408-4312-a251-57b3cc8e95d2	7	154601461	154607903	4	-1.9026
022c4818-b408-4312-a251-57b3cc8e95d2	7	154609120	154635962	27	-0.1054
022c4818-b408-4312-a251-57b3cc8e95d2	7	154636288	154636708	3	-1.0538
022c4818-b408-4312-a251-57b3cc8e95d2	7	154637850	157852009	2284	-0.0033
022c4818-b408-4312-a251-57b3cc8e95d2	7	157854182	157864075	4	-0.9212
022c4818-b408-4312-a251-57b3cc8e95d2	7	157865362	159334314	912	0.0072
022c4818-b408-4312-a251-57b3cc8e95d2	8	81254	644973	324	0.0366
022c4818-b408-4312-a251-57b3cc8e95d2	8	645220	645908	8	1.3093
022c4818-b408-4312-a251-57b3cc8e95d2	8	656117	7312952	7376	0.0045
022c4818-b408-4312-a251-57b3cc8e95d2	8	7329110	7329124	2	2.4834
022c4818-b408-4312-a251-57b3cc8e95d2	8	7336299	12143614	3289	0.0043
022c4818-b408-4312-a251-57b3cc8e95d2	8	12176798	12419769	33	0.6942
022c4818-b408-4312-a251-57b3cc8e95d2	8	12454103	15435453	2648	-0.0075
022c4818-b408-4312-a251-57b3cc8e95d2	8	15436422	15437936	2	-3.4542
022c4818-b408-4312-a251-57b3cc8e95d2	8	15439194	15916847	451	0.0009
022c4818-b408-4312-a251-57b3cc8e95d2	8	15920406	15929380	7	-0.8541
022c4818-b408-4312-a251-57b3cc8e95d2	8	15930760	25114672	7280	-0.0007
022c4818-b408-4312-a251-57b3cc8e95d2	8	25116928	25126818	27	-0.3133
022c4818-b408-4312-a251-57b3cc8e95d2	8	25133589	39399220	8984	0.0054
022c4818-b408-4312-a251-57b3cc8e95d2	8	39403063	39526605	46	-0.3429
022c4818-b408-4312-a251-57b3cc8e95d2	8	39527181	111282237	41884	0.0011
022c4818-b408-4312-a251-57b3cc8e95d2	8	111282417	111283031	7	1.5571
022c4818-b408-4312-a251-57b3cc8e95d2	8	111288052	119135741	4947	0.0015
022c4818-b408-4312-a251-57b3cc8e95d2	8	119139771	119147207	5	-0.8877
022c4818-b408-4312-a251-57b3cc8e95d2	8	119150615	132971158	9691	0.0048
022c4818-b408-4312-a251-57b3cc8e95d2	8	132972224	132972547	2	-1.442
022c4818-b408-4312-a251-57b3cc8e95d2	8	132972774	145072769	8214	0.0044
022c4818-b408-4312-a251-57b3cc8e95d2	9	46587	6695986	6351	0.0064
022c4818-b408-4312-a251-57b3cc8e95d2	9	6701145	6708357	7	-0.9226
022c4818-b408-4312-a251-57b3cc8e95d2	9	6712314	12165806	5002	0.0033
022c4818-b408-4312-a251-57b3cc8e95d2	9	12172549	12174190	4	-1.4679
022c4818-b408-4312-a251-57b3cc8e95d2	9	12180135	17764012	4620	-0.005
022c4818-b408-4312-a251-57b3cc8e95d2	9	17765691	17776207	14	-1.2787
022c4818-b408-4312-a251-57b3cc8e95d2	9	17778063	22492890	3782	0.0026
022c4818-b408-4312-a251-57b3cc8e95d2	9	22501914	22502700	2	1.5776
022c4818-b408-4312-a251-57b3cc8e95d2	9	22509341	39588611	11297	0.0036
022c4818-b408-4312-a251-57b3cc8e95d2	9	39747848	40189830	9	0.8198
022c4818-b408-4312-a251-57b3cc8e95d2	9	40228981	42046831	100	0.1285
022c4818-b408-4312-a251-57b3cc8e95d2	9	42073850	42585140	35	-0.5871
022c4818-b408-4312-a251-57b3cc8e95d2	9	42697878	61405110	54	0.158
022c4818-b408-4312-a251-57b3cc8e95d2	9	61520021	61573452	19	-1.2241
022c4818-b408-4312-a251-57b3cc8e95d2	9	61574022	113014873	31987	0.0018
022c4818-b408-4312-a251-57b3cc8e95d2	9	113015990	113018831	4	-1.1316
022c4818-b408-4312-a251-57b3cc8e95d2	9	113019037	114320531	913	-0.005
022c4818-b408-4312-a251-57b3cc8e95d2	9	114325122	114326042	2	2.36
022c4818-b408-4312-a251-57b3cc8e95d2	9	114330749	123952029	7159	0.0092
022c4818-b408-4312-a251-57b3cc8e95d2	9	123955089	123957640	13	-1.1403
022c4818-b408-4312-a251-57b3cc8e95d2	9	123960368	137358495	7472	-0.0034
022c4818-b408-4312-a251-57b3cc8e95d2	9	137361190	137361381	3	-1.7237
022c4818-b408-4312-a251-57b3cc8e95d2	9	137378551	138200944	405	-0.0202
022c4818-b408-4312-a251-57b3cc8e95d2	10	45792	26934974	21138	0.0015
022c4818-b408-4312-a251-57b3cc8e95d2	10	26936975	26939523	12	-0.9186
022c4818-b408-4312-a251-57b3cc8e95d2	10	26939544	27290867	194	0.0494
022c4818-b408-4312-a251-57b3cc8e95d2	10	27291041	27308509	4	-0.9913
022c4818-b408-4312-a251-57b3cc8e95d2	10	27318256	46708198	10301	0.006
022c4818-b408-4312-a251-57b3cc8e95d2	10	46780843	46967412	9	-0.6924
022c4818-b408-4312-a251-57b3cc8e95d2	10	47002596	54697027	5139	-0.0051
022c4818-b408-4312-a251-57b3cc8e95d2	10	54697413	54708677	10	1.0586
022c4818-b408-4312-a251-57b3cc8e95d2	10	54712504	57956860	2292	0.0001
022c4818-b408-4312-a251-57b3cc8e95d2	10	57961039	57982711	26	-0.2946
022c4818-b408-4312-a251-57b3cc8e95d2	10	57984744	59598028	1143	0.0063
022c4818-b408-4312-a251-57b3cc8e95d2	10	59598098	59605506	10	-0.7741
022c4818-b408-4312-a251-57b3cc8e95d2	10	59605724	65546518	4017	0.005
022c4818-b408-4312-a251-57b3cc8e95d2	10	65548165	65554688	28	-0.6859
022c4818-b408-4312-a251-57b3cc8e95d2	10	65563037	133654968	46108	0.0022
022c4818-b408-4312-a251-57b3cc8e95d2	11	198510	4949137	2419	0.0035
022c4818-b408-4312-a251-57b3cc8e95d2	11	4950775	4955042	23	0.5533
022c4818-b408-4312-a251-57b3cc8e95d2	11	4955781	5766175	778	-0.0242
022c4818-b408-4312-a251-57b3cc8e95d2	11	5766850	5787909	32	-0.6757
022c4818-b408-4312-a251-57b3cc8e95d2	11	5788108	55595864	31113	0.0048
022c4818-b408-4312-a251-57b3cc8e95d2	11	55606556	55693207	61	-0.2749
022c4818-b408-4312-a251-57b3cc8e95d2	11	55693312	135074876	52142	0.0015
022c4818-b408-4312-a251-57b3cc8e95d2	12	51460	9498697	6166	0.003
022c4818-b408-4312-a251-57b3cc8e95d2	12	9498795	9575696	19	0.5022
022c4818-b408-4312-a251-57b3cc8e95d2	12	9582373	14542379	3647	-0.0014
022c4818-b408-4312-a251-57b3cc8e95d2	12	14548064	14633140	58	-1.0657
022c4818-b408-4312-a251-57b3cc8e95d2	12	14644689	30082648	10555	0.0001
022c4818-b408-4312-a251-57b3cc8e95d2	12	30086334	30090642	19	-0.7492
022c4818-b408-4312-a251-57b3cc8e95d2	12	30090657	31242909	955	-0.0006
022c4818-b408-4312-a251-57b3cc8e95d2	12	31249756	31258117	9	-0.6065
022c4818-b408-4312-a251-57b3cc8e95d2	12	31258280	33141726	1289	0.0052
022c4818-b408-4312-a251-57b3cc8e95d2	12	33148472	33154440	27	-3.0079
022c4818-b408-4312-a251-57b3cc8e95d2	12	33155426	37593924	827	-0.0012
022c4818-b408-4312-a251-57b3cc8e95d2	12	37618765	37620216	2	-2.4898
022c4818-b408-4312-a251-57b3cc8e95d2	12	37640556	73594001	21835	0.0006
022c4818-b408-4312-a251-57b3cc8e95d2	12	73597646	73602878	6	-1.1384
022c4818-b408-4312-a251-57b3cc8e95d2	12	73604806	90089573	10057	0.0021
022c4818-b408-4312-a251-57b3cc8e95d2	12	90097892	90098297	7	-0.922
022c4818-b408-4312-a251-57b3cc8e95d2	12	90099780	108087640	12349	0.0053
022c4818-b408-4312-a251-57b3cc8e95d2	12	108089997	108090347	3	1.2584
022c4818-b408-4312-a251-57b3cc8e95d2	12	108092446	131292887	15892	0.0045
022c4818-b408-4312-a251-57b3cc8e95d2	12	131309623	131311902	5	0.7916
022c4818-b408-4312-a251-57b3cc8e95d2	12	131319247	131636170	312	-0.0035
022c4818-b408-4312-a251-57b3cc8e95d2	12	131648039	131648790	13	-1.8663
022c4818-b408-4312-a251-57b3cc8e95d2	12	131657925	132788682	365	-0.0181
022c4818-b408-4312-a251-57b3cc8e95d2	12	132791815	132801965	2	-1.2617
022c4818-b408-4312-a251-57b3cc8e95d2	12	132804390	133201603	192	-0.0018
022c4818-b408-4312-a251-57b3cc8e95d2	13	18452809	37496998	13452	0.0027
022c4818-b408-4312-a251-57b3cc8e95d2	13	37497899	37510620	16	-2.1827
022c4818-b408-4312-a251-57b3cc8e95d2	13	37514193	57176962	12488	0.0045
022c4818-b408-4312-a251-57b3cc8e95d2	13	57184136	57204246	34	-0.8214
022c4818-b408-4312-a251-57b3cc8e95d2	13	57215580	107528415	33304	-0.0015
022c4818-b408-4312-a251-57b3cc8e95d2	13	107532369	107549452	17	-1.2305
022c4818-b408-4312-a251-57b3cc8e95d2	13	107552703	114342922	4616	0.0037
022c4818-b408-4312-a251-57b3cc8e95d2	14	18239283	18640726	15	0.1714
022c4818-b408-4312-a251-57b3cc8e95d2	14	18646056	19945699	144	-0.2955
022c4818-b408-4312-a251-57b3cc8e95d2	14	19949382	21965209	1395	-0.0032
022c4818-b408-4312-a251-57b3cc8e95d2	14	21965637	22508237	464	-0.2134
022c4818-b408-4312-a251-57b3cc8e95d2	14	22508264	73529070	32110	0.0038
022c4818-b408-4312-a251-57b3cc8e95d2	14	73534419	73563196	10	0.7808
022c4818-b408-4312-a251-57b3cc8e95d2	14	73563211	106117964	20737	0.0044
022c4818-b408-4312-a251-57b3cc8e95d2	14	106120996	106321086	94	0.5899
022c4818-b408-4312-a251-57b3cc8e95d2	14	106340102	106719325	209	0.0268
022c4818-b408-4312-a251-57b3cc8e95d2	14	106769689	106770361	4	-0.7664
022c4818-b408-4312-a251-57b3cc8e95d2	14	106775945	106877229	68	-0.0019
022c4818-b408-4312-a251-57b3cc8e95d2	15	19811075	20235285	63	0.0605
022c4818-b408-4312-a251-57b3cc8e95d2	15	20240885	21272760	111	0.6693
022c4818-b408-4312-a251-57b3cc8e95d2	15	21417107	22299523	32	1.2243
022c4818-b408-4312-a251-57b3cc8e95d2	15	22385639	30215235	4612	0.0014
022c4818-b408-4312-a251-57b3cc8e95d2	15	30230885	30291233	11	-0.8661
022c4818-b408-4312-a251-57b3cc8e95d2	15	30297594	32179735	1063	-0.0003
022c4818-b408-4312-a251-57b3cc8e95d2	15	32212063	32240890	11	0.8932
022c4818-b408-4312-a251-57b3cc8e95d2	15	32254157	34379885	1499	0.0184
022c4818-b408-4312-a251-57b3cc8e95d2	15	34386576	34526116	67	-0.8264
022c4818-b408-4312-a251-57b3cc8e95d2	15	34570058	76599170	26327	0.0007
022c4818-b408-4312-a251-57b3cc8e95d2	15	76599286	76603434	20	-1.9119
022c4818-b408-4312-a251-57b3cc8e95d2	15	76609838	87275644	6646	0.0008
022c4818-b408-4312-a251-57b3cc8e95d2	15	87287299	87327270	40	-1.103
022c4818-b408-4312-a251-57b3cc8e95d2	15	87327502	92068649	3267	0.0071
022c4818-b408-4312-a251-57b3cc8e95d2	15	92070782	92071174	4	1.0603
022c4818-b408-4312-a251-57b3cc8e95d2	15	92072016	92222525	197	0.0041
022c4818-b408-4312-a251-57b3cc8e95d2	15	92222644	92223064	3	1.4445
022c4818-b408-4312-a251-57b3cc8e95d2	15	92223528	92598310	407	-0.0122
022c4818-b408-4312-a251-57b3cc8e95d2	15	92600643	92605175	3	-1.5294
022c4818-b408-4312-a251-57b3cc8e95d2	15	92605577	101864933	6977	0.0005
022c4818-b408-4312-a251-57b3cc8e95d2	15	101880399	101928837	12	0.6299
022c4818-b408-4312-a251-57b3cc8e95d2	16	10777	7652808	5212	0.003
022c4818-b408-4312-a251-57b3cc8e95d2	16	7654201	7654406	3	1.0839
022c4818-b408-4312-a251-57b3cc8e95d2	16	7657917	14803959	5855	0.001
022c4818-b408-4312-a251-57b3cc8e95d2	16	14813001	14993320	61	0.2531
022c4818-b408-4312-a251-57b3cc8e95d2	16	15009819	16269368	590	0.0079
022c4818-b408-4312-a251-57b3cc8e95d2	16	16419234	16563603	19	-0.5925
022c4818-b408-4312-a251-57b3cc8e95d2	16	16569719	22417041	2994	0.0015
022c4818-b408-4312-a251-57b3cc8e95d2	16	22417324	22699421	77	-0.3354
022c4818-b408-4312-a251-57b3cc8e95d2	16	22701658	32169655	5122	0.003
022c4818-b408-4312-a251-57b3cc8e95d2	16	32197425	32629651	17	-1.405
022c4818-b408-4312-a251-57b3cc8e95d2	16	32832214	32867014	5	-0.0418
022c4818-b408-4312-a251-57b3cc8e95d2	16	32887926	33340712	19	-0.6784
022c4818-b408-4312-a251-57b3cc8e95d2	16	33640096	55762682	6911	0.0019
022c4818-b408-4312-a251-57b3cc8e95d2	16	55764310	55764867	3	2.1777
022c4818-b408-4312-a251-57b3cc8e95d2	16	55770436	78337711	14257	0.0007
022c4818-b408-4312-a251-57b3cc8e95d2	16	78338543	78349243	15	0.9682
022c4818-b408-4312-a251-57b3cc8e95d2	16	78350841	90096867	10576	-0.0008
022c4818-b408-4312-a251-57b3cc8e95d2	17	150733	7986137	4353	-0.0063
022c4818-b408-4312-a251-57b3cc8e95d2	17	7989475	7989856	2	-1.9035
022c4818-b408-4312-a251-57b3cc8e95d2	17	7994460	18452078	7008	0.0054
022c4818-b408-4312-a251-57b3cc8e95d2	17	18455632	18550123	24	-1.479
022c4818-b408-4312-a251-57b3cc8e95d2	17	18561272	36109315	6817	0.0042
022c4818-b408-4312-a251-57b3cc8e95d2	17	36109735	36157718	35	0.5488
022c4818-b408-4312-a251-57b3cc8e95d2	17	36200725	41265456	2523	0.0112
022c4818-b408-4312-a251-57b3cc8e95d2	17	41266762	41274279	24	0.9461
022c4818-b408-4312-a251-57b3cc8e95d2	17	41276472	46085732	2495	0.0056
022c4818-b408-4312-a251-57b3cc8e95d2	17	46088437	46571001	130	0.3578
022c4818-b408-4312-a251-57b3cc8e95d2	17	46664059	78285287	19201	0.0035
022c4818-b408-4312-a251-57b3cc8e95d2	17	78286051	78286887	2	1.7884
022c4818-b408-4312-a251-57b3cc8e95d2	17	78290662	83091923	2317	0.0015
022c4818-b408-4312-a251-57b3cc8e95d2	18	48133	53997831	31847	0.002
022c4818-b408-4312-a251-57b3cc8e95d2	18	53998472	53998782	3	-1.3994
022c4818-b408-4312-a251-57b3cc8e95d2	18	54001998	66095064	8385	0.0048
022c4818-b408-4312-a251-57b3cc8e95d2	18	66099904	66100686	3	-2.5657
022c4818-b408-4312-a251-57b3cc8e95d2	18	66108359	80257174	10348	-0.0041
022c4818-b408-4312-a251-57b3cc8e95d2	19	90910	35364451	16686	-0.0009
022c4818-b408-4312-a251-57b3cc8e95d2	19	35364547	35370946	20	-0.6412
022c4818-b408-4312-a251-57b3cc8e95d2	19	35375842	55771003	10531	0.0069
022c4818-b408-4312-a251-57b3cc8e95d2	19	55771169	55771701	3	-2.6786
022c4818-b408-4312-a251-57b3cc8e95d2	19	55774927	58586487	1837	0.0143
022c4818-b408-4312-a251-57b3cc8e95d2	20	80664	1576573	1183	-0.0124
022c4818-b408-4312-a251-57b3cc8e95d2	20	1576590	1601561	55	-0.9551
022c4818-b408-4312-a251-57b3cc8e95d2	20	1609611	23569676	17074	0.0043
022c4818-b408-4312-a251-57b3cc8e95d2	20	23571179	23583675	10	-0.5916
022c4818-b408-4312-a251-57b3cc8e95d2	20	23584899	54028329	16499	0.0033
022c4818-b408-4312-a251-57b3cc8e95d2	20	54031269	54042112	37	-0.7876
022c4818-b408-4312-a251-57b3cc8e95d2	20	54046035	64324800	7439	-0.0076
022c4818-b408-4312-a251-57b3cc8e95d2	21	10354168	10548210	39	0.2761
022c4818-b408-4312-a251-57b3cc8e95d2	21	10548478	10585552	21	0.0489
022c4818-b408-4312-a251-57b3cc8e95d2	21	10589032	10775586	27	-0.319
022c4818-b408-4312-a251-57b3cc8e95d2	21	12973348	45506637	23012	0.0019
022c4818-b408-4312-a251-57b3cc8e95d2	21	45511103	45511195	2	-1.4802
022c4818-b408-4312-a251-57b3cc8e95d2	21	45511546	46677045	686	0.0026
022c4818-b408-4312-a251-57b3cc8e95d2	22	15294547	21819244	2848	0.0077
022c4818-b408-4312-a251-57b3cc8e95d2	22	21825894	21953147	55	0.6446
022c4818-b408-4312-a251-57b3cc8e95d2	22	21960717	22114208	210	-0.008
022c4818-b408-4312-a251-57b3cc8e95d2	22	22119549	22120255	6	-2.4441
022c4818-b408-4312-a251-57b3cc8e95d2	22	22127104	22398345	333	-0.0053
022c4818-b408-4312-a251-57b3cc8e95d2	22	22398407	22398545	3	-1.3631
022c4818-b408-4312-a251-57b3cc8e95d2	22	22402989	36665116	10475	0.0027
022c4818-b408-4312-a251-57b3cc8e95d2	22	36665350	36666483	2	-1.7049
022c4818-b408-4312-a251-57b3cc8e95d2	22	36669573	50796027	9295	-0.0003
022c4818-b408-4312-a251-57b3cc8e95d2	X	251810	5657895	2202	-0.0049
022c4818-b408-4312-a251-57b3cc8e95d2	X	5658180	5660819	2	-1.3463
022c4818-b408-4312-a251-57b3cc8e95d2	X	5661662	14211792	6414	0.0045
022c4818-b408-4312-a251-57b3cc8e95d2	X	14213393	14218306	2	-1.5252
022c4818-b408-4312-a251-57b3cc8e95d2	X	14219302	114103027	50386	0.0021
022c4818-b408-4312-a251-57b3cc8e95d2	X	114107938	114111468	6	-1.195
022c4818-b408-4312-a251-57b3cc8e95d2	X	114113752	155952689	24321	0.0014
022c4818-b408-4312-a251-57b3cc8e95d2	Y	2782397	6044040	715	-2.6297
022c4818-b408-4312-a251-57b3cc8e95d2	Y	6058481	25169825	5745	-3.1002
022c4818-b408-4312-a251-57b3cc8e95d2	Y	25472063	56872112	179	-2.6779
