GDC_Aliquot	Chromosome	Start	End	Copy_Number	Major_Copy_Number	Minor_Copy_Number
534d5cb7-41fe-4829-b6a7-84bde17f66d5	chr1	13116	896109	2	2	0
534d5cb7-41fe-4829-b6a7-84bde17f66d5	chr1	897376	16640241	2	1	1
534d5cb7-41fe-4829-b6a7-84bde17f66d5	chr1	16642600	16949400	1	1	0
534d5cb7-41fe-4829-b6a7-84bde17f66d5	chr1	16953527	32211611	2	1	1
534d5cb7-41fe-4829-b6a7-84bde17f66d5	chr1	32212905	49754276	3	2	1
534d5cb7-41fe-4829-b6a7-84bde17f66d5	chr1	49755694	50575154	4	2	2
534d5cb7-41fe-4829-b6a7-84bde17f66d5	chr1	50577253	55308671	3	2	1
534d5cb7-41fe-4829-b6a7-84bde17f66d5	chr1	55309861	58454360	2	1	1
534d5cb7-41fe-4829-b6a7-84bde17f66d5	chr1	58455760	61210185	3	2	1
534d5cb7-41fe-4829-b6a7-84bde17f66d5	chr1	61211260	67725844	2	1	1
534d5cb7-41fe-4829-b6a7-84bde17f66d5	chr1	67727147	80786504	1	1	0
534d5cb7-41fe-4829-b6a7-84bde17f66d5	chr1	80787946	89231675	2	1	1
534d5cb7-41fe-4829-b6a7-84bde17f66d5	chr1	89232913	89540846	1	1	0
534d5cb7-41fe-4829-b6a7-84bde17f66d5	chr1	89541996	102315773	2	1	1
534d5cb7-41fe-4829-b6a7-84bde17f66d5	chr1	102317759	107392024	1	1	0
534d5cb7-41fe-4829-b6a7-84bde17f66d5	chr1	107393771	109082812	4	3	1
534d5cb7-41fe-4829-b6a7-84bde17f66d5	chr1	109085281	121742438	1	1	0
534d5cb7-41fe-4829-b6a7-84bde17f66d5	chr1	143417573	143934900	5	3	2
534d5cb7-41fe-4829-b6a7-84bde17f66d5	chr1	143936039	248945703	4	3	1
534d5cb7-41fe-4829-b6a7-84bde17f66d5	chr2	10587	242183243	2	1	1
534d5cb7-41fe-4829-b6a7-84bde17f66d5	chr3	18519	59784495	2	1	1
534d5cb7-41fe-4829-b6a7-84bde17f66d5	chr3	59785498	60342735	3	2	1
534d5cb7-41fe-4829-b6a7-84bde17f66d5	chr3	60343736	97903853	2	1	1
534d5cb7-41fe-4829-b6a7-84bde17f66d5	chr3	97905284	97948099	1	1	0
534d5cb7-41fe-4829-b6a7-84bde17f66d5	chr3	97950195	113717277	2	1	1
534d5cb7-41fe-4829-b6a7-84bde17f66d5	chr3	113722305	113766296	3	2	1
534d5cb7-41fe-4829-b6a7-84bde17f66d5	chr3	113767819	198181744	2	1	1
534d5cb7-41fe-4829-b6a7-84bde17f66d5	chr4	11961	8790959	2	1	1
534d5cb7-41fe-4829-b6a7-84bde17f66d5	chr4	8792059	8824081	1	1	0
534d5cb7-41fe-4829-b6a7-84bde17f66d5	chr4	8825153	19405751	2	1	1
534d5cb7-41fe-4829-b6a7-84bde17f66d5	chr4	19406949	19458309	3	2	1
534d5cb7-41fe-4829-b6a7-84bde17f66d5	chr4	19459453	31807582	2	1	1
534d5cb7-41fe-4829-b6a7-84bde17f66d5	chr4	31808643	31838195	1	1	0
534d5cb7-41fe-4829-b6a7-84bde17f66d5	chr4	31839215	37935902	2	1	1
534d5cb7-41fe-4829-b6a7-84bde17f66d5	chr4	37937089	37983840	1	1	0
534d5cb7-41fe-4829-b6a7-84bde17f66d5	chr4	37984995	169776873	2	1	1
534d5cb7-41fe-4829-b6a7-84bde17f66d5	chr4	169777932	169788164	1	1	0
534d5cb7-41fe-4829-b6a7-84bde17f66d5	chr4	169790227	190122722	2	1	1
534d5cb7-41fe-4829-b6a7-84bde17f66d5	chr5	11882	62789681	2	1	1
534d5cb7-41fe-4829-b6a7-84bde17f66d5	chr5	62791808	62804792	1	1	0
534d5cb7-41fe-4829-b6a7-84bde17f66d5	chr5	62806131	135761035	2	1	1
534d5cb7-41fe-4829-b6a7-84bde17f66d5	chr5	135762161	135805145	1	1	0
534d5cb7-41fe-4829-b6a7-84bde17f66d5	chr5	135806204	181363900	2	1	1
534d5cb7-41fe-4829-b6a7-84bde17f66d5	chr6	100116	382537	4	3	1
534d5cb7-41fe-4829-b6a7-84bde17f66d5	chr6	383649	58443874	5	4	1
534d5cb7-41fe-4829-b6a7-84bde17f66d5	chr6	58444971	66450882	2	1	1
534d5cb7-41fe-4829-b6a7-84bde17f66d5	chr6	66452104	68991875	1	1	0
534d5cb7-41fe-4829-b6a7-84bde17f66d5	chr6	68992950	71730386	2	1	1
534d5cb7-41fe-4829-b6a7-84bde17f66d5	chr6	71732594	170740469	1	1	0
534d5cb7-41fe-4829-b6a7-84bde17f66d5	chr7	20608	20268370	2	1	1
534d5cb7-41fe-4829-b6a7-84bde17f66d5	chr7	20269416	20278748	1	1	0
534d5cb7-41fe-4829-b6a7-84bde17f66d5	chr7	20279859	159334386	2	1	1
534d5cb7-41fe-4829-b6a7-84bde17f66d5	chr8	61774	12095189	2	1	1
534d5cb7-41fe-4829-b6a7-84bde17f66d5	chr8	12099553	12381844	1	1	0
534d5cb7-41fe-4829-b6a7-84bde17f66d5	chr8	12382958	12537824	2	2	0
534d5cb7-41fe-4829-b6a7-84bde17f66d5	chr8	12539808	43805698	2	1	1
534d5cb7-41fe-4829-b6a7-84bde17f66d5	chr8	43807613	45973537	1	1	0
534d5cb7-41fe-4829-b6a7-84bde17f66d5	chr8	45975224	145078402	2	1	1
534d5cb7-41fe-4829-b6a7-84bde17f66d5	chr9	10469	29119617	2	1	1
534d5cb7-41fe-4829-b6a7-84bde17f66d5	chr9	29120948	29156012	3	2	1
534d5cb7-41fe-4829-b6a7-84bde17f66d5	chr9	29157893	29163876	2	1	1
534d5cb7-41fe-4829-b6a7-84bde17f66d5	chr9	29164918	30061293	3	2	1
534d5cb7-41fe-4829-b6a7-84bde17f66d5	chr9	30062442	64928114	2	1	1
534d5cb7-41fe-4829-b6a7-84bde17f66d5	chr9	64929196	64982119	1	1	0
534d5cb7-41fe-4829-b6a7-84bde17f66d5	chr9	64984094	138256233	2	1	1
534d5cb7-41fe-4829-b6a7-84bde17f66d5	chr10	15029	4982548	2	1	1
534d5cb7-41fe-4829-b6a7-84bde17f66d5	chr10	4983825	133787009	3	2	1
534d5cb7-41fe-4829-b6a7-84bde17f66d5	chr11	87268	87969640	2	1	1
534d5cb7-41fe-4829-b6a7-84bde17f66d5	chr11	87970806	88015542	1	1	0
534d5cb7-41fe-4829-b6a7-84bde17f66d5	chr11	88017535	89744214	2	1	1
534d5cb7-41fe-4829-b6a7-84bde17f66d5	chr11	89745420	90069166	1	1	0
534d5cb7-41fe-4829-b6a7-84bde17f66d5	chr11	90070259	135064078	2	1	1
534d5cb7-41fe-4829-b6a7-84bde17f66d5	chr11	135065130	135076424	1	1	0
534d5cb7-41fe-4829-b6a7-84bde17f66d5	chr12	11065	73673	3	2	1
534d5cb7-41fe-4829-b6a7-84bde17f66d5	chr12	75238	70554290	2	1	1
534d5cb7-41fe-4829-b6a7-84bde17f66d5	chr12	70555468	74954310	1	1	0
534d5cb7-41fe-4829-b6a7-84bde17f66d5	chr12	74955501	76022132	2	1	1
534d5cb7-41fe-4829-b6a7-84bde17f66d5	chr12	76023134	93747724	1	1	0
534d5cb7-41fe-4829-b6a7-84bde17f66d5	chr12	93749116	94271277	2	1	1
534d5cb7-41fe-4829-b6a7-84bde17f66d5	chr12	94273499	110212226	1	1	0
534d5cb7-41fe-4829-b6a7-84bde17f66d5	chr12	110214284	110374540	2	2	0
534d5cb7-41fe-4829-b6a7-84bde17f66d5	chr12	110376610	133249556	1	1	0
534d5cb7-41fe-4829-b6a7-84bde17f66d5	chr12	133250562	133264676	0	0	0
534d5cb7-41fe-4829-b6a7-84bde17f66d5	chr13	18445955	114343123	2	1	1
534d5cb7-41fe-4829-b6a7-84bde17f66d5	chr14	18223583	18688361	2	1	1
534d5cb7-41fe-4829-b6a7-84bde17f66d5	chr14	18689567	19966529	3	2	1
534d5cb7-41fe-4829-b6a7-84bde17f66d5	chr14	19967646	99921342	2	1	1
534d5cb7-41fe-4829-b6a7-84bde17f66d5	chr14	99922387	99939420	1	1	0
534d5cb7-41fe-4829-b6a7-84bde17f66d5	chr14	99940812	106880670	2	1	1
534d5cb7-41fe-4829-b6a7-84bde17f66d5	chr15	19795285	49511852	2	1	1
534d5cb7-41fe-4829-b6a7-84bde17f66d5	chr15	49513419	50182569	3	2	1
534d5cb7-41fe-4829-b6a7-84bde17f66d5	chr15	50184941	50256046	2	1	1
534d5cb7-41fe-4829-b6a7-84bde17f66d5	chr15	50258703	101980591	3	2	1
534d5cb7-41fe-4829-b6a7-84bde17f66d5	chr16	10291	90226358	2	1	1
534d5cb7-41fe-4829-b6a7-84bde17f66d5	chr17	151035	17754164	2	2	0
534d5cb7-41fe-4829-b6a7-84bde17f66d5	chr17	17756543	46088228	2	1	1
534d5cb7-41fe-4829-b6a7-84bde17f66d5	chr17	46089280	81737436	3	2	1
534d5cb7-41fe-4829-b6a7-84bde17f66d5	chr17	81739316	81812864	2	1	1
534d5cb7-41fe-4829-b6a7-84bde17f66d5	chr17	81814569	83237603	3	2	1
534d5cb7-41fe-4829-b6a7-84bde17f66d5	chr18	16444	80259190	2	1	1
534d5cb7-41fe-4829-b6a7-84bde17f66d5	chr19	157892	15322525	1	1	0
534d5cb7-41fe-4829-b6a7-84bde17f66d5	chr19	15323571	46198605	2	1	1
534d5cb7-41fe-4829-b6a7-84bde17f66d5	chr19	46200337	58607412	1	1	0
534d5cb7-41fe-4829-b6a7-84bde17f66d5	chr20	80457	64331516	2	1	1
534d5cb7-41fe-4829-b6a7-84bde17f66d5	chr21	7762688	8997625	1	1	0
534d5cb7-41fe-4829-b6a7-84bde17f66d5	chr21	8999072	10802043	2	1	1
534d5cb7-41fe-4829-b6a7-84bde17f66d5	chr21	10805570	12975647	1	1	0
534d5cb7-41fe-4829-b6a7-84bde17f66d5	chr21	12976781	46699722	2	1	1
534d5cb7-41fe-4829-b6a7-84bde17f66d5	chr22	15284540	46164064	2	1	1
534d5cb7-41fe-4829-b6a7-84bde17f66d5	chr22	46165236	46499668	1	1	0
534d5cb7-41fe-4829-b6a7-84bde17f66d5	chr22	46500861	50802392	2	1	1
534d5cb7-41fe-4829-b6a7-84bde17f66d5	chrX	2781514	144418645	1	1	0
534d5cb7-41fe-4829-b6a7-84bde17f66d5	chrX	144419926	144481830	0	0	0
534d5cb7-41fe-4829-b6a7-84bde17f66d5	chrX	144482877	155699751	1	1	0
534d5cb7-41fe-4829-b6a7-84bde17f66d5	chrY	2789135	26622951	0	0	0
