GDC_Aliquot	Chromosome	Start	End	Num_Probes	Segment_Mean
0224ad1c-c5e6-4ded-8272-4ed16f29decc	1	62920	874393	50	-0.0638
0224ad1c-c5e6-4ded-8272-4ed16f29decc	1	877652	3221349	654	0.0961
0224ad1c-c5e6-4ded-8272-4ed16f29decc	1	3221392	12779433	5787	0.0062
0224ad1c-c5e6-4ded-8272-4ed16f29decc	1	12792599	12853248	29	-0.6678
0224ad1c-c5e6-4ded-8272-4ed16f29decc	1	12855993	16544783	2128	0.012
0224ad1c-c5e6-4ded-8272-4ed16f29decc	1	16569132	16643816	26	-0.266
0224ad1c-c5e6-4ded-8272-4ed16f29decc	1	16643864	25269390	5351	0.0052
0224ad1c-c5e6-4ded-8272-4ed16f29decc	1	25269456	25320455	22	0.4046
0224ad1c-c5e6-4ded-8272-4ed16f29decc	1	25336819	34626073	4953	0.0037
0224ad1c-c5e6-4ded-8272-4ed16f29decc	1	34637053	34648667	21	-0.4439
0224ad1c-c5e6-4ded-8272-4ed16f29decc	1	34649941	61648334	16469	0.0012
0224ad1c-c5e6-4ded-8272-4ed16f29decc	1	61648509	61649279	2	-2.5333
0224ad1c-c5e6-4ded-8272-4ed16f29decc	1	61652515	72302735	7295	0.0024
0224ad1c-c5e6-4ded-8272-4ed16f29decc	1	72302815	72345465	47	1.0244
0224ad1c-c5e6-4ded-8272-4ed16f29decc	1	72346221	105470754	20957	0.0042
0224ad1c-c5e6-4ded-8272-4ed16f29decc	1	105476583	105479738	16	0.7695
0224ad1c-c5e6-4ded-8272-4ed16f29decc	1	105479753	105912367	284	0.0452
0224ad1c-c5e6-4ded-8272-4ed16f29decc	1	105914701	105914733	2	-0.7968
0224ad1c-c5e6-4ded-8272-4ed16f29decc	1	105916475	108187137	1654	0.0144
0224ad1c-c5e6-4ded-8272-4ed16f29decc	1	108191613	108192255	2	-0.9541
0224ad1c-c5e6-4ded-8272-4ed16f29decc	1	108194874	109690352	697	0.0148
0224ad1c-c5e6-4ded-8272-4ed16f29decc	1	109690415	109697556	12	-1.0563
0224ad1c-c5e6-4ded-8272-4ed16f29decc	1	109702376	110837128	854	-0.0024
0224ad1c-c5e6-4ded-8272-4ed16f29decc	1	110837143	110850883	26	0.2046
0224ad1c-c5e6-4ded-8272-4ed16f29decc	1	110851091	112147704	1069	0.0041
0224ad1c-c5e6-4ded-8272-4ed16f29decc	1	112153343	112154768	25	-1.6106
0224ad1c-c5e6-4ded-8272-4ed16f29decc	1	112163334	152580550	7601	0.0091
0224ad1c-c5e6-4ded-8272-4ed16f29decc	1	152582700	152614118	37	0.3737
0224ad1c-c5e6-4ded-8272-4ed16f29decc	1	152618018	152787202	167	0.0222
0224ad1c-c5e6-4ded-8272-4ed16f29decc	1	152789447	152801429	38	0.3864
0224ad1c-c5e6-4ded-8272-4ed16f29decc	1	152804279	174827267	14811	0.001
0224ad1c-c5e6-4ded-8272-4ed16f29decc	1	174827418	174828549	14	-0.7527
0224ad1c-c5e6-4ded-8272-4ed16f29decc	1	174832599	174834468	13	0.0099
0224ad1c-c5e6-4ded-8272-4ed16f29decc	1	174834534	174834635	4	0.7493
0224ad1c-c5e6-4ded-8272-4ed16f29decc	1	174835841	179362247	3062	0.0031
0224ad1c-c5e6-4ded-8272-4ed16f29decc	1	179363963	179364180	2	-1.5939
0224ad1c-c5e6-4ded-8272-4ed16f29decc	1	179370071	196761905	11568	0.0023
0224ad1c-c5e6-4ded-8272-4ed16f29decc	1	196762480	196762956	2	-1.7458
0224ad1c-c5e6-4ded-8272-4ed16f29decc	1	196769493	196829513	46	0.107
0224ad1c-c5e6-4ded-8272-4ed16f29decc	1	196829534	196854187	13	0.4954
0224ad1c-c5e6-4ded-8272-4ed16f29decc	1	196854483	213830375	11368	-0.0021
0224ad1c-c5e6-4ded-8272-4ed16f29decc	1	213833847	213838562	3	-0.8359
0224ad1c-c5e6-4ded-8272-4ed16f29decc	1	213840793	245473108	22251	0.0046
0224ad1c-c5e6-4ded-8272-4ed16f29decc	1	245473737	245483602	11	-0.7712
0224ad1c-c5e6-4ded-8272-4ed16f29decc	1	245486349	248930189	2188	0.0218
0224ad1c-c5e6-4ded-8272-4ed16f29decc	2	12784	34466002	24096	0.0046
0224ad1c-c5e6-4ded-8272-4ed16f29decc	2	34474248	34512096	47	0.5886
0224ad1c-c5e6-4ded-8272-4ed16f29decc	2	34512489	35750907	871	0.0209
0224ad1c-c5e6-4ded-8272-4ed16f29decc	2	35752724	35762881	7	0.7631
0224ad1c-c5e6-4ded-8272-4ed16f29decc	2	35772407	52527342	12129	0.0063
0224ad1c-c5e6-4ded-8272-4ed16f29decc	2	52527362	52554404	38	-2.0613
0224ad1c-c5e6-4ded-8272-4ed16f29decc	2	52560811	87211079	22036	0.0039
0224ad1c-c5e6-4ded-8272-4ed16f29decc	2	87218694	87218834	2	-1.7733
0224ad1c-c5e6-4ded-8272-4ed16f29decc	2	87221597	106263639	7400	0.0011
0224ad1c-c5e6-4ded-8272-4ed16f29decc	2	106264257	106268901	11	-1.8529
0224ad1c-c5e6-4ded-8272-4ed16f29decc	2	106270799	113604438	3784	0.0082
0224ad1c-c5e6-4ded-8272-4ed16f29decc	2	113604837	113604839	2	-1.6104
0224ad1c-c5e6-4ded-8272-4ed16f29decc	2	113623244	163780342	30655	0.0061
0224ad1c-c5e6-4ded-8272-4ed16f29decc	2	163786978	163788616	5	-0.9937
0224ad1c-c5e6-4ded-8272-4ed16f29decc	2	163790132	183500180	12424	0.0044
0224ad1c-c5e6-4ded-8272-4ed16f29decc	2	183503876	183504513	5	-0.6906
0224ad1c-c5e6-4ded-8272-4ed16f29decc	2	183508717	207485467	13943	0.0034
0224ad1c-c5e6-4ded-8272-4ed16f29decc	2	207485523	207485538	2	-1.3679
0224ad1c-c5e6-4ded-8272-4ed16f29decc	2	207485595	242038992	22048	0.0053
0224ad1c-c5e6-4ded-8272-4ed16f29decc	2	242040969	242104665	50	0.4325
0224ad1c-c5e6-4ded-8272-4ed16f29decc	2	242106609	242147305	9	0.0528
0224ad1c-c5e6-4ded-8272-4ed16f29decc	3	20930	182919	154	0.0343
0224ad1c-c5e6-4ded-8272-4ed16f29decc	3	188339	191117	4	-1.0203
0224ad1c-c5e6-4ded-8272-4ed16f29decc	3	193194	6604856	5663	0.0246
0224ad1c-c5e6-4ded-8272-4ed16f29decc	3	6609441	6611645	23	-0.7225
0224ad1c-c5e6-4ded-8272-4ed16f29decc	3	6613391	11366589	3708	0.0063
0224ad1c-c5e6-4ded-8272-4ed16f29decc	3	11371130	11371926	4	-0.9635
0224ad1c-c5e6-4ded-8272-4ed16f29decc	3	11375791	52989195	26172	0.0007
0224ad1c-c5e6-4ded-8272-4ed16f29decc	3	52994359	53005201	38	-0.4204
0224ad1c-c5e6-4ded-8272-4ed16f29decc	3	53005247	59553252	4375	-0.0139
0224ad1c-c5e6-4ded-8272-4ed16f29decc	3	59554058	60625583	1233	0.0342
0224ad1c-c5e6-4ded-8272-4ed16f29decc	3	60625880	65202778	3950	-0.0056
0224ad1c-c5e6-4ded-8272-4ed16f29decc	3	65203560	65224777	52	-0.5135
0224ad1c-c5e6-4ded-8272-4ed16f29decc	3	65230674	68675541	2421	-0.0074
0224ad1c-c5e6-4ded-8272-4ed16f29decc	3	68676600	68699794	20	0.4416
0224ad1c-c5e6-4ded-8272-4ed16f29decc	3	68699901	84650642	9916	-0.0006
0224ad1c-c5e6-4ded-8272-4ed16f29decc	3	84650720	84653084	13	-0.5282
0224ad1c-c5e6-4ded-8272-4ed16f29decc	3	84653262	86267678	945	0.0015
0224ad1c-c5e6-4ded-8272-4ed16f29decc	3	86272595	86272950	2	-1.3391
0224ad1c-c5e6-4ded-8272-4ed16f29decc	3	86273663	130044855	23788	-0.0013
0224ad1c-c5e6-4ded-8272-4ed16f29decc	3	130047743	130087393	37	-1.4768
0224ad1c-c5e6-4ded-8272-4ed16f29decc	3	130088081	140823697	6730	-0.0029
0224ad1c-c5e6-4ded-8272-4ed16f29decc	3	140826859	140828142	2	-2.5015
0224ad1c-c5e6-4ded-8272-4ed16f29decc	3	140841776	151792254	6852	0.0046
0224ad1c-c5e6-4ded-8272-4ed16f29decc	3	151793297	151828091	29	-0.9491
0224ad1c-c5e6-4ded-8272-4ed16f29decc	3	151830703	162420194	6396	0
0224ad1c-c5e6-4ded-8272-4ed16f29decc	3	162420211	162424900	7	0.5182
0224ad1c-c5e6-4ded-8272-4ed16f29decc	3	162424917	162790480	259	0.0191
0224ad1c-c5e6-4ded-8272-4ed16f29decc	3	162794869	162908784	71	0.6118
0224ad1c-c5e6-4ded-8272-4ed16f29decc	3	162908815	176977100	8693	0.0027
0224ad1c-c5e6-4ded-8272-4ed16f29decc	3	176977169	176995893	41	0.2197
0224ad1c-c5e6-4ded-8272-4ed16f29decc	3	176998130	193162684	10442	-0.0022
0224ad1c-c5e6-4ded-8272-4ed16f29decc	3	193162798	193180830	36	0.2279
0224ad1c-c5e6-4ded-8272-4ed16f29decc	3	193185619	198169247	2670	0.0076
0224ad1c-c5e6-4ded-8272-4ed16f29decc	4	68929	21370726	13952	0.0099
0224ad1c-c5e6-4ded-8272-4ed16f29decc	4	21370904	21371022	5	0.9356
0224ad1c-c5e6-4ded-8272-4ed16f29decc	4	21375114	34777418	8756	0.0062
0224ad1c-c5e6-4ded-8272-4ed16f29decc	4	34777432	34823103	39	-0.3835
0224ad1c-c5e6-4ded-8272-4ed16f29decc	4	34828250	63840033	16579	0.0041
0224ad1c-c5e6-4ded-8272-4ed16f29decc	4	63841863	63851308	10	0.704
0224ad1c-c5e6-4ded-8272-4ed16f29decc	4	63852325	65701338	1179	0.0072
0224ad1c-c5e6-4ded-8272-4ed16f29decc	4	65701461	65701480	2	-1.3042
0224ad1c-c5e6-4ded-8272-4ed16f29decc	4	65703050	68378716	1665	0.0141
0224ad1c-c5e6-4ded-8272-4ed16f29decc	4	68389352	68391041	2	-1.5284
0224ad1c-c5e6-4ded-8272-4ed16f29decc	4	68394355	114252544	27784	0.0024
0224ad1c-c5e6-4ded-8272-4ed16f29decc	4	114254167	114261019	23	0.8565
0224ad1c-c5e6-4ded-8272-4ed16f29decc	4	114263073	115251820	615	-0.0024
0224ad1c-c5e6-4ded-8272-4ed16f29decc	4	115251886	115252113	6	-1.2244
0224ad1c-c5e6-4ded-8272-4ed16f29decc	4	115254098	115254370	6	0.1325
0224ad1c-c5e6-4ded-8272-4ed16f29decc	4	115254680	115259214	10	-0.5433
0224ad1c-c5e6-4ded-8272-4ed16f29decc	4	115259399	137168393	12604	0.0033
0224ad1c-c5e6-4ded-8272-4ed16f29decc	4	137170949	137172260	16	-0.5718
0224ad1c-c5e6-4ded-8272-4ed16f29decc	4	137173804	160131622	14080	0.0011
0224ad1c-c5e6-4ded-8272-4ed16f29decc	4	160132439	160149637	38	-0.7261
0224ad1c-c5e6-4ded-8272-4ed16f29decc	4	160162718	171448195	7281	0.0065
0224ad1c-c5e6-4ded-8272-4ed16f29decc	4	171453733	171456559	10	1.2859
0224ad1c-c5e6-4ded-8272-4ed16f29decc	4	171456573	172066777	399	-0.0123
0224ad1c-c5e6-4ded-8272-4ed16f29decc	4	172067997	172068382	12	0.7758
0224ad1c-c5e6-4ded-8272-4ed16f29decc	4	172074828	190106768	12080	0.0098
0224ad1c-c5e6-4ded-8272-4ed16f29decc	5	15532	12815668	10193	0.0068
0224ad1c-c5e6-4ded-8272-4ed16f29decc	5	12815753	12838421	13	-1.4332
0224ad1c-c5e6-4ded-8272-4ed16f29decc	5	12849089	15719241	1972	0.0013
0224ad1c-c5e6-4ded-8272-4ed16f29decc	5	15719966	15720488	9	-0.7907
0224ad1c-c5e6-4ded-8272-4ed16f29decc	5	15723237	46191782	18472	0.0038
0224ad1c-c5e6-4ded-8272-4ed16f29decc	5	46195781	46199333	4	-1.0883
0224ad1c-c5e6-4ded-8272-4ed16f29decc	5	46209197	46271006	15	0.117
0224ad1c-c5e6-4ded-8272-4ed16f29decc	5	46271828	46278110	7	0.768
0224ad1c-c5e6-4ded-8272-4ed16f29decc	5	46313245	53106218	1713	0.0017
0224ad1c-c5e6-4ded-8272-4ed16f29decc	5	53108689	53113609	3	-1.18
0224ad1c-c5e6-4ded-8272-4ed16f29decc	5	53115955	58025819	3358	-0.002
0224ad1c-c5e6-4ded-8272-4ed16f29decc	5	58030200	58037706	32	1.6332
0224ad1c-c5e6-4ded-8272-4ed16f29decc	5	58042530	69550476	7298	0.0027
0224ad1c-c5e6-4ded-8272-4ed16f29decc	5	69571467	69822308	5	-0.9129
0224ad1c-c5e6-4ded-8272-4ed16f29decc	5	69937600	99134610	16429	0.0042
0224ad1c-c5e6-4ded-8272-4ed16f29decc	5	99134919	100749857	924	0.0519
0224ad1c-c5e6-4ded-8272-4ed16f29decc	5	100752319	104515520	2188	-0.0013
0224ad1c-c5e6-4ded-8272-4ed16f29decc	5	104524672	104524903	4	-1.1955
0224ad1c-c5e6-4ded-8272-4ed16f29decc	5	104525348	113813914	6243	0.0021
0224ad1c-c5e6-4ded-8272-4ed16f29decc	5	113813930	113834748	11	-0.6082
0224ad1c-c5e6-4ded-8272-4ed16f29decc	5	113841208	118050922	3136	0.0159
0224ad1c-c5e6-4ded-8272-4ed16f29decc	5	118052727	118053390	11	-0.5298
0224ad1c-c5e6-4ded-8272-4ed16f29decc	5	118068645	152134610	21376	0.0039
0224ad1c-c5e6-4ded-8272-4ed16f29decc	5	152135825	152136330	8	-0.8837
0224ad1c-c5e6-4ded-8272-4ed16f29decc	5	152137227	156054939	2670	0.0012
0224ad1c-c5e6-4ded-8272-4ed16f29decc	5	156055000	156055719	8	-0.6932
0224ad1c-c5e6-4ded-8272-4ed16f29decc	5	156068240	160836283	3275	0.0027
0224ad1c-c5e6-4ded-8272-4ed16f29decc	5	160841251	161050864	174	-0.7369
0224ad1c-c5e6-4ded-8272-4ed16f29decc	5	161058295	177724103	11352	0.0084
0224ad1c-c5e6-4ded-8272-4ed16f29decc	5	177730398	177771448	5	-0.8527
0224ad1c-c5e6-4ded-8272-4ed16f29decc	5	177800550	177805604	3	2.3059
0224ad1c-c5e6-4ded-8272-4ed16f29decc	5	177827964	181363319	1985	0.0189
0224ad1c-c5e6-4ded-8272-4ed16f29decc	6	149661	294837	124	0.0269
0224ad1c-c5e6-4ded-8272-4ed16f29decc	6	302306	460051	146	0.1243
0224ad1c-c5e6-4ded-8272-4ed16f29decc	6	460187	16087418	12296	0.0025
0224ad1c-c5e6-4ded-8272-4ed16f29decc	6	16088037	16088500	4	-1.1957
0224ad1c-c5e6-4ded-8272-4ed16f29decc	6	16088820	29881490	9104	0.004
0224ad1c-c5e6-4ded-8272-4ed16f29decc	6	29882419	29931120	15	-0.7039
0224ad1c-c5e6-4ded-8272-4ed16f29decc	6	29931900	31313046	647	-0.0079
0224ad1c-c5e6-4ded-8272-4ed16f29decc	6	31318499	31328674	11	-1.0661
0224ad1c-c5e6-4ded-8272-4ed16f29decc	6	31342147	32486746	503	0.0093
0224ad1c-c5e6-4ded-8272-4ed16f29decc	6	32488906	32605994	29	-0.3666
0224ad1c-c5e6-4ded-8272-4ed16f29decc	6	32606237	32656527	26	0.0148
0224ad1c-c5e6-4ded-8272-4ed16f29decc	6	32656814	32658841	5	-1.3732
0224ad1c-c5e6-4ded-8272-4ed16f29decc	6	32682835	32898021	170	0.031
0224ad1c-c5e6-4ded-8272-4ed16f29decc	6	32898134	32898318	3	-0.8114
0224ad1c-c5e6-4ded-8272-4ed16f29decc	6	32899215	50946613	11342	0.0025
0224ad1c-c5e6-4ded-8272-4ed16f29decc	6	50947083	50947099	3	-1.515
0224ad1c-c5e6-4ded-8272-4ed16f29decc	6	50948562	54066286	2185	0.0037
0224ad1c-c5e6-4ded-8272-4ed16f29decc	6	54066353	54067057	7	-1.3184
0224ad1c-c5e6-4ded-8272-4ed16f29decc	6	54070550	66328153	5367	0.0052
0224ad1c-c5e6-4ded-8272-4ed16f29decc	6	66331020	66333004	6	-2.2614
0224ad1c-c5e6-4ded-8272-4ed16f29decc	6	66333299	76726815	6794	0.007
0224ad1c-c5e6-4ded-8272-4ed16f29decc	6	76730151	76742665	15	-0.6175
0224ad1c-c5e6-4ded-8272-4ed16f29decc	6	76742675	78253172	983	0.0146
0224ad1c-c5e6-4ded-8272-4ed16f29decc	6	78259348	78329517	114	0.4072
0224ad1c-c5e6-4ded-8272-4ed16f29decc	6	78331916	133945130	34601	0.0078
0224ad1c-c5e6-4ded-8272-4ed16f29decc	6	133947933	133948494	2	-1.7577
0224ad1c-c5e6-4ded-8272-4ed16f29decc	6	133950934	167201245	22996	0.0075
0224ad1c-c5e6-4ded-8272-4ed16f29decc	6	167211842	170741917	2101	0.0408
0224ad1c-c5e6-4ded-8272-4ed16f29decc	7	43355	3810535	1832	0.0013
0224ad1c-c5e6-4ded-8272-4ed16f29decc	7	3816912	4013787	169	0.1121
0224ad1c-c5e6-4ded-8272-4ed16f29decc	7	4015121	4632641	515	0.0263
0224ad1c-c5e6-4ded-8272-4ed16f29decc	7	4634827	4644243	4	-0.7836
0224ad1c-c5e6-4ded-8272-4ed16f29decc	7	4645497	54305455	35964	0.0072
0224ad1c-c5e6-4ded-8272-4ed16f29decc	7	54318812	54318824	6	-1.6397
0224ad1c-c5e6-4ded-8272-4ed16f29decc	7	54325795	109793741	28442	0.002
0224ad1c-c5e6-4ded-8272-4ed16f29decc	7	109797035	109797717	16	-0.5544
0224ad1c-c5e6-4ded-8272-4ed16f29decc	7	109800860	109801187	9	-0.0987
0224ad1c-c5e6-4ded-8272-4ed16f29decc	7	109801572	109813853	10	-1.9046
0224ad1c-c5e6-4ded-8272-4ed16f29decc	7	109813925	110027491	139	0.0196
0224ad1c-c5e6-4ded-8272-4ed16f29decc	7	110027515	110028132	2	-3.6342
0224ad1c-c5e6-4ded-8272-4ed16f29decc	7	110041099	159334314	30726	0.0016
0224ad1c-c5e6-4ded-8272-4ed16f29decc	8	81254	2844412	2038	0.0372
0224ad1c-c5e6-4ded-8272-4ed16f29decc	8	2846011	2849649	8	0.5622
0224ad1c-c5e6-4ded-8272-4ed16f29decc	8	2849664	3302699	458	0.003
0224ad1c-c5e6-4ded-8272-4ed16f29decc	8	3303176	3303375	5	-0.9523
0224ad1c-c5e6-4ded-8272-4ed16f29decc	8	3303514	6982775	5129	0.0309
0224ad1c-c5e6-4ded-8272-4ed16f29decc	8	7001884	7018620	3	-1.2192
0224ad1c-c5e6-4ded-8272-4ed16f29decc	8	7020666	7137595	72	0.0067
0224ad1c-c5e6-4ded-8272-4ed16f29decc	8	7141698	7153358	3	-0.7215
0224ad1c-c5e6-4ded-8272-4ed16f29decc	8	7153553	7329110	11	0.1673
0224ad1c-c5e6-4ded-8272-4ed16f29decc	8	7329124	8234503	70	-0.2162
0224ad1c-c5e6-4ded-8272-4ed16f29decc	8	8235660	12092042	3219	0.0296
0224ad1c-c5e6-4ded-8272-4ed16f29decc	8	12130217	12143614	6	-0.919
0224ad1c-c5e6-4ded-8272-4ed16f29decc	8	12176798	12376891	13	0.1377
0224ad1c-c5e6-4ded-8272-4ed16f29decc	8	12382326	12418301	19	0.5181
0224ad1c-c5e6-4ded-8272-4ed16f29decc	8	12419769	12788880	111	0.013
0224ad1c-c5e6-4ded-8272-4ed16f29decc	8	12791219	12795017	4	-1.5928
0224ad1c-c5e6-4ded-8272-4ed16f29decc	8	12796024	111282237	61430	0.0043
0224ad1c-c5e6-4ded-8272-4ed16f29decc	8	111282417	111283016	6	-1.3563
0224ad1c-c5e6-4ded-8272-4ed16f29decc	8	111283031	114622424	1826	0.0046
0224ad1c-c5e6-4ded-8272-4ed16f29decc	8	114622438	114629502	32	-0.4643
0224ad1c-c5e6-4ded-8272-4ed16f29decc	8	114638468	137619401	16673	0.0017
0224ad1c-c5e6-4ded-8272-4ed16f29decc	8	137619896	137621477	2	-1.0916
0224ad1c-c5e6-4ded-8272-4ed16f29decc	8	137621780	140625507	2400	0.0035
0224ad1c-c5e6-4ded-8272-4ed16f29decc	8	140625549	142308160	986	0.0607
0224ad1c-c5e6-4ded-8272-4ed16f29decc	8	142309199	145072769	1001	0.0181
0224ad1c-c5e6-4ded-8272-4ed16f29decc	9	46587	242595	71	0.0119
0224ad1c-c5e6-4ded-8272-4ed16f29decc	9	242797	243549	3	0.9521
0224ad1c-c5e6-4ded-8272-4ed16f29decc	9	244577	592306	404	-0.0146
0224ad1c-c5e6-4ded-8272-4ed16f29decc	9	592552	592567	2	1.1576
0224ad1c-c5e6-4ded-8272-4ed16f29decc	9	592718	792632	284	0.0585
0224ad1c-c5e6-4ded-8272-4ed16f29decc	9	792987	6432156	5409	0.004
0224ad1c-c5e6-4ded-8272-4ed16f29decc	9	6432484	6695986	203	0.1089
0224ad1c-c5e6-4ded-8272-4ed16f29decc	9	6701145	6708357	7	-0.8394
0224ad1c-c5e6-4ded-8272-4ed16f29decc	9	6712314	10541928	3699	0.0253
0224ad1c-c5e6-4ded-8272-4ed16f29decc	9	10541982	10542221	4	-1.0092
0224ad1c-c5e6-4ded-8272-4ed16f29decc	9	10542242	11601778	874	0.0142
0224ad1c-c5e6-4ded-8272-4ed16f29decc	9	11607030	11613780	7	-0.9892
0224ad1c-c5e6-4ded-8272-4ed16f29decc	9	11614149	11837288	179	0.0346
0224ad1c-c5e6-4ded-8272-4ed16f29decc	9	11837596	11837866	3	0.8395
0224ad1c-c5e6-4ded-8272-4ed16f29decc	9	11839399	13569434	1274	0.0039
0224ad1c-c5e6-4ded-8272-4ed16f29decc	9	13571609	13575892	3	-0.9353
0224ad1c-c5e6-4ded-8272-4ed16f29decc	9	13575930	23363117	8003	0.0037
0224ad1c-c5e6-4ded-8272-4ed16f29decc	9	23363935	23380447	10	-0.4988
0224ad1c-c5e6-4ded-8272-4ed16f29decc	9	23380836	29960547	4961	0.0108
0224ad1c-c5e6-4ded-8272-4ed16f29decc	9	29961051	29961078	2	-1.5845
0224ad1c-c5e6-4ded-8272-4ed16f29decc	9	29962348	39487690	5781	0.0025
0224ad1c-c5e6-4ded-8272-4ed16f29decc	9	39547279	41666811	105	-0.3814
0224ad1c-c5e6-4ded-8272-4ed16f29decc	9	41703463	61860153	137	0.1633
0224ad1c-c5e6-4ded-8272-4ed16f29decc	9	61918788	63580418	29	-0.2048
0224ad1c-c5e6-4ded-8272-4ed16f29decc	9	63590317	63592813	7	1.4105
0224ad1c-c5e6-4ded-8272-4ed16f29decc	9	63614182	64462508	45	0.0488
0224ad1c-c5e6-4ded-8272-4ed16f29decc	9	64467459	67107066	62	-0.2554
0224ad1c-c5e6-4ded-8272-4ed16f29decc	9	67135566	69482739	945	0.0055
0224ad1c-c5e6-4ded-8272-4ed16f29decc	9	69483652	69493745	27	0.2188
0224ad1c-c5e6-4ded-8272-4ed16f29decc	9	69493811	70194046	552	0.0132
0224ad1c-c5e6-4ded-8272-4ed16f29decc	9	70196070	70197838	2	-0.9613
0224ad1c-c5e6-4ded-8272-4ed16f29decc	9	70198765	72665695	1750	0.0092
0224ad1c-c5e6-4ded-8272-4ed16f29decc	9	72669643	72670153	3	-0.8381
0224ad1c-c5e6-4ded-8272-4ed16f29decc	9	72670987	87907679	10953	0.0061
0224ad1c-c5e6-4ded-8272-4ed16f29decc	9	87939236	87939304	2	-1.6788
0224ad1c-c5e6-4ded-8272-4ed16f29decc	9	87943042	100982205	8546	0.0074
0224ad1c-c5e6-4ded-8272-4ed16f29decc	9	100990896	100999566	5	-0.6319
0224ad1c-c5e6-4ded-8272-4ed16f29decc	9	101000235	102011283	768	0.0025
0224ad1c-c5e6-4ded-8272-4ed16f29decc	9	102012159	104092324	1504	0.0448
0224ad1c-c5e6-4ded-8272-4ed16f29decc	9	104092435	138200944	22899	0.0043
0224ad1c-c5e6-4ded-8272-4ed16f29decc	10	45792	1400969	821	0.0529
0224ad1c-c5e6-4ded-8272-4ed16f29decc	10	1400985	1400985	2	-1.7546
0224ad1c-c5e6-4ded-8272-4ed16f29decc	10	1401020	4248622	2752	0.0175
0224ad1c-c5e6-4ded-8272-4ed16f29decc	10	4248646	4248732	2	1.0261
0224ad1c-c5e6-4ded-8272-4ed16f29decc	10	4248824	24088746	15621	0.006
0224ad1c-c5e6-4ded-8272-4ed16f29decc	10	24088747	24089125	9	-1.7244
0224ad1c-c5e6-4ded-8272-4ed16f29decc	10	24089979	26934974	1984	0.0039
0224ad1c-c5e6-4ded-8272-4ed16f29decc	10	26936975	26941064	14	0.4508
0224ad1c-c5e6-4ded-8272-4ed16f29decc	10	26941746	30957581	3018	0.0059
0224ad1c-c5e6-4ded-8272-4ed16f29decc	10	30962405	30962797	9	-0.7702
0224ad1c-c5e6-4ded-8272-4ed16f29decc	10	30962809	133654968	66453	0.0056
0224ad1c-c5e6-4ded-8272-4ed16f29decc	11	198510	4572359	2014	0.0005
0224ad1c-c5e6-4ded-8272-4ed16f29decc	11	4573509	4574920	2	-1.0423
0224ad1c-c5e6-4ded-8272-4ed16f29decc	11	4575219	4947280	404	0.0232
0224ad1c-c5e6-4ded-8272-4ed16f29decc	11	4949013	4980025	44	0.2013
0224ad1c-c5e6-4ded-8272-4ed16f29decc	11	4980276	5499342	523	0.0062
0224ad1c-c5e6-4ded-8272-4ed16f29decc	11	5499745	5501334	7	-0.5524
0224ad1c-c5e6-4ded-8272-4ed16f29decc	11	5502363	5762452	238	0.0194
0224ad1c-c5e6-4ded-8272-4ed16f29decc	11	5762693	5788231	36	0.2729
0224ad1c-c5e6-4ded-8272-4ed16f29decc	11	5791130	31371747	18544	0.0057
0224ad1c-c5e6-4ded-8272-4ed16f29decc	11	31372721	31375533	2	-2.2752
0224ad1c-c5e6-4ded-8272-4ed16f29decc	11	31376660	42785494	8094	0.0061
0224ad1c-c5e6-4ded-8272-4ed16f29decc	11	42791601	42796489	3	-0.7949
0224ad1c-c5e6-4ded-8272-4ed16f29decc	11	42799053	48576870	3404	0.0034
0224ad1c-c5e6-4ded-8272-4ed16f29decc	11	48579882	48581124	2	-1.1149
0224ad1c-c5e6-4ded-8272-4ed16f29decc	11	48584766	55608804	1186	0.0055
0224ad1c-c5e6-4ded-8272-4ed16f29decc	11	55609022	55674842	40	-0.2768
0224ad1c-c5e6-4ded-8272-4ed16f29decc	11	55676735	62273047	3961	0.0051
0224ad1c-c5e6-4ded-8272-4ed16f29decc	11	62273321	62275702	2	-1.7515
0224ad1c-c5e6-4ded-8272-4ed16f29decc	11	62280495	70922272	3962	0.0104
0224ad1c-c5e6-4ded-8272-4ed16f29decc	11	70925859	70927782	2	-1.034
0224ad1c-c5e6-4ded-8272-4ed16f29decc	11	70930202	80256469	5348	0.0012
0224ad1c-c5e6-4ded-8272-4ed16f29decc	11	80256504	80256520	2	-2.9979
0224ad1c-c5e6-4ded-8272-4ed16f29decc	11	80256642	88570126	5905	0.0046
0224ad1c-c5e6-4ded-8272-4ed16f29decc	11	88576138	88576508	3	0.9309
0224ad1c-c5e6-4ded-8272-4ed16f29decc	11	88577129	89834373	697	-0.0062
0224ad1c-c5e6-4ded-8272-4ed16f29decc	11	89847184	89903029	3	-0.7522
0224ad1c-c5e6-4ded-8272-4ed16f29decc	11	89923071	90043678	4	0.7805
0224ad1c-c5e6-4ded-8272-4ed16f29decc	11	90070476	100914718	7906	0.0129
0224ad1c-c5e6-4ded-8272-4ed16f29decc	11	100914861	100916271	2	-0.9338
0224ad1c-c5e6-4ded-8272-4ed16f29decc	11	100923145	101723653	779	0.0004
0224ad1c-c5e6-4ded-8272-4ed16f29decc	11	101727129	101727233	4	1.3282
0224ad1c-c5e6-4ded-8272-4ed16f29decc	11	101727481	134731897	23452	0.0022
0224ad1c-c5e6-4ded-8272-4ed16f29decc	11	134732386	134734098	3	-0.8312
0224ad1c-c5e6-4ded-8272-4ed16f29decc	11	134737977	135074876	281	0.0692
0224ad1c-c5e6-4ded-8272-4ed16f29decc	12	51460	799117	473	0.0703
0224ad1c-c5e6-4ded-8272-4ed16f29decc	12	799344	4276176	2404	0.005
0224ad1c-c5e6-4ded-8272-4ed16f29decc	12	4276217	4279366	13	0.246
0224ad1c-c5e6-4ded-8272-4ed16f29decc	12	4279989	4280040	4	-0.8661
0224ad1c-c5e6-4ded-8272-4ed16f29decc	12	4280183	31249756	18593	0.0032
0224ad1c-c5e6-4ded-8272-4ed16f29decc	12	31253875	31253938	2	-1.3693
0224ad1c-c5e6-4ded-8272-4ed16f29decc	12	31253973	33141577	1293	0.004
0224ad1c-c5e6-4ded-8272-4ed16f29decc	12	33141611	33170429	47	0.2421
0224ad1c-c5e6-4ded-8272-4ed16f29decc	12	33171456	37497072	783	0.0261
0224ad1c-c5e6-4ded-8272-4ed16f29decc	12	37506301	38725512	496	0.084
0224ad1c-c5e6-4ded-8272-4ed16f29decc	12	38726153	42905795	2735	0.0088
0224ad1c-c5e6-4ded-8272-4ed16f29decc	12	42906551	43362471	300	0.0842
0224ad1c-c5e6-4ded-8272-4ed16f29decc	12	43362494	45506042	1259	0.0032
0224ad1c-c5e6-4ded-8272-4ed16f29decc	12	45510655	45515754	4	-1.3929
0224ad1c-c5e6-4ded-8272-4ed16f29decc	12	45519509	70478078	15172	0
0224ad1c-c5e6-4ded-8272-4ed16f29decc	12	70478895	70483970	5	-2.9845
0224ad1c-c5e6-4ded-8272-4ed16f29decc	12	70483985	70484247	4	-1.2129
0224ad1c-c5e6-4ded-8272-4ed16f29decc	12	70485605	87369661	10464	-0.0031
0224ad1c-c5e6-4ded-8272-4ed16f29decc	12	87369716	87369847	5	-0.8881
0224ad1c-c5e6-4ded-8272-4ed16f29decc	12	87370018	108053982	13945	0.0029
0224ad1c-c5e6-4ded-8272-4ed16f29decc	12	108054269	108092663	38	0.2169
0224ad1c-c5e6-4ded-8272-4ed16f29decc	12	108092955	127639801	12759	0.002
0224ad1c-c5e6-4ded-8272-4ed16f29decc	12	127640657	131613371	3462	0.0329
0224ad1c-c5e6-4ded-8272-4ed16f29decc	12	131613387	131614448	3	-0.8807
0224ad1c-c5e6-4ded-8272-4ed16f29decc	12	131615979	133201603	588	0.0408
0224ad1c-c5e6-4ded-8272-4ed16f29decc	13	18452809	18795170	76	-0.0105
0224ad1c-c5e6-4ded-8272-4ed16f29decc	13	18795296	18835707	16	-0.3123
0224ad1c-c5e6-4ded-8272-4ed16f29decc	13	18842946	20267631	792	0.0225
0224ad1c-c5e6-4ded-8272-4ed16f29decc	13	20269674	20464613	181	0.1253
0224ad1c-c5e6-4ded-8272-4ed16f29decc	13	20464793	23055048	1791	0.0136
0224ad1c-c5e6-4ded-8272-4ed16f29decc	13	23055071	23059376	13	-0.5846
0224ad1c-c5e6-4ded-8272-4ed16f29decc	13	23064056	25635565	1922	0.0228
0224ad1c-c5e6-4ded-8272-4ed16f29decc	13	25636685	25646025	4	-1.8945
0224ad1c-c5e6-4ded-8272-4ed16f29decc	13	25646864	37496998	8691	0.0064
0224ad1c-c5e6-4ded-8272-4ed16f29decc	13	37497899	37510620	16	-1.7389
0224ad1c-c5e6-4ded-8272-4ed16f29decc	13	37514193	49902758	8463	0.0078
0224ad1c-c5e6-4ded-8272-4ed16f29decc	13	49906215	51053543	700	0.0662
0224ad1c-c5e6-4ded-8272-4ed16f29decc	13	51054294	52250145	666	-0.0117
0224ad1c-c5e6-4ded-8272-4ed16f29decc	13	52265369	52315875	11	0.428
0224ad1c-c5e6-4ded-8272-4ed16f29decc	13	52322826	52485081	56	0.0497
0224ad1c-c5e6-4ded-8272-4ed16f29decc	13	52497017	52565009	13	-0.7839
0224ad1c-c5e6-4ded-8272-4ed16f29decc	13	52571523	54599834	1309	0.0181
0224ad1c-c5e6-4ded-8272-4ed16f29decc	13	54600771	54625868	12	0.3579
0224ad1c-c5e6-4ded-8272-4ed16f29decc	13	54626012	57184492	1302	0.0204
0224ad1c-c5e6-4ded-8272-4ed16f29decc	13	57189013	57201082	26	0.3217
0224ad1c-c5e6-4ded-8272-4ed16f29decc	13	57202435	114342922	38097	0.0084
0224ad1c-c5e6-4ded-8272-4ed16f29decc	14	18239283	19256296	43	-0.1903
0224ad1c-c5e6-4ded-8272-4ed16f29decc	14	19280948	19954424	123	0.6447
0224ad1c-c5e6-4ded-8272-4ed16f29decc	14	19955213	106340305	54966	0.0027
0224ad1c-c5e6-4ded-8272-4ed16f29decc	14	106340774	106365807	9	0.8014
0224ad1c-c5e6-4ded-8272-4ed16f29decc	14	106369985	106458728	70	0.1738
0224ad1c-c5e6-4ded-8272-4ed16f29decc	14	106462123	106877229	200	-0.0037
0224ad1c-c5e6-4ded-8272-4ed16f29decc	15	19811075	20001686	45	-0.1037
0224ad1c-c5e6-4ded-8272-4ed16f29decc	15	20011702	20625279	92	0.2984
0224ad1c-c5e6-4ded-8272-4ed16f29decc	15	20642631	22005276	43	-0.1241
0224ad1c-c5e6-4ded-8272-4ed16f29decc	15	22227530	22413894	29	0.37
0224ad1c-c5e6-4ded-8272-4ed16f29decc	15	22455811	24424598	990	0.0197
0224ad1c-c5e6-4ded-8272-4ed16f29decc	15	24429604	24473026	33	-0.5215
0224ad1c-c5e6-4ded-8272-4ed16f29decc	15	24473449	30231102	3607	0.022
0224ad1c-c5e6-4ded-8272-4ed16f29decc	15	30252720	30269364	5	0.842
0224ad1c-c5e6-4ded-8272-4ed16f29decc	15	30281107	76586021	29077	0.0062
0224ad1c-c5e6-4ded-8272-4ed16f29decc	15	76598900	76603434	22	0.6526
0224ad1c-c5e6-4ded-8272-4ed16f29decc	15	76609838	101145347	17064	0.0106
0224ad1c-c5e6-4ded-8272-4ed16f29decc	15	101148851	101151243	4	0.7603
0224ad1c-c5e6-4ded-8272-4ed16f29decc	15	101153676	101771055	485	0.0284
0224ad1c-c5e6-4ded-8272-4ed16f29decc	15	101777618	101785951	7	-0.4978
0224ad1c-c5e6-4ded-8272-4ed16f29decc	15	101790861	101928837	58	0.1052
0224ad1c-c5e6-4ded-8272-4ed16f29decc	16	10777	5557889	2623	0.0225
0224ad1c-c5e6-4ded-8272-4ed16f29decc	16	5558088	5558150	2	-1.7043
0224ad1c-c5e6-4ded-8272-4ed16f29decc	16	5558336	55761136	24312	0.0138
0224ad1c-c5e6-4ded-8272-4ed16f29decc	16	55762477	55788532	22	-0.5213
0224ad1c-c5e6-4ded-8272-4ed16f29decc	16	55808442	55822948	12	0.4246
0224ad1c-c5e6-4ded-8272-4ed16f29decc	16	55824881	60519407	2927	-0.0018
0224ad1c-c5e6-4ded-8272-4ed16f29decc	16	60521634	60533175	8	-0.6788
0224ad1c-c5e6-4ded-8272-4ed16f29decc	16	60537315	70105639	5809	0.0041
0224ad1c-c5e6-4ded-8272-4ed16f29decc	16	70117657	70212022	19	-0.3525
0224ad1c-c5e6-4ded-8272-4ed16f29decc	16	70212430	78337711	5508	0.0046
0224ad1c-c5e6-4ded-8272-4ed16f29decc	16	78338543	78349243	15	0.7817
0224ad1c-c5e6-4ded-8272-4ed16f29decc	16	78350841	84023419	6366	0.0083
0224ad1c-c5e6-4ded-8272-4ed16f29decc	16	84023427	84592686	488	0.0709
0224ad1c-c5e6-4ded-8272-4ed16f29decc	16	84594173	84594890	2	-1.1198
0224ad1c-c5e6-4ded-8272-4ed16f29decc	16	84596211	84799614	225	0.0984
0224ad1c-c5e6-4ded-8272-4ed16f29decc	16	84799767	88542156	2874	0.0079
0224ad1c-c5e6-4ded-8272-4ed16f29decc	16	88542918	89327154	293	0.1002
0224ad1c-c5e6-4ded-8272-4ed16f29decc	16	89327355	90096867	378	0.0319
0224ad1c-c5e6-4ded-8272-4ed16f29decc	17	150733	1278022	561	0.0712
0224ad1c-c5e6-4ded-8272-4ed16f29decc	17	1278872	2408335	594	-0.0027
0224ad1c-c5e6-4ded-8272-4ed16f29decc	17	2409060	2409080	4	0.9054
0224ad1c-c5e6-4ded-8272-4ed16f29decc	17	2413234	14593224	8053	0.0138
0224ad1c-c5e6-4ded-8272-4ed16f29decc	17	14593248	14747609	136	0.1353
0224ad1c-c5e6-4ded-8272-4ed16f29decc	17	14748802	16669462	1108	0.0123
0224ad1c-c5e6-4ded-8272-4ed16f29decc	17	16672146	16678487	7	-0.6952
0224ad1c-c5e6-4ded-8272-4ed16f29decc	17	16678690	19594577	1320	0.0063
0224ad1c-c5e6-4ded-8272-4ed16f29decc	17	19596423	19621438	27	-0.7112
0224ad1c-c5e6-4ded-8272-4ed16f29decc	17	19631693	41265456	9008	0.005
0224ad1c-c5e6-4ded-8272-4ed16f29decc	17	41266762	41274198	23	0.9606
0224ad1c-c5e6-4ded-8272-4ed16f29decc	17	41274279	43349580	1105	0.0172
0224ad1c-c5e6-4ded-8272-4ed16f29decc	17	43354897	43362553	4	-0.735
0224ad1c-c5e6-4ded-8272-4ed16f29decc	17	43366336	45577724	1049	0.0038
0224ad1c-c5e6-4ded-8272-4ed16f29decc	17	45579014	45582060	6	-1.0135
0224ad1c-c5e6-4ded-8272-4ed16f29decc	17	45587327	46088437	338	0.03
0224ad1c-c5e6-4ded-8272-4ed16f29decc	17	46089055	46284997	121	-0.2432
0224ad1c-c5e6-4ded-8272-4ed16f29decc	17	46286804	46351954	3	0.3551
0224ad1c-c5e6-4ded-8272-4ed16f29decc	17	46446345	46446360	2	2.6883
0224ad1c-c5e6-4ded-8272-4ed16f29decc	17	46569894	83091923	21571	0.0039
0224ad1c-c5e6-4ded-8272-4ed16f29decc	18	48133	40678763	22794	0.0064
0224ad1c-c5e6-4ded-8272-4ed16f29decc	18	40680456	40685425	19	-0.4756
0224ad1c-c5e6-4ded-8272-4ed16f29decc	18	40688060	64331962	16329	0.0014
0224ad1c-c5e6-4ded-8272-4ed16f29decc	18	64332114	66095064	1228	0.0387
0224ad1c-c5e6-4ded-8272-4ed16f29decc	18	66099904	66100686	3	1.0038
0224ad1c-c5e6-4ded-8272-4ed16f29decc	18	66108359	67292086	773	-0.001
0224ad1c-c5e6-4ded-8272-4ed16f29decc	18	67292135	67300028	18	-0.6056
0224ad1c-c5e6-4ded-8272-4ed16f29decc	18	67300481	71421456	3017	0.0112
0224ad1c-c5e6-4ded-8272-4ed16f29decc	18	71424091	71425059	2	-1.6529
0224ad1c-c5e6-4ded-8272-4ed16f29decc	18	71425397	73927768	2023	0.0481
0224ad1c-c5e6-4ded-8272-4ed16f29decc	18	73934126	79365698	4128	-0.0014
0224ad1c-c5e6-4ded-8272-4ed16f29decc	18	79366099	80257174	418	0.0587
0224ad1c-c5e6-4ded-8272-4ed16f29decc	19	90910	24274155	11132	0.009
0224ad1c-c5e6-4ded-8272-4ed16f29decc	19	24278016	24282155	10	-0.688
0224ad1c-c5e6-4ded-8272-4ed16f29decc	19	24304880	48028055	11865	0.0078
0224ad1c-c5e6-4ded-8272-4ed16f29decc	19	48028073	48028075	2	-1.4118
0224ad1c-c5e6-4ded-8272-4ed16f29decc	19	48028119	51628560	1757	0.0132
0224ad1c-c5e6-4ded-8272-4ed16f29decc	19	51639099	51644683	10	0.4658
0224ad1c-c5e6-4ded-8272-4ed16f29decc	19	51644944	53857798	1554	0.0169
0224ad1c-c5e6-4ded-8272-4ed16f29decc	19	53858137	53864916	5	-0.924
0224ad1c-c5e6-4ded-8272-4ed16f29decc	19	53871273	54226378	178	0.0243
0224ad1c-c5e6-4ded-8272-4ed16f29decc	19	54226396	54249482	14	0.3342
0224ad1c-c5e6-4ded-8272-4ed16f29decc	19	54249619	55041384	420	0.0227
0224ad1c-c5e6-4ded-8272-4ed16f29decc	19	55041455	55042279	2	-0.9995
0224ad1c-c5e6-4ded-8272-4ed16f29decc	19	55042770	55761691	320	-0.0093
0224ad1c-c5e6-4ded-8272-4ed16f29decc	19	55766684	55771701	6	-0.8919
0224ad1c-c5e6-4ded-8272-4ed16f29decc	19	55774927	58429147	1785	0.0089
0224ad1c-c5e6-4ded-8272-4ed16f29decc	19	58432041	58433008	2	-3.5461
0224ad1c-c5e6-4ded-8272-4ed16f29decc	19	58434689	58586487	52	0.0559
0224ad1c-c5e6-4ded-8272-4ed16f29decc	20	80664	1580353	1204	0.0386
0224ad1c-c5e6-4ded-8272-4ed16f29decc	20	1580934	1601561	36	1.1153
0224ad1c-c5e6-4ded-8272-4ed16f29decc	20	1609611	12648579	8445	0.0141
0224ad1c-c5e6-4ded-8272-4ed16f29decc	20	12648918	12648947	2	-1.0307
0224ad1c-c5e6-4ded-8272-4ed16f29decc	20	12649334	15320728	1951	0.0194
0224ad1c-c5e6-4ded-8272-4ed16f29decc	20	15321256	15321728	3	-0.8184
0224ad1c-c5e6-4ded-8272-4ed16f29decc	20	15324612	16098158	773	0.0164
0224ad1c-c5e6-4ded-8272-4ed16f29decc	20	16098361	16104299	3	-0.8538
0224ad1c-c5e6-4ded-8272-4ed16f29decc	20	16107676	64284215	29963	0.0062
0224ad1c-c5e6-4ded-8272-4ed16f29decc	20	64284715	64324800	6	-0.7104
0224ad1c-c5e6-4ded-8272-4ed16f29decc	21	10354168	13634568	271	-0.0144
0224ad1c-c5e6-4ded-8272-4ed16f29decc	21	13647365	13677975	2	-1.3742
0224ad1c-c5e6-4ded-8272-4ed16f29decc	21	13803967	37411962	16968	0.0083
0224ad1c-c5e6-4ded-8272-4ed16f29decc	21	37412006	37412322	2	-1.3532
0224ad1c-c5e6-4ded-8272-4ed16f29decc	21	37412672	42585053	4556	0.0009
0224ad1c-c5e6-4ded-8272-4ed16f29decc	21	42585091	42587431	5	-1.3276
0224ad1c-c5e6-4ded-8272-4ed16f29decc	21	42595062	45400253	1331	0.0143
0224ad1c-c5e6-4ded-8272-4ed16f29decc	21	45401213	45477179	32	0.267
0224ad1c-c5e6-4ded-8272-4ed16f29decc	21	45483498	45606427	62	0.0502
0224ad1c-c5e6-4ded-8272-4ed16f29decc	21	45608010	45612418	6	0.4426
0224ad1c-c5e6-4ded-8272-4ed16f29decc	21	45612481	46677045	633	0.037
0224ad1c-c5e6-4ded-8272-4ed16f29decc	22	15294547	16413470	45	0.1548
0224ad1c-c5e6-4ded-8272-4ed16f29decc	22	16413538	19320178	1341	-0.0013
0224ad1c-c5e6-4ded-8272-4ed16f29decc	22	19323289	22114208	1733	0.0649
0224ad1c-c5e6-4ded-8272-4ed16f29decc	22	22119549	22120255	6	-0.6309
0224ad1c-c5e6-4ded-8272-4ed16f29decc	22	22127104	22395284	321	0.0354
0224ad1c-c5e6-4ded-8272-4ed16f29decc	22	22395418	22398127	11	0.4275
0224ad1c-c5e6-4ded-8272-4ed16f29decc	22	22398345	22398545	4	0.8534
0224ad1c-c5e6-4ded-8272-4ed16f29decc	22	22402989	23940911	920	0.0348
0224ad1c-c5e6-4ded-8272-4ed16f29decc	22	23942595	23981995	12	-0.549
0224ad1c-c5e6-4ded-8272-4ed16f29decc	22	23988078	23990739	4	-2.2285
0224ad1c-c5e6-4ded-8272-4ed16f29decc	22	23995113	24706748	385	0.0035
0224ad1c-c5e6-4ded-8272-4ed16f29decc	22	24707057	24710444	3	0.6139
0224ad1c-c5e6-4ded-8272-4ed16f29decc	22	24714909	25430519	584	0.0011
0224ad1c-c5e6-4ded-8272-4ed16f29decc	22	25439231	25439490	2	1.353
0224ad1c-c5e6-4ded-8272-4ed16f29decc	22	25440170	29472866	3350	0.01
0224ad1c-c5e6-4ded-8272-4ed16f29decc	22	29473201	29485728	7	0.5637
0224ad1c-c5e6-4ded-8272-4ed16f29decc	22	29485839	38894915	6470	0.003
0224ad1c-c5e6-4ded-8272-4ed16f29decc	22	38899250	38900899	3	-3.2844
0224ad1c-c5e6-4ded-8272-4ed16f29decc	22	38903109	42501276	1952	0.0039
0224ad1c-c5e6-4ded-8272-4ed16f29decc	22	42503434	42581060	34	0.3846
0224ad1c-c5e6-4ded-8272-4ed16f29decc	22	42581184	44737460	1620	0.0158
0224ad1c-c5e6-4ded-8272-4ed16f29decc	22	44739926	44740755	3	-1.1006
0224ad1c-c5e6-4ded-8272-4ed16f29decc	22	44741026	48388445	2823	0.0056
0224ad1c-c5e6-4ded-8272-4ed16f29decc	22	48388729	48390985	4	0.607
0224ad1c-c5e6-4ded-8272-4ed16f29decc	22	48391096	48439062	72	0.0254
0224ad1c-c5e6-4ded-8272-4ed16f29decc	22	48440033	48440472	4	0.5029
0224ad1c-c5e6-4ded-8272-4ed16f29decc	22	48441615	48872888	331	-0.0137
0224ad1c-c5e6-4ded-8272-4ed16f29decc	22	48874111	48874730	2	-1.3401
0224ad1c-c5e6-4ded-8272-4ed16f29decc	22	48877479	50796027	1232	0.0585
0224ad1c-c5e6-4ded-8272-4ed16f29decc	X	251810	53452694	31145	0.005
0224ad1c-c5e6-4ded-8272-4ed16f29decc	X	53453749	53461611	4	-2.4046
0224ad1c-c5e6-4ded-8272-4ed16f29decc	X	53469921	140596552	43070	-0.0036
0224ad1c-c5e6-4ded-8272-4ed16f29decc	X	140596658	140597218	2	3.1006
0224ad1c-c5e6-4ded-8272-4ed16f29decc	X	140597908	155952689	9343	0.0031
0224ad1c-c5e6-4ded-8272-4ed16f29decc	Y	2782397	21924037	6340	-0.8724
0224ad1c-c5e6-4ded-8272-4ed16f29decc	Y	21961640	22213784	7	-0.0394
0224ad1c-c5e6-4ded-8272-4ed16f29decc	Y	22215125	56872112	293	-0.9198
