GDC_Aliquot	Chromosome	Start	End	Copy_Number	Major_Copy_Number	Minor_Copy_Number
5af6b5ce-93f8-4a2a-8b20-1509cf2e82a7	chr1	13116	65862572	2	1	1
5af6b5ce-93f8-4a2a-8b20-1509cf2e82a7	chr1	65863867	67997529	1	1	0
5af6b5ce-93f8-4a2a-8b20-1509cf2e82a7	chr1	67998563	68392758	2	1	1
5af6b5ce-93f8-4a2a-8b20-1509cf2e82a7	chr1	68395169	69195251	1	1	0
5af6b5ce-93f8-4a2a-8b20-1509cf2e82a7	chr1	69196399	96929499	2	1	1
5af6b5ce-93f8-4a2a-8b20-1509cf2e82a7	chr1	96931106	111667583	1	1	0
5af6b5ce-93f8-4a2a-8b20-1509cf2e82a7	chr1	111669155	121742438	2	2	0
5af6b5ce-93f8-4a2a-8b20-1509cf2e82a7	chr1	143417573	146038860	3	2	1
5af6b5ce-93f8-4a2a-8b20-1509cf2e82a7	chr1	146039892	147238135	5	4	1
5af6b5ce-93f8-4a2a-8b20-1509cf2e82a7	chr1	147239751	148482519	2	1	1
5af6b5ce-93f8-4a2a-8b20-1509cf2e82a7	chr1	148483644	148853765	1	1	0
5af6b5ce-93f8-4a2a-8b20-1509cf2e82a7	chr1	148857979	149714803	2	2	0
5af6b5ce-93f8-4a2a-8b20-1509cf2e82a7	chr1	149716988	158778227	4	3	1
5af6b5ce-93f8-4a2a-8b20-1509cf2e82a7	chr1	158779872	160898987	5	4	1
5af6b5ce-93f8-4a2a-8b20-1509cf2e82a7	chr1	160900047	172199560	4	3	1
5af6b5ce-93f8-4a2a-8b20-1509cf2e82a7	chr1	172201506	185577974	2	1	1
5af6b5ce-93f8-4a2a-8b20-1509cf2e82a7	chr1	185579385	192880813	1	1	0
5af6b5ce-93f8-4a2a-8b20-1509cf2e82a7	chr1	192881993	248945703	2	1	1
5af6b5ce-93f8-4a2a-8b20-1509cf2e82a7	chr2	10587	2650307	2	1	1
5af6b5ce-93f8-4a2a-8b20-1509cf2e82a7	chr2	2651486	87466579	3	2	1
5af6b5ce-93f8-4a2a-8b20-1509cf2e82a7	chr2	87467972	87722768	2	2	0
5af6b5ce-93f8-4a2a-8b20-1509cf2e82a7	chr2	87725072	137036656	2	1	1
5af6b5ce-93f8-4a2a-8b20-1509cf2e82a7	chr2	137037728	242183243	3	2	1
5af6b5ce-93f8-4a2a-8b20-1509cf2e82a7	chr3	18519	386865	3	2	1
5af6b5ce-93f8-4a2a-8b20-1509cf2e82a7	chr3	388391	140738808	2	1	1
5af6b5ce-93f8-4a2a-8b20-1509cf2e82a7	chr3	140739942	196101715	3	2	1
5af6b5ce-93f8-4a2a-8b20-1509cf2e82a7	chr3	196102861	198181744	2	1	1
5af6b5ce-93f8-4a2a-8b20-1509cf2e82a7	chr4	11961	6587421	1	1	0
5af6b5ce-93f8-4a2a-8b20-1509cf2e82a7	chr4	6588663	75944137	2	2	0
5af6b5ce-93f8-4a2a-8b20-1509cf2e82a7	chr4	75945209	98169937	3	2	1
5af6b5ce-93f8-4a2a-8b20-1509cf2e82a7	chr4	98171024	105178154	2	1	1
5af6b5ce-93f8-4a2a-8b20-1509cf2e82a7	chr4	105181249	123267896	3	2	1
5af6b5ce-93f8-4a2a-8b20-1509cf2e82a7	chr4	123269032	125424430	4	2	2
5af6b5ce-93f8-4a2a-8b20-1509cf2e82a7	chr4	125426305	190122722	3	2	1
5af6b5ce-93f8-4a2a-8b20-1509cf2e82a7	chr5	11882	702783	4	3	1
5af6b5ce-93f8-4a2a-8b20-1509cf2e82a7	chr5	704475	787484	5	5	0
5af6b5ce-93f8-4a2a-8b20-1509cf2e82a7	chr5	788799	30824725	5	4	1
5af6b5ce-93f8-4a2a-8b20-1509cf2e82a7	chr5	30826446	31615071	6	5	1
5af6b5ce-93f8-4a2a-8b20-1509cf2e82a7	chr5	31616130	32315437	7	6	1
5af6b5ce-93f8-4a2a-8b20-1509cf2e82a7	chr5	32317333	33278792	6	5	1
5af6b5ce-93f8-4a2a-8b20-1509cf2e82a7	chr5	33279798	34386888	5	4	1
5af6b5ce-93f8-4a2a-8b20-1509cf2e82a7	chr5	34388013	35101028	6	5	1
5af6b5ce-93f8-4a2a-8b20-1509cf2e82a7	chr5	35102096	42738033	5	4	1
5af6b5ce-93f8-4a2a-8b20-1509cf2e82a7	chr5	42740759	42782390	7	6	1
5af6b5ce-93f8-4a2a-8b20-1509cf2e82a7	chr5	42783890	42837897	5	4	1
5af6b5ce-93f8-4a2a-8b20-1509cf2e82a7	chr5	42839087	50136572	3	2	1
5af6b5ce-93f8-4a2a-8b20-1509cf2e82a7	chr5	50137581	113940800	1	1	0
5af6b5ce-93f8-4a2a-8b20-1509cf2e82a7	chr5	113941821	181363900	2	2	0
5af6b5ce-93f8-4a2a-8b20-1509cf2e82a7	chr6	100116	934013	4	2	2
5af6b5ce-93f8-4a2a-8b20-1509cf2e82a7	chr6	935171	951144	7	4	3
5af6b5ce-93f8-4a2a-8b20-1509cf2e82a7	chr6	953409	13103809	4	2	2
5af6b5ce-93f8-4a2a-8b20-1509cf2e82a7	chr6	13105536	60970800	3	2	1
5af6b5ce-93f8-4a2a-8b20-1509cf2e82a7	chr6	60972724	65270594	2	2	0
5af6b5ce-93f8-4a2a-8b20-1509cf2e82a7	chr6	65271651	65563583	3	3	0
5af6b5ce-93f8-4a2a-8b20-1509cf2e82a7	chr6	65564819	170740469	2	2	0
5af6b5ce-93f8-4a2a-8b20-1509cf2e82a7	chr7	20608	6036192	1	1	0
5af6b5ce-93f8-4a2a-8b20-1509cf2e82a7	chr7	6037638	109277160	2	1	1
5af6b5ce-93f8-4a2a-8b20-1509cf2e82a7	chr7	109278190	137014514	4	3	1
5af6b5ce-93f8-4a2a-8b20-1509cf2e82a7	chr7	137016561	149016619	5	4	1
5af6b5ce-93f8-4a2a-8b20-1509cf2e82a7	chr7	149018085	159334386	4	3	1
5af6b5ce-93f8-4a2a-8b20-1509cf2e82a7	chr8	61774	2360276	4	4	0
5af6b5ce-93f8-4a2a-8b20-1509cf2e82a7	chr8	2363670	5105344	3	3	0
5af6b5ce-93f8-4a2a-8b20-1509cf2e82a7	chr8	5106571	5738743	4	4	0
5af6b5ce-93f8-4a2a-8b20-1509cf2e82a7	chr8	5740403	5968989	0	0	0
5af6b5ce-93f8-4a2a-8b20-1509cf2e82a7	chr8	5970065	7836847	3	3	0
5af6b5ce-93f8-4a2a-8b20-1509cf2e82a7	chr8	7838705	8231755	4	2	2
5af6b5ce-93f8-4a2a-8b20-1509cf2e82a7	chr8	8232793	12099553	4	4	0
5af6b5ce-93f8-4a2a-8b20-1509cf2e82a7	chr8	12109184	12186669	8	7	1
5af6b5ce-93f8-4a2a-8b20-1509cf2e82a7	chr8	12194174	12297081	8	8	0
5af6b5ce-93f8-4a2a-8b20-1509cf2e82a7	chr8	12306799	12484432	4	4	0
5af6b5ce-93f8-4a2a-8b20-1509cf2e82a7	chr8	12486405	12611600	5	4	1
5af6b5ce-93f8-4a2a-8b20-1509cf2e82a7	chr8	12612630	33410579	4	4	0
5af6b5ce-93f8-4a2a-8b20-1509cf2e82a7	chr8	33411773	39374115	3	3	0
5af6b5ce-93f8-4a2a-8b20-1509cf2e82a7	chr8	39375220	39492164	6	6	0
5af6b5ce-93f8-4a2a-8b20-1509cf2e82a7	chr8	39493937	39529195	5	5	0
5af6b5ce-93f8-4a2a-8b20-1509cf2e82a7	chr8	39530806	45950672	3	3	0
5af6b5ce-93f8-4a2a-8b20-1509cf2e82a7	chr8	45952323	47751053	6	5	1
5af6b5ce-93f8-4a2a-8b20-1509cf2e82a7	chr8	47753469	47810222	7	7	0
5af6b5ce-93f8-4a2a-8b20-1509cf2e82a7	chr8	47812162	132514309	3	3	0
5af6b5ce-93f8-4a2a-8b20-1509cf2e82a7	chr8	132515798	136485645	6	3	3
5af6b5ce-93f8-4a2a-8b20-1509cf2e82a7	chr8	136488196	145078402	3	3	0
5af6b5ce-93f8-4a2a-8b20-1509cf2e82a7	chr9	10469	21553179	2	2	0
5af6b5ce-93f8-4a2a-8b20-1509cf2e82a7	chr9	21554458	23325029	0	0	0
5af6b5ce-93f8-4a2a-8b20-1509cf2e82a7	chr9	23326746	23343645	2	1	1
5af6b5ce-93f8-4a2a-8b20-1509cf2e82a7	chr9	23344692	32091523	2	2	0
5af6b5ce-93f8-4a2a-8b20-1509cf2e82a7	chr9	32092534	35755955	4	4	0
5af6b5ce-93f8-4a2a-8b20-1509cf2e82a7	chr9	35757078	40830022	2	2	0
5af6b5ce-93f8-4a2a-8b20-1509cf2e82a7	chr9	40838309	42027461	2	1	1
5af6b5ce-93f8-4a2a-8b20-1509cf2e82a7	chr9	42030931	42054179	2	2	0
5af6b5ce-93f8-4a2a-8b20-1509cf2e82a7	chr9	42057769	42061118	2	1	1
5af6b5ce-93f8-4a2a-8b20-1509cf2e82a7	chr9	42066246	42105760	2	2	0
5af6b5ce-93f8-4a2a-8b20-1509cf2e82a7	chr9	42110220	42523525	3	3	0
5af6b5ce-93f8-4a2a-8b20-1509cf2e82a7	chr9	42528494	42570673	4	4	0
5af6b5ce-93f8-4a2a-8b20-1509cf2e82a7	chr9	42578025	42718100	2	2	0
5af6b5ce-93f8-4a2a-8b20-1509cf2e82a7	chr9	42728566	63549587	3	2	1
5af6b5ce-93f8-4a2a-8b20-1509cf2e82a7	chr9	63550867	64639560	4	2	2
5af6b5ce-93f8-4a2a-8b20-1509cf2e82a7	chr9	64644198	64773587	3	3	0
5af6b5ce-93f8-4a2a-8b20-1509cf2e82a7	chr9	64774782	64789158	4	4	0
5af6b5ce-93f8-4a2a-8b20-1509cf2e82a7	chr9	64791987	64794824	1	1	0
5af6b5ce-93f8-4a2a-8b20-1509cf2e82a7	chr9	64796128	64805465	8	8	0
5af6b5ce-93f8-4a2a-8b20-1509cf2e82a7	chr9	64810030	64858532	1	1	0
5af6b5ce-93f8-4a2a-8b20-1509cf2e82a7	chr9	64859659	64865107	0	0	0
5af6b5ce-93f8-4a2a-8b20-1509cf2e82a7	chr9	64866666	64978086	3	3	0
5af6b5ce-93f8-4a2a-8b20-1509cf2e82a7	chr9	64979710	138256233	2	2	0
5af6b5ce-93f8-4a2a-8b20-1509cf2e82a7	chr10	15029	11065232	4	3	1
5af6b5ce-93f8-4a2a-8b20-1509cf2e82a7	chr10	11066414	11235650	1	1	0
5af6b5ce-93f8-4a2a-8b20-1509cf2e82a7	chr10	11238136	11266335	4	3	1
5af6b5ce-93f8-4a2a-8b20-1509cf2e82a7	chr10	11268535	11349029	1	1	0
5af6b5ce-93f8-4a2a-8b20-1509cf2e82a7	chr10	11350181	41733574	4	3	1
5af6b5ce-93f8-4a2a-8b20-1509cf2e82a7	chr10	41734601	133434664	2	1	1
5af6b5ce-93f8-4a2a-8b20-1509cf2e82a7	chr10	133435711	133787009	1	1	0
5af6b5ce-93f8-4a2a-8b20-1509cf2e82a7	chr11	87268	204968	2	2	0
5af6b5ce-93f8-4a2a-8b20-1509cf2e82a7	chr11	206089	21161172	2	1	1
5af6b5ce-93f8-4a2a-8b20-1509cf2e82a7	chr11	21162447	39969409	3	2	1
5af6b5ce-93f8-4a2a-8b20-1509cf2e82a7	chr11	39970849	43947451	2	1	1
5af6b5ce-93f8-4a2a-8b20-1509cf2e82a7	chr11	43948609	50748201	3	2	1
5af6b5ce-93f8-4a2a-8b20-1509cf2e82a7	chr11	50749354	56935567	5	3	2
5af6b5ce-93f8-4a2a-8b20-1509cf2e82a7	chr11	56936567	57187372	7	5	2
5af6b5ce-93f8-4a2a-8b20-1509cf2e82a7	chr11	57188608	58105452	6	4	2
5af6b5ce-93f8-4a2a-8b20-1509cf2e82a7	chr11	58106682	58409376	5	3	2
5af6b5ce-93f8-4a2a-8b20-1509cf2e82a7	chr11	58411005	60806170	3	2	1
5af6b5ce-93f8-4a2a-8b20-1509cf2e82a7	chr11	60807457	60836371	5	4	1
5af6b5ce-93f8-4a2a-8b20-1509cf2e82a7	chr11	60838074	61922034	9	7	2
5af6b5ce-93f8-4a2a-8b20-1509cf2e82a7	chr11	61923072	62446703	5	3	2
5af6b5ce-93f8-4a2a-8b20-1509cf2e82a7	chr11	62448018	68758302	2	1	1
5af6b5ce-93f8-4a2a-8b20-1509cf2e82a7	chr11	68760132	68771192	4	2	2
5af6b5ce-93f8-4a2a-8b20-1509cf2e82a7	chr11	68772401	68973199	7	5	2
5af6b5ce-93f8-4a2a-8b20-1509cf2e82a7	chr11	68974418	70488389	9	7	2
5af6b5ce-93f8-4a2a-8b20-1509cf2e82a7	chr11	70491011	70663672	7	5	2
5af6b5ce-93f8-4a2a-8b20-1509cf2e82a7	chr11	70665393	94025135	3	2	1
5af6b5ce-93f8-4a2a-8b20-1509cf2e82a7	chr11	94026544	106305404	2	1	1
5af6b5ce-93f8-4a2a-8b20-1509cf2e82a7	chr11	106306841	106327053	5	3	2
5af6b5ce-93f8-4a2a-8b20-1509cf2e82a7	chr11	106328123	119945206	3	2	1
5af6b5ce-93f8-4a2a-8b20-1509cf2e82a7	chr11	119946676	121686072	4	3	1
5af6b5ce-93f8-4a2a-8b20-1509cf2e82a7	chr11	121687880	125908556	3	2	1
5af6b5ce-93f8-4a2a-8b20-1509cf2e82a7	chr11	125909775	128503841	7	5	2
5af6b5ce-93f8-4a2a-8b20-1509cf2e82a7	chr11	128505933	128872516	9	7	2
5af6b5ce-93f8-4a2a-8b20-1509cf2e82a7	chr11	128874217	129046771	7	5	2
5af6b5ce-93f8-4a2a-8b20-1509cf2e82a7	chr11	129048344	129327621	4	3	1
5af6b5ce-93f8-4a2a-8b20-1509cf2e82a7	chr11	129328910	135076424	2	1	1
5af6b5ce-93f8-4a2a-8b20-1509cf2e82a7	chr12	11065	133264676	2	1	1
5af6b5ce-93f8-4a2a-8b20-1509cf2e82a7	chr13	18445955	18653419	2	2	0
5af6b5ce-93f8-4a2a-8b20-1509cf2e82a7	chr13	18654772	18684908	1	1	0
5af6b5ce-93f8-4a2a-8b20-1509cf2e82a7	chr13	18686049	102252913	3	3	0
5af6b5ce-93f8-4a2a-8b20-1509cf2e82a7	chr13	102255058	103319792	1	1	0
5af6b5ce-93f8-4a2a-8b20-1509cf2e82a7	chr13	103320872	104433441	0	0	0
5af6b5ce-93f8-4a2a-8b20-1509cf2e82a7	chr13	104434626	114343123	1	1	0
5af6b5ce-93f8-4a2a-8b20-1509cf2e82a7	chr14	18223583	18583973	5	4	1
5af6b5ce-93f8-4a2a-8b20-1509cf2e82a7	chr14	18586409	23467460	5	3	2
5af6b5ce-93f8-4a2a-8b20-1509cf2e82a7	chr14	23469043	27603035	4	2	2
5af6b5ce-93f8-4a2a-8b20-1509cf2e82a7	chr14	27604105	28850839	7	4	3
5af6b5ce-93f8-4a2a-8b20-1509cf2e82a7	chr14	28852220	30304144	4	2	2
5af6b5ce-93f8-4a2a-8b20-1509cf2e82a7	chr14	30305338	34538152	6	3	3
5af6b5ce-93f8-4a2a-8b20-1509cf2e82a7	chr14	34539865	35041470	3	3	0
5af6b5ce-93f8-4a2a-8b20-1509cf2e82a7	chr14	35042646	36954328	6	3	3
5af6b5ce-93f8-4a2a-8b20-1509cf2e82a7	chr14	36955565	38656105	5	3	2
5af6b5ce-93f8-4a2a-8b20-1509cf2e82a7	chr14	38657293	85276014	4	3	1
5af6b5ce-93f8-4a2a-8b20-1509cf2e82a7	chr14	85277284	106880670	2	1	1
5af6b5ce-93f8-4a2a-8b20-1509cf2e82a7	chr15	19795285	20371013	2	1	1
5af6b5ce-93f8-4a2a-8b20-1509cf2e82a7	chr15	20372432	22587598	2	2	0
5af6b5ce-93f8-4a2a-8b20-1509cf2e82a7	chr15	22589636	91539210	2	1	1
5af6b5ce-93f8-4a2a-8b20-1509cf2e82a7	chr15	91540528	91602947	3	2	1
5af6b5ce-93f8-4a2a-8b20-1509cf2e82a7	chr15	91603979	101980591	2	1	1
5af6b5ce-93f8-4a2a-8b20-1509cf2e82a7	chr16	10291	716279	2	1	1
5af6b5ce-93f8-4a2a-8b20-1509cf2e82a7	chr16	717425	806162	1	1	0
5af6b5ce-93f8-4a2a-8b20-1509cf2e82a7	chr16	807673	25934871	3	2	1
5af6b5ce-93f8-4a2a-8b20-1509cf2e82a7	chr16	25935913	27189498	2	1	1
5af6b5ce-93f8-4a2a-8b20-1509cf2e82a7	chr16	27190957	36045725	3	2	1
5af6b5ce-93f8-4a2a-8b20-1509cf2e82a7	chr16	46380940	50780086	4	2	2
5af6b5ce-93f8-4a2a-8b20-1509cf2e82a7	chr16	50781521	50846783	3	2	1
5af6b5ce-93f8-4a2a-8b20-1509cf2e82a7	chr16	50848900	89830426	4	2	2
5af6b5ce-93f8-4a2a-8b20-1509cf2e82a7	chr16	89831482	90226358	3	3	0
5af6b5ce-93f8-4a2a-8b20-1509cf2e82a7	chr17	151035	5944979	1	1	0
5af6b5ce-93f8-4a2a-8b20-1509cf2e82a7	chr17	5946037	6494893	3	3	0
5af6b5ce-93f8-4a2a-8b20-1509cf2e82a7	chr17	6496466	22050127	1	1	0
5af6b5ce-93f8-4a2a-8b20-1509cf2e82a7	chr17	22051233	46107009	3	2	1
5af6b5ce-93f8-4a2a-8b20-1509cf2e82a7	chr17	46108044	46675659	3	3	0
5af6b5ce-93f8-4a2a-8b20-1509cf2e82a7	chr17	46678363	83237603	3	2	1
5af6b5ce-93f8-4a2a-8b20-1509cf2e82a7	chr18	16444	9480426	3	2	1
5af6b5ce-93f8-4a2a-8b20-1509cf2e82a7	chr18	9481869	10538761	2	2	0
5af6b5ce-93f8-4a2a-8b20-1509cf2e82a7	chr18	10540435	15355832	2	1	1
5af6b5ce-93f8-4a2a-8b20-1509cf2e82a7	chr18	15357277	15410360	4	3	1
5af6b5ce-93f8-4a2a-8b20-1509cf2e82a7	chr18	20931967	27003774	3	2	1
5af6b5ce-93f8-4a2a-8b20-1509cf2e82a7	chr18	27005472	32542310	5	3	2
5af6b5ce-93f8-4a2a-8b20-1509cf2e82a7	chr18	32543605	34301882	7	5	2
5af6b5ce-93f8-4a2a-8b20-1509cf2e82a7	chr18	34303248	80259190	2	2	0
5af6b5ce-93f8-4a2a-8b20-1509cf2e82a7	chr19	157892	24390560	1	1	0
5af6b5ce-93f8-4a2a-8b20-1509cf2e82a7	chr19	24391842	58607412	2	1	1
5af6b5ce-93f8-4a2a-8b20-1509cf2e82a7	chr20	80457	30411965	2	1	1
5af6b5ce-93f8-4a2a-8b20-1509cf2e82a7	chr20	30412995	64331516	3	3	0
5af6b5ce-93f8-4a2a-8b20-1509cf2e82a7	chr21	7762688	7762688	3	3	0
5af6b5ce-93f8-4a2a-8b20-1509cf2e82a7	chr21	8522577	9929430	4	2	2
5af6b5ce-93f8-4a2a-8b20-1509cf2e82a7	chr21	9930452	46699722	2	1	1
5af6b5ce-93f8-4a2a-8b20-1509cf2e82a7	chr22	15284540	16382227	2	2	0
5af6b5ce-93f8-4a2a-8b20-1509cf2e82a7	chr22	16383428	25266546	2	1	1
5af6b5ce-93f8-4a2a-8b20-1509cf2e82a7	chr22	25267555	25515333	2	2	0
5af6b5ce-93f8-4a2a-8b20-1509cf2e82a7	chr22	25516351	50802392	2	1	1
5af6b5ce-93f8-4a2a-8b20-1509cf2e82a7	chrX	2781514	35100906	3	3	0
5af6b5ce-93f8-4a2a-8b20-1509cf2e82a7	chrX	35102687	40114976	1	1	0
5af6b5ce-93f8-4a2a-8b20-1509cf2e82a7	chrX	40117600	40387533	3	3	0
5af6b5ce-93f8-4a2a-8b20-1509cf2e82a7	chrX	40389146	75585810	1	1	0
5af6b5ce-93f8-4a2a-8b20-1509cf2e82a7	chrX	75586829	75627798	0	0	0
5af6b5ce-93f8-4a2a-8b20-1509cf2e82a7	chrX	75628870	155699751	1	1	0
5af6b5ce-93f8-4a2a-8b20-1509cf2e82a7	chrY	2789135	26622951	0	0	0
