GDC_Aliquot	Chromosome	Start	End	Num_Probes	Segment_Mean
8dc7e808-1096-46bd-a88d-2e6dc2c50712	1	62920	62937	2	-1.0941
8dc7e808-1096-46bd-a88d-2e6dc2c50712	1	72704	1052992	76	-0.0954
8dc7e808-1096-46bd-a88d-2e6dc2c50712	1	1055037	1055459	3	-1.243
8dc7e808-1096-46bd-a88d-2e6dc2c50712	1	1068249	2342007	338	-0.1088
8dc7e808-1096-46bd-a88d-2e6dc2c50712	1	2348984	2350915	3	-1.0373
8dc7e808-1096-46bd-a88d-2e6dc2c50712	1	2351678	2869580	124	-0.0159
8dc7e808-1096-46bd-a88d-2e6dc2c50712	1	2871142	2873341	4	-1.0321
8dc7e808-1096-46bd-a88d-2e6dc2c50712	1	2876236	12823233	5962	0.0088
8dc7e808-1096-46bd-a88d-2e6dc2c50712	1	12832455	13114062	12	0.5639
8dc7e808-1096-46bd-a88d-2e6dc2c50712	1	13118266	16544783	2119	-0.0042
8dc7e808-1096-46bd-a88d-2e6dc2c50712	1	16569132	16679281	31	-0.1104
8dc7e808-1096-46bd-a88d-2e6dc2c50712	1	16679483	16935752	79	0.3541
8dc7e808-1096-46bd-a88d-2e6dc2c50712	1	16949746	25256850	5259	0.0049
8dc7e808-1096-46bd-a88d-2e6dc2c50712	1	25266637	25320455	24	0.5361
8dc7e808-1096-46bd-a88d-2e6dc2c50712	1	25336819	32951303	3780	-0.0055
8dc7e808-1096-46bd-a88d-2e6dc2c50712	1	32954809	32955860	3	-1.286
8dc7e808-1096-46bd-a88d-2e6dc2c50712	1	32957859	34626073	1164	0.0068
8dc7e808-1096-46bd-a88d-2e6dc2c50712	1	34637053	34638890	20	-0.6525
8dc7e808-1096-46bd-a88d-2e6dc2c50712	1	34648667	43011286	4701	-0.0135
8dc7e808-1096-46bd-a88d-2e6dc2c50712	1	43012125	43012935	2	-1.2714
8dc7e808-1096-46bd-a88d-2e6dc2c50712	1	43020953	58016357	9125	0.0025
8dc7e808-1096-46bd-a88d-2e6dc2c50712	1	58016644	58018605	7	-0.8731
8dc7e808-1096-46bd-a88d-2e6dc2c50712	1	58018792	61648334	2629	0.001
8dc7e808-1096-46bd-a88d-2e6dc2c50712	1	61648509	61652515	3	-3.6194
8dc7e808-1096-46bd-a88d-2e6dc2c50712	1	61654137	72297687	7289	-0.0023
8dc7e808-1096-46bd-a88d-2e6dc2c50712	1	72302735	72345450	47	-1.0575
8dc7e808-1096-46bd-a88d-2e6dc2c50712	1	72345465	105476583	20946	-0.0002
8dc7e808-1096-46bd-a88d-2e6dc2c50712	1	105476614	105479753	16	-2.6476
8dc7e808-1096-46bd-a88d-2e6dc2c50712	1	105481433	109684695	2632	-0.007
8dc7e808-1096-46bd-a88d-2e6dc2c50712	1	109684893	109697556	13	-0.8582
8dc7e808-1096-46bd-a88d-2e6dc2c50712	1	109702376	112147704	1948	-0.0156
8dc7e808-1096-46bd-a88d-2e6dc2c50712	1	112153343	112163334	26	-0.4337
8dc7e808-1096-46bd-a88d-2e6dc2c50712	1	112163438	143714499	5253	-0.0008
8dc7e808-1096-46bd-a88d-2e6dc2c50712	1	143714665	144442098	38	0.2666
8dc7e808-1096-46bd-a88d-2e6dc2c50712	1	144445555	152583051	2305	-0.0286
8dc7e808-1096-46bd-a88d-2e6dc2c50712	1	152583230	152613762	31	-2.3178
8dc7e808-1096-46bd-a88d-2e6dc2c50712	1	152613802	152787202	171	-0.0031
8dc7e808-1096-46bd-a88d-2e6dc2c50712	1	152789447	152796224	37	0.5229
8dc7e808-1096-46bd-a88d-2e6dc2c50712	1	152801429	173201528	13965	-0.0014
8dc7e808-1096-46bd-a88d-2e6dc2c50712	1	173204478	173204842	2	-1.2443
8dc7e808-1096-46bd-a88d-2e6dc2c50712	1	173214962	174827418	832	-0.0174
8dc7e808-1096-46bd-a88d-2e6dc2c50712	1	174827561	174828472	12	-0.9137
8dc7e808-1096-46bd-a88d-2e6dc2c50712	1	174828549	193186662	12241	0.0001
8dc7e808-1096-46bd-a88d-2e6dc2c50712	1	193187149	193187218	4	-0.8938
8dc7e808-1096-46bd-a88d-2e6dc2c50712	1	193190593	193753412	453	-0.0037
8dc7e808-1096-46bd-a88d-2e6dc2c50712	1	193757206	193765066	2	-1.1421
8dc7e808-1096-46bd-a88d-2e6dc2c50712	1	193766389	196762956	1946	-0.0014
8dc7e808-1096-46bd-a88d-2e6dc2c50712	1	196769493	196846661	57	-0.4966
8dc7e808-1096-46bd-a88d-2e6dc2c50712	1	196847600	198108450	694	0.0077
8dc7e808-1096-46bd-a88d-2e6dc2c50712	1	198110229	198110414	2	-1.2559
8dc7e808-1096-46bd-a88d-2e6dc2c50712	1	198111408	199142235	677	-0.0242
8dc7e808-1096-46bd-a88d-2e6dc2c50712	1	199142298	199143883	7	-1.1061
8dc7e808-1096-46bd-a88d-2e6dc2c50712	1	199144712	248930189	34424	0.0007
8dc7e808-1096-46bd-a88d-2e6dc2c50712	2	12784	416815	253	0.0028
8dc7e808-1096-46bd-a88d-2e6dc2c50712	2	419457	419464	2	-1.1987
8dc7e808-1096-46bd-a88d-2e6dc2c50712	2	419848	27976597	19395	0.0071
8dc7e808-1096-46bd-a88d-2e6dc2c50712	2	27978770	27982105	2	-3.2682
8dc7e808-1096-46bd-a88d-2e6dc2c50712	2	27982714	35750907	5347	0.0001
8dc7e808-1096-46bd-a88d-2e6dc2c50712	2	35752724	35762881	7	0.7803
8dc7e808-1096-46bd-a88d-2e6dc2c50712	2	35772407	52527743	12132	0.0026
8dc7e808-1096-46bd-a88d-2e6dc2c50712	2	52531615	52554384	32	-0.5006
8dc7e808-1096-46bd-a88d-2e6dc2c50712	2	52554404	86901078	21975	0.0023
8dc7e808-1096-46bd-a88d-2e6dc2c50712	2	86902080	86934730	3	-1.6067
8dc7e808-1096-46bd-a88d-2e6dc2c50712	2	86945604	97537802	1867	-0.0013
8dc7e808-1096-46bd-a88d-2e6dc2c50712	2	97540809	97545247	3	-1.5715
8dc7e808-1096-46bd-a88d-2e6dc2c50712	2	97545726	113604438	9365	-0.0045
8dc7e808-1096-46bd-a88d-2e6dc2c50712	2	113604837	113623244	3	-1.3136
8dc7e808-1096-46bd-a88d-2e6dc2c50712	2	113625975	150174288	22311	0.0068
8dc7e808-1096-46bd-a88d-2e6dc2c50712	2	150174937	150181218	5	-0.9544
8dc7e808-1096-46bd-a88d-2e6dc2c50712	2	150182694	220582422	43054	-0.0024
8dc7e808-1096-46bd-a88d-2e6dc2c50712	2	220582835	220582869	2	-1.5675
8dc7e808-1096-46bd-a88d-2e6dc2c50712	2	220583739	242147305	13716	0.0027
8dc7e808-1096-46bd-a88d-2e6dc2c50712	3	20930	1740119	1538	0.0606
8dc7e808-1096-46bd-a88d-2e6dc2c50712	3	1740840	1745897	6	-1.0154
8dc7e808-1096-46bd-a88d-2e6dc2c50712	3	1747474	1805672	46	0.0481
8dc7e808-1096-46bd-a88d-2e6dc2c50712	3	1807667	1812038	3	-1.0334
8dc7e808-1096-46bd-a88d-2e6dc2c50712	3	1812636	3920037	1921	0.0321
8dc7e808-1096-46bd-a88d-2e6dc2c50712	3	3921859	3980145	46	-0.2258
8dc7e808-1096-46bd-a88d-2e6dc2c50712	3	3980530	6609524	2256	0.0195
8dc7e808-1096-46bd-a88d-2e6dc2c50712	3	6609550	6611645	21	-0.9
8dc7e808-1096-46bd-a88d-2e6dc2c50712	3	6613391	37935926	21777	0.0045
8dc7e808-1096-46bd-a88d-2e6dc2c50712	3	37940617	37945437	18	-0.8013
8dc7e808-1096-46bd-a88d-2e6dc2c50712	3	37945615	68697013	20128	0.0017
8dc7e808-1096-46bd-a88d-2e6dc2c50712	3	68697108	68698262	14	-1.7784
8dc7e808-1096-46bd-a88d-2e6dc2c50712	3	68699607	99218119	15898	0.0068
8dc7e808-1096-46bd-a88d-2e6dc2c50712	3	99218940	99230470	38	-0.5128
8dc7e808-1096-46bd-a88d-2e6dc2c50712	3	99230577	130044855	18698	0.0015
8dc7e808-1096-46bd-a88d-2e6dc2c50712	3	130047743	130067896	9	-0.6963
8dc7e808-1096-46bd-a88d-2e6dc2c50712	3	130067910	130087393	28	-1.9373
8dc7e808-1096-46bd-a88d-2e6dc2c50712	3	130088081	162790404	20259	0.0005
8dc7e808-1096-46bd-a88d-2e6dc2c50712	3	162790480	162794869	2	-1.3417
8dc7e808-1096-46bd-a88d-2e6dc2c50712	3	162794951	162822702	21	-0.0691
8dc7e808-1096-46bd-a88d-2e6dc2c50712	3	162827928	162908784	49	-0.5224
8dc7e808-1096-46bd-a88d-2e6dc2c50712	3	162908815	162996729	71	-0.0077
8dc7e808-1096-46bd-a88d-2e6dc2c50712	3	162999939	163001774	2	-3.1176
8dc7e808-1096-46bd-a88d-2e6dc2c50712	3	163008371	169012392	3367	0.0057
8dc7e808-1096-46bd-a88d-2e6dc2c50712	3	169015614	169020840	2	-2.1749
8dc7e808-1096-46bd-a88d-2e6dc2c50712	3	169022039	184689209	9665	0.0055
8dc7e808-1096-46bd-a88d-2e6dc2c50712	3	184692127	184692540	2	-1.2413
8dc7e808-1096-46bd-a88d-2e6dc2c50712	3	184692668	189512415	3440	-0.0023
8dc7e808-1096-46bd-a88d-2e6dc2c50712	3	189514806	189514826	2	-1.21
8dc7e808-1096-46bd-a88d-2e6dc2c50712	3	189514852	193160113	2609	0.0161
8dc7e808-1096-46bd-a88d-2e6dc2c50712	3	193160173	193165114	19	-1.5059
8dc7e808-1096-46bd-a88d-2e6dc2c50712	3	193168646	195702853	1495	-0.0048
8dc7e808-1096-46bd-a88d-2e6dc2c50712	3	195703252	195747892	32	-0.3543
8dc7e808-1096-46bd-a88d-2e6dc2c50712	3	195751823	198118700	1148	-0.0239
8dc7e808-1096-46bd-a88d-2e6dc2c50712	3	198119032	198169247	15	-0.5056
8dc7e808-1096-46bd-a88d-2e6dc2c50712	4	68929	10208766	5704	0.0038
8dc7e808-1096-46bd-a88d-2e6dc2c50712	4	10212536	10229874	29	-2.2453
8dc7e808-1096-46bd-a88d-2e6dc2c50712	4	10232590	34771893	16967	0.0066
8dc7e808-1096-46bd-a88d-2e6dc2c50712	4	34777238	34822561	44	-0.3681
8dc7e808-1096-46bd-a88d-2e6dc2c50712	4	34823103	63831891	16562	0.0018
8dc7e808-1096-46bd-a88d-2e6dc2c50712	4	63832015	63842540	24	-0.4632
8dc7e808-1096-46bd-a88d-2e6dc2c50712	4	63850713	68472744	2868	0.0172
8dc7e808-1096-46bd-a88d-2e6dc2c50712	4	68472846	68655691	74	-0.1421
8dc7e808-1096-46bd-a88d-2e6dc2c50712	4	68663241	68674307	3	-1.523
8dc7e808-1096-46bd-a88d-2e6dc2c50712	4	68686026	69255545	307	-0.0001
8dc7e808-1096-46bd-a88d-2e6dc2c50712	4	69257792	69366406	57	-0.497
8dc7e808-1096-46bd-a88d-2e6dc2c50712	4	69370433	160952848	55293	0.0012
8dc7e808-1096-46bd-a88d-2e6dc2c50712	4	160958866	160963448	20	-2.8345
8dc7e808-1096-46bd-a88d-2e6dc2c50712	4	160963756	171448195	6666	0.0065
8dc7e808-1096-46bd-a88d-2e6dc2c50712	4	171453733	171456625	12	-0.8913
8dc7e808-1096-46bd-a88d-2e6dc2c50712	4	171459220	172066777	397	-0.0022
8dc7e808-1096-46bd-a88d-2e6dc2c50712	4	172067997	172068382	12	-1.6798
8dc7e808-1096-46bd-a88d-2e6dc2c50712	4	172074828	184250455	8165	0.0078
8dc7e808-1096-46bd-a88d-2e6dc2c50712	4	184251231	185372577	745	-0.0519
8dc7e808-1096-46bd-a88d-2e6dc2c50712	4	185373434	188515761	2235	0.0131
8dc7e808-1096-46bd-a88d-2e6dc2c50712	4	188515932	188516256	8	-0.75
8dc7e808-1096-46bd-a88d-2e6dc2c50712	4	188518718	190106768	923	0.0512
8dc7e808-1096-46bd-a88d-2e6dc2c50712	5	15532	12791608	10184	0.0085
8dc7e808-1096-46bd-a88d-2e6dc2c50712	5	12800777	12838421	15	-1.5342
8dc7e808-1096-46bd-a88d-2e6dc2c50712	5	12849089	15450384	1801	0.0048
8dc7e808-1096-46bd-a88d-2e6dc2c50712	5	15452709	15453169	2	-1.3094
8dc7e808-1096-46bd-a88d-2e6dc2c50712	5	15454441	16828124	947	0.0456
8dc7e808-1096-46bd-a88d-2e6dc2c50712	5	16830997	16831190	2	-1.4238
8dc7e808-1096-46bd-a88d-2e6dc2c50712	5	16834459	27525283	6290	0.0105
8dc7e808-1096-46bd-a88d-2e6dc2c50712	5	27525407	27525913	9	-0.7386
8dc7e808-1096-46bd-a88d-2e6dc2c50712	5	27527372	46251204	11407	0.0059
8dc7e808-1096-46bd-a88d-2e6dc2c50712	5	46270906	46271828	3	-1.1144
8dc7e808-1096-46bd-a88d-2e6dc2c50712	5	46272419	46273400	5	-3.0371
8dc7e808-1096-46bd-a88d-2e6dc2c50712	5	46278110	180947523	81958	-0.0009
8dc7e808-1096-46bd-a88d-2e6dc2c50712	5	180951710	180991103	19	0.7209
8dc7e808-1096-46bd-a88d-2e6dc2c50712	5	181006225	181363319	170	0.0095
8dc7e808-1096-46bd-a88d-2e6dc2c50712	6	149661	303017	126	0.0658
8dc7e808-1096-46bd-a88d-2e6dc2c50712	6	303121	373453	69	-0.2223
8dc7e808-1096-46bd-a88d-2e6dc2c50712	6	375277	17101433	13200	-0.0041
8dc7e808-1096-46bd-a88d-2e6dc2c50712	6	17102527	17102627	2	-1.4657
8dc7e808-1096-46bd-a88d-2e6dc2c50712	6	17102766	29869295	8249	-0.0053
8dc7e808-1096-46bd-a88d-2e6dc2c50712	6	29869410	29933799	36	0.5434
8dc7e808-1096-46bd-a88d-2e6dc2c50712	6	29940692	31313046	640	-0.048
8dc7e808-1096-46bd-a88d-2e6dc2c50712	6	31318499	31328674	11	-1.6671
8dc7e808-1096-46bd-a88d-2e6dc2c50712	6	31342147	32488906	504	-0.1041
8dc7e808-1096-46bd-a88d-2e6dc2c50712	6	32488965	32723053	106	-0.4068
8dc7e808-1096-46bd-a88d-2e6dc2c50712	6	32732907	32783837	46	-0.0452
8dc7e808-1096-46bd-a88d-2e6dc2c50712	6	32784185	32791475	4	-0.8506
8dc7e808-1096-46bd-a88d-2e6dc2c50712	6	32791496	54066286	13600	-0.0031
8dc7e808-1096-46bd-a88d-2e6dc2c50712	6	54066353	54067057	7	1.0936
8dc7e808-1096-46bd-a88d-2e6dc2c50712	6	54070550	60740525	2336	0.0151
8dc7e808-1096-46bd-a88d-2e6dc2c50712	6	60743166	60746457	5	-0.9825
8dc7e808-1096-46bd-a88d-2e6dc2c50712	6	60749069	64627049	1885	0.0109
8dc7e808-1096-46bd-a88d-2e6dc2c50712	6	64637651	64639099	2	-2.5262
8dc7e808-1096-46bd-a88d-2e6dc2c50712	6	64640883	76305231	7635	0.0107
8dc7e808-1096-46bd-a88d-2e6dc2c50712	6	76307183	76307209	3	-1.6651
8dc7e808-1096-46bd-a88d-2e6dc2c50712	6	76307276	76726815	295	0.0271
8dc7e808-1096-46bd-a88d-2e6dc2c50712	6	76730151	76743040	21	0.6079
8dc7e808-1096-46bd-a88d-2e6dc2c50712	6	76751356	78262064	981	0.0013
8dc7e808-1096-46bd-a88d-2e6dc2c50712	6	78262085	78318053	100	-0.2061
8dc7e808-1096-46bd-a88d-2e6dc2c50712	6	78322600	93318764	9619	0.0037
8dc7e808-1096-46bd-a88d-2e6dc2c50712	6	93319279	93319323	2	-1.1092
8dc7e808-1096-46bd-a88d-2e6dc2c50712	6	93320064	98200359	2710	0.0097
8dc7e808-1096-46bd-a88d-2e6dc2c50712	6	98204334	98204719	2	-1.5036
8dc7e808-1096-46bd-a88d-2e6dc2c50712	6	98207186	103286941	3141	0.0086
8dc7e808-1096-46bd-a88d-2e6dc2c50712	6	103286950	103317795	48	0.4964
8dc7e808-1096-46bd-a88d-2e6dc2c50712	6	103317836	151191860	30405	-0.0048
8dc7e808-1096-46bd-a88d-2e6dc2c50712	6	151192723	151199090	4	-1.3293
8dc7e808-1096-46bd-a88d-2e6dc2c50712	6	151201073	167979426	11907	0.0014
8dc7e808-1096-46bd-a88d-2e6dc2c50712	6	167981399	168306980	235	0.6184
8dc7e808-1096-46bd-a88d-2e6dc2c50712	6	168313467	168870185	420	0.0427
8dc7e808-1096-46bd-a88d-2e6dc2c50712	6	168870862	168871190	4	-0.8874
8dc7e808-1096-46bd-a88d-2e6dc2c50712	6	168875233	170741917	1173	0.0299
8dc7e808-1096-46bd-a88d-2e6dc2c50712	7	43355	54305455	38472	0.0047
8dc7e808-1096-46bd-a88d-2e6dc2c50712	7	54318812	54318824	6	-2.1562
8dc7e808-1096-46bd-a88d-2e6dc2c50712	7	54325795	67164253	3731	0.0237
8dc7e808-1096-46bd-a88d-2e6dc2c50712	7	67164342	67180245	8	-2.0471
8dc7e808-1096-46bd-a88d-2e6dc2c50712	7	67182652	67233947	15	-0.5502
8dc7e808-1096-46bd-a88d-2e6dc2c50712	7	67234797	70955452	2374	0.0178
8dc7e808-1096-46bd-a88d-2e6dc2c50712	7	70958264	70961155	2	-3.1984
8dc7e808-1096-46bd-a88d-2e6dc2c50712	7	70963257	97766150	15690	0.0002
8dc7e808-1096-46bd-a88d-2e6dc2c50712	7	97766153	97766159	4	1.078
8dc7e808-1096-46bd-a88d-2e6dc2c50712	7	97766194	101475536	1589	0.006
8dc7e808-1096-46bd-a88d-2e6dc2c50712	7	101477246	101479436	2	-1.3241
8dc7e808-1096-46bd-a88d-2e6dc2c50712	7	101480146	106615856	3042	-0.0128
8dc7e808-1096-46bd-a88d-2e6dc2c50712	7	106616577	106616640	2	-1.3447
8dc7e808-1096-46bd-a88d-2e6dc2c50712	7	106616740	109801155	2000	-0.0024
8dc7e808-1096-46bd-a88d-2e6dc2c50712	7	109801187	109813853	11	-0.8208
8dc7e808-1096-46bd-a88d-2e6dc2c50712	7	109813925	126405597	10030	0.002
8dc7e808-1096-46bd-a88d-2e6dc2c50712	7	126405632	126406822	10	-2.0207
8dc7e808-1096-46bd-a88d-2e6dc2c50712	7	126406823	128522840	1396	0.0058
8dc7e808-1096-46bd-a88d-2e6dc2c50712	7	128523281	128534838	3	-1.6942
8dc7e808-1096-46bd-a88d-2e6dc2c50712	7	128535534	134093899	3297	0.0066
8dc7e808-1096-46bd-a88d-2e6dc2c50712	7	134100424	134105690	25	0.579
8dc7e808-1096-46bd-a88d-2e6dc2c50712	7	134110881	153450553	12004	0.004
8dc7e808-1096-46bd-a88d-2e6dc2c50712	7	153450560	153450627	2	-2.9349
8dc7e808-1096-46bd-a88d-2e6dc2c50712	7	153450630	159334314	4089	0.0185
8dc7e808-1096-46bd-a88d-2e6dc2c50712	8	81254	644973	324	0.0723
8dc7e808-1096-46bd-a88d-2e6dc2c50712	8	645220	645908	8	1.4237
8dc7e808-1096-46bd-a88d-2e6dc2c50712	8	656117	1418902	565	0.018
8dc7e808-1096-46bd-a88d-2e6dc2c50712	8	1419196	1419436	2	-1.3471
8dc7e808-1096-46bd-a88d-2e6dc2c50712	8	1419522	6969479	6732	0.0302
8dc7e808-1096-46bd-a88d-2e6dc2c50712	8	6969512	7022281	15	-0.4743
8dc7e808-1096-46bd-a88d-2e6dc2c50712	8	7022540	7358509	95	-0.0237
8dc7e808-1096-46bd-a88d-2e6dc2c50712	8	7359340	7941868	40	-0.7878
8dc7e808-1096-46bd-a88d-2e6dc2c50712	8	7974123	12092042	3235	0.0117
8dc7e808-1096-46bd-a88d-2e6dc2c50712	8	12130217	12143614	6	-1.0106
8dc7e808-1096-46bd-a88d-2e6dc2c50712	8	12176798	14652059	1998	0.0141
8dc7e808-1096-46bd-a88d-2e6dc2c50712	8	14652523	14652565	3	-0.9067
8dc7e808-1096-46bd-a88d-2e6dc2c50712	8	14652887	16339682	1510	0.0213
8dc7e808-1096-46bd-a88d-2e6dc2c50712	8	16349445	16349614	8	-0.5761
8dc7e808-1096-46bd-a88d-2e6dc2c50712	8	16354575	23544795	5786	0.0088
8dc7e808-1096-46bd-a88d-2e6dc2c50712	8	23550227	23550298	4	-0.9081
8dc7e808-1096-46bd-a88d-2e6dc2c50712	8	23550358	39373140	10183	0.0017
8dc7e808-1096-46bd-a88d-2e6dc2c50712	8	39378084	39529446	59	0.8474
8dc7e808-1096-46bd-a88d-2e6dc2c50712	8	39530780	40326278	590	0.0008
8dc7e808-1096-46bd-a88d-2e6dc2c50712	8	40326280	40331992	33	-0.8781
8dc7e808-1096-46bd-a88d-2e6dc2c50712	8	40335391	56660522	8205	0.0045
8dc7e808-1096-46bd-a88d-2e6dc2c50712	8	56662486	56662896	2	1.3174
8dc7e808-1096-46bd-a88d-2e6dc2c50712	8	56663292	128744020	44820	0.0014
8dc7e808-1096-46bd-a88d-2e6dc2c50712	8	128750889	128751839	2	-3.1828
8dc7e808-1096-46bd-a88d-2e6dc2c50712	8	128765208	139591259	8587	0.0047
8dc7e808-1096-46bd-a88d-2e6dc2c50712	8	139592093	139592959	5	0.8578
8dc7e808-1096-46bd-a88d-2e6dc2c50712	8	139593472	143616987	2140	-0.0046
8dc7e808-1096-46bd-a88d-2e6dc2c50712	8	143622987	143645483	14	-0.5939
8dc7e808-1096-46bd-a88d-2e6dc2c50712	8	143645848	144458447	237	-0.0816
8dc7e808-1096-46bd-a88d-2e6dc2c50712	8	144461735	144462092	2	-1.814
8dc7e808-1096-46bd-a88d-2e6dc2c50712	8	144470123	144914153	163	-0.0085
8dc7e808-1096-46bd-a88d-2e6dc2c50712	8	144917125	144941505	26	-1.0842
8dc7e808-1096-46bd-a88d-2e6dc2c50712	8	144943492	145072769	70	-0.0587
8dc7e808-1096-46bd-a88d-2e6dc2c50712	9	46587	7730419	7463	0.0049
8dc7e808-1096-46bd-a88d-2e6dc2c50712	9	7731398	7772508	42	-1.0243
8dc7e808-1096-46bd-a88d-2e6dc2c50712	9	7772912	12554856	4188	0.0214
8dc7e808-1096-46bd-a88d-2e6dc2c50712	9	12556594	12562294	3	-1.3138
8dc7e808-1096-46bd-a88d-2e6dc2c50712	9	12565520	23361807	8720	0.0017
8dc7e808-1096-46bd-a88d-2e6dc2c50712	9	23363117	23373486	8	-2.5958
8dc7e808-1096-46bd-a88d-2e6dc2c50712	9	23378490	39588611	10743	0.0046
8dc7e808-1096-46bd-a88d-2e6dc2c50712	9	39747848	40099921	8	-0.8405
8dc7e808-1096-46bd-a88d-2e6dc2c50712	9	40189830	61405110	190	-0.0076
8dc7e808-1096-46bd-a88d-2e6dc2c50712	9	61520021	61629689	28	0.7513
8dc7e808-1096-46bd-a88d-2e6dc2c50712	9	61633080	64543764	107	0.0142
8dc7e808-1096-46bd-a88d-2e6dc2c50712	9	64543777	64877074	17	-0.4356
8dc7e808-1096-46bd-a88d-2e6dc2c50712	9	64881149	138200944	47953	0.0019
8dc7e808-1096-46bd-a88d-2e6dc2c50712	10	45792	1654741	1086	0.0177
8dc7e808-1096-46bd-a88d-2e6dc2c50712	10	1658508	1757404	104	0.6321
8dc7e808-1096-46bd-a88d-2e6dc2c50712	10	1759271	2313190	541	0.0087
8dc7e808-1096-46bd-a88d-2e6dc2c50712	10	2313295	2315376	4	-1.0483
8dc7e808-1096-46bd-a88d-2e6dc2c50712	10	2315508	3482440	1145	0.0355
8dc7e808-1096-46bd-a88d-2e6dc2c50712	10	3482631	34810220	23942	0
8dc7e808-1096-46bd-a88d-2e6dc2c50712	10	34810444	45574604	4543	0.0194
8dc7e808-1096-46bd-a88d-2e6dc2c50712	10	45577424	45580787	5	-1.0836
8dc7e808-1096-46bd-a88d-2e6dc2c50712	10	45584888	48084420	647	-0.0285
8dc7e808-1096-46bd-a88d-2e6dc2c50712	10	48084439	48114825	2	-2.0387
8dc7e808-1096-46bd-a88d-2e6dc2c50712	10	48114838	55311830	5242	0.008
8dc7e808-1096-46bd-a88d-2e6dc2c50712	10	55312545	55316065	3	1.0533
8dc7e808-1096-46bd-a88d-2e6dc2c50712	10	55316080	66219101	7710	0.0023
8dc7e808-1096-46bd-a88d-2e6dc2c50712	10	66221163	66221306	3	-1.0961
8dc7e808-1096-46bd-a88d-2e6dc2c50712	10	66223652	68242351	1236	0.0306
8dc7e808-1096-46bd-a88d-2e6dc2c50712	10	68243178	68245197	2	-1.391
8dc7e808-1096-46bd-a88d-2e6dc2c50712	10	68245233	87269486	12650	0.0039
8dc7e808-1096-46bd-a88d-2e6dc2c50712	10	87278584	87352872	13	-0.721
8dc7e808-1096-46bd-a88d-2e6dc2c50712	10	87353136	88613353	898	-0.0351
8dc7e808-1096-46bd-a88d-2e6dc2c50712	10	88614088	88614881	3	-1.45
8dc7e808-1096-46bd-a88d-2e6dc2c50712	10	88617220	90700170	1564	-0.0062
8dc7e808-1096-46bd-a88d-2e6dc2c50712	10	90702958	90703534	4	-0.9214
8dc7e808-1096-46bd-a88d-2e6dc2c50712	10	90711823	133415637	29136	0.0028
8dc7e808-1096-46bd-a88d-2e6dc2c50712	10	133416215	133416364	2	-3.7095
8dc7e808-1096-46bd-a88d-2e6dc2c50712	10	133419150	133654968	148	0.0317
8dc7e808-1096-46bd-a88d-2e6dc2c50712	11	198510	4949013	2417	-0.013
8dc7e808-1096-46bd-a88d-2e6dc2c50712	11	4949047	4949064	2	1.4519
8dc7e808-1096-46bd-a88d-2e6dc2c50712	11	4949100	4953934	22	0.6791
8dc7e808-1096-46bd-a88d-2e6dc2c50712	11	4954445	4955042	4	1.3818
8dc7e808-1096-46bd-a88d-2e6dc2c50712	11	4955781	49686823	31269	0.0021
8dc7e808-1096-46bd-a88d-2e6dc2c50712	11	49689309	49736039	15	-0.992
8dc7e808-1096-46bd-a88d-2e6dc2c50712	11	49736119	55608547	740	0.047
8dc7e808-1096-46bd-a88d-2e6dc2c50712	11	55608760	55667651	39	0.4091
8dc7e808-1096-46bd-a88d-2e6dc2c50712	11	55670243	59242332	2190	0.0052
8dc7e808-1096-46bd-a88d-2e6dc2c50712	11	59243694	59252488	6	-0.6828
8dc7e808-1096-46bd-a88d-2e6dc2c50712	11	59252946	64884458	2955	-0.0075
8dc7e808-1096-46bd-a88d-2e6dc2c50712	11	64886292	65936447	409	-0.159
8dc7e808-1096-46bd-a88d-2e6dc2c50712	11	65941956	80256469	7705	-0.0049
8dc7e808-1096-46bd-a88d-2e6dc2c50712	11	80256504	80256520	2	-2.3923
8dc7e808-1096-46bd-a88d-2e6dc2c50712	11	80256642	80851695	459	0.0414
8dc7e808-1096-46bd-a88d-2e6dc2c50712	11	80852173	132894866	36913	0.0019
8dc7e808-1096-46bd-a88d-2e6dc2c50712	11	132896674	134731897	1363	0.0466
8dc7e808-1096-46bd-a88d-2e6dc2c50712	11	134732386	134734098	3	-0.9916
8dc7e808-1096-46bd-a88d-2e6dc2c50712	11	134737977	135074876	281	0.0374
8dc7e808-1096-46bd-a88d-2e6dc2c50712	12	51460	1838027	1052	-0.0284
8dc7e808-1096-46bd-a88d-2e6dc2c50712	12	1840885	1874616	35	-1.1374
8dc7e808-1096-46bd-a88d-2e6dc2c50712	12	1875990	11062773	6140	-0.008
8dc7e808-1096-46bd-a88d-2e6dc2c50712	12	11064250	11104230	14	0.4956
8dc7e808-1096-46bd-a88d-2e6dc2c50712	12	11107676	11351157	129	-0.0086
8dc7e808-1096-46bd-a88d-2e6dc2c50712	12	11358643	11390472	31	-0.6232
8dc7e808-1096-46bd-a88d-2e6dc2c50712	12	11399258	18569435	4938	-0.0031
8dc7e808-1096-46bd-a88d-2e6dc2c50712	12	18570817	18573771	4	-1.1592
8dc7e808-1096-46bd-a88d-2e6dc2c50712	12	18573991	90089573	43279	0.0016
8dc7e808-1096-46bd-a88d-2e6dc2c50712	12	90097892	90098297	7	-0.9984
8dc7e808-1096-46bd-a88d-2e6dc2c50712	12	90099780	125152432	22978	0.0002
8dc7e808-1096-46bd-a88d-2e6dc2c50712	12	125152614	130663930	4862	0.0276
8dc7e808-1096-46bd-a88d-2e6dc2c50712	12	130664224	133201603	1351	-0.0018
8dc7e808-1096-46bd-a88d-2e6dc2c50712	13	18452809	52520664	23391	-0.0062
8dc7e808-1096-46bd-a88d-2e6dc2c50712	13	52523849	52531650	3	-2.1876
8dc7e808-1096-46bd-a88d-2e6dc2c50712	13	52543744	114342922	40732	0.0091
8dc7e808-1096-46bd-a88d-2e6dc2c50712	14	18239283	34957568	9927	0.0002
8dc7e808-1096-46bd-a88d-2e6dc2c50712	14	34959789	34960540	3	-2.5996
8dc7e808-1096-46bd-a88d-2e6dc2c50712	14	34965212	35040397	42	-0.0692
8dc7e808-1096-46bd-a88d-2e6dc2c50712	14	35040442	35040568	3	-1.445
8dc7e808-1096-46bd-a88d-2e6dc2c50712	14	35041591	36411726	775	-0.0048
8dc7e808-1096-46bd-a88d-2e6dc2c50712	14	36412242	48605912	7418	0.0227
8dc7e808-1096-46bd-a88d-2e6dc2c50712	14	48608092	73534419	16053	-0.0053
8dc7e808-1096-46bd-a88d-2e6dc2c50712	14	73540003	73550817	6	-1.6506
8dc7e808-1096-46bd-a88d-2e6dc2c50712	14	73550834	106689547	21074	0.004
8dc7e808-1096-46bd-a88d-2e6dc2c50712	14	106696326	106711719	7	-0.8445
8dc7e808-1096-46bd-a88d-2e6dc2c50712	14	106719325	106877229	73	-0.0644
8dc7e808-1096-46bd-a88d-2e6dc2c50712	15	19811075	20376311	95	0.029
8dc7e808-1096-46bd-a88d-2e6dc2c50712	15	20380735	20381704	10	-0.8465
8dc7e808-1096-46bd-a88d-2e6dc2c50712	15	20384774	21997003	72	-0.071
8dc7e808-1096-46bd-a88d-2e6dc2c50712	15	21999319	22294951	26	0.4507
8dc7e808-1096-46bd-a88d-2e6dc2c50712	15	22296480	24424598	996	0.0127
8dc7e808-1096-46bd-a88d-2e6dc2c50712	15	24429604	24473026	33	-0.6465
8dc7e808-1096-46bd-a88d-2e6dc2c50712	15	24473449	76598900	32671	0.0032
8dc7e808-1096-46bd-a88d-2e6dc2c50712	15	76599170	76603434	21	0.7732
8dc7e808-1096-46bd-a88d-2e6dc2c50712	15	76609838	86001128	5545	-0.0053
8dc7e808-1096-46bd-a88d-2e6dc2c50712	15	86002325	86003827	3	-1.7238
8dc7e808-1096-46bd-a88d-2e6dc2c50712	15	86004740	97265179	8626	-0.0002
8dc7e808-1096-46bd-a88d-2e6dc2c50712	15	97274562	97288957	11	-0.7044
8dc7e808-1096-46bd-a88d-2e6dc2c50712	15	97290419	101928837	3425	0.008
8dc7e808-1096-46bd-a88d-2e6dc2c50712	16	10777	1175628	410	-0.0238
8dc7e808-1096-46bd-a88d-2e6dc2c50712	16	1176198	1222472	9	-0.6496
8dc7e808-1096-46bd-a88d-2e6dc2c50712	16	1223291	4932012	1668	-0.0168
8dc7e808-1096-46bd-a88d-2e6dc2c50712	16	4932127	7290952	2698	0.0467
8dc7e808-1096-46bd-a88d-2e6dc2c50712	16	7292776	8475104	1317	0.003
8dc7e808-1096-46bd-a88d-2e6dc2c50712	16	8475544	8478811	4	-0.8312
8dc7e808-1096-46bd-a88d-2e6dc2c50712	16	8484427	14887120	4999	0.0114
8dc7e808-1096-46bd-a88d-2e6dc2c50712	16	14895982	15033033	55	-0.3617
8dc7e808-1096-46bd-a88d-2e6dc2c50712	16	15034129	29261283	7878	-0.0023
8dc7e808-1096-46bd-a88d-2e6dc2c50712	16	29265473	30157020	241	-0.1377
8dc7e808-1096-46bd-a88d-2e6dc2c50712	16	30158204	55761136	7632	0.0067
8dc7e808-1096-46bd-a88d-2e6dc2c50712	16	55762477	55788532	22	-0.6373
8dc7e808-1096-46bd-a88d-2e6dc2c50712	16	55808442	55808603	4	0.1545
8dc7e808-1096-46bd-a88d-2e6dc2c50712	16	55809606	55824881	9	0.6574
8dc7e808-1096-46bd-a88d-2e6dc2c50712	16	55834527	88066715	24050	0.0104
8dc7e808-1096-46bd-a88d-2e6dc2c50712	16	88070485	88081785	7	-0.7128
8dc7e808-1096-46bd-a88d-2e6dc2c50712	16	88082524	88690624	233	0.0186
8dc7e808-1096-46bd-a88d-2e6dc2c50712	16	88704213	88760801	19	-0.3413
8dc7e808-1096-46bd-a88d-2e6dc2c50712	16	88767066	89945653	488	-0.0575
8dc7e808-1096-46bd-a88d-2e6dc2c50712	16	89946519	89974227	13	-0.3752
8dc7e808-1096-46bd-a88d-2e6dc2c50712	16	89984281	90068899	68	0.0539
8dc7e808-1096-46bd-a88d-2e6dc2c50712	16	90071990	90072332	3	-0.7747
8dc7e808-1096-46bd-a88d-2e6dc2c50712	16	90074947	90096867	12	-0.0295
8dc7e808-1096-46bd-a88d-2e6dc2c50712	17	150733	2973928	1438	-0.025
8dc7e808-1096-46bd-a88d-2e6dc2c50712	17	2974495	2974709	2	-1.2337
8dc7e808-1096-46bd-a88d-2e6dc2c50712	17	2974928	10083423	4340	0.0101
8dc7e808-1096-46bd-a88d-2e6dc2c50712	17	10086456	10511479	312	0.5905
8dc7e808-1096-46bd-a88d-2e6dc2c50712	17	10514122	37327486	12829	0.0086
8dc7e808-1096-46bd-a88d-2e6dc2c50712	17	37336917	37337106	3	-1.0944
8dc7e808-1096-46bd-a88d-2e6dc2c50712	17	37337135	41265456	1887	0.0039
8dc7e808-1096-46bd-a88d-2e6dc2c50712	17	41266762	41274198	23	1.5557
8dc7e808-1096-46bd-a88d-2e6dc2c50712	17	41274279	41354660	76	-0.0249
8dc7e808-1096-46bd-a88d-2e6dc2c50712	17	41357204	41366243	28	-0.7594
8dc7e808-1096-46bd-a88d-2e6dc2c50712	17	41370057	51415836	4986	-0.0093
8dc7e808-1096-46bd-a88d-2e6dc2c50712	17	51418878	51478433	41	0.6133
8dc7e808-1096-46bd-a88d-2e6dc2c50712	17	51478461	57002110	4026	-0.0015
8dc7e808-1096-46bd-a88d-2e6dc2c50712	17	57002968	57003057	2	-1.3625
8dc7e808-1096-46bd-a88d-2e6dc2c50712	17	57008100	77723938	12424	-0.0038
8dc7e808-1096-46bd-a88d-2e6dc2c50712	17	77723978	77724221	2	-1.3297
8dc7e808-1096-46bd-a88d-2e6dc2c50712	17	77726350	78285287	288	-0.0132
8dc7e808-1096-46bd-a88d-2e6dc2c50712	17	78286051	78286887	2	1.4866
8dc7e808-1096-46bd-a88d-2e6dc2c50712	17	78290662	83091923	2318	-0.0139
8dc7e808-1096-46bd-a88d-2e6dc2c50712	18	48133	37953673	21005	0.006
8dc7e808-1096-46bd-a88d-2e6dc2c50712	18	37954076	37957171	8	-1.1212
8dc7e808-1096-46bd-a88d-2e6dc2c50712	18	37959352	40678763	1771	0.019
8dc7e808-1096-46bd-a88d-2e6dc2c50712	18	40680456	40685425	19	-0.6306
8dc7e808-1096-46bd-a88d-2e6dc2c50712	18	40688060	42471713	1215	0.0136
8dc7e808-1096-46bd-a88d-2e6dc2c50712	18	42476604	42477802	25	-0.7078
8dc7e808-1096-46bd-a88d-2e6dc2c50712	18	42478430	66239412	16407	0.0034
8dc7e808-1096-46bd-a88d-2e6dc2c50712	18	66239612	66243255	10	-0.8117
8dc7e808-1096-46bd-a88d-2e6dc2c50712	18	66244124	80257174	10270	0.0136
8dc7e808-1096-46bd-a88d-2e6dc2c50712	19	90910	20563384	9007	-0.0076
8dc7e808-1096-46bd-a88d-2e6dc2c50712	19	20576271	20577052	2	-1.9816
8dc7e808-1096-46bd-a88d-2e6dc2c50712	19	20582324	40854267	10478	0.0053
8dc7e808-1096-46bd-a88d-2e6dc2c50712	19	40854465	40886250	20	-0.8453
8dc7e808-1096-46bd-a88d-2e6dc2c50712	19	40886749	51628560	5238	-0.0176
8dc7e808-1096-46bd-a88d-2e6dc2c50712	19	51639099	51644944	11	-0.9372
8dc7e808-1096-46bd-a88d-2e6dc2c50712	19	51651652	58586487	4333	-0.0264
8dc7e808-1096-46bd-a88d-2e6dc2c50712	20	80664	1580934	1205	-0.0232
8dc7e808-1096-46bd-a88d-2e6dc2c50712	20	1581021	1613247	40	-1.003
8dc7e808-1096-46bd-a88d-2e6dc2c50712	20	1617300	14812166	9925	0.0027
8dc7e808-1096-46bd-a88d-2e6dc2c50712	20	14812188	14812192	2	-2.3252
8dc7e808-1096-46bd-a88d-2e6dc2c50712	20	14812769	23575578	7192	0.0112
8dc7e808-1096-46bd-a88d-2e6dc2c50712	20	23575861	23579398	2	1.1999
8dc7e808-1096-46bd-a88d-2e6dc2c50712	20	23579636	30193847	1649	0.0175
8dc7e808-1096-46bd-a88d-2e6dc2c50712	20	30206919	30295149	16	-0.6716
8dc7e808-1096-46bd-a88d-2e6dc2c50712	20	30295239	32798351	756	0.0113
8dc7e808-1096-46bd-a88d-2e6dc2c50712	20	32804092	36978502	1990	-0.4138
8dc7e808-1096-46bd-a88d-2e6dc2c50712	20	36984415	37129861	169	-0.2544
8dc7e808-1096-46bd-a88d-2e6dc2c50712	20	37133091	38627993	947	-0.4113
8dc7e808-1096-46bd-a88d-2e6dc2c50712	20	38629982	44915383	4522	0.0125
8dc7e808-1096-46bd-a88d-2e6dc2c50712	20	44915887	44916244	2	-1.3979
8dc7e808-1096-46bd-a88d-2e6dc2c50712	20	44916862	54028329	6453	-0.0023
8dc7e808-1096-46bd-a88d-2e6dc2c50712	20	54031269	54041178	31	-0.875
8dc7e808-1096-46bd-a88d-2e6dc2c50712	20	54041534	54042112	6	-0.402
8dc7e808-1096-46bd-a88d-2e6dc2c50712	20	54046035	55563310	1231	0.0024
8dc7e808-1096-46bd-a88d-2e6dc2c50712	20	55563370	55563384	2	-1.3033
8dc7e808-1096-46bd-a88d-2e6dc2c50712	20	55563648	57009990	1222	0.0107
8dc7e808-1096-46bd-a88d-2e6dc2c50712	20	57011758	57012392	2	-1.1913
8dc7e808-1096-46bd-a88d-2e6dc2c50712	20	57019630	61055940	3291	0
8dc7e808-1096-46bd-a88d-2e6dc2c50712	20	61060441	61064851	20	-1.4519
8dc7e808-1096-46bd-a88d-2e6dc2c50712	20	61065674	63744287	1445	-0.0035
8dc7e808-1096-46bd-a88d-2e6dc2c50712	20	63744303	63747011	6	-0.6097
8dc7e808-1096-46bd-a88d-2e6dc2c50712	20	63749189	64324800	232	-0.0116
8dc7e808-1096-46bd-a88d-2e6dc2c50712	21	10354168	22441401	6421	0.0073
8dc7e808-1096-46bd-a88d-2e6dc2c50712	21	22441539	22445044	3	-1.5824
8dc7e808-1096-46bd-a88d-2e6dc2c50712	21	22445280	26681983	3203	0.0028
8dc7e808-1096-46bd-a88d-2e6dc2c50712	21	26685133	26686475	4	-0.8058
8dc7e808-1096-46bd-a88d-2e6dc2c50712	21	26686573	36557014	7080	-0.0031
8dc7e808-1096-46bd-a88d-2e6dc2c50712	21	36557831	36558060	2	-1.3833
8dc7e808-1096-46bd-a88d-2e6dc2c50712	21	36560880	46677045	7144	-0.0051
8dc7e808-1096-46bd-a88d-2e6dc2c50712	22	15294547	22398127	3458	-0.0119
8dc7e808-1096-46bd-a88d-2e6dc2c50712	22	22398345	22398545	4	0.8709
8dc7e808-1096-46bd-a88d-2e6dc2c50712	22	22402989	23929558	919	-0.0002
8dc7e808-1096-46bd-a88d-2e6dc2c50712	22	23940911	23990739	18	0.3717
8dc7e808-1096-46bd-a88d-2e6dc2c50712	22	23995113	25340709	866	0.0019
8dc7e808-1096-46bd-a88d-2e6dc2c50712	22	25340710	25349934	3	1.2834
8dc7e808-1096-46bd-a88d-2e6dc2c50712	22	25349949	37346951	9155	0.004
8dc7e808-1096-46bd-a88d-2e6dc2c50712	22	37352689	37353906	4	-1.391
8dc7e808-1096-46bd-a88d-2e6dc2c50712	22	37354627	38891905	764	-0.0002
8dc7e808-1096-46bd-a88d-2e6dc2c50712	22	38894915	38904200	7	-0.716
8dc7e808-1096-46bd-a88d-2e6dc2c50712	22	38909916	43613502	2640	-0.0101
8dc7e808-1096-46bd-a88d-2e6dc2c50712	22	43615744	49600446	4895	0.0265
8dc7e808-1096-46bd-a88d-2e6dc2c50712	22	49604058	50796027	537	-0.0551
8dc7e808-1096-46bd-a88d-2e6dc2c50712	X	251810	3286264	477	-0.0223
8dc7e808-1096-46bd-a88d-2e6dc2c50712	X	3288703	3298666	14	-1.134
8dc7e808-1096-46bd-a88d-2e6dc2c50712	X	3298682	28225320	16716	0.0025
8dc7e808-1096-46bd-a88d-2e6dc2c50712	X	28232643	28241692	4	-1.6193
8dc7e808-1096-46bd-a88d-2e6dc2c50712	X	28241793	77179707	22598	0.0015
8dc7e808-1096-46bd-a88d-2e6dc2c50712	X	77191372	77267881	7	-0.6929
8dc7e808-1096-46bd-a88d-2e6dc2c50712	X	77293685	82726432	2586	0.0054
8dc7e808-1096-46bd-a88d-2e6dc2c50712	X	82727603	82729930	2	-1.7279
8dc7e808-1096-46bd-a88d-2e6dc2c50712	X	82733124	85475310	1482	0.0073
8dc7e808-1096-46bd-a88d-2e6dc2c50712	X	85475722	85475979	2	-1.0781
8dc7e808-1096-46bd-a88d-2e6dc2c50712	X	85477782	85735832	191	0.029
8dc7e808-1096-46bd-a88d-2e6dc2c50712	X	85744347	85746774	3	-1.0636
8dc7e808-1096-46bd-a88d-2e6dc2c50712	X	85746936	155952689	39549	0.0009
8dc7e808-1096-46bd-a88d-2e6dc2c50712	Y	2782397	6249869	785	-3.0645
8dc7e808-1096-46bd-a88d-2e6dc2c50712	Y	6252391	19710635	4815	-3.5672
8dc7e808-1096-46bd-a88d-2e6dc2c50712	Y	19710852	19756761	23	-5.0698
8dc7e808-1096-46bd-a88d-2e6dc2c50712	Y	19757367	25971733	845	-3.6025
8dc7e808-1096-46bd-a88d-2e6dc2c50712	Y	26077669	56872112	172	-3.1281
