GDC_Aliquot	Chromosome	Start	End	Copy_Number	Major_Copy_Number	Minor_Copy_Number
e6268f9c-fd73-4163-8824-eca1dab52d32	chr1	13116	10906057	4	3	1
e6268f9c-fd73-4163-8824-eca1dab52d32	chr1	10908422	28975290	3	2	1
e6268f9c-fd73-4163-8824-eca1dab52d32	chr1	28977151	30767633	5	4	1
e6268f9c-fd73-4163-8824-eca1dab52d32	chr1	30768930	30795661	2	2	0
e6268f9c-fd73-4163-8824-eca1dab52d32	chr1	30796702	45103675	5	4	1
e6268f9c-fd73-4163-8824-eca1dab52d32	chr1	45105850	70215803	3	2	1
e6268f9c-fd73-4163-8824-eca1dab52d32	chr1	70216867	70555392	2	1	1
e6268f9c-fd73-4163-8824-eca1dab52d32	chr1	70556664	100231914	3	2	1
e6268f9c-fd73-4163-8824-eca1dab52d32	chr1	100233934	100258340	2	2	0
e6268f9c-fd73-4163-8824-eca1dab52d32	chr1	100260034	121742438	2	1	1
e6268f9c-fd73-4163-8824-eca1dab52d32	chr1	143417573	145228472	6	5	1
e6268f9c-fd73-4163-8824-eca1dab52d32	chr1	145243611	149693194	7	5	2
e6268f9c-fd73-4163-8824-eca1dab52d32	chr1	149694602	149888822	10	7	3
e6268f9c-fd73-4163-8824-eca1dab52d32	chr1	149890817	149890817	9	9	0
e6268f9c-fd73-4163-8824-eca1dab52d32	chr1	149895314	150413547	9	5	4
e6268f9c-fd73-4163-8824-eca1dab52d32	chr1	150414667	150605765	8	4	4
e6268f9c-fd73-4163-8824-eca1dab52d32	chr1	150607202	152296062	9	5	4
e6268f9c-fd73-4163-8824-eca1dab52d32	chr1	152297146	153881560	7	5	2
e6268f9c-fd73-4163-8824-eca1dab52d32	chr1	153883888	156211739	8	4	4
e6268f9c-fd73-4163-8824-eca1dab52d32	chr1	156212919	196751732	6	5	1
e6268f9c-fd73-4163-8824-eca1dab52d32	chr1	196752801	196831912	10	8	2
e6268f9c-fd73-4163-8824-eca1dab52d32	chr1	196833228	248945703	6	5	1
e6268f9c-fd73-4163-8824-eca1dab52d32	chr2	10587	86870978	4	2	2
e6268f9c-fd73-4163-8824-eca1dab52d32	chr2	86872010	87685145	4	3	1
e6268f9c-fd73-4163-8824-eca1dab52d32	chr2	87687763	96988941	4	2	2
e6268f9c-fd73-4163-8824-eca1dab52d32	chr2	96990145	97169743	5	3	2
e6268f9c-fd73-4163-8824-eca1dab52d32	chr2	97172132	129389061	4	2	2
e6268f9c-fd73-4163-8824-eca1dab52d32	chr2	129390324	130645797	3	2	1
e6268f9c-fd73-4163-8824-eca1dab52d32	chr2	130647685	213027131	4	2	2
e6268f9c-fd73-4163-8824-eca1dab52d32	chr2	213028166	213496165	3	2	1
e6268f9c-fd73-4163-8824-eca1dab52d32	chr2	213497663	242183243	4	2	2
e6268f9c-fd73-4163-8824-eca1dab52d32	chr3	18519	88187677	2	2	0
e6268f9c-fd73-4163-8824-eca1dab52d32	chr3	88189145	198181744	4	2	2
e6268f9c-fd73-4163-8824-eca1dab52d32	chr4	11961	49319702	4	2	2
e6268f9c-fd73-4163-8824-eca1dab52d32	chr4	49320709	49487364	2	1	1
e6268f9c-fd73-4163-8824-eca1dab52d32	chr4	49488736	49523779	2	2	0
e6268f9c-fd73-4163-8824-eca1dab52d32	chr4	49525647	49544804	3	3	0
e6268f9c-fd73-4163-8824-eca1dab52d32	chr4	49545936	49568370	3	2	1
e6268f9c-fd73-4163-8824-eca1dab52d32	chr4	49569662	49572656	1	1	0
e6268f9c-fd73-4163-8824-eca1dab52d32	chr4	49573714	49600928	2	1	1
e6268f9c-fd73-4163-8824-eca1dab52d32	chr4	49602451	49610651	1	1	0
e6268f9c-fd73-4163-8824-eca1dab52d32	chr4	49614387	49645097	2	1	1
e6268f9c-fd73-4163-8824-eca1dab52d32	chr4	49646177	90998953	4	2	2
e6268f9c-fd73-4163-8824-eca1dab52d32	chr4	91000624	91522591	3	2	1
e6268f9c-fd73-4163-8824-eca1dab52d32	chr4	91523806	190122722	4	2	2
e6268f9c-fd73-4163-8824-eca1dab52d32	chr5	11882	181363900	4	2	2
e6268f9c-fd73-4163-8824-eca1dab52d32	chr6	100116	7266309	4	3	1
e6268f9c-fd73-4163-8824-eca1dab52d32	chr6	7267349	8104374	5	3	2
e6268f9c-fd73-4163-8824-eca1dab52d32	chr6	8105406	16377382	4	3	1
e6268f9c-fd73-4163-8824-eca1dab52d32	chr6	16379380	25293205	5	3	2
e6268f9c-fd73-4163-8824-eca1dab52d32	chr6	25295030	25305992	8	4	4
e6268f9c-fd73-4163-8824-eca1dab52d32	chr6	25307517	25469434	9	6	3
e6268f9c-fd73-4163-8824-eca1dab52d32	chr6	25472262	30301086	5	3	2
e6268f9c-fd73-4163-8824-eca1dab52d32	chr6	30302303	31171713	6	3	3
e6268f9c-fd73-4163-8824-eca1dab52d32	chr6	31172741	31864167	10	7	3
e6268f9c-fd73-4163-8824-eca1dab52d32	chr6	31866540	32467162	6	3	3
e6268f9c-fd73-4163-8824-eca1dab52d32	chr6	32468178	32540782	5	4	1
e6268f9c-fd73-4163-8824-eca1dab52d32	chr6	32541793	33820786	5	3	2
e6268f9c-fd73-4163-8824-eca1dab52d32	chr6	33821804	39673590	6	3	3
e6268f9c-fd73-4163-8824-eca1dab52d32	chr6	39674825	50003052	5	3	2
e6268f9c-fd73-4163-8824-eca1dab52d32	chr6	50004752	56468332	3	2	1
e6268f9c-fd73-4163-8824-eca1dab52d32	chr6	56469796	56649855	2	1	1
e6268f9c-fd73-4163-8824-eca1dab52d32	chr6	56650989	58443874	3	2	1
e6268f9c-fd73-4163-8824-eca1dab52d32	chr6	58444971	170740469	2	1	1
e6268f9c-fd73-4163-8824-eca1dab52d32	chr7	20608	62353669	2	1	1
e6268f9c-fd73-4163-8824-eca1dab52d32	chr7	62355071	63708849	1	1	0
e6268f9c-fd73-4163-8824-eca1dab52d32	chr7	63709971	63732440	4	4	0
e6268f9c-fd73-4163-8824-eca1dab52d32	chr7	63733825	66409301	1	1	0
e6268f9c-fd73-4163-8824-eca1dab52d32	chr7	66413674	85305012	3	2	1
e6268f9c-fd73-4163-8824-eca1dab52d32	chr7	85306378	85363334	1	1	0
e6268f9c-fd73-4163-8824-eca1dab52d32	chr7	85364353	88175582	3	2	1
e6268f9c-fd73-4163-8824-eca1dab52d32	chr7	88176741	88410569	2	2	0
e6268f9c-fd73-4163-8824-eca1dab52d32	chr7	88413530	126781415	3	2	1
e6268f9c-fd73-4163-8824-eca1dab52d32	chr7	126782764	127222344	5	4	1
e6268f9c-fd73-4163-8824-eca1dab52d32	chr7	127223445	152058953	4	3	1
e6268f9c-fd73-4163-8824-eca1dab52d32	chr7	152060250	159334386	2	1	1
e6268f9c-fd73-4163-8824-eca1dab52d32	chr8	61774	8025537	2	2	0
e6268f9c-fd73-4163-8824-eca1dab52d32	chr8	8026598	8155240	1	1	0
e6268f9c-fd73-4163-8824-eca1dab52d32	chr8	8164519	8185669	3	3	0
e6268f9c-fd73-4163-8824-eca1dab52d32	chr8	8195588	13750313	2	2	0
e6268f9c-fd73-4163-8824-eca1dab52d32	chr8	13751322	13860127	0	0	0
e6268f9c-fd73-4163-8824-eca1dab52d32	chr8	13861333	33912798	2	2	0
e6268f9c-fd73-4163-8824-eca1dab52d32	chr8	33915003	35285438	6	3	3
e6268f9c-fd73-4163-8824-eca1dab52d32	chr8	35286867	35360544	13	11	2
e6268f9c-fd73-4163-8824-eca1dab52d32	chr8	35361609	35571040	6	3	3
e6268f9c-fd73-4163-8824-eca1dab52d32	chr8	35572213	35899537	2	2	0
e6268f9c-fd73-4163-8824-eca1dab52d32	chr8	35906399	36611461	22	20	2
e6268f9c-fd73-4163-8824-eca1dab52d32	chr8	36614796	38252697	31	29	2
e6268f9c-fd73-4163-8824-eca1dab52d32	chr8	38256491	38294926	46	43	3
e6268f9c-fd73-4163-8824-eca1dab52d32	chr8	38296053	38311181	40	40	0
e6268f9c-fd73-4163-8824-eca1dab52d32	chr8	38313774	38629452	52	50	2
e6268f9c-fd73-4163-8824-eca1dab52d32	chr8	38631083	40206446	11	9	2
e6268f9c-fd73-4163-8824-eca1dab52d32	chr8	40207552	40564242	20	18	2
e6268f9c-fd73-4163-8824-eca1dab52d32	chr8	40565353	40977293	5	3	2
e6268f9c-fd73-4163-8824-eca1dab52d32	chr8	40978319	42358823	6	3	3
e6268f9c-fd73-4163-8824-eca1dab52d32	chr8	42361530	49124359	7	4	3
e6268f9c-fd73-4163-8824-eca1dab52d32	chr8	49126199	51759883	5	3	2
e6268f9c-fd73-4163-8824-eca1dab52d32	chr8	51760945	52927909	6	3	3
e6268f9c-fd73-4163-8824-eca1dab52d32	chr8	52929146	58532351	7	4	3
e6268f9c-fd73-4163-8824-eca1dab52d32	chr8	58533895	61481388	6	3	3
e6268f9c-fd73-4163-8824-eca1dab52d32	chr8	61482407	89495745	7	4	3
e6268f9c-fd73-4163-8824-eca1dab52d32	chr8	89498185	89632477	9	5	4
e6268f9c-fd73-4163-8824-eca1dab52d32	chr8	89634311	145078402	6	5	1
e6268f9c-fd73-4163-8824-eca1dab52d32	chr9	10469	7610022	3	2	1
e6268f9c-fd73-4163-8824-eca1dab52d32	chr9	7611055	7851628	2	1	1
e6268f9c-fd73-4163-8824-eca1dab52d32	chr9	7852786	12717406	3	2	1
e6268f9c-fd73-4163-8824-eca1dab52d32	chr9	12719265	13710346	2	1	1
e6268f9c-fd73-4163-8824-eca1dab52d32	chr9	13711561	138256233	3	2	1
e6268f9c-fd73-4163-8824-eca1dab52d32	chr10	15029	133787009	4	2	2
e6268f9c-fd73-4163-8824-eca1dab52d32	chr11	87268	54551627	4	2	2
e6268f9c-fd73-4163-8824-eca1dab52d32	chr11	54553102	56339444	3	2	1
e6268f9c-fd73-4163-8824-eca1dab52d32	chr11	56341807	61549915	2	2	0
e6268f9c-fd73-4163-8824-eca1dab52d32	chr11	61555360	62356245	3	3	0
e6268f9c-fd73-4163-8824-eca1dab52d32	chr11	62357542	64124829	2	2	0
e6268f9c-fd73-4163-8824-eca1dab52d32	chr11	64126222	64711640	3	2	1
e6268f9c-fd73-4163-8824-eca1dab52d32	chr11	64712836	67220540	5	3	2
e6268f9c-fd73-4163-8824-eca1dab52d32	chr11	67222901	67765363	8	4	4
e6268f9c-fd73-4163-8824-eca1dab52d32	chr11	67766746	67926038	4	4	0
e6268f9c-fd73-4163-8824-eca1dab52d32	chr11	67928951	68066076	7	4	3
e6268f9c-fd73-4163-8824-eca1dab52d32	chr11	68068676	68163992	2	2	0
e6268f9c-fd73-4163-8824-eca1dab52d32	chr11	68165094	68604190	3	3	0
e6268f9c-fd73-4163-8824-eca1dab52d32	chr11	68606715	68853972	1	1	0
e6268f9c-fd73-4163-8824-eca1dab52d32	chr11	68854988	69983611	94	92	2
e6268f9c-fd73-4163-8824-eca1dab52d32	chr11	69985020	72234288	4	2	2
e6268f9c-fd73-4163-8824-eca1dab52d32	chr11	72235289	135076424	2	2	0
e6268f9c-fd73-4163-8824-eca1dab52d32	chr12	11065	133264676	4	2	2
e6268f9c-fd73-4163-8824-eca1dab52d32	chr13	18445955	18617390	4	2	2
e6268f9c-fd73-4163-8824-eca1dab52d32	chr13	18618403	20114011	3	2	1
e6268f9c-fd73-4163-8824-eca1dab52d32	chr13	20115014	20304470	5	3	2
e6268f9c-fd73-4163-8824-eca1dab52d32	chr13	20306377	20380717	3	2	1
e6268f9c-fd73-4163-8824-eca1dab52d32	chr13	20381904	24615072	5	3	2
e6268f9c-fd73-4163-8824-eca1dab52d32	chr13	24616090	29037097	4	2	2
e6268f9c-fd73-4163-8824-eca1dab52d32	chr13	29038263	29052219	2	1	1
e6268f9c-fd73-4163-8824-eca1dab52d32	chr13	29053706	29078946	7	7	0
e6268f9c-fd73-4163-8824-eca1dab52d32	chr13	29080053	34785142	4	2	2
e6268f9c-fd73-4163-8824-eca1dab52d32	chr13	34786897	34836953	5	3	2
e6268f9c-fd73-4163-8824-eca1dab52d32	chr13	34838413	34976405	4	2	2
e6268f9c-fd73-4163-8824-eca1dab52d32	chr13	34979920	35070815	3	2	1
e6268f9c-fd73-4163-8824-eca1dab52d32	chr13	35073204	35393210	4	2	2
e6268f9c-fd73-4163-8824-eca1dab52d32	chr13	35394685	37080221	5	3	2
e6268f9c-fd73-4163-8824-eca1dab52d32	chr13	37081416	37543931	7	5	2
e6268f9c-fd73-4163-8824-eca1dab52d32	chr13	37544959	39588842	6	3	3
e6268f9c-fd73-4163-8824-eca1dab52d32	chr13	39590511	39632280	4	2	2
e6268f9c-fd73-4163-8824-eca1dab52d32	chr13	39634838	39646250	5	3	2
e6268f9c-fd73-4163-8824-eca1dab52d32	chr13	39647577	41211698	4	2	2
e6268f9c-fd73-4163-8824-eca1dab52d32	chr13	41213062	45295124	5	3	2
e6268f9c-fd73-4163-8824-eca1dab52d32	chr13	45296190	46139504	4	2	2
e6268f9c-fd73-4163-8824-eca1dab52d32	chr13	46140750	59492426	5	3	2
e6268f9c-fd73-4163-8824-eca1dab52d32	chr13	59493455	60344534	3	2	1
e6268f9c-fd73-4163-8824-eca1dab52d32	chr13	60345606	69261655	5	3	2
e6268f9c-fd73-4163-8824-eca1dab52d32	chr13	69263554	69348330	3	3	0
e6268f9c-fd73-4163-8824-eca1dab52d32	chr13	69350046	101230733	5	3	2
e6268f9c-fd73-4163-8824-eca1dab52d32	chr13	101232025	101945833	3	2	1
e6268f9c-fd73-4163-8824-eca1dab52d32	chr13	101946950	105495465	5	3	2
e6268f9c-fd73-4163-8824-eca1dab52d32	chr13	105497184	111884568	4	2	2
e6268f9c-fd73-4163-8824-eca1dab52d32	chr13	111885614	112015638	3	2	1
e6268f9c-fd73-4163-8824-eca1dab52d32	chr13	112016672	112020275	5	3	2
e6268f9c-fd73-4163-8824-eca1dab52d32	chr13	112021982	112038707	4	2	2
e6268f9c-fd73-4163-8824-eca1dab52d32	chr13	112040582	114236830	3	2	1
e6268f9c-fd73-4163-8824-eca1dab52d32	chr13	114237993	114343123	5	4	1
e6268f9c-fd73-4163-8824-eca1dab52d32	chr14	18223583	18344083	2	2	0
e6268f9c-fd73-4163-8824-eca1dab52d32	chr14	18348496	22274868	4	4	0
e6268f9c-fd73-4163-8824-eca1dab52d32	chr14	22276076	24025877	2	2	0
e6268f9c-fd73-4163-8824-eca1dab52d32	chr14	24027039	24044531	6	5	1
e6268f9c-fd73-4163-8824-eca1dab52d32	chr14	24046380	24767994	6	6	0
e6268f9c-fd73-4163-8824-eca1dab52d32	chr14	24769139	27018208	2	2	0
e6268f9c-fd73-4163-8824-eca1dab52d32	chr14	27019393	28233454	0	0	0
e6268f9c-fd73-4163-8824-eca1dab52d32	chr14	28234742	28345211	5	5	0
e6268f9c-fd73-4163-8824-eca1dab52d32	chr14	28346482	28392805	0	0	0
e6268f9c-fd73-4163-8824-eca1dab52d32	chr14	28394008	28618801	1	1	0
e6268f9c-fd73-4163-8824-eca1dab52d32	chr14	28620227	29476647	8	8	0
e6268f9c-fd73-4163-8824-eca1dab52d32	chr14	29478219	69227829	5	5	0
e6268f9c-fd73-4163-8824-eca1dab52d32	chr14	69229075	72864234	6	5	1
e6268f9c-fd73-4163-8824-eca1dab52d32	chr14	72866466	75913455	7	6	1
e6268f9c-fd73-4163-8824-eca1dab52d32	chr14	75914717	105881925	6	5	1
e6268f9c-fd73-4163-8824-eca1dab52d32	chr14	105883046	106880670	8	7	1
e6268f9c-fd73-4163-8824-eca1dab52d32	chr15	19795285	101980591	3	2	1
e6268f9c-fd73-4163-8824-eca1dab52d32	chr16	10291	802598	4	2	2
e6268f9c-fd73-4163-8824-eca1dab52d32	chr16	803728	837920	5	3	2
e6268f9c-fd73-4163-8824-eca1dab52d32	chr16	838984	6985431	3	2	1
e6268f9c-fd73-4163-8824-eca1dab52d32	chr16	6986518	7455314	5	3	2
e6268f9c-fd73-4163-8824-eca1dab52d32	chr16	7456787	12842701	3	2	1
e6268f9c-fd73-4163-8824-eca1dab52d32	chr16	12843754	12860822	4	4	0
e6268f9c-fd73-4163-8824-eca1dab52d32	chr16	12862287	23942974	5	3	2
e6268f9c-fd73-4163-8824-eca1dab52d32	chr16	23945308	27114390	3	2	1
e6268f9c-fd73-4163-8824-eca1dab52d32	chr16	27115394	36045725	5	3	2
e6268f9c-fd73-4163-8824-eca1dab52d32	chr16	46380940	46766174	7	4	3
e6268f9c-fd73-4163-8824-eca1dab52d32	chr16	46768479	48529555	5	3	2
e6268f9c-fd73-4163-8824-eca1dab52d32	chr16	48531658	53010083	6	4	2
e6268f9c-fd73-4163-8824-eca1dab52d32	chr16	53011229	64951190	5	3	2
e6268f9c-fd73-4163-8824-eca1dab52d32	chr16	64952272	71207765	6	4	2
e6268f9c-fd73-4163-8824-eca1dab52d32	chr16	71208872	90226358	5	3	2
e6268f9c-fd73-4163-8824-eca1dab52d32	chr17	151035	26939555	2	2	0
e6268f9c-fd73-4163-8824-eca1dab52d32	chr17	26940638	83237603	4	2	2
e6268f9c-fd73-4163-8824-eca1dab52d32	chr18	16444	2239800	7	5	2
e6268f9c-fd73-4163-8824-eca1dab52d32	chr18	2240955	80259190	5	3	2
e6268f9c-fd73-4163-8824-eca1dab52d32	chr19	157892	23686347	2	2	0
e6268f9c-fd73-4163-8824-eca1dab52d32	chr19	23687758	23693786	2	1	1
e6268f9c-fd73-4163-8824-eca1dab52d32	chr19	23696824	23781363	2	2	0
e6268f9c-fd73-4163-8824-eca1dab52d32	chr19	23784983	23796814	5	3	2
e6268f9c-fd73-4163-8824-eca1dab52d32	chr19	23800203	23873102	5	5	0
e6268f9c-fd73-4163-8824-eca1dab52d32	chr19	23874274	24341671	6	3	3
e6268f9c-fd73-4163-8824-eca1dab52d32	chr19	24343970	49951091	4	2	2
e6268f9c-fd73-4163-8824-eca1dab52d32	chr19	49952094	58607412	6	3	3
e6268f9c-fd73-4163-8824-eca1dab52d32	chr20	80457	23799655	4	2	2
e6268f9c-fd73-4163-8824-eca1dab52d32	chr20	23801196	24732677	2	2	0
e6268f9c-fd73-4163-8824-eca1dab52d32	chr20	24733704	63923356	3	2	1
e6268f9c-fd73-4163-8824-eca1dab52d32	chr20	63924620	64331516	4	2	2
e6268f9c-fd73-4163-8824-eca1dab52d32	chr21	7762688	10543300	4	2	2
e6268f9c-fd73-4163-8824-eca1dab52d32	chr21	10561603	10784800	3	3	0
e6268f9c-fd73-4163-8824-eca1dab52d32	chr21	10787255	21329778	5	3	2
e6268f9c-fd73-4163-8824-eca1dab52d32	chr21	21330956	46699722	3	2	1
e6268f9c-fd73-4163-8824-eca1dab52d32	chr22	15284540	15386336	1	1	0
e6268f9c-fd73-4163-8824-eca1dab52d32	chr22	15388840	15872835	4	3	1
e6268f9c-fd73-4163-8824-eca1dab52d32	chr22	16367301	50802392	2	1	1
e6268f9c-fd73-4163-8824-eca1dab52d32	chrX	2781514	92815550	3	2	1
e6268f9c-fd73-4163-8824-eca1dab52d32	chrX	92817239	134891714	4	2	2
e6268f9c-fd73-4163-8824-eca1dab52d32	chrX	134892800	155699751	5	3	2
