GDC_Aliquot	Chromosome	Start	End	Copy_Number	Major_Copy_Number	Minor_Copy_Number
5f10744c-0ae5-4f7e-a3bc-34a201b73375	chr1	13116	248945703	2	1	1
5f10744c-0ae5-4f7e-a3bc-34a201b73375	chr2	10587	242183243	2	1	1
5f10744c-0ae5-4f7e-a3bc-34a201b73375	chr3	18519	182542780	2	1	1
5f10744c-0ae5-4f7e-a3bc-34a201b73375	chr3	182543830	182551401	4	2	2
5f10744c-0ae5-4f7e-a3bc-34a201b73375	chr3	182552539	198181744	2	1	1
5f10744c-0ae5-4f7e-a3bc-34a201b73375	chr4	11961	190122722	2	1	1
5f10744c-0ae5-4f7e-a3bc-34a201b73375	chr5	11882	181363900	2	1	1
5f10744c-0ae5-4f7e-a3bc-34a201b73375	chr6	100116	170740469	2	1	1
5f10744c-0ae5-4f7e-a3bc-34a201b73375	chr7	20608	76443059	2	1	1
5f10744c-0ae5-4f7e-a3bc-34a201b73375	chr7	76444387	76694659	3	2	1
5f10744c-0ae5-4f7e-a3bc-34a201b73375	chr7	76696480	159334386	2	1	1
5f10744c-0ae5-4f7e-a3bc-34a201b73375	chr8	61774	43805698	2	1	1
5f10744c-0ae5-4f7e-a3bc-34a201b73375	chr8	43807613	43824387	3	2	1
5f10744c-0ae5-4f7e-a3bc-34a201b73375	chr8	43825443	145078402	2	1	1
5f10744c-0ae5-4f7e-a3bc-34a201b73375	chr9	10469	138256233	2	1	1
5f10744c-0ae5-4f7e-a3bc-34a201b73375	chr10	15029	133787009	2	1	1
5f10744c-0ae5-4f7e-a3bc-34a201b73375	chr11	87268	135076424	2	1	1
5f10744c-0ae5-4f7e-a3bc-34a201b73375	chr12	11065	133264676	2	1	1
5f10744c-0ae5-4f7e-a3bc-34a201b73375	chr13	18445955	25076428	2	1	1
5f10744c-0ae5-4f7e-a3bc-34a201b73375	chr13	25077635	25088249	1	1	0
5f10744c-0ae5-4f7e-a3bc-34a201b73375	chr13	25090344	114343123	2	1	1
5f10744c-0ae5-4f7e-a3bc-34a201b73375	chr14	18223583	106880670	2	1	1
5f10744c-0ae5-4f7e-a3bc-34a201b73375	chr15	19795285	101980591	2	1	1
5f10744c-0ae5-4f7e-a3bc-34a201b73375	chr16	10291	18235085	2	1	1
5f10744c-0ae5-4f7e-a3bc-34a201b73375	chr16	18236371	18721951	2	2	0
5f10744c-0ae5-4f7e-a3bc-34a201b73375	chr16	18723077	90226358	2	1	1
5f10744c-0ae5-4f7e-a3bc-34a201b73375	chr17	151035	83237603	2	1	1
5f10744c-0ae5-4f7e-a3bc-34a201b73375	chr18	16444	80259190	2	1	1
5f10744c-0ae5-4f7e-a3bc-34a201b73375	chr19	157892	58607412	2	1	1
5f10744c-0ae5-4f7e-a3bc-34a201b73375	chr20	80457	64331516	2	1	1
5f10744c-0ae5-4f7e-a3bc-34a201b73375	chr21	7762688	46699722	2	1	1
5f10744c-0ae5-4f7e-a3bc-34a201b73375	chr22	15284540	50802392	2	1	1
5f10744c-0ae5-4f7e-a3bc-34a201b73375	chrX	2781514	31277489	1	1	0
5f10744c-0ae5-4f7e-a3bc-34a201b73375	chrX	31278729	31287902	4	4	0
5f10744c-0ae5-4f7e-a3bc-34a201b73375	chrX	31289433	42966869	1	1	0
5f10744c-0ae5-4f7e-a3bc-34a201b73375	chrX	42967952	42976418	3	3	0
5f10744c-0ae5-4f7e-a3bc-34a201b73375	chrX	42977470	65128889	1	1	0
5f10744c-0ae5-4f7e-a3bc-34a201b73375	chrX	65130100	65187142	2	2	0
5f10744c-0ae5-4f7e-a3bc-34a201b73375	chrX	65188149	88783024	1	1	0
5f10744c-0ae5-4f7e-a3bc-34a201b73375	chrX	88784171	88842123	2	2	0
5f10744c-0ae5-4f7e-a3bc-34a201b73375	chrX	88843430	111468050	1	1	0
5f10744c-0ae5-4f7e-a3bc-34a201b73375	chrX	111472707	111498032	0	0	0
5f10744c-0ae5-4f7e-a3bc-34a201b73375	chrX	111499693	121908621	1	1	0
5f10744c-0ae5-4f7e-a3bc-34a201b73375	chrX	121910217	121992051	2	2	0
5f10744c-0ae5-4f7e-a3bc-34a201b73375	chrX	121993429	126930065	1	1	0
5f10744c-0ae5-4f7e-a3bc-34a201b73375	chrX	126932017	126947315	3	3	0
5f10744c-0ae5-4f7e-a3bc-34a201b73375	chrX	126948408	128782577	1	1	0
5f10744c-0ae5-4f7e-a3bc-34a201b73375	chrX	128784201	128794728	0	0	0
5f10744c-0ae5-4f7e-a3bc-34a201b73375	chrX	128796359	149508436	1	1	0
5f10744c-0ae5-4f7e-a3bc-34a201b73375	chrX	149510396	149538498	2	2	0
5f10744c-0ae5-4f7e-a3bc-34a201b73375	chrX	149539774	155699751	1	1	0
5f10744c-0ae5-4f7e-a3bc-34a201b73375	chrY	2789135	26622951	1	1	0
