GDC_Aliquot	Chromosome	Start	End	Num_Probes	Segment_Mean
5a56a670-5ae9-4fb7-8ec7-f44cb778ed2a	1	62920	668210	21	-0.6426
5a56a670-5ae9-4fb7-8ec7-f44cb778ed2a	1	771719	15822508	8316	0.0027
5a56a670-5ae9-4fb7-8ec7-f44cb778ed2a	1	15822572	15827706	11	0.6136
5a56a670-5ae9-4fb7-8ec7-f44cb778ed2a	1	15827744	16855942	357	0.0111
5a56a670-5ae9-4fb7-8ec7-f44cb778ed2a	1	16863509	16932568	47	-0.436
5a56a670-5ae9-4fb7-8ec7-f44cb778ed2a	1	16934716	34626073	10245	-0.0017
5a56a670-5ae9-4fb7-8ec7-f44cb778ed2a	1	34637053	34638890	20	-0.8749
5a56a670-5ae9-4fb7-8ec7-f44cb778ed2a	1	34648667	72284670	23761	0.0026
5a56a670-5ae9-4fb7-8ec7-f44cb778ed2a	1	72290430	72297687	9	-2.9946
5a56a670-5ae9-4fb7-8ec7-f44cb778ed2a	1	72302735	72345465	48	1.0289
5a56a670-5ae9-4fb7-8ec7-f44cb778ed2a	1	72346221	86695954	9358	0.001
5a56a670-5ae9-4fb7-8ec7-f44cb778ed2a	1	86697550	86699910	3	-1.7288
5a56a670-5ae9-4fb7-8ec7-f44cb778ed2a	1	86706044	105476583	11600	0.0044
5a56a670-5ae9-4fb7-8ec7-f44cb778ed2a	1	105476614	105482176	21	0.6055
5a56a670-5ae9-4fb7-8ec7-f44cb778ed2a	1	105486052	109684893	2631	0.0154
5a56a670-5ae9-4fb7-8ec7-f44cb778ed2a	1	109690352	109697556	13	-1.3489
5a56a670-5ae9-4fb7-8ec7-f44cb778ed2a	1	109702376	152789447	9785	0.012
5a56a670-5ae9-4fb7-8ec7-f44cb778ed2a	1	152789463	152796224	36	0.6266
5a56a670-5ae9-4fb7-8ec7-f44cb778ed2a	1	152801429	174827128	14814	0.0035
5a56a670-5ae9-4fb7-8ec7-f44cb778ed2a	1	174827267	174832702	17	-1.0167
5a56a670-5ae9-4fb7-8ec7-f44cb778ed2a	1	174832716	176287493	978	0.0177
5a56a670-5ae9-4fb7-8ec7-f44cb778ed2a	1	176294104	176294151	2	-1.4811
5a56a670-5ae9-4fb7-8ec7-f44cb778ed2a	1	176298908	187746723	7693	-0.0009
5a56a670-5ae9-4fb7-8ec7-f44cb778ed2a	1	187748429	187752238	2	1.2784
5a56a670-5ae9-4fb7-8ec7-f44cb778ed2a	1	187755479	193186662	3570	0.0143
5a56a670-5ae9-4fb7-8ec7-f44cb778ed2a	1	193187149	193187187	2	1.45
5a56a670-5ae9-4fb7-8ec7-f44cb778ed2a	1	193187202	196761905	2399	0.0099
5a56a670-5ae9-4fb7-8ec7-f44cb778ed2a	1	196762480	196762956	2	-1.4699
5a56a670-5ae9-4fb7-8ec7-f44cb778ed2a	1	196769493	196778912	16	0.1754
5a56a670-5ae9-4fb7-8ec7-f44cb778ed2a	1	196779346	196821139	27	0.4115
5a56a670-5ae9-4fb7-8ec7-f44cb778ed2a	1	196821815	196843377	12	0.0235
5a56a670-5ae9-4fb7-8ec7-f44cb778ed2a	1	196843400	196846661	2	5.8289
5a56a670-5ae9-4fb7-8ec7-f44cb778ed2a	1	196847600	209897717	8790	0.0068
5a56a670-5ae9-4fb7-8ec7-f44cb778ed2a	1	209908268	209910639	3	-2.2127
5a56a670-5ae9-4fb7-8ec7-f44cb778ed2a	1	209913207	248546369	26860	0.0055
5a56a670-5ae9-4fb7-8ec7-f44cb778ed2a	1	248550567	248645808	37	0.3116
5a56a670-5ae9-4fb7-8ec7-f44cb778ed2a	1	248646068	248930189	139	0.0173
5a56a670-5ae9-4fb7-8ec7-f44cb778ed2a	2	12784	34466002	24098	0.0101
5a56a670-5ae9-4fb7-8ec7-f44cb778ed2a	2	34474248	34512489	48	0.6014
5a56a670-5ae9-4fb7-8ec7-f44cb778ed2a	2	34512965	41011095	4799	0.0281
5a56a670-5ae9-4fb7-8ec7-f44cb778ed2a	2	41011303	41018747	22	-0.7579
5a56a670-5ae9-4fb7-8ec7-f44cb778ed2a	2	41024093	52516787	8179	0.0178
5a56a670-5ae9-4fb7-8ec7-f44cb778ed2a	2	52527330	52560811	41	0.6553
5a56a670-5ae9-4fb7-8ec7-f44cb778ed2a	2	52563002	86710564	21923	0.014
5a56a670-5ae9-4fb7-8ec7-f44cb778ed2a	2	86725947	86726731	2	-2.3544
5a56a670-5ae9-4fb7-8ec7-f44cb778ed2a	2	86743283	87211079	106	-0.112
5a56a670-5ae9-4fb7-8ec7-f44cb778ed2a	2	87218694	87218834	2	-1.9982
5a56a670-5ae9-4fb7-8ec7-f44cb778ed2a	2	87221597	242147305	90346	0.008
5a56a670-5ae9-4fb7-8ec7-f44cb778ed2a	3	20930	2892258	2514	0.0604
5a56a670-5ae9-4fb7-8ec7-f44cb778ed2a	3	2892665	65202778	42815	0.0074
5a56a670-5ae9-4fb7-8ec7-f44cb778ed2a	3	65203560	65224777	52	-0.6399
5a56a670-5ae9-4fb7-8ec7-f44cb778ed2a	3	65230674	68697013	2424	-0.0045
5a56a670-5ae9-4fb7-8ec7-f44cb778ed2a	3	68697108	68698262	14	-1.486
5a56a670-5ae9-4fb7-8ec7-f44cb778ed2a	3	68699607	162822221	54996	0.0051
5a56a670-5ae9-4fb7-8ec7-f44cb778ed2a	3	162822685	162822702	2	-2.6382
5a56a670-5ae9-4fb7-8ec7-f44cb778ed2a	3	162827928	162895970	38	0.4578
5a56a670-5ae9-4fb7-8ec7-f44cb778ed2a	3	162896180	162996729	82	-0.0054
5a56a670-5ae9-4fb7-8ec7-f44cb778ed2a	3	162999939	163001774	2	-2.7548
5a56a670-5ae9-4fb7-8ec7-f44cb778ed2a	3	163008371	163689474	357	0.0081
5a56a670-5ae9-4fb7-8ec7-f44cb778ed2a	3	163690250	163693367	2	1.9218
5a56a670-5ae9-4fb7-8ec7-f44cb778ed2a	3	163693416	188208104	15212	0.0141
5a56a670-5ae9-4fb7-8ec7-f44cb778ed2a	3	188212725	188215573	3	-1.1713
5a56a670-5ae9-4fb7-8ec7-f44cb778ed2a	3	188217061	193160113	3526	0.0046
5a56a670-5ae9-4fb7-8ec7-f44cb778ed2a	3	193160173	193168714	22	0.4335
5a56a670-5ae9-4fb7-8ec7-f44cb778ed2a	3	193168734	195683075	1484	-0.0005
5a56a670-5ae9-4fb7-8ec7-f44cb778ed2a	3	195685341	195728637	22	-0.909
5a56a670-5ae9-4fb7-8ec7-f44cb778ed2a	3	195728990	195747892	18	-0.3496
5a56a670-5ae9-4fb7-8ec7-f44cb778ed2a	3	195751823	198107931	1141	0.0215
5a56a670-5ae9-4fb7-8ec7-f44cb778ed2a	3	198108134	198169247	25	-0.3124
5a56a670-5ae9-4fb7-8ec7-f44cb778ed2a	4	68929	9459504	5163	-0.0018
5a56a670-5ae9-4fb7-8ec7-f44cb778ed2a	4	9462813	9477699	5	-1.7305
5a56a670-5ae9-4fb7-8ec7-f44cb778ed2a	4	9484440	10208766	540	-0.0016
5a56a670-5ae9-4fb7-8ec7-f44cb778ed2a	4	10212536	10229874	29	2.1962
5a56a670-5ae9-4fb7-8ec7-f44cb778ed2a	4	10232590	10233644	7	0.8009
5a56a670-5ae9-4fb7-8ec7-f44cb778ed2a	4	10234518	34777432	16974	0.0042
5a56a670-5ae9-4fb7-8ec7-f44cb778ed2a	4	34784878	34828250	39	-0.5478
5a56a670-5ae9-4fb7-8ec7-f44cb778ed2a	4	34828291	49204422	8972	0.0099
5a56a670-5ae9-4fb7-8ec7-f44cb778ed2a	4	49214614	49656206	21	-0.4237
5a56a670-5ae9-4fb7-8ec7-f44cb778ed2a	4	49656595	61071220	6064	0.0084
5a56a670-5ae9-4fb7-8ec7-f44cb778ed2a	4	61075217	61076234	2	2.5284
5a56a670-5ae9-4fb7-8ec7-f44cb778ed2a	4	61079968	68418873	4389	0.0125
5a56a670-5ae9-4fb7-8ec7-f44cb778ed2a	4	68422420	68422424	3	-2.2409
5a56a670-5ae9-4fb7-8ec7-f44cb778ed2a	4	68429081	68506285	12	0.0743
5a56a670-5ae9-4fb7-8ec7-f44cb778ed2a	4	68509223	68526396	8	1.0178
5a56a670-5ae9-4fb7-8ec7-f44cb778ed2a	4	68526505	68615219	51	0.3721
5a56a670-5ae9-4fb7-8ec7-f44cb778ed2a	4	68616004	68620261	6	0.8888
5a56a670-5ae9-4fb7-8ec7-f44cb778ed2a	4	68623617	68686026	8	-0.9196
5a56a670-5ae9-4fb7-8ec7-f44cb778ed2a	4	68725894	86054070	10800	0.007
5a56a670-5ae9-4fb7-8ec7-f44cb778ed2a	4	86054941	86058611	19	-0.6704
5a56a670-5ae9-4fb7-8ec7-f44cb778ed2a	4	86058791	171448195	51562	0.0051
5a56a670-5ae9-4fb7-8ec7-f44cb778ed2a	4	171453733	171456559	10	2.7019
5a56a670-5ae9-4fb7-8ec7-f44cb778ed2a	4	171456573	172066706	396	-0.0053
5a56a670-5ae9-4fb7-8ec7-f44cb778ed2a	4	172066777	172068382	13	0.5625
5a56a670-5ae9-4fb7-8ec7-f44cb778ed2a	4	172074828	172323393	131	-0.0273
5a56a670-5ae9-4fb7-8ec7-f44cb778ed2a	4	172329170	172501121	94	0.1431
5a56a670-5ae9-4fb7-8ec7-f44cb778ed2a	4	172501136	172501371	6	-0.2498
5a56a670-5ae9-4fb7-8ec7-f44cb778ed2a	4	172503796	172507492	7	1.5778
5a56a670-5ae9-4fb7-8ec7-f44cb778ed2a	4	172519981	179172552	4137	0.0128
5a56a670-5ae9-4fb7-8ec7-f44cb778ed2a	4	179176834	179177184	2	-1.9228
5a56a670-5ae9-4fb7-8ec7-f44cb778ed2a	4	179180768	186349812	5284	0.0146
5a56a670-5ae9-4fb7-8ec7-f44cb778ed2a	4	186349893	186351157	3	-1.1795
5a56a670-5ae9-4fb7-8ec7-f44cb778ed2a	4	186354993	188300104	1274	0.0197
5a56a670-5ae9-4fb7-8ec7-f44cb778ed2a	4	188300206	188300285	4	1.531
5a56a670-5ae9-4fb7-8ec7-f44cb778ed2a	4	188301659	190106768	1142	0.0397
5a56a670-5ae9-4fb7-8ec7-f44cb778ed2a	5	15532	12800777	10192	0.0018
5a56a670-5ae9-4fb7-8ec7-f44cb778ed2a	5	12815668	12838421	14	0.8405
5a56a670-5ae9-4fb7-8ec7-f44cb778ed2a	5	12849089	26789387	8651	0.014
5a56a670-5ae9-4fb7-8ec7-f44cb778ed2a	5	26797651	26797735	2	-1.7366
5a56a670-5ae9-4fb7-8ec7-f44cb778ed2a	5	26803775	27524345	393	0.0178
5a56a670-5ae9-4fb7-8ec7-f44cb778ed2a	5	27525283	27525809	4	0.8153
5a56a670-5ae9-4fb7-8ec7-f44cb778ed2a	5	27525825	27539162	15	0.0288
5a56a670-5ae9-4fb7-8ec7-f44cb778ed2a	5	27539383	27551611	9	-1.0041
5a56a670-5ae9-4fb7-8ec7-f44cb778ed2a	5	27557519	46191782	11380	0.0092
5a56a670-5ae9-4fb7-8ec7-f44cb778ed2a	5	46195781	46199333	4	-1.9227
5a56a670-5ae9-4fb7-8ec7-f44cb778ed2a	5	46209197	46251204	13	0.0102
5a56a670-5ae9-4fb7-8ec7-f44cb778ed2a	5	46270906	46273400	8	1.1177
5a56a670-5ae9-4fb7-8ec7-f44cb778ed2a	5	46278110	58025759	5074	0.0055
5a56a670-5ae9-4fb7-8ec7-f44cb778ed2a	5	58025819	58037466	31	-0.2937
5a56a670-5ae9-4fb7-8ec7-f44cb778ed2a	5	58037688	58037706	2	-1.5661
5a56a670-5ae9-4fb7-8ec7-f44cb778ed2a	5	58042530	62277545	2835	0.0082
5a56a670-5ae9-4fb7-8ec7-f44cb778ed2a	5	62279164	62280446	3	-1.1839
5a56a670-5ae9-4fb7-8ec7-f44cb778ed2a	5	62286365	104524672	24003	0.007
5a56a670-5ae9-4fb7-8ec7-f44cb778ed2a	5	104524780	104524903	3	-1.7649
5a56a670-5ae9-4fb7-8ec7-f44cb778ed2a	5	104525348	150822643	29802	0.0031
5a56a670-5ae9-4fb7-8ec7-f44cb778ed2a	5	150825938	150839042	8	-0.9055
5a56a670-5ae9-4fb7-8ec7-f44cb778ed2a	5	150843825	156048095	3636	0.0073
5a56a670-5ae9-4fb7-8ec7-f44cb778ed2a	5	156049762	156049910	2	-1.2217
5a56a670-5ae9-4fb7-8ec7-f44cb778ed2a	5	156049988	156055719	12	-2.5865
5a56a670-5ae9-4fb7-8ec7-f44cb778ed2a	5	156068240	177771448	14809	0.0046
5a56a670-5ae9-4fb7-8ec7-f44cb778ed2a	5	177800550	177805604	3	1.741
5a56a670-5ae9-4fb7-8ec7-f44cb778ed2a	5	177827964	180947523	1795	0.0014
5a56a670-5ae9-4fb7-8ec7-f44cb778ed2a	5	180951710	180991103	19	-2.0811
5a56a670-5ae9-4fb7-8ec7-f44cb778ed2a	5	181006225	181363319	170	0.0539
5a56a670-5ae9-4fb7-8ec7-f44cb778ed2a	6	149661	252772	97	-0.0038
5a56a670-5ae9-4fb7-8ec7-f44cb778ed2a	6	253272	330704	43	0.3854
5a56a670-5ae9-4fb7-8ec7-f44cb778ed2a	6	331812	6025978	4707	0.0166
5a56a670-5ae9-4fb7-8ec7-f44cb778ed2a	6	6033698	6034203	3	-3.2128
5a56a670-5ae9-4fb7-8ec7-f44cb778ed2a	6	6036812	29869411	16808	0.0071
5a56a670-5ae9-4fb7-8ec7-f44cb778ed2a	6	29869537	29881490	14	-1.0634
5a56a670-5ae9-4fb7-8ec7-f44cb778ed2a	6	29882419	31318528	665	0.0081
5a56a670-5ae9-4fb7-8ec7-f44cb778ed2a	6	31318754	31328674	9	-1.4485
5a56a670-5ae9-4fb7-8ec7-f44cb778ed2a	6	31342147	32641650	557	0.0858
5a56a670-5ae9-4fb7-8ec7-f44cb778ed2a	6	32656527	32658841	6	-1.5451
5a56a670-5ae9-4fb7-8ec7-f44cb778ed2a	6	32682835	67692636	20145	0.0028
5a56a670-5ae9-4fb7-8ec7-f44cb778ed2a	6	67693139	67707968	10	-1.0958
5a56a670-5ae9-4fb7-8ec7-f44cb778ed2a	6	67720019	73882509	3947	0.0032
5a56a670-5ae9-4fb7-8ec7-f44cb778ed2a	6	73882741	73891694	9	-0.6853
5a56a670-5ae9-4fb7-8ec7-f44cb778ed2a	6	73893839	78253172	2768	0.0099
5a56a670-5ae9-4fb7-8ec7-f44cb778ed2a	6	78259348	78322600	108	-0.4527
5a56a670-5ae9-4fb7-8ec7-f44cb778ed2a	6	78322875	93942689	10017	0.0082
5a56a670-5ae9-4fb7-8ec7-f44cb778ed2a	6	93942822	93947846	2	1.4642
5a56a670-5ae9-4fb7-8ec7-f44cb778ed2a	6	93949814	94033307	58	-0.0713
5a56a670-5ae9-4fb7-8ec7-f44cb778ed2a	6	94033511	94751487	484	0.0918
5a56a670-5ae9-4fb7-8ec7-f44cb778ed2a	6	94751721	103286954	4925	-0.0003
5a56a670-5ae9-4fb7-8ec7-f44cb778ed2a	6	103290101	103314186	46	0.8106
5a56a670-5ae9-4fb7-8ec7-f44cb778ed2a	6	103317795	125861617	13895	0.0048
5a56a670-5ae9-4fb7-8ec7-f44cb778ed2a	6	125862546	125865630	3	-2.7007
5a56a670-5ae9-4fb7-8ec7-f44cb778ed2a	6	125867747	133945130	5186	0.0041
5a56a670-5ae9-4fb7-8ec7-f44cb778ed2a	6	133947933	133948494	2	-2.1382
5a56a670-5ae9-4fb7-8ec7-f44cb778ed2a	6	133950934	170741917	25103	0.0067
5a56a670-5ae9-4fb7-8ec7-f44cb778ed2a	7	43355	159334314	97843	0.009
5a56a670-5ae9-4fb7-8ec7-f44cb778ed2a	8	81254	1418902	897	0.0083
5a56a670-5ae9-4fb7-8ec7-f44cb778ed2a	8	1419196	1419436	2	-2.3753
5a56a670-5ae9-4fb7-8ec7-f44cb778ed2a	8	1419522	3916413	2454	0.0263
5a56a670-5ae9-4fb7-8ec7-f44cb778ed2a	8	3919342	3933743	28	-0.5937
5a56a670-5ae9-4fb7-8ec7-f44cb778ed2a	8	3933840	4137245	313	0.0423
5a56a670-5ae9-4fb7-8ec7-f44cb778ed2a	8	4140085	4144794	9	-1.0295
5a56a670-5ae9-4fb7-8ec7-f44cb778ed2a	8	4145131	4145783	10	0.0705
5a56a670-5ae9-4fb7-8ec7-f44cb778ed2a	8	4145941	4145956	2	-3.2503
5a56a670-5ae9-4fb7-8ec7-f44cb778ed2a	8	4146039	7064168	3980	0.0295
5a56a670-5ae9-4fb7-8ec7-f44cb778ed2a	8	7064355	7888457	82	-0.2897
5a56a670-5ae9-4fb7-8ec7-f44cb778ed2a	8	7888846	10421707	1993	0.0345
5a56a670-5ae9-4fb7-8ec7-f44cb778ed2a	8	10421973	10423297	3	-1.4012
5a56a670-5ae9-4fb7-8ec7-f44cb778ed2a	8	10423308	12092042	1247	0.0124
5a56a670-5ae9-4fb7-8ec7-f44cb778ed2a	8	12130217	12143614	6	-1.4636
5a56a670-5ae9-4fb7-8ec7-f44cb778ed2a	8	12176798	40914477	20634	0.0044
5a56a670-5ae9-4fb7-8ec7-f44cb778ed2a	8	40920333	40920952	2	-2.4455
5a56a670-5ae9-4fb7-8ec7-f44cb778ed2a	8	40926161	46613954	1692	0.006
5a56a670-5ae9-4fb7-8ec7-f44cb778ed2a	8	46615926	46624924	9	0.8413
5a56a670-5ae9-4fb7-8ec7-f44cb778ed2a	8	46634473	84345754	23102	0.0058
5a56a670-5ae9-4fb7-8ec7-f44cb778ed2a	8	84350648	84358457	21	-0.7952
5a56a670-5ae9-4fb7-8ec7-f44cb778ed2a	8	84358566	114622478	17949	0.0011
5a56a670-5ae9-4fb7-8ec7-f44cb778ed2a	8	114622678	114638468	31	-0.6128
5a56a670-5ae9-4fb7-8ec7-f44cb778ed2a	8	114638558	136881227	16090	0.0005
5a56a670-5ae9-4fb7-8ec7-f44cb778ed2a	8	136882257	136882271	2	-1.4321
5a56a670-5ae9-4fb7-8ec7-f44cb778ed2a	8	136888490	145072769	4976	0.004
5a56a670-5ae9-4fb7-8ec7-f44cb778ed2a	9	46587	138200944	79516	0.0095
5a56a670-5ae9-4fb7-8ec7-f44cb778ed2a	10	45792	1877489	1323	0.0159
5a56a670-5ae9-4fb7-8ec7-f44cb778ed2a	10	1878846	1879226	3	-1.2047
5a56a670-5ae9-4fb7-8ec7-f44cb778ed2a	10	1880102	24088745	17878	-0.0008
5a56a670-5ae9-4fb7-8ec7-f44cb778ed2a	10	24088746	24089125	10	-2.0106
5a56a670-5ae9-4fb7-8ec7-f44cb778ed2a	10	24089979	30957563	5017	0.0021
5a56a670-5ae9-4fb7-8ec7-f44cb778ed2a	10	30957581	30962850	12	-0.5648
5a56a670-5ae9-4fb7-8ec7-f44cb778ed2a	10	30962893	54920517	12825	0.0077
5a56a670-5ae9-4fb7-8ec7-f44cb778ed2a	10	54923330	54932839	6	-0.9683
5a56a670-5ae9-4fb7-8ec7-f44cb778ed2a	10	54935658	65548178	7362	0.0124
5a56a670-5ae9-4fb7-8ec7-f44cb778ed2a	10	65548193	65554688	26	-2.1648
5a56a670-5ae9-4fb7-8ec7-f44cb778ed2a	10	65563037	122584593	38329	0.0048
5a56a670-5ae9-4fb7-8ec7-f44cb778ed2a	10	122584707	122598210	7	-0.8411
5a56a670-5ae9-4fb7-8ec7-f44cb778ed2a	10	122623497	133654968	7898	0.0053
5a56a670-5ae9-4fb7-8ec7-f44cb778ed2a	11	198510	5766175	3234	0.0049
5a56a670-5ae9-4fb7-8ec7-f44cb778ed2a	11	5766850	5787818	31	-0.4092
5a56a670-5ae9-4fb7-8ec7-f44cb778ed2a	11	5787909	23702723	13394	0.0011
5a56a670-5ae9-4fb7-8ec7-f44cb778ed2a	11	23702981	23702996	2	-1.5037
5a56a670-5ae9-4fb7-8ec7-f44cb778ed2a	11	23704388	55608804	17842	0.0045
5a56a670-5ae9-4fb7-8ec7-f44cb778ed2a	11	55609022	55693207	53	0.485
5a56a670-5ae9-4fb7-8ec7-f44cb778ed2a	11	55693312	135074876	52308	0.0045
5a56a670-5ae9-4fb7-8ec7-f44cb778ed2a	12	51460	9481274	6177	0.0122
5a56a670-5ae9-4fb7-8ec7-f44cb778ed2a	12	9485313	9575696	23	-1.9637
5a56a670-5ae9-4fb7-8ec7-f44cb778ed2a	12	9582373	11068125	1038	0.0312
5a56a670-5ae9-4fb7-8ec7-f44cb778ed2a	12	11070111	11088933	9	-1.3203
5a56a670-5ae9-4fb7-8ec7-f44cb778ed2a	12	11099275	37593924	16397	-0.0006
5a56a670-5ae9-4fb7-8ec7-f44cb778ed2a	12	37618765	37620216	2	-1.8458
5a56a670-5ae9-4fb7-8ec7-f44cb778ed2a	12	37640556	111534475	46325	0.006
5a56a670-5ae9-4fb7-8ec7-f44cb778ed2a	12	111540492	111542193	2	-1.5625
5a56a670-5ae9-4fb7-8ec7-f44cb778ed2a	12	111546903	126438258	9782	-0.008
5a56a670-5ae9-4fb7-8ec7-f44cb778ed2a	12	126438989	133201603	5113	0.0276
5a56a670-5ae9-4fb7-8ec7-f44cb778ed2a	13	18452809	18693149	48	0.0349
5a56a670-5ae9-4fb7-8ec7-f44cb778ed2a	13	18699184	18844220	46	-0.2984
5a56a670-5ae9-4fb7-8ec7-f44cb778ed2a	13	18844391	23055048	2762	0.0148
5a56a670-5ae9-4fb7-8ec7-f44cb778ed2a	13	23055071	23058992	8	-1.4791
5a56a670-5ae9-4fb7-8ec7-f44cb778ed2a	13	23059009	23059376	5	-4.1182
5a56a670-5ae9-4fb7-8ec7-f44cb778ed2a	13	23064056	37496998	10615	0.0144
5a56a670-5ae9-4fb7-8ec7-f44cb778ed2a	13	37497899	37514193	17	0.7719
5a56a670-5ae9-4fb7-8ec7-f44cb778ed2a	13	37514237	48957415	8028	0.0051
5a56a670-5ae9-4fb7-8ec7-f44cb778ed2a	13	48959579	48962368	2	-3.0128
5a56a670-5ae9-4fb7-8ec7-f44cb778ed2a	13	48963569	49987281	467	0.0269
5a56a670-5ae9-4fb7-8ec7-f44cb778ed2a	13	49990668	50972775	620	0.0977
5a56a670-5ae9-4fb7-8ec7-f44cb778ed2a	13	50975062	71902850	12439	0.0153
5a56a670-5ae9-4fb7-8ec7-f44cb778ed2a	13	71903417	71906418	4	-2.885
5a56a670-5ae9-4fb7-8ec7-f44cb778ed2a	13	71906467	105381171	22711	0.0053
5a56a670-5ae9-4fb7-8ec7-f44cb778ed2a	13	105388635	105763968	315	0.1175
5a56a670-5ae9-4fb7-8ec7-f44cb778ed2a	13	105765667	114342922	6081	0.0098
5a56a670-5ae9-4fb7-8ec7-f44cb778ed2a	14	18239283	18656322	17	0.062
5a56a670-5ae9-4fb7-8ec7-f44cb778ed2a	14	18657897	19954424	149	-0.4595
5a56a670-5ae9-4fb7-8ec7-f44cb778ed2a	14	19955213	22145507	1546	-0.0064
5a56a670-5ae9-4fb7-8ec7-f44cb778ed2a	14	22145736	22477390	268	-0.3088
5a56a670-5ae9-4fb7-8ec7-f44cb778ed2a	14	22478293	73529070	32268	0.0049
5a56a670-5ae9-4fb7-8ec7-f44cb778ed2a	14	73534419	73563196	10	1.5738
5a56a670-5ae9-4fb7-8ec7-f44cb778ed2a	14	73563211	73953773	195	0.0231
5a56a670-5ae9-4fb7-8ec7-f44cb778ed2a	14	73957074	73957079	2	-1.7899
5a56a670-5ae9-4fb7-8ec7-f44cb778ed2a	14	73958353	106423925	20729	0.0009
5a56a670-5ae9-4fb7-8ec7-f44cb778ed2a	14	106425447	106462183	47	-0.5742
5a56a670-5ae9-4fb7-8ec7-f44cb778ed2a	14	106462724	106877229	195	0.0201
5a56a670-5ae9-4fb7-8ec7-f44cb778ed2a	15	19811075	19998708	44	-0.0437
5a56a670-5ae9-4fb7-8ec7-f44cb778ed2a	15	20001686	20041902	5	-0.978
5a56a670-5ae9-4fb7-8ec7-f44cb778ed2a	15	20056983	22005276	131	-0.2565
5a56a670-5ae9-4fb7-8ec7-f44cb778ed2a	15	22227530	22299523	26	-0.7204
5a56a670-5ae9-4fb7-8ec7-f44cb778ed2a	15	22385639	24424598	993	0.022
5a56a670-5ae9-4fb7-8ec7-f44cb778ed2a	15	24429604	24473026	33	-0.7132
5a56a670-5ae9-4fb7-8ec7-f44cb778ed2a	15	24473449	32151263	4676	0.0102
5a56a670-5ae9-4fb7-8ec7-f44cb778ed2a	15	32151854	32584783	35	-0.4261
5a56a670-5ae9-4fb7-8ec7-f44cb778ed2a	15	32610782	34421922	1486	0.0003
5a56a670-5ae9-4fb7-8ec7-f44cb778ed2a	15	34430601	34526116	65	-0.7952
5a56a670-5ae9-4fb7-8ec7-f44cb778ed2a	15	34570058	53492691	11617	0.0016
5a56a670-5ae9-4fb7-8ec7-f44cb778ed2a	15	53492794	53493082	6	-1.932
5a56a670-5ae9-4fb7-8ec7-f44cb778ed2a	15	53498050	73418519	13250	0.0026
5a56a670-5ae9-4fb7-8ec7-f44cb778ed2a	15	73421736	73422384	2	1.4404
5a56a670-5ae9-4fb7-8ec7-f44cb778ed2a	15	73425604	87645905	8568	0.004
5a56a670-5ae9-4fb7-8ec7-f44cb778ed2a	15	87650495	87652408	2	-1.4541
5a56a670-5ae9-4fb7-8ec7-f44cb778ed2a	15	87653519	101928837	10625	0.0139
5a56a670-5ae9-4fb7-8ec7-f44cb778ed2a	16	10777	19933041	13466	0.0097
5a56a670-5ae9-4fb7-8ec7-f44cb778ed2a	16	19934328	19954553	28	-0.7651
5a56a670-5ae9-4fb7-8ec7-f44cb778ed2a	16	19956040	35277684	6698	0.0034
5a56a670-5ae9-4fb7-8ec7-f44cb778ed2a	16	35282548	35520357	142	-0.2163
5a56a670-5ae9-4fb7-8ec7-f44cb778ed2a	16	35521195	55762682	6603	0.0015
5a56a670-5ae9-4fb7-8ec7-f44cb778ed2a	16	55764310	55764867	3	3.0624
5a56a670-5ae9-4fb7-8ec7-f44cb778ed2a	16	55770436	78337711	14292	0.0014
5a56a670-5ae9-4fb7-8ec7-f44cb778ed2a	16	78338543	78350841	16	0.9773
5a56a670-5ae9-4fb7-8ec7-f44cb778ed2a	16	78350868	89012214	10091	0.0147
5a56a670-5ae9-4fb7-8ec7-f44cb778ed2a	16	89012905	89022777	4	-1.0714
5a56a670-5ae9-4fb7-8ec7-f44cb778ed2a	16	89023244	90096867	524	0.0404
5a56a670-5ae9-4fb7-8ec7-f44cb778ed2a	17	150733	8339592	4536	0.0143
5a56a670-5ae9-4fb7-8ec7-f44cb778ed2a	17	8344229	8344415	2	-2.9804
5a56a670-5ae9-4fb7-8ec7-f44cb778ed2a	17	8346140	41266838	16291	0.008
5a56a670-5ae9-4fb7-8ec7-f44cb778ed2a	17	41266851	41273905	15	-0.5454
5a56a670-5ae9-4fb7-8ec7-f44cb778ed2a	17	41273921	41274279	4	-1.9966
5a56a670-5ae9-4fb7-8ec7-f44cb778ed2a	17	41276472	46136800	2537	-0.0185
5a56a670-5ae9-4fb7-8ec7-f44cb778ed2a	17	46137998	46267672	78	0.4159
5a56a670-5ae9-4fb7-8ec7-f44cb778ed2a	17	46273919	46446360	13	-0.4472
5a56a670-5ae9-4fb7-8ec7-f44cb778ed2a	17	46569894	83091923	21574	0.0044
5a56a670-5ae9-4fb7-8ec7-f44cb778ed2a	18	48133	30582152	16260	0.0045
5a56a670-5ae9-4fb7-8ec7-f44cb778ed2a	18	30588468	30588636	2	-1.4076
5a56a670-5ae9-4fb7-8ec7-f44cb778ed2a	18	30589409	42471713	7768	0.0081
5a56a670-5ae9-4fb7-8ec7-f44cb778ed2a	18	42476604	42477802	25	-0.6877
5a56a670-5ae9-4fb7-8ec7-f44cb778ed2a	18	42478430	64233507	15016	-0.0006
5a56a670-5ae9-4fb7-8ec7-f44cb778ed2a	18	64233790	69540616	3871	0.0327
5a56a670-5ae9-4fb7-8ec7-f44cb778ed2a	18	69541156	69550035	7	-0.8867
5a56a670-5ae9-4fb7-8ec7-f44cb778ed2a	18	69550306	73943450	3274	0.0462
5a56a670-5ae9-4fb7-8ec7-f44cb778ed2a	18	73943708	80257174	4535	0.0148
5a56a670-5ae9-4fb7-8ec7-f44cb778ed2a	19	90910	14928127	6101	0.0117
5a56a670-5ae9-4fb7-8ec7-f44cb778ed2a	19	14934380	14938487	3	-1.7234
5a56a670-5ae9-4fb7-8ec7-f44cb778ed2a	19	14940475	21632117	3508	-0.0007
5a56a670-5ae9-4fb7-8ec7-f44cb778ed2a	19	21632838	21637067	2	-1.85
5a56a670-5ae9-4fb7-8ec7-f44cb778ed2a	19	21637309	50824837	14602	0.0009
5a56a670-5ae9-4fb7-8ec7-f44cb778ed2a	19	50829011	50829982	6	-1.0587
5a56a670-5ae9-4fb7-8ec7-f44cb778ed2a	19	50835951	54815158	2599	0.0266
5a56a670-5ae9-4fb7-8ec7-f44cb778ed2a	19	54819199	54836508	12	-1.3149
5a56a670-5ae9-4fb7-8ec7-f44cb778ed2a	19	54837236	55770704	444	0.0038
5a56a670-5ae9-4fb7-8ec7-f44cb778ed2a	19	55771003	55771701	4	1.0558
5a56a670-5ae9-4fb7-8ec7-f44cb778ed2a	19	55774927	58586487	1839	0.0133
5a56a670-5ae9-4fb7-8ec7-f44cb778ed2a	20	80664	1601561	1240	0.0247
5a56a670-5ae9-4fb7-8ec7-f44cb778ed2a	20	1609611	1613247	5	-1.5067
5a56a670-5ae9-4fb7-8ec7-f44cb778ed2a	20	1617300	5804836	3027	0.0165
5a56a670-5ae9-4fb7-8ec7-f44cb778ed2a	20	5806343	5851997	37	0.5457
5a56a670-5ae9-4fb7-8ec7-f44cb778ed2a	20	5855876	15320728	7329	0.0045
5a56a670-5ae9-4fb7-8ec7-f44cb778ed2a	20	15321256	15321403	2	-1.9492
5a56a670-5ae9-4fb7-8ec7-f44cb778ed2a	20	15321728	64324800	30749	0.0017
5a56a670-5ae9-4fb7-8ec7-f44cb778ed2a	21	10354168	10607198	72	-0.0974
5a56a670-5ae9-4fb7-8ec7-f44cb778ed2a	21	10611984	10756733	13	-0.5459
5a56a670-5ae9-4fb7-8ec7-f44cb778ed2a	21	10775586	22278814	6213	0.0162
5a56a670-5ae9-4fb7-8ec7-f44cb778ed2a	21	22283580	22294679	10	-0.8333
5a56a670-5ae9-4fb7-8ec7-f44cb778ed2a	21	22296972	36088959	10130	0.0094
5a56a670-5ae9-4fb7-8ec7-f44cb778ed2a	21	36090867	36091333	2	-1.481
5a56a670-5ae9-4fb7-8ec7-f44cb778ed2a	21	36091791	46677045	7427	0.0117
5a56a670-5ae9-4fb7-8ec7-f44cb778ed2a	22	15294547	18142004	1110	-0.0016
5a56a670-5ae9-4fb7-8ec7-f44cb778ed2a	22	18143362	18146261	7	-1.2897
5a56a670-5ae9-4fb7-8ec7-f44cb778ed2a	22	18146386	23929558	3264	0.0136
5a56a670-5ae9-4fb7-8ec7-f44cb778ed2a	22	23940911	23946247	5	1.2099
5a56a670-5ae9-4fb7-8ec7-f44cb778ed2a	22	23950883	23990739	13	0.4156
5a56a670-5ae9-4fb7-8ec7-f44cb778ed2a	22	23995113	25339932	862	0.0071
5a56a670-5ae9-4fb7-8ec7-f44cb778ed2a	22	25339978	25358003	27	-0.3265
5a56a670-5ae9-4fb7-8ec7-f44cb778ed2a	22	25358305	25740026	345	0.0006
5a56a670-5ae9-4fb7-8ec7-f44cb778ed2a	22	25742050	25742471	5	0.8445
5a56a670-5ae9-4fb7-8ec7-f44cb778ed2a	22	25742863	38894915	9563	0.0043
5a56a670-5ae9-4fb7-8ec7-f44cb778ed2a	22	38899250	38900899	3	-2.8652
5a56a670-5ae9-4fb7-8ec7-f44cb778ed2a	22	38903109	48956708	6902	-0.0049
5a56a670-5ae9-4fb7-8ec7-f44cb778ed2a	22	48957301	50796027	1178	0.0566
5a56a670-5ae9-4fb7-8ec7-f44cb778ed2a	X	251810	24091338	14619	0.0117
5a56a670-5ae9-4fb7-8ec7-f44cb778ed2a	X	24094307	24098320	5	-2.3931
5a56a670-5ae9-4fb7-8ec7-f44cb778ed2a	X	24108067	25792892	1018	0.011
5a56a670-5ae9-4fb7-8ec7-f44cb778ed2a	X	25792982	25796011	2	-5.1904
5a56a670-5ae9-4fb7-8ec7-f44cb778ed2a	X	25796479	31294765	3531	0.0018
5a56a670-5ae9-4fb7-8ec7-f44cb778ed2a	X	31296448	31297984	3	-1.8252
5a56a670-5ae9-4fb7-8ec7-f44cb778ed2a	X	31298023	155952689	64404	0.0051
5a56a670-5ae9-4fb7-8ec7-f44cb778ed2a	Y	2782397	56872112	6640	-1.1035
