GDC_Aliquot	Chromosome	Start	End	Num_Probes	Segment_Mean
d6d274a9-5a2e-46f3-9729-0d29cb218564	1	62920	259422	15	0.1613
d6d274a9-5a2e-46f3-9729-0d29cb218564	1	259926	3133149	646	-0.0626
d6d274a9-5a2e-46f3-9729-0d29cb218564	1	3134030	15635349	7570	-0.1443
d6d274a9-5a2e-46f3-9729-0d29cb218564	1	15642115	15823420	101	-0.0138
d6d274a9-5a2e-46f3-9729-0d29cb218564	1	15827002	15827706	7	-1.4372
d6d274a9-5a2e-46f3-9729-0d29cb218564	1	15827744	16525019	299	-0.1112
d6d274a9-5a2e-46f3-9729-0d29cb218564	1	16542868	16971203	122	0.1632
d6d274a9-5a2e-46f3-9729-0d29cb218564	1	16972001	56029448	22399	-0.1333
d6d274a9-5a2e-46f3-9729-0d29cb218564	1	56029695	56030972	3	-2.3881
d6d274a9-5a2e-46f3-9729-0d29cb218564	1	56033778	61648334	4303	-0.1394
d6d274a9-5a2e-46f3-9729-0d29cb218564	1	61648509	61652515	3	-1.6921
d6d274a9-5a2e-46f3-9729-0d29cb218564	1	61654137	72302815	7291	-0.1311
d6d274a9-5a2e-46f3-9729-0d29cb218564	1	72303233	72345465	46	0.9946
d6d274a9-5a2e-46f3-9729-0d29cb218564	1	72346221	105478597	20959	-0.1242
d6d274a9-5a2e-46f3-9729-0d29cb218564	1	105478759	105479753	10	-0.7072
d6d274a9-5a2e-46f3-9729-0d29cb218564	1	105481433	109684893	2635	-0.1225
d6d274a9-5a2e-46f3-9729-0d29cb218564	1	109690352	109703508	16	0.3903
d6d274a9-5a2e-46f3-9729-0d29cb218564	1	109707613	112002961	1799	-0.1235
d6d274a9-5a2e-46f3-9729-0d29cb218564	1	112003977	112004602	2	-1.8474
d6d274a9-5a2e-46f3-9729-0d29cb218564	1	112004649	112147704	146	-0.1253
d6d274a9-5a2e-46f3-9729-0d29cb218564	1	112153343	112154566	20	-0.7498
d6d274a9-5a2e-46f3-9729-0d29cb218564	1	112154576	120414592	5065	-0.1279
d6d274a9-5a2e-46f3-9729-0d29cb218564	1	120885464	120954128	3	1.6505
d6d274a9-5a2e-46f3-9729-0d29cb218564	1	120954165	121598439	93	-0.1406
d6d274a9-5a2e-46f3-9729-0d29cb218564	1	121601998	143558316	22	0.0625
d6d274a9-5a2e-46f3-9729-0d29cb218564	1	143567319	143714665	75	0.3525
d6d274a9-5a2e-46f3-9729-0d29cb218564	1	143714703	152583230	2348	0.1074
d6d274a9-5a2e-46f3-9729-0d29cb218564	1	152583291	152614118	34	0.5113
d6d274a9-5a2e-46f3-9729-0d29cb218564	1	152618018	169247699	11489	0.0881
d6d274a9-5a2e-46f3-9729-0d29cb218564	1	169264736	169272528	7	1.1174
d6d274a9-5a2e-46f3-9729-0d29cb218564	1	169273163	189053842	13018	0.0892
d6d274a9-5a2e-46f3-9729-0d29cb218564	1	189058092	189062230	7	-1.3708
d6d274a9-5a2e-46f3-9729-0d29cb218564	1	189063349	196745743	5154	0.0952
d6d274a9-5a2e-46f3-9729-0d29cb218564	1	196758720	196832720	58	0.6518
d6d274a9-5a2e-46f3-9729-0d29cb218564	1	196843377	239915805	29650	0.0888
d6d274a9-5a2e-46f3-9729-0d29cb218564	1	239917807	239952087	27	-1.3979
d6d274a9-5a2e-46f3-9729-0d29cb218564	1	239954421	248930189	6130	0.0933
d6d274a9-5a2e-46f3-9729-0d29cb218564	2	12784	4158097	2986	0.0653
d6d274a9-5a2e-46f3-9729-0d29cb218564	2	4166274	4175577	36	-0.5322
d6d274a9-5a2e-46f3-9729-0d29cb218564	2	4175922	22395665	13644	0.0736
d6d274a9-5a2e-46f3-9729-0d29cb218564	2	22397742	22398424	2	-1.3377
d6d274a9-5a2e-46f3-9729-0d29cb218564	2	22398964	34466002	7417	0.0703
d6d274a9-5a2e-46f3-9729-0d29cb218564	2	34474248	34511990	46	-0.3068
d6d274a9-5a2e-46f3-9729-0d29cb218564	2	34512096	52527743	13007	0.0729
d6d274a9-5a2e-46f3-9729-0d29cb218564	2	52531615	52554404	33	0.8533
d6d274a9-5a2e-46f3-9729-0d29cb218564	2	52560811	79050910	17157	0.076
d6d274a9-5a2e-46f3-9729-0d29cb218564	2	79054100	79055280	3	-1.3652
d6d274a9-5a2e-46f3-9729-0d29cb218564	2	79056326	86206669	4466	0.0671
d6d274a9-5a2e-46f3-9729-0d29cb218564	2	86208944	86217395	11	0.6096
d6d274a9-5a2e-46f3-9729-0d29cb218564	2	86217442	87134049	366	0.0669
d6d274a9-5a2e-46f3-9729-0d29cb218564	2	87146770	87186837	11	0.796
d6d274a9-5a2e-46f3-9729-0d29cb218564	2	87187229	87500265	70	0.3909
d6d274a9-5a2e-46f3-9729-0d29cb218564	2	87516129	87696853	33	0.6934
d6d274a9-5a2e-46f3-9729-0d29cb218564	2	87725148	88813284	451	0.0601
d6d274a9-5a2e-46f3-9729-0d29cb218564	2	88816370	89201676	188	-0.0974
d6d274a9-5a2e-46f3-9729-0d29cb218564	2	89201750	122719438	16166	0.0736
d6d274a9-5a2e-46f3-9729-0d29cb218564	2	122722323	122724665	8	-0.8044
d6d274a9-5a2e-46f3-9729-0d29cb218564	2	122726077	127161636	2919	0.0731
d6d274a9-5a2e-46f3-9729-0d29cb218564	2	127162044	135705261	4848	-0.0307
d6d274a9-5a2e-46f3-9729-0d29cb218564	2	135707248	135707572	3	-1.4304
d6d274a9-5a2e-46f3-9729-0d29cb218564	2	135708286	241650446	65457	-0.0117
d6d274a9-5a2e-46f3-9729-0d29cb218564	2	241653699	242147305	155	0.0469
d6d274a9-5a2e-46f3-9729-0d29cb218564	3	20930	6472849	5732	0.1078
d6d274a9-5a2e-46f3-9729-0d29cb218564	3	6472974	26560273	14263	-0.1174
d6d274a9-5a2e-46f3-9729-0d29cb218564	3	26570006	26570394	7	-1.6604
d6d274a9-5a2e-46f3-9729-0d29cb218564	3	26570407	47437019	13467	-0.1187
d6d274a9-5a2e-46f3-9729-0d29cb218564	3	47450332	47451230	2	-2.254
d6d274a9-5a2e-46f3-9729-0d29cb218564	3	47455724	52994359	2223	-0.1194
d6d274a9-5a2e-46f3-9729-0d29cb218564	3	52997720	53005439	40	0.1783
d6d274a9-5a2e-46f3-9729-0d29cb218564	3	53005473	59556670	4373	-0.1371
d6d274a9-5a2e-46f3-9729-0d29cb218564	3	59557983	60428674	993	-0.077
d6d274a9-5a2e-46f3-9729-0d29cb218564	3	60428734	68682877	6658	-0.139
d6d274a9-5a2e-46f3-9729-0d29cb218564	3	68697013	68698262	15	0.9781
d6d274a9-5a2e-46f3-9729-0d29cb218564	3	68699607	75519398	4926	-0.131
d6d274a9-5a2e-46f3-9729-0d29cb218564	3	75523398	75559488	9	0.6566
d6d274a9-5a2e-46f3-9729-0d29cb218564	3	75564023	81223081	3207	-0.117
d6d274a9-5a2e-46f3-9729-0d29cb218564	3	81224833	81406506	105	0.122
d6d274a9-5a2e-46f3-9729-0d29cb218564	3	81407481	89337951	4375	-0.1251
d6d274a9-5a2e-46f3-9729-0d29cb218564	3	89345442	89370231	51	-0.8745
d6d274a9-5a2e-46f3-9729-0d29cb218564	3	89370771	99226455	3245	-0.1182
d6d274a9-5a2e-46f3-9729-0d29cb218564	3	99226551	99230212	13	-1.1858
d6d274a9-5a2e-46f3-9729-0d29cb218564	3	99230225	125717394	16251	-0.1296
d6d274a9-5a2e-46f3-9729-0d29cb218564	3	125724765	125739919	10	0.8092
d6d274a9-5a2e-46f3-9729-0d29cb218564	3	125743486	130044016	2457	-0.1498
d6d274a9-5a2e-46f3-9729-0d29cb218564	3	130044855	130092428	46	0.4543
d6d274a9-5a2e-46f3-9729-0d29cb218564	3	130092512	145915619	9870	-0.1305
d6d274a9-5a2e-46f3-9729-0d29cb218564	3	145924135	145924147	2	-2.0189
d6d274a9-5a2e-46f3-9729-0d29cb218564	3	145924578	168510088	13585	-0.1256
d6d274a9-5a2e-46f3-9729-0d29cb218564	3	168512686	169855408	890	0.2604
d6d274a9-5a2e-46f3-9729-0d29cb218564	3	169858587	186688349	10403	-0.1238
d6d274a9-5a2e-46f3-9729-0d29cb218564	3	186695072	186697745	8	-1.5435
d6d274a9-5a2e-46f3-9729-0d29cb218564	3	186698220	193160256	4730	-0.1284
d6d274a9-5a2e-46f3-9729-0d29cb218564	3	193160406	193165114	17	-1.1196
d6d274a9-5a2e-46f3-9729-0d29cb218564	3	193168646	194920587	1161	-0.1473
d6d274a9-5a2e-46f3-9729-0d29cb218564	3	194920617	194921116	4	-1.3328
d6d274a9-5a2e-46f3-9729-0d29cb218564	3	194921751	198169247	1527	-0.0947
d6d274a9-5a2e-46f3-9729-0d29cb218564	4	68929	3470435	1393	0.0182
d6d274a9-5a2e-46f3-9729-0d29cb218564	4	3470595	3470639	2	-1.9533
d6d274a9-5a2e-46f3-9729-0d29cb218564	4	3471166	3597723	42	0.0531
d6d274a9-5a2e-46f3-9729-0d29cb218564	4	3598142	3600457	2	-1.8947
d6d274a9-5a2e-46f3-9729-0d29cb218564	4	3607663	10212536	4259	-0.0245
d6d274a9-5a2e-46f3-9729-0d29cb218564	4	10221792	10229874	28	1.3029
d6d274a9-5a2e-46f3-9729-0d29cb218564	4	10232590	10236812	9	0.5061
d6d274a9-5a2e-46f3-9729-0d29cb218564	4	10237337	10328246	120	-0.0566
d6d274a9-5a2e-46f3-9729-0d29cb218564	4	10328704	10349947	26	0.1532
d6d274a9-5a2e-46f3-9729-0d29cb218564	4	10350755	10389091	22	-0.1246
d6d274a9-5a2e-46f3-9729-0d29cb218564	4	10390730	10399044	15	-1.7877
d6d274a9-5a2e-46f3-9729-0d29cb218564	4	10401094	34777432	16783	-0.0027
d6d274a9-5a2e-46f3-9729-0d29cb218564	4	34784878	34828250	39	0.4846
d6d274a9-5a2e-46f3-9729-0d29cb218564	4	34828291	51858858	9025	0.0122
d6d274a9-5a2e-46f3-9729-0d29cb218564	4	51858932	68378716	10415	-0.108
d6d274a9-5a2e-46f3-9729-0d29cb218564	4	68389352	68429081	11	-0.7416
d6d274a9-5a2e-46f3-9729-0d29cb218564	4	68439221	68506285	11	-0.1151
d6d274a9-5a2e-46f3-9729-0d29cb218564	4	68509223	68620122	64	0.6882
d6d274a9-5a2e-46f3-9729-0d29cb218564	4	68620261	69265191	321	-0.078
d6d274a9-5a2e-46f3-9729-0d29cb218564	4	69265628	69363716	48	0.3869
d6d274a9-5a2e-46f3-9729-0d29cb218564	4	69366081	70489730	746	-0.1001
d6d274a9-5a2e-46f3-9729-0d29cb218564	4	70489858	81818171	7003	-0.2255
d6d274a9-5a2e-46f3-9729-0d29cb218564	4	81818646	82993578	727	-0.1153
d6d274a9-5a2e-46f3-9729-0d29cb218564	4	82996213	82996313	2	-1.5456
d6d274a9-5a2e-46f3-9729-0d29cb218564	4	83005836	86049248	1951	-0.1154
d6d274a9-5a2e-46f3-9729-0d29cb218564	4	86053362	86058791	23	-0.853
d6d274a9-5a2e-46f3-9729-0d29cb218564	4	86058936	148053451	36851	-0.1088
d6d274a9-5a2e-46f3-9729-0d29cb218564	4	148053592	156380587	5158	-0.2179
d6d274a9-5a2e-46f3-9729-0d29cb218564	4	156384225	156384770	12	-0.7891
d6d274a9-5a2e-46f3-9729-0d29cb218564	4	156386889	188300104	20861	-0.2132
d6d274a9-5a2e-46f3-9729-0d29cb218564	4	188300206	188301659	5	1.0561
d6d274a9-5a2e-46f3-9729-0d29cb218564	4	188301899	189267889	787	-0.1993
d6d274a9-5a2e-46f3-9729-0d29cb218564	4	189273964	189278110	4	-3.3684
d6d274a9-5a2e-46f3-9729-0d29cb218564	4	189278617	189800665	240	-0.1938
d6d274a9-5a2e-46f3-9729-0d29cb218564	4	189801137	190013781	102	-0.1347
d6d274a9-5a2e-46f3-9729-0d29cb218564	4	190030808	190106768	8	0.3258
d6d274a9-5a2e-46f3-9729-0d29cb218564	5	15532	8226226	6544	0.0909
d6d274a9-5a2e-46f3-9729-0d29cb218564	5	8231405	17515692	6828	-0.022
d6d274a9-5a2e-46f3-9729-0d29cb218564	5	17601444	17607658	8	-1.2541
d6d274a9-5a2e-46f3-9729-0d29cb218564	5	17608130	21449167	2328	-0.0169
d6d274a9-5a2e-46f3-9729-0d29cb218564	5	21451091	21452329	5	0.8105
d6d274a9-5a2e-46f3-9729-0d29cb218564	5	21452387	26789372	3130	-0.0166
d6d274a9-5a2e-46f3-9729-0d29cb218564	5	26789387	26807690	5	0.8845
d6d274a9-5a2e-46f3-9729-0d29cb218564	5	26807795	39808530	8503	-0.0229
d6d274a9-5a2e-46f3-9729-0d29cb218564	5	39808852	39808867	2	-2.4154
d6d274a9-5a2e-46f3-9729-0d29cb218564	5	39808883	58025819	8383	-0.0144
d6d274a9-5a2e-46f3-9729-0d29cb218564	5	58030200	58037706	32	1.3951
d6d274a9-5a2e-46f3-9729-0d29cb218564	5	58042530	58532815	372	-0.0039
d6d274a9-5a2e-46f3-9729-0d29cb218564	5	58535174	58948860	316	0.1113
d6d274a9-5a2e-46f3-9729-0d29cb218564	5	58952576	69533520	6607	-0.0276
d6d274a9-5a2e-46f3-9729-0d29cb218564	5	69550476	69822308	6	-1.0638
d6d274a9-5a2e-46f3-9729-0d29cb218564	5	69937600	99500868	16621	-0.0123
d6d274a9-5a2e-46f3-9729-0d29cb218564	5	99504170	99508633	3	-1.7572
d6d274a9-5a2e-46f3-9729-0d29cb218564	5	99508807	116576868	11215	-0.0094
d6d274a9-5a2e-46f3-9729-0d29cb218564	5	116582643	116582948	2	-1.6941
d6d274a9-5a2e-46f3-9729-0d29cb218564	5	116582950	152135909	22468	-0.0139
d6d274a9-5a2e-46f3-9729-0d29cb218564	5	152135923	152137227	7	-0.8884
d6d274a9-5a2e-46f3-9729-0d29cb218564	5	152138502	153479105	870	-0.0078
d6d274a9-5a2e-46f3-9729-0d29cb218564	5	153479327	156048095	1794	-0.0523
d6d274a9-5a2e-46f3-9729-0d29cb218564	5	156049762	156055719	14	-0.6788
d6d274a9-5a2e-46f3-9729-0d29cb218564	5	156068240	175845483	14012	-0.0454
d6d274a9-5a2e-46f3-9729-0d29cb218564	5	175847465	180947523	2586	-0.0124
d6d274a9-5a2e-46f3-9729-0d29cb218564	5	180951710	180991103	19	-1.8319
d6d274a9-5a2e-46f3-9729-0d29cb218564	5	181006225	181363319	169	0.0138
d6d274a9-5a2e-46f3-9729-0d29cb218564	6	149661	303017	126	0.0107
d6d274a9-5a2e-46f3-9729-0d29cb218564	6	303121	385784	84	-0.2892
d6d274a9-5a2e-46f3-9729-0d29cb218564	6	387532	19039888	14562	-0.0004
d6d274a9-5a2e-46f3-9729-0d29cb218564	6	19041950	19042587	3	-1.334
d6d274a9-5a2e-46f3-9729-0d29cb218564	6	19044471	24435872	3931	-0.0016
d6d274a9-5a2e-46f3-9729-0d29cb218564	6	24436859	24436880	2	-1.6305
d6d274a9-5a2e-46f3-9729-0d29cb218564	6	24439300	29869295	2947	0.0246
d6d274a9-5a2e-46f3-9729-0d29cb218564	6	29869410	29933799	36	0.509
d6d274a9-5a2e-46f3-9729-0d29cb218564	6	29940692	47364833	10661	-0.0063
d6d274a9-5a2e-46f3-9729-0d29cb218564	6	47373047	50142277	1602	0.1381
d6d274a9-5a2e-46f3-9729-0d29cb218564	6	50142793	54066477	2652	0.0741
d6d274a9-5a2e-46f3-9729-0d29cb218564	6	54066582	54067057	4	-1.0728
d6d274a9-5a2e-46f3-9729-0d29cb218564	6	54070550	61579270	2599	0.0748
d6d274a9-5a2e-46f3-9729-0d29cb218564	6	61579685	63847037	1195	-0.024
d6d274a9-5a2e-46f3-9729-0d29cb218564	6	63848107	66301708	1544	0.0181
d6d274a9-5a2e-46f3-9729-0d29cb218564	6	66314441	66333996	41	0.2623
d6d274a9-5a2e-46f3-9729-0d29cb218564	6	66334030	66347114	17	-0.0431
d6d274a9-5a2e-46f3-9729-0d29cb218564	6	66348236	66350878	10	-0.4538
d6d274a9-5a2e-46f3-9729-0d29cb218564	6	66351232	66440704	65	0.0971
d6d274a9-5a2e-46f3-9729-0d29cb218564	6	66440840	73882142	4919	-0.0322
d6d274a9-5a2e-46f3-9729-0d29cb218564	6	73882509	73893839	11	0.5657
d6d274a9-5a2e-46f3-9729-0d29cb218564	6	73893889	76730331	1772	-0.0284
d6d274a9-5a2e-46f3-9729-0d29cb218564	6	76730377	76736482	10	-0.6005
d6d274a9-5a2e-46f3-9729-0d29cb218564	6	76739852	78253172	985	-0.0335
d6d274a9-5a2e-46f3-9729-0d29cb218564	6	78259348	78325468	112	-2.2837
d6d274a9-5a2e-46f3-9729-0d29cb218564	6	78329517	103286954	15473	-0.0234
d6d274a9-5a2e-46f3-9729-0d29cb218564	6	103290101	103314186	46	0.5453
d6d274a9-5a2e-46f3-9729-0d29cb218564	6	103317795	170741917	44168	-0.0254
d6d274a9-5a2e-46f3-9729-0d29cb218564	7	43355	6758397	3410	0.0014
d6d274a9-5a2e-46f3-9729-0d29cb218564	7	6790272	6978272	58	0.2728
d6d274a9-5a2e-46f3-9729-0d29cb218564	7	6982579	12092337	4291	-0.0009
d6d274a9-5a2e-46f3-9729-0d29cb218564	7	12092791	12213892	108	0.6336
d6d274a9-5a2e-46f3-9729-0d29cb218564	7	12215313	54318812	30603	-0.0094
d6d274a9-5a2e-46f3-9729-0d29cb218564	7	54318816	54318824	5	1.8758
d6d274a9-5a2e-46f3-9729-0d29cb218564	7	54325795	56762895	1585	-0.0095
d6d274a9-5a2e-46f3-9729-0d29cb218564	7	56763373	63811553	780	0.0658
d6d274a9-5a2e-46f3-9729-0d29cb218564	7	63813150	64884799	557	-0.0199
d6d274a9-5a2e-46f3-9729-0d29cb218564	7	64885444	67260676	839	0.115
d6d274a9-5a2e-46f3-9729-0d29cb218564	7	67260830	75777409	4223	0.055
d6d274a9-5a2e-46f3-9729-0d29cb218564	7	75777794	76524031	286	0.1293
d6d274a9-5a2e-46f3-9729-0d29cb218564	7	76524046	76527224	2	-1.4412
d6d274a9-5a2e-46f3-9729-0d29cb218564	7	76531980	84982768	5620	0.0758
d6d274a9-5a2e-46f3-9729-0d29cb218564	7	84994358	87303449	1318	-0.0197
d6d274a9-5a2e-46f3-9729-0d29cb218564	7	87311487	87317572	3	-1.2877
d6d274a9-5a2e-46f3-9729-0d29cb218564	7	87318911	109800866	13241	-0.0085
d6d274a9-5a2e-46f3-9729-0d29cb218564	7	109801155	109813853	12	-1.9303
d6d274a9-5a2e-46f3-9729-0d29cb218564	7	109813925	142069891	19971	-0.0119
d6d274a9-5a2e-46f3-9729-0d29cb218564	7	142070260	142092307	31	-0.8142
d6d274a9-5a2e-46f3-9729-0d29cb218564	7	142099190	144199159	1202	-0.0055
d6d274a9-5a2e-46f3-9729-0d29cb218564	7	144207186	144352208	15	0.5869
d6d274a9-5a2e-46f3-9729-0d29cb218564	7	144377836	153450553	5551	-0.0043
d6d274a9-5a2e-46f3-9729-0d29cb218564	7	153450560	153450627	2	-2.5383
d6d274a9-5a2e-46f3-9729-0d29cb218564	7	153450630	159334314	4091	-0.0039
d6d274a9-5a2e-46f3-9729-0d29cb218564	8	81254	4137245	3690	-0.018
d6d274a9-5a2e-46f3-9729-0d29cb218564	8	4140085	4145783	19	-0.5116
d6d274a9-5a2e-46f3-9729-0d29cb218564	8	4145941	4145956	2	-2.9486
d6d274a9-5a2e-46f3-9729-0d29cb218564	8	4146039	5298794	1702	-0.0115
d6d274a9-5a2e-46f3-9729-0d29cb218564	8	5298841	5299369	2	-3.1592
d6d274a9-5a2e-46f3-9729-0d29cb218564	8	5299841	12177488	5607	-0.0145
d6d274a9-5a2e-46f3-9729-0d29cb218564	8	12323772	12418301	30	-1.3583
d6d274a9-5a2e-46f3-9729-0d29cb218564	8	12419769	15922354	3116	-0.022
d6d274a9-5a2e-46f3-9729-0d29cb218564	8	15926898	15929380	4	-1.5513
d6d274a9-5a2e-46f3-9729-0d29cb218564	8	15930760	25117985	7302	-0.0174
d6d274a9-5a2e-46f3-9729-0d29cb218564	8	25118055	25126735	21	0.9085
d6d274a9-5a2e-46f3-9729-0d29cb218564	8	25133589	39389592	9020	-0.0249
d6d274a9-5a2e-46f3-9729-0d29cb218564	8	39391223	39529446	56	0.5852
d6d274a9-5a2e-46f3-9729-0d29cb218564	8	39530780	40326278	589	-0.0194
d6d274a9-5a2e-46f3-9729-0d29cb218564	8	40326280	40331992	33	-0.6091
d6d274a9-5a2e-46f3-9729-0d29cb218564	8	40335391	40914477	450	-0.0463
d6d274a9-5a2e-46f3-9729-0d29cb218564	8	40920333	40920952	2	-2.1869
d6d274a9-5a2e-46f3-9729-0d29cb218564	8	40926161	46000692	1514	-0.0285
d6d274a9-5a2e-46f3-9729-0d29cb218564	8	46007651	64727009	11484	0.3404
d6d274a9-5a2e-46f3-9729-0d29cb218564	8	64727703	66693178	1047	0.5398
d6d274a9-5a2e-46f3-9729-0d29cb218564	8	66696299	78800091	7490	0.3379
d6d274a9-5a2e-46f3-9729-0d29cb218564	8	78800112	80773908	1191	0.566
d6d274a9-5a2e-46f3-9729-0d29cb218564	8	80777872	95662541	8711	0.3391
d6d274a9-5a2e-46f3-9729-0d29cb218564	8	95663889	97287498	1109	0.5621
d6d274a9-5a2e-46f3-9729-0d29cb218564	8	97287560	111282065	8390	0.3393
d6d274a9-5a2e-46f3-9729-0d29cb218564	8	111282237	111288052	9	-1.0004
d6d274a9-5a2e-46f3-9729-0d29cb218564	8	111289023	114619814	1819	0.3318
d6d274a9-5a2e-46f3-9729-0d29cb218564	8	114622258	114629502	35	-0.2997
d6d274a9-5a2e-46f3-9729-0d29cb218564	8	114638468	119139771	3110	0.3366
d6d274a9-5a2e-46f3-9729-0d29cb218564	8	119142545	119147207	4	-2.9241
d6d274a9-5a2e-46f3-9729-0d29cb218564	8	119150615	120240218	712	0.3352
d6d274a9-5a2e-46f3-9729-0d29cb218564	8	120244757	121953294	1113	0.4239
d6d274a9-5a2e-46f3-9729-0d29cb218564	8	121953725	122167545	165	0.3012
d6d274a9-5a2e-46f3-9729-0d29cb218564	8	122171867	123855134	1138	0.5578
d6d274a9-5a2e-46f3-9729-0d29cb218564	8	123866224	128071475	3044	0.3496
d6d274a9-5a2e-46f3-9729-0d29cb218564	8	128072472	128493266	352	0.59
d6d274a9-5a2e-46f3-9729-0d29cb218564	8	128494691	128565000	59	0.8963
d6d274a9-5a2e-46f3-9729-0d29cb218564	8	128565383	133161042	3362	0.5465
d6d274a9-5a2e-46f3-9729-0d29cb218564	8	133161244	133161445	3	-0.5475
d6d274a9-5a2e-46f3-9729-0d29cb218564	8	133161562	139591259	5342	0.5293
d6d274a9-5a2e-46f3-9729-0d29cb218564	8	139592093	139592148	2	1.8745
d6d274a9-5a2e-46f3-9729-0d29cb218564	8	139592379	139656229	62	0.534
d6d274a9-5a2e-46f3-9729-0d29cb218564	8	139656234	141236179	970	0.7916
d6d274a9-5a2e-46f3-9729-0d29cb218564	8	141236236	143911705	1208	0.6498
d6d274a9-5a2e-46f3-9729-0d29cb218564	8	143912212	144198587	67	0.4399
d6d274a9-5a2e-46f3-9729-0d29cb218564	8	144198748	144997768	313	0.6789
d6d274a9-5a2e-46f3-9729-0d29cb218564	8	145005815	145063045	31	0.8339
d6d274a9-5a2e-46f3-9729-0d29cb218564	8	145064887	145072769	7	0.2166
d6d274a9-5a2e-46f3-9729-0d29cb218564	9	46587	30591834	25801	-0.2526
d6d274a9-5a2e-46f3-9729-0d29cb218564	9	30592307	34261119	2497	-0.089
d6d274a9-5a2e-46f3-9729-0d29cb218564	9	34261920	37351351	1741	0.1164
d6d274a9-5a2e-46f3-9729-0d29cb218564	9	37352293	38747067	1038	-0.2309
d6d274a9-5a2e-46f3-9729-0d29cb218564	9	38747691	39833357	91	0.0628
d6d274a9-5a2e-46f3-9729-0d29cb218564	9	39840169	41666811	96	-0.3329
d6d274a9-5a2e-46f3-9729-0d29cb218564	9	41703463	61598577	121	0.3467
d6d274a9-5a2e-46f3-9729-0d29cb218564	9	61600648	61680289	10	0.8871
d6d274a9-5a2e-46f3-9729-0d29cb218564	9	61692082	63580401	34	-0.1219
d6d274a9-5a2e-46f3-9729-0d29cb218564	9	63580418	63592813	8	1.4954
d6d274a9-5a2e-46f3-9729-0d29cb218564	9	63614182	64617921	66	0.0287
d6d274a9-5a2e-46f3-9729-0d29cb218564	9	64672853	64965577	17	-0.5147
d6d274a9-5a2e-46f3-9729-0d29cb218564	9	64965589	75376830	4998	0.1149
d6d274a9-5a2e-46f3-9729-0d29cb218564	9	75377277	138177023	42941	-0.0241
d6d274a9-5a2e-46f3-9729-0d29cb218564	9	138177075	138200944	7	-0.4334
d6d274a9-5a2e-46f3-9729-0d29cb218564	10	45792	1124364	622	0.0902
d6d274a9-5a2e-46f3-9729-0d29cb218564	10	1124556	1138431	11	-0.444
d6d274a9-5a2e-46f3-9729-0d29cb218564	10	1139366	24088745	18560	0.0779
d6d274a9-5a2e-46f3-9729-0d29cb218564	10	24088746	24088989	7	1.1877
d6d274a9-5a2e-46f3-9729-0d29cb218564	10	24088991	46370859	12464	0.0714
d6d274a9-5a2e-46f3-9729-0d29cb218564	10	46442116	47045228	74	0.361
d6d274a9-5a2e-46f3-9729-0d29cb218564	10	47066259	48523157	549	0.0737
d6d274a9-5a2e-46f3-9729-0d29cb218564	10	48524930	48524943	2	-1.4071
d6d274a9-5a2e-46f3-9729-0d29cb218564	10	48525216	65546518	12129	0.0764
d6d274a9-5a2e-46f3-9729-0d29cb218564	10	65548165	65554688	28	-1.878
d6d274a9-5a2e-46f3-9729-0d29cb218564	10	65563037	133654968	46210	0.075
d6d274a9-5a2e-46f3-9729-0d29cb218564	11	198510	3465494	1297	0.1641
d6d274a9-5a2e-46f3-9729-0d29cb218564	11	3466435	3467311	3	-0.8811
d6d274a9-5a2e-46f3-9729-0d29cb218564	11	3485296	3657216	74	0.1898
d6d274a9-5a2e-46f3-9729-0d29cb218564	11	3657448	4946021	1043	0.0711
d6d274a9-5a2e-46f3-9729-0d29cb218564	11	4946166	4955042	32	0.689
d6d274a9-5a2e-46f3-9729-0d29cb218564	11	4955781	15195239	7737	0.0763
d6d274a9-5a2e-46f3-9729-0d29cb218564	11	15195403	26305816	8391	0.142
d6d274a9-5a2e-46f3-9729-0d29cb218564	11	26309190	28520988	1417	0.2282
d6d274a9-5a2e-46f3-9729-0d29cb218564	11	28521229	34507476	3946	0.1395
d6d274a9-5a2e-46f3-9729-0d29cb218564	11	34507480	36398128	1673	0.1973
d6d274a9-5a2e-46f3-9729-0d29cb218564	11	36401769	43271974	4649	0.141
d6d274a9-5a2e-46f3-9729-0d29cb218564	11	43272152	43745183	278	-0.1559
d6d274a9-5a2e-46f3-9729-0d29cb218564	11	43745352	46921212	2035	-0.0123
d6d274a9-5a2e-46f3-9729-0d29cb218564	11	46924688	48700215	771	-0.0878
d6d274a9-5a2e-46f3-9729-0d29cb218564	11	48702884	50295120	654	0.007
d6d274a9-5a2e-46f3-9729-0d29cb218564	11	50298593	63512367	5150	0.1397
d6d274a9-5a2e-46f3-9729-0d29cb218564	11	63513126	68018085	1689	0.1936
d6d274a9-5a2e-46f3-9729-0d29cb218564	11	68020538	74648021	3454	0.1436
d6d274a9-5a2e-46f3-9729-0d29cb218564	11	74653516	74653521	2	-1.0817
d6d274a9-5a2e-46f3-9729-0d29cb218564	11	74653685	85001575	6952	0.1436
d6d274a9-5a2e-46f3-9729-0d29cb218564	11	85004155	87356824	1566	0.2131
d6d274a9-5a2e-46f3-9729-0d29cb218564	11	87357530	88731105	1022	0.135
d6d274a9-5a2e-46f3-9729-0d29cb218564	11	88731256	107910653	13444	-0.1235
d6d274a9-5a2e-46f3-9729-0d29cb218564	11	107913781	107914372	2	-4.1467
d6d274a9-5a2e-46f3-9729-0d29cb218564	11	107916987	121332632	9141	-0.1359
d6d274a9-5a2e-46f3-9729-0d29cb218564	11	121333465	121356677	23	0.2853
d6d274a9-5a2e-46f3-9729-0d29cb218564	11	121359299	135074876	10369	-0.1419
d6d274a9-5a2e-46f3-9729-0d29cb218564	12	51460	2143557	1289	0.1403
d6d274a9-5a2e-46f3-9729-0d29cb218564	12	2143628	9481274	4886	0.08
d6d274a9-5a2e-46f3-9729-0d29cb218564	12	9485313	9562969	22	-1.6568
d6d274a9-5a2e-46f3-9729-0d29cb218564	12	9575696	11358644	1181	0.0934
d6d274a9-5a2e-46f3-9729-0d29cb218564	12	11359558	11390472	29	0.7077
d6d274a9-5a2e-46f3-9729-0d29cb218564	12	11399258	27493059	11191	0.0841
d6d274a9-5a2e-46f3-9729-0d29cb218564	12	27494808	27498429	28	-0.6932
d6d274a9-5a2e-46f3-9729-0d29cb218564	12	27504228	33148627	4157	0.0889
d6d274a9-5a2e-46f3-9729-0d29cb218564	12	33148706	33154144	21	-0.5413
d6d274a9-5a2e-46f3-9729-0d29cb218564	12	33154440	45506042	5586	0.0881
d6d274a9-5a2e-46f3-9729-0d29cb218564	12	45510655	45515754	4	-2.1297
d6d274a9-5a2e-46f3-9729-0d29cb218564	12	45519509	99398014	33689	0.0864
d6d274a9-5a2e-46f3-9729-0d29cb218564	12	99398036	99404956	32	-0.4335
d6d274a9-5a2e-46f3-9729-0d29cb218564	12	99409315	131636170	22135	0.0767
d6d274a9-5a2e-46f3-9729-0d29cb218564	12	131648039	131648790	13	-1.9947
d6d274a9-5a2e-46f3-9729-0d29cb218564	12	131657925	132712863	338	0.09
d6d274a9-5a2e-46f3-9729-0d29cb218564	12	132713233	133037546	153	0.2342
d6d274a9-5a2e-46f3-9729-0d29cb218564	12	133039120	133201603	68	0.0832
d6d274a9-5a2e-46f3-9729-0d29cb218564	13	18452809	52485081	23390	-0.0116
d6d274a9-5a2e-46f3-9729-0d29cb218564	13	52497017	52565009	13	-0.7128
d6d274a9-5a2e-46f3-9729-0d29cb218564	13	52571523	64777999	7136	-0.0092
d6d274a9-5a2e-46f3-9729-0d29cb218564	13	64778119	64779363	2	-1.6263
d6d274a9-5a2e-46f3-9729-0d29cb218564	13	64782151	71902850	4508	-0.0033
d6d274a9-5a2e-46f3-9729-0d29cb218564	13	71903417	71906418	4	1.4158
d6d274a9-5a2e-46f3-9729-0d29cb218564	13	71906467	114342922	29097	-0.0106
d6d274a9-5a2e-46f3-9729-0d29cb218564	14	18239283	19140829	36	-0.0214
d6d274a9-5a2e-46f3-9729-0d29cb218564	14	19143599	19784273	47	0.395
d6d274a9-5a2e-46f3-9729-0d29cb218564	14	19784886	19955213	84	0.6925
d6d274a9-5a2e-46f3-9729-0d29cb218564	14	19956767	38325335	11829	-0.0156
d6d274a9-5a2e-46f3-9729-0d29cb218564	14	38330250	38331170	10	-1.1237
d6d274a9-5a2e-46f3-9729-0d29cb218564	14	38335052	106340102	43104	-0.0175
d6d274a9-5a2e-46f3-9729-0d29cb218564	14	106340305	106365807	10	0.791
d6d274a9-5a2e-46f3-9729-0d29cb218564	14	106369985	106877229	270	-0.0278
d6d274a9-5a2e-46f3-9729-0d29cb218564	15	19811075	20364698	77	0.1337
d6d274a9-5a2e-46f3-9729-0d29cb218564	15	20367363	20665022	70	-0.2675
d6d274a9-5a2e-46f3-9729-0d29cb218564	15	20665162	24107781	910	0.0924
d6d274a9-5a2e-46f3-9729-0d29cb218564	15	24112020	24115850	6	-0.9818
d6d274a9-5a2e-46f3-9729-0d29cb218564	15	24118349	24516042	189	0.1368
d6d274a9-5a2e-46f3-9729-0d29cb218564	15	24518572	26783694	1660	0.053
d6d274a9-5a2e-46f3-9729-0d29cb218564	15	26786920	26787478	3	-0.8543
d6d274a9-5a2e-46f3-9729-0d29cb218564	15	26788647	27859017	812	0.0696
d6d274a9-5a2e-46f3-9729-0d29cb218564	15	27860991	30215235	1111	0.119
d6d274a9-5a2e-46f3-9729-0d29cb218564	15	30230885	30281121	9	-1.0714
d6d274a9-5a2e-46f3-9729-0d29cb218564	15	30284526	30515739	17	-0.4605
d6d274a9-5a2e-46f3-9729-0d29cb218564	15	30595753	32355957	1065	0.0813
d6d274a9-5a2e-46f3-9729-0d29cb218564	15	32356531	32382193	4	-0.9646
d6d274a9-5a2e-46f3-9729-0d29cb218564	15	32484010	34431231	1497	0.0725
d6d274a9-5a2e-46f3-9729-0d29cb218564	15	34431375	34586942	71	0.3176
d6d274a9-5a2e-46f3-9729-0d29cb218564	15	34587029	62974005	18551	0.0776
d6d274a9-5a2e-46f3-9729-0d29cb218564	15	62975737	62976901	2	-1.3027
d6d274a9-5a2e-46f3-9729-0d29cb218564	15	62978503	76586021	7860	0.0804
d6d274a9-5a2e-46f3-9729-0d29cb218564	15	76598900	76599286	3	-1.0789
d6d274a9-5a2e-46f3-9729-0d29cb218564	15	76599400	76602857	11	-2.7275
d6d274a9-5a2e-46f3-9729-0d29cb218564	15	76603003	76603434	8	-0.9352
d6d274a9-5a2e-46f3-9729-0d29cb218564	15	76609838	101928837	17615	0.0848
d6d274a9-5a2e-46f3-9729-0d29cb218564	16	10777	601407	272	0.2535
d6d274a9-5a2e-46f3-9729-0d29cb218564	16	601525	5705822	2536	0.141
d6d274a9-5a2e-46f3-9729-0d29cb218564	16	5706211	14662430	8284	0.0689
d6d274a9-5a2e-46f3-9729-0d29cb218564	16	14665911	15014730	75	0.3727
d6d274a9-5a2e-46f3-9729-0d29cb218564	16	15022400	16971570	773	0.1609
d6d274a9-5a2e-46f3-9729-0d29cb218564	16	16971616	22546611	2837	0.0984
d6d274a9-5a2e-46f3-9729-0d29cb218564	16	22546990	22691516	68	-0.1648
d6d274a9-5a2e-46f3-9729-0d29cb218564	16	22692430	28826194	4066	0.0615
d6d274a9-5a2e-46f3-9729-0d29cb218564	16	28826585	30620760	495	0.1506
d6d274a9-5a2e-46f3-9729-0d29cb218564	16	30629700	35225338	764	0.0809
d6d274a9-5a2e-46f3-9729-0d29cb218564	16	35232200	35522700	168	0.5626
d6d274a9-5a2e-46f3-9729-0d29cb218564	16	35526596	78337711	20893	0.0679
d6d274a9-5a2e-46f3-9729-0d29cb218564	16	78338543	78349243	15	-2.6004
d6d274a9-5a2e-46f3-9729-0d29cb218564	16	78350841	78350868	2	-0.7645
d6d274a9-5a2e-46f3-9729-0d29cb218564	16	78351104	84170124	6459	0.0728
d6d274a9-5a2e-46f3-9729-0d29cb218564	16	84171165	84177877	4	-0.5393
d6d274a9-5a2e-46f3-9729-0d29cb218564	16	84178014	84886473	681	0.169
d6d274a9-5a2e-46f3-9729-0d29cb218564	16	84892020	88459366	2795	0.0697
d6d274a9-5a2e-46f3-9729-0d29cb218564	16	88459423	89961218	590	0.1763
d6d274a9-5a2e-46f3-9729-0d29cb218564	16	89962800	90096867	90	0.0631
d6d274a9-5a2e-46f3-9729-0d29cb218564	17	150733	326334	105	-0.01
d6d274a9-5a2e-46f3-9729-0d29cb218564	17	326553	8339592	4431	-0.1097
d6d274a9-5a2e-46f3-9729-0d29cb218564	17	8344229	8344415	2	-2.522
d6d274a9-5a2e-46f3-9729-0d29cb218564	17	8346140	14243093	4364	-0.1323
d6d274a9-5a2e-46f3-9729-0d29cb218564	17	14247870	15754770	1130	-0.0604
d6d274a9-5a2e-46f3-9729-0d29cb218564	17	15755665	16750987	440	-0.127
d6d274a9-5a2e-46f3-9729-0d29cb218564	17	16754017	16819487	10	0.7127
d6d274a9-5a2e-46f3-9729-0d29cb218564	17	16834846	18414080	909	-0.1331
d6d274a9-5a2e-46f3-9729-0d29cb218564	17	18452078	18561272	26	-1.5299
d6d274a9-5a2e-46f3-9729-0d29cb218564	17	18561907	21464592	1182	-0.106
d6d274a9-5a2e-46f3-9729-0d29cb218564	17	21465052	36109315	5651	-0.0009
d6d274a9-5a2e-46f3-9729-0d29cb218564	17	36109735	36150098	33	0.5488
d6d274a9-5a2e-46f3-9729-0d29cb218564	17	36150221	41266762	2529	-0.0012
d6d274a9-5a2e-46f3-9729-0d29cb218564	17	41266774	41273905	19	-0.4795
d6d274a9-5a2e-46f3-9729-0d29cb218564	17	41273921	41274279	4	-1.92
d6d274a9-5a2e-46f3-9729-0d29cb218564	17	41276472	46085732	2499	0.0231
d6d274a9-5a2e-46f3-9729-0d29cb218564	17	46088437	46202822	95	0.328
d6d274a9-5a2e-46f3-9729-0d29cb218564	17	46203310	46351954	31	0.039
d6d274a9-5a2e-46f3-9729-0d29cb218564	17	46446345	46446360	2	-1.7855
d6d274a9-5a2e-46f3-9729-0d29cb218564	17	46569894	76210259	18023	0.0234
d6d274a9-5a2e-46f3-9729-0d29cb218564	17	76211803	76301260	52	0.269
d6d274a9-5a2e-46f3-9729-0d29cb218564	17	76301800	79246679	1753	0.033
d6d274a9-5a2e-46f3-9729-0d29cb218564	17	79246968	79250308	5	-1.2372
d6d274a9-5a2e-46f3-9729-0d29cb218564	17	79250962	83091923	1734	0.0311
d6d274a9-5a2e-46f3-9729-0d29cb218564	18	48133	10861286	8007	0.0859
d6d274a9-5a2e-46f3-9729-0d29cb218564	18	10861944	42471713	16011	-0.0124
d6d274a9-5a2e-46f3-9729-0d29cb218564	18	42476604	42477802	25	-0.4636
d6d274a9-5a2e-46f3-9729-0d29cb218564	18	42478430	65536707	15885	-0.0128
d6d274a9-5a2e-46f3-9729-0d29cb218564	18	65537087	65537481	8	0.9837
d6d274a9-5a2e-46f3-9729-0d29cb218564	18	65540037	77211972	8823	0.0013
d6d274a9-5a2e-46f3-9729-0d29cb218564	18	77213430	77214451	2	-1.8428
d6d274a9-5a2e-46f3-9729-0d29cb218564	18	77214926	80065649	1860	-0.017
d6d274a9-5a2e-46f3-9729-0d29cb218564	18	80065709	80257174	110	0.0521
d6d274a9-5a2e-46f3-9729-0d29cb218564	19	90910	17607062	7609	-0.1178
d6d274a9-5a2e-46f3-9729-0d29cb218564	19	17614656	20018583	1082	0.0984
d6d274a9-5a2e-46f3-9729-0d29cb218564	19	20028050	21052243	579	0.2011
d6d274a9-5a2e-46f3-9729-0d29cb218564	19	21055801	24274155	1859	0.07
d6d274a9-5a2e-46f3-9729-0d29cb218564	19	24278016	24282155	10	-0.7398
d6d274a9-5a2e-46f3-9729-0d29cb218564	19	24304880	35358420	5566	0.0616
d6d274a9-5a2e-46f3-9729-0d29cb218564	19	35364451	35370946	21	-0.5254
d6d274a9-5a2e-46f3-9729-0d29cb218564	19	35375842	36007839	315	0.0803
d6d274a9-5a2e-46f3-9729-0d29cb218564	19	36010302	42936292	3431	0.2574
d6d274a9-5a2e-46f3-9729-0d29cb218564	19	42939470	43190778	120	-0.0748
d6d274a9-5a2e-46f3-9729-0d29cb218564	19	43193181	43249358	22	-0.7033
d6d274a9-5a2e-46f3-9729-0d29cb218564	19	43252085	43964460	424	-0.0901
d6d274a9-5a2e-46f3-9729-0d29cb218564	19	43964771	46505164	1286	0.2639
d6d274a9-5a2e-46f3-9729-0d29cb218564	19	46508489	48042933	701	-0.1323
d6d274a9-5a2e-46f3-9729-0d29cb218564	19	48045613	50923490	1253	0.0857
d6d274a9-5a2e-46f3-9729-0d29cb218564	19	50931371	53012070	1433	-0.0979
d6d274a9-5a2e-46f3-9729-0d29cb218564	19	53013829	53048976	23	0.7637
d6d274a9-5a2e-46f3-9729-0d29cb218564	19	53050987	53629607	451	-0.0986
d6d274a9-5a2e-46f3-9729-0d29cb218564	19	53637042	53761862	92	0.0982
d6d274a9-5a2e-46f3-9729-0d29cb218564	19	53762024	58586487	2830	-0.1207
d6d274a9-5a2e-46f3-9729-0d29cb218564	20	80664	249875	137	0.1358
d6d274a9-5a2e-46f3-9729-0d29cb218564	20	249900	249915	2	-1.0222
d6d274a9-5a2e-46f3-9729-0d29cb218564	20	250119	1580934	1066	0.1042
d6d274a9-5a2e-46f3-9729-0d29cb218564	20	1581021	1598475	30	-0.2156
d6d274a9-5a2e-46f3-9729-0d29cb218564	20	1599742	1617300	11	-0.932
d6d274a9-5a2e-46f3-9729-0d29cb218564	20	1617460	54028329	33638	0.0686
d6d274a9-5a2e-46f3-9729-0d29cb218564	20	54031269	54036697	21	-0.579
d6d274a9-5a2e-46f3-9729-0d29cb218564	20	54037290	54038105	9	-1.216
d6d274a9-5a2e-46f3-9729-0d29cb218564	20	54041178	54042054	6	-0.5338
d6d274a9-5a2e-46f3-9729-0d29cb218564	20	54042112	56546702	2053	0.0597
d6d274a9-5a2e-46f3-9729-0d29cb218564	20	56547663	56547669	2	-1.2822
d6d274a9-5a2e-46f3-9729-0d29cb218564	20	56551410	63589896	5088	0.0516
d6d274a9-5a2e-46f3-9729-0d29cb218564	20	63591105	63591871	3	1.2315
d6d274a9-5a2e-46f3-9729-0d29cb218564	20	63594735	64324800	308	0.1417
d6d274a9-5a2e-46f3-9729-0d29cb218564	21	10354168	18683769	3546	-0.0032
d6d274a9-5a2e-46f3-9729-0d29cb218564	21	18685360	18709841	29	0.5004
d6d274a9-5a2e-46f3-9729-0d29cb218564	21	18709926	27574380	6886	-0.0081
d6d274a9-5a2e-46f3-9729-0d29cb218564	21	27574471	31864142	2975	-0.1421
d6d274a9-5a2e-46f3-9729-0d29cb218564	21	31865670	31867735	3	-2.0363
d6d274a9-5a2e-46f3-9729-0d29cb218564	21	31879236	41727214	7676	-0.1421
d6d274a9-5a2e-46f3-9729-0d29cb218564	21	41729736	41730428	4	-1.4201
d6d274a9-5a2e-46f3-9729-0d29cb218564	21	41730694	46541798	2614	-0.1298
d6d274a9-5a2e-46f3-9729-0d29cb218564	21	46542442	46677045	134	-0.0408
d6d274a9-5a2e-46f3-9729-0d29cb218564	22	15294547	15825930	35	0.281
d6d274a9-5a2e-46f3-9729-0d29cb218564	22	15869820	20520417	2081	-0.0878
d6d274a9-5a2e-46f3-9729-0d29cb218564	22	20522222	20581611	46	0.2126
d6d274a9-5a2e-46f3-9729-0d29cb218564	22	20582047	21491066	561	0.5874
d6d274a9-5a2e-46f3-9729-0d29cb218564	22	21562864	24685371	2029	-0.0719
d6d274a9-5a2e-46f3-9729-0d29cb218564	22	24686148	24686567	3	-1.578
d6d274a9-5a2e-46f3-9729-0d29cb218564	22	24691707	25268865	463	-0.1274
d6d274a9-5a2e-46f3-9729-0d29cb218564	22	25270268	25536575	301	-0.0068
d6d274a9-5a2e-46f3-9729-0d29cb218564	22	25537976	33186817	5566	-0.1238
d6d274a9-5a2e-46f3-9729-0d29cb218564	22	33187247	33187251	2	-1.7917
d6d274a9-5a2e-46f3-9729-0d29cb218564	22	33190353	42501276	6060	-0.1161
d6d274a9-5a2e-46f3-9729-0d29cb218564	22	42503434	42554485	24	0.6318
d6d274a9-5a2e-46f3-9729-0d29cb218564	22	42559425	49256011	5238	-0.1296
d6d274a9-5a2e-46f3-9729-0d29cb218564	22	49256216	49257566	2	-2.4093
d6d274a9-5a2e-46f3-9729-0d29cb218564	22	49258533	50796027	853	-0.0605
d6d274a9-5a2e-46f3-9729-0d29cb218564	X	251810	123814929	64786	0.0095
d6d274a9-5a2e-46f3-9729-0d29cb218564	X	123817359	123832142	3	-3.169
d6d274a9-5a2e-46f3-9729-0d29cb218564	X	123837554	155952689	18746	0.0094
d6d274a9-5a2e-46f3-9729-0d29cb218564	Y	2782397	56872112	6639	-0.8835
