GDC_Aliquot	Chromosome	Start	End	Copy_Number	Major_Copy_Number	Minor_Copy_Number
1afc8168-1ab4-4065-bed1-f6058b5c0e7e	chr1	13116	143922565	4	2	2
1afc8168-1ab4-4065-bed1-f6058b5c0e7e	chr1	143924915	248945703	6	3	3
1afc8168-1ab4-4065-bed1-f6058b5c0e7e	chr2	10587	242183243	4	2	2
1afc8168-1ab4-4065-bed1-f6058b5c0e7e	chr3	18519	21009251	4	2	2
1afc8168-1ab4-4065-bed1-f6058b5c0e7e	chr3	21010300	21018309	1	1	0
1afc8168-1ab4-4065-bed1-f6058b5c0e7e	chr3	21019753	198181744	4	2	2
1afc8168-1ab4-4065-bed1-f6058b5c0e7e	chr4	11961	107625948	4	2	2
1afc8168-1ab4-4065-bed1-f6058b5c0e7e	chr4	107627694	190122722	6	3	3
1afc8168-1ab4-4065-bed1-f6058b5c0e7e	chr5	11882	38351614	6	3	3
1afc8168-1ab4-4065-bed1-f6058b5c0e7e	chr5	38352696	39400203	4	4	0
1afc8168-1ab4-4065-bed1-f6058b5c0e7e	chr5	39401282	44393467	6	3	3
1afc8168-1ab4-4065-bed1-f6058b5c0e7e	chr5	44395913	50582359	5	4	1
1afc8168-1ab4-4065-bed1-f6058b5c0e7e	chr5	50583922	181363900	4	2	2
1afc8168-1ab4-4065-bed1-f6058b5c0e7e	chr6	100116	368247	4	3	1
1afc8168-1ab4-4065-bed1-f6058b5c0e7e	chr6	369458	170740469	4	2	2
1afc8168-1ab4-4065-bed1-f6058b5c0e7e	chr7	20608	61079834	4	2	2
1afc8168-1ab4-4065-bed1-f6058b5c0e7e	chr7	61081288	62115978	3	3	0
1afc8168-1ab4-4065-bed1-f6058b5c0e7e	chr7	62118614	63014453	5	3	2
1afc8168-1ab4-4065-bed1-f6058b5c0e7e	chr7	63015575	78955227	4	2	2
1afc8168-1ab4-4065-bed1-f6058b5c0e7e	chr7	78957030	79054733	6	3	3
1afc8168-1ab4-4065-bed1-f6058b5c0e7e	chr7	79056154	159334386	4	2	2
1afc8168-1ab4-4065-bed1-f6058b5c0e7e	chr8	61774	18651034	4	2	2
1afc8168-1ab4-4065-bed1-f6058b5c0e7e	chr8	18652475	18692768	2	1	1
1afc8168-1ab4-4065-bed1-f6058b5c0e7e	chr8	18693853	145078402	4	2	2
1afc8168-1ab4-4065-bed1-f6058b5c0e7e	chr9	10469	8725265	4	2	2
1afc8168-1ab4-4065-bed1-f6058b5c0e7e	chr9	8726343	9056791	5	3	2
1afc8168-1ab4-4065-bed1-f6058b5c0e7e	chr9	9058076	9349500	2	2	0
1afc8168-1ab4-4065-bed1-f6058b5c0e7e	chr9	9350608	9556992	0	0	0
1afc8168-1ab4-4065-bed1-f6058b5c0e7e	chr9	9558543	9690138	5	4	1
1afc8168-1ab4-4065-bed1-f6058b5c0e7e	chr9	9691776	40820284	4	2	2
1afc8168-1ab4-4065-bed1-f6058b5c0e7e	chr9	40825725	43070419	5	4	1
1afc8168-1ab4-4065-bed1-f6058b5c0e7e	chr9	60839871	66915875	4	2	2
1afc8168-1ab4-4065-bed1-f6058b5c0e7e	chr9	66917240	138256233	6	3	3
1afc8168-1ab4-4065-bed1-f6058b5c0e7e	chr10	15029	47916115	4	2	2
1afc8168-1ab4-4065-bed1-f6058b5c0e7e	chr10	47917491	48242615	5	4	1
1afc8168-1ab4-4065-bed1-f6058b5c0e7e	chr10	48244157	133787009	4	2	2
1afc8168-1ab4-4065-bed1-f6058b5c0e7e	chr11	87268	14439455	4	2	2
1afc8168-1ab4-4065-bed1-f6058b5c0e7e	chr11	14440986	14518093	3	2	1
1afc8168-1ab4-4065-bed1-f6058b5c0e7e	chr11	14519396	50818921	4	2	2
1afc8168-1ab4-4065-bed1-f6058b5c0e7e	chr11	50820706	64926132	2	2	0
1afc8168-1ab4-4065-bed1-f6058b5c0e7e	chr11	64927219	66454666	4	2	2
1afc8168-1ab4-4065-bed1-f6058b5c0e7e	chr11	66455687	66558359	2	1	1
1afc8168-1ab4-4065-bed1-f6058b5c0e7e	chr11	66560202	66641938	5	4	1
1afc8168-1ab4-4065-bed1-f6058b5c0e7e	chr11	66647347	67304911	14	12	2
1afc8168-1ab4-4065-bed1-f6058b5c0e7e	chr11	67306061	67423978	6	3	3
1afc8168-1ab4-4065-bed1-f6058b5c0e7e	chr11	67425084	68525462	16	14	2
1afc8168-1ab4-4065-bed1-f6058b5c0e7e	chr11	68528435	68731166	40	38	2
1afc8168-1ab4-4065-bed1-f6058b5c0e7e	chr11	68732406	69250624	28	26	2
1afc8168-1ab4-4065-bed1-f6058b5c0e7e	chr11	69251787	69631528	36	34	2
1afc8168-1ab4-4065-bed1-f6058b5c0e7e	chr11	69632750	69896966	82	79	3
1afc8168-1ab4-4065-bed1-f6058b5c0e7e	chr11	69898031	70682163	13	11	2
1afc8168-1ab4-4065-bed1-f6058b5c0e7e	chr11	70684384	70949439	11	9	2
1afc8168-1ab4-4065-bed1-f6058b5c0e7e	chr11	70950683	71100226	2	2	0
1afc8168-1ab4-4065-bed1-f6058b5c0e7e	chr11	71102882	71207990	2	1	1
1afc8168-1ab4-4065-bed1-f6058b5c0e7e	chr11	71209127	76959489	6	3	3
1afc8168-1ab4-4065-bed1-f6058b5c0e7e	chr11	76962078	76981267	17	17	0
1afc8168-1ab4-4065-bed1-f6058b5c0e7e	chr11	76982541	77632462	6	3	3
1afc8168-1ab4-4065-bed1-f6058b5c0e7e	chr11	77634026	80051701	87	85	2
1afc8168-1ab4-4065-bed1-f6058b5c0e7e	chr11	80052852	80399467	76	74	2
1afc8168-1ab4-4065-bed1-f6058b5c0e7e	chr11	80400541	80472789	81	75	6
1afc8168-1ab4-4065-bed1-f6058b5c0e7e	chr11	80476552	81471519	75	73	2
1afc8168-1ab4-4065-bed1-f6058b5c0e7e	chr11	81472589	81667061	85	83	2
1afc8168-1ab4-4065-bed1-f6058b5c0e7e	chr11	81668461	81854940	110	108	2
1afc8168-1ab4-4065-bed1-f6058b5c0e7e	chr11	81856074	82649244	79	77	2
1afc8168-1ab4-4065-bed1-f6058b5c0e7e	chr11	82650431	83897172	42	40	2
1afc8168-1ab4-4065-bed1-f6058b5c0e7e	chr11	83898219	83906226	3	3	0
1afc8168-1ab4-4065-bed1-f6058b5c0e7e	chr11	83907673	100488113	2	2	0
1afc8168-1ab4-4065-bed1-f6058b5c0e7e	chr11	100489868	101716060	47	45	2
1afc8168-1ab4-4065-bed1-f6058b5c0e7e	chr11	101717089	102512245	41	39	2
1afc8168-1ab4-4065-bed1-f6058b5c0e7e	chr11	102513435	102520694	14	14	0
1afc8168-1ab4-4065-bed1-f6058b5c0e7e	chr11	102521925	103580296	15	13	2
1afc8168-1ab4-4065-bed1-f6058b5c0e7e	chr11	103581300	118171005	2	2	0
1afc8168-1ab4-4065-bed1-f6058b5c0e7e	chr11	118172259	119188695	13	11	2
1afc8168-1ab4-4065-bed1-f6058b5c0e7e	chr11	119190254	120184177	4	2	2
1afc8168-1ab4-4065-bed1-f6058b5c0e7e	chr11	120185292	135076424	2	2	0
1afc8168-1ab4-4065-bed1-f6058b5c0e7e	chr12	11065	28815983	4	2	2
1afc8168-1ab4-4065-bed1-f6058b5c0e7e	chr12	28817613	28861214	6	3	3
1afc8168-1ab4-4065-bed1-f6058b5c0e7e	chr12	28862423	42948768	4	2	2
1afc8168-1ab4-4065-bed1-f6058b5c0e7e	chr12	42949798	50220924	2	2	0
1afc8168-1ab4-4065-bed1-f6058b5c0e7e	chr12	50222563	65622310	4	2	2
1afc8168-1ab4-4065-bed1-f6058b5c0e7e	chr12	65623681	65655901	7	4	3
1afc8168-1ab4-4065-bed1-f6058b5c0e7e	chr12	65657381	125455741	4	2	2
1afc8168-1ab4-4065-bed1-f6058b5c0e7e	chr12	125456875	125486821	3	3	0
1afc8168-1ab4-4065-bed1-f6058b5c0e7e	chr12	125487849	125776667	2	2	0
1afc8168-1ab4-4065-bed1-f6058b5c0e7e	chr12	125777817	133264676	4	2	2
1afc8168-1ab4-4065-bed1-f6058b5c0e7e	chr13	18445955	114343123	4	2	2
1afc8168-1ab4-4065-bed1-f6058b5c0e7e	chr14	18223583	19896747	3	3	0
1afc8168-1ab4-4065-bed1-f6058b5c0e7e	chr14	19897977	106880670	4	2	2
1afc8168-1ab4-4065-bed1-f6058b5c0e7e	chr15	19795285	24098325	2	1	1
1afc8168-1ab4-4065-bed1-f6058b5c0e7e	chr15	24099384	24263489	0	0	0
1afc8168-1ab4-4065-bed1-f6058b5c0e7e	chr15	24264865	24426265	2	1	1
1afc8168-1ab4-4065-bed1-f6058b5c0e7e	chr15	24427293	24476671	5	5	0
1afc8168-1ab4-4065-bed1-f6058b5c0e7e	chr15	24477845	98182610	2	1	1
1afc8168-1ab4-4065-bed1-f6058b5c0e7e	chr15	98183869	101980591	4	2	2
1afc8168-1ab4-4065-bed1-f6058b5c0e7e	chr16	10291	32471685	6	3	3
1afc8168-1ab4-4065-bed1-f6058b5c0e7e	chr16	32472717	32596939	10	5	5
1afc8168-1ab4-4065-bed1-f6058b5c0e7e	chr16	32598085	32808779	11	6	5
1afc8168-1ab4-4065-bed1-f6058b5c0e7e	chr16	32812215	34220673	6	3	3
1afc8168-1ab4-4065-bed1-f6058b5c0e7e	chr16	34688476	36045725	4	2	2
1afc8168-1ab4-4065-bed1-f6058b5c0e7e	chr16	46380940	47776130	3	2	1
1afc8168-1ab4-4065-bed1-f6058b5c0e7e	chr16	47777187	90226358	4	2	2
1afc8168-1ab4-4065-bed1-f6058b5c0e7e	chr17	151035	22759710	2	2	0
1afc8168-1ab4-4065-bed1-f6058b5c0e7e	chr17	22760926	26939555	6	5	1
1afc8168-1ab4-4065-bed1-f6058b5c0e7e	chr17	26940638	50485811	4	2	2
1afc8168-1ab4-4065-bed1-f6058b5c0e7e	chr17	50486926	83237603	6	3	3
1afc8168-1ab4-4065-bed1-f6058b5c0e7e	chr18	16444	15410360	6	3	3
1afc8168-1ab4-4065-bed1-f6058b5c0e7e	chr18	20931967	80259190	2	1	1
1afc8168-1ab4-4065-bed1-f6058b5c0e7e	chr19	157892	1192506	4	4	0
1afc8168-1ab4-4065-bed1-f6058b5c0e7e	chr19	1193885	5701522	4	2	2
1afc8168-1ab4-4065-bed1-f6058b5c0e7e	chr19	5702815	12497580	2	2	0
1afc8168-1ab4-4065-bed1-f6058b5c0e7e	chr19	12499424	12550521	4	3	1
1afc8168-1ab4-4065-bed1-f6058b5c0e7e	chr19	12553333	47817382	4	2	2
1afc8168-1ab4-4065-bed1-f6058b5c0e7e	chr19	47818934	47863976	2	1	1
1afc8168-1ab4-4065-bed1-f6058b5c0e7e	chr19	47865277	47867631	3	2	1
1afc8168-1ab4-4065-bed1-f6058b5c0e7e	chr19	47868876	58607412	2	2	0
1afc8168-1ab4-4065-bed1-f6058b5c0e7e	chr20	80457	52885386	4	2	2
1afc8168-1ab4-4065-bed1-f6058b5c0e7e	chr20	52887006	52903413	9	5	4
1afc8168-1ab4-4065-bed1-f6058b5c0e7e	chr20	52904899	64331516	4	2	2
1afc8168-1ab4-4065-bed1-f6058b5c0e7e	chr21	7762688	10459846	2	2	0
1afc8168-1ab4-4065-bed1-f6058b5c0e7e	chr21	10461023	46699722	4	2	2
1afc8168-1ab4-4065-bed1-f6058b5c0e7e	chr22	15284540	50802392	4	2	2
1afc8168-1ab4-4065-bed1-f6058b5c0e7e	chrX	2781514	155699751	4	2	2
