GDC_Aliquot	Chromosome	Start	End	Num_Probes	Segment_Mean
e3f78a21-8869-44b9-9aaa-3558af812043	1	62920	86324	10	0.3077
e3f78a21-8869-44b9-9aaa-3558af812043	1	86341	3236404	703	-0.133
e3f78a21-8869-44b9-9aaa-3558af812043	1	3239225	16609512	7936	-0.05
e3f78a21-8869-44b9-9aaa-3558af812043	1	16617118	16721984	35	0.1656
e3f78a21-8869-44b9-9aaa-3558af812043	1	16766762	16863509	15	0.5206
e3f78a21-8869-44b9-9aaa-3558af812043	1	16864367	16935752	54	-0.6041
e3f78a21-8869-44b9-9aaa-3558af812043	1	16949746	25088630	5139	-0.0442
e3f78a21-8869-44b9-9aaa-3558af812043	1	25089191	25090270	2	-1.5368
e3f78a21-8869-44b9-9aaa-3558af812043	1	25092208	25256850	121	-0.042
e3f78a21-8869-44b9-9aaa-3558af812043	1	25266637	25320455	24	-2.4583
e3f78a21-8869-44b9-9aaa-3558af812043	1	25336819	67090495	25465	-0.0473
e3f78a21-8869-44b9-9aaa-3558af812043	1	67098399	67098598	2	-2.1756
e3f78a21-8869-44b9-9aaa-3558af812043	1	67098803	72205221	3211	-0.0472
e3f78a21-8869-44b9-9aaa-3558af812043	1	72207707	72297687	59	0.943
e3f78a21-8869-44b9-9aaa-3558af812043	1	72302735	72345450	47	-0.2123
e3f78a21-8869-44b9-9aaa-3558af812043	1	72345465	72736686	282	0.9396
e3f78a21-8869-44b9-9aaa-3558af812043	1	72737271	72827710	58	1.1963
e3f78a21-8869-44b9-9aaa-3558af812043	1	72835970	75147617	1338	0.6925
e3f78a21-8869-44b9-9aaa-3558af812043	1	75148138	75585159	255	0.5199
e3f78a21-8869-44b9-9aaa-3558af812043	1	75589078	75589169	2	-0.3169
e3f78a21-8869-44b9-9aaa-3558af812043	1	75593824	75799103	154	0.5029
e3f78a21-8869-44b9-9aaa-3558af812043	1	75805127	80632156	3139	0.2882
e3f78a21-8869-44b9-9aaa-3558af812043	1	80637116	99585233	12314	0.1324
e3f78a21-8869-44b9-9aaa-3558af812043	1	99585653	99605721	21	0.2762
e3f78a21-8869-44b9-9aaa-3558af812043	1	99605946	103560608	2448	-0.0451
e3f78a21-8869-44b9-9aaa-3558af812043	1	103566616	103616762	27	0.5721
e3f78a21-8869-44b9-9aaa-3558af812043	1	103620877	105470754	924	-0.0422
e3f78a21-8869-44b9-9aaa-3558af812043	1	105476583	105479738	16	0.7945
e3f78a21-8869-44b9-9aaa-3558af812043	1	105479753	108013376	1792	-0.0403
e3f78a21-8869-44b9-9aaa-3558af812043	1	108014481	108022969	5	-1.2896
e3f78a21-8869-44b9-9aaa-3558af812043	1	108025376	111289583	2077	-0.037
e3f78a21-8869-44b9-9aaa-3558af812043	1	111291443	111291498	5	-0.7698
e3f78a21-8869-44b9-9aaa-3558af812043	1	111291716	116849637	3782	-0.0257
e3f78a21-8869-44b9-9aaa-3558af812043	1	116849865	117784282	607	0.0538
e3f78a21-8869-44b9-9aaa-3558af812043	1	117784764	117790542	3	-0.9138
e3f78a21-8869-44b9-9aaa-3558af812043	1	117793423	119737650	1220	0.0102
e3f78a21-8869-44b9-9aaa-3558af812043	1	119737785	120002553	182	-0.0313
e3f78a21-8869-44b9-9aaa-3558af812043	1	120006974	152787202	2764	0.1707
e3f78a21-8869-44b9-9aaa-3558af812043	1	152789447	152796224	37	-0.541
e3f78a21-8869-44b9-9aaa-3558af812043	1	152801429	155687178	1555	0.1695
e3f78a21-8869-44b9-9aaa-3558af812043	1	155691436	155693566	3	-0.6792
e3f78a21-8869-44b9-9aaa-3558af812043	1	155697170	158545233	1733	0.1725
e3f78a21-8869-44b9-9aaa-3558af812043	1	158545295	158550505	17	-0.8025
e3f78a21-8869-44b9-9aaa-3558af812043	1	158553881	196762956	26166	0.1791
e3f78a21-8869-44b9-9aaa-3558af812043	1	196769493	196854187	59	-0.5244
e3f78a21-8869-44b9-9aaa-3558af812043	1	196854483	199142298	1375	0.1812
e3f78a21-8869-44b9-9aaa-3558af812043	1	199142393	199145694	11	0.631
e3f78a21-8869-44b9-9aaa-3558af812043	1	199145844	225248189	17828	0.1759
e3f78a21-8869-44b9-9aaa-3558af812043	1	225253362	225253412	2	-1.1795
e3f78a21-8869-44b9-9aaa-3558af812043	1	225253769	248930189	16595	0.1774
e3f78a21-8869-44b9-9aaa-3558af812043	2	12784	41011095	28950	0.2831
e3f78a21-8869-44b9-9aaa-3558af812043	2	41011303	41024138	25	-0.413
e3f78a21-8869-44b9-9aaa-3558af812043	2	41024584	71115321	20482	0.2838
e3f78a21-8869-44b9-9aaa-3558af812043	2	71119433	71120262	7	-0.7807
e3f78a21-8869-44b9-9aaa-3558af812043	2	71122913	77975299	4201	0.2793
e3f78a21-8869-44b9-9aaa-3558af812043	2	77976915	78055644	52	-0.3114
e3f78a21-8869-44b9-9aaa-3558af812043	2	78057226	87023373	5471	0.2803
e3f78a21-8869-44b9-9aaa-3558af812043	2	87032208	87328190	74	0.0587
e3f78a21-8869-44b9-9aaa-3558af812043	2	87328495	90262403	843	0.2632
e3f78a21-8869-44b9-9aaa-3558af812043	2	90281849	95549054	351	0.1566
e3f78a21-8869-44b9-9aaa-3558af812043	2	95552763	96394127	241	0.4319
e3f78a21-8869-44b9-9aaa-3558af812043	2	96397360	96440911	22	0.6596
e3f78a21-8869-44b9-9aaa-3558af812043	2	96447220	96512276	27	0.4146
e3f78a21-8869-44b9-9aaa-3558af812043	2	96513388	97086272	231	0.7177
e3f78a21-8869-44b9-9aaa-3558af812043	2	97087848	97192190	44	0.0903
e3f78a21-8869-44b9-9aaa-3558af812043	2	97199600	97211436	14	-0.493
e3f78a21-8869-44b9-9aaa-3558af812043	2	97310327	97359885	13	0.0814
e3f78a21-8869-44b9-9aaa-3558af812043	2	97524284	97545726	9	1.0391
e3f78a21-8869-44b9-9aaa-3558af812043	2	97550415	97813131	118	0.1129
e3f78a21-8869-44b9-9aaa-3558af812043	2	97818087	100751083	1750	-0.0948
e3f78a21-8869-44b9-9aaa-3558af812043	2	100751939	101478250	466	-0.1877
e3f78a21-8869-44b9-9aaa-3558af812043	2	101478379	102733950	863	0.0959
e3f78a21-8869-44b9-9aaa-3558af812043	2	102738080	114727120	6848	-0.1658
e3f78a21-8869-44b9-9aaa-3558af812043	2	114729456	115420054	429	-0.0066
e3f78a21-8869-44b9-9aaa-3558af812043	2	115420168	128880504	8490	-0.1816
e3f78a21-8869-44b9-9aaa-3558af812043	2	128880904	128881662	13	-0.9655
e3f78a21-8869-44b9-9aaa-3558af812043	2	128882723	137748709	5275	-0.1901
e3f78a21-8869-44b9-9aaa-3558af812043	2	137751623	137754783	7	-1.1309
e3f78a21-8869-44b9-9aaa-3558af812043	2	137757882	146106861	5141	-0.1746
e3f78a21-8869-44b9-9aaa-3558af812043	2	146106875	146120827	24	0.5174
e3f78a21-8869-44b9-9aaa-3558af812043	2	146120842	148257979	1095	-0.1768
e3f78a21-8869-44b9-9aaa-3558af812043	2	148258135	148258317	2	-1.4586
e3f78a21-8869-44b9-9aaa-3558af812043	2	148263941	152731078	2967	-0.1897
e3f78a21-8869-44b9-9aaa-3558af812043	2	152740132	152740405	2	1.4194
e3f78a21-8869-44b9-9aaa-3558af812043	2	152743235	154207380	909	-0.1867
e3f78a21-8869-44b9-9aaa-3558af812043	2	154209693	178180875	14725	-0.0273
e3f78a21-8869-44b9-9aaa-3558af812043	2	178182957	179548635	792	-0.1901
e3f78a21-8869-44b9-9aaa-3558af812043	2	179548644	179557410	31	-0.9362
e3f78a21-8869-44b9-9aaa-3558af812043	2	179560916	184379336	3107	-0.1785
e3f78a21-8869-44b9-9aaa-3558af812043	2	184392326	184399858	12	-1.0033
e3f78a21-8869-44b9-9aaa-3558af812043	2	184400048	233736917	30049	-0.1805
e3f78a21-8869-44b9-9aaa-3558af812043	2	233741958	233749337	6	-1.5832
e3f78a21-8869-44b9-9aaa-3558af812043	2	233753288	242147305	5362	-0.1946
e3f78a21-8869-44b9-9aaa-3558af812043	3	20930	26541729	20001	-0.048
e3f78a21-8869-44b9-9aaa-3558af812043	3	26546950	26547166	2	-1.651
e3f78a21-8869-44b9-9aaa-3558af812043	3	26547373	28768295	1455	-0.0515
e3f78a21-8869-44b9-9aaa-3558af812043	3	28768950	28770519	2	-1.3679
e3f78a21-8869-44b9-9aaa-3558af812043	3	28770768	47358421	12011	-0.0419
e3f78a21-8869-44b9-9aaa-3558af812043	3	47358841	47363961	3	-1.8038
e3f78a21-8869-44b9-9aaa-3558af812043	3	47367722	52989195	2251	-0.0448
e3f78a21-8869-44b9-9aaa-3558af812043	3	52994359	53005100	37	-0.6178
e3f78a21-8869-44b9-9aaa-3558af812043	3	53005201	74585946	16525	-0.0439
e3f78a21-8869-44b9-9aaa-3558af812043	3	74597741	74598116	2	-1.3857
e3f78a21-8869-44b9-9aaa-3558af812043	3	74600034	84053071	5137	-0.0371
e3f78a21-8869-44b9-9aaa-3558af812043	3	84056282	84057015	2	-4.0598
e3f78a21-8869-44b9-9aaa-3558af812043	3	84061816	146661402	35474	-0.0417
e3f78a21-8869-44b9-9aaa-3558af812043	3	146665207	146668345	4	1.7277
e3f78a21-8869-44b9-9aaa-3558af812043	3	146674197	156130991	5751	-0.0343
e3f78a21-8869-44b9-9aaa-3558af812043	3	156131304	156181072	22	-0.5788
e3f78a21-8869-44b9-9aaa-3558af812043	3	156181285	162790480	4099	-0.0363
e3f78a21-8869-44b9-9aaa-3558af812043	3	162794869	162908207	70	0.7899
e3f78a21-8869-44b9-9aaa-3558af812043	3	162908784	169012392	3442	-0.0337
e3f78a21-8869-44b9-9aaa-3558af812043	3	169015614	169020840	2	-2.9228
e3f78a21-8869-44b9-9aaa-3558af812043	3	169022039	193162684	15737	-0.0406
e3f78a21-8869-44b9-9aaa-3558af812043	3	193162798	193168790	17	-0.4269
e3f78a21-8869-44b9-9aaa-3558af812043	3	193168903	195559056	1478	-0.0332
e3f78a21-8869-44b9-9aaa-3558af812043	3	195656271	195720051	25	0.4771
e3f78a21-8869-44b9-9aaa-3558af812043	3	195728637	198169247	1185	-0.0381
e3f78a21-8869-44b9-9aaa-3558af812043	4	68929	9427585	5142	-0.0126
e3f78a21-8869-44b9-9aaa-3558af812043	4	9428543	9444321	12	-0.8362
e3f78a21-8869-44b9-9aaa-3558af812043	4	9445117	9477699	10	0.5039
e3f78a21-8869-44b9-9aaa-3558af812043	4	9484440	10212536	540	-0.0143
e3f78a21-8869-44b9-9aaa-3558af812043	4	10221792	10229874	28	-2.7517
e3f78a21-8869-44b9-9aaa-3558af812043	4	10232590	10233644	7	-0.7443
e3f78a21-8869-44b9-9aaa-3558af812043	4	10234518	12228848	1698	-0.0036
e3f78a21-8869-44b9-9aaa-3558af812043	4	12231973	12231989	2	-1.5553
e3f78a21-8869-44b9-9aaa-3558af812043	4	12232509	34777418	15268	0.0022
e3f78a21-8869-44b9-9aaa-3558af812043	4	34777432	34823103	39	0.4044
e3f78a21-8869-44b9-9aaa-3558af812043	4	34828250	49508382	8984	0.0104
e3f78a21-8869-44b9-9aaa-3558af812043	4	49509185	49648089	10	-0.4761
e3f78a21-8869-44b9-9aaa-3558af812043	4	49653346	54902040	2178	0.0253
e3f78a21-8869-44b9-9aaa-3558af812043	4	54903154	57215007	1384	0.1716
e3f78a21-8869-44b9-9aaa-3558af812043	4	57220870	57416138	172	0.6779
e3f78a21-8869-44b9-9aaa-3558af812043	4	57416249	60748798	2129	0.1796
e3f78a21-8869-44b9-9aaa-3558af812043	4	60748933	61071220	202	-0.0341
e3f78a21-8869-44b9-9aaa-3558af812043	4	61075217	61076234	2	1.4638
e3f78a21-8869-44b9-9aaa-3558af812043	4	61079968	63378392	1235	0.0136
e3f78a21-8869-44b9-9aaa-3558af812043	4	63383670	64672798	758	0.1848
e3f78a21-8869-44b9-9aaa-3558af812043	4	64680088	68354665	2389	0.0165
e3f78a21-8869-44b9-9aaa-3558af812043	4	68361130	68472744	18	0.3442
e3f78a21-8869-44b9-9aaa-3558af812043	4	68472846	68620261	70	-0.2496
e3f78a21-8869-44b9-9aaa-3558af812043	4	68623617	69261926	316	0.067
e3f78a21-8869-44b9-9aaa-3558af812043	4	69261934	69363634	51	-0.7931
e3f78a21-8869-44b9-9aaa-3558af812043	4	69363716	71147672	1054	0.0246
e3f78a21-8869-44b9-9aaa-3558af812043	4	71147958	71573183	256	0.1956
e3f78a21-8869-44b9-9aaa-3558af812043	4	71574006	78970410	4790	0.3323
e3f78a21-8869-44b9-9aaa-3558af812043	4	78971657	79159196	133	0.1716
e3f78a21-8869-44b9-9aaa-3558af812043	4	79164788	79311761	75	0.345
e3f78a21-8869-44b9-9aaa-3558af812043	4	79313679	87748784	5101	0.0173
e3f78a21-8869-44b9-9aaa-3558af812043	4	87749331	87749766	4	-0.8467
e3f78a21-8869-44b9-9aaa-3558af812043	4	87749811	90741848	1897	0.0172
e3f78a21-8869-44b9-9aaa-3558af812043	4	90741991	90742572	2	-1.8384
e3f78a21-8869-44b9-9aaa-3558af812043	4	90742872	106015911	8955	0.017
e3f78a21-8869-44b9-9aaa-3558af812043	4	106021770	106025278	3	-2.8571
e3f78a21-8869-44b9-9aaa-3558af812043	4	106025748	114252544	5065	0.0163
e3f78a21-8869-44b9-9aaa-3558af812043	4	114254167	114263073	24	0.7494
e3f78a21-8869-44b9-9aaa-3558af812043	4	114263096	124538250	6096	0.0201
e3f78a21-8869-44b9-9aaa-3558af812043	4	124539196	124541780	3	-1.4919
e3f78a21-8869-44b9-9aaa-3558af812043	4	124541870	133535179	5143	0.0162
e3f78a21-8869-44b9-9aaa-3558af812043	4	133537453	133611865	45	0.6223
e3f78a21-8869-44b9-9aaa-3558af812043	4	133619199	137171085	1950	0.0056
e3f78a21-8869-44b9-9aaa-3558af812043	4	137171266	137172260	13	-0.6387
e3f78a21-8869-44b9-9aaa-3558af812043	4	137173804	144389986	4678	0.0112
e3f78a21-8869-44b9-9aaa-3558af812043	4	144397566	144398848	2	1.4153
e3f78a21-8869-44b9-9aaa-3558af812043	4	144405258	150955157	3669	0.0199
e3f78a21-8869-44b9-9aaa-3558af812043	4	150955173	150963146	23	-1.0771
e3f78a21-8869-44b9-9aaa-3558af812043	4	150963148	150997369	26	-0.0676
e3f78a21-8869-44b9-9aaa-3558af812043	4	150999341	151019206	6	0.3788
e3f78a21-8869-44b9-9aaa-3558af812043	4	151021864	151091949	29	-0.0242
e3f78a21-8869-44b9-9aaa-3558af812043	4	151092830	151099625	2	-2.4082
e3f78a21-8869-44b9-9aaa-3558af812043	4	151099962	172066777	13375	0.0228
e3f78a21-8869-44b9-9aaa-3558af812043	4	172067997	172074828	13	0.8828
e3f78a21-8869-44b9-9aaa-3558af812043	4	172075742	181542491	6210	0.0266
e3f78a21-8869-44b9-9aaa-3558af812043	4	181544092	181551410	13	-0.5145
e3f78a21-8869-44b9-9aaa-3558af812043	4	181556233	187048187	3945	0.0155
e3f78a21-8869-44b9-9aaa-3558af812043	4	187049935	187051053	3	-1.0804
e3f78a21-8869-44b9-9aaa-3558af812043	4	187056923	190106768	1910	0.0104
e3f78a21-8869-44b9-9aaa-3558af812043	5	15532	625710	272	0.0946
e3f78a21-8869-44b9-9aaa-3558af812043	5	625976	8109306	6177	0.1841
e3f78a21-8869-44b9-9aaa-3558af812043	5	8115194	8121212	5	-1.1555
e3f78a21-8869-44b9-9aaa-3558af812043	5	8123381	20417739	8655	0.1841
e3f78a21-8869-44b9-9aaa-3558af812043	5	20418416	20428066	4	-0.8019
e3f78a21-8869-44b9-9aaa-3558af812043	5	20429236	21449167	605	0.1779
e3f78a21-8869-44b9-9aaa-3558af812043	5	21451091	21451889	4	1.0866
e3f78a21-8869-44b9-9aaa-3558af812043	5	21452329	27524345	3531	0.1903
e3f78a21-8869-44b9-9aaa-3558af812043	5	27525283	27525825	5	-1.1067
e3f78a21-8869-44b9-9aaa-3558af812043	5	27525838	34259309	4400	0.1919
e3f78a21-8869-44b9-9aaa-3558af812043	5	34264242	34264450	3	-1.7445
e3f78a21-8869-44b9-9aaa-3558af812043	5	34266449	45921037	6956	0.1866
e3f78a21-8869-44b9-9aaa-3558af812043	5	45922221	62218081	7978	0.0136
e3f78a21-8869-44b9-9aaa-3558af812043	5	62224306	67506203	3253	-0.1814
e3f78a21-8869-44b9-9aaa-3558af812043	5	67509667	67648244	91	0.0286
e3f78a21-8869-44b9-9aaa-3558af812043	5	67648642	70959071	1163	-0.164
e3f78a21-8869-44b9-9aaa-3558af812043	5	70959073	70959079	5	-1.4766
e3f78a21-8869-44b9-9aaa-3558af812043	5	71010832	97709417	15608	-0.1827
e3f78a21-8869-44b9-9aaa-3558af812043	5	97712762	97763616	42	-2.2229
e3f78a21-8869-44b9-9aaa-3558af812043	5	97763980	97781157	8	-0.1319
e3f78a21-8869-44b9-9aaa-3558af812043	5	97784381	97784803	3	-1.5007
e3f78a21-8869-44b9-9aaa-3558af812043	5	97789963	98595136	450	-0.18
e3f78a21-8869-44b9-9aaa-3558af812043	5	98597967	98600066	6	-0.9138
e3f78a21-8869-44b9-9aaa-3558af812043	5	98605165	99500868	501	-0.1836
e3f78a21-8869-44b9-9aaa-3558af812043	5	99504170	99504922	2	-3.0714
e3f78a21-8869-44b9-9aaa-3558af812043	5	99508633	104515520	2909	-0.1773
e3f78a21-8869-44b9-9aaa-3558af812043	5	104524672	104524780	2	1.8645
e3f78a21-8869-44b9-9aaa-3558af812043	5	104524847	180987465	50078	-0.186
e3f78a21-8869-44b9-9aaa-3558af812043	5	180990207	181058320	41	0.4581
e3f78a21-8869-44b9-9aaa-3558af812043	5	181058353	181363319	134	-0.2634
e3f78a21-8869-44b9-9aaa-3558af812043	6	149661	254283	101	-0.1763
e3f78a21-8869-44b9-9aaa-3558af812043	6	257353	294837	23	-1.0446
e3f78a21-8869-44b9-9aaa-3558af812043	6	302306	3266029	2419	-0.1995
e3f78a21-8869-44b9-9aaa-3558af812043	6	3266326	3266412	2	-2.0246
e3f78a21-8869-44b9-9aaa-3558af812043	6	3269830	7535025	3555	-0.1931
e3f78a21-8869-44b9-9aaa-3558af812043	6	7535819	20666226	9871	0.0132
e3f78a21-8869-44b9-9aaa-3558af812043	6	20674250	21553502	578	0.4774
e3f78a21-8869-44b9-9aaa-3558af812043	6	21557362	22155433	431	0.2987
e3f78a21-8869-44b9-9aaa-3558af812043	6	22160366	27367737	3490	0.1845
e3f78a21-8869-44b9-9aaa-3558af812043	6	27376035	27673941	122	0.3448
e3f78a21-8869-44b9-9aaa-3558af812043	6	27674179	28227731	313	0.1868
e3f78a21-8869-44b9-9aaa-3558af812043	6	28230660	28422453	129	0.3104
e3f78a21-8869-44b9-9aaa-3558af812043	6	28422622	29869411	618	0.4597
e3f78a21-8869-44b9-9aaa-3558af812043	6	29869537	29906865	20	-0.6572
e3f78a21-8869-44b9-9aaa-3558af812043	6	29906932	29992582	51	0.4603
e3f78a21-8869-44b9-9aaa-3558af812043	6	29993596	29993660	2	-0.7345
e3f78a21-8869-44b9-9aaa-3558af812043	6	29993662	31090563	449	0.4519
e3f78a21-8869-44b9-9aaa-3558af812043	6	31094586	31161930	50	0.2569
e3f78a21-8869-44b9-9aaa-3558af812043	6	31162242	31318528	104	0.0173
e3f78a21-8869-44b9-9aaa-3558af812043	6	31318754	31327629	5	-2.0737
e3f78a21-8869-44b9-9aaa-3558af812043	6	31328176	32463328	498	-0.0466
e3f78a21-8869-44b9-9aaa-3558af812043	6	32463370	32682835	68	-0.5062
e3f78a21-8869-44b9-9aaa-3558af812043	6	32686863	32718419	35	0.0376
e3f78a21-8869-44b9-9aaa-3558af812043	6	32720838	32723053	11	0.6349
e3f78a21-8869-44b9-9aaa-3558af812043	6	32732907	42292962	6244	0.0029
e3f78a21-8869-44b9-9aaa-3558af812043	6	42299485	42299740	3	-1.3853
e3f78a21-8869-44b9-9aaa-3558af812043	6	42300130	44543043	1197	0.0061
e3f78a21-8869-44b9-9aaa-3558af812043	6	44545604	44547214	5	-1.0277
e3f78a21-8869-44b9-9aaa-3558af812043	6	44549930	54799790	6699	0.0169
e3f78a21-8869-44b9-9aaa-3558af812043	6	54800460	56776454	1218	0.1689
e3f78a21-8869-44b9-9aaa-3558af812043	6	56779707	57274935	234	0.2846
e3f78a21-8869-44b9-9aaa-3558af812043	6	57276595	60368538	292	0.484
e3f78a21-8869-44b9-9aaa-3558af812043	6	60372586	60927149	158	-0.1885
e3f78a21-8869-44b9-9aaa-3558af812043	6	60927686	63074629	1036	-0.0029
e3f78a21-8869-44b9-9aaa-3558af812043	6	63080202	63554967	251	0.1466
e3f78a21-8869-44b9-9aaa-3558af812043	6	63560885	63917116	168	-0.1888
e3f78a21-8869-44b9-9aaa-3558af812043	6	63920556	63968055	25	0.6994
e3f78a21-8869-44b9-9aaa-3558af812043	6	63971964	63975982	7	-0.0146
e3f78a21-8869-44b9-9aaa-3558af812043	6	63976610	65818136	1162	-0.1913
e3f78a21-8869-44b9-9aaa-3558af812043	6	65819306	66745001	672	0.6514
e3f78a21-8869-44b9-9aaa-3558af812043	6	66751767	67575201	638	-0.1811
e3f78a21-8869-44b9-9aaa-3558af812043	6	67582495	67997844	266	0.1087
e3f78a21-8869-44b9-9aaa-3558af812043	6	67998197	68635591	395	0.4043
e3f78a21-8869-44b9-9aaa-3558af812043	6	68637111	71352172	1734	-0.1855
e3f78a21-8869-44b9-9aaa-3558af812043	6	71352254	71354621	2	-1.7653
e3f78a21-8869-44b9-9aaa-3558af812043	6	71359678	73882509	1646	-0.1865
e3f78a21-8869-44b9-9aaa-3558af812043	6	73882741	73891694	9	0.4704
e3f78a21-8869-44b9-9aaa-3558af812043	6	73893839	73997661	71	-0.1558
e3f78a21-8869-44b9-9aaa-3558af812043	6	73999993	74007305	3	1.2965
e3f78a21-8869-44b9-9aaa-3558af812043	6	74009077	76307352	1404	-0.1738
e3f78a21-8869-44b9-9aaa-3558af812043	6	76307360	76314644	10	-1.133
e3f78a21-8869-44b9-9aaa-3558af812043	6	76314659	76317890	16	-0.6973
e3f78a21-8869-44b9-9aaa-3558af812043	6	76318064	78253172	1264	-0.1957
e3f78a21-8869-44b9-9aaa-3558af812043	6	78259348	78329517	113	0.1818
e3f78a21-8869-44b9-9aaa-3558af812043	6	78331916	103286954	15479	-0.1868
e3f78a21-8869-44b9-9aaa-3558af812043	6	103290101	103314186	45	0.6111
e3f78a21-8869-44b9-9aaa-3558af812043	6	103317795	106596939	2129	-0.1867
e3f78a21-8869-44b9-9aaa-3558af812043	6	106597284	106600737	4	-1.6177
e3f78a21-8869-44b9-9aaa-3558af812043	6	106602004	125861617	11751	-0.1808
e3f78a21-8869-44b9-9aaa-3558af812043	6	125862546	125865048	2	-2.9269
e3f78a21-8869-44b9-9aaa-3558af812043	6	125865630	153636235	18358	-0.1819
e3f78a21-8869-44b9-9aaa-3558af812043	6	153639651	153640284	2	-3.9556
e3f78a21-8869-44b9-9aaa-3558af812043	6	153640764	170741917	11912	-0.196
e3f78a21-8869-44b9-9aaa-3558af812043	7	43355	100915	53	-0.0998
e3f78a21-8869-44b9-9aaa-3558af812043	7	102355	120378	22	-0.4485
e3f78a21-8869-44b9-9aaa-3558af812043	7	120429	672565	66	0.172
e3f78a21-8869-44b9-9aaa-3558af812043	7	687759	1388186	263	0.3221
e3f78a21-8869-44b9-9aaa-3558af812043	7	1388840	2775001	550	0.1755
e3f78a21-8869-44b9-9aaa-3558af812043	7	2775100	3349458	469	0.3629
e3f78a21-8869-44b9-9aaa-3558af812043	7	3355447	3355694	5	-0.7691
e3f78a21-8869-44b9-9aaa-3558af812043	7	3359128	4615958	1074	0.3397
e3f78a21-8869-44b9-9aaa-3558af812043	7	4616582	15728708	8146	0.1835
e3f78a21-8869-44b9-9aaa-3558af812043	7	15730453	19000121	2640	0.0153
e3f78a21-8869-44b9-9aaa-3558af812043	7	19000201	19000218	2	-1.401
e3f78a21-8869-44b9-9aaa-3558af812043	7	19000233	51954281	23429	0.013
e3f78a21-8869-44b9-9aaa-3558af812043	7	51954302	52326154	295	0.4851
e3f78a21-8869-44b9-9aaa-3558af812043	7	52326387	52921622	460	0.2852
e3f78a21-8869-44b9-9aaa-3558af812043	7	52921859	54217840	943	0.4006
e3f78a21-8869-44b9-9aaa-3558af812043	7	54217879	54238273	6	0.1509
e3f78a21-8869-44b9-9aaa-3558af812043	7	54238511	54318812	61	0.5377
e3f78a21-8869-44b9-9aaa-3558af812043	7	54318816	54318824	5	1.3099
e3f78a21-8869-44b9-9aaa-3558af812043	7	54325795	55479037	1008	0.5464
e3f78a21-8869-44b9-9aaa-3558af812043	7	55480769	67164253	2724	0.178
e3f78a21-8869-44b9-9aaa-3558af812043	7	67164342	67180245	8	-1.7828
e3f78a21-8869-44b9-9aaa-3558af812043	7	67182652	67233947	15	-0.4325
e3f78a21-8869-44b9-9aaa-3558af812043	7	67234797	95856043	16871	0.1864
e3f78a21-8869-44b9-9aaa-3558af812043	7	95858746	95859185	2	-1.1915
e3f78a21-8869-44b9-9aaa-3558af812043	7	95860200	109801155	7840	0.1769
e3f78a21-8869-44b9-9aaa-3558af812043	7	109801187	109814172	13	1.0829
e3f78a21-8869-44b9-9aaa-3558af812043	7	109814214	110155658	204	0.2107
e3f78a21-8869-44b9-9aaa-3558af812043	7	110158535	110159025	7	-0.6151
e3f78a21-8869-44b9-9aaa-3558af812043	7	110159142	111587709	961	0.1951
e3f78a21-8869-44b9-9aaa-3558af812043	7	111588937	112536822	636	0.3275
e3f78a21-8869-44b9-9aaa-3558af812043	7	112537627	120366015	4478	0.1881
e3f78a21-8869-44b9-9aaa-3558af812043	7	120367027	126032791	3488	0.3094
e3f78a21-8869-44b9-9aaa-3558af812043	7	126033182	126404869	255	0.165
e3f78a21-8869-44b9-9aaa-3558af812043	7	126404920	126406561	13	1.5053
e3f78a21-8869-44b9-9aaa-3558af812043	7	126406822	159324925	20816	0.1744
e3f78a21-8869-44b9-9aaa-3558af812043	7	159324952	159334314	13	-1.0571
e3f78a21-8869-44b9-9aaa-3558af812043	8	81254	645220	324	-0.5117
e3f78a21-8869-44b9-9aaa-3558af812043	8	645443	645875	5	0.9298
e3f78a21-8869-44b9-9aaa-3558af812043	8	645892	645908	2	3.6321
e3f78a21-8869-44b9-9aaa-3558af812043	8	656117	2844412	1705	-0.4481
e3f78a21-8869-44b9-9aaa-3558af812043	8	2846011	2846377	7	-2.6218
e3f78a21-8869-44b9-9aaa-3558af812043	8	2849649	8528287	6038	-0.4334
e3f78a21-8869-44b9-9aaa-3558af812043	8	8528640	8528932	4	-2.6284
e3f78a21-8869-44b9-9aaa-3558af812043	8	8530797	12025748	2921	-0.431
e3f78a21-8869-44b9-9aaa-3558af812043	8	12035719	12389977	40	-0.9485
e3f78a21-8869-44b9-9aaa-3558af812043	8	12418301	19107127	5999	-0.4072
e3f78a21-8869-44b9-9aaa-3558af812043	8	19108963	25116928	4422	-0.1788
e3f78a21-8869-44b9-9aaa-3558af812043	8	25116961	25126818	26	0.2907
e3f78a21-8869-44b9-9aaa-3558af812043	8	25133589	29254789	3012	-0.1802
e3f78a21-8869-44b9-9aaa-3558af812043	8	29256479	29672992	295	0.52
e3f78a21-8869-44b9-9aaa-3558af812043	8	29674281	30128167	279	0.3599
e3f78a21-8869-44b9-9aaa-3558af812043	8	30130219	31912772	1073	-0.1944
e3f78a21-8869-44b9-9aaa-3558af812043	8	31913064	31929087	12	0.5293
e3f78a21-8869-44b9-9aaa-3558af812043	8	31931538	32821348	761	0.0446
e3f78a21-8869-44b9-9aaa-3558af812043	8	32825580	32830895	7	0.8799
e3f78a21-8869-44b9-9aaa-3558af812043	8	32834588	34601293	999	0.0038
e3f78a21-8869-44b9-9aaa-3558af812043	8	34601651	39372664	2577	-0.1826
e3f78a21-8869-44b9-9aaa-3558af812043	8	39372806	39373140	2	-0.5213
e3f78a21-8869-44b9-9aaa-3558af812043	8	39378084	39529446	59	-3.5081
e3f78a21-8869-44b9-9aaa-3558af812043	8	39530780	40326280	591	-0.198
e3f78a21-8869-44b9-9aaa-3558af812043	8	40326286	40331992	32	-1.0934
e3f78a21-8869-44b9-9aaa-3558af812043	8	40335391	40551019	193	-0.164
e3f78a21-8869-44b9-9aaa-3558af812043	8	40554148	41432044	570	-0.0058
e3f78a21-8869-44b9-9aaa-3558af812043	8	41436888	46613954	1382	0.1928
e3f78a21-8869-44b9-9aaa-3558af812043	8	46615926	46623011	7	0.7939
e3f78a21-8869-44b9-9aaa-3558af812043	8	46623644	50118212	1807	0.1994
e3f78a21-8869-44b9-9aaa-3558af812043	8	50119451	50120863	9	-0.4527
e3f78a21-8869-44b9-9aaa-3558af812043	8	50126018	71300130	13312	0.1994
e3f78a21-8869-44b9-9aaa-3558af812043	8	71303076	71304364	8	-0.489
e3f78a21-8869-44b9-9aaa-3558af812043	8	71307628	85585221	8636	0.1988
e3f78a21-8869-44b9-9aaa-3558af812043	8	85588038	85599933	9	0.7834
e3f78a21-8869-44b9-9aaa-3558af812043	8	85601185	91862787	3532	0.1988
e3f78a21-8869-44b9-9aaa-3558af812043	8	91862960	91863236	3	-0.6281
e3f78a21-8869-44b9-9aaa-3558af812043	8	91865820	94545324	1654	0.194
e3f78a21-8869-44b9-9aaa-3558af812043	8	94545374	94545764	6	1.0754
e3f78a21-8869-44b9-9aaa-3558af812043	8	94545887	111282050	10268	0.1974
e3f78a21-8869-44b9-9aaa-3558af812043	8	111282065	111283031	9	1.0995
e3f78a21-8869-44b9-9aaa-3558af812043	8	111288052	114619207	1821	0.1919
e3f78a21-8869-44b9-9aaa-3558af812043	8	114619814	114629502	36	-0.6846
e3f78a21-8869-44b9-9aaa-3558af812043	8	114638468	119139771	3112	0.1884
e3f78a21-8869-44b9-9aaa-3558af812043	8	119142545	119147207	4	-0.787
e3f78a21-8869-44b9-9aaa-3558af812043	8	119150615	140994738	16157	0.1912
e3f78a21-8869-44b9-9aaa-3558af812043	8	140994790	142481679	866	0.1124
e3f78a21-8869-44b9-9aaa-3558af812043	8	142485368	143616763	414	0.1826
e3f78a21-8869-44b9-9aaa-3558af812043	8	143616987	143624851	9	-0.4302
e3f78a21-8869-44b9-9aaa-3558af812043	8	143625638	145072769	504	0.1576
e3f78a21-8869-44b9-9aaa-3558af812043	9	46587	23361807	20418	-0.4186
e3f78a21-8869-44b9-9aaa-3558af812043	9	23363117	23373486	8	-1.6388
e3f78a21-8869-44b9-9aaa-3558af812043	9	23378490	28175818	3653	-0.4159
e3f78a21-8869-44b9-9aaa-3558af812043	9	28176870	39105783	7052	-0.0015
e3f78a21-8869-44b9-9aaa-3558af812043	9	39110889	41569588	127	-0.1674
e3f78a21-8869-44b9-9aaa-3558af812043	9	41569590	42697878	64	0.2523
e3f78a21-8869-44b9-9aaa-3558af812043	9	42698168	63580418	121	-0.1182
e3f78a21-8869-44b9-9aaa-3558af812043	9	63590317	63592813	7	1.8118
e3f78a21-8869-44b9-9aaa-3558af812043	9	63614182	63763088	44	0.0504
e3f78a21-8869-44b9-9aaa-3558af812043	9	64462508	67915741	77	-0.2518
e3f78a21-8869-44b9-9aaa-3558af812043	9	68318441	69097071	633	-0.4248
e3f78a21-8869-44b9-9aaa-3558af812043	9	69097308	78461466	6720	-0.1778
e3f78a21-8869-44b9-9aaa-3558af812043	9	78461732	80622311	1616	-0.4221
e3f78a21-8869-44b9-9aaa-3558af812043	9	80623332	86403218	3983	-0.1816
e3f78a21-8869-44b9-9aaa-3558af812043	9	86406098	87456937	835	-0.4348
e3f78a21-8869-44b9-9aaa-3558af812043	9	87463367	90825303	2430	-0.188
e3f78a21-8869-44b9-9aaa-3558af812043	9	90826274	90923175	120	-0.3362
e3f78a21-8869-44b9-9aaa-3558af812043	9	90923447	117098238	18756	-0.1789
e3f78a21-8869-44b9-9aaa-3558af812043	9	117098528	118100634	868	-0.4449
e3f78a21-8869-44b9-9aaa-3558af812043	9	118100829	121752832	2697	-0.1872
e3f78a21-8869-44b9-9aaa-3558af812043	9	121754311	126474556	2939	-0.117
e3f78a21-8869-44b9-9aaa-3558af812043	9	126478305	135319522	5216	-0.186
e3f78a21-8869-44b9-9aaa-3558af812043	9	135322259	135323776	2	-2.333
e3f78a21-8869-44b9-9aaa-3558af812043	9	135324566	137482216	739	-0.2386
e3f78a21-8869-44b9-9aaa-3558af812043	9	137488184	138177075	364	-0.0161
e3f78a21-8869-44b9-9aaa-3558af812043	9	138177488	138200944	6	0.4571
e3f78a21-8869-44b9-9aaa-3558af812043	10	45792	4248622	3577	-0.0289
e3f78a21-8869-44b9-9aaa-3558af812043	10	4248646	4248732	2	-1.6462
e3f78a21-8869-44b9-9aaa-3558af812043	10	4248824	6369109	1819	-0.0148
e3f78a21-8869-44b9-9aaa-3558af812043	10	6369253	6369519	6	0.9016
e3f78a21-8869-44b9-9aaa-3558af812043	10	6376792	24088745	13792	-0.0201
e3f78a21-8869-44b9-9aaa-3558af812043	10	24088746	24089979	11	-0.765
e3f78a21-8869-44b9-9aaa-3558af812043	10	24090022	38781690	9853	-0.0099
e3f78a21-8869-44b9-9aaa-3558af812043	10	38783075	41806669	24	0.3271
e3f78a21-8869-44b9-9aaa-3558af812043	10	42118988	46215430	2435	-0.0142
e3f78a21-8869-44b9-9aaa-3558af812043	10	46215762	47016654	217	-0.2169
e3f78a21-8869-44b9-9aaa-3558af812043	10	47024340	47559596	282	-0.0367
e3f78a21-8869-44b9-9aaa-3558af812043	10	47622159	48154966	19	0.4345
e3f78a21-8869-44b9-9aaa-3558af812043	10	48173568	50132160	1376	-0.0384
e3f78a21-8869-44b9-9aaa-3558af812043	10	50144008	50150838	2	-1.4096
e3f78a21-8869-44b9-9aaa-3558af812043	10	50178219	50981494	514	-0.0499
e3f78a21-8869-44b9-9aaa-3558af812043	10	50992404	54915493	3123	0.1403
e3f78a21-8869-44b9-9aaa-3558af812043	10	54918981	57120938	1534	0.016
e3f78a21-8869-44b9-9aaa-3558af812043	10	57122072	57142523	15	-0.4274
e3f78a21-8869-44b9-9aaa-3558af812043	10	57144223	62668369	3968	-0.0016
e3f78a21-8869-44b9-9aaa-3558af812043	10	62668488	62670695	5	-1.3073
e3f78a21-8869-44b9-9aaa-3558af812043	10	62671446	76493093	8660	-0.0093
e3f78a21-8869-44b9-9aaa-3558af812043	10	76497303	76497852	2	-1.5133
e3f78a21-8869-44b9-9aaa-3558af812043	10	76501509	78797290	1888	0.0019
e3f78a21-8869-44b9-9aaa-3558af812043	10	78800798	78810185	17	0.4498
e3f78a21-8869-44b9-9aaa-3558af812043	10	78813912	86038388	5121	-0.2117
e3f78a21-8869-44b9-9aaa-3558af812043	10	86038745	100765982	9311	-0.007
e3f78a21-8869-44b9-9aaa-3558af812043	10	100768722	100911560	99	-0.2475
e3f78a21-8869-44b9-9aaa-3558af812043	10	100913535	122584593	15100	-0.0051
e3f78a21-8869-44b9-9aaa-3558af812043	10	122584707	122598210	7	0.6676
e3f78a21-8869-44b9-9aaa-3558af812043	10	122623497	130489571	5921	-0.001
e3f78a21-8869-44b9-9aaa-3558af812043	10	130491942	133654968	1974	-0.0673
e3f78a21-8869-44b9-9aaa-3558af812043	11	198510	4949013	2419	-0.0058
e3f78a21-8869-44b9-9aaa-3558af812043	11	4949047	4955042	28	0.8268
e3f78a21-8869-44b9-9aaa-3558af812043	11	4955781	18928121	10232	0.0117
e3f78a21-8869-44b9-9aaa-3558af812043	11	18928175	18931064	14	-0.4124
e3f78a21-8869-44b9-9aaa-3558af812043	11	18931264	22447934	3008	0.0064
e3f78a21-8869-44b9-9aaa-3558af812043	11	22450055	22451212	4	-1.3923
e3f78a21-8869-44b9-9aaa-3558af812043	11	22451596	42937561	14320	0.0103
e3f78a21-8869-44b9-9aaa-3558af812043	11	42940281	42949618	7	1.0807
e3f78a21-8869-44b9-9aaa-3558af812043	11	42955081	48576870	3277	0.0005
e3f78a21-8869-44b9-9aaa-3558af812043	11	48579882	48581124	2	-2.4129
e3f78a21-8869-44b9-9aaa-3558af812043	11	48584766	49737435	449	0.0333
e3f78a21-8869-44b9-9aaa-3558af812043	11	49738003	49739136	6	-1.2392
e3f78a21-8869-44b9-9aaa-3558af812043	11	49744609	55272326	532	0.0343
e3f78a21-8869-44b9-9aaa-3558af812043	11	55278379	74313212	9791	0.1678
e3f78a21-8869-44b9-9aaa-3558af812043	11	74314244	74315183	2	-1.0944
e3f78a21-8869-44b9-9aaa-3558af812043	11	74318485	78203447	2149	0.1747
e3f78a21-8869-44b9-9aaa-3558af812043	11	78205899	78211053	3	-0.4953
e3f78a21-8869-44b9-9aaa-3558af812043	11	78216990	78368456	84	0.2271
e3f78a21-8869-44b9-9aaa-3558af812043	11	78369486	80256460	1481	0.433
e3f78a21-8869-44b9-9aaa-3558af812043	11	80256469	80256520	3	1.3273
e3f78a21-8869-44b9-9aaa-3558af812043	11	80256642	80299447	58	0.5562
e3f78a21-8869-44b9-9aaa-3558af812043	11	80300507	81264327	770	0.4419
e3f78a21-8869-44b9-9aaa-3558af812043	11	81264467	81277588	16	0.6091
e3f78a21-8869-44b9-9aaa-3558af812043	11	81277603	81284576	17	0.1352
e3f78a21-8869-44b9-9aaa-3558af812043	11	81285459	81787763	447	0.4675
e3f78a21-8869-44b9-9aaa-3558af812043	11	81792426	81806116	11	-0.1831
e3f78a21-8869-44b9-9aaa-3558af812043	11	81811590	90979822	5948	0.4405
e3f78a21-8869-44b9-9aaa-3558af812043	11	90983172	99968957	6578	0.3266
e3f78a21-8869-44b9-9aaa-3558af812043	11	99972614	99972870	3	-0.8133
e3f78a21-8869-44b9-9aaa-3558af812043	11	99974970	135074876	25184	0.3244
e3f78a21-8869-44b9-9aaa-3558af812043	12	51460	1016439	598	0.3837
e3f78a21-8869-44b9-9aaa-3558af812043	12	1019780	1075922	22	0.7546
e3f78a21-8869-44b9-9aaa-3558af812043	12	1076341	3966689	2025	0.3877
e3f78a21-8869-44b9-9aaa-3558af812043	12	3969298	3970393	2	-1.3628
e3f78a21-8869-44b9-9aaa-3558af812043	12	3977360	4332740	325	0.3939
e3f78a21-8869-44b9-9aaa-3558af812043	12	4335576	4345975	3	-0.944
e3f78a21-8869-44b9-9aaa-3558af812043	12	4346530	8289689	2585	0.39
e3f78a21-8869-44b9-9aaa-3558af812043	12	8296516	8296621	2	1.6971
e3f78a21-8869-44b9-9aaa-3558af812043	12	8300870	8404097	35	0.2744
e3f78a21-8869-44b9-9aaa-3558af812043	12	8405892	8406040	2	1.9262
e3f78a21-8869-44b9-9aaa-3558af812043	12	8406196	8406526	4	0.7525
e3f78a21-8869-44b9-9aaa-3558af812043	12	8406920	8432076	12	-0.1321
e3f78a21-8869-44b9-9aaa-3558af812043	12	8442298	9477960	558	0.4047
e3f78a21-8869-44b9-9aaa-3558af812043	12	9481274	9575696	24	1.3755
e3f78a21-8869-44b9-9aaa-3558af812043	12	9582373	11068125	1038	0.3984
e3f78a21-8869-44b9-9aaa-3558af812043	12	11070111	11088933	9	-1.7015
e3f78a21-8869-44b9-9aaa-3558af812043	12	11099275	19850871	5963	0.3991
e3f78a21-8869-44b9-9aaa-3558af812043	12	19854988	22095740	1479	0.2689
e3f78a21-8869-44b9-9aaa-3558af812043	12	22095754	22096185	7	-0.4649
e3f78a21-8869-44b9-9aaa-3558af812043	12	22096195	31961520	7240	0.264
e3f78a21-8869-44b9-9aaa-3558af812043	12	31961593	33141577	849	0.5443
e3f78a21-8869-44b9-9aaa-3558af812043	12	33141611	33154440	32	0.0266
e3f78a21-8869-44b9-9aaa-3558af812043	12	33155426	33227031	43	0.5977
e3f78a21-8869-44b9-9aaa-3558af812043	12	33232895	33242483	7	-0.1908
e3f78a21-8869-44b9-9aaa-3558af812043	12	33246118	33942975	458	0.5439
e3f78a21-8869-44b9-9aaa-3558af812043	12	33945706	33948051	3	-0.9437
e3f78a21-8869-44b9-9aaa-3558af812043	12	33957686	34650111	273	0.4145
e3f78a21-8869-44b9-9aaa-3558af812043	12	34682719	45506042	4802	-0.0454
e3f78a21-8869-44b9-9aaa-3558af812043	12	45510655	45515754	4	-1.6864
e3f78a21-8869-44b9-9aaa-3558af812043	12	45519509	48513377	1825	-0.0426
e3f78a21-8869-44b9-9aaa-3558af812043	12	48516156	48517434	2	-1.447
e3f78a21-8869-44b9-9aaa-3558af812043	12	48523224	53837753	2959	-0.051
e3f78a21-8869-44b9-9aaa-3558af812043	12	53841732	55816192	1154	0.2847
e3f78a21-8869-44b9-9aaa-3558af812043	12	55824118	56103068	122	0.6461
e3f78a21-8869-44b9-9aaa-3558af812043	12	56103082	56150350	27	0.2418
e3f78a21-8869-44b9-9aaa-3558af812043	12	56150365	56953832	407	0.5191
e3f78a21-8869-44b9-9aaa-3558af812043	12	56954102	57033664	34	0.7805
e3f78a21-8869-44b9-9aaa-3558af812043	12	57035403	57140687	48	0.5224
e3f78a21-8869-44b9-9aaa-3558af812043	12	57141483	57191990	19	0.9353
e3f78a21-8869-44b9-9aaa-3558af812043	12	57192285	57422139	83	1.337
e3f78a21-8869-44b9-9aaa-3558af812043	12	57424202	57429409	4	0.4686
e3f78a21-8869-44b9-9aaa-3558af812043	12	57433259	57686357	118	1.325
e3f78a21-8869-44b9-9aaa-3558af812043	12	57689156	58327448	396	1.484
e3f78a21-8869-44b9-9aaa-3558af812043	12	58336368	58336379	2	-0.1505
e3f78a21-8869-44b9-9aaa-3558af812043	12	58337065	58345910	34	1.4581
e3f78a21-8869-44b9-9aaa-3558af812043	12	58346231	58346609	4	2.038
e3f78a21-8869-44b9-9aaa-3558af812043	12	58346952	58552065	184	1.2801
e3f78a21-8869-44b9-9aaa-3558af812043	12	58552550	58762103	159	0.8744
e3f78a21-8869-44b9-9aaa-3558af812043	12	58763996	58773794	10	0.4006
e3f78a21-8869-44b9-9aaa-3558af812043	12	58777428	58822389	26	0.6064
e3f78a21-8869-44b9-9aaa-3558af812043	12	58822475	59031573	174	0.3014
e3f78a21-8869-44b9-9aaa-3558af812043	12	59035127	59423676	255	-0.0551
e3f78a21-8869-44b9-9aaa-3558af812043	12	59424249	60101067	415	0.6735
e3f78a21-8869-44b9-9aaa-3558af812043	12	60110401	65149000	3039	-0.0447
e3f78a21-8869-44b9-9aaa-3558af812043	12	65152565	65878952	404	0.1439
e3f78a21-8869-44b9-9aaa-3558af812043	12	65884904	70478078	3270	-0.0317
e3f78a21-8869-44b9-9aaa-3558af812043	12	70478895	70484247	9	-0.6608
e3f78a21-8869-44b9-9aaa-3558af812043	12	70485605	72806577	1494	-0.0511
e3f78a21-8869-44b9-9aaa-3558af812043	12	72807819	72812551	2	-1.9847
e3f78a21-8869-44b9-9aaa-3558af812043	12	72812626	78624611	3791	-0.0376
e3f78a21-8869-44b9-9aaa-3558af812043	12	78627226	78631283	5	-1.4877
e3f78a21-8869-44b9-9aaa-3558af812043	12	78636188	130663412	34619	-0.0496
e3f78a21-8869-44b9-9aaa-3558af812043	12	130663661	130665484	16	-1.1471
e3f78a21-8869-44b9-9aaa-3558af812043	12	130665614	133201603	1340	-0.0781
e3f78a21-8869-44b9-9aaa-3558af812043	13	18452809	18713520	52	-0.2308
e3f78a21-8869-44b9-9aaa-3558af812043	13	18718335	21968919	1971	-0.0244
e3f78a21-8869-44b9-9aaa-3558af812043	13	21973739	33530739	8734	-0.2055
e3f78a21-8869-44b9-9aaa-3558af812043	13	33534356	66760914	21047	-0.2456
e3f78a21-8869-44b9-9aaa-3558af812043	13	66762673	66765182	6	-1.5986
e3f78a21-8869-44b9-9aaa-3558af812043	13	66769134	114342922	32329	-0.2471
e3f78a21-8869-44b9-9aaa-3558af812043	14	18239283	20015714	206	0.1681
e3f78a21-8869-44b9-9aaa-3558af812043	14	20015932	20019037	3	1.3102
e3f78a21-8869-44b9-9aaa-3558af812043	14	20022453	20585098	436	0.1726
e3f78a21-8869-44b9-9aaa-3558af812043	14	20585242	20585832	2	-0.7982
e3f78a21-8869-44b9-9aaa-3558af812043	14	20586318	20888988	233	0.1476
e3f78a21-8869-44b9-9aaa-3558af812043	14	20893877	20952929	24	-0.5491
e3f78a21-8869-44b9-9aaa-3558af812043	14	20956559	73529070	33332	0.156
e3f78a21-8869-44b9-9aaa-3558af812043	14	73534419	73550834	8	-1.9537
e3f78a21-8869-44b9-9aaa-3558af812043	14	73554275	85985567	8270	0.1546
e3f78a21-8869-44b9-9aaa-3558af812043	14	85994282	86022097	37	-0.6223
e3f78a21-8869-44b9-9aaa-3558af812043	14	86023867	88094954	1347	0.1539
e3f78a21-8869-44b9-9aaa-3558af812043	14	88101573	88108760	4	-0.981
e3f78a21-8869-44b9-9aaa-3558af812043	14	88109798	99954659	8452	0.1534
e3f78a21-8869-44b9-9aaa-3558af812043	14	99962082	99962879	2	-1.0866
e3f78a21-8869-44b9-9aaa-3558af812043	14	99965119	106403147	2801	0.1506
e3f78a21-8869-44b9-9aaa-3558af812043	14	106407604	106418444	7	-1.1442
e3f78a21-8869-44b9-9aaa-3558af812043	14	106423925	106877229	243	0.1633
e3f78a21-8869-44b9-9aaa-3558af812043	15	19811075	20670989	151	-0.0085
e3f78a21-8869-44b9-9aaa-3558af812043	15	20981071	21018354	7	-0.8137
e3f78a21-8869-44b9-9aaa-3558af812043	15	21053458	21417107	17	-0.0688
e3f78a21-8869-44b9-9aaa-3558af812043	15	21975606	22003073	4	1.1932
e3f78a21-8869-44b9-9aaa-3558af812043	15	22005276	22385639	28	0.2766
e3f78a21-8869-44b9-9aaa-3558af812043	15	22395047	24311527	951	-0.102
e3f78a21-8869-44b9-9aaa-3558af812043	15	24311894	24320929	3	-1.1936
e3f78a21-8869-44b9-9aaa-3558af812043	15	24326202	25226010	567	-0.0526
e3f78a21-8869-44b9-9aaa-3558af812043	15	25227754	25230670	3	-1.0205
e3f78a21-8869-44b9-9aaa-3558af812043	15	25234008	26521524	997	-0.0229
e3f78a21-8869-44b9-9aaa-3558af812043	15	26521599	27673477	845	-0.1144
e3f78a21-8869-44b9-9aaa-3558af812043	15	27674351	27682660	13	-1.1698
e3f78a21-8869-44b9-9aaa-3558af812043	15	27683648	33530404	3160	-0.1295
e3f78a21-8869-44b9-9aaa-3558af812043	15	33533213	34431231	685	-0.1636
e3f78a21-8869-44b9-9aaa-3558af812043	15	34431375	34434988	3	-0.8803
e3f78a21-8869-44b9-9aaa-3558af812043	15	34435421	34447720	9	-0.0129
e3f78a21-8869-44b9-9aaa-3558af812043	15	34453518	34454261	3	-1.6988
e3f78a21-8869-44b9-9aaa-3558af812043	15	34455142	56497331	13691	-0.182
e3f78a21-8869-44b9-9aaa-3558af812043	15	56497449	56508779	26	-0.9461
e3f78a21-8869-44b9-9aaa-3558af812043	15	56509425	71375388	10022	-0.177
e3f78a21-8869-44b9-9aaa-3558af812043	15	71375801	71376173	3	-1.1674
e3f78a21-8869-44b9-9aaa-3558af812043	15	71376776	76042215	2403	-0.1766
e3f78a21-8869-44b9-9aaa-3558af812043	15	76048529	76052548	3	-1.2481
e3f78a21-8869-44b9-9aaa-3558af812043	15	76056133	76577588	311	-0.195
e3f78a21-8869-44b9-9aaa-3558af812043	15	76586021	76603433	22	0.4415
e3f78a21-8869-44b9-9aaa-3558af812043	15	76603434	101880399	17595	-0.188
e3f78a21-8869-44b9-9aaa-3558af812043	15	101880604	101928837	11	0.11
e3f78a21-8869-44b9-9aaa-3558af812043	16	10777	36671	7	-0.1942
e3f78a21-8869-44b9-9aaa-3558af812043	16	37800	8595909	6198	0.2824
e3f78a21-8869-44b9-9aaa-3558af812043	16	8597420	22862688	8773	0.1518
e3f78a21-8869-44b9-9aaa-3558af812043	16	22863204	26870712	2834	0.2809
e3f78a21-8869-44b9-9aaa-3558af812043	16	26871736	28620700	1086	0.1515
e3f78a21-8869-44b9-9aaa-3558af812043	16	28637882	28813550	8	-0.331
e3f78a21-8869-44b9-9aaa-3558af812043	16	28814284	29268429	148	0.1668
e3f78a21-8869-44b9-9aaa-3558af812043	16	29269203	29272383	5	-1.1809
e3f78a21-8869-44b9-9aaa-3558af812043	16	29276882	29324414	19	0.2321
e3f78a21-8869-44b9-9aaa-3558af812043	16	29326337	29327206	2	-1.0518
e3f78a21-8869-44b9-9aaa-3558af812043	16	29331280	33973618	956	0.1456
e3f78a21-8869-44b9-9aaa-3558af812043	16	33992188	34209701	31	0.3156
e3f78a21-8869-44b9-9aaa-3558af812043	16	35080991	53435475	4845	-0.0056
e3f78a21-8869-44b9-9aaa-3558af812043	16	53435551	53435895	2	1.4902
e3f78a21-8869-44b9-9aaa-3558af812043	16	53436017	55762682	2025	-0.0026
e3f78a21-8869-44b9-9aaa-3558af812043	16	55764310	55770436	4	-1.0313
e3f78a21-8869-44b9-9aaa-3558af812043	16	55771496	70117657	8768	-0.0025
e3f78a21-8869-44b9-9aaa-3558af812043	16	70118419	70164453	13	-0.5477
e3f78a21-8869-44b9-9aaa-3558af812043	16	70164493	74350360	2299	0.0116
e3f78a21-8869-44b9-9aaa-3558af812043	16	74363160	74418138	8	-0.9151
e3f78a21-8869-44b9-9aaa-3558af812043	16	74422703	78337711	3207	-0.0012
e3f78a21-8869-44b9-9aaa-3558af812043	16	78338543	78350841	16	0.8152
e3f78a21-8869-44b9-9aaa-3558af812043	16	78350868	83855218	6234	-0.0033
e3f78a21-8869-44b9-9aaa-3558af812043	16	83856075	83858164	4	-1.3836
e3f78a21-8869-44b9-9aaa-3558af812043	16	83858313	90096867	4383	-0.0215
e3f78a21-8869-44b9-9aaa-3558af812043	17	150733	16759600	10478	-0.1804
e3f78a21-8869-44b9-9aaa-3558af812043	17	16759737	16815664	6	-1.4381
e3f78a21-8869-44b9-9aaa-3558af812043	17	16815729	17220547	225	-0.1669
e3f78a21-8869-44b9-9aaa-3558af812043	17	17220667	17221339	2	1.7569
e3f78a21-8869-44b9-9aaa-3558af812043	17	17222727	18413879	682	-0.1902
e3f78a21-8869-44b9-9aaa-3558af812043	17	18414080	18509244	18	0.6815
e3f78a21-8869-44b9-9aaa-3558af812043	17	18523147	20082114	663	-0.1809
e3f78a21-8869-44b9-9aaa-3558af812043	17	20085914	20291210	104	0.1879
e3f78a21-8869-44b9-9aaa-3558af812043	17	20291477	27113356	795	0.0016
e3f78a21-8869-44b9-9aaa-3558af812043	17	27117829	46130967	10396	0.1012
e3f78a21-8869-44b9-9aaa-3558af812043	17	46131308	46351954	94	-0.1175
e3f78a21-8869-44b9-9aaa-3558af812043	17	46446345	50123247	1792	0.1117
e3f78a21-8869-44b9-9aaa-3558af812043	17	50124424	50126694	2	1.6756
e3f78a21-8869-44b9-9aaa-3558af812043	17	50130910	71048507	12832	0.1046
e3f78a21-8869-44b9-9aaa-3558af812043	17	71054008	71054429	3	-0.9744
e3f78a21-8869-44b9-9aaa-3558af812043	17	71055018	73201460	1752	0.1014
e3f78a21-8869-44b9-9aaa-3558af812043	17	73210225	73715630	340	-0.2288
e3f78a21-8869-44b9-9aaa-3558af812043	17	73718211	79245925	3108	0.1025
e3f78a21-8869-44b9-9aaa-3558af812043	17	79246197	79246968	4	-0.9185
e3f78a21-8869-44b9-9aaa-3558af812043	17	79246981	81155301	1023	0.1059
e3f78a21-8869-44b9-9aaa-3558af812043	17	81158113	81161357	2	-1.1668
e3f78a21-8869-44b9-9aaa-3558af812043	17	81168461	81282198	50	0.1034
e3f78a21-8869-44b9-9aaa-3558af812043	17	81282420	81288009	3	0.9136
e3f78a21-8869-44b9-9aaa-3558af812043	17	81288651	81377215	27	0.0941
e3f78a21-8869-44b9-9aaa-3558af812043	17	81377990	81479964	29	-0.119
e3f78a21-8869-44b9-9aaa-3558af812043	17	81480682	83071333	598	0.105
e3f78a21-8869-44b9-9aaa-3558af812043	17	83071714	83091923	6	-0.2117
e3f78a21-8869-44b9-9aaa-3558af812043	18	48133	20991561	10423	0.017
e3f78a21-8869-44b9-9aaa-3558af812043	18	20992467	38830310	11214	-0.1797
e3f78a21-8869-44b9-9aaa-3558af812043	18	38836563	38841946	4	-1.3567
e3f78a21-8869-44b9-9aaa-3558af812043	18	38843747	40678741	1149	-0.1826
e3f78a21-8869-44b9-9aaa-3558af812043	18	40678763	40685425	20	-0.62
e3f78a21-8869-44b9-9aaa-3558af812043	18	40688060	42215076	1039	-0.1792
e3f78a21-8869-44b9-9aaa-3558af812043	18	42215177	43241609	681	0.021
e3f78a21-8869-44b9-9aaa-3558af812043	18	43241929	46740489	2284	-0.1927
e3f78a21-8869-44b9-9aaa-3558af812043	18	46742093	46742533	2	-1.9779
e3f78a21-8869-44b9-9aaa-3558af812043	18	46750879	58255059	7898	-0.1861
e3f78a21-8869-44b9-9aaa-3558af812043	18	58262733	58263318	2	-1.6164
e3f78a21-8869-44b9-9aaa-3558af812043	18	58263630	64332114	4421	-0.1875
e3f78a21-8869-44b9-9aaa-3558af812043	18	64335742	64819450	345	0.0332
e3f78a21-8869-44b9-9aaa-3558af812043	18	64825732	80257174	11256	-0.1878
e3f78a21-8869-44b9-9aaa-3558af812043	19	90910	12581187	5039	-0.1854
e3f78a21-8869-44b9-9aaa-3558af812043	19	12586552	12587288	2	-2.5297
e3f78a21-8869-44b9-9aaa-3558af812043	19	12589709	13015157	151	-0.1675
e3f78a21-8869-44b9-9aaa-3558af812043	19	13015958	13033158	4	1.5981
e3f78a21-8869-44b9-9aaa-3558af812043	19	13033434	14804102	772	-0.1875
e3f78a21-8869-44b9-9aaa-3558af812043	19	14804829	14812071	5	-1.4199
e3f78a21-8869-44b9-9aaa-3558af812043	19	14812225	19829788	2580	-0.1858
e3f78a21-8869-44b9-9aaa-3558af812043	19	19833113	19847731	13	0.4055
e3f78a21-8869-44b9-9aaa-3558af812043	19	19850417	20563384	440	-0.1659
e3f78a21-8869-44b9-9aaa-3558af812043	19	20576271	20582324	3	-2.0429
e3f78a21-8869-44b9-9aaa-3558af812043	19	20582718	24245441	2108	-0.1776
e3f78a21-8869-44b9-9aaa-3558af812043	19	24247491	24247735	2	1.5516
e3f78a21-8869-44b9-9aaa-3558af812043	19	24250395	35358420	5586	-0.1821
e3f78a21-8869-44b9-9aaa-3558af812043	19	35364451	35370946	21	-1.1867
e3f78a21-8869-44b9-9aaa-3558af812043	19	35375842	40560555	2630	-0.1782
e3f78a21-8869-44b9-9aaa-3558af812043	19	40563025	40565917	3	1.1323
e3f78a21-8869-44b9-9aaa-3558af812043	19	40571595	54215069	7132	-0.1814
e3f78a21-8869-44b9-9aaa-3558af812043	19	54215083	54249482	20	0.2957
e3f78a21-8869-44b9-9aaa-3558af812043	19	54249619	55761691	741	-0.1823
e3f78a21-8869-44b9-9aaa-3558af812043	19	55766684	55771701	6	1.2855
e3f78a21-8869-44b9-9aaa-3558af812043	19	55774927	57922486	1469	-0.1912
e3f78a21-8869-44b9-9aaa-3558af812043	19	57923382	58436124	320	-0.0218
e3f78a21-8869-44b9-9aaa-3558af812043	19	58437527	58586487	49	-0.1993
e3f78a21-8869-44b9-9aaa-3558af812043	20	80664	82279	16	-0.0292
e3f78a21-8869-44b9-9aaa-3558af812043	20	84659	1580276	1185	-0.2158
e3f78a21-8869-44b9-9aaa-3558af812043	20	1580305	1613203	42	-0.8204
e3f78a21-8869-44b9-9aaa-3558af812043	20	1613247	13670236	9280	-0.2144
e3f78a21-8869-44b9-9aaa-3558af812043	20	13670633	15163622	992	0.176
e3f78a21-8869-44b9-9aaa-3558af812043	20	15164030	15164117	2	-1.1486
e3f78a21-8869-44b9-9aaa-3558af812043	20	15170084	23022346	6366	0.1691
e3f78a21-8869-44b9-9aaa-3558af812043	20	23024976	23025923	5	0.8255
e3f78a21-8869-44b9-9aaa-3558af812043	20	23028055	23184378	147	0.1782
e3f78a21-8869-44b9-9aaa-3558af812043	20	23190094	23193757	7	-0.4538
e3f78a21-8869-44b9-9aaa-3558af812043	20	23195875	26297680	1969	0.1698
e3f78a21-8869-44b9-9aaa-3558af812043	20	26299965	41405646	5778	0.107
e3f78a21-8869-44b9-9aaa-3558af812043	20	41405651	41406596	2	1.516
e3f78a21-8869-44b9-9aaa-3558af812043	20	41409629	48489519	5275	0.114
e3f78a21-8869-44b9-9aaa-3558af812043	20	48489530	54036481	3844	0.2207
e3f78a21-8869-44b9-9aaa-3558af812043	20	54036528	54037682	8	-0.3115
e3f78a21-8869-44b9-9aaa-3558af812043	20	54037717	55882376	1542	0.215
e3f78a21-8869-44b9-9aaa-3558af812043	20	55888768	61449615	4597	0.0228
e3f78a21-8869-44b9-9aaa-3558af812043	20	61450685	61678124	153	-0.6893
e3f78a21-8869-44b9-9aaa-3558af812043	20	61680459	62214899	327	0.0089
e3f78a21-8869-44b9-9aaa-3558af812043	20	62215547	63920993	657	0.1659
e3f78a21-8869-44b9-9aaa-3558af812043	20	63927196	63928286	2	2.0672
e3f78a21-8869-44b9-9aaa-3558af812043	20	63932435	64324800	184	0.149
e3f78a21-8869-44b9-9aaa-3558af812043	21	10354168	46677045	23871	0.0581
e3f78a21-8869-44b9-9aaa-3558af812043	22	15294547	15869820	36	0.1037
e3f78a21-8869-44b9-9aaa-3558af812043	22	15925481	18620743	1098	-0.1749
e3f78a21-8869-44b9-9aaa-3558af812043	22	18649244	18822597	7	-1.1438
e3f78a21-8869-44b9-9aaa-3558af812043	22	18917479	20175855	791	-0.0442
e3f78a21-8869-44b9-9aaa-3558af812043	22	20175939	21067136	687	0.1423
e3f78a21-8869-44b9-9aaa-3558af812043	22	21067170	22379789	817	-0.2098
e3f78a21-8869-44b9-9aaa-3558af812043	22	22385945	22385950	2	-2.4583
e3f78a21-8869-44b9-9aaa-3558af812043	22	22385952	23971817	952	-0.2173
e3f78a21-8869-44b9-9aaa-3558af812043	22	23981995	24002228	9	0.6019
e3f78a21-8869-44b9-9aaa-3558af812043	22	24005083	29542368	4368	-0.1969
e3f78a21-8869-44b9-9aaa-3558af812043	22	29544960	29544974	2	-1.7698
e3f78a21-8869-44b9-9aaa-3558af812043	22	29553746	30896579	769	-0.1836
e3f78a21-8869-44b9-9aaa-3558af812043	22	30899095	31588093	357	-0.0014
e3f78a21-8869-44b9-9aaa-3558af812043	22	31595519	32875270	926	0.3499
e3f78a21-8869-44b9-9aaa-3558af812043	22	32878179	32951210	60	0.0156
e3f78a21-8869-44b9-9aaa-3558af812043	22	32951567	33052281	82	0.206
e3f78a21-8869-44b9-9aaa-3558af812043	22	33060104	33066380	11	-0.0394
e3f78a21-8869-44b9-9aaa-3558af812043	22	33066472	36048140	2530	-0.1956
e3f78a21-8869-44b9-9aaa-3558af812043	22	36048271	36049468	2	-1.639
e3f78a21-8869-44b9-9aaa-3558af812043	22	36049485	37383974	941	-0.2143
e3f78a21-8869-44b9-9aaa-3558af812043	22	37385834	46027225	5190	0.0052
e3f78a21-8869-44b9-9aaa-3558af812043	22	46027245	46406714	240	0.1592
e3f78a21-8869-44b9-9aaa-3558af812043	22	46406760	47880890	1179	0.0058
e3f78a21-8869-44b9-9aaa-3558af812043	22	47884328	50665264	2133	0.1501
e3f78a21-8869-44b9-9aaa-3558af812043	22	50665485	50796027	67	0.0232
e3f78a21-8869-44b9-9aaa-3558af812043	X	251810	2747168	93	0.1821
e3f78a21-8869-44b9-9aaa-3558af812043	X	2748312	7408426	3473	-0.0982
e3f78a21-8869-44b9-9aaa-3558af812043	X	7409743	9988995	2010	0.0787
e3f78a21-8869-44b9-9aaa-3558af812043	X	9991955	9993640	3	-0.9597
e3f78a21-8869-44b9-9aaa-3558af812043	X	9997252	11213337	767	0.0571
e3f78a21-8869-44b9-9aaa-3558af812043	X	11214330	11773936	365	-0.2602
e3f78a21-8869-44b9-9aaa-3558af812043	X	11777734	18196464	4347	0.0744
e3f78a21-8869-44b9-9aaa-3558af812043	X	18197532	19224406	525	-0.2495
e3f78a21-8869-44b9-9aaa-3558af812043	X	19224895	25281337	3764	0.0718
e3f78a21-8869-44b9-9aaa-3558af812043	X	25281405	26202926	581	-0.2753
e3f78a21-8869-44b9-9aaa-3558af812043	X	26203793	27034956	503	0.0544
e3f78a21-8869-44b9-9aaa-3558af812043	X	27038472	27043477	2	-0.9047
e3f78a21-8869-44b9-9aaa-3558af812043	X	27045053	27391927	232	0.0729
e3f78a21-8869-44b9-9aaa-3558af812043	X	27393299	30413793	1953	-0.2629
e3f78a21-8869-44b9-9aaa-3558af812043	X	30415759	31496110	713	0.0862
e3f78a21-8869-44b9-9aaa-3558af812043	X	31496635	35048114	2549	-0.2622
e3f78a21-8869-44b9-9aaa-3558af812043	X	35048383	35594738	296	0.0566
e3f78a21-8869-44b9-9aaa-3558af812043	X	35598394	35615668	6	-0.9307
e3f78a21-8869-44b9-9aaa-3558af812043	X	35621073	37408121	885	-0.2869
e3f78a21-8869-44b9-9aaa-3558af812043	X	37408821	38064558	397	0.0665
e3f78a21-8869-44b9-9aaa-3558af812043	X	38066759	40164263	1380	-0.2762
e3f78a21-8869-44b9-9aaa-3558af812043	X	40165742	41862602	877	0.0683
e3f78a21-8869-44b9-9aaa-3558af812043	X	41865038	44648511	1551	-0.2443
e3f78a21-8869-44b9-9aaa-3558af812043	X	44651869	44990988	157	0.0461
e3f78a21-8869-44b9-9aaa-3558af812043	X	44996187	58477524	5961	-0.2611
e3f78a21-8869-44b9-9aaa-3558af812043	X	58477663	58516540	3	1.2691
e3f78a21-8869-44b9-9aaa-3558af812043	X	58523135	77252815	6416	0.0496
e3f78a21-8869-44b9-9aaa-3558af812043	X	77255838	77576848	48	-0.2776
e3f78a21-8869-44b9-9aaa-3558af812043	X	77587587	118439675	21809	0.069
e3f78a21-8869-44b9-9aaa-3558af812043	X	118439759	119938734	885	0.2438
e3f78a21-8869-44b9-9aaa-3558af812043	X	119938747	120211351	107	0.0483
e3f78a21-8869-44b9-9aaa-3558af812043	X	120213083	121247068	588	0.2111
e3f78a21-8869-44b9-9aaa-3558af812043	X	121250266	121927426	416	0.098
e3f78a21-8869-44b9-9aaa-3558af812043	X	121927685	121931303	3	1.7801
e3f78a21-8869-44b9-9aaa-3558af812043	X	121936205	141475512	11117	0.0721
e3f78a21-8869-44b9-9aaa-3558af812043	X	141559094	141578177	2	-2.5346
e3f78a21-8869-44b9-9aaa-3558af812043	X	141585262	155952689	8837	0.0673
e3f78a21-8869-44b9-9aaa-3558af812043	Y	2782397	6249869	785	-3.152
e3f78a21-8869-44b9-9aaa-3558af812043	Y	6252391	26324843	5691	-3.8251
e3f78a21-8869-44b9-9aaa-3558af812043	Y	26329892	56872112	161	-3.2623
