GDC_Aliquot	Chromosome	Start	End	Num_Probes	Segment_Mean
9c0df482-6323-4fb9-930f-e4a2343250f9	1	62920	72297687	42662	-0.0331
9c0df482-6323-4fb9-930f-e4a2343250f9	1	72302735	72345465	48	1.0041
9c0df482-6323-4fb9-930f-e4a2343250f9	1	72346221	105470754	20868	-0.0182
9c0df482-6323-4fb9-930f-e4a2343250f9	1	105476583	105479722	15	0.6473
9c0df482-6323-4fb9-930f-e4a2343250f9	1	105479738	109707950	2643	-0.0137
9c0df482-6323-4fb9-930f-e4a2343250f9	1	109707962	109707968	2	1.3541
9c0df482-6323-4fb9-930f-e4a2343250f9	1	109708520	113224635	2651	-0.0158
9c0df482-6323-4fb9-930f-e4a2343250f9	1	113225129	113231359	2	-1.7498
9c0df482-6323-4fb9-930f-e4a2343250f9	1	113231492	143494500	4452	-0.0304
9c0df482-6323-4fb9-930f-e4a2343250f9	1	143541857	143748012	96	0.5841
9c0df482-6323-4fb9-930f-e4a2343250f9	1	143748074	143754077	16	1.2537
9c0df482-6323-4fb9-930f-e4a2343250f9	1	143754192	152583051	2317	0.5472
9c0df482-6323-4fb9-930f-e4a2343250f9	1	152583230	152613762	31	1.8163
9c0df482-6323-4fb9-930f-e4a2343250f9	1	152613802	152789463	172	0.5347
9c0df482-6323-4fb9-930f-e4a2343250f9	1	152789479	152796224	35	-0.0983
9c0df482-6323-4fb9-930f-e4a2343250f9	1	152801429	184104384	21083	0.5362
9c0df482-6323-4fb9-930f-e4a2343250f9	1	184106738	196843377	8316	0.5691
9c0df482-6323-4fb9-930f-e4a2343250f9	1	196843400	196846661	2	5.1043
9c0df482-6323-4fb9-930f-e4a2343250f9	1	196847600	243139864	31980	0.5426
9c0df482-6323-4fb9-930f-e4a2343250f9	1	243143622	243189078	16	1.0707
9c0df482-6323-4fb9-930f-e4a2343250f9	1	243190549	247995005	3231	0.5541
9c0df482-6323-4fb9-930f-e4a2343250f9	1	247995755	248626391	313	0.6812
9c0df482-6323-4fb9-930f-e4a2343250f9	1	248626572	248930189	148	0.555
9c0df482-6323-4fb9-930f-e4a2343250f9	2	12784	34456427	24008	-0.026
9c0df482-6323-4fb9-930f-e4a2343250f9	2	34458223	34515732	55	0.5119
9c0df482-6323-4fb9-930f-e4a2343250f9	2	34515960	35750907	863	-0.0028
9c0df482-6323-4fb9-930f-e4a2343250f9	2	35752724	35762850	6	0.863
9c0df482-6323-4fb9-930f-e4a2343250f9	2	35762881	36108462	271	-0.0078
9c0df482-6323-4fb9-930f-e4a2343250f9	2	36108463	36112411	14	-0.9027
9c0df482-6323-4fb9-930f-e4a2343250f9	2	36123960	52514599	11794	-0.016
9c0df482-6323-4fb9-930f-e4a2343250f9	2	52516787	52554404	41	0.5788
9c0df482-6323-4fb9-930f-e4a2343250f9	2	52560811	146106875	53087	-0.0172
9c0df482-6323-4fb9-930f-e4a2343250f9	2	146106889	146109366	21	0.7316
9c0df482-6323-4fb9-930f-e4a2343250f9	2	146120238	148499560	1205	-0.0059
9c0df482-6323-4fb9-930f-e4a2343250f9	2	148499619	148503433	2	1.2943
9c0df482-6323-4fb9-930f-e4a2343250f9	2	148504182	154033296	3660	-0.0151
9c0df482-6323-4fb9-930f-e4a2343250f9	2	154039462	154043710	3	-1.0432
9c0df482-6323-4fb9-930f-e4a2343250f9	2	154043812	159102108	2892	-0.0077
9c0df482-6323-4fb9-930f-e4a2343250f9	2	159103831	159104461	2	-1.7468
9c0df482-6323-4fb9-930f-e4a2343250f9	2	159106775	176393786	10600	-0.0212
9c0df482-6323-4fb9-930f-e4a2343250f9	2	176394114	176402448	2	1.5141
9c0df482-6323-4fb9-930f-e4a2343250f9	2	176407805	183929124	4835	-0.0226
9c0df482-6323-4fb9-930f-e4a2343250f9	2	183929673	183937714	17	-0.6787
9c0df482-6323-4fb9-930f-e4a2343250f9	2	183943862	219169312	21041	-0.0152
9c0df482-6323-4fb9-930f-e4a2343250f9	2	219170897	219268703	39	0.2863
9c0df482-6323-4fb9-930f-e4a2343250f9	2	219269288	219323644	19	0.6758
9c0df482-6323-4fb9-930f-e4a2343250f9	2	219324069	219347997	21	0.2879
9c0df482-6323-4fb9-930f-e4a2343250f9	2	219352702	227375482	5373	-0.0226
9c0df482-6323-4fb9-930f-e4a2343250f9	2	227381813	227389512	5	0.923
9c0df482-6323-4fb9-930f-e4a2343250f9	2	227389556	228394089	653	-0.0179
9c0df482-6323-4fb9-930f-e4a2343250f9	2	228397576	228399698	2	1.6758
9c0df482-6323-4fb9-930f-e4a2343250f9	2	228401658	232714682	2495	-0.0341
9c0df482-6323-4fb9-930f-e4a2343250f9	2	232715223	232856974	66	0.3054
9c0df482-6323-4fb9-930f-e4a2343250f9	2	232857383	238213649	3768	-0.0256
9c0df482-6323-4fb9-930f-e4a2343250f9	2	238216821	238480679	132	0.2326
9c0df482-6323-4fb9-930f-e4a2343250f9	2	238487112	242147305	2029	-0.0194
9c0df482-6323-4fb9-930f-e4a2343250f9	3	20930	6604856	5779	0.0154
9c0df482-6323-4fb9-930f-e4a2343250f9	3	6609441	6611557	22	-0.6068
9c0df482-6323-4fb9-930f-e4a2343250f9	3	6611645	11371130	3694	-0.0193
9c0df482-6323-4fb9-930f-e4a2343250f9	3	11371349	11371926	3	-1.2603
9c0df482-6323-4fb9-930f-e4a2343250f9	3	11375791	75519398	43038	-0.0193
9c0df482-6323-4fb9-930f-e4a2343250f9	3	75523398	75537654	6	0.8412
9c0df482-6323-4fb9-930f-e4a2343250f9	3	75546030	84650533	4957	-0.0121
9c0df482-6323-4fb9-930f-e4a2343250f9	3	84650607	84653010	14	-0.5172
9c0df482-6323-4fb9-930f-e4a2343250f9	3	84653084	89355952	2702	-0.0036
9c0df482-6323-4fb9-930f-e4a2343250f9	3	89355954	89356604	3	-1.055
9c0df482-6323-4fb9-930f-e4a2343250f9	3	89357795	99218940	3255	-0.0009
9c0df482-6323-4fb9-930f-e4a2343250f9	3	99225614	99230457	35	-0.5712
9c0df482-6323-4fb9-930f-e4a2343250f9	3	99230464	162794951	38875	-0.021
9c0df482-6323-4fb9-930f-e4a2343250f9	3	162795304	162898127	62	0.605
9c0df482-6323-4fb9-930f-e4a2343250f9	3	162906054	162908815	8	-0.5382
9c0df482-6323-4fb9-930f-e4a2343250f9	3	162910826	162996729	70	0.0648
9c0df482-6323-4fb9-930f-e4a2343250f9	3	162999939	163001774	2	-2.6893
9c0df482-6323-4fb9-930f-e4a2343250f9	3	163008371	187877506	15227	-0.018
9c0df482-6323-4fb9-930f-e4a2343250f9	3	187877590	187877925	2	1.7625
9c0df482-6323-4fb9-930f-e4a2343250f9	3	187877952	193160804	3812	-0.0108
9c0df482-6323-4fb9-930f-e4a2343250f9	3	193161032	193161217	2	1.3158
9c0df482-6323-4fb9-930f-e4a2343250f9	3	193162684	195673928	1497	-0.0372
9c0df482-6323-4fb9-930f-e4a2343250f9	3	195683075	195729069	28	0.4462
9c0df482-6323-4fb9-930f-e4a2343250f9	3	195729085	198169247	1175	-0.0134
9c0df482-6323-4fb9-930f-e4a2343250f9	4	68929	4101617	1621	-0.0359
9c0df482-6323-4fb9-930f-e4a2343250f9	4	4108503	4133219	6	-0.7692
9c0df482-6323-4fb9-930f-e4a2343250f9	4	4133273	9455251	3512	-0.0311
9c0df482-6323-4fb9-930f-e4a2343250f9	4	9459504	9477699	6	1.4936
9c0df482-6323-4fb9-930f-e4a2343250f9	4	9484440	10208766	539	-0.0357
9c0df482-6323-4fb9-930f-e4a2343250f9	4	10221792	10229625	27	-1.7982
9c0df482-6323-4fb9-930f-e4a2343250f9	4	10229874	10233644	8	-0.3402
9c0df482-6323-4fb9-930f-e4a2343250f9	4	10234518	48334676	25586	-0.0183
9c0df482-6323-4fb9-930f-e4a2343250f9	4	48334803	48334905	2	-1.6519
9c0df482-6323-4fb9-930f-e4a2343250f9	4	48336327	61541609	6635	-0.0176
9c0df482-6323-4fb9-930f-e4a2343250f9	4	61541880	61581625	25	0.4535
9c0df482-6323-4fb9-930f-e4a2343250f9	4	61586348	63840033	1226	-0.005
9c0df482-6323-4fb9-930f-e4a2343250f9	4	63841863	63851308	10	-0.6396
9c0df482-6323-4fb9-930f-e4a2343250f9	4	63852325	68354665	2838	-0.0117
9c0df482-6323-4fb9-930f-e4a2343250f9	4	68361130	68395346	7	0.8828
9c0df482-6323-4fb9-930f-e4a2343250f9	4	68416487	69257792	396	0.0026
9c0df482-6323-4fb9-930f-e4a2343250f9	4	69261926	69361181	49	-0.4517
9c0df482-6323-4fb9-930f-e4a2343250f9	4	69362906	103824414	20946	-0.0163
9c0df482-6323-4fb9-930f-e4a2343250f9	4	103830473	103830480	5	0.9775
9c0df482-6323-4fb9-930f-e4a2343250f9	4	103830487	107130343	1850	-0.0152
9c0df482-6323-4fb9-930f-e4a2343250f9	4	107144594	107147256	18	-0.5718
9c0df482-6323-4fb9-930f-e4a2343250f9	4	107150362	107150471	3	0.8651
9c0df482-6323-4fb9-930f-e4a2343250f9	4	107150731	107154286	10	-0.6734
9c0df482-6323-4fb9-930f-e4a2343250f9	4	107154329	154881396	28367	-0.0124
9c0df482-6323-4fb9-930f-e4a2343250f9	4	154881853	154881926	3	-2.4727
9c0df482-6323-4fb9-930f-e4a2343250f9	4	154882047	171448195	10547	-0.0126
9c0df482-6323-4fb9-930f-e4a2343250f9	4	171453733	171456293	8	1.1889
9c0df482-6323-4fb9-930f-e4a2343250f9	4	171456307	172066777	399	-0.0371
9c0df482-6323-4fb9-930f-e4a2343250f9	4	172067997	172079670	16	0.8861
9c0df482-6323-4fb9-930f-e4a2343250f9	4	172080680	190106768	12015	-0.0101
9c0df482-6323-4fb9-930f-e4a2343250f9	5	15532	685633	305	-0.0943
9c0df482-6323-4fb9-930f-e4a2343250f9	5	698256	773453	27	1.0464
9c0df482-6323-4fb9-930f-e4a2343250f9	5	779766	12800777	9820	-0.0271
9c0df482-6323-4fb9-930f-e4a2343250f9	5	12815668	12838421	14	0.6384
9c0df482-6323-4fb9-930f-e4a2343250f9	5	12849089	15718383	1968	-0.0257
9c0df482-6323-4fb9-930f-e4a2343250f9	5	15719113	15720488	11	-0.7709
9c0df482-6323-4fb9-930f-e4a2343250f9	5	15723237	41862698	16475	-0.0164
9c0df482-6323-4fb9-930f-e4a2343250f9	5	41869256	41883446	10	-0.6754
9c0df482-6323-4fb9-930f-e4a2343250f9	5	41886525	46251204	1929	-0.0178
9c0df482-6323-4fb9-930f-e4a2343250f9	5	46270906	46273400	8	-1.4133
9c0df482-6323-4fb9-930f-e4a2343250f9	5	46278110	58655166	5515	-0.0184
9c0df482-6323-4fb9-930f-e4a2343250f9	5	58656759	58970663	269	0.317
9c0df482-6323-4fb9-930f-e4a2343250f9	5	58970945	64579994	3394	-0.01
9c0df482-6323-4fb9-930f-e4a2343250f9	5	64582820	64760730	131	0.155
9c0df482-6323-4fb9-930f-e4a2343250f9	5	64761454	69779164	3042	-0.0234
9c0df482-6323-4fb9-930f-e4a2343250f9	5	69822096	69822308	2	1.1499
9c0df482-6323-4fb9-930f-e4a2343250f9	5	69937600	71053366	18	-0.086
9c0df482-6323-4fb9-930f-e4a2343250f9	5	71095358	71358245	3	-1.3918
9c0df482-6323-4fb9-930f-e4a2343250f9	5	71364924	83237777	7585	-0.03
9c0df482-6323-4fb9-930f-e4a2343250f9	5	83242888	83277277	24	0.4703
9c0df482-6323-4fb9-930f-e4a2343250f9	5	83283137	104515520	11819	-0.0159
9c0df482-6323-4fb9-930f-e4a2343250f9	5	104524672	104524903	4	-1.3499
9c0df482-6323-4fb9-930f-e4a2343250f9	5	104525348	105196203	509	-0.0006
9c0df482-6323-4fb9-930f-e4a2343250f9	5	105196360	105199465	4	0.9587
9c0df482-6323-4fb9-930f-e4a2343250f9	5	105203850	122585932	11773	-0.0154
9c0df482-6323-4fb9-930f-e4a2343250f9	5	122588886	122591623	5	-1.219
9c0df482-6323-4fb9-930f-e4a2343250f9	5	122600492	180947523	37572	-0.0296
9c0df482-6323-4fb9-930f-e4a2343250f9	5	180951710	180991103	19	-1.9853
9c0df482-6323-4fb9-930f-e4a2343250f9	5	181006225	181363319	170	-0.0171
9c0df482-6323-4fb9-930f-e4a2343250f9	6	149661	302306	125	0.3283
9c0df482-6323-4fb9-930f-e4a2343250f9	6	303017	381149	77	-0.0159
9c0df482-6323-4fb9-930f-e4a2343250f9	6	382559	6025978	4637	0.3109
9c0df482-6323-4fb9-930f-e4a2343250f9	6	6033698	6034203	3	-1.6117
9c0df482-6323-4fb9-930f-e4a2343250f9	6	6036812	8660366	2155	0.2995
9c0df482-6323-4fb9-930f-e4a2343250f9	6	8668067	8671227	3	-0.811
9c0df482-6323-4fb9-930f-e4a2343250f9	6	8674546	16087418	5532	0.3047
9c0df482-6323-4fb9-930f-e4a2343250f9	6	16088037	16088500	4	-0.8191
9c0df482-6323-4fb9-930f-e4a2343250f9	6	16088820	29869295	9051	0.3029
9c0df482-6323-4fb9-930f-e4a2343250f9	6	29869410	29906865	22	-0.679
9c0df482-6323-4fb9-930f-e4a2343250f9	6	29906932	32488906	1165	0.3077
9c0df482-6323-4fb9-930f-e4a2343250f9	6	32488965	32634330	47	-0.3115
9c0df482-6323-4fb9-930f-e4a2343250f9	6	32634492	54066286	13673	0.3011
9c0df482-6323-4fb9-930f-e4a2343250f9	6	54066353	54067057	7	1.3199
9c0df482-6323-4fb9-930f-e4a2343250f9	6	54070550	62222181	2966	0.3268
9c0df482-6323-4fb9-930f-e4a2343250f9	6	62224994	62272192	27	-0.0696
9c0df482-6323-4fb9-930f-e4a2343250f9	6	62283944	64627049	1219	-0.4538
9c0df482-6323-4fb9-930f-e4a2343250f9	6	64637651	64639099	2	-2.2093
9c0df482-6323-4fb9-930f-e4a2343250f9	6	64640883	73882142	6133	-0.4422
9c0df482-6323-4fb9-930f-e4a2343250f9	6	73882509	73887625	9	-1.3889
9c0df482-6323-4fb9-930f-e4a2343250f9	6	73891694	76318064	1498	-0.453
9c0df482-6323-4fb9-930f-e4a2343250f9	6	76323236	76323472	2	1.7081
9c0df482-6323-4fb9-930f-e4a2343250f9	6	76323492	76730151	264	-0.4358
9c0df482-6323-4fb9-930f-e4a2343250f9	6	76730331	76742972	19	-1.1624
9c0df482-6323-4fb9-930f-e4a2343250f9	6	76743040	78220174	938	-0.4667
9c0df482-6323-4fb9-930f-e4a2343250f9	6	78220370	78336944	155	-0.259
9c0df482-6323-4fb9-930f-e4a2343250f9	6	78341897	86917056	5322	-0.4442
9c0df482-6323-4fb9-930f-e4a2343250f9	6	86917247	91202498	2792	-0.4919
9c0df482-6323-4fb9-930f-e4a2343250f9	6	91204623	97965423	4027	-0.4444
9c0df482-6323-4fb9-930f-e4a2343250f9	6	97966354	97967903	2	-2.0485
9c0df482-6323-4fb9-930f-e4a2343250f9	6	97979047	103290439	3265	-0.4596
9c0df482-6323-4fb9-930f-e4a2343250f9	6	103290458	103314186	39	-1.1075
9c0df482-6323-4fb9-930f-e4a2343250f9	6	103317795	132288421	17787	-0.4699
9c0df482-6323-4fb9-930f-e4a2343250f9	6	132289214	132289467	2	-2.8224
9c0df482-6323-4fb9-930f-e4a2343250f9	6	132290313	170741917	26193	-0.4779
9c0df482-6323-4fb9-930f-e4a2343250f9	7	43355	29634124	21345	-0.0141
9c0df482-6323-4fb9-930f-e4a2343250f9	7	29634172	29746314	51	0.6982
9c0df482-6323-4fb9-930f-e4a2343250f9	7	29746766	38246926	5858	-0.0282
9c0df482-6323-4fb9-930f-e4a2343250f9	7	38248326	38312638	91	0.2026
9c0df482-6323-4fb9-930f-e4a2343250f9	7	38317006	54318812	10992	-0.0222
9c0df482-6323-4fb9-930f-e4a2343250f9	7	54318816	54318824	5	-1.8445
9c0df482-6323-4fb9-930f-e4a2343250f9	7	54325795	134100424	43048	-0.0175
9c0df482-6323-4fb9-930f-e4a2343250f9	7	134100442	134105690	24	0.5077
9c0df482-6323-4fb9-930f-e4a2343250f9	7	134110881	144255220	6414	-0.019
9c0df482-6323-4fb9-930f-e4a2343250f9	7	144255475	144336758	10	-0.8099
9c0df482-6323-4fb9-930f-e4a2343250f9	7	144343967	154598185	6396	-0.0249
9c0df482-6323-4fb9-930f-e4a2343250f9	7	154601461	154607903	4	-2.312
9c0df482-6323-4fb9-930f-e4a2343250f9	7	154609120	159334314	3226	-0.0366
9c0df482-6323-4fb9-930f-e4a2343250f9	8	81254	4292991	4000	0.3166
9c0df482-6323-4fb9-930f-e4a2343250f9	8	4293125	4293620	9	-0.509
9c0df482-6323-4fb9-930f-e4a2343250f9	8	4294369	6181655	2554	0.3364
9c0df482-6323-4fb9-930f-e4a2343250f9	8	6182584	6182629	2	-1.2211
9c0df482-6323-4fb9-930f-e4a2343250f9	8	6182984	12142800	4427	0.3106
9c0df482-6323-4fb9-930f-e4a2343250f9	8	12143614	12389977	32	0.7074
9c0df482-6323-4fb9-930f-e4a2343250f9	8	12418301	25116961	10388	0.3083
9c0df482-6323-4fb9-930f-e4a2343250f9	8	25117007	25126818	25	-0.2799
9c0df482-6323-4fb9-930f-e4a2343250f9	8	25133589	39373140	8976	0.301
9c0df482-6323-4fb9-930f-e4a2343250f9	8	39378084	39529446	58	1.1612
9c0df482-6323-4fb9-930f-e4a2343250f9	8	39530780	82357048	24639	0.3037
9c0df482-6323-4fb9-930f-e4a2343250f9	8	82359141	82382560	11	-0.7576
9c0df482-6323-4fb9-930f-e4a2343250f9	8	82382783	84345754	1143	0.3067
9c0df482-6323-4fb9-930f-e4a2343250f9	8	84350648	84356431	19	-0.7364
9c0df482-6323-4fb9-930f-e4a2343250f9	8	84358447	111269714	16046	0.3021
9c0df482-6323-4fb9-930f-e4a2343250f9	8	111273113	111289023	16	0.8962
9c0df482-6323-4fb9-930f-e4a2343250f9	8	111290954	131717380	13675	0.2963
9c0df482-6323-4fb9-930f-e4a2343250f9	8	131717958	131718187	3	-0.7924
9c0df482-6323-4fb9-930f-e4a2343250f9	8	131719965	133215457	1244	0.2947
9c0df482-6323-4fb9-930f-e4a2343250f9	8	133215775	133427373	172	0.4722
9c0df482-6323-4fb9-930f-e4a2343250f9	8	133432756	145072769	7741	0.2811
9c0df482-6323-4fb9-930f-e4a2343250f9	9	46587	11385607	10734	-0.0101
9c0df482-6323-4fb9-930f-e4a2343250f9	9	11387538	12588994	937	0.0653
9c0df482-6323-4fb9-930f-e4a2343250f9	9	12589068	23973054	9121	-0.0253
9c0df482-6323-4fb9-930f-e4a2343250f9	9	23978286	30966556	5159	0.0047
9c0df482-6323-4fb9-930f-e4a2343250f9	9	30966662	41570345	5182	-0.0292
9c0df482-6323-4fb9-930f-e4a2343250f9	9	41570676	42711956	66	0.3445
9c0df482-6323-4fb9-930f-e4a2343250f9	9	42715233	131810609	44724	-0.0288
9c0df482-6323-4fb9-930f-e4a2343250f9	9	131810899	131813934	2	-1.9829
9c0df482-6323-4fb9-930f-e4a2343250f9	9	131815643	138200944	3308	-0.0339
9c0df482-6323-4fb9-930f-e4a2343250f9	10	45792	54920517	36921	-0.0257
9c0df482-6323-4fb9-930f-e4a2343250f9	10	54923330	54924277	2	-2.0878
9c0df482-6323-4fb9-930f-e4a2343250f9	10	54927534	56756761	1206	0.0171
9c0df482-6323-4fb9-930f-e4a2343250f9	10	56756779	56772992	39	-0.5719
9c0df482-6323-4fb9-930f-e4a2343250f9	10	56773005	133420688	52072	-0.026
9c0df482-6323-4fb9-930f-e4a2343250f9	10	133429369	133563774	108	0.4636
9c0df482-6323-4fb9-930f-e4a2343250f9	10	133573736	133654968	35	-0.0167
9c0df482-6323-4fb9-930f-e4a2343250f9	11	198510	5768511	3225	-0.0248
9c0df482-6323-4fb9-930f-e4a2343250f9	11	5768639	5788108	28	-0.6822
9c0df482-6323-4fb9-930f-e4a2343250f9	11	5788231	5900992	98	0.052
9c0df482-6323-4fb9-930f-e4a2343250f9	11	5901270	5901402	2	-1.5827
9c0df482-6323-4fb9-930f-e4a2343250f9	11	5901432	18919323	9277	-0.0344
9c0df482-6323-4fb9-930f-e4a2343250f9	11	18927525	18939734	34	-0.9948
9c0df482-6323-4fb9-930f-e4a2343250f9	11	18939749	36946148	13263	-0.0314
9c0df482-6323-4fb9-930f-e4a2343250f9	11	36947454	37834720	588	0.0601
9c0df482-6323-4fb9-930f-e4a2343250f9	11	37836506	48576870	6654	-0.0271
9c0df482-6323-4fb9-930f-e4a2343250f9	11	48579882	48581124	2	1.7406
9c0df482-6323-4fb9-930f-e4a2343250f9	11	48584766	48688872	42	0.1031
9c0df482-6323-4fb9-930f-e4a2343250f9	11	48688873	48688875	2	-1.3461
9c0df482-6323-4fb9-930f-e4a2343250f9	11	48688877	49686823	382	0.0186
9c0df482-6323-4fb9-930f-e4a2343250f9	11	49689309	49736215	17	-0.4962
9c0df482-6323-4fb9-930f-e4a2343250f9	11	49736721	54924229	490	0.0469
9c0df482-6323-4fb9-930f-e4a2343250f9	11	54933825	54934156	3	-2.1669
9c0df482-6323-4fb9-930f-e4a2343250f9	11	54940988	55586690	226	-0.002
9c0df482-6323-4fb9-930f-e4a2343250f9	11	55587603	56215590	454	0.09
9c0df482-6323-4fb9-930f-e4a2343250f9	11	56216591	80256469	12844	-0.0318
9c0df482-6323-4fb9-930f-e4a2343250f9	11	80256504	80256520	2	-2.5486
9c0df482-6323-4fb9-930f-e4a2343250f9	11	80256642	101723653	15232	-0.0245
9c0df482-6323-4fb9-930f-e4a2343250f9	11	101727129	101727233	4	1.3832
9c0df482-6323-4fb9-930f-e4a2343250f9	11	101727481	135074876	23642	-0.0323
9c0df482-6323-4fb9-930f-e4a2343250f9	12	51460	8194209	5526	-0.0365
9c0df482-6323-4fb9-930f-e4a2343250f9	12	8204911	8265736	18	0.4201
9c0df482-6323-4fb9-930f-e4a2343250f9	12	8267058	9481274	617	-0.0118
9c0df482-6323-4fb9-930f-e4a2343250f9	12	9485313	9562969	22	-1.43
9c0df482-6323-4fb9-930f-e4a2343250f9	12	9575696	11066824	1035	-0.0203
9c0df482-6323-4fb9-930f-e4a2343250f9	12	11068125	11108736	14	0.54
9c0df482-6323-4fb9-930f-e4a2343250f9	12	11114232	11350505	122	0.0195
9c0df482-6323-4fb9-930f-e4a2343250f9	12	11350579	11390472	36	0.446
9c0df482-6323-4fb9-930f-e4a2343250f9	12	11399258	26667082	10651	-0.0196
9c0df482-6323-4fb9-930f-e4a2343250f9	12	26680564	26823397	93	0.2998
9c0df482-6323-4fb9-930f-e4a2343250f9	12	26823950	33141726	4586	-0.016
9c0df482-6323-4fb9-930f-e4a2343250f9	12	33148472	33154440	27	-0.472
9c0df482-6323-4fb9-930f-e4a2343250f9	12	33155426	45506042	5566	-0.0006
9c0df482-6323-4fb9-930f-e4a2343250f9	12	45510655	45515754	4	-1.1473
9c0df482-6323-4fb9-930f-e4a2343250f9	12	45519509	48331259	1715	-0.0324
9c0df482-6323-4fb9-930f-e4a2343250f9	12	48331456	48331632	3	-1.8252
9c0df482-6323-4fb9-930f-e4a2343250f9	12	48336253	133201603	54533	-0.0259
9c0df482-6323-4fb9-930f-e4a2343250f9	13	18452809	114342922	63847	-0.0213
9c0df482-6323-4fb9-930f-e4a2343250f9	14	18239283	18676849	22	0.0647
9c0df482-6323-4fb9-930f-e4a2343250f9	14	18686006	19954424	144	-0.348
9c0df482-6323-4fb9-930f-e4a2343250f9	14	19955213	21635545	1115	-0.0276
9c0df482-6323-4fb9-930f-e4a2343250f9	14	21636150	22486728	695	0.1074
9c0df482-6323-4fb9-930f-e4a2343250f9	14	22490304	23975620	889	-0.0347
9c0df482-6323-4fb9-930f-e4a2343250f9	14	23975769	24015250	22	-0.8489
9c0df482-6323-4fb9-930f-e4a2343250f9	14	24018934	41141293	10818	-0.0198
9c0df482-6323-4fb9-930f-e4a2343250f9	14	41141487	41188046	13	-0.6554
9c0df482-6323-4fb9-930f-e4a2343250f9	14	41188146	42385962	759	-0.0111
9c0df482-6323-4fb9-930f-e4a2343250f9	14	42386263	42386514	3	-1.4821
9c0df482-6323-4fb9-930f-e4a2343250f9	14	42387773	46423918	2263	0.0145
9c0df482-6323-4fb9-930f-e4a2343250f9	14	46424373	73529070	17371	-0.0285
9c0df482-6323-4fb9-930f-e4a2343250f9	14	73534419	73563196	10	1.0249
9c0df482-6323-4fb9-930f-e4a2343250f9	14	73563211	106294689	20808	-0.0302
9c0df482-6323-4fb9-930f-e4a2343250f9	14	106297265	106297273	3	1.2951
9c0df482-6323-4fb9-930f-e4a2343250f9	14	106297409	106340102	15	0.0683
9c0df482-6323-4fb9-930f-e4a2343250f9	14	106340305	106365807	10	-1.2518
9c0df482-6323-4fb9-930f-e4a2343250f9	14	106369985	106877229	270	0.0005
9c0df482-6323-4fb9-930f-e4a2343250f9	15	19811075	20064520	54	0.1785
9c0df482-6323-4fb9-930f-e4a2343250f9	15	20187568	21262847	114	-0.4235
9c0df482-6323-4fb9-930f-e4a2343250f9	15	21266108	24099315	883	-0.0268
9c0df482-6323-4fb9-930f-e4a2343250f9	15	24103856	24230059	71	-0.8585
9c0df482-6323-4fb9-930f-e4a2343250f9	15	24232659	101928837	50258	-0.0251
9c0df482-6323-4fb9-930f-e4a2343250f9	16	10777	5896222	3015	-0.0317
9c0df482-6323-4fb9-930f-e4a2343250f9	16	5897448	5903959	22	-0.9305
9c0df482-6323-4fb9-930f-e4a2343250f9	16	5905518	19933041	10399	-0.0292
9c0df482-6323-4fb9-930f-e4a2343250f9	16	19934328	19956040	29	-0.7153
9c0df482-6323-4fb9-930f-e4a2343250f9	16	19958932	20617366	463	-0.0253
9c0df482-6323-4fb9-930f-e4a2343250f9	16	20617756	20622023	4	1.0495
9c0df482-6323-4fb9-930f-e4a2343250f9	16	20624663	22546611	806	-0.0276
9c0df482-6323-4fb9-930f-e4a2343250f9	16	22546990	22693199	71	-0.2995
9c0df482-6323-4fb9-930f-e4a2343250f9	16	22699421	35225338	5311	-0.0399
9c0df482-6323-4fb9-930f-e4a2343250f9	16	35232200	35526596	169	0.4622
9c0df482-6323-4fb9-930f-e4a2343250f9	16	35530722	55762682	6590	-0.0325
9c0df482-6323-4fb9-930f-e4a2343250f9	16	55764310	55764867	3	1.9953
9c0df482-6323-4fb9-930f-e4a2343250f9	16	55770436	78337711	14256	-0.0228
9c0df482-6323-4fb9-930f-e4a2343250f9	16	78338543	78350841	16	-1.7108
9c0df482-6323-4fb9-930f-e4a2343250f9	16	78350868	90096867	10578	-0.0373
9c0df482-6323-4fb9-930f-e4a2343250f9	17	150733	18455635	11371	-0.0252
9c0df482-6323-4fb9-930f-e4a2343250f9	17	18458372	18550123	22	-1.2055
9c0df482-6323-4fb9-930f-e4a2343250f9	17	18561272	41266838	9387	-0.0257
9c0df482-6323-4fb9-930f-e4a2343250f9	17	41266851	41274279	19	1.1289
9c0df482-6323-4fb9-930f-e4a2343250f9	17	41276472	55544982	7946	-0.022
9c0df482-6323-4fb9-930f-e4a2343250f9	17	55545649	55545755	2	-1.5149
9c0df482-6323-4fb9-930f-e4a2343250f9	17	55548781	83091923	16186	-0.0315
9c0df482-6323-4fb9-930f-e4a2343250f9	18	48133	12226369	8849	-0.0159
9c0df482-6323-4fb9-930f-e4a2343250f9	18	12228773	12238864	2	1.3867
9c0df482-6323-4fb9-930f-e4a2343250f9	18	12244141	14715284	1312	-0.0145
9c0df482-6323-4fb9-930f-e4a2343250f9	18	14715706	14727624	6	1.2282
9c0df482-6323-4fb9-930f-e4a2343250f9	18	14734335	64467760	28907	-0.024
9c0df482-6323-4fb9-930f-e4a2343250f9	18	64468677	74024660	7012	0.0082
9c0df482-6323-4fb9-930f-e4a2343250f9	18	74025979	78900693	3742	-0.0274
9c0df482-6323-4fb9-930f-e4a2343250f9	18	78902714	78904863	5	-1.3908
9c0df482-6323-4fb9-930f-e4a2343250f9	18	78906449	80257174	703	-0.0142
9c0df482-6323-4fb9-930f-e4a2343250f9	19	90910	15345298	6397	-0.4502
9c0df482-6323-4fb9-930f-e4a2343250f9	19	15350152	24253863	4709	-0.0138
9c0df482-6323-4fb9-930f-e4a2343250f9	19	24253988	27707531	104	0.1656
9c0df482-6323-4fb9-930f-e4a2343250f9	19	27718103	42559246	9061	-0.0314
9c0df482-6323-4fb9-930f-e4a2343250f9	19	42559342	43362671	352	0.0786
9c0df482-6323-4fb9-930f-e4a2343250f9	19	43362706	55771169	6598	-0.0208
9c0df482-6323-4fb9-930f-e4a2343250f9	19	55771663	55771701	2	-2.4121
9c0df482-6323-4fb9-930f-e4a2343250f9	19	55774927	58429147	1779	-0.0253
9c0df482-6323-4fb9-930f-e4a2343250f9	19	58432041	58433008	2	-1.1939
9c0df482-6323-4fb9-930f-e4a2343250f9	19	58434689	58586487	51	-0.0719
9c0df482-6323-4fb9-930f-e4a2343250f9	20	80664	1587007	1205	-0.0122
9c0df482-6323-4fb9-930f-e4a2343250f9	20	1587075	1609888	35	-0.4145
9c0df482-6323-4fb9-930f-e4a2343250f9	20	1613203	64324800	41011	-0.034
9c0df482-6323-4fb9-930f-e4a2343250f9	21	10354168	13583316	268	0.0344
9c0df482-6323-4fb9-930f-e4a2343250f9	21	13612103	13677975	4	1.015
9c0df482-6323-4fb9-930f-e4a2343250f9	21	13803967	22474931	6154	-0.0196
9c0df482-6323-4fb9-930f-e4a2343250f9	21	22475070	22477540	7	0.9997
9c0df482-6323-4fb9-930f-e4a2343250f9	21	22481067	46677045	17346	-0.0284
9c0df482-6323-4fb9-930f-e4a2343250f9	22	15294547	17014661	301	-0.0381
9c0df482-6323-4fb9-930f-e4a2343250f9	22	17018144	17018618	2	1.3839
9c0df482-6323-4fb9-930f-e4a2343250f9	22	17019000	18167915	824	-0.0078
9c0df482-6323-4fb9-930f-e4a2343250f9	22	18190590	20768143	1214	-0.0961
9c0df482-6323-4fb9-930f-e4a2343250f9	22	20768184	22131875	799	-0.0276
9c0df482-6323-4fb9-930f-e4a2343250f9	22	22132159	22141997	30	0.2973
9c0df482-6323-4fb9-930f-e4a2343250f9	22	22142020	38894915	12002	-0.0361
9c0df482-6323-4fb9-930f-e4a2343250f9	22	38899250	38900899	3	-1.8725
9c0df482-6323-4fb9-930f-e4a2343250f9	22	38903109	40397256	754	-0.0368
9c0df482-6323-4fb9-930f-e4a2343250f9	22	40398586	40398816	2	-2.8972
9c0df482-6323-4fb9-930f-e4a2343250f9	22	40401668	42321102	1092	-0.0333
9c0df482-6323-4fb9-930f-e4a2343250f9	22	42321598	42322229	2	-1.369
9c0df482-6323-4fb9-930f-e4a2343250f9	22	42327026	50796027	6207	-0.0393
9c0df482-6323-4fb9-930f-e4a2343250f9	X	251810	19441225	11672	-0.0146
9c0df482-6323-4fb9-930f-e4a2343250f9	X	19441813	19454666	7	-1.3507
9c0df482-6323-4fb9-930f-e4a2343250f9	X	19454983	24556811	3207	-0.0028
9c0df482-6323-4fb9-930f-e4a2343250f9	X	24558207	24579832	15	-0.8153
9c0df482-6323-4fb9-930f-e4a2343250f9	X	24580383	55664298	17070	0.0034
9c0df482-6323-4fb9-930f-e4a2343250f9	X	55674500	55681123	5	-1.358
9c0df482-6323-4fb9-930f-e4a2343250f9	X	55681253	106261421	22736	0.0074
9c0df482-6323-4fb9-930f-e4a2343250f9	X	106279016	106307571	16	1.1108
9c0df482-6323-4fb9-930f-e4a2343250f9	X	106314563	155952689	28571	0.0036
9c0df482-6323-4fb9-930f-e4a2343250f9	Y	2782397	56872112	6638	-1.017
