GDC_Aliquot	Chromosome	Start	End	Copy_Number	Major_Copy_Number	Minor_Copy_Number
b6f5e659-0d84-4f62-b599-914804ce42fb	chr1	13116	158006	2	1	1
b6f5e659-0d84-4f62-b599-914804ce42fb	chr1	262698	663453	3	2	1
b6f5e659-0d84-4f62-b599-914804ce42fb	chr1	683006	683006	5	5	0
b6f5e659-0d84-4f62-b599-914804ce42fb	chr1	690012	248945703	2	1	1
b6f5e659-0d84-4f62-b599-914804ce42fb	chr2	10587	277995	2	1	1
b6f5e659-0d84-4f62-b599-914804ce42fb	chr2	279266	336680	1	1	0
b6f5e659-0d84-4f62-b599-914804ce42fb	chr2	338364	29224242	2	1	1
b6f5e659-0d84-4f62-b599-914804ce42fb	chr2	29225894	29317731	3	2	1
b6f5e659-0d84-4f62-b599-914804ce42fb	chr2	29319194	242183243	2	1	1
b6f5e659-0d84-4f62-b599-914804ce42fb	chr3	18519	42671522	2	1	1
b6f5e659-0d84-4f62-b599-914804ce42fb	chr3	42672620	43738774	1	1	0
b6f5e659-0d84-4f62-b599-914804ce42fb	chr3	43739907	43790803	2	1	1
b6f5e659-0d84-4f62-b599-914804ce42fb	chr3	43792024	51859028	1	1	0
b6f5e659-0d84-4f62-b599-914804ce42fb	chr3	51860591	185110508	2	1	1
b6f5e659-0d84-4f62-b599-914804ce42fb	chr3	185111555	186118129	1	1	0
b6f5e659-0d84-4f62-b599-914804ce42fb	chr3	186122654	198181744	2	1	1
b6f5e659-0d84-4f62-b599-914804ce42fb	chr4	11961	144285616	2	1	1
b6f5e659-0d84-4f62-b599-914804ce42fb	chr4	144286685	144299709	1	1	0
b6f5e659-0d84-4f62-b599-914804ce42fb	chr4	144301022	190122722	2	1	1
b6f5e659-0d84-4f62-b599-914804ce42fb	chr5	11882	6698017	3	2	1
b6f5e659-0d84-4f62-b599-914804ce42fb	chr5	6699111	181363900	2	1	1
b6f5e659-0d84-4f62-b599-914804ce42fb	chr6	100116	72660011	2	1	1
b6f5e659-0d84-4f62-b599-914804ce42fb	chr6	72661382	170740469	1	1	0
b6f5e659-0d84-4f62-b599-914804ce42fb	chr7	20608	159334386	2	1	1
b6f5e659-0d84-4f62-b599-914804ce42fb	chr8	61774	128131434	2	1	1
b6f5e659-0d84-4f62-b599-914804ce42fb	chr8	128132776	128248660	4	2	2
b6f5e659-0d84-4f62-b599-914804ce42fb	chr8	128249829	145078402	2	1	1
b6f5e659-0d84-4f62-b599-914804ce42fb	chr9	10469	9059545	2	1	1
b6f5e659-0d84-4f62-b599-914804ce42fb	chr9	9060788	9677242	1	1	0
b6f5e659-0d84-4f62-b599-914804ce42fb	chr9	9678908	18206663	2	1	1
b6f5e659-0d84-4f62-b599-914804ce42fb	chr9	18208679	18223936	1	1	0
b6f5e659-0d84-4f62-b599-914804ce42fb	chr9	18225532	138256233	2	1	1
b6f5e659-0d84-4f62-b599-914804ce42fb	chr10	15029	133787009	2	1	1
b6f5e659-0d84-4f62-b599-914804ce42fb	chr11	87268	135076424	2	1	1
b6f5e659-0d84-4f62-b599-914804ce42fb	chr12	11065	133264676	2	1	1
b6f5e659-0d84-4f62-b599-914804ce42fb	chr13	18445955	66258349	2	1	1
b6f5e659-0d84-4f62-b599-914804ce42fb	chr13	66261246	66325767	1	1	0
b6f5e659-0d84-4f62-b599-914804ce42fb	chr13	66326839	114343123	2	1	1
b6f5e659-0d84-4f62-b599-914804ce42fb	chr14	18223583	106880670	2	1	1
b6f5e659-0d84-4f62-b599-914804ce42fb	chr15	19795285	101980591	2	1	1
b6f5e659-0d84-4f62-b599-914804ce42fb	chr16	10291	70899569	2	1	1
b6f5e659-0d84-4f62-b599-914804ce42fb	chr16	70900651	70964142	1	1	0
b6f5e659-0d84-4f62-b599-914804ce42fb	chr16	70965192	90226358	2	1	1
b6f5e659-0d84-4f62-b599-914804ce42fb	chr17	151035	83237603	2	1	1
b6f5e659-0d84-4f62-b599-914804ce42fb	chr18	16444	80259190	2	1	1
b6f5e659-0d84-4f62-b599-914804ce42fb	chr19	157892	58607412	2	1	1
b6f5e659-0d84-4f62-b599-914804ce42fb	chr20	80457	64331516	2	1	1
b6f5e659-0d84-4f62-b599-914804ce42fb	chr21	7762688	46699722	2	1	1
b6f5e659-0d84-4f62-b599-914804ce42fb	chr22	15284540	18027047	2	1	1
b6f5e659-0d84-4f62-b599-914804ce42fb	chr22	18028170	18947807	2	2	0
b6f5e659-0d84-4f62-b599-914804ce42fb	chr22	18948886	50802392	2	1	1
b6f5e659-0d84-4f62-b599-914804ce42fb	chrX	2781514	3415781	1	1	0
b6f5e659-0d84-4f62-b599-914804ce42fb	chrX	3417126	3423509	0	0	0
b6f5e659-0d84-4f62-b599-914804ce42fb	chrX	3424513	103686819	1	1	0
b6f5e659-0d84-4f62-b599-914804ce42fb	chrX	103689617	103726443	3	3	0
b6f5e659-0d84-4f62-b599-914804ce42fb	chrX	103727784	147841494	1	1	0
b6f5e659-0d84-4f62-b599-914804ce42fb	chrX	147844882	147864340	4	4	0
b6f5e659-0d84-4f62-b599-914804ce42fb	chrX	147865600	155699751	1	1	0
b6f5e659-0d84-4f62-b599-914804ce42fb	chrY	2789135	26622951	0	0	0
