GDC_Aliquot	Chromosome	Start	End	Copy_Number	Major_Copy_Number	Minor_Copy_Number
8dbf8701-e91f-4675-8f3f-5f0634577669	chr1	13116	248945703	2	1	1
8dbf8701-e91f-4675-8f3f-5f0634577669	chr2	10587	88857769	2	1	1
8dbf8701-e91f-4675-8f3f-5f0634577669	chr2	88859459	88866737	1	1	0
8dbf8701-e91f-4675-8f3f-5f0634577669	chr2	88867816	242183243	2	1	1
8dbf8701-e91f-4675-8f3f-5f0634577669	chr3	18519	198181744	2	1	1
8dbf8701-e91f-4675-8f3f-5f0634577669	chr4	11961	190122722	2	1	1
8dbf8701-e91f-4675-8f3f-5f0634577669	chr5	11882	181363900	2	1	1
8dbf8701-e91f-4675-8f3f-5f0634577669	chr6	100116	170740469	2	1	1
8dbf8701-e91f-4675-8f3f-5f0634577669	chr7	20608	40519761	2	1	1
8dbf8701-e91f-4675-8f3f-5f0634577669	chr7	40524185	40563238	1	1	0
8dbf8701-e91f-4675-8f3f-5f0634577669	chr7	40564371	64657724	2	1	1
8dbf8701-e91f-4675-8f3f-5f0634577669	chr7	64659322	91656113	2	2	0
8dbf8701-e91f-4675-8f3f-5f0634577669	chr7	91657676	159334386	2	1	1
8dbf8701-e91f-4675-8f3f-5f0634577669	chr8	61774	127845703	2	1	1
8dbf8701-e91f-4675-8f3f-5f0634577669	chr8	127846877	128636596	3	2	1
8dbf8701-e91f-4675-8f3f-5f0634577669	chr8	128638903	145078402	2	1	1
8dbf8701-e91f-4675-8f3f-5f0634577669	chr9	10469	145413	2	2	0
8dbf8701-e91f-4675-8f3f-5f0634577669	chr9	146873	43070419	2	1	1
8dbf8701-e91f-4675-8f3f-5f0634577669	chr9	60839871	63562539	2	2	0
8dbf8701-e91f-4675-8f3f-5f0634577669	chr9	63565368	63697358	1	1	0
8dbf8701-e91f-4675-8f3f-5f0634577669	chr9	63699545	138256233	2	1	1
8dbf8701-e91f-4675-8f3f-5f0634577669	chr10	15029	34380476	2	1	1
8dbf8701-e91f-4675-8f3f-5f0634577669	chr10	34382331	35058932	2	2	0
8dbf8701-e91f-4675-8f3f-5f0634577669	chr10	35059982	133621047	2	1	1
8dbf8701-e91f-4675-8f3f-5f0634577669	chr10	133622299	133787009	2	2	0
8dbf8701-e91f-4675-8f3f-5f0634577669	chr11	87268	135076424	2	1	1
8dbf8701-e91f-4675-8f3f-5f0634577669	chr12	11065	133264676	2	1	1
8dbf8701-e91f-4675-8f3f-5f0634577669	chr13	18445955	18540903	2	2	0
8dbf8701-e91f-4675-8f3f-5f0634577669	chr13	18541984	114343123	2	1	1
8dbf8701-e91f-4675-8f3f-5f0634577669	chr14	18223583	19959465	2	2	0
8dbf8701-e91f-4675-8f3f-5f0634577669	chr14	19960505	106880670	2	1	1
8dbf8701-e91f-4675-8f3f-5f0634577669	chr15	19795285	22839963	1	1	0
8dbf8701-e91f-4675-8f3f-5f0634577669	chr15	22842643	101830288	2	1	1
8dbf8701-e91f-4675-8f3f-5f0634577669	chr15	101831403	101980591	3	2	1
8dbf8701-e91f-4675-8f3f-5f0634577669	chr16	10291	90226358	2	1	1
8dbf8701-e91f-4675-8f3f-5f0634577669	chr17	151035	83237603	2	1	1
8dbf8701-e91f-4675-8f3f-5f0634577669	chr18	16444	35148537	2	1	1
8dbf8701-e91f-4675-8f3f-5f0634577669	chr18	35149663	35185182	1	1	0
8dbf8701-e91f-4675-8f3f-5f0634577669	chr18	35187213	80259190	2	1	1
8dbf8701-e91f-4675-8f3f-5f0634577669	chr19	157892	58607412	2	1	1
8dbf8701-e91f-4675-8f3f-5f0634577669	chr20	80457	64331516	2	1	1
8dbf8701-e91f-4675-8f3f-5f0634577669	chr21	7762688	13264585	3	2	1
8dbf8701-e91f-4675-8f3f-5f0634577669	chr21	13266595	13280587	4	3	1
8dbf8701-e91f-4675-8f3f-5f0634577669	chr21	13282597	46699722	2	1	1
8dbf8701-e91f-4675-8f3f-5f0634577669	chr22	15284540	40833145	2	1	1
8dbf8701-e91f-4675-8f3f-5f0634577669	chr22	40834234	40849453	0	0	0
8dbf8701-e91f-4675-8f3f-5f0634577669	chr22	40850948	50802392	2	1	1
8dbf8701-e91f-4675-8f3f-5f0634577669	chrX	2781514	12844603	1	1	0
8dbf8701-e91f-4675-8f3f-5f0634577669	chrX	12846161	13178132	2	2	0
8dbf8701-e91f-4675-8f3f-5f0634577669	chrX	13181735	41667350	1	1	0
8dbf8701-e91f-4675-8f3f-5f0634577669	chrX	41671088	41713834	0	0	0
8dbf8701-e91f-4675-8f3f-5f0634577669	chrX	41715448	43517278	1	1	0
8dbf8701-e91f-4675-8f3f-5f0634577669	chrX	43518322	44361877	2	2	0
8dbf8701-e91f-4675-8f3f-5f0634577669	chrX	44363540	120132808	1	1	0
8dbf8701-e91f-4675-8f3f-5f0634577669	chrX	120134349	120207090	0	0	0
8dbf8701-e91f-4675-8f3f-5f0634577669	chrX	120209265	155699751	1	1	0
8dbf8701-e91f-4675-8f3f-5f0634577669	chrY	2789135	26622951	1	1	0
