GDC_Aliquot	Chromosome	Start	End	Num_Probes	Segment_Mean
433f3500-c021-4bf4-ae43-784035f14e2e	1	62920	2342007	418	-0.0381
433f3500-c021-4bf4-ae43-784035f14e2e	1	2348984	2350915	3	1.6989
433f3500-c021-4bf4-ae43-784035f14e2e	1	2351678	15753676	7860	0.0138
433f3500-c021-4bf4-ae43-784035f14e2e	1	15761329	15783174	8	-0.996
433f3500-c021-4bf4-ae43-784035f14e2e	1	15786144	16494124	342	-0.0054
433f3500-c021-4bf4-ae43-784035f14e2e	1	16504088	16935752	116	-0.366
433f3500-c021-4bf4-ae43-784035f14e2e	1	16949746	30261189	7663	0.006
433f3500-c021-4bf4-ae43-784035f14e2e	1	30264526	30266949	8	-0.9294
433f3500-c021-4bf4-ae43-784035f14e2e	1	30268649	34637053	2553	0.0059
433f3500-c021-4bf4-ae43-784035f14e2e	1	34637069	34638890	19	-2.4404
433f3500-c021-4bf4-ae43-784035f14e2e	1	34648667	70958755	22943	0.0029
433f3500-c021-4bf4-ae43-784035f14e2e	1	70960577	70964183	2	1.869
433f3500-c021-4bf4-ae43-784035f14e2e	1	70967301	72303233	789	0.009
433f3500-c021-4bf4-ae43-784035f14e2e	1	72303253	72345465	44	-1.2211
433f3500-c021-4bf4-ae43-784035f14e2e	1	72346221	77309381	3189	0.01
433f3500-c021-4bf4-ae43-784035f14e2e	1	77309413	77310019	9	0.8445
433f3500-c021-4bf4-ae43-784035f14e2e	1	77310086	81112958	2326	0.0078
433f3500-c021-4bf4-ae43-784035f14e2e	1	81113000	81133455	23	0.4222
433f3500-c021-4bf4-ae43-784035f14e2e	1	81135485	89009572	5367	-0.0004
433f3500-c021-4bf4-ae43-784035f14e2e	1	89012275	89012522	2	-3.1176
433f3500-c021-4bf4-ae43-784035f14e2e	1	89015841	103524832	9046	0.0026
433f3500-c021-4bf4-ae43-784035f14e2e	1	103556030	103764621	42	0.5845
433f3500-c021-4bf4-ae43-784035f14e2e	1	103764636	105476861	917	0.0218
433f3500-c021-4bf4-ae43-784035f14e2e	1	105478582	105479753	12	0.8401
433f3500-c021-4bf4-ae43-784035f14e2e	1	105481433	109679105	2628	0.0071
433f3500-c021-4bf4-ae43-784035f14e2e	1	109684695	109697556	14	1.5265
433f3500-c021-4bf4-ae43-784035f14e2e	1	109702376	110833598	834	0.0144
433f3500-c021-4bf4-ae43-784035f14e2e	1	110834746	110845604	39	-0.7822
433f3500-c021-4bf4-ae43-784035f14e2e	1	110849445	111371809	431	0.0098
433f3500-c021-4bf4-ae43-784035f14e2e	1	111378003	111380232	2	-1.6686
433f3500-c021-4bf4-ae43-784035f14e2e	1	111381606	112147589	636	-0.0048
433f3500-c021-4bf4-ae43-784035f14e2e	1	112147626	112163438	29	0.6602
433f3500-c021-4bf4-ae43-784035f14e2e	1	112163440	152583051	7589	0.0104
433f3500-c021-4bf4-ae43-784035f14e2e	1	152583230	152614064	33	1.3678
433f3500-c021-4bf4-ae43-784035f14e2e	1	152614100	152789962	178	0.027
433f3500-c021-4bf4-ae43-784035f14e2e	1	152789978	152796224	28	0.8066
433f3500-c021-4bf4-ae43-784035f14e2e	1	152801429	169265291	11261	0.0011
433f3500-c021-4bf4-ae43-784035f14e2e	1	169268642	169272528	4	-3.6621
433f3500-c021-4bf4-ae43-784035f14e2e	1	169273163	189256953	13146	0.0053
433f3500-c021-4bf4-ae43-784035f14e2e	1	189259394	189737632	317	0.1459
433f3500-c021-4bf4-ae43-784035f14e2e	1	189738542	193186662	2295	-0.0017
433f3500-c021-4bf4-ae43-784035f14e2e	1	193187149	193187218	4	1.609
433f3500-c021-4bf4-ae43-784035f14e2e	1	193190593	194479104	943	-0.0148
433f3500-c021-4bf4-ae43-784035f14e2e	1	194482281	194485888	2	-1.8938
433f3500-c021-4bf4-ae43-784035f14e2e	1	194487886	196737547	1442	0.0101
433f3500-c021-4bf4-ae43-784035f14e2e	1	196737736	196832312	64	0.5544
433f3500-c021-4bf4-ae43-784035f14e2e	1	196832525	196846661	5	-0.965
433f3500-c021-4bf4-ae43-784035f14e2e	1	196847600	196917640	57	0.0562
433f3500-c021-4bf4-ae43-784035f14e2e	1	196923704	196936029	6	0.9349
433f3500-c021-4bf4-ae43-784035f14e2e	1	196940515	199142235	1311	-0.0039
433f3500-c021-4bf4-ae43-784035f14e2e	1	199142298	199143343	5	-3.3685
433f3500-c021-4bf4-ae43-784035f14e2e	1	199143396	214464465	10489	0.0005
433f3500-c021-4bf4-ae43-784035f14e2e	1	214465093	214465114	2	-4.0078
433f3500-c021-4bf4-ae43-784035f14e2e	1	214465910	248930189	23889	0.0063
433f3500-c021-4bf4-ae43-784035f14e2e	2	12784	7498587	5917	0.0084
433f3500-c021-4bf4-ae43-784035f14e2e	2	7499242	7506841	3	1.6879
433f3500-c021-4bf4-ae43-784035f14e2e	2	7506876	13142715	4109	0.0026
433f3500-c021-4bf4-ae43-784035f14e2e	2	13144180	13145316	4	1.3788
433f3500-c021-4bf4-ae43-784035f14e2e	2	13147900	14886923	1210	0.0188
433f3500-c021-4bf4-ae43-784035f14e2e	2	14887533	14908672	18	0.4771
433f3500-c021-4bf4-ae43-784035f14e2e	2	14909886	32505822	11320	0.0058
433f3500-c021-4bf4-ae43-784035f14e2e	2	32506851	32509219	2	2.0436
433f3500-c021-4bf4-ae43-784035f14e2e	2	32510766	34466002	1459	0.0009
433f3500-c021-4bf4-ae43-784035f14e2e	2	34474248	34486407	16	-1.3377
433f3500-c021-4bf4-ae43-784035f14e2e	2	34491703	34492416	9	0.1158
433f3500-c021-4bf4-ae43-784035f14e2e	2	34492601	34511990	21	-2.0367
433f3500-c021-4bf4-ae43-784035f14e2e	2	34512096	35740049	867	0.0345
433f3500-c021-4bf4-ae43-784035f14e2e	2	35742057	35762850	10	0.9947
433f3500-c021-4bf4-ae43-784035f14e2e	2	35762881	40762124	3730	0.0102
433f3500-c021-4bf4-ae43-784035f14e2e	2	40763176	40764298	4	1.3836
433f3500-c021-4bf4-ae43-784035f14e2e	2	40764666	41306327	417	0.0162
433f3500-c021-4bf4-ae43-784035f14e2e	2	41307821	41307863	2	1.7144
433f3500-c021-4bf4-ae43-784035f14e2e	2	41307995	45181130	2783	-0.0001
433f3500-c021-4bf4-ae43-784035f14e2e	2	45181809	45747716	421	0.529
433f3500-c021-4bf4-ae43-784035f14e2e	2	45749281	52527330	4749	0.0139
433f3500-c021-4bf4-ae43-784035f14e2e	2	52527342	52563355	42	0.9578
433f3500-c021-4bf4-ae43-784035f14e2e	2	52564986	75602753	14814	0.0069
433f3500-c021-4bf4-ae43-784035f14e2e	2	75602927	75660695	75	0.3755
433f3500-c021-4bf4-ae43-784035f14e2e	2	75660758	242147305	97255	0.0082
433f3500-c021-4bf4-ae43-784035f14e2e	3	20930	8780118	7711	0.0238
433f3500-c021-4bf4-ae43-784035f14e2e	3	8783681	8816515	27	0.5398
433f3500-c021-4bf4-ae43-784035f14e2e	3	8825123	12656967	2766	-0.0063
433f3500-c021-4bf4-ae43-784035f14e2e	3	12657047	12658121	4	1.3033
433f3500-c021-4bf4-ae43-784035f14e2e	3	12659897	26570158	9463	0.0036
433f3500-c021-4bf4-ae43-784035f14e2e	3	26570176	26570394	4	-2.5633
433f3500-c021-4bf4-ae43-784035f14e2e	3	26570407	26571710	8	0.4511
433f3500-c021-4bf4-ae43-784035f14e2e	3	26573483	26573486	3	-1.7416
433f3500-c021-4bf4-ae43-784035f14e2e	3	26574458	68697013	27716	0.0022
433f3500-c021-4bf4-ae43-784035f14e2e	3	68697108	68698213	13	0.7696
433f3500-c021-4bf4-ae43-784035f14e2e	3	68698262	89360696	12642	0.0036
433f3500-c021-4bf4-ae43-784035f14e2e	3	89360887	89370230	23	-0.8348
433f3500-c021-4bf4-ae43-784035f14e2e	3	89370231	95737262	1380	0.01
433f3500-c021-4bf4-ae43-784035f14e2e	3	95748036	95749266	2	-3.1176
433f3500-c021-4bf4-ae43-784035f14e2e	3	95749836	161797809	40165	0.0027
433f3500-c021-4bf4-ae43-784035f14e2e	3	161797839	161797861	2	2.231
433f3500-c021-4bf4-ae43-784035f14e2e	3	161798156	173519113	7089	0.0083
433f3500-c021-4bf4-ae43-784035f14e2e	3	173522845	173571890	24	0.6798
433f3500-c021-4bf4-ae43-784035f14e2e	3	173582403	193160113	12770	0.0032
433f3500-c021-4bf4-ae43-784035f14e2e	3	193160173	193165114	19	-1.1807
433f3500-c021-4bf4-ae43-784035f14e2e	3	193168646	198169247	2687	-0.0175
433f3500-c021-4bf4-ae43-784035f14e2e	4	68929	10227193	5702	-0.0007
433f3500-c021-4bf4-ae43-784035f14e2e	4	10227256	10228006	8	-1.3723
433f3500-c021-4bf4-ae43-784035f14e2e	4	10228296	32392452	15622	0.0078
433f3500-c021-4bf4-ae43-784035f14e2e	4	32398929	32398977	4	1.6358
433f3500-c021-4bf4-ae43-784035f14e2e	4	32399891	34676796	1277	0.0055
433f3500-c021-4bf4-ae43-784035f14e2e	4	34683428	34685549	4	1.2949
433f3500-c021-4bf4-ae43-784035f14e2e	4	34698272	34777418	60	0.0425
433f3500-c021-4bf4-ae43-784035f14e2e	4	34777432	34823103	39	-0.6229
433f3500-c021-4bf4-ae43-784035f14e2e	4	34828250	62802116	15966	0.0109
433f3500-c021-4bf4-ae43-784035f14e2e	4	62804218	62813912	9	1.1416
433f3500-c021-4bf4-ae43-784035f14e2e	4	62818784	65078596	1364	0.0099
433f3500-c021-4bf4-ae43-784035f14e2e	4	65078607	65078760	2	-2.6748
433f3500-c021-4bf4-ae43-784035f14e2e	4	65081482	68346808	2057	0.0153
433f3500-c021-4bf4-ae43-784035f14e2e	4	68349208	68671434	99	0.4496
433f3500-c021-4bf4-ae43-784035f14e2e	4	68674307	69223788	293	-0.0027
433f3500-c021-4bf4-ae43-784035f14e2e	4	69226629	69459100	124	0.2678
433f3500-c021-4bf4-ae43-784035f14e2e	4	69459710	71539972	1226	0.0148
433f3500-c021-4bf4-ae43-784035f14e2e	4	71540749	71541012	2	2.0039
433f3500-c021-4bf4-ae43-784035f14e2e	4	71544631	86054070	9146	0.0065
433f3500-c021-4bf4-ae43-784035f14e2e	4	86054941	86058229	15	-2.0934
433f3500-c021-4bf4-ae43-784035f14e2e	4	86058415	103823578	10556	0.0021
433f3500-c021-4bf4-ae43-784035f14e2e	4	103823914	103830487	9	0.8949
433f3500-c021-4bf4-ae43-784035f14e2e	4	103830488	107147161	1864	0.0057
433f3500-c021-4bf4-ae43-784035f14e2e	4	107147227	107150455	4	0.7406
433f3500-c021-4bf4-ae43-784035f14e2e	4	107150471	107150731	2	2.3751
433f3500-c021-4bf4-ae43-784035f14e2e	4	107152350	107154110	6	-0.0076
433f3500-c021-4bf4-ae43-784035f14e2e	4	107154125	107155376	10	0.7961
433f3500-c021-4bf4-ae43-784035f14e2e	4	107156277	114252544	4396	0.0081
433f3500-c021-4bf4-ae43-784035f14e2e	4	114254167	114261019	23	-1.6612
433f3500-c021-4bf4-ae43-784035f14e2e	4	114263073	115251961	617	0.0168
433f3500-c021-4bf4-ae43-784035f14e2e	4	115252047	115264385	28	0.4269
433f3500-c021-4bf4-ae43-784035f14e2e	4	115264945	121352989	3685	0.0161
433f3500-c021-4bf4-ae43-784035f14e2e	4	121353499	121363827	29	-0.5875
433f3500-c021-4bf4-ae43-784035f14e2e	4	121363980	171448195	30230	0.0092
433f3500-c021-4bf4-ae43-784035f14e2e	4	171453733	171456625	11	1.842
433f3500-c021-4bf4-ae43-784035f14e2e	4	171459220	190106768	12462	0.0121
433f3500-c021-4bf4-ae43-784035f14e2e	5	15532	306919	134	0.0193
433f3500-c021-4bf4-ae43-784035f14e2e	5	307698	1927239	809	-0.0921
433f3500-c021-4bf4-ae43-784035f14e2e	5	1927298	12785079	9228	0.0062
433f3500-c021-4bf4-ae43-784035f14e2e	5	12785134	12849089	21	0.7672
433f3500-c021-4bf4-ae43-784035f14e2e	5	12857021	13042994	67	0.0187
433f3500-c021-4bf4-ae43-784035f14e2e	5	13043119	13081507	4	1.3564
433f3500-c021-4bf4-ae43-784035f14e2e	5	13087694	21449167	5428	0.0052
433f3500-c021-4bf4-ae43-784035f14e2e	5	21451091	21452387	6	1.1566
433f3500-c021-4bf4-ae43-784035f14e2e	5	21454830	46196012	14917	0.0045
433f3500-c021-4bf4-ae43-784035f14e2e	5	46199332	46199333	2	-2.3305
433f3500-c021-4bf4-ae43-784035f14e2e	5	46209197	46251204	13	0.1242
433f3500-c021-4bf4-ae43-784035f14e2e	5	46270906	46273400	8	1.0403
433f3500-c021-4bf4-ae43-784035f14e2e	5	46278110	58025819	5068	0.0044
433f3500-c021-4bf4-ae43-784035f14e2e	5	58030200	58036464	22	-0.8514
433f3500-c021-4bf4-ae43-784035f14e2e	5	58036504	76142713	10419	0.0011
433f3500-c021-4bf4-ae43-784035f14e2e	5	76143397	76154319	25	0.5553
433f3500-c021-4bf4-ae43-784035f14e2e	5	76154351	99310083	13351	0.0007
433f3500-c021-4bf4-ae43-784035f14e2e	5	99310588	100199505	525	0.0873
433f3500-c021-4bf4-ae43-784035f14e2e	5	100200716	100202522	3	1.7116
433f3500-c021-4bf4-ae43-784035f14e2e	5	100202634	104515520	2484	0.0219
433f3500-c021-4bf4-ae43-784035f14e2e	5	104524672	104524903	4	-1.6194
433f3500-c021-4bf4-ae43-784035f14e2e	5	104525348	152135825	30726	0.0038
433f3500-c021-4bf4-ae43-784035f14e2e	5	152135909	152138790	12	-1.6998
433f3500-c021-4bf4-ae43-784035f14e2e	5	152140710	152199363	50	-0.0048
433f3500-c021-4bf4-ae43-784035f14e2e	5	152203251	152203849	4	-1.4197
433f3500-c021-4bf4-ae43-784035f14e2e	5	152205566	156055705	2612	0.0091
433f3500-c021-4bf4-ae43-784035f14e2e	5	156055719	156068249	4	1.5153
433f3500-c021-4bf4-ae43-784035f14e2e	5	156073982	181363319	16765	-0.0008
433f3500-c021-4bf4-ae43-784035f14e2e	6	149661	254267	100	-0.0811
433f3500-c021-4bf4-ae43-784035f14e2e	6	254283	381149	101	-0.5007
433f3500-c021-4bf4-ae43-784035f14e2e	6	382559	1045690	595	0.0084
433f3500-c021-4bf4-ae43-784035f14e2e	6	1045916	1058079	16	0.7235
433f3500-c021-4bf4-ae43-784035f14e2e	6	1060997	29869411	20806	0.0017
433f3500-c021-4bf4-ae43-784035f14e2e	6	29869537	29906865	20	-1.0002
433f3500-c021-4bf4-ae43-784035f14e2e	6	29906932	31313046	655	0.0073
433f3500-c021-4bf4-ae43-784035f14e2e	6	31318499	31327629	6	-1.8295
433f3500-c021-4bf4-ae43-784035f14e2e	6	31328176	32463515	500	-0.0068
433f3500-c021-4bf4-ae43-784035f14e2e	6	32463775	32559507	24	-0.6762
433f3500-c021-4bf4-ae43-784035f14e2e	6	32562367	32718419	77	-0.0922
433f3500-c021-4bf4-ae43-784035f14e2e	6	32720838	32721076	3	-1.6473
433f3500-c021-4bf4-ae43-784035f14e2e	6	32721547	34153512	882	-0.0102
433f3500-c021-4bf4-ae43-784035f14e2e	6	34156636	34170312	8	0.8075
433f3500-c021-4bf4-ae43-784035f14e2e	6	34170525	41650440	4960	0.004
433f3500-c021-4bf4-ae43-784035f14e2e	6	41651023	41651509	3	-1.7728
433f3500-c021-4bf4-ae43-784035f14e2e	6	41651951	54066353	7774	0.0042
433f3500-c021-4bf4-ae43-784035f14e2e	6	54066432	54067057	6	-1.7529
433f3500-c021-4bf4-ae43-784035f14e2e	6	54070550	68976737	7223	0.022
433f3500-c021-4bf4-ae43-784035f14e2e	6	68977806	68987514	5	-1.3024
433f3500-c021-4bf4-ae43-784035f14e2e	6	68990430	76730151	4914	0.0095
433f3500-c021-4bf4-ae43-784035f14e2e	6	76730331	76743040	20	-0.643
433f3500-c021-4bf4-ae43-784035f14e2e	6	76751356	78262371	983	0.0019
433f3500-c021-4bf4-ae43-784035f14e2e	6	78262427	78325468	104	-0.5314
433f3500-c021-4bf4-ae43-784035f14e2e	6	78329517	80575042	1436	0.0038
433f3500-c021-4bf4-ae43-784035f14e2e	6	80575241	80579817	27	-1.1272
433f3500-c021-4bf4-ae43-784035f14e2e	6	80584624	103286954	13988	0.0054
433f3500-c021-4bf4-ae43-784035f14e2e	6	103290101	103314174	44	0.7999
433f3500-c021-4bf4-ae43-784035f14e2e	6	103314186	170741917	44087	0.001
433f3500-c021-4bf4-ae43-784035f14e2e	7	43355	126406113	76873	0.0062
433f3500-c021-4bf4-ae43-784035f14e2e	7	126406435	126406546	3	-2.3378
433f3500-c021-4bf4-ae43-784035f14e2e	7	126406561	128290909	1284	0.0085
433f3500-c021-4bf4-ae43-784035f14e2e	7	128290926	128290941	2	1.9785
433f3500-c021-4bf4-ae43-784035f14e2e	7	128291027	159334314	19513	0.0039
433f3500-c021-4bf4-ae43-784035f14e2e	8	81254	644944	320	-0.0073
433f3500-c021-4bf4-ae43-784035f14e2e	8	644973	645875	7	1.4632
433f3500-c021-4bf4-ae43-784035f14e2e	8	645892	645908	2	5.069
433f3500-c021-4bf4-ae43-784035f14e2e	8	656117	2844412	1705	-0.0046
433f3500-c021-4bf4-ae43-784035f14e2e	8	2846011	2846377	7	-1.563
433f3500-c021-4bf4-ae43-784035f14e2e	8	2849649	4308211	2018	0.0225
433f3500-c021-4bf4-ae43-784035f14e2e	8	4308501	4308545	4	-1.3567
433f3500-c021-4bf4-ae43-784035f14e2e	8	4308579	5741828	1938	0.0279
433f3500-c021-4bf4-ae43-784035f14e2e	8	5743780	5743796	2	2.2962
433f3500-c021-4bf4-ae43-784035f14e2e	8	5743816	7358351	1724	0.0107
433f3500-c021-4bf4-ae43-784035f14e2e	8	7358509	8234503	60	-0.7361
433f3500-c021-4bf4-ae43-784035f14e2e	8	8235660	12092042	3207	-0.0158
433f3500-c021-4bf4-ae43-784035f14e2e	8	12130217	12177488	8	-1.9794
433f3500-c021-4bf4-ae43-784035f14e2e	8	12323772	15435453	2684	0.0096
433f3500-c021-4bf4-ae43-784035f14e2e	8	15436422	15437936	2	-3.0974
433f3500-c021-4bf4-ae43-784035f14e2e	8	15439194	18407644	2671	-0.0002
433f3500-c021-4bf4-ae43-784035f14e2e	8	18408647	18413675	4	-2.1695
433f3500-c021-4bf4-ae43-784035f14e2e	8	18413877	25114672	5069	0.0039
433f3500-c021-4bf4-ae43-784035f14e2e	8	25116928	25126626	23	0.8074
433f3500-c021-4bf4-ae43-784035f14e2e	8	25126641	39373140	9004	0.0011
433f3500-c021-4bf4-ae43-784035f14e2e	8	39378084	39529446	59	-2.4225
433f3500-c021-4bf4-ae43-784035f14e2e	8	39530780	40326278	589	0.0171
433f3500-c021-4bf4-ae43-784035f14e2e	8	40326280	40331992	33	-0.8105
433f3500-c021-4bf4-ae43-784035f14e2e	8	40335391	40914477	451	0.015
433f3500-c021-4bf4-ae43-784035f14e2e	8	40920333	40920952	2	-2.6157
433f3500-c021-4bf4-ae43-784035f14e2e	8	40926161	111279265	40879	0.0026
433f3500-c021-4bf4-ae43-784035f14e2e	8	111282050	111283031	9	-1.6065
433f3500-c021-4bf4-ae43-784035f14e2e	8	111288052	136665653	17713	0.0003
433f3500-c021-4bf4-ae43-784035f14e2e	8	136669376	136849952	174	-0.8089
433f3500-c021-4bf4-ae43-784035f14e2e	8	136850173	144997478	4954	-0.0135
433f3500-c021-4bf4-ae43-784035f14e2e	8	144997768	145011781	10	-0.9575
433f3500-c021-4bf4-ae43-784035f14e2e	8	145013754	145072769	29	0.1109
433f3500-c021-4bf4-ae43-784035f14e2e	9	46587	41714376	31216	0.0176
433f3500-c021-4bf4-ae43-784035f14e2e	9	41741096	42546668	38	0.5833
433f3500-c021-4bf4-ae43-784035f14e2e	9	42566207	60893611	48	-0.0303
433f3500-c021-4bf4-ae43-784035f14e2e	9	60894341	61668104	41	0.706
433f3500-c021-4bf4-ae43-784035f14e2e	9	61680289	135322259	46890	0.004
433f3500-c021-4bf4-ae43-784035f14e2e	9	135323776	135324566	2	-4.1818
433f3500-c021-4bf4-ae43-784035f14e2e	9	135325951	138200944	1107	0.0026
433f3500-c021-4bf4-ae43-784035f14e2e	10	45792	9538866	8195	0.0043
433f3500-c021-4bf4-ae43-784035f14e2e	10	9540385	9759170	131	0.2157
433f3500-c021-4bf4-ae43-784035f14e2e	10	9761344	46522514	23295	0.0035
433f3500-c021-4bf4-ae43-784035f14e2e	10	46522571	46526061	11	0.8665
433f3500-c021-4bf4-ae43-784035f14e2e	10	46526086	81118403	22833	0.0064
433f3500-c021-4bf4-ae43-784035f14e2e	10	81121574	81130027	10	-1.1948
433f3500-c021-4bf4-ae43-784035f14e2e	10	81134713	133654968	36043	0.002
433f3500-c021-4bf4-ae43-784035f14e2e	11	198510	253662	37	0.1436
433f3500-c021-4bf4-ae43-784035f14e2e	11	253841	254010	2	1.8119
433f3500-c021-4bf4-ae43-784035f14e2e	11	254064	4946420	2373	-0.0005
433f3500-c021-4bf4-ae43-784035f14e2e	11	4947280	4952518	20	0.9623
433f3500-c021-4bf4-ae43-784035f14e2e	11	4952533	5768371	795	0.0177
433f3500-c021-4bf4-ae43-784035f14e2e	11	5768495	5788231	31	-0.5724
433f3500-c021-4bf4-ae43-784035f14e2e	11	5791130	21169743	11461	0.0015
433f3500-c021-4bf4-ae43-784035f14e2e	11	21169867	21184412	30	0.4337
433f3500-c021-4bf4-ae43-784035f14e2e	11	21184427	25685538	3269	0.021
433f3500-c021-4bf4-ae43-784035f14e2e	11	25685885	25702336	23	0.5446
433f3500-c021-4bf4-ae43-784035f14e2e	11	25702347	36948620	7938	0.0059
433f3500-c021-4bf4-ae43-784035f14e2e	11	36948644	37614962	445	0.1407
433f3500-c021-4bf4-ae43-784035f14e2e	11	37615471	42791601	3410	-0.0064
433f3500-c021-4bf4-ae43-784035f14e2e	11	42794936	42796489	2	-3.4417
433f3500-c021-4bf4-ae43-784035f14e2e	11	42799053	48908369	3501	0.0001
433f3500-c021-4bf4-ae43-784035f14e2e	11	48908580	48908776	2	2.0387
433f3500-c021-4bf4-ae43-784035f14e2e	11	48943181	54924229	835	0.0439
433f3500-c021-4bf4-ae43-784035f14e2e	11	54933825	54934156	3	-2.3036
433f3500-c021-4bf4-ae43-784035f14e2e	11	54940988	56257482	703	0.1324
433f3500-c021-4bf4-ae43-784035f14e2e	11	56260226	135074876	51783	0.0044
433f3500-c021-4bf4-ae43-784035f14e2e	12	51460	246676	114	0.0489
433f3500-c021-4bf4-ae43-784035f14e2e	12	247273	248145	2	2.6721
433f3500-c021-4bf4-ae43-784035f14e2e	12	248153	2126723	1148	0.0289
433f3500-c021-4bf4-ae43-784035f14e2e	12	2136696	2148754	41	-0.7038
433f3500-c021-4bf4-ae43-784035f14e2e	12	2148857	9498697	4868	0.0031
433f3500-c021-4bf4-ae43-784035f14e2e	12	9498795	9562969	18	-2.0139
433f3500-c021-4bf4-ae43-784035f14e2e	12	9575696	11078856	1040	-0.0248
433f3500-c021-4bf4-ae43-784035f14e2e	12	11080319	11088933	5	-1.4341
433f3500-c021-4bf4-ae43-784035f14e2e	12	11099275	11351008	128	0.0376
433f3500-c021-4bf4-ae43-784035f14e2e	12	11351041	11399818	36	0.5492
433f3500-c021-4bf4-ae43-784035f14e2e	12	11399848	130028387	75392	0.0052
433f3500-c021-4bf4-ae43-784035f14e2e	12	130034810	130035119	2	2.5887
433f3500-c021-4bf4-ae43-784035f14e2e	12	130035265	133201603	1903	0.0033
433f3500-c021-4bf4-ae43-784035f14e2e	13	18452809	57189979	25991	0.0048
433f3500-c021-4bf4-ae43-784035f14e2e	13	57190029	57215580	18	0.8017
433f3500-c021-4bf4-ae43-784035f14e2e	13	57215875	105370372	31636	0.0118
433f3500-c021-4bf4-ae43-784035f14e2e	13	105370636	105374205	2	2.4544
433f3500-c021-4bf4-ae43-784035f14e2e	13	105374508	114342922	6383	-0.0013
433f3500-c021-4bf4-ae43-784035f14e2e	14	18239283	19964642	177	0.3961
433f3500-c021-4bf4-ae43-784035f14e2e	14	19964829	20082381	82	0.0215
433f3500-c021-4bf4-ae43-784035f14e2e	14	20085125	20087037	2	4.2623
433f3500-c021-4bf4-ae43-784035f14e2e	14	20089108	21786874	1114	-0.0085
433f3500-c021-4bf4-ae43-784035f14e2e	14	21789074	22501577	636	0.1362
433f3500-c021-4bf4-ae43-784035f14e2e	14	22501590	36866383	9104	0.0012
433f3500-c021-4bf4-ae43-784035f14e2e	14	36866665	36867430	4	1.66
433f3500-c021-4bf4-ae43-784035f14e2e	14	36867767	85099082	30649	0.0054
433f3500-c021-4bf4-ae43-784035f14e2e	14	85099129	85099456	3	2.0219
433f3500-c021-4bf4-ae43-784035f14e2e	14	85099620	106284182	13228	0.0021
433f3500-c021-4bf4-ae43-784035f14e2e	14	106290131	106462169	107	0.4158
433f3500-c021-4bf4-ae43-784035f14e2e	14	106462183	106877229	196	0.0182
433f3500-c021-4bf4-ae43-784035f14e2e	15	19811075	20187568	54	-0.0954
433f3500-c021-4bf4-ae43-784035f14e2e	15	20190276	20670989	96	-0.6968
433f3500-c021-4bf4-ae43-784035f14e2e	15	20981071	20988347	5	0.755
433f3500-c021-4bf4-ae43-784035f14e2e	15	21005443	22576496	57	-0.5598
433f3500-c021-4bf4-ae43-784035f14e2e	15	22582296	23400217	311	0.0165
433f3500-c021-4bf4-ae43-784035f14e2e	15	23409060	23425837	9	-1.5587
433f3500-c021-4bf4-ae43-784035f14e2e	15	23426699	30201158	4297	0.0106
433f3500-c021-4bf4-ae43-784035f14e2e	15	30215220	30291233	13	-0.7991
433f3500-c021-4bf4-ae43-784035f14e2e	15	30297594	32212063	1063	0.0035
433f3500-c021-4bf4-ae43-784035f14e2e	15	32217691	32239115	9	-1.2928
433f3500-c021-4bf4-ae43-784035f14e2e	15	32240890	45075651	7833	0.0068
433f3500-c021-4bf4-ae43-784035f14e2e	15	45078326	45091422	8	0.9996
433f3500-c021-4bf4-ae43-784035f14e2e	15	45091486	56498505	7358	0.0067
433f3500-c021-4bf4-ae43-784035f14e2e	15	56498612	56518564	27	-0.5172
433f3500-c021-4bf4-ae43-784035f14e2e	15	56519006	66819319	7021	-0.0073
433f3500-c021-4bf4-ae43-784035f14e2e	15	66819377	66821137	3	-1.5493
433f3500-c021-4bf4-ae43-784035f14e2e	15	66821216	76598900	5708	-0.0018
433f3500-c021-4bf4-ae43-784035f14e2e	15	76599170	76603434	21	-1.9384
433f3500-c021-4bf4-ae43-784035f14e2e	15	76609838	97288957	14160	0.0039
433f3500-c021-4bf4-ae43-784035f14e2e	15	97290419	97290422	3	1.7128
433f3500-c021-4bf4-ae43-784035f14e2e	15	97301760	101928837	3418	0.01
433f3500-c021-4bf4-ae43-784035f14e2e	16	10777	16539504	11734	0.0082
433f3500-c021-4bf4-ae43-784035f14e2e	16	16539715	16563603	7	1.1689
433f3500-c021-4bf4-ae43-784035f14e2e	16	16569719	16614737	10	-0.3943
433f3500-c021-4bf4-ae43-784035f14e2e	16	16620150	16797287	22	0.5673
433f3500-c021-4bf4-ae43-784035f14e2e	16	16797785	18104860	956	0.0261
433f3500-c021-4bf4-ae43-784035f14e2e	16	18134261	18144432	2	-1.8662
433f3500-c021-4bf4-ae43-784035f14e2e	16	18148869	18730788	29	0.0309
433f3500-c021-4bf4-ae43-784035f14e2e	16	18731740	18756796	5	1.1487
433f3500-c021-4bf4-ae43-784035f14e2e	16	18759524	35225230	7353	-0.0006
433f3500-c021-4bf4-ae43-784035f14e2e	16	35225338	35521195	168	0.499
433f3500-c021-4bf4-ae43-784035f14e2e	16	35522700	55762682	6590	0.0092
433f3500-c021-4bf4-ae43-784035f14e2e	16	55764310	55808442	18	0.6903
433f3500-c021-4bf4-ae43-784035f14e2e	16	55808470	88080605	24028	0.0031
433f3500-c021-4bf4-ae43-784035f14e2e	16	88081232	90096867	837	-0.0723
433f3500-c021-4bf4-ae43-784035f14e2e	17	150733	41262120	20785	0.0009
433f3500-c021-4bf4-ae43-784035f14e2e	17	41265433	41274279	26	-0.6336
433f3500-c021-4bf4-ae43-784035f14e2e	17	41276472	46120791	2523	0.0022
433f3500-c021-4bf4-ae43-784035f14e2e	17	46124022	46571001	104	-0.5063
433f3500-c021-4bf4-ae43-784035f14e2e	17	46664059	74158094	17024	0.0059
433f3500-c021-4bf4-ae43-784035f14e2e	17	74163122	74163683	2	1.9621
433f3500-c021-4bf4-ae43-784035f14e2e	17	74170544	83091923	4506	-0.0108
433f3500-c021-4bf4-ae43-784035f14e2e	18	48133	294045	111	0.0955
433f3500-c021-4bf4-ae43-784035f14e2e	18	294169	298100	8	-0.9707
433f3500-c021-4bf4-ae43-784035f14e2e	18	298508	1902885	1193	0.0268
433f3500-c021-4bf4-ae43-784035f14e2e	18	1905357	1987537	98	-0.8493
433f3500-c021-4bf4-ae43-784035f14e2e	18	1994942	69076108	41045	0.0111
433f3500-c021-4bf4-ae43-784035f14e2e	18	69078869	69090513	41	-0.7122
433f3500-c021-4bf4-ae43-784035f14e2e	18	69090550	80257174	8160	0.0092
433f3500-c021-4bf4-ae43-784035f14e2e	19	90910	20411869	8909	-0.0094
433f3500-c021-4bf4-ae43-784035f14e2e	19	20413400	20533543	67	-0.7861
433f3500-c021-4bf4-ae43-784035f14e2e	19	20533583	58586487	20091	0.0085
433f3500-c021-4bf4-ae43-784035f14e2e	20	80664	1571470	1178	0.0102
433f3500-c021-4bf4-ae43-784035f14e2e	20	1571528	1580353	24	-0.6562
433f3500-c021-4bf4-ae43-784035f14e2e	20	1580934	1613247	40	1.6833
433f3500-c021-4bf4-ae43-784035f14e2e	20	1617300	64324800	41071	0.0041
433f3500-c021-4bf4-ae43-784035f14e2e	21	10354168	46677045	23829	0.0056
433f3500-c021-4bf4-ae43-784035f14e2e	22	15294547	18649244	1132	0.0058
433f3500-c021-4bf4-ae43-784035f14e2e	22	18760927	19018612	58	-1.0876
433f3500-c021-4bf4-ae43-784035f14e2e	22	19019471	19797020	475	-0.0078
433f3500-c021-4bf4-ae43-784035f14e2e	22	19798910	20793948	724	-0.1096
433f3500-c021-4bf4-ae43-784035f14e2e	22	20795724	22398127	1062	0.002
433f3500-c021-4bf4-ae43-784035f14e2e	22	22398345	22398545	4	-1.4031
433f3500-c021-4bf4-ae43-784035f14e2e	22	22402989	38899250	11714	0
433f3500-c021-4bf4-ae43-784035f14e2e	22	38900535	38900899	2	-4.1267
433f3500-c021-4bf4-ae43-784035f14e2e	22	38903109	49025419	6965	0.0024
433f3500-c021-4bf4-ae43-784035f14e2e	22	49026364	50796027	1102	-0.0701
433f3500-c021-4bf4-ae43-784035f14e2e	X	251810	5778716	2320	-0.0079
433f3500-c021-4bf4-ae43-784035f14e2e	X	5778783	5781353	4	-3.9265
433f3500-c021-4bf4-ae43-784035f14e2e	X	5783136	40074498	22400	0.0083
433f3500-c021-4bf4-ae43-784035f14e2e	X	40074800	40075235	2	-4.3487
433f3500-c021-4bf4-ae43-784035f14e2e	X	40076082	41031404	495	0.0111
433f3500-c021-4bf4-ae43-784035f14e2e	X	41031578	41032765	3	-2.6556
433f3500-c021-4bf4-ae43-784035f14e2e	X	41035705	52108312	5418	0.0151
433f3500-c021-4bf4-ae43-784035f14e2e	X	52108554	52109555	2	-2.7617
433f3500-c021-4bf4-ae43-784035f14e2e	X	52111582	66045337	3888	0.0043
433f3500-c021-4bf4-ae43-784035f14e2e	X	66046111	66046281	2	3.6499
433f3500-c021-4bf4-ae43-784035f14e2e	X	66046829	75969438	4509	0.0191
433f3500-c021-4bf4-ae43-784035f14e2e	X	75969617	75971720	3	-3.4977
433f3500-c021-4bf4-ae43-784035f14e2e	X	75973281	104084615	14575	0.0125
433f3500-c021-4bf4-ae43-784035f14e2e	X	104084628	104086595	2	-4.5951
433f3500-c021-4bf4-ae43-784035f14e2e	X	104090208	155952689	29685	0.0148
433f3500-c021-4bf4-ae43-784035f14e2e	Y	2782397	56872112	6629	-0.8706
