GDC_Aliquot	Chromosome	Start	End	Copy_Number	Major_Copy_Number	Minor_Copy_Number
bf84a979-446c-47ae-98e4-c4bbb443e928	chr1	13116	104837996	2	1	1
bf84a979-446c-47ae-98e4-c4bbb443e928	chr1	104839292	105375051	6	3	3
bf84a979-446c-47ae-98e4-c4bbb443e928	chr1	105376611	121742438	4	2	2
bf84a979-446c-47ae-98e4-c4bbb443e928	chr1	143417573	161564664	6	3	3
bf84a979-446c-47ae-98e4-c4bbb443e928	chr1	161566341	161669439	5	5	0
bf84a979-446c-47ae-98e4-c4bbb443e928	chr1	161671594	233223897	6	3	3
bf84a979-446c-47ae-98e4-c4bbb443e928	chr1	233227184	248945703	4	2	2
bf84a979-446c-47ae-98e4-c4bbb443e928	chr2	10587	5811687	5	3	2
bf84a979-446c-47ae-98e4-c4bbb443e928	chr2	5812814	180130436	4	2	2
bf84a979-446c-47ae-98e4-c4bbb443e928	chr2	180131462	192914630	6	3	3
bf84a979-446c-47ae-98e4-c4bbb443e928	chr2	192917742	194075671	4	2	2
bf84a979-446c-47ae-98e4-c4bbb443e928	chr2	194079610	221601046	5	3	2
bf84a979-446c-47ae-98e4-c4bbb443e928	chr2	221602335	221700735	5	4	1
bf84a979-446c-47ae-98e4-c4bbb443e928	chr2	221703087	242183243	2	2	0
bf84a979-446c-47ae-98e4-c4bbb443e928	chr3	18519	525346	6	3	3
bf84a979-446c-47ae-98e4-c4bbb443e928	chr3	527914	540565	4	2	2
bf84a979-446c-47ae-98e4-c4bbb443e928	chr3	541645	619836	6	3	3
bf84a979-446c-47ae-98e4-c4bbb443e928	chr3	621115	198181744	4	2	2
bf84a979-446c-47ae-98e4-c4bbb443e928	chr4	11961	49295709	4	2	2
bf84a979-446c-47ae-98e4-c4bbb443e928	chr4	49298510	51794225	1	1	0
bf84a979-446c-47ae-98e4-c4bbb443e928	chr4	51795413	57802960	4	2	2
bf84a979-446c-47ae-98e4-c4bbb443e928	chr4	57803966	86809479	2	2	0
bf84a979-446c-47ae-98e4-c4bbb443e928	chr4	86811176	86842734	5	4	1
bf84a979-446c-47ae-98e4-c4bbb443e928	chr4	86843858	86866370	3	3	0
bf84a979-446c-47ae-98e4-c4bbb443e928	chr4	86867450	87914366	6	3	3
bf84a979-446c-47ae-98e4-c4bbb443e928	chr4	87915764	153342721	4	2	2
bf84a979-446c-47ae-98e4-c4bbb443e928	chr4	153343780	153443140	6	3	3
bf84a979-446c-47ae-98e4-c4bbb443e928	chr4	153444416	153463532	4	2	2
bf84a979-446c-47ae-98e4-c4bbb443e928	chr4	153464773	153703504	6	3	3
bf84a979-446c-47ae-98e4-c4bbb443e928	chr4	153706503	153720337	4	2	2
bf84a979-446c-47ae-98e4-c4bbb443e928	chr4	153721546	153776605	8	4	4
bf84a979-446c-47ae-98e4-c4bbb443e928	chr4	153777681	166362304	4	2	2
bf84a979-446c-47ae-98e4-c4bbb443e928	chr4	166363605	166747721	2	2	0
bf84a979-446c-47ae-98e4-c4bbb443e928	chr4	166748726	190122722	4	2	2
bf84a979-446c-47ae-98e4-c4bbb443e928	chr5	11882	181363900	4	2	2
bf84a979-446c-47ae-98e4-c4bbb443e928	chr6	100116	58226859	6	3	3
bf84a979-446c-47ae-98e4-c4bbb443e928	chr6	58227903	67625903	4	2	2
bf84a979-446c-47ae-98e4-c4bbb443e928	chr6	67627349	170740469	2	1	1
bf84a979-446c-47ae-98e4-c4bbb443e928	chr7	20608	27588424	6	3	3
bf84a979-446c-47ae-98e4-c4bbb443e928	chr7	27589582	159334386	4	2	2
bf84a979-446c-47ae-98e4-c4bbb443e928	chr8	61774	285700	3	3	0
bf84a979-446c-47ae-98e4-c4bbb443e928	chr8	286765	32803389	2	2	0
bf84a979-446c-47ae-98e4-c4bbb443e928	chr8	32804419	36904620	6	3	3
bf84a979-446c-47ae-98e4-c4bbb443e928	chr8	36907417	39008366	8	6	2
bf84a979-446c-47ae-98e4-c4bbb443e928	chr8	39010936	48204937	4	2	2
bf84a979-446c-47ae-98e4-c4bbb443e928	chr8	48206045	48220901	2	1	1
bf84a979-446c-47ae-98e4-c4bbb443e928	chr8	48222182	48225387	5	5	0
bf84a979-446c-47ae-98e4-c4bbb443e928	chr8	48226532	48651879	2	2	0
bf84a979-446c-47ae-98e4-c4bbb443e928	chr8	48653059	56579542	4	2	2
bf84a979-446c-47ae-98e4-c4bbb443e928	chr8	56581168	56609702	3	2	1
bf84a979-446c-47ae-98e4-c4bbb443e928	chr8	56610723	60070673	2	2	0
bf84a979-446c-47ae-98e4-c4bbb443e928	chr8	60072443	119255733	6	3	3
bf84a979-446c-47ae-98e4-c4bbb443e928	chr8	119257021	145078402	7	4	3
bf84a979-446c-47ae-98e4-c4bbb443e928	chr9	10469	205252	3	3	0
bf84a979-446c-47ae-98e4-c4bbb443e928	chr9	206255	43070419	4	2	2
bf84a979-446c-47ae-98e4-c4bbb443e928	chr9	60839871	68412110	3	2	1
bf84a979-446c-47ae-98e4-c4bbb443e928	chr9	68413211	127100384	2	1	1
bf84a979-446c-47ae-98e4-c4bbb443e928	chr9	127103572	136988288	3	2	1
bf84a979-446c-47ae-98e4-c4bbb443e928	chr9	136989496	138256233	5	3	2
bf84a979-446c-47ae-98e4-c4bbb443e928	chr10	15029	133622299	4	2	2
bf84a979-446c-47ae-98e4-c4bbb443e928	chr10	133623775	133787009	2	2	0
bf84a979-446c-47ae-98e4-c4bbb443e928	chr11	87268	27003125	2	1	1
bf84a979-446c-47ae-98e4-c4bbb443e928	chr11	27004330	104338812	4	2	2
bf84a979-446c-47ae-98e4-c4bbb443e928	chr11	104340294	104370512	3	3	0
bf84a979-446c-47ae-98e4-c4bbb443e928	chr11	104371540	135076424	2	1	1
bf84a979-446c-47ae-98e4-c4bbb443e928	chr12	11065	29615481	2	2	0
bf84a979-446c-47ae-98e4-c4bbb443e928	chr12	29617310	133264676	4	2	2
bf84a979-446c-47ae-98e4-c4bbb443e928	chr13	18445955	114343123	2	1	1
bf84a979-446c-47ae-98e4-c4bbb443e928	chr14	18223583	18412572	5	5	0
bf84a979-446c-47ae-98e4-c4bbb443e928	chr14	18415239	19675299	4	2	2
bf84a979-446c-47ae-98e4-c4bbb443e928	chr14	19677760	19940338	4	4	0
bf84a979-446c-47ae-98e4-c4bbb443e928	chr14	19941340	95682665	4	2	2
bf84a979-446c-47ae-98e4-c4bbb443e928	chr14	95684017	106880670	3	2	1
bf84a979-446c-47ae-98e4-c4bbb443e928	chr15	19795285	34654399	4	2	2
bf84a979-446c-47ae-98e4-c4bbb443e928	chr15	34655432	101980591	2	1	1
bf84a979-446c-47ae-98e4-c4bbb443e928	chr16	10291	6448868	2	1	1
bf84a979-446c-47ae-98e4-c4bbb443e928	chr16	6450689	6841364	4	2	2
bf84a979-446c-47ae-98e4-c4bbb443e928	chr16	6842506	8045447	2	1	1
bf84a979-446c-47ae-98e4-c4bbb443e928	chr16	8046456	8294782	4	2	2
bf84a979-446c-47ae-98e4-c4bbb443e928	chr16	8295875	8315007	5	5	0
bf84a979-446c-47ae-98e4-c4bbb443e928	chr16	8316074	10784057	8	4	4
bf84a979-446c-47ae-98e4-c4bbb443e928	chr16	10786220	12673086	7	4	3
bf84a979-446c-47ae-98e4-c4bbb443e928	chr16	12674232	13044251	6	3	3
bf84a979-446c-47ae-98e4-c4bbb443e928	chr16	13045369	27549565	2	1	1
bf84a979-446c-47ae-98e4-c4bbb443e928	chr16	27554638	28633138	6	3	3
bf84a979-446c-47ae-98e4-c4bbb443e928	chr16	28636247	36045725	4	2	2
bf84a979-446c-47ae-98e4-c4bbb443e928	chr16	46380940	90226358	2	1	1
bf84a979-446c-47ae-98e4-c4bbb443e928	chr17	151035	22736323	2	2	0
bf84a979-446c-47ae-98e4-c4bbb443e928	chr17	22737350	22759710	3	3	0
bf84a979-446c-47ae-98e4-c4bbb443e928	chr17	22760926	22763011	10	10	0
bf84a979-446c-47ae-98e4-c4bbb443e928	chr17	26937095	26939555	5	4	1
bf84a979-446c-47ae-98e4-c4bbb443e928	chr17	26940638	56468153	4	2	2
bf84a979-446c-47ae-98e4-c4bbb443e928	chr17	56469789	83237603	6	3	3
bf84a979-446c-47ae-98e4-c4bbb443e928	chr18	16444	80259190	2	1	1
bf84a979-446c-47ae-98e4-c4bbb443e928	chr19	157892	42484691	4	2	2
bf84a979-446c-47ae-98e4-c4bbb443e928	chr19	42486230	45962138	5	3	2
bf84a979-446c-47ae-98e4-c4bbb443e928	chr19	45963594	48877096	4	2	2
bf84a979-446c-47ae-98e4-c4bbb443e928	chr19	48878108	58607412	3	2	1
bf84a979-446c-47ae-98e4-c4bbb443e928	chr20	80457	30186662	2	1	1
bf84a979-446c-47ae-98e4-c4bbb443e928	chr20	30187708	55180321	4	4	0
bf84a979-446c-47ae-98e4-c4bbb443e928	chr20	55181360	64331516	2	1	1
bf84a979-446c-47ae-98e4-c4bbb443e928	chr21	7762688	8522577	3	3	0
bf84a979-446c-47ae-98e4-c4bbb443e928	chr21	8523670	8528451	1	1	0
bf84a979-446c-47ae-98e4-c4bbb443e928	chr21	8529538	8547361	15	10	5
bf84a979-446c-47ae-98e4-c4bbb443e928	chr21	8549698	8560041	0	0	0
bf84a979-446c-47ae-98e4-c4bbb443e928	chr21	8561862	8577867	1	1	0
bf84a979-446c-47ae-98e4-c4bbb443e928	chr21	8582184	8585096	3	3	0
bf84a979-446c-47ae-98e4-c4bbb443e928	chr21	8587227	8590853	0	0	0
bf84a979-446c-47ae-98e4-c4bbb443e928	chr21	8594826	8602542	10	10	0
bf84a979-446c-47ae-98e4-c4bbb443e928	chr21	8606831	8614004	7	7	0
bf84a979-446c-47ae-98e4-c4bbb443e928	chr21	8615004	8620976	2	2	0
bf84a979-446c-47ae-98e4-c4bbb443e928	chr21	8624355	8629570	16	16	0
bf84a979-446c-47ae-98e4-c4bbb443e928	chr21	8631255	8636466	6	6	0
bf84a979-446c-47ae-98e4-c4bbb443e928	chr21	8638799	8638799	5	5	0
bf84a979-446c-47ae-98e4-c4bbb443e928	chr21	8640139	9035476	1	1	0
bf84a979-446c-47ae-98e4-c4bbb443e928	chr21	9037110	10773594	2	2	0
bf84a979-446c-47ae-98e4-c4bbb443e928	chr21	10774892	46699722	4	2	2
bf84a979-446c-47ae-98e4-c4bbb443e928	chr22	15284540	41848030	2	1	1
bf84a979-446c-47ae-98e4-c4bbb443e928	chr22	41849718	50802392	4	4	0
bf84a979-446c-47ae-98e4-c4bbb443e928	chrX	2781514	8306099	2	2	0
bf84a979-446c-47ae-98e4-c4bbb443e928	chrX	8307278	8335191	0	0	0
bf84a979-446c-47ae-98e4-c4bbb443e928	chrX	8338907	47557216	2	2	0
bf84a979-446c-47ae-98e4-c4bbb443e928	chrX	47558988	47716710	1	1	0
bf84a979-446c-47ae-98e4-c4bbb443e928	chrX	47718180	106841309	2	2	0
bf84a979-446c-47ae-98e4-c4bbb443e928	chrX	106844772	106923164	4	4	0
bf84a979-446c-47ae-98e4-c4bbb443e928	chrX	106924871	112188062	2	2	0
bf84a979-446c-47ae-98e4-c4bbb443e928	chrX	112189849	112235963	5	5	0
bf84a979-446c-47ae-98e4-c4bbb443e928	chrX	112236999	155699751	2	2	0
bf84a979-446c-47ae-98e4-c4bbb443e928	chrY	2789135	2968528	1	1	0
bf84a979-446c-47ae-98e4-c4bbb443e928	chrY	2974171	26622951	0	0	0
