GDC_Aliquot	Chromosome	Start	End	Copy_Number	Major_Copy_Number	Minor_Copy_Number
cc5cdc32-6156-4237-8640-0855f5c3ba0a	chr1	13116	30437243	2	1	1
cc5cdc32-6156-4237-8640-0855f5c3ba0a	chr1	30439387	39199010	3	2	1
cc5cdc32-6156-4237-8640-0855f5c3ba0a	chr1	39201453	52687372	2	1	1
cc5cdc32-6156-4237-8640-0855f5c3ba0a	chr1	52688436	59301875	3	2	1
cc5cdc32-6156-4237-8640-0855f5c3ba0a	chr1	59303048	121602702	2	1	1
cc5cdc32-6156-4237-8640-0855f5c3ba0a	chr1	121608947	121742438	5	4	1
cc5cdc32-6156-4237-8640-0855f5c3ba0a	chr1	143417573	143928569	2	2	0
cc5cdc32-6156-4237-8640-0855f5c3ba0a	chr1	143933174	149925325	2	1	1
cc5cdc32-6156-4237-8640-0855f5c3ba0a	chr1	149927059	150533100	5	4	1
cc5cdc32-6156-4237-8640-0855f5c3ba0a	chr1	150534113	175440410	3	2	1
cc5cdc32-6156-4237-8640-0855f5c3ba0a	chr1	175442329	175647832	5	4	1
cc5cdc32-6156-4237-8640-0855f5c3ba0a	chr1	175649521	248945703	2	1	1
cc5cdc32-6156-4237-8640-0855f5c3ba0a	chr2	10587	88353851	2	1	1
cc5cdc32-6156-4237-8640-0855f5c3ba0a	chr2	88355049	88899322	4	3	1
cc5cdc32-6156-4237-8640-0855f5c3ba0a	chr2	88902376	160159995	3	2	1
cc5cdc32-6156-4237-8640-0855f5c3ba0a	chr2	160162721	242183243	2	1	1
cc5cdc32-6156-4237-8640-0855f5c3ba0a	chr3	18519	43449254	2	1	1
cc5cdc32-6156-4237-8640-0855f5c3ba0a	chr3	43450484	187834073	3	2	1
cc5cdc32-6156-4237-8640-0855f5c3ba0a	chr3	187835792	198181744	4	2	2
cc5cdc32-6156-4237-8640-0855f5c3ba0a	chr4	11961	158927285	2	1	1
cc5cdc32-6156-4237-8640-0855f5c3ba0a	chr4	158928746	190122722	1	1	0
cc5cdc32-6156-4237-8640-0855f5c3ba0a	chr5	11882	46092310	3	2	1
cc5cdc32-6156-4237-8640-0855f5c3ba0a	chr5	46094350	46231857	4	2	2
cc5cdc32-6156-4237-8640-0855f5c3ba0a	chr5	46234280	46353476	6	6	0
cc5cdc32-6156-4237-8640-0855f5c3ba0a	chr5	46355465	46396314	5	3	2
cc5cdc32-6156-4237-8640-0855f5c3ba0a	chr5	46398857	50269833	3	2	1
cc5cdc32-6156-4237-8640-0855f5c3ba0a	chr5	50270856	144736095	2	1	1
cc5cdc32-6156-4237-8640-0855f5c3ba0a	chr5	144737677	151666777	3	3	0
cc5cdc32-6156-4237-8640-0855f5c3ba0a	chr5	151668221	166247764	2	1	1
cc5cdc32-6156-4237-8640-0855f5c3ba0a	chr5	166248988	178289406	1	1	0
cc5cdc32-6156-4237-8640-0855f5c3ba0a	chr5	178290587	181363900	2	1	1
cc5cdc32-6156-4237-8640-0855f5c3ba0a	chr6	100116	380920	2	2	0
cc5cdc32-6156-4237-8640-0855f5c3ba0a	chr6	382537	7894462	3	2	1
cc5cdc32-6156-4237-8640-0855f5c3ba0a	chr6	7895680	21079478	2	1	1
cc5cdc32-6156-4237-8640-0855f5c3ba0a	chr6	21080975	23213973	3	2	1
cc5cdc32-6156-4237-8640-0855f5c3ba0a	chr6	23215691	29278308	2	1	1
cc5cdc32-6156-4237-8640-0855f5c3ba0a	chr6	29279401	29780864	3	2	1
cc5cdc32-6156-4237-8640-0855f5c3ba0a	chr6	29782104	30123657	2	1	1
cc5cdc32-6156-4237-8640-0855f5c3ba0a	chr6	30124930	41687602	3	2	1
cc5cdc32-6156-4237-8640-0855f5c3ba0a	chr6	41688990	170740469	2	1	1
cc5cdc32-6156-4237-8640-0855f5c3ba0a	chr7	20608	57882743	2	1	1
cc5cdc32-6156-4237-8640-0855f5c3ba0a	chr7	57883874	62944328	3	2	1
cc5cdc32-6156-4237-8640-0855f5c3ba0a	chr7	62945418	98845158	1	1	0
cc5cdc32-6156-4237-8640-0855f5c3ba0a	chr7	98846330	159334386	2	1	1
cc5cdc32-6156-4237-8640-0855f5c3ba0a	chr8	61774	35615346	1	1	0
cc5cdc32-6156-4237-8640-0855f5c3ba0a	chr8	35621177	39615531	3	2	1
cc5cdc32-6156-4237-8640-0855f5c3ba0a	chr8	39619459	76472483	2	1	1
cc5cdc32-6156-4237-8640-0855f5c3ba0a	chr8	76473710	79146659	3	2	1
cc5cdc32-6156-4237-8640-0855f5c3ba0a	chr8	79148706	82413971	4	2	2
cc5cdc32-6156-4237-8640-0855f5c3ba0a	chr8	82415277	82415277	0	0	0
cc5cdc32-6156-4237-8640-0855f5c3ba0a	chr8	82416432	82438020	4	2	2
cc5cdc32-6156-4237-8640-0855f5c3ba0a	chr8	82439219	97666977	2	1	1
cc5cdc32-6156-4237-8640-0855f5c3ba0a	chr8	97668189	112793519	4	2	2
cc5cdc32-6156-4237-8640-0855f5c3ba0a	chr8	112794587	145034255	3	2	1
cc5cdc32-6156-4237-8640-0855f5c3ba0a	chr8	145035279	145078402	4	2	2
cc5cdc32-6156-4237-8640-0855f5c3ba0a	chr9	10469	41087848	2	1	1
cc5cdc32-6156-4237-8640-0855f5c3ba0a	chr9	41089744	41287387	2	2	0
cc5cdc32-6156-4237-8640-0855f5c3ba0a	chr9	41288710	43070419	2	1	1
cc5cdc32-6156-4237-8640-0855f5c3ba0a	chr9	60839871	68335220	2	2	0
cc5cdc32-6156-4237-8640-0855f5c3ba0a	chr9	68338085	138256233	2	1	1
cc5cdc32-6156-4237-8640-0855f5c3ba0a	chr10	15029	41738720	3	2	1
cc5cdc32-6156-4237-8640-0855f5c3ba0a	chr10	41740771	56802451	2	1	1
cc5cdc32-6156-4237-8640-0855f5c3ba0a	chr10	56803551	58750838	3	2	1
cc5cdc32-6156-4237-8640-0855f5c3ba0a	chr10	58751999	133787009	2	1	1
cc5cdc32-6156-4237-8640-0855f5c3ba0a	chr11	87268	41995976	2	1	1
cc5cdc32-6156-4237-8640-0855f5c3ba0a	chr11	42000137	42477749	3	2	1
cc5cdc32-6156-4237-8640-0855f5c3ba0a	chr11	42478877	50288277	2	1	1
cc5cdc32-6156-4237-8640-0855f5c3ba0a	chr11	50289363	50816301	3	2	1
cc5cdc32-6156-4237-8640-0855f5c3ba0a	chr11	50817769	130883174	2	1	1
cc5cdc32-6156-4237-8640-0855f5c3ba0a	chr11	130884352	135076424	3	2	1
cc5cdc32-6156-4237-8640-0855f5c3ba0a	chr12	11065	33166237	3	2	1
cc5cdc32-6156-4237-8640-0855f5c3ba0a	chr12	33167553	133264676	2	1	1
cc5cdc32-6156-4237-8640-0855f5c3ba0a	chr13	18445955	19334635	1	1	0
cc5cdc32-6156-4237-8640-0855f5c3ba0a	chr13	19336133	27574589	2	1	1
cc5cdc32-6156-4237-8640-0855f5c3ba0a	chr13	27576244	34094686	1	1	0
cc5cdc32-6156-4237-8640-0855f5c3ba0a	chr13	34095705	67438649	2	1	1
cc5cdc32-6156-4237-8640-0855f5c3ba0a	chr13	67440369	70930177	6	3	3
cc5cdc32-6156-4237-8640-0855f5c3ba0a	chr13	70931441	74471758	4	2	2
cc5cdc32-6156-4237-8640-0855f5c3ba0a	chr13	74473052	92758711	5	3	2
cc5cdc32-6156-4237-8640-0855f5c3ba0a	chr13	92759795	92980088	1	1	0
cc5cdc32-6156-4237-8640-0855f5c3ba0a	chr13	92981652	114343123	2	1	1
cc5cdc32-6156-4237-8640-0855f5c3ba0a	chr14	18223583	18387198	5	3	2
cc5cdc32-6156-4237-8640-0855f5c3ba0a	chr14	18389552	35435471	3	2	1
cc5cdc32-6156-4237-8640-0855f5c3ba0a	chr14	35436912	36662788	4	2	2
cc5cdc32-6156-4237-8640-0855f5c3ba0a	chr14	36665286	60614735	3	2	1
cc5cdc32-6156-4237-8640-0855f5c3ba0a	chr14	60616616	86656670	2	1	1
cc5cdc32-6156-4237-8640-0855f5c3ba0a	chr14	86657902	89451160	3	2	1
cc5cdc32-6156-4237-8640-0855f5c3ba0a	chr14	89452352	92103364	5	4	1
cc5cdc32-6156-4237-8640-0855f5c3ba0a	chr14	92105187	95870625	3	2	1
cc5cdc32-6156-4237-8640-0855f5c3ba0a	chr14	95872264	96837542	5	4	1
cc5cdc32-6156-4237-8640-0855f5c3ba0a	chr14	96839558	98209061	3	2	1
cc5cdc32-6156-4237-8640-0855f5c3ba0a	chr14	98211265	106880670	2	1	1
cc5cdc32-6156-4237-8640-0855f5c3ba0a	chr15	19795285	23983300	3	2	1
cc5cdc32-6156-4237-8640-0855f5c3ba0a	chr15	23984404	25939986	2	1	1
cc5cdc32-6156-4237-8640-0855f5c3ba0a	chr15	25941133	28317852	3	2	1
cc5cdc32-6156-4237-8640-0855f5c3ba0a	chr15	28320784	28682222	2	2	0
cc5cdc32-6156-4237-8640-0855f5c3ba0a	chr15	28683838	34447012	3	2	1
cc5cdc32-6156-4237-8640-0855f5c3ba0a	chr15	34448031	87878429	2	1	1
cc5cdc32-6156-4237-8640-0855f5c3ba0a	chr15	87879820	87914408	4	2	2
cc5cdc32-6156-4237-8640-0855f5c3ba0a	chr15	87916001	89419668	3	2	1
cc5cdc32-6156-4237-8640-0855f5c3ba0a	chr15	89420757	93074704	2	1	1
cc5cdc32-6156-4237-8640-0855f5c3ba0a	chr15	93075808	93563201	3	3	0
cc5cdc32-6156-4237-8640-0855f5c3ba0a	chr15	93564244	101980591	2	1	1
cc5cdc32-6156-4237-8640-0855f5c3ba0a	chr16	10291	9778641	2	1	1
cc5cdc32-6156-4237-8640-0855f5c3ba0a	chr16	9779755	15000983	4	2	2
cc5cdc32-6156-4237-8640-0855f5c3ba0a	chr16	15002107	17688099	3	2	1
cc5cdc32-6156-4237-8640-0855f5c3ba0a	chr16	17689609	32215947	2	1	1
cc5cdc32-6156-4237-8640-0855f5c3ba0a	chr16	32223554	34050775	2	2	0
cc5cdc32-6156-4237-8640-0855f5c3ba0a	chr16	34052826	36045725	3	2	1
cc5cdc32-6156-4237-8640-0855f5c3ba0a	chr16	46380940	90226358	2	1	1
cc5cdc32-6156-4237-8640-0855f5c3ba0a	chr17	151035	168715	1	1	0
cc5cdc32-6156-4237-8640-0855f5c3ba0a	chr17	169758	204300	4	2	2
cc5cdc32-6156-4237-8640-0855f5c3ba0a	chr17	205706	39871147	2	1	1
cc5cdc32-6156-4237-8640-0855f5c3ba0a	chr17	39872381	75728722	3	2	1
cc5cdc32-6156-4237-8640-0855f5c3ba0a	chr17	75730604	83237603	2	1	1
cc5cdc32-6156-4237-8640-0855f5c3ba0a	chr18	16444	11146282	4	2	2
cc5cdc32-6156-4237-8640-0855f5c3ba0a	chr18	11148197	12160798	5	3	2
cc5cdc32-6156-4237-8640-0855f5c3ba0a	chr18	12161843	15410360	4	2	2
cc5cdc32-6156-4237-8640-0855f5c3ba0a	chr18	20931967	23122873	3	2	1
cc5cdc32-6156-4237-8640-0855f5c3ba0a	chr18	23124266	42958502	2	1	1
cc5cdc32-6156-4237-8640-0855f5c3ba0a	chr18	42961862	80259190	1	1	0
cc5cdc32-6156-4237-8640-0855f5c3ba0a	chr19	157892	58607412	2	1	1
cc5cdc32-6156-4237-8640-0855f5c3ba0a	chr20	80457	64331516	2	1	1
cc5cdc32-6156-4237-8640-0855f5c3ba0a	chr21	7762688	10668197	1	1	0
cc5cdc32-6156-4237-8640-0855f5c3ba0a	chr21	10670020	46699722	2	1	1
cc5cdc32-6156-4237-8640-0855f5c3ba0a	chr22	15284540	19932836	4	2	2
cc5cdc32-6156-4237-8640-0855f5c3ba0a	chr22	19933855	29091737	3	2	1
cc5cdc32-6156-4237-8640-0855f5c3ba0a	chr22	29093013	50802392	2	1	1
cc5cdc32-6156-4237-8640-0855f5c3ba0a	chrX	2781514	9061864	2	2	0
cc5cdc32-6156-4237-8640-0855f5c3ba0a	chrX	9063165	9076144	6	6	0
cc5cdc32-6156-4237-8640-0855f5c3ba0a	chrX	9077219	18620084	2	2	0
cc5cdc32-6156-4237-8640-0855f5c3ba0a	chrX	18627439	29063350	1	1	0
cc5cdc32-6156-4237-8640-0855f5c3ba0a	chrX	29065640	29259624	0	0	0
cc5cdc32-6156-4237-8640-0855f5c3ba0a	chrX	29260788	43022658	1	1	0
cc5cdc32-6156-4237-8640-0855f5c3ba0a	chrX	43024531	43082082	3	3	0
cc5cdc32-6156-4237-8640-0855f5c3ba0a	chrX	43083233	62628357	1	1	0
cc5cdc32-6156-4237-8640-0855f5c3ba0a	chrX	62629584	62852078	4	4	0
cc5cdc32-6156-4237-8640-0855f5c3ba0a	chrX	62862023	67322705	1	1	0
cc5cdc32-6156-4237-8640-0855f5c3ba0a	chrX	67323796	67333616	5	5	0
cc5cdc32-6156-4237-8640-0855f5c3ba0a	chrX	67334998	89962236	1	1	0
cc5cdc32-6156-4237-8640-0855f5c3ba0a	chrX	89963355	90042136	0	0	0
cc5cdc32-6156-4237-8640-0855f5c3ba0a	chrX	90043640	90158919	2	2	0
cc5cdc32-6156-4237-8640-0855f5c3ba0a	chrX	90161187	95606504	1	1	0
cc5cdc32-6156-4237-8640-0855f5c3ba0a	chrX	95607552	117387421	2	2	0
cc5cdc32-6156-4237-8640-0855f5c3ba0a	chrX	117388422	138842710	1	1	0
cc5cdc32-6156-4237-8640-0855f5c3ba0a	chrX	138844062	139016512	0	0	0
cc5cdc32-6156-4237-8640-0855f5c3ba0a	chrX	139017634	155699751	1	1	0
cc5cdc32-6156-4237-8640-0855f5c3ba0a	chrY	2789135	26622951	0	0	0
