GDC_Aliquot	Chromosome	Start	End	Num_Probes	Segment_Mean
7ab228bb-1e42-4a34-8588-bc6bfac64d94	1	62920	86341	11	0.7046
7ab228bb-1e42-4a34-8588-bc6bfac64d94	1	98588	1318170	162	0.0253
7ab228bb-1e42-4a34-8588-bc6bfac64d94	1	1318197	2017019	166	-0.1807
7ab228bb-1e42-4a34-8588-bc6bfac64d94	1	2025885	12792599	6148	-0.0138
7ab228bb-1e42-4a34-8588-bc6bfac64d94	1	12797714	13460805	63	-0.2675
7ab228bb-1e42-4a34-8588-bc6bfac64d94	1	13466924	13941272	351	-0.0246
7ab228bb-1e42-4a34-8588-bc6bfac64d94	1	13947708	13947737	2	-1.9609
7ab228bb-1e42-4a34-8588-bc6bfac64d94	1	13948688	13994395	56	0.0144
7ab228bb-1e42-4a34-8588-bc6bfac64d94	1	13994660	14004642	6	-0.7773
7ab228bb-1e42-4a34-8588-bc6bfac64d94	1	14004749	16679483	1710	-0.0059
7ab228bb-1e42-4a34-8588-bc6bfac64d94	1	16685961	16926919	61	0.3622
7ab228bb-1e42-4a34-8588-bc6bfac64d94	1	16927043	17252058	239	-0.0476
7ab228bb-1e42-4a34-8588-bc6bfac64d94	1	17252239	17377366	106	-0.2196
7ab228bb-1e42-4a34-8588-bc6bfac64d94	1	17381244	21969814	3004	-0.0184
7ab228bb-1e42-4a34-8588-bc6bfac64d94	1	21970933	22047131	32	-0.4483
7ab228bb-1e42-4a34-8588-bc6bfac64d94	1	22052457	25256850	1896	-0.0243
7ab228bb-1e42-4a34-8588-bc6bfac64d94	1	25266637	25320455	24	-0.8287
7ab228bb-1e42-4a34-8588-bc6bfac64d94	1	25336819	40556404	8156	-0.0099
7ab228bb-1e42-4a34-8588-bc6bfac64d94	1	40562178	40562538	3	-1.4827
7ab228bb-1e42-4a34-8588-bc6bfac64d94	1	40563254	42417573	1157	0.0044
7ab228bb-1e42-4a34-8588-bc6bfac64d94	1	42418520	42419852	2	-1.6204
7ab228bb-1e42-4a34-8588-bc6bfac64d94	1	42419962	55038977	7026	-0.0171
7ab228bb-1e42-4a34-8588-bc6bfac64d94	1	55042283	65920762	8246	0.0126
7ab228bb-1e42-4a34-8588-bc6bfac64d94	1	65925170	72297687	4145	-0.0093
7ab228bb-1e42-4a34-8588-bc6bfac64d94	1	72302735	72345465	48	1.0483
7ab228bb-1e42-4a34-8588-bc6bfac64d94	1	72346221	77309187	3199	0.0059
7ab228bb-1e42-4a34-8588-bc6bfac64d94	1	77309329	77314151	21	-1.0322
7ab228bb-1e42-4a34-8588-bc6bfac64d94	1	77315985	83350794	3867	0.0035
7ab228bb-1e42-4a34-8588-bc6bfac64d94	1	83359894	83359907	2	-1.8157
7ab228bb-1e42-4a34-8588-bc6bfac64d94	1	83362590	91675050	5567	-0.0002
7ab228bb-1e42-4a34-8588-bc6bfac64d94	1	91675370	91804500	120	0.1591
7ab228bb-1e42-4a34-8588-bc6bfac64d94	1	91804513	109025865	10544	-0.0076
7ab228bb-1e42-4a34-8588-bc6bfac64d94	1	109028555	109124298	23	-0.3943
7ab228bb-1e42-4a34-8588-bc6bfac64d94	1	109129593	109310269	87	0.0638
7ab228bb-1e42-4a34-8588-bc6bfac64d94	1	109311865	109663353	174	-0.0561
7ab228bb-1e42-4a34-8588-bc6bfac64d94	1	109663865	109684893	9	0.1448
7ab228bb-1e42-4a34-8588-bc6bfac64d94	1	109690352	109697556	13	1.3378
7ab228bb-1e42-4a34-8588-bc6bfac64d94	1	109702376	120414592	7037	-0.0036
7ab228bb-1e42-4a34-8588-bc6bfac64d94	1	120885464	120954128	3	-1.4251
7ab228bb-1e42-4a34-8588-bc6bfac64d94	1	120954165	143664701	158	-0.058
7ab228bb-1e42-4a34-8588-bc6bfac64d94	1	143664805	145837617	150	-0.243
7ab228bb-1e42-4a34-8588-bc6bfac64d94	1	145837889	152787202	2432	0.0017
7ab228bb-1e42-4a34-8588-bc6bfac64d94	1	152789447	152796224	37	-0.6329
7ab228bb-1e42-4a34-8588-bc6bfac64d94	1	152801429	155691436	1556	0.0034
7ab228bb-1e42-4a34-8588-bc6bfac64d94	1	155692180	155693566	2	-2.5378
7ab228bb-1e42-4a34-8588-bc6bfac64d94	1	155697170	169265291	9724	0.0138
7ab228bb-1e42-4a34-8588-bc6bfac64d94	1	169268642	169269493	3	-1.4545
7ab228bb-1e42-4a34-8588-bc6bfac64d94	1	169269507	175442329	3939	0.0201
7ab228bb-1e42-4a34-8588-bc6bfac64d94	1	175442551	175442683	3	-1.8156
7ab228bb-1e42-4a34-8588-bc6bfac64d94	1	175444297	175779565	310	0.1389
7ab228bb-1e42-4a34-8588-bc6bfac64d94	1	175780016	179354603	2362	0.028
7ab228bb-1e42-4a34-8588-bc6bfac64d94	1	179361393	179370071	5	-1.116
7ab228bb-1e42-4a34-8588-bc6bfac64d94	1	179370127	196742057	11561	0.0041
7ab228bb-1e42-4a34-8588-bc6bfac64d94	1	196745692	196846661	63	0.2996
7ab228bb-1e42-4a34-8588-bc6bfac64d94	1	196847600	199055444	1310	-0.0066
7ab228bb-1e42-4a34-8588-bc6bfac64d94	1	199057638	199142235	65	0.1574
7ab228bb-1e42-4a34-8588-bc6bfac64d94	1	199142298	199144712	8	-2.3524
7ab228bb-1e42-4a34-8588-bc6bfac64d94	1	199145110	240228440	28563	0.0096
7ab228bb-1e42-4a34-8588-bc6bfac64d94	1	240230715	240230839	6	-2.6658
7ab228bb-1e42-4a34-8588-bc6bfac64d94	1	240232805	241893105	1328	0.0052
7ab228bb-1e42-4a34-8588-bc6bfac64d94	1	241893326	242037928	71	-0.343
7ab228bb-1e42-4a34-8588-bc6bfac64d94	1	242037945	242884254	663	0.009
7ab228bb-1e42-4a34-8588-bc6bfac64d94	1	242885438	243114197	72	-0.2581
7ab228bb-1e42-4a34-8588-bc6bfac64d94	1	243117583	246230530	2141	0.0371
7ab228bb-1e42-4a34-8588-bc6bfac64d94	1	246230873	248303790	1308	-0.0306
7ab228bb-1e42-4a34-8588-bc6bfac64d94	1	248303999	248585893	105	0.0731
7ab228bb-1e42-4a34-8588-bc6bfac64d94	1	248585918	248633912	31	-0.7776
7ab228bb-1e42-4a34-8588-bc6bfac64d94	1	248645563	248930189	141	-0.0523
7ab228bb-1e42-4a34-8588-bc6bfac64d94	2	12784	7089698	5544	0.0144
7ab228bb-1e42-4a34-8588-bc6bfac64d94	2	7093393	7094345	10	-0.8032
7ab228bb-1e42-4a34-8588-bc6bfac64d94	2	7096019	24365387	12369	0.0203
7ab228bb-1e42-4a34-8588-bc6bfac64d94	2	24367392	24485404	96	-0.2159
7ab228bb-1e42-4a34-8588-bc6bfac64d94	2	24487458	32501246	4615	0.009
7ab228bb-1e42-4a34-8588-bc6bfac64d94	2	32505822	32720709	100	-0.1794
7ab228bb-1e42-4a34-8588-bc6bfac64d94	2	32720996	41011095	6212	0.0281
7ab228bb-1e42-4a34-8588-bc6bfac64d94	2	41011303	41024093	23	-0.5095
7ab228bb-1e42-4a34-8588-bc6bfac64d94	2	41024125	81583448	27162	0.0209
7ab228bb-1e42-4a34-8588-bc6bfac64d94	2	81585057	81589170	10	-1.1402
7ab228bb-1e42-4a34-8588-bc6bfac64d94	2	81590015	89897956	3822	0.008
7ab228bb-1e42-4a34-8588-bc6bfac64d94	2	89920951	89956227	5	0.9941
7ab228bb-1e42-4a34-8588-bc6bfac64d94	2	89960252	91913296	162	0.0634
7ab228bb-1e42-4a34-8588-bc6bfac64d94	2	91917312	91959019	10	-0.6176
7ab228bb-1e42-4a34-8588-bc6bfac64d94	2	91961945	97210040	877	-0.0241
7ab228bb-1e42-4a34-8588-bc6bfac64d94	2	97210463	97210536	2	-1.6242
7ab228bb-1e42-4a34-8588-bc6bfac64d94	2	97211069	97534580	19	0.1825
7ab228bb-1e42-4a34-8588-bc6bfac64d94	2	97535071	97545726	6	1.0809
7ab228bb-1e42-4a34-8588-bc6bfac64d94	2	97550415	132022409	20507	0.0102
7ab228bb-1e42-4a34-8588-bc6bfac64d94	2	132022945	132039763	6	-1.104
7ab228bb-1e42-4a34-8588-bc6bfac64d94	2	132051740	132429370	91	-0.0944
7ab228bb-1e42-4a34-8588-bc6bfac64d94	2	132429690	132441057	19	0.3695
7ab228bb-1e42-4a34-8588-bc6bfac64d94	2	132443786	132523127	68	0.1296
7ab228bb-1e42-4a34-8588-bc6bfac64d94	2	132523270	132545002	47	0.4115
7ab228bb-1e42-4a34-8588-bc6bfac64d94	2	132556272	137748709	3517	0.0307
7ab228bb-1e42-4a34-8588-bc6bfac64d94	2	137751623	137751711	2	-1.9978
7ab228bb-1e42-4a34-8588-bc6bfac64d94	2	137751822	137754783	5	-4.473
7ab228bb-1e42-4a34-8588-bc6bfac64d94	2	137757882	146104517	5140	0.0085
7ab228bb-1e42-4a34-8588-bc6bfac64d94	2	146106836	146109366	24	0.8255
7ab228bb-1e42-4a34-8588-bc6bfac64d94	2	146120238	150830737	2686	-0.0072
7ab228bb-1e42-4a34-8588-bc6bfac64d94	2	150831084	150841643	7	-0.967
7ab228bb-1e42-4a34-8588-bc6bfac64d94	2	150841712	151120991	275	0.0099
7ab228bb-1e42-4a34-8588-bc6bfac64d94	2	151121425	151121427	2	-1.4446
7ab228bb-1e42-4a34-8588-bc6bfac64d94	2	151123154	158249396	4282	0.0002
7ab228bb-1e42-4a34-8588-bc6bfac64d94	2	158255942	158262126	2	1.3766
7ab228bb-1e42-4a34-8588-bc6bfac64d94	2	158262307	179196928	13026	0.008
7ab228bb-1e42-4a34-8588-bc6bfac64d94	2	179202465	179211936	2	-2.2732
7ab228bb-1e42-4a34-8588-bc6bfac64d94	2	179214417	179554912	229	0.0084
7ab228bb-1e42-4a34-8588-bc6bfac64d94	2	179554927	179557127	15	0.4986
7ab228bb-1e42-4a34-8588-bc6bfac64d94	2	179557142	182879669	2148	0.0189
7ab228bb-1e42-4a34-8588-bc6bfac64d94	2	182881029	182881729	3	-0.9987
7ab228bb-1e42-4a34-8588-bc6bfac64d94	2	182889675	183730671	499	-0.006
7ab228bb-1e42-4a34-8588-bc6bfac64d94	2	183731012	183731040	2	-1.3987
7ab228bb-1e42-4a34-8588-bc6bfac64d94	2	183731243	184379336	459	0.0536
7ab228bb-1e42-4a34-8588-bc6bfac64d94	2	184392326	184400102	15	-0.6493
7ab228bb-1e42-4a34-8588-bc6bfac64d94	2	184400238	188254196	2078	0.011
7ab228bb-1e42-4a34-8588-bc6bfac64d94	2	188255201	188262203	4	-2.2283
7ab228bb-1e42-4a34-8588-bc6bfac64d94	2	188264331	188703060	188	-0.0072
7ab228bb-1e42-4a34-8588-bc6bfac64d94	2	188703229	188715816	26	-0.8514
7ab228bb-1e42-4a34-8588-bc6bfac64d94	2	188716515	212511142	14245	0.008
7ab228bb-1e42-4a34-8588-bc6bfac64d94	2	212511580	212520898	3	-2.5817
7ab228bb-1e42-4a34-8588-bc6bfac64d94	2	212521351	242147305	18878	0.0016
7ab228bb-1e42-4a34-8588-bc6bfac64d94	3	20930	85961	54	-0.0237
7ab228bb-1e42-4a34-8588-bc6bfac64d94	3	86250	1644226	1404	0.0848
7ab228bb-1e42-4a34-8588-bc6bfac64d94	3	1646474	1875292	217	-0.0328
7ab228bb-1e42-4a34-8588-bc6bfac64d94	3	1878140	1881281	5	-1.2794
7ab228bb-1e42-4a34-8588-bc6bfac64d94	3	1883380	5011439	2794	0.0014
7ab228bb-1e42-4a34-8588-bc6bfac64d94	3	5012495	5146118	92	-0.2358
7ab228bb-1e42-4a34-8588-bc6bfac64d94	3	5146747	5355894	147	0.016
7ab228bb-1e42-4a34-8588-bc6bfac64d94	3	5356237	5398438	35	-0.301
7ab228bb-1e42-4a34-8588-bc6bfac64d94	3	5400958	5847323	382	0.0237
7ab228bb-1e42-4a34-8588-bc6bfac64d94	3	5847339	5891008	40	0.2858
7ab228bb-1e42-4a34-8588-bc6bfac64d94	3	5892757	6609524	651	-0.0174
7ab228bb-1e42-4a34-8588-bc6bfac64d94	3	6609550	6622955	34	0.3236
7ab228bb-1e42-4a34-8588-bc6bfac64d94	3	6623143	10149361	2749	0.0014
7ab228bb-1e42-4a34-8588-bc6bfac64d94	3	10149488	10259616	99	-0.2228
7ab228bb-1e42-4a34-8588-bc6bfac64d94	3	10261276	19826201	6282	-0.0042
7ab228bb-1e42-4a34-8588-bc6bfac64d94	3	19830131	19931300	38	0.5323
7ab228bb-1e42-4a34-8588-bc6bfac64d94	3	19931423	21740479	1273	0.0125
7ab228bb-1e42-4a34-8588-bc6bfac64d94	3	21740672	21867636	169	0.174
7ab228bb-1e42-4a34-8588-bc6bfac64d94	3	21867672	36091859	9903	0.0103
7ab228bb-1e42-4a34-8588-bc6bfac64d94	3	36092975	36094217	3	-1.5554
7ab228bb-1e42-4a34-8588-bc6bfac64d94	3	36094469	46050312	6372	0.0052
7ab228bb-1e42-4a34-8588-bc6bfac64d94	3	46050328	46122440	57	0.4085
7ab228bb-1e42-4a34-8588-bc6bfac64d94	3	46127394	46380554	140	-0.014
7ab228bb-1e42-4a34-8588-bc6bfac64d94	3	46380801	46380896	4	-0.5886
7ab228bb-1e42-4a34-8588-bc6bfac64d94	3	46381266	46398554	19	-0.1379
7ab228bb-1e42-4a34-8588-bc6bfac64d94	3	46399486	46721652	215	0.0083
7ab228bb-1e42-4a34-8588-bc6bfac64d94	3	46722296	46771287	29	-0.1754
7ab228bb-1e42-4a34-8588-bc6bfac64d94	3	46771304	46790560	11	-1.0001
7ab228bb-1e42-4a34-8588-bc6bfac64d94	3	46790591	53704747	2998	-0.0167
7ab228bb-1e42-4a34-8588-bc6bfac64d94	3	53706672	53707105	3	-1.2304
7ab228bb-1e42-4a34-8588-bc6bfac64d94	3	53708121	59725191	4088	0.0005
7ab228bb-1e42-4a34-8588-bc6bfac64d94	3	59725291	60786181	1237	0.1081
7ab228bb-1e42-4a34-8588-bc6bfac64d94	3	60786480	125993370	38567	0.0025
7ab228bb-1e42-4a34-8588-bc6bfac64d94	3	125993427	126003019	28	-1.0669
7ab228bb-1e42-4a34-8588-bc6bfac64d94	3	126003489	167941968	25508	0.0032
7ab228bb-1e42-4a34-8588-bc6bfac64d94	3	167942969	167943348	2	-3.3696
7ab228bb-1e42-4a34-8588-bc6bfac64d94	3	167948129	183601266	9782	0.0192
7ab228bb-1e42-4a34-8588-bc6bfac64d94	3	183601566	184461585	406	-0.1476
7ab228bb-1e42-4a34-8588-bc6bfac64d94	3	184461649	195440568	7652	0.0145
7ab228bb-1e42-4a34-8588-bc6bfac64d94	3	195445144	195656271	32	-0.2007
7ab228bb-1e42-4a34-8588-bc6bfac64d94	3	195663809	195691392	5	-1.7213
7ab228bb-1e42-4a34-8588-bc6bfac64d94	3	195695418	195702853	6	-0.2212
7ab228bb-1e42-4a34-8588-bc6bfac64d94	3	195703252	195720051	13	-0.6052
7ab228bb-1e42-4a34-8588-bc6bfac64d94	3	195728637	197577408	912	-0.0668
7ab228bb-1e42-4a34-8588-bc6bfac64d94	3	197579641	197587577	13	-1.1104
7ab228bb-1e42-4a34-8588-bc6bfac64d94	3	197587951	198169247	259	-0.1128
7ab228bb-1e42-4a34-8588-bc6bfac64d94	4	68929	10208766	5704	-0.0195
7ab228bb-1e42-4a34-8588-bc6bfac64d94	4	10212536	10233542	34	1.3384
7ab228bb-1e42-4a34-8588-bc6bfac64d94	4	10233558	21370416	8207	0.0064
7ab228bb-1e42-4a34-8588-bc6bfac64d94	4	21370660	21382117	14	-0.7245
7ab228bb-1e42-4a34-8588-bc6bfac64d94	4	21383586	34777382	8747	-0.004
7ab228bb-1e42-4a34-8588-bc6bfac64d94	4	34777403	34828250	42	-0.6787
7ab228bb-1e42-4a34-8588-bc6bfac64d94	4	34828291	40370899	3683	-0.0127
7ab228bb-1e42-4a34-8588-bc6bfac64d94	4	40371065	40385856	10	-0.5946
7ab228bb-1e42-4a34-8588-bc6bfac64d94	4	40386620	40687746	181	-0.027
7ab228bb-1e42-4a34-8588-bc6bfac64d94	4	40687795	40702670	12	-0.6065
7ab228bb-1e42-4a34-8588-bc6bfac64d94	4	40703970	49214614	5089	-0.0112
7ab228bb-1e42-4a34-8588-bc6bfac64d94	4	49289175	49656595	21	-0.8741
7ab228bb-1e42-4a34-8588-bc6bfac64d94	4	51819533	68354665	10445	-0.0146
7ab228bb-1e42-4a34-8588-bc6bfac64d94	4	68361130	68395346	6	1.6336
7ab228bb-1e42-4a34-8588-bc6bfac64d94	4	68416487	68422424	5	-0.4939
7ab228bb-1e42-4a34-8588-bc6bfac64d94	4	68429081	68581727	50	0.1291
7ab228bb-1e42-4a34-8588-bc6bfac64d94	4	68581854	68655691	31	-0.421
7ab228bb-1e42-4a34-8588-bc6bfac64d94	4	68663241	68686026	4	-2.2357
7ab228bb-1e42-4a34-8588-bc6bfac64d94	4	68725894	69257792	307	0.027
7ab228bb-1e42-4a34-8588-bc6bfac64d94	4	69261926	69370433	57	-0.6813
7ab228bb-1e42-4a34-8588-bc6bfac64d94	4	69374263	69386698	9	0.0421
7ab228bb-1e42-4a34-8588-bc6bfac64d94	4	69392613	69412731	10	-0.7155
7ab228bb-1e42-4a34-8588-bc6bfac64d94	4	69414814	76861416	4566	-0.0123
7ab228bb-1e42-4a34-8588-bc6bfac64d94	4	76862748	76870357	20	-1.3235
7ab228bb-1e42-4a34-8588-bc6bfac64d94	4	76870373	125978106	29747	-0.0071
7ab228bb-1e42-4a34-8588-bc6bfac64d94	4	125978971	125984244	5	-1.2251
7ab228bb-1e42-4a34-8588-bc6bfac64d94	4	125984737	143364631	10342	-0.0068
7ab228bb-1e42-4a34-8588-bc6bfac64d94	4	143367297	143367473	6	-2.334
7ab228bb-1e42-4a34-8588-bc6bfac64d94	4	143369822	150955199	4257	0.0009
7ab228bb-1e42-4a34-8588-bc6bfac64d94	4	150955254	150963154	23	-1.0065
7ab228bb-1e42-4a34-8588-bc6bfac64d94	4	150963158	150997179	23	-0.0312
7ab228bb-1e42-4a34-8588-bc6bfac64d94	4	150997369	151099625	38	-0.3437
7ab228bb-1e42-4a34-8588-bc6bfac64d94	4	151099962	156484105	3513	-0.0091
7ab228bb-1e42-4a34-8588-bc6bfac64d94	4	156485854	156487263	5	-1.0275
7ab228bb-1e42-4a34-8588-bc6bfac64d94	4	156494248	160958972	2760	-0.0158
7ab228bb-1e42-4a34-8588-bc6bfac64d94	4	160958989	160963448	18	-0.8526
7ab228bb-1e42-4a34-8588-bc6bfac64d94	4	160963756	164804885	2534	-0.0249
7ab228bb-1e42-4a34-8588-bc6bfac64d94	4	164805739	164928702	82	-0.2567
7ab228bb-1e42-4a34-8588-bc6bfac64d94	4	164932971	167763212	1671	-0.0096
7ab228bb-1e42-4a34-8588-bc6bfac64d94	4	167766475	167770533	3	-1.0294
7ab228bb-1e42-4a34-8588-bc6bfac64d94	4	167778077	168057281	204	-0.029
7ab228bb-1e42-4a34-8588-bc6bfac64d94	4	168057660	168058112	4	1.0649
7ab228bb-1e42-4a34-8588-bc6bfac64d94	4	168058165	168359293	196	0.0036
7ab228bb-1e42-4a34-8588-bc6bfac64d94	4	168360847	168361204	5	-1.0411
7ab228bb-1e42-4a34-8588-bc6bfac64d94	4	168367371	170346793	1279	-0.003
7ab228bb-1e42-4a34-8588-bc6bfac64d94	4	170346931	170352007	7	-1.1464
7ab228bb-1e42-4a34-8588-bc6bfac64d94	4	170352863	171448195	684	-0.0322
7ab228bb-1e42-4a34-8588-bc6bfac64d94	4	171453733	171456625	12	1.2035
7ab228bb-1e42-4a34-8588-bc6bfac64d94	4	171459220	172066777	396	-0.0534
7ab228bb-1e42-4a34-8588-bc6bfac64d94	4	172067997	172068382	12	-2.3258
7ab228bb-1e42-4a34-8588-bc6bfac64d94	4	172074828	187830256	10664	-0.0068
7ab228bb-1e42-4a34-8588-bc6bfac64d94	4	187834702	188611346	578	-0.1461
7ab228bb-1e42-4a34-8588-bc6bfac64d94	4	188611458	188657825	27	0.1851
7ab228bb-1e42-4a34-8588-bc6bfac64d94	4	188658577	188711382	30	-0.2686
7ab228bb-1e42-4a34-8588-bc6bfac64d94	4	188711717	189863700	720	0.0592
7ab228bb-1e42-4a34-8588-bc6bfac64d94	4	189864410	189872905	4	-0.9522
7ab228bb-1e42-4a34-8588-bc6bfac64d94	4	189874639	190106768	56	-0.1228
7ab228bb-1e42-4a34-8588-bc6bfac64d94	5	15532	742574	324	0.0331
7ab228bb-1e42-4a34-8588-bc6bfac64d94	5	760901	833513	29	0.9048
7ab228bb-1e42-4a34-8588-bc6bfac64d94	5	852451	12045529	9429	-0.012
7ab228bb-1e42-4a34-8588-bc6bfac64d94	5	12047883	12781060	395	0.1113
7ab228bb-1e42-4a34-8588-bc6bfac64d94	5	12781127	12826538	26	0.5266
7ab228bb-1e42-4a34-8588-bc6bfac64d94	5	12833745	13760959	531	0.0925
7ab228bb-1e42-4a34-8588-bc6bfac64d94	5	13762616	14840559	916	0.1707
7ab228bb-1e42-4a34-8588-bc6bfac64d94	5	14840595	17030531	1415	0.091
7ab228bb-1e42-4a34-8588-bc6bfac64d94	5	17030699	17054633	18	-0.337
7ab228bb-1e42-4a34-8588-bc6bfac64d94	5	17057315	17274148	153	0.1075
7ab228bb-1e42-4a34-8588-bc6bfac64d94	5	17274356	17828029	296	0.0116
7ab228bb-1e42-4a34-8588-bc6bfac64d94	5	17828744	17829678	3	-0.8482
7ab228bb-1e42-4a34-8588-bc6bfac64d94	5	17833550	18863452	660	0.0029
7ab228bb-1e42-4a34-8588-bc6bfac64d94	5	18866183	19008815	93	0.211
7ab228bb-1e42-4a34-8588-bc6bfac64d94	5	19015984	29762284	6294	-0.0025
7ab228bb-1e42-4a34-8588-bc6bfac64d94	5	29764363	29838022	47	-1.0345
7ab228bb-1e42-4a34-8588-bc6bfac64d94	5	29846267	45874477	9968	0.0153
7ab228bb-1e42-4a34-8588-bc6bfac64d94	5	45877835	45939572	19	-0.3484
7ab228bb-1e42-4a34-8588-bc6bfac64d94	5	45939938	46326086	74	-0.1188
7ab228bb-1e42-4a34-8588-bc6bfac64d94	5	46328343	50291967	49	-0.388
7ab228bb-1e42-4a34-8588-bc6bfac64d94	5	50292898	58660999	5490	-0.0092
7ab228bb-1e42-4a34-8588-bc6bfac64d94	5	58661016	58663865	24	-0.8553
7ab228bb-1e42-4a34-8588-bc6bfac64d94	5	58663939	69460001	6804	0.0043
7ab228bb-1e42-4a34-8588-bc6bfac64d94	5	69464456	70959079	42	-0.3647
7ab228bb-1e42-4a34-8588-bc6bfac64d94	5	71010832	150822643	49330	-0.0007
7ab228bb-1e42-4a34-8588-bc6bfac64d94	5	150825938	150839042	8	-3.8713
7ab228bb-1e42-4a34-8588-bc6bfac64d94	5	150843825	155470757	3188	-0.0072
7ab228bb-1e42-4a34-8588-bc6bfac64d94	5	155471492	155494669	32	0.3615
7ab228bb-1e42-4a34-8588-bc6bfac64d94	5	155495093	167222025	7874	-0.0084
7ab228bb-1e42-4a34-8588-bc6bfac64d94	5	167223313	167232823	3	-1.4416
7ab228bb-1e42-4a34-8588-bc6bfac64d94	5	167235585	172178558	3795	-0.0023
7ab228bb-1e42-4a34-8588-bc6bfac64d94	5	172178906	172181441	3	-1.227
7ab228bb-1e42-4a34-8588-bc6bfac64d94	5	172184089	177827964	3567	-0.0079
7ab228bb-1e42-4a34-8588-bc6bfac64d94	5	177832414	177833329	2	-1.9318
7ab228bb-1e42-4a34-8588-bc6bfac64d94	5	177838979	180947523	1791	-0.0215
7ab228bb-1e42-4a34-8588-bc6bfac64d94	5	180951710	181015441	23	-0.8951
7ab228bb-1e42-4a34-8588-bc6bfac64d94	5	181015920	181363319	166	-0.0538
7ab228bb-1e42-4a34-8588-bc6bfac64d94	6	149661	265143	107	-0.0086
7ab228bb-1e42-4a34-8588-bc6bfac64d94	6	267622	364768	82	0.3564
7ab228bb-1e42-4a34-8588-bc6bfac64d94	6	364982	2348274	1608	0.0393
7ab228bb-1e42-4a34-8588-bc6bfac64d94	6	2355079	2355572	6	-0.9408
7ab228bb-1e42-4a34-8588-bc6bfac64d94	6	2359478	7425025	4200	0.0152
7ab228bb-1e42-4a34-8588-bc6bfac64d94	6	7427031	7427885	7	-0.87
7ab228bb-1e42-4a34-8588-bc6bfac64d94	6	7429804	10433592	2251	-0.0039
7ab228bb-1e42-4a34-8588-bc6bfac64d94	6	10434987	10723953	236	-0.1597
7ab228bb-1e42-4a34-8588-bc6bfac64d94	6	10724327	27554595	12052	0.0092
7ab228bb-1e42-4a34-8588-bc6bfac64d94	6	27559505	27720850	98	-0.3211
7ab228bb-1e42-4a34-8588-bc6bfac64d94	6	27720888	29866672	989	-0.0304
7ab228bb-1e42-4a34-8588-bc6bfac64d94	6	29866695	29913249	37	0.4958
7ab228bb-1e42-4a34-8588-bc6bfac64d94	6	29913481	32533522	1178	-0.0266
7ab228bb-1e42-4a34-8588-bc6bfac64d94	6	32540699	32550992	5	-1.9343
7ab228bb-1e42-4a34-8588-bc6bfac64d94	6	32559507	32641650	36	-0.2315
7ab228bb-1e42-4a34-8588-bc6bfac64d94	6	32656527	32658841	6	1.1137
7ab228bb-1e42-4a34-8588-bc6bfac64d94	6	32682835	33053605	263	0.0801
7ab228bb-1e42-4a34-8588-bc6bfac64d94	6	33055593	38338577	3125	-0.0349
7ab228bb-1e42-4a34-8588-bc6bfac64d94	6	38338596	38413649	70	0.1022
7ab228bb-1e42-4a34-8588-bc6bfac64d94	6	38414053	38421922	8	-0.1434
7ab228bb-1e42-4a34-8588-bc6bfac64d94	6	38424030	38433925	4	-1.3181
7ab228bb-1e42-4a34-8588-bc6bfac64d94	6	38434845	50946613	8042	-0.0005
7ab228bb-1e42-4a34-8588-bc6bfac64d94	6	50947083	50947091	2	-1.5513
7ab228bb-1e42-4a34-8588-bc6bfac64d94	6	50947099	61228452	4710	-0.0003
7ab228bb-1e42-4a34-8588-bc6bfac64d94	6	61232786	61496363	26	-0.3862
7ab228bb-1e42-4a34-8588-bc6bfac64d94	6	61496706	78169795	10562	-0.0157
7ab228bb-1e42-4a34-8588-bc6bfac64d94	6	78171734	78188798	7	-0.8912
7ab228bb-1e42-4a34-8588-bc6bfac64d94	6	78190303	78259348	56	0.0625
7ab228bb-1e42-4a34-8588-bc6bfac64d94	6	78259388	78325457	110	0.416
7ab228bb-1e42-4a34-8588-bc6bfac64d94	6	78325468	85421643	4566	-0.0077
7ab228bb-1e42-4a34-8588-bc6bfac64d94	6	85422645	85422679	2	-1.5858
7ab228bb-1e42-4a34-8588-bc6bfac64d94	6	85426715	86657828	625	-0.0486
7ab228bb-1e42-4a34-8588-bc6bfac64d94	6	86658650	86658890	2	-1.4638
7ab228bb-1e42-4a34-8588-bc6bfac64d94	6	86662067	93920477	4804	-0.0013
7ab228bb-1e42-4a34-8588-bc6bfac64d94	6	93921912	93990370	46	0.194
7ab228bb-1e42-4a34-8588-bc6bfac64d94	6	93991236	93992570	3	-1.065
7ab228bb-1e42-4a34-8588-bc6bfac64d94	6	93992733	94517095	353	0.0952
7ab228bb-1e42-4a34-8588-bc6bfac64d94	6	94517425	97019052	1281	0.0027
7ab228bb-1e42-4a34-8588-bc6bfac64d94	6	97021018	97021514	3	-1.2973
7ab228bb-1e42-4a34-8588-bc6bfac64d94	6	97023263	103286954	3794	-0.0153
7ab228bb-1e42-4a34-8588-bc6bfac64d94	6	103290101	103314186	45	0.5363
7ab228bb-1e42-4a34-8588-bc6bfac64d94	6	103317795	170741917	44177	-0.005
7ab228bb-1e42-4a34-8588-bc6bfac64d94	7	43355	902112	223	0.0594
7ab228bb-1e42-4a34-8588-bc6bfac64d94	7	927563	4326057	2022	-0.0078
7ab228bb-1e42-4a34-8588-bc6bfac64d94	7	4328069	4330935	2	-1.6994
7ab228bb-1e42-4a34-8588-bc6bfac64d94	7	4331007	4447178	112	-0.0765
7ab228bb-1e42-4a34-8588-bc6bfac64d94	7	4447245	4520589	58	-0.3705
7ab228bb-1e42-4a34-8588-bc6bfac64d94	7	4526963	4934497	242	-0.0121
7ab228bb-1e42-4a34-8588-bc6bfac64d94	7	4934872	4954133	9	-0.8606
7ab228bb-1e42-4a34-8588-bc6bfac64d94	7	4955400	5760325	328	0.0248
7ab228bb-1e42-4a34-8588-bc6bfac64d94	7	5760762	5999498	84	-0.267
7ab228bb-1e42-4a34-8588-bc6bfac64d94	7	6002602	7081862	458	0.0009
7ab228bb-1e42-4a34-8588-bc6bfac64d94	7	7082736	8145331	982	0.0467
7ab228bb-1e42-4a34-8588-bc6bfac64d94	7	8145459	9044117	811	0.1109
7ab228bb-1e42-4a34-8588-bc6bfac64d94	7	9044846	13063277	3132	0.0291
7ab228bb-1e42-4a34-8588-bc6bfac64d94	7	13068443	13090444	23	-1.0646
7ab228bb-1e42-4a34-8588-bc6bfac64d94	7	13091032	16968333	3176	0.0204
7ab228bb-1e42-4a34-8588-bc6bfac64d94	7	16968543	17688631	592	0.1292
7ab228bb-1e42-4a34-8588-bc6bfac64d94	7	17689145	38246926	15111	0.0191
7ab228bb-1e42-4a34-8588-bc6bfac64d94	7	38248326	38251092	2	-2.0308
7ab228bb-1e42-4a34-8588-bc6bfac64d94	7	38251113	54117610	10958	0.013
7ab228bb-1e42-4a34-8588-bc6bfac64d94	7	54117711	54123527	28	-0.8261
7ab228bb-1e42-4a34-8588-bc6bfac64d94	7	54129863	54305455	129	0.0321
7ab228bb-1e42-4a34-8588-bc6bfac64d94	7	54318812	54318824	6	0.8562
7ab228bb-1e42-4a34-8588-bc6bfac64d94	7	54325795	55698944	1136	0.0339
7ab228bb-1e42-4a34-8588-bc6bfac64d94	7	55702108	56549747	330	-0.0754
7ab228bb-1e42-4a34-8588-bc6bfac64d94	7	56550099	56641649	60	0.0659
7ab228bb-1e42-4a34-8588-bc6bfac64d94	7	56641973	57125266	105	-0.3331
7ab228bb-1e42-4a34-8588-bc6bfac64d94	7	57127404	57804818	384	-0.0864
7ab228bb-1e42-4a34-8588-bc6bfac64d94	7	57809172	57876479	14	-0.1847
7ab228bb-1e42-4a34-8588-bc6bfac64d94	7	57890798	62594381	53	-0.5564
7ab228bb-1e42-4a34-8588-bc6bfac64d94	7	62594387	63868433	308	-0.2133
7ab228bb-1e42-4a34-8588-bc6bfac64d94	7	63872529	65209094	637	-0.0101
7ab228bb-1e42-4a34-8588-bc6bfac64d94	7	65212682	65684237	199	-1.1438
7ab228bb-1e42-4a34-8588-bc6bfac64d94	7	65696403	67393563	587	-0.0443
7ab228bb-1e42-4a34-8588-bc6bfac64d94	7	67394986	67399133	8	-0.8673
7ab228bb-1e42-4a34-8588-bc6bfac64d94	7	67400298	69589991	1484	-0.0634
7ab228bb-1e42-4a34-8588-bc6bfac64d94	7	69590538	70826778	740	0.0244
7ab228bb-1e42-4a34-8588-bc6bfac64d94	7	70827330	76271871	2143	-0.0522
7ab228bb-1e42-4a34-8588-bc6bfac64d94	7	76273300	88534253	7688	0.0034
7ab228bb-1e42-4a34-8588-bc6bfac64d94	7	88539385	89345663	582	0.0909
7ab228bb-1e42-4a34-8588-bc6bfac64d94	7	89353862	91578827	1509	0.0158
7ab228bb-1e42-4a34-8588-bc6bfac64d94	7	91589569	91589817	3	-1.7992
7ab228bb-1e42-4a34-8588-bc6bfac64d94	7	91595717	93915505	1476	0.0209
7ab228bb-1e42-4a34-8588-bc6bfac64d94	7	93916019	93916756	2	-1.3563
7ab228bb-1e42-4a34-8588-bc6bfac64d94	7	93921135	96908296	1847	0.0257
7ab228bb-1e42-4a34-8588-bc6bfac64d94	7	96908561	101317674	2048	-0.0346
7ab228bb-1e42-4a34-8588-bc6bfac64d94	7	101318147	101473876	70	-0.3369
7ab228bb-1e42-4a34-8588-bc6bfac64d94	7	101475536	105387062	2143	-0.0255
7ab228bb-1e42-4a34-8588-bc6bfac64d94	7	105391147	105542563	74	-0.276
7ab228bb-1e42-4a34-8588-bc6bfac64d94	7	105557943	109793741	2802	-0.0074
7ab228bb-1e42-4a34-8588-bc6bfac64d94	7	109797035	109813762	33	-0.4268
7ab228bb-1e42-4a34-8588-bc6bfac64d94	7	109813801	110348186	353	-0.0427
7ab228bb-1e42-4a34-8588-bc6bfac64d94	7	110359070	119507968	5512	0.0136
7ab228bb-1e42-4a34-8588-bc6bfac64d94	7	119508031	119509749	2	-2.0694
7ab228bb-1e42-4a34-8588-bc6bfac64d94	7	119509763	125202444	3372	-0.0009
7ab228bb-1e42-4a34-8588-bc6bfac64d94	7	125203056	125213857	2	-1.4861
7ab228bb-1e42-4a34-8588-bc6bfac64d94	7	125220972	126607677	947	-0.0036
7ab228bb-1e42-4a34-8588-bc6bfac64d94	7	126620696	126638307	9	-1.3768
7ab228bb-1e42-4a34-8588-bc6bfac64d94	7	126638754	140360853	8617	-0.001
7ab228bb-1e42-4a34-8588-bc6bfac64d94	7	140366086	140408194	20	-0.4193
7ab228bb-1e42-4a34-8588-bc6bfac64d94	7	140414366	140488589	45	-0.0332
7ab228bb-1e42-4a34-8588-bc6bfac64d94	7	140491738	140506802	18	-0.5126
7ab228bb-1e42-4a34-8588-bc6bfac64d94	7	140506819	159334314	11974	-0.0026
7ab228bb-1e42-4a34-8588-bc6bfac64d94	8	81254	644973	324	0.0535
7ab228bb-1e42-4a34-8588-bc6bfac64d94	8	645220	645875	6	1.7039
7ab228bb-1e42-4a34-8588-bc6bfac64d94	8	645892	645908	2	5.234
7ab228bb-1e42-4a34-8588-bc6bfac64d94	8	656117	2132302	1142	0.0209
7ab228bb-1e42-4a34-8588-bc6bfac64d94	8	2132407	2142105	20	-0.4616
7ab228bb-1e42-4a34-8588-bc6bfac64d94	8	2144560	4137245	2195	0.0142
7ab228bb-1e42-4a34-8588-bc6bfac64d94	8	4140085	4146769	29	-1.1682
7ab228bb-1e42-4a34-8588-bc6bfac64d94	8	4146976	5218071	1581	0.0455
7ab228bb-1e42-4a34-8588-bc6bfac64d94	8	5218126	5218216	6	1.0259
7ab228bb-1e42-4a34-8588-bc6bfac64d94	8	5218330	6054578	1106	0.0496
7ab228bb-1e42-4a34-8588-bc6bfac64d94	8	6055683	6383366	516	-0.1425
7ab228bb-1e42-4a34-8588-bc6bfac64d94	8	6389247	7296545	798	0.0094
7ab228bb-1e42-4a34-8588-bc6bfac64d94	8	7312952	7890177	49	-0.8336
7ab228bb-1e42-4a34-8588-bc6bfac64d94	8	7919608	13741668	4318	0.0015
7ab228bb-1e42-4a34-8588-bc6bfac64d94	8	13741714	13745967	24	-0.7424
7ab228bb-1e42-4a34-8588-bc6bfac64d94	8	13752159	13757223	22	-0.0926
7ab228bb-1e42-4a34-8588-bc6bfac64d94	8	13757254	13794213	44	-0.7144
7ab228bb-1e42-4a34-8588-bc6bfac64d94	8	13795675	32821348	14749	0.0053
7ab228bb-1e42-4a34-8588-bc6bfac64d94	8	32825580	32829101	5	0.9268
7ab228bb-1e42-4a34-8588-bc6bfac64d94	8	32829941	32830895	3	2.4884
7ab228bb-1e42-4a34-8588-bc6bfac64d94	8	32834588	33215371	226	0.0318
7ab228bb-1e42-4a34-8588-bc6bfac64d94	8	33215980	33217719	2	-1.4221
7ab228bb-1e42-4a34-8588-bc6bfac64d94	8	33221837	37530397	2466	0.0067
7ab228bb-1e42-4a34-8588-bc6bfac64d94	8	37532467	37539175	5	-0.8839
7ab228bb-1e42-4a34-8588-bc6bfac64d94	8	37540184	38430945	367	0.0159
7ab228bb-1e42-4a34-8588-bc6bfac64d94	8	38432841	38432976	2	-1.2975
7ab228bb-1e42-4a34-8588-bc6bfac64d94	8	38432991	39372806	509	0.0112
7ab228bb-1e42-4a34-8588-bc6bfac64d94	8	39373140	39527450	58	0.2607
7ab228bb-1e42-4a34-8588-bc6bfac64d94	8	39527675	53908298	7058	0.0113
7ab228bb-1e42-4a34-8588-bc6bfac64d94	8	53909033	53910526	2	-1.9841
7ab228bb-1e42-4a34-8588-bc6bfac64d94	8	53911449	67630923	8468	0.01
7ab228bb-1e42-4a34-8588-bc6bfac64d94	8	67631239	67637971	33	-0.3911
7ab228bb-1e42-4a34-8588-bc6bfac64d94	8	67644593	74396083	4531	0.0127
7ab228bb-1e42-4a34-8588-bc6bfac64d94	8	74406948	74413108	4	-1.4136
7ab228bb-1e42-4a34-8588-bc6bfac64d94	8	74415359	78849961	2543	0.0055
7ab228bb-1e42-4a34-8588-bc6bfac64d94	8	78850580	78904581	87	0.2013
7ab228bb-1e42-4a34-8588-bc6bfac64d94	8	78904614	83326222	2564	0.0104
7ab228bb-1e42-4a34-8588-bc6bfac64d94	8	83328589	83333603	2	-1.5585
7ab228bb-1e42-4a34-8588-bc6bfac64d94	8	83346047	84345754	589	-0.0121
7ab228bb-1e42-4a34-8588-bc6bfac64d94	8	84350648	84356431	19	-0.7446
7ab228bb-1e42-4a34-8588-bc6bfac64d94	8	84358447	87350631	1573	-0.0189
7ab228bb-1e42-4a34-8588-bc6bfac64d94	8	87351367	87352543	2	-2.3301
7ab228bb-1e42-4a34-8588-bc6bfac64d94	8	87354096	87457297	56	-0.228
7ab228bb-1e42-4a34-8588-bc6bfac64d94	8	87458346	106840278	11823	0.0223
7ab228bb-1e42-4a34-8588-bc6bfac64d94	8	106846291	106850042	14	-1.0758
7ab228bb-1e42-4a34-8588-bc6bfac64d94	8	106850111	114619814	4468	0.0075
7ab228bb-1e42-4a34-8588-bc6bfac64d94	8	114622258	114629502	35	-0.8599
7ab228bb-1e42-4a34-8588-bc6bfac64d94	8	114638468	119139771	3112	0.0298
7ab228bb-1e42-4a34-8588-bc6bfac64d94	8	119142545	119147207	4	-0.854
7ab228bb-1e42-4a34-8588-bc6bfac64d94	8	119150615	121308836	1416	0.0247
7ab228bb-1e42-4a34-8588-bc6bfac64d94	8	121308872	121327482	14	0.4853
7ab228bb-1e42-4a34-8588-bc6bfac64d94	8	121336061	121382546	32	0.0203
7ab228bb-1e42-4a34-8588-bc6bfac64d94	8	121391767	121415115	19	0.6234
7ab228bb-1e42-4a34-8588-bc6bfac64d94	8	121425143	122047592	409	0.0268
7ab228bb-1e42-4a34-8588-bc6bfac64d94	8	122047640	122060405	45	-0.459
7ab228bb-1e42-4a34-8588-bc6bfac64d94	8	122061336	124418519	1558	0.0141
7ab228bb-1e42-4a34-8588-bc6bfac64d94	8	124420460	124420659	2	-1.8299
7ab228bb-1e42-4a34-8588-bc6bfac64d94	8	124425386	142046163	13315	0.0162
7ab228bb-1e42-4a34-8588-bc6bfac64d94	8	142047413	142070056	16	-0.5439
7ab228bb-1e42-4a34-8588-bc6bfac64d94	8	142074219	142143283	50	-0.0318
7ab228bb-1e42-4a34-8588-bc6bfac64d94	8	142144522	142157109	7	-0.8445
7ab228bb-1e42-4a34-8588-bc6bfac64d94	8	142158902	145072769	1059	-0.0222
7ab228bb-1e42-4a34-8588-bc6bfac64d94	9	46587	512080	393	-0.0387
7ab228bb-1e42-4a34-8588-bc6bfac64d94	9	517715	526993	14	-1.1874
7ab228bb-1e42-4a34-8588-bc6bfac64d94	9	531565	6505897	5809	0.0119
7ab228bb-1e42-4a34-8588-bc6bfac64d94	9	6509746	6811671	221	-0.2302
7ab228bb-1e42-4a34-8588-bc6bfac64d94	9	6811780	9841393	2960	0.0351
7ab228bb-1e42-4a34-8588-bc6bfac64d94	9	9841920	9842542	2	-3.5067
7ab228bb-1e42-4a34-8588-bc6bfac64d94	9	9842706	39464757	21765	0.0065
7ab228bb-1e42-4a34-8588-bc6bfac64d94	9	39481818	39481863	3	1.6559
7ab228bb-1e42-4a34-8588-bc6bfac64d94	9	39481878	64467459	332	-0.0948
7ab228bb-1e42-4a34-8588-bc6bfac64d94	9	64480563	64480573	2	-2.3881
7ab228bb-1e42-4a34-8588-bc6bfac64d94	9	64480578	66084268	41	-0.2261
7ab228bb-1e42-4a34-8588-bc6bfac64d94	9	66103744	66146735	2	-1.8434
7ab228bb-1e42-4a34-8588-bc6bfac64d94	9	66170759	69485653	966	0.0106
7ab228bb-1e42-4a34-8588-bc6bfac64d94	9	69490697	69490699	3	-1.2439
7ab228bb-1e42-4a34-8588-bc6bfac64d94	9	69490703	72063626	1912	0.0053
7ab228bb-1e42-4a34-8588-bc6bfac64d94	9	72064538	72067893	5	-1.4985
7ab228bb-1e42-4a34-8588-bc6bfac64d94	9	72068141	72405504	235	-0.0418
7ab228bb-1e42-4a34-8588-bc6bfac64d94	9	72405857	72406925	2	-1.5736
7ab228bb-1e42-4a34-8588-bc6bfac64d94	9	72406935	75310443	1831	0.0013
7ab228bb-1e42-4a34-8588-bc6bfac64d94	9	75312020	75350902	14	-0.4829
7ab228bb-1e42-4a34-8588-bc6bfac64d94	9	75351158	76455545	956	0.0078
7ab228bb-1e42-4a34-8588-bc6bfac64d94	9	76460736	76463497	3	-2.3398
7ab228bb-1e42-4a34-8588-bc6bfac64d94	9	76463757	126207186	35497	0.0047
7ab228bb-1e42-4a34-8588-bc6bfac64d94	9	126213032	126214423	13	-0.9663
7ab228bb-1e42-4a34-8588-bc6bfac64d94	9	126217221	129687686	1807	0.0109
7ab228bb-1e42-4a34-8588-bc6bfac64d94	9	129690057	129695834	2	-1.2842
7ab228bb-1e42-4a34-8588-bc6bfac64d94	9	129695850	129848337	84	0.0192
7ab228bb-1e42-4a34-8588-bc6bfac64d94	9	129848717	129852133	10	-0.5746
7ab228bb-1e42-4a34-8588-bc6bfac64d94	9	129852157	135319522	3507	0.0005
7ab228bb-1e42-4a34-8588-bc6bfac64d94	9	135322259	135323776	2	-2.2073
7ab228bb-1e42-4a34-8588-bc6bfac64d94	9	135324566	138200944	1107	-0.0307
7ab228bb-1e42-4a34-8588-bc6bfac64d94	10	45792	4916649	4275	0.0291
7ab228bb-1e42-4a34-8588-bc6bfac64d94	10	4918829	5187128	183	0.1888
7ab228bb-1e42-4a34-8588-bc6bfac64d94	10	5194845	6609507	1175	0.0361
7ab228bb-1e42-4a34-8588-bc6bfac64d94	10	6609519	6609530	2	-4.3012
7ab228bb-1e42-4a34-8588-bc6bfac64d94	10	6609601	34808941	21199	0.0152
7ab228bb-1e42-4a34-8588-bc6bfac64d94	10	34810220	34998490	114	-0.1946
7ab228bb-1e42-4a34-8588-bc6bfac64d94	10	34998722	37172220	1385	0.0213
7ab228bb-1e42-4a34-8588-bc6bfac64d94	10	37178686	37195831	5	-0.9592
7ab228bb-1e42-4a34-8588-bc6bfac64d94	10	37198405	38781690	725	0.0218
7ab228bb-1e42-4a34-8588-bc6bfac64d94	10	38783075	42421434	107	-0.2445
7ab228bb-1e42-4a34-8588-bc6bfac64d94	10	42424875	46617422	2547	-0.0155
7ab228bb-1e42-4a34-8588-bc6bfac64d94	10	46618028	46657149	4	-1.3233
7ab228bb-1e42-4a34-8588-bc6bfac64d94	10	46693480	53167767	4018	0.0026
7ab228bb-1e42-4a34-8588-bc6bfac64d94	10	53170094	53179393	9	-0.804
7ab228bb-1e42-4a34-8588-bc6bfac64d94	10	53181641	56753095	2520	-0.0116
7ab228bb-1e42-4a34-8588-bc6bfac64d94	10	56756615	56767077	41	-0.6613
7ab228bb-1e42-4a34-8588-bc6bfac64d94	10	56772992	58012787	971	-0.0091
7ab228bb-1e42-4a34-8588-bc6bfac64d94	10	58015004	58015272	3	-3.2082
7ab228bb-1e42-4a34-8588-bc6bfac64d94	10	58017816	92352985	23072	-0.006
7ab228bb-1e42-4a34-8588-bc6bfac64d94	10	92356476	92709783	143	-0.2792
7ab228bb-1e42-4a34-8588-bc6bfac64d94	10	92716248	107865660	9632	-0.0118
7ab228bb-1e42-4a34-8588-bc6bfac64d94	10	107865695	107919071	32	0.3317
7ab228bb-1e42-4a34-8588-bc6bfac64d94	10	107921059	121004162	9186	-0.0048
7ab228bb-1e42-4a34-8588-bc6bfac64d94	10	121011150	121017985	18	-1.0151
7ab228bb-1e42-4a34-8588-bc6bfac64d94	10	121030029	133654968	9304	0.0054
7ab228bb-1e42-4a34-8588-bc6bfac64d94	11	198510	5762693	3232	0.0008
7ab228bb-1e42-4a34-8588-bc6bfac64d94	11	5766175	5787909	33	-3.499
7ab228bb-1e42-4a34-8588-bc6bfac64d94	11	5788108	5788231	2	-1.1994
7ab228bb-1e42-4a34-8588-bc6bfac64d94	11	5791130	9301920	2510	0.0175
7ab228bb-1e42-4a34-8588-bc6bfac64d94	11	9302806	9331198	9	-0.5142
7ab228bb-1e42-4a34-8588-bc6bfac64d94	11	9331233	9331404	3	-1.662
7ab228bb-1e42-4a34-8588-bc6bfac64d94	11	9336593	18919323	6886	0.0107
7ab228bb-1e42-4a34-8588-bc6bfac64d94	11	18927525	18940066	41	0.3709
7ab228bb-1e42-4a34-8588-bc6bfac64d94	11	18940191	21825348	2602	0.0271
7ab228bb-1e42-4a34-8588-bc6bfac64d94	11	21825960	21827206	5	-1.1676
7ab228bb-1e42-4a34-8588-bc6bfac64d94	11	21829111	24214550	1645	0.0097
7ab228bb-1e42-4a34-8588-bc6bfac64d94	11	24218459	24229716	10	-0.9944
7ab228bb-1e42-4a34-8588-bc6bfac64d94	11	24233889	50060063	16934	-0.0038
7ab228bb-1e42-4a34-8588-bc6bfac64d94	11	50085543	50408188	136	-0.2309
7ab228bb-1e42-4a34-8588-bc6bfac64d94	11	50408366	50444004	16	-1.0959
7ab228bb-1e42-4a34-8588-bc6bfac64d94	11	50458378	54635583	79	-0.3438
7ab228bb-1e42-4a34-8588-bc6bfac64d94	11	54639543	54782206	64	0.1067
7ab228bb-1e42-4a34-8588-bc6bfac64d94	11	54790483	55480868	194	-0.2725
7ab228bb-1e42-4a34-8588-bc6bfac64d94	11	55480959	59422371	2420	0.0095
7ab228bb-1e42-4a34-8588-bc6bfac64d94	11	59422439	62903542	1982	-0.0342
7ab228bb-1e42-4a34-8588-bc6bfac64d94	11	62903681	62909880	2	-1.4049
7ab228bb-1e42-4a34-8588-bc6bfac64d94	11	62910057	63956473	513	-0.0248
7ab228bb-1e42-4a34-8588-bc6bfac64d94	11	63956603	63958310	5	-0.9071
7ab228bb-1e42-4a34-8588-bc6bfac64d94	11	63964994	64921884	376	-0.0307
7ab228bb-1e42-4a34-8588-bc6bfac64d94	11	64924109	65414914	171	-0.192
7ab228bb-1e42-4a34-8588-bc6bfac64d94	11	65423737	65669271	88	0.0722
7ab228bb-1e42-4a34-8588-bc6bfac64d94	11	65669417	65761806	40	-0.3512
7ab228bb-1e42-4a34-8588-bc6bfac64d94	11	65764182	67964843	840	-0.0531
7ab228bb-1e42-4a34-8588-bc6bfac64d94	11	67968943	77187128	4889	0.0078
7ab228bb-1e42-4a34-8588-bc6bfac64d94	11	77187293	77187683	2	-1.3438
7ab228bb-1e42-4a34-8588-bc6bfac64d94	11	77187740	78198832	507	-0.023
7ab228bb-1e42-4a34-8588-bc6bfac64d94	11	78201663	96479510	12837	0.0332
7ab228bb-1e42-4a34-8588-bc6bfac64d94	11	96479838	107873445	8203	-0.0116
7ab228bb-1e42-4a34-8588-bc6bfac64d94	11	107876017	108079857	113	-0.242
7ab228bb-1e42-4a34-8588-bc6bfac64d94	11	108081855	116796745	5951	-0.0036
7ab228bb-1e42-4a34-8588-bc6bfac64d94	11	116797795	116799960	4	-1.4954
7ab228bb-1e42-4a34-8588-bc6bfac64d94	11	116804102	135074876	13486	0.0075
7ab228bb-1e42-4a34-8588-bc6bfac64d94	12	51460	632344	358	-0.0174
7ab228bb-1e42-4a34-8588-bc6bfac64d94	12	647735	776000	102	-0.211
7ab228bb-1e42-4a34-8588-bc6bfac64d94	12	776015	1457646	366	0.0238
7ab228bb-1e42-4a34-8588-bc6bfac64d94	12	1458121	1741218	171	-0.1545
7ab228bb-1e42-4a34-8588-bc6bfac64d94	12	1741990	6027802	3458	-0.0008
7ab228bb-1e42-4a34-8588-bc6bfac64d94	12	6028290	6029429	4	-0.9102
7ab228bb-1e42-4a34-8588-bc6bfac64d94	12	6030095	7586745	783	-0.0064
7ab228bb-1e42-4a34-8588-bc6bfac64d94	12	7588004	7982496	182	-0.2008
7ab228bb-1e42-4a34-8588-bc6bfac64d94	12	7985126	8404097	173	-0.0495
7ab228bb-1e42-4a34-8588-bc6bfac64d94	12	8405892	8423870	15	1.2393
7ab228bb-1e42-4a34-8588-bc6bfac64d94	12	8428232	8455906	15	0.1956
7ab228bb-1e42-4a34-8588-bc6bfac64d94	12	8455950	9041399	324	-0.0452
7ab228bb-1e42-4a34-8588-bc6bfac64d94	12	9043875	9477960	222	0.0865
7ab228bb-1e42-4a34-8588-bc6bfac64d94	12	9481274	9575696	24	0.8854
7ab228bb-1e42-4a34-8588-bc6bfac64d94	12	9582373	19314078	6615	0.0017
7ab228bb-1e42-4a34-8588-bc6bfac64d94	12	19321836	19405234	44	-0.3163
7ab228bb-1e42-4a34-8588-bc6bfac64d94	12	19406897	27135134	5507	-0.0011
7ab228bb-1e42-4a34-8588-bc6bfac64d94	12	27135199	27170689	17	-0.4686
7ab228bb-1e42-4a34-8588-bc6bfac64d94	12	27173360	34425363	5162	-0.0122
7ab228bb-1e42-4a34-8588-bc6bfac64d94	12	34446392	38110324	193	-0.2993
7ab228bb-1e42-4a34-8588-bc6bfac64d94	12	38110727	48380678	6422	0.016
7ab228bb-1e42-4a34-8588-bc6bfac64d94	12	48384899	57685741	5046	-0.0202
7ab228bb-1e42-4a34-8588-bc6bfac64d94	12	57686357	61804490	2659	0.0038
7ab228bb-1e42-4a34-8588-bc6bfac64d94	12	61808789	61817039	5	-1.0226
7ab228bb-1e42-4a34-8588-bc6bfac64d94	12	61818077	99398036	24243	0.0049
7ab228bb-1e42-4a34-8588-bc6bfac64d94	12	99401515	99409315	32	-0.5174
7ab228bb-1e42-4a34-8588-bc6bfac64d94	12	99409340	106890682	5041	0.0229
7ab228bb-1e42-4a34-8588-bc6bfac64d94	12	106891831	119878945	8837	-0.0174
7ab228bb-1e42-4a34-8588-bc6bfac64d94	12	119885150	120011806	49	-0.3566
7ab228bb-1e42-4a34-8588-bc6bfac64d94	12	120012181	133201603	8784	-0.0297
7ab228bb-1e42-4a34-8588-bc6bfac64d94	13	18452809	19730313	622	-0.0249
7ab228bb-1e42-4a34-8588-bc6bfac64d94	13	19730465	19952621	101	-0.3095
7ab228bb-1e42-4a34-8588-bc6bfac64d94	13	19953271	20465498	346	-0.0099
7ab228bb-1e42-4a34-8588-bc6bfac64d94	13	20467386	20546665	63	-0.2268
7ab228bb-1e42-4a34-8588-bc6bfac64d94	13	20547184	21842035	784	0.0421
7ab228bb-1e42-4a34-8588-bc6bfac64d94	13	21845143	21845865	3	-0.8934
7ab228bb-1e42-4a34-8588-bc6bfac64d94	13	21848162	23055038	938	-0.0125
7ab228bb-1e42-4a34-8588-bc6bfac64d94	13	23055048	23059376	14	-0.8861
7ab228bb-1e42-4a34-8588-bc6bfac64d94	13	23064056	31957984	6692	-0.0022
7ab228bb-1e42-4a34-8588-bc6bfac64d94	13	31958485	31964286	18	-3.2791
7ab228bb-1e42-4a34-8588-bc6bfac64d94	13	31965910	50347810	12595	0.0105
7ab228bb-1e42-4a34-8588-bc6bfac64d94	13	50348637	50412028	43	0.371
7ab228bb-1e42-4a34-8588-bc6bfac64d94	13	50414484	52214956	1102	0.0412
7ab228bb-1e42-4a34-8588-bc6bfac64d94	13	52220409	52288372	6	-0.8037
7ab228bb-1e42-4a34-8588-bc6bfac64d94	13	52293586	57176962	2696	0.0009
7ab228bb-1e42-4a34-8588-bc6bfac64d94	13	57184136	57204234	33	-2.4939
7ab228bb-1e42-4a34-8588-bc6bfac64d94	13	57204246	85300014	18061	0.0017
7ab228bb-1e42-4a34-8588-bc6bfac64d94	13	85301456	85309760	6	-1.1693
7ab228bb-1e42-4a34-8588-bc6bfac64d94	13	85310048	89172448	2176	-0.0131
7ab228bb-1e42-4a34-8588-bc6bfac64d94	13	89177823	89180142	2	-1.535
7ab228bb-1e42-4a34-8588-bc6bfac64d94	13	89180631	95247100	4155	0.0029
7ab228bb-1e42-4a34-8588-bc6bfac64d94	13	95247389	95390810	120	-0.203
7ab228bb-1e42-4a34-8588-bc6bfac64d94	13	95391616	114342922	13574	0.0114
7ab228bb-1e42-4a34-8588-bc6bfac64d94	14	18239283	19289821	45	0.0813
7ab228bb-1e42-4a34-8588-bc6bfac64d94	14	19294457	19294475	2	-1.8263
7ab228bb-1e42-4a34-8588-bc6bfac64d94	14	19298389	20081537	209	0.0829
7ab228bb-1e42-4a34-8588-bc6bfac64d94	14	20081952	20085125	4	-1.0839
7ab228bb-1e42-4a34-8588-bc6bfac64d94	14	20087037	20881358	617	-0.0081
7ab228bb-1e42-4a34-8588-bc6bfac64d94	14	20884940	20948875	25	-0.9693
7ab228bb-1e42-4a34-8588-bc6bfac64d94	14	20951442	21823687	505	-0.0268
7ab228bb-1e42-4a34-8588-bc6bfac64d94	14	21831825	21925817	109	0.1883
7ab228bb-1e42-4a34-8588-bc6bfac64d94	14	21925968	22423470	418	0.0557
7ab228bb-1e42-4a34-8588-bc6bfac64d94	14	22424253	22575361	160	0.2051
7ab228bb-1e42-4a34-8588-bc6bfac64d94	14	22578899	22651807	57	-0.0525
7ab228bb-1e42-4a34-8588-bc6bfac64d94	14	22652451	22794943	81	-0.2634
7ab228bb-1e42-4a34-8588-bc6bfac64d94	14	22795027	73534419	31998	0.0003
7ab228bb-1e42-4a34-8588-bc6bfac64d94	14	73540003	73550817	6	-2.2198
7ab228bb-1e42-4a34-8588-bc6bfac64d94	14	73550834	106340102	20879	-0.0075
7ab228bb-1e42-4a34-8588-bc6bfac64d94	14	106340305	106346129	6	-2.8905
7ab228bb-1e42-4a34-8588-bc6bfac64d94	14	106360014	106877229	274	0.0147
7ab228bb-1e42-4a34-8588-bc6bfac64d94	15	19811075	19882777	12	-0.5623
7ab228bb-1e42-4a34-8588-bc6bfac64d94	15	19889589	20064520	42	0.0594
7ab228bb-1e42-4a34-8588-bc6bfac64d94	15	20187568	22299523	152	-1.193
7ab228bb-1e42-4a34-8588-bc6bfac64d94	15	22385639	23493441	363	-0.1508
7ab228bb-1e42-4a34-8588-bc6bfac64d94	15	23495371	28265749	3397	0.0002
7ab228bb-1e42-4a34-8588-bc6bfac64d94	15	28268218	28464148	25	-0.2697
7ab228bb-1e42-4a34-8588-bc6bfac64d94	15	28676328	28683597	2	-1.893
7ab228bb-1e42-4a34-8588-bc6bfac64d94	15	28684558	30094208	837	-0.0771
7ab228bb-1e42-4a34-8588-bc6bfac64d94	15	30106026	30156392	3	-1.8745
7ab228bb-1e42-4a34-8588-bc6bfac64d94	15	30157841	56497449	16314	0.0063
7ab228bb-1e42-4a34-8588-bc6bfac64d94	15	56498505	56520500	30	-0.5899
7ab228bb-1e42-4a34-8588-bc6bfac64d94	15	56521208	76577588	12744	0.0059
7ab228bb-1e42-4a34-8588-bc6bfac64d94	15	76586021	76602857	15	-0.5892
7ab228bb-1e42-4a34-8588-bc6bfac64d94	15	76603003	85802299	5380	0.0114
7ab228bb-1e42-4a34-8588-bc6bfac64d94	15	85802314	85821495	41	-0.2866
7ab228bb-1e42-4a34-8588-bc6bfac64d94	15	85821633	87360791	1327	0.0181
7ab228bb-1e42-4a34-8588-bc6bfac64d94	15	87362614	87366991	31	-1.0632
7ab228bb-1e42-4a34-8588-bc6bfac64d94	15	87370318	94369228	5234	-0.0003
7ab228bb-1e42-4a34-8588-bc6bfac64d94	15	94369307	94394981	23	0.2426
7ab228bb-1e42-4a34-8588-bc6bfac64d94	15	94395796	94396434	3	-0.5214
7ab228bb-1e42-4a34-8588-bc6bfac64d94	15	94397537	94483206	68	0.2228
7ab228bb-1e42-4a34-8588-bc6bfac64d94	15	94483790	97005991	1897	0.0266
7ab228bb-1e42-4a34-8588-bc6bfac64d94	15	97006387	97009030	2	-1.9192
7ab228bb-1e42-4a34-8588-bc6bfac64d94	15	97009227	101928837	3611	0.0055
7ab228bb-1e42-4a34-8588-bc6bfac64d94	16	10777	6908847	4271	-0.0452
7ab228bb-1e42-4a34-8588-bc6bfac64d94	16	6908902	7051388	161	-0.2096
7ab228bb-1e42-4a34-8588-bc6bfac64d94	16	7057355	8960055	2068	-0.0325
7ab228bb-1e42-4a34-8588-bc6bfac64d94	16	8970404	9088043	52	-0.4744
7ab228bb-1e42-4a34-8588-bc6bfac64d94	16	9088720	10286569	1254	-0.0138
7ab228bb-1e42-4a34-8588-bc6bfac64d94	16	10292894	10351514	34	-0.3588
7ab228bb-1e42-4a34-8588-bc6bfac64d94	16	10365871	12590995	1634	0.0158
7ab228bb-1e42-4a34-8588-bc6bfac64d94	16	12591086	12612630	44	-0.4274
7ab228bb-1e42-4a34-8588-bc6bfac64d94	16	12612637	15196912	1691	-0.0162
7ab228bb-1e42-4a34-8588-bc6bfac64d94	16	15210241	17085165	803	-0.1804
7ab228bb-1e42-4a34-8588-bc6bfac64d94	16	17086938	18595356	762	-0.0461
7ab228bb-1e42-4a34-8588-bc6bfac64d94	16	18615979	18730788	13	-0.8255
7ab228bb-1e42-4a34-8588-bc6bfac64d94	16	18731740	18932698	73	-0.0539
7ab228bb-1e42-4a34-8588-bc6bfac64d94	16	18939262	19021095	33	-0.3868
7ab228bb-1e42-4a34-8588-bc6bfac64d94	16	19021458	21503767	1492	0.0086
7ab228bb-1e42-4a34-8588-bc6bfac64d94	16	21509217	22690758	449	-0.1755
7ab228bb-1e42-4a34-8588-bc6bfac64d94	16	22690800	28228614	3941	-0.0138
7ab228bb-1e42-4a34-8588-bc6bfac64d94	16	28229008	28240535	11	-0.707
7ab228bb-1e42-4a34-8588-bc6bfac64d94	16	28243807	28593997	105	0.0068
7ab228bb-1e42-4a34-8588-bc6bfac64d94	16	28620264	29084019	84	-0.1785
7ab228bb-1e42-4a34-8588-bc6bfac64d94	16	29086168	29268429	74	0.0107
7ab228bb-1e42-4a34-8588-bc6bfac64d94	16	29269203	29269734	3	-1.5211
7ab228bb-1e42-4a34-8588-bc6bfac64d94	16	29270444	29617354	54	-0.0363
7ab228bb-1e42-4a34-8588-bc6bfac64d94	16	29620048	29738214	40	-0.4276
7ab228bb-1e42-4a34-8588-bc6bfac64d94	16	29738583	46750271	1434	-0.0539
7ab228bb-1e42-4a34-8588-bc6bfac64d94	16	46752590	55762682	6351	0.0083
7ab228bb-1e42-4a34-8588-bc6bfac64d94	16	55764310	55788532	18	0.6189
7ab228bb-1e42-4a34-8588-bc6bfac64d94	16	55808442	70076087	8738	0.0024
7ab228bb-1e42-4a34-8588-bc6bfac64d94	16	70076143	70212436	34	-0.3555
7ab228bb-1e42-4a34-8588-bc6bfac64d94	16	70212504	74315145	2278	0.012
7ab228bb-1e42-4a34-8588-bc6bfac64d94	16	74315446	74439944	38	-0.3474
7ab228bb-1e42-4a34-8588-bc6bfac64d94	16	74440089	78339440	3193	0.0048
7ab228bb-1e42-4a34-8588-bc6bfac64d94	16	78339867	78342480	3	-2.5569
7ab228bb-1e42-4a34-8588-bc6bfac64d94	16	78342814	81107000	3188	0.0253
7ab228bb-1e42-4a34-8588-bc6bfac64d94	16	81108652	81250224	156	-0.2592
7ab228bb-1e42-4a34-8588-bc6bfac64d94	16	81256433	83020024	1788	0.0239
7ab228bb-1e42-4a34-8588-bc6bfac64d94	16	83021827	83022539	2	-2.1387
7ab228bb-1e42-4a34-8588-bc6bfac64d94	16	83023736	83824184	1072	0.0081
7ab228bb-1e42-4a34-8588-bc6bfac64d94	16	83827326	90096867	4420	-0.0237
7ab228bb-1e42-4a34-8588-bc6bfac64d94	17	150733	813219	358	-0.0547
7ab228bb-1e42-4a34-8588-bc6bfac64d94	17	813584	1262192	200	-0.2015
7ab228bb-1e42-4a34-8588-bc6bfac64d94	17	1276729	2409060	599	0.0087
7ab228bb-1e42-4a34-8588-bc6bfac64d94	17	2409068	2409080	3	-1.1549
7ab228bb-1e42-4a34-8588-bc6bfac64d94	17	2413234	2494474	50	0.0347
7ab228bb-1e42-4a34-8588-bc6bfac64d94	17	2496207	3806658	765	-0.0938
7ab228bb-1e42-4a34-8588-bc6bfac64d94	17	3806830	4405273	348	-0.0057
7ab228bb-1e42-4a34-8588-bc6bfac64d94	17	4405352	4471794	39	-0.3965
7ab228bb-1e42-4a34-8588-bc6bfac64d94	17	4471807	4764260	136	0.0126
7ab228bb-1e42-4a34-8588-bc6bfac64d94	17	4764821	4779740	9	-0.5713
7ab228bb-1e42-4a34-8588-bc6bfac64d94	17	4791004	7354708	1577	-0.0085
7ab228bb-1e42-4a34-8588-bc6bfac64d94	17	7362030	7374557	11	-0.6073
7ab228bb-1e42-4a34-8588-bc6bfac64d94	17	7379825	14360128	4897	-0.016
7ab228bb-1e42-4a34-8588-bc6bfac64d94	17	14361033	14622907	245	-0.1521
7ab228bb-1e42-4a34-8588-bc6bfac64d94	17	14623133	22311652	3488	-0.0336
7ab228bb-1e42-4a34-8588-bc6bfac64d94	17	22316315	22372954	24	-0.456
7ab228bb-1e42-4a34-8588-bc6bfac64d94	17	22374123	30637059	1872	-0.0031
7ab228bb-1e42-4a34-8588-bc6bfac64d94	17	30652598	30848226	67	-0.3063
7ab228bb-1e42-4a34-8588-bc6bfac64d94	17	30860091	33495438	1594	0.0049
7ab228bb-1e42-4a34-8588-bc6bfac64d94	17	33496044	33496090	2	1.8117
7ab228bb-1e42-4a34-8588-bc6bfac64d94	17	33498098	36108119	1962	0.0199
7ab228bb-1e42-4a34-8588-bc6bfac64d94	17	36108874	36493839	78	-0.28
7ab228bb-1e42-4a34-8588-bc6bfac64d94	17	36493853	46113719	5023	-0.0122
7ab228bb-1e42-4a34-8588-bc6bfac64d94	17	46114412	46351954	108	-0.3001
7ab228bb-1e42-4a34-8588-bc6bfac64d94	17	46446345	74252662	17108	-0.0033
7ab228bb-1e42-4a34-8588-bc6bfac64d94	17	74253090	74518475	136	-0.1918
7ab228bb-1e42-4a34-8588-bc6bfac64d94	17	74519042	76755550	1101	-0.007
7ab228bb-1e42-4a34-8588-bc6bfac64d94	17	76763737	76833305	35	-0.4472
7ab228bb-1e42-4a34-8588-bc6bfac64d94	17	76835725	80557107	2160	-0.0285
7ab228bb-1e42-4a34-8588-bc6bfac64d94	17	80558425	80558951	4	-1.0737
7ab228bb-1e42-4a34-8588-bc6bfac64d94	17	80559389	83091923	1027	0.0088
7ab228bb-1e42-4a34-8588-bc6bfac64d94	18	48133	517116	334	-0.0173
7ab228bb-1e42-4a34-8588-bc6bfac64d94	18	518222	894964	302	-0.179
7ab228bb-1e42-4a34-8588-bc6bfac64d94	18	894981	15183613	9737	0.0009
7ab228bb-1e42-4a34-8588-bc6bfac64d94	18	15191560	15221748	4	-1.598
7ab228bb-1e42-4a34-8588-bc6bfac64d94	18	15228660	49468535	18259	-0.0011
7ab228bb-1e42-4a34-8588-bc6bfac64d94	18	49471356	49476982	3	-1.1999
7ab228bb-1e42-4a34-8588-bc6bfac64d94	18	49483097	49590284	74	-0.1414
7ab228bb-1e42-4a34-8588-bc6bfac64d94	18	49594025	59836146	7188	0.0001
7ab228bb-1e42-4a34-8588-bc6bfac64d94	18	59839112	60468612	516	-0.0795
7ab228bb-1e42-4a34-8588-bc6bfac64d94	18	60470791	60481287	7	-1.1424
7ab228bb-1e42-4a34-8588-bc6bfac64d94	18	60485661	64562071	2857	-0.0058
7ab228bb-1e42-4a34-8588-bc6bfac64d94	18	64563169	64563444	2	-1.5213
7ab228bb-1e42-4a34-8588-bc6bfac64d94	18	64563461	66099904	1076	-0.0022
7ab228bb-1e42-4a34-8588-bc6bfac64d94	18	66100052	66100686	2	-3.902
7ab228bb-1e42-4a34-8588-bc6bfac64d94	18	66108359	71819773	4135	-0.0129
7ab228bb-1e42-4a34-8588-bc6bfac64d94	18	71822246	75834208	3201	0.0336
7ab228bb-1e42-4a34-8588-bc6bfac64d94	18	75834967	80257174	3038	-0.0136
7ab228bb-1e42-4a34-8588-bc6bfac64d94	19	90910	4424377	1166	-0.0316
7ab228bb-1e42-4a34-8588-bc6bfac64d94	19	4425615	4674787	62	-0.3554
7ab228bb-1e42-4a34-8588-bc6bfac64d94	19	4675266	6901458	1027	-0.0477
7ab228bb-1e42-4a34-8588-bc6bfac64d94	19	6901471	6981874	61	-0.3734
7ab228bb-1e42-4a34-8588-bc6bfac64d94	19	6982698	15565939	4169	-0.0423
7ab228bb-1e42-4a34-8588-bc6bfac64d94	19	15568021	15586386	10	-1.4279
7ab228bb-1e42-4a34-8588-bc6bfac64d94	19	15590267	20013886	2191	-0.0281
7ab228bb-1e42-4a34-8588-bc6bfac64d94	19	20014011	21066852	594	-0.1728
7ab228bb-1e42-4a34-8588-bc6bfac64d94	19	21069332	21927158	492	-0.0097
7ab228bb-1e42-4a34-8588-bc6bfac64d94	19	21927417	22456999	305	-0.1399
7ab228bb-1e42-4a34-8588-bc6bfac64d94	19	22462398	23966834	875	-0.0073
7ab228bb-1e42-4a34-8588-bc6bfac64d94	19	23969034	27589907	251	-0.1386
7ab228bb-1e42-4a34-8588-bc6bfac64d94	19	27590132	36355248	5961	0.005
7ab228bb-1e42-4a34-8588-bc6bfac64d94	19	36355288	36356789	11	-0.5762
7ab228bb-1e42-4a34-8588-bc6bfac64d94	19	36356859	39047255	1377	0.0409
7ab228bb-1e42-4a34-8588-bc6bfac64d94	19	39047412	39051944	2	-2.0595
7ab228bb-1e42-4a34-8588-bc6bfac64d94	19	39057862	41173219	1135	-0.0289
7ab228bb-1e42-4a34-8588-bc6bfac64d94	19	41174480	41185347	4	-1.3588
7ab228bb-1e42-4a34-8588-bc6bfac64d94	19	41191511	41485616	154	0.0238
7ab228bb-1e42-4a34-8588-bc6bfac64d94	19	41487722	41491433	2	-1.4065
7ab228bb-1e42-4a34-8588-bc6bfac64d94	19	41492823	43003893	653	-0.0156
7ab228bb-1e42-4a34-8588-bc6bfac64d94	19	43004788	43249358	104	-0.929
7ab228bb-1e42-4a34-8588-bc6bfac64d94	19	43252085	43407568	69	0.0023
7ab228bb-1e42-4a34-8588-bc6bfac64d94	19	43408882	43455545	33	-0.4415
7ab228bb-1e42-4a34-8588-bc6bfac64d94	19	43458545	49637974	2977	-0.0114
7ab228bb-1e42-4a34-8588-bc6bfac64d94	19	49638017	53564581	2446	-0.0747
7ab228bb-1e42-4a34-8588-bc6bfac64d94	19	53565826	53834788	173	-0.341
7ab228bb-1e42-4a34-8588-bc6bfac64d94	19	53836093	58586487	2791	-0.0559
7ab228bb-1e42-4a34-8588-bc6bfac64d94	20	80664	1580276	1201	-0.0053
7ab228bb-1e42-4a34-8588-bc6bfac64d94	20	1580305	1617690	46	-0.6138
7ab228bb-1e42-4a34-8588-bc6bfac64d94	20	1618356	5605845	2899	-0.0042
7ab228bb-1e42-4a34-8588-bc6bfac64d94	20	5610010	5752029	94	-0.3235
7ab228bb-1e42-4a34-8588-bc6bfac64d94	20	5755287	22930005	13582	0.0319
7ab228bb-1e42-4a34-8588-bc6bfac64d94	20	22935473	22940136	6	-0.8555
7ab228bb-1e42-4a34-8588-bc6bfac64d94	20	22944763	26217295	2149	0.0332
7ab228bb-1e42-4a34-8588-bc6bfac64d94	20	26229118	30364187	75	-0.2506
7ab228bb-1e42-4a34-8588-bc6bfac64d94	20	30367103	31734259	250	0.1233
7ab228bb-1e42-4a34-8588-bc6bfac64d94	20	31737910	50538567	12010	-0.0052
7ab228bb-1e42-4a34-8588-bc6bfac64d94	20	50543407	50545500	2	-1.6272
7ab228bb-1e42-4a34-8588-bc6bfac64d94	20	50545612	51291304	530	-0.0204
7ab228bb-1e42-4a34-8588-bc6bfac64d94	20	51291410	51292668	2	-1.7403
7ab228bb-1e42-4a34-8588-bc6bfac64d94	20	51292836	64324800	9529	-0.0116
7ab228bb-1e42-4a34-8588-bc6bfac64d94	21	10354168	13812646	274	-0.1685
7ab228bb-1e42-4a34-8588-bc6bfac64d94	21	13818379	46677045	23594	-0.0079
7ab228bb-1e42-4a34-8588-bc6bfac64d94	22	15294547	20323099	2011	-0.033
7ab228bb-1e42-4a34-8588-bc6bfac64d94	22	20324394	21681662	762	-0.1436
7ab228bb-1e42-4a34-8588-bc6bfac64d94	22	21681911	22127104	350	-0.0353
7ab228bb-1e42-4a34-8588-bc6bfac64d94	22	22130385	22130895	8	-0.9199
7ab228bb-1e42-4a34-8588-bc6bfac64d94	22	22130908	23946180	1248	-0.0161
7ab228bb-1e42-4a34-8588-bc6bfac64d94	22	23946247	23950883	2	-2.0493
7ab228bb-1e42-4a34-8588-bc6bfac64d94	22	23951669	23987520	8	0.0537
7ab228bb-1e42-4a34-8588-bc6bfac64d94	22	23988078	23990739	4	0.981
7ab228bb-1e42-4a34-8588-bc6bfac64d94	22	23995113	24698610	381	-0.0051
7ab228bb-1e42-4a34-8588-bc6bfac64d94	22	24702542	24706748	4	-0.8802
7ab228bb-1e42-4a34-8588-bc6bfac64d94	22	24707057	25175101	349	0.0292
7ab228bb-1e42-4a34-8588-bc6bfac64d94	22	25175373	25598046	426	-0.0984
7ab228bb-1e42-4a34-8588-bc6bfac64d94	22	25598372	36042533	7939	-0.0006
7ab228bb-1e42-4a34-8588-bc6bfac64d94	22	36042607	36059646	14	-0.8127
7ab228bb-1e42-4a34-8588-bc6bfac64d94	22	36063355	36545018	332	-0.0095
7ab228bb-1e42-4a34-8588-bc6bfac64d94	22	36547734	36552699	5	-1.1047
7ab228bb-1e42-4a34-8588-bc6bfac64d94	22	36555277	50796027	9415	-0.0209
7ab228bb-1e42-4a34-8588-bc6bfac64d94	X	251810	3235433	435	-0.1507
7ab228bb-1e42-4a34-8588-bc6bfac64d94	X	3235609	6661527	2614	-0.0243
7ab228bb-1e42-4a34-8588-bc6bfac64d94	X	6663642	8388209	1295	0.0762
7ab228bb-1e42-4a34-8588-bc6bfac64d94	X	8388775	46594830	23903	0.0178
7ab228bb-1e42-4a34-8588-bc6bfac64d94	X	46595690	47028842	222	0.072
7ab228bb-1e42-4a34-8588-bc6bfac64d94	X	47029653	48231416	642	-0.0123
7ab228bb-1e42-4a34-8588-bc6bfac64d94	X	48231795	48285442	22	-0.4781
7ab228bb-1e42-4a34-8588-bc6bfac64d94	X	48294979	52108554	1624	0.0048
7ab228bb-1e42-4a34-8588-bc6bfac64d94	X	52109555	52127721	10	-0.6407
7ab228bb-1e42-4a34-8588-bc6bfac64d94	X	52129218	53679929	489	0.0137
7ab228bb-1e42-4a34-8588-bc6bfac64d94	X	53682714	53981456	117	-0.258
7ab228bb-1e42-4a34-8588-bc6bfac64d94	X	53982565	56246798	1019	0.0079
7ab228bb-1e42-4a34-8588-bc6bfac64d94	X	56247708	56496107	108	-0.201
7ab228bb-1e42-4a34-8588-bc6bfac64d94	X	56496246	58428876	870	0.0022
7ab228bb-1e42-4a34-8588-bc6bfac64d94	X	58438654	62699560	42	-0.3636
7ab228bb-1e42-4a34-8588-bc6bfac64d94	X	62704358	75123802	5381	-0.002
7ab228bb-1e42-4a34-8588-bc6bfac64d94	X	75125250	77396033	1048	-0.0936
7ab228bb-1e42-4a34-8588-bc6bfac64d94	X	77405359	91431378	7309	-0.0185
7ab228bb-1e42-4a34-8588-bc6bfac64d94	X	91432736	91457811	34	0.3305
7ab228bb-1e42-4a34-8588-bc6bfac64d94	X	91458627	121843830	16425	-0.0003
7ab228bb-1e42-4a34-8588-bc6bfac64d94	X	121846801	121977772	91	0.2153
7ab228bb-1e42-4a34-8588-bc6bfac64d94	X	121979469	135168291	7362	0.0016
7ab228bb-1e42-4a34-8588-bc6bfac64d94	X	135170704	135356616	91	0.274
7ab228bb-1e42-4a34-8588-bc6bfac64d94	X	135356699	149550633	9189	-0.0058
7ab228bb-1e42-4a34-8588-bc6bfac64d94	X	149563013	149572955	9	-1.0011
7ab228bb-1e42-4a34-8588-bc6bfac64d94	X	149604380	149757784	68	0.0836
7ab228bb-1e42-4a34-8588-bc6bfac64d94	X	149758063	149935002	71	0.496
7ab228bb-1e42-4a34-8588-bc6bfac64d94	X	149937561	155952689	3135	0.021
7ab228bb-1e42-4a34-8588-bc6bfac64d94	Y	2782397	3047718	134	-3.6255
7ab228bb-1e42-4a34-8588-bc6bfac64d94	Y	3060867	6167430	615	-3.0472
7ab228bb-1e42-4a34-8588-bc6bfac64d94	Y	6171310	6182231	5	-5.8734
7ab228bb-1e42-4a34-8588-bc6bfac64d94	Y	6188590	6249869	31	-2.7412
7ab228bb-1e42-4a34-8588-bc6bfac64d94	Y	6252391	23586854	5662	-3.7498
7ab228bb-1e42-4a34-8588-bc6bfac64d94	Y	23784615	56872112	192	-3.2881
