GDC_Aliquot	Chromosome	Start	End	Copy_Number	Major_Copy_Number	Minor_Copy_Number
d8917845-77dc-433c-a0f1-cd1bc6dc986b	chr1	13116	121574344	2	1	1
d8917845-77dc-433c-a0f1-cd1bc6dc986b	chr1	121575457	121619151	4	4	0
d8917845-77dc-433c-a0f1-cd1bc6dc986b	chr1	121620345	121623189	2	2	0
d8917845-77dc-433c-a0f1-cd1bc6dc986b	chr1	121624196	121626296	3	3	0
d8917845-77dc-433c-a0f1-cd1bc6dc986b	chr1	121627541	121628584	5	3	2
d8917845-77dc-433c-a0f1-cd1bc6dc986b	chr1	121629692	121742438	4	4	0
d8917845-77dc-433c-a0f1-cd1bc6dc986b	chr1	143417573	164115404	2	1	1
d8917845-77dc-433c-a0f1-cd1bc6dc986b	chr1	164116408	164126160	5	3	2
d8917845-77dc-433c-a0f1-cd1bc6dc986b	chr1	164127182	248945703	2	1	1
d8917845-77dc-433c-a0f1-cd1bc6dc986b	chr2	10587	120015109	2	1	1
d8917845-77dc-433c-a0f1-cd1bc6dc986b	chr2	120016384	120096414	3	2	1
d8917845-77dc-433c-a0f1-cd1bc6dc986b	chr2	120097877	242183243	2	1	1
d8917845-77dc-433c-a0f1-cd1bc6dc986b	chr3	18519	90272855	2	1	1
d8917845-77dc-433c-a0f1-cd1bc6dc986b	chr3	90275115	93807057	3	2	1
d8917845-77dc-433c-a0f1-cd1bc6dc986b	chr3	93808605	109507708	2	1	1
d8917845-77dc-433c-a0f1-cd1bc6dc986b	chr3	109508808	109544322	4	2	2
d8917845-77dc-433c-a0f1-cd1bc6dc986b	chr3	109545541	198181744	2	1	1
d8917845-77dc-433c-a0f1-cd1bc6dc986b	chr4	11961	49168190	2	1	1
d8917845-77dc-433c-a0f1-cd1bc6dc986b	chr4	49169258	49169258	3	3	0
d8917845-77dc-433c-a0f1-cd1bc6dc986b	chr4	49170548	190122722	2	1	1
d8917845-77dc-433c-a0f1-cd1bc6dc986b	chr5	11882	46105022	2	1	1
d8917845-77dc-433c-a0f1-cd1bc6dc986b	chr5	46106061	46275143	3	2	1
d8917845-77dc-433c-a0f1-cd1bc6dc986b	chr5	46276685	50133353	4	4	0
d8917845-77dc-433c-a0f1-cd1bc6dc986b	chr5	50134498	50136572	0	0	0
d8917845-77dc-433c-a0f1-cd1bc6dc986b	chr5	50137581	50139752	2	2	0
d8917845-77dc-433c-a0f1-cd1bc6dc986b	chr5	50140992	50222546	3	2	1
d8917845-77dc-433c-a0f1-cd1bc6dc986b	chr5	50223673	181363900	2	1	1
d8917845-77dc-433c-a0f1-cd1bc6dc986b	chr6	100116	85778793	2	1	1
d8917845-77dc-433c-a0f1-cd1bc6dc986b	chr6	85780196	85971391	3	2	1
d8917845-77dc-433c-a0f1-cd1bc6dc986b	chr6	85973318	170740469	2	1	1
d8917845-77dc-433c-a0f1-cd1bc6dc986b	chr7	20608	57825987	2	1	1
d8917845-77dc-433c-a0f1-cd1bc6dc986b	chr7	57827031	62199589	4	2	2
d8917845-77dc-433c-a0f1-cd1bc6dc986b	chr7	62201822	62448902	2	1	1
d8917845-77dc-433c-a0f1-cd1bc6dc986b	chr7	62450419	62606201	4	4	0
d8917845-77dc-433c-a0f1-cd1bc6dc986b	chr7	62607514	124973853	2	1	1
d8917845-77dc-433c-a0f1-cd1bc6dc986b	chr7	124975098	124983521	5	3	2
d8917845-77dc-433c-a0f1-cd1bc6dc986b	chr7	124984863	159334386	2	1	1
d8917845-77dc-433c-a0f1-cd1bc6dc986b	chr8	61774	43891872	2	1	1
d8917845-77dc-433c-a0f1-cd1bc6dc986b	chr8	43893138	43966135	5	3	2
d8917845-77dc-433c-a0f1-cd1bc6dc986b	chr8	43967245	43973802	1	1	0
d8917845-77dc-433c-a0f1-cd1bc6dc986b	chr8	43974896	43977867	0	0	0
d8917845-77dc-433c-a0f1-cd1bc6dc986b	chr8	43979297	45945799	4	4	0
d8917845-77dc-433c-a0f1-cd1bc6dc986b	chr8	45947202	45948311	3	3	0
d8917845-77dc-433c-a0f1-cd1bc6dc986b	chr8	45950672	46001760	4	4	0
d8917845-77dc-433c-a0f1-cd1bc6dc986b	chr8	46003077	131230916	2	1	1
d8917845-77dc-433c-a0f1-cd1bc6dc986b	chr8	131231927	131268287	3	2	1
d8917845-77dc-433c-a0f1-cd1bc6dc986b	chr8	131269429	145013879	2	1	1
d8917845-77dc-433c-a0f1-cd1bc6dc986b	chr8	145015328	145078402	3	2	1
d8917845-77dc-433c-a0f1-cd1bc6dc986b	chr9	10469	11627083	2	1	1
d8917845-77dc-433c-a0f1-cd1bc6dc986b	chr9	11628392	11644850	4	2	2
d8917845-77dc-433c-a0f1-cd1bc6dc986b	chr9	11646306	40788328	2	1	1
d8917845-77dc-433c-a0f1-cd1bc6dc986b	chr9	40790656	40920004	4	2	2
d8917845-77dc-433c-a0f1-cd1bc6dc986b	chr9	40921758	138256233	2	1	1
d8917845-77dc-433c-a0f1-cd1bc6dc986b	chr10	15029	41748732	2	1	1
d8917845-77dc-433c-a0f1-cd1bc6dc986b	chr10	41750981	41810840	3	2	1
d8917845-77dc-433c-a0f1-cd1bc6dc986b	chr10	41812447	41814640	3	3	0
d8917845-77dc-433c-a0f1-cd1bc6dc986b	chr10	41816138	41869934	4	2	2
d8917845-77dc-433c-a0f1-cd1bc6dc986b	chr10	41871047	41872846	2	2	0
d8917845-77dc-433c-a0f1-cd1bc6dc986b	chr10	41874139	42107158	3	2	1
d8917845-77dc-433c-a0f1-cd1bc6dc986b	chr10	42108167	94741247	2	1	1
d8917845-77dc-433c-a0f1-cd1bc6dc986b	chr10	94743045	94809696	3	2	1
d8917845-77dc-433c-a0f1-cd1bc6dc986b	chr10	94811442	94821337	1	1	0
d8917845-77dc-433c-a0f1-cd1bc6dc986b	chr10	94822399	94881524	2	1	1
d8917845-77dc-433c-a0f1-cd1bc6dc986b	chr10	94883456	94883456	4	4	0
d8917845-77dc-433c-a0f1-cd1bc6dc986b	chr10	94885623	94984186	3	2	1
d8917845-77dc-433c-a0f1-cd1bc6dc986b	chr10	94985438	95100709	2	1	1
d8917845-77dc-433c-a0f1-cd1bc6dc986b	chr10	95101813	95147321	3	2	1
d8917845-77dc-433c-a0f1-cd1bc6dc986b	chr10	95148474	95167226	5	3	2
d8917845-77dc-433c-a0f1-cd1bc6dc986b	chr10	95168508	133787009	2	1	1
d8917845-77dc-433c-a0f1-cd1bc6dc986b	chr11	87268	31517555	2	1	1
d8917845-77dc-433c-a0f1-cd1bc6dc986b	chr11	31518768	31578363	3	2	1
d8917845-77dc-433c-a0f1-cd1bc6dc986b	chr11	31580641	48514262	2	1	1
d8917845-77dc-433c-a0f1-cd1bc6dc986b	chr11	48515384	48941713	3	2	1
d8917845-77dc-433c-a0f1-cd1bc6dc986b	chr11	48943051	50676655	2	1	1
d8917845-77dc-433c-a0f1-cd1bc6dc986b	chr11	50677931	50688206	3	2	1
d8917845-77dc-433c-a0f1-cd1bc6dc986b	chr11	50689799	50754821	4	2	2
d8917845-77dc-433c-a0f1-cd1bc6dc986b	chr11	50755854	50804907	3	2	1
d8917845-77dc-433c-a0f1-cd1bc6dc986b	chr11	50806163	54535113	4	4	0
d8917845-77dc-433c-a0f1-cd1bc6dc986b	chr11	54536176	55259354	3	2	1
d8917845-77dc-433c-a0f1-cd1bc6dc986b	chr11	55260947	63283470	2	1	1
d8917845-77dc-433c-a0f1-cd1bc6dc986b	chr11	63284995	63330796	3	2	1
d8917845-77dc-433c-a0f1-cd1bc6dc986b	chr11	63333427	134101557	2	1	1
d8917845-77dc-433c-a0f1-cd1bc6dc986b	chr11	134103212	134113516	5	3	2
d8917845-77dc-433c-a0f1-cd1bc6dc986b	chr11	134114932	135076424	2	1	1
d8917845-77dc-433c-a0f1-cd1bc6dc986b	chr12	11065	37600274	2	1	1
d8917845-77dc-433c-a0f1-cd1bc6dc986b	chr12	37601279	37623544	3	2	1
d8917845-77dc-433c-a0f1-cd1bc6dc986b	chr12	37624702	37792483	4	4	0
d8917845-77dc-433c-a0f1-cd1bc6dc986b	chr12	37794778	133264676	2	1	1
d8917845-77dc-433c-a0f1-cd1bc6dc986b	chr13	18445955	114343123	2	1	1
d8917845-77dc-433c-a0f1-cd1bc6dc986b	chr14	18223583	106880670	2	1	1
d8917845-77dc-433c-a0f1-cd1bc6dc986b	chr15	19795285	32132746	2	1	1
d8917845-77dc-433c-a0f1-cd1bc6dc986b	chr15	32134401	32153469	3	2	1
d8917845-77dc-433c-a0f1-cd1bc6dc986b	chr15	32158301	101980591	2	1	1
d8917845-77dc-433c-a0f1-cd1bc6dc986b	chr16	10291	36045725	2	1	1
d8917845-77dc-433c-a0f1-cd1bc6dc986b	chr16	46380940	46405393	1	1	0
d8917845-77dc-433c-a0f1-cd1bc6dc986b	chr16	46407648	90226358	2	1	1
d8917845-77dc-433c-a0f1-cd1bc6dc986b	chr17	151035	72465277	2	1	1
d8917845-77dc-433c-a0f1-cd1bc6dc986b	chr17	72466705	73277597	3	2	1
d8917845-77dc-433c-a0f1-cd1bc6dc986b	chr17	73279096	80988810	2	1	1
d8917845-77dc-433c-a0f1-cd1bc6dc986b	chr17	80990283	81070030	3	2	1
d8917845-77dc-433c-a0f1-cd1bc6dc986b	chr17	81071111	83237603	2	1	1
d8917845-77dc-433c-a0f1-cd1bc6dc986b	chr18	16444	80259190	2	1	1
d8917845-77dc-433c-a0f1-cd1bc6dc986b	chr19	157892	24394204	2	1	1
d8917845-77dc-433c-a0f1-cd1bc6dc986b	chr19	24395497	27519973	3	2	1
d8917845-77dc-433c-a0f1-cd1bc6dc986b	chr19	27522014	27540483	2	1	1
d8917845-77dc-433c-a0f1-cd1bc6dc986b	chr19	27541504	27614814	2	2	0
d8917845-77dc-433c-a0f1-cd1bc6dc986b	chr19	27616087	58607412	2	1	1
d8917845-77dc-433c-a0f1-cd1bc6dc986b	chr20	80457	64331516	2	1	1
d8917845-77dc-433c-a0f1-cd1bc6dc986b	chr21	7762688	46699722	2	1	1
d8917845-77dc-433c-a0f1-cd1bc6dc986b	chr22	15284540	50802392	2	1	1
d8917845-77dc-433c-a0f1-cd1bc6dc986b	chrX	2781514	51951555	1	1	0
d8917845-77dc-433c-a0f1-cd1bc6dc986b	chrX	51953675	52312221	2	2	0
d8917845-77dc-433c-a0f1-cd1bc6dc986b	chrX	52319437	58322938	1	1	0
d8917845-77dc-433c-a0f1-cd1bc6dc986b	chrX	58324740	62700662	2	2	0
d8917845-77dc-433c-a0f1-cd1bc6dc986b	chrX	62704204	71814001	1	1	0
d8917845-77dc-433c-a0f1-cd1bc6dc986b	chrX	71816299	71842433	3	3	0
d8917845-77dc-433c-a0f1-cd1bc6dc986b	chrX	71844418	155699751	1	1	0
d8917845-77dc-433c-a0f1-cd1bc6dc986b	chrY	2789135	26622951	1	1	0
