GDC_Aliquot	Chromosome	Start	End	Num_Probes	Segment_Mean
efcea0be-c3d0-49a5-9eec-b379afbd63f6	1	62920	877938	52	-0.0476
efcea0be-c3d0-49a5-9eec-b379afbd63f6	1	883206	3207177	639	0.2674
efcea0be-c3d0-49a5-9eec-b379afbd63f6	1	3207591	89009572	52895	0.0027
efcea0be-c3d0-49a5-9eec-b379afbd63f6	1	89012275	89012522	2	-3.0628
efcea0be-c3d0-49a5-9eec-b379afbd63f6	1	89015841	103616762	9053	-0.002
efcea0be-c3d0-49a5-9eec-b379afbd63f6	1	103620877	103717410	5	0.8681
efcea0be-c3d0-49a5-9eec-b379afbd63f6	1	103717617	112147704	5508	-0.0024
efcea0be-c3d0-49a5-9eec-b379afbd63f6	1	112153343	112154375	17	-0.4948
efcea0be-c3d0-49a5-9eec-b379afbd63f6	1	112154390	118645543	4107	0.001
efcea0be-c3d0-49a5-9eec-b379afbd63f6	1	118645706	118716225	49	-0.2585
efcea0be-c3d0-49a5-9eec-b379afbd63f6	1	118716986	121705338	994	-0.0011
efcea0be-c3d0-49a5-9eec-b379afbd63f6	1	143459641	143754062	112	-0.5955
efcea0be-c3d0-49a5-9eec-b379afbd63f6	1	143754077	152583051	2317	0.0197
efcea0be-c3d0-49a5-9eec-b379afbd63f6	1	152583230	152614064	33	1.079
efcea0be-c3d0-49a5-9eec-b379afbd63f6	1	152614100	152787202	168	-0.0124
efcea0be-c3d0-49a5-9eec-b379afbd63f6	1	152789447	152796224	37	0.5603
efcea0be-c3d0-49a5-9eec-b379afbd63f6	1	152801429	158896783	3594	0.004
efcea0be-c3d0-49a5-9eec-b379afbd63f6	1	158898711	158899969	2	1.2681
efcea0be-c3d0-49a5-9eec-b379afbd63f6	1	158905028	169247699	7626	-0.0037
efcea0be-c3d0-49a5-9eec-b379afbd63f6	1	169264736	169288512	12	-0.4991
efcea0be-c3d0-49a5-9eec-b379afbd63f6	1	169288809	174827576	3499	-0.0005
efcea0be-c3d0-49a5-9eec-b379afbd63f6	1	174827723	174835841	29	0.3329
efcea0be-c3d0-49a5-9eec-b379afbd63f6	1	174835884	189053842	9430	-0.0017
efcea0be-c3d0-49a5-9eec-b379afbd63f6	1	189058092	189062230	7	-0.9088
efcea0be-c3d0-49a5-9eec-b379afbd63f6	1	189063349	196745692	5134	-0.0184
efcea0be-c3d0-49a5-9eec-b379afbd63f6	1	196745743	196832525	58	0.5515
efcea0be-c3d0-49a5-9eec-b379afbd63f6	1	196832720	241800932	31072	0.0008
efcea0be-c3d0-49a5-9eec-b379afbd63f6	1	241801257	241801662	2	-2.6868
efcea0be-c3d0-49a5-9eec-b379afbd63f6	1	241802527	248546369	4431	-0.0054
efcea0be-c3d0-49a5-9eec-b379afbd63f6	1	248550567	248631988	33	-1.8967
efcea0be-c3d0-49a5-9eec-b379afbd63f6	1	248633821	248930189	143	0.0489
efcea0be-c3d0-49a5-9eec-b379afbd63f6	2	12784	1470126	993	0.0257
efcea0be-c3d0-49a5-9eec-b379afbd63f6	2	1470359	1874907	217	0.1339
efcea0be-c3d0-49a5-9eec-b379afbd63f6	2	1875506	14212200	9479	0.0028
efcea0be-c3d0-49a5-9eec-b379afbd63f6	2	14213786	14232571	60	0.365
efcea0be-c3d0-49a5-9eec-b379afbd63f6	2	14239203	32840338	11993	0.0044
efcea0be-c3d0-49a5-9eec-b379afbd63f6	2	32840604	32884937	33	0.3311
efcea0be-c3d0-49a5-9eec-b379afbd63f6	2	32892533	35428096	1903	-0.0042
efcea0be-c3d0-49a5-9eec-b379afbd63f6	2	35428409	35742057	243	-0.1385
efcea0be-c3d0-49a5-9eec-b379afbd63f6	2	35742319	35762881	10	0.6814
efcea0be-c3d0-49a5-9eec-b379afbd63f6	2	35772407	36308200	456	-0.0717
efcea0be-c3d0-49a5-9eec-b379afbd63f6	2	36314205	50642490	10328	-0.0043
efcea0be-c3d0-49a5-9eec-b379afbd63f6	2	50643235	51136217	348	-0.143
efcea0be-c3d0-49a5-9eec-b379afbd63f6	2	51136230	52047691	628	-0.0056
efcea0be-c3d0-49a5-9eec-b379afbd63f6	2	52047733	52312267	156	-0.1394
efcea0be-c3d0-49a5-9eec-b379afbd63f6	2	52312396	52527330	157	-0.0264
efcea0be-c3d0-49a5-9eec-b379afbd63f6	2	52527342	52554404	39	0.304
efcea0be-c3d0-49a5-9eec-b379afbd63f6	2	52560811	53143130	482	-0.0332
efcea0be-c3d0-49a5-9eec-b379afbd63f6	2	53144622	53252385	100	-0.1969
efcea0be-c3d0-49a5-9eec-b379afbd63f6	2	53252780	57615911	3060	-0.0084
efcea0be-c3d0-49a5-9eec-b379afbd63f6	2	57616214	57657295	38	-0.3357
efcea0be-c3d0-49a5-9eec-b379afbd63f6	2	57657488	78745339	13162	-0.0003
efcea0be-c3d0-49a5-9eec-b379afbd63f6	2	78749511	79408137	538	-0.1054
efcea0be-c3d0-49a5-9eec-b379afbd63f6	2	79416150	87225631	4587	0.0039
efcea0be-c3d0-49a5-9eec-b379afbd63f6	2	87228594	87576101	70	0.2677
efcea0be-c3d0-49a5-9eec-b379afbd63f6	2	87578886	97359885	1746	0.0165
efcea0be-c3d0-49a5-9eec-b379afbd63f6	2	97524284	97560849	15	-0.6968
efcea0be-c3d0-49a5-9eec-b379afbd63f6	2	97562741	105519180	4897	0.0007
efcea0be-c3d0-49a5-9eec-b379afbd63f6	2	105521668	105522759	3	-1.373
efcea0be-c3d0-49a5-9eec-b379afbd63f6	2	105523754	106263639	643	-0.0098
efcea0be-c3d0-49a5-9eec-b379afbd63f6	2	106264257	106266773	4	-1.0753
efcea0be-c3d0-49a5-9eec-b379afbd63f6	2	106266875	106268901	7	-2.6301
efcea0be-c3d0-49a5-9eec-b379afbd63f6	2	106270799	109072516	1697	0.0005
efcea0be-c3d0-49a5-9eec-b379afbd63f6	2	109075969	109081692	6	-0.6114
efcea0be-c3d0-49a5-9eec-b379afbd63f6	2	109082241	113604438	2074	0.0132
efcea0be-c3d0-49a5-9eec-b379afbd63f6	2	113604837	113604839	2	-1.7828
efcea0be-c3d0-49a5-9eec-b379afbd63f6	2	113623244	115768185	1323	0.0087
efcea0be-c3d0-49a5-9eec-b379afbd63f6	2	115771679	116303918	299	-0.0965
efcea0be-c3d0-49a5-9eec-b379afbd63f6	2	116305355	123297642	4491	-0.0014
efcea0be-c3d0-49a5-9eec-b379afbd63f6	2	123297887	123587442	224	-0.1307
efcea0be-c3d0-49a5-9eec-b379afbd63f6	2	123589745	124292413	465	0.0226
efcea0be-c3d0-49a5-9eec-b379afbd63f6	2	124292428	125694355	839	-0.0749
efcea0be-c3d0-49a5-9eec-b379afbd63f6	2	125694440	129597933	2523	0.013
efcea0be-c3d0-49a5-9eec-b379afbd63f6	2	129598357	129598636	2	-1.3609
efcea0be-c3d0-49a5-9eec-b379afbd63f6	2	129598954	130036283	300	0.0061
efcea0be-c3d0-49a5-9eec-b379afbd63f6	2	130036310	130067885	9	-0.5981
efcea0be-c3d0-49a5-9eec-b379afbd63f6	2	130068107	137630679	4302	0.004
efcea0be-c3d0-49a5-9eec-b379afbd63f6	2	137631149	138311046	420	-0.1009
efcea0be-c3d0-49a5-9eec-b379afbd63f6	2	138312265	184451949	28437	-0.0017
efcea0be-c3d0-49a5-9eec-b379afbd63f6	2	184452153	184455332	4	1.0798
efcea0be-c3d0-49a5-9eec-b379afbd63f6	2	184460792	185156205	388	-0.0162
efcea0be-c3d0-49a5-9eec-b379afbd63f6	2	185156597	186031467	430	-0.1241
efcea0be-c3d0-49a5-9eec-b379afbd63f6	2	186031777	194781329	4846	-0.0077
efcea0be-c3d0-49a5-9eec-b379afbd63f6	2	194785625	195345584	339	-0.15
efcea0be-c3d0-49a5-9eec-b379afbd63f6	2	195351205	232315703	23035	-0.0006
efcea0be-c3d0-49a5-9eec-b379afbd63f6	2	232319832	232454022	92	0.2463
efcea0be-c3d0-49a5-9eec-b379afbd63f6	2	232455267	240662330	5535	0.0082
efcea0be-c3d0-49a5-9eec-b379afbd63f6	2	240670162	240796243	37	0.3178
efcea0be-c3d0-49a5-9eec-b379afbd63f6	2	240798031	241531544	377	0.006
efcea0be-c3d0-49a5-9eec-b379afbd63f6	2	241531662	242147305	195	0.1752
efcea0be-c3d0-49a5-9eec-b379afbd63f6	3	20930	2784689	2409	-0.1161
efcea0be-c3d0-49a5-9eec-b379afbd63f6	3	2784861	3163748	365	-0.0446
efcea0be-c3d0-49a5-9eec-b379afbd63f6	3	3165956	3372902	220	0.0456
efcea0be-c3d0-49a5-9eec-b379afbd63f6	3	3374116	4227347	791	-0.0685
efcea0be-c3d0-49a5-9eec-b379afbd63f6	3	4229530	4230132	2	1.1473
efcea0be-c3d0-49a5-9eec-b379afbd63f6	3	4230569	5471866	1007	-0.0066
efcea0be-c3d0-49a5-9eec-b379afbd63f6	3	5472179	6159248	573	-0.1224
efcea0be-c3d0-49a5-9eec-b379afbd63f6	3	6160659	6604856	426	-0.0365
efcea0be-c3d0-49a5-9eec-b379afbd63f6	3	6609441	6611645	23	-0.8385
efcea0be-c3d0-49a5-9eec-b379afbd63f6	3	6613391	7049982	354	-0.0222
efcea0be-c3d0-49a5-9eec-b379afbd63f6	3	7050334	7083185	28	-0.3113
efcea0be-c3d0-49a5-9eec-b379afbd63f6	3	7083490	10114198	2340	-0.0069
efcea0be-c3d0-49a5-9eec-b379afbd63f6	3	10116618	10359275	192	0.124
efcea0be-c3d0-49a5-9eec-b379afbd63f6	3	10359544	12656386	1750	0.0057
efcea0be-c3d0-49a5-9eec-b379afbd63f6	3	12656501	12711856	35	0.261
efcea0be-c3d0-49a5-9eec-b379afbd63f6	3	12715395	12982043	157	0.0023
efcea0be-c3d0-49a5-9eec-b379afbd63f6	3	12984032	13012586	17	0.2665
efcea0be-c3d0-49a5-9eec-b379afbd63f6	3	13013288	13076906	57	0.01
efcea0be-c3d0-49a5-9eec-b379afbd63f6	3	13079720	13131212	50	0.2112
efcea0be-c3d0-49a5-9eec-b379afbd63f6	3	13136166	18806819	3617	0.0054
efcea0be-c3d0-49a5-9eec-b379afbd63f6	3	18806837	18815015	7	-0.8208
efcea0be-c3d0-49a5-9eec-b379afbd63f6	3	18817153	21706349	1778	-0.0224
efcea0be-c3d0-49a5-9eec-b379afbd63f6	3	21707297	22278318	555	-0.1477
efcea0be-c3d0-49a5-9eec-b379afbd63f6	3	22283706	25958715	2788	-0.0071
efcea0be-c3d0-49a5-9eec-b379afbd63f6	3	25959016	26559609	384	-0.0896
efcea0be-c3d0-49a5-9eec-b379afbd63f6	3	26560269	26570158	5	-0.7574
efcea0be-c3d0-49a5-9eec-b379afbd63f6	3	26570176	26570394	4	-3.2347
efcea0be-c3d0-49a5-9eec-b379afbd63f6	3	26570407	26570675	7	0.4794
efcea0be-c3d0-49a5-9eec-b379afbd63f6	3	26571710	26573486	4	-0.9135
efcea0be-c3d0-49a5-9eec-b379afbd63f6	3	26574458	59731422	20212	-0.0039
efcea0be-c3d0-49a5-9eec-b379afbd63f6	3	59733232	61070479	1510	-0.0893
efcea0be-c3d0-49a5-9eec-b379afbd63f6	3	61073759	64631394	2915	-0.0113
efcea0be-c3d0-49a5-9eec-b379afbd63f6	3	64631693	64635119	4	-1.2793
efcea0be-c3d0-49a5-9eec-b379afbd63f6	3	64635207	68697013	3034	-0.0144
efcea0be-c3d0-49a5-9eec-b379afbd63f6	3	68697108	68698262	14	-1.3413
efcea0be-c3d0-49a5-9eec-b379afbd63f6	3	68699607	75400463	4861	-0.0066
efcea0be-c3d0-49a5-9eec-b379afbd63f6	3	75400682	75420342	20	0.3864
efcea0be-c3d0-49a5-9eec-b379afbd63f6	3	75434094	85411781	5456	-0.0133
efcea0be-c3d0-49a5-9eec-b379afbd63f6	3	85413658	85581008	104	-0.169
efcea0be-c3d0-49a5-9eec-b379afbd63f6	3	85589241	128536221	23422	-0.0006
efcea0be-c3d0-49a5-9eec-b379afbd63f6	3	128536700	128680378	75	0.1729
efcea0be-c3d0-49a5-9eec-b379afbd63f6	3	128686328	128693488	7	0.7191
efcea0be-c3d0-49a5-9eec-b379afbd63f6	3	128695318	132270503	2091	0.0134
efcea0be-c3d0-49a5-9eec-b379afbd63f6	3	132273893	132276840	4	-1.4522
efcea0be-c3d0-49a5-9eec-b379afbd63f6	3	132281633	146665207	8925	-0.0064
efcea0be-c3d0-49a5-9eec-b379afbd63f6	3	146665349	147750170	574	-0.1164
efcea0be-c3d0-49a5-9eec-b379afbd63f6	3	147750214	150792440	1870	0.0047
efcea0be-c3d0-49a5-9eec-b379afbd63f6	3	150797167	150816522	17	0.3552
efcea0be-c3d0-49a5-9eec-b379afbd63f6	3	150818856	150829051	8	0.7365
efcea0be-c3d0-49a5-9eec-b379afbd63f6	3	150832319	150836991	4	0.303
efcea0be-c3d0-49a5-9eec-b379afbd63f6	3	150841351	162813082	7387	-0.0106
efcea0be-c3d0-49a5-9eec-b379afbd63f6	3	162815162	162818795	3	-1.9557
efcea0be-c3d0-49a5-9eec-b379afbd63f6	3	162819035	162822702	4	-0.6246
efcea0be-c3d0-49a5-9eec-b379afbd63f6	3	162827928	162906109	46	0.4481
efcea0be-c3d0-49a5-9eec-b379afbd63f6	3	162908192	162996729	74	-0.2082
efcea0be-c3d0-49a5-9eec-b379afbd63f6	3	162999939	163001774	2	-2.2033
efcea0be-c3d0-49a5-9eec-b379afbd63f6	3	163008371	165800983	1583	-0.0285
efcea0be-c3d0-49a5-9eec-b379afbd63f6	3	165801187	166166068	204	-0.1675
efcea0be-c3d0-49a5-9eec-b379afbd63f6	3	166167264	172555565	3866	-0.0045
efcea0be-c3d0-49a5-9eec-b379afbd63f6	3	172556726	172558106	4	-0.9056
efcea0be-c3d0-49a5-9eec-b379afbd63f6	3	172558964	173466431	573	-0.0092
efcea0be-c3d0-49a5-9eec-b379afbd63f6	3	173466877	173919601	314	-0.1707
efcea0be-c3d0-49a5-9eec-b379afbd63f6	3	173919621	175369906	1038	-0.0054
efcea0be-c3d0-49a5-9eec-b379afbd63f6	3	175370227	176228330	551	-0.109
efcea0be-c3d0-49a5-9eec-b379afbd63f6	3	176231864	183361313	4190	-0.009
efcea0be-c3d0-49a5-9eec-b379afbd63f6	3	183363778	184674971	682	0.0628
efcea0be-c3d0-49a5-9eec-b379afbd63f6	3	184677822	192670445	5697	-0.0135
efcea0be-c3d0-49a5-9eec-b379afbd63f6	3	192670476	192672988	3	-1.3627
efcea0be-c3d0-49a5-9eec-b379afbd63f6	3	192674578	193160113	339	-0.0236
efcea0be-c3d0-49a5-9eec-b379afbd63f6	3	193160173	193165114	19	-1.1575
efcea0be-c3d0-49a5-9eec-b379afbd63f6	3	193168646	198169247	2681	0.0302
efcea0be-c3d0-49a5-9eec-b379afbd63f6	4	68929	559073	213	0.0099
efcea0be-c3d0-49a5-9eec-b379afbd63f6	4	560810	1073479	156	0.2619
efcea0be-c3d0-49a5-9eec-b379afbd63f6	4	1074990	1303781	118	0.0047
efcea0be-c3d0-49a5-9eec-b379afbd63f6	4	1306692	1423144	42	0.3
efcea0be-c3d0-49a5-9eec-b379afbd63f6	4	1505243	10208766	5150	0.0161
efcea0be-c3d0-49a5-9eec-b379afbd63f6	4	10212536	10233542	34	1.0916
efcea0be-c3d0-49a5-9eec-b379afbd63f6	4	10233558	10390730	173	-0.0146
efcea0be-c3d0-49a5-9eec-b379afbd63f6	4	10391530	10399044	15	-0.7098
efcea0be-c3d0-49a5-9eec-b379afbd63f6	4	10401094	34777432	16743	-0.0042
efcea0be-c3d0-49a5-9eec-b379afbd63f6	4	34784878	34823103	38	-2.3867
efcea0be-c3d0-49a5-9eec-b379afbd63f6	4	34828250	42902793	5335	0.008
efcea0be-c3d0-49a5-9eec-b379afbd63f6	4	42904610	43311230	303	-0.1822
efcea0be-c3d0-49a5-9eec-b379afbd63f6	4	43311809	49214614	3303	-0.0153
efcea0be-c3d0-49a5-9eec-b379afbd63f6	4	49289175	49289338	2	-1.6094
efcea0be-c3d0-49a5-9eec-b379afbd63f6	4	49295203	57946212	4173	-0.0034
efcea0be-c3d0-49a5-9eec-b379afbd63f6	4	57947484	57950644	7	-1.2347
efcea0be-c3d0-49a5-9eec-b379afbd63f6	4	57963380	61069346	1878	-0.0106
efcea0be-c3d0-49a5-9eec-b379afbd63f6	4	61071220	61085118	7	-0.8844
efcea0be-c3d0-49a5-9eec-b379afbd63f6	4	61085147	62804218	928	-0.0129
efcea0be-c3d0-49a5-9eec-b379afbd63f6	4	62804351	62805944	7	-0.7041
efcea0be-c3d0-49a5-9eec-b379afbd63f6	4	62813912	68394833	3434	-0.0173
efcea0be-c3d0-49a5-9eec-b379afbd63f6	4	68395346	68422424	6	-0.9156
efcea0be-c3d0-49a5-9eec-b379afbd63f6	4	68429081	68506285	12	-0.0097
efcea0be-c3d0-49a5-9eec-b379afbd63f6	4	68509223	68663241	70	0.3977
efcea0be-c3d0-49a5-9eec-b379afbd63f6	4	68671434	69255175	307	-0.147
efcea0be-c3d0-49a5-9eec-b379afbd63f6	4	69255532	103798344	20985	-0.0071
efcea0be-c3d0-49a5-9eec-b379afbd63f6	4	103798847	103824414	32	-0.1164
efcea0be-c3d0-49a5-9eec-b379afbd63f6	4	103830473	103830480	5	1.4116
efcea0be-c3d0-49a5-9eec-b379afbd63f6	4	103830487	114252544	6282	-0.0075
efcea0be-c3d0-49a5-9eec-b379afbd63f6	4	114254167	114263110	26	0.6209
efcea0be-c3d0-49a5-9eec-b379afbd63f6	4	114263154	131009771	9905	-0.0143
efcea0be-c3d0-49a5-9eec-b379afbd63f6	4	131010275	131316718	146	-0.1733
efcea0be-c3d0-49a5-9eec-b379afbd63f6	4	131317299	132375426	488	-0.0167
efcea0be-c3d0-49a5-9eec-b379afbd63f6	4	132375518	132375715	3	-1.626
efcea0be-c3d0-49a5-9eec-b379afbd63f6	4	132380796	133541661	671	-0.0082
efcea0be-c3d0-49a5-9eec-b379afbd63f6	4	133546774	134319407	390	-0.095
efcea0be-c3d0-49a5-9eec-b379afbd63f6	4	134325254	148177785	8398	-0.0061
efcea0be-c3d0-49a5-9eec-b379afbd63f6	4	148179019	148179782	3	-1.3756
efcea0be-c3d0-49a5-9eec-b379afbd63f6	4	148181782	160952694	7861	-0.0077
efcea0be-c3d0-49a5-9eec-b379afbd63f6	4	160952754	160964151	38	-0.4712
efcea0be-c3d0-49a5-9eec-b379afbd63f6	4	160964197	171448195	6635	-0.0192
efcea0be-c3d0-49a5-9eec-b379afbd63f6	4	171453733	171456293	8	-1.4298
efcea0be-c3d0-49a5-9eec-b379afbd63f6	4	171456307	172066777	400	-0.0186
efcea0be-c3d0-49a5-9eec-b379afbd63f6	4	172067997	172068382	12	-1.8152
efcea0be-c3d0-49a5-9eec-b379afbd63f6	4	172074828	178358907	3791	-0.021
efcea0be-c3d0-49a5-9eec-b379afbd63f6	4	178359216	178785472	325	-0.156
efcea0be-c3d0-49a5-9eec-b379afbd63f6	4	178785620	180688733	1398	-0.0291
efcea0be-c3d0-49a5-9eec-b379afbd63f6	4	180692598	180694734	4	0.5731
efcea0be-c3d0-49a5-9eec-b379afbd63f6	4	180697666	181139016	306	-0.1315
efcea0be-c3d0-49a5-9eec-b379afbd63f6	4	181141171	188239358	5036	-0.0051
efcea0be-c3d0-49a5-9eec-b379afbd63f6	4	188239703	188262221	13	0.6516
efcea0be-c3d0-49a5-9eec-b379afbd63f6	4	188270767	190106768	1168	-0.0524
efcea0be-c3d0-49a5-9eec-b379afbd63f6	5	15532	464016	208	0.1537
efcea0be-c3d0-49a5-9eec-b379afbd63f6	5	464038	518553	11	0.576
efcea0be-c3d0-49a5-9eec-b379afbd63f6	5	527183	698256	87	0.1521
efcea0be-c3d0-49a5-9eec-b379afbd63f6	5	698357	824333	43	-0.2041
efcea0be-c3d0-49a5-9eec-b379afbd63f6	5	825192	1930253	592	0.1498
efcea0be-c3d0-49a5-9eec-b379afbd63f6	5	1933841	12785150	9206	-0.0072
efcea0be-c3d0-49a5-9eec-b379afbd63f6	5	12790757	12838421	18	0.5676
efcea0be-c3d0-49a5-9eec-b379afbd63f6	5	12849089	21451091	5498	-0.0176
efcea0be-c3d0-49a5-9eec-b379afbd63f6	5	21451168	21452329	4	1.0229
efcea0be-c3d0-49a5-9eec-b379afbd63f6	5	21452387	25045830	2064	-0.0014
efcea0be-c3d0-49a5-9eec-b379afbd63f6	5	25046598	25400505	183	-0.131
efcea0be-c3d0-49a5-9eec-b379afbd63f6	5	25402676	39786466	9340	-0.002
efcea0be-c3d0-49a5-9eec-b379afbd63f6	5	39793718	39798828	5	-1.1376
efcea0be-c3d0-49a5-9eec-b379afbd63f6	5	39806062	39826217	44	-0.149
efcea0be-c3d0-49a5-9eec-b379afbd63f6	5	39826603	41600759	1170	0.0003
efcea0be-c3d0-49a5-9eec-b379afbd63f6	5	41600820	41602016	5	-0.7081
efcea0be-c3d0-49a5-9eec-b379afbd63f6	5	41603772	45295402	1768	0.0052
efcea0be-c3d0-49a5-9eec-b379afbd63f6	5	45295803	46271006	318	-0.124
efcea0be-c3d0-49a5-9eec-b379afbd63f6	5	46271828	46273400	6	-2.4874
efcea0be-c3d0-49a5-9eec-b379afbd63f6	5	46278110	50625815	199	-0.0544
efcea0be-c3d0-49a5-9eec-b379afbd63f6	5	50626043	50662387	9	0.6148
efcea0be-c3d0-49a5-9eec-b379afbd63f6	5	50668937	63260667	8306	-0.0001
efcea0be-c3d0-49a5-9eec-b379afbd63f6	5	63261343	63923570	385	-0.1119
efcea0be-c3d0-49a5-9eec-b379afbd63f6	5	63925275	70959079	3492	0.0033
efcea0be-c3d0-49a5-9eec-b379afbd63f6	5	71010832	71011717	5	0.6618
efcea0be-c3d0-49a5-9eec-b379afbd63f6	5	71053366	72667411	812	0.0144
efcea0be-c3d0-49a5-9eec-b379afbd63f6	5	72671460	72749805	40	0.4604
efcea0be-c3d0-49a5-9eec-b379afbd63f6	5	72752708	76154195	2270	-0.0045
efcea0be-c3d0-49a5-9eec-b379afbd63f6	5	76154242	76154319	3	1.2111
efcea0be-c3d0-49a5-9eec-b379afbd63f6	5	76154351	79163041	2036	0.0026
efcea0be-c3d0-49a5-9eec-b379afbd63f6	5	79167524	79196134	13	0.8181
efcea0be-c3d0-49a5-9eec-b379afbd63f6	5	79196213	99134919	11196	-0.0069
efcea0be-c3d0-49a5-9eec-b379afbd63f6	5	99135357	100333594	708	-0.1177
efcea0be-c3d0-49a5-9eec-b379afbd63f6	5	100342956	101869443	906	-0.0278
efcea0be-c3d0-49a5-9eec-b379afbd63f6	5	101869458	101963189	62	-0.2266
efcea0be-c3d0-49a5-9eec-b379afbd63f6	5	101964286	104171056	1198	-0.004
efcea0be-c3d0-49a5-9eec-b379afbd63f6	5	104174079	104198425	22	-1.2517
efcea0be-c3d0-49a5-9eec-b379afbd63f6	5	104199787	105251452	757	-0.0241
efcea0be-c3d0-49a5-9eec-b379afbd63f6	5	105252731	105252752	2	1.4357
efcea0be-c3d0-49a5-9eec-b379afbd63f6	5	105253580	105310690	39	-0.1987
efcea0be-c3d0-49a5-9eec-b379afbd63f6	5	105311213	106713333	700	0.004
efcea0be-c3d0-49a5-9eec-b379afbd63f6	5	106713773	106948350	173	-0.1495
efcea0be-c3d0-49a5-9eec-b379afbd63f6	5	106948631	115877477	6164	-0.0075
efcea0be-c3d0-49a5-9eec-b379afbd63f6	5	115887289	116097549	186	-0.149
efcea0be-c3d0-49a5-9eec-b379afbd63f6	5	116100811	121793804	3980	-0.0221
efcea0be-c3d0-49a5-9eec-b379afbd63f6	5	121797242	121799781	3	-1.2676
efcea0be-c3d0-49a5-9eec-b379afbd63f6	5	121800431	152317474	19016	-0.0027
efcea0be-c3d0-49a5-9eec-b379afbd63f6	5	152317705	152319483	3	-1.1758
efcea0be-c3d0-49a5-9eec-b379afbd63f6	5	152320008	156048095	2505	-0.0191
efcea0be-c3d0-49a5-9eec-b379afbd63f6	5	156049762	156055719	14	-0.7365
efcea0be-c3d0-49a5-9eec-b379afbd63f6	5	156068240	166411869	6846	-0.0108
efcea0be-c3d0-49a5-9eec-b379afbd63f6	5	166412657	166422950	34	-0.8892
efcea0be-c3d0-49a5-9eec-b379afbd63f6	5	166423045	169930499	2707	-0.0117
efcea0be-c3d0-49a5-9eec-b379afbd63f6	5	169931067	169967267	43	0.2453
efcea0be-c3d0-49a5-9eec-b379afbd63f6	5	169968480	171345641	973	0.0012
efcea0be-c3d0-49a5-9eec-b379afbd63f6	5	171346004	171353566	4	-1.1425
efcea0be-c3d0-49a5-9eec-b379afbd63f6	5	171357636	172014600	467	0.0002
efcea0be-c3d0-49a5-9eec-b379afbd63f6	5	172018480	172199106	145	0.2197
efcea0be-c3d0-49a5-9eec-b379afbd63f6	5	172199205	176622707	3052	0.0028
efcea0be-c3d0-49a5-9eec-b379afbd63f6	5	176623510	176882853	133	0.2137
efcea0be-c3d0-49a5-9eec-b379afbd63f6	5	176883197	180130615	1676	0.0286
efcea0be-c3d0-49a5-9eec-b379afbd63f6	5	180132131	180133137	2	1.8406
efcea0be-c3d0-49a5-9eec-b379afbd63f6	5	180136435	181363319	649	0.0619
efcea0be-c3d0-49a5-9eec-b379afbd63f6	6	149661	254267	100	0.0636
efcea0be-c3d0-49a5-9eec-b379afbd63f6	6	254283	271773	10	0.6168
efcea0be-c3d0-49a5-9eec-b379afbd63f6	6	271856	460187	160	0.1695
efcea0be-c3d0-49a5-9eec-b379afbd63f6	6	460302	6025978	4562	-0.0078
efcea0be-c3d0-49a5-9eec-b379afbd63f6	6	6033698	6034203	3	-1.9532
efcea0be-c3d0-49a5-9eec-b379afbd63f6	6	6036812	29869411	16749	-0.0005
efcea0be-c3d0-49a5-9eec-b379afbd63f6	6	29869537	29881490	14	-0.5567
efcea0be-c3d0-49a5-9eec-b379afbd63f6	6	29882419	31472775	798	0.0182
efcea0be-c3d0-49a5-9eec-b379afbd63f6	6	31475793	32318325	255	0.1302
efcea0be-c3d0-49a5-9eec-b379afbd63f6	6	32318785	32656814	173	-0.0178
efcea0be-c3d0-49a5-9eec-b379afbd63f6	6	32657318	32658841	4	-0.9592
efcea0be-c3d0-49a5-9eec-b379afbd63f6	6	32682835	54066286	13655	0.0048
efcea0be-c3d0-49a5-9eec-b379afbd63f6	6	54066353	54067057	7	0.9676
efcea0be-c3d0-49a5-9eec-b379afbd63f6	6	54070550	57839305	2000	0.0054
efcea0be-c3d0-49a5-9eec-b379afbd63f6	6	57848964	62436134	1097	-0.0802
efcea0be-c3d0-49a5-9eec-b379afbd63f6	6	62436201	64627049	1117	-0.0068
efcea0be-c3d0-49a5-9eec-b379afbd63f6	6	64637651	64639099	2	-2.1455
efcea0be-c3d0-49a5-9eec-b379afbd63f6	6	64640883	65080983	295	-0.0201
efcea0be-c3d0-49a5-9eec-b379afbd63f6	6	65084539	65235444	116	-0.2713
efcea0be-c3d0-49a5-9eec-b379afbd63f6	6	65235752	69227925	2734	-0.002
efcea0be-c3d0-49a5-9eec-b379afbd63f6	6	69228285	69231063	5	-0.8444
efcea0be-c3d0-49a5-9eec-b379afbd63f6	6	69231195	76305231	4465	-0.0051
efcea0be-c3d0-49a5-9eec-b379afbd63f6	6	76307183	76307276	4	-0.9766
efcea0be-c3d0-49a5-9eec-b379afbd63f6	6	76307326	76318064	30	-0.1132
efcea0be-c3d0-49a5-9eec-b379afbd63f6	6	76323236	76323472	2	1.0945
efcea0be-c3d0-49a5-9eec-b379afbd63f6	6	76323492	78252522	1253	-0.0238
efcea0be-c3d0-49a5-9eec-b379afbd63f6	6	78252576	78342127	128	-0.5252
efcea0be-c3d0-49a5-9eec-b379afbd63f6	6	78342235	79400444	616	-0.0051
efcea0be-c3d0-49a5-9eec-b379afbd63f6	6	79400579	79651263	180	-0.1707
efcea0be-c3d0-49a5-9eec-b379afbd63f6	6	79651359	79901122	185	0.0169
efcea0be-c3d0-49a5-9eec-b379afbd63f6	6	79903029	79904867	2	-1.0788
efcea0be-c3d0-49a5-9eec-b379afbd63f6	6	79905099	80257053	214	-0.0093
efcea0be-c3d0-49a5-9eec-b379afbd63f6	6	80258476	80295205	20	-0.2979
efcea0be-c3d0-49a5-9eec-b379afbd63f6	6	80295234	80568270	197	-0.0149
efcea0be-c3d0-49a5-9eec-b379afbd63f6	6	80574472	80579817	33	-0.9215
efcea0be-c3d0-49a5-9eec-b379afbd63f6	6	80584624	82831427	1442	-0.026
efcea0be-c3d0-49a5-9eec-b379afbd63f6	6	82833956	82834010	2	-1.3502
efcea0be-c3d0-49a5-9eec-b379afbd63f6	6	82835582	93761322	6967	-0.0048
efcea0be-c3d0-49a5-9eec-b379afbd63f6	6	93765426	94965875	780	-0.1412
efcea0be-c3d0-49a5-9eec-b379afbd63f6	6	94970302	100737986	3275	0.0022
efcea0be-c3d0-49a5-9eec-b379afbd63f6	6	100741528	100755404	7	0.7134
efcea0be-c3d0-49a5-9eec-b379afbd63f6	6	100756561	101491162	423	0.007
efcea0be-c3d0-49a5-9eec-b379afbd63f6	6	101491349	101491400	3	-1.196
efcea0be-c3d0-49a5-9eec-b379afbd63f6	6	101491613	103286954	1067	-0.0198
efcea0be-c3d0-49a5-9eec-b379afbd63f6	6	103290101	103314186	46	0.5797
efcea0be-c3d0-49a5-9eec-b379afbd63f6	6	103317795	162384230	38228	-0.0057
efcea0be-c3d0-49a5-9eec-b379afbd63f6	6	162384723	162386075	3	-1.7431
efcea0be-c3d0-49a5-9eec-b379afbd63f6	6	162386662	167200616	3686	-0.0099
efcea0be-c3d0-49a5-9eec-b379afbd63f6	6	167200995	168934803	978	0.0503
efcea0be-c3d0-49a5-9eec-b379afbd63f6	6	168934939	169077570	130	-0.1284
efcea0be-c3d0-49a5-9eec-b379afbd63f6	6	169077724	169772165	571	0.0001
efcea0be-c3d0-49a5-9eec-b379afbd63f6	6	169776994	170320890	221	0.1127
efcea0be-c3d0-49a5-9eec-b379afbd63f6	6	170320977	170741917	194	0.0345
efcea0be-c3d0-49a5-9eec-b379afbd63f6	7	43355	1204095	352	0.1593
efcea0be-c3d0-49a5-9eec-b379afbd63f6	7	1204113	2210259	360	0.0154
efcea0be-c3d0-49a5-9eec-b379afbd63f6	7	2213351	2412266	78	0.2528
efcea0be-c3d0-49a5-9eec-b379afbd63f6	7	2412627	4269353	1404	-0.01
efcea0be-c3d0-49a5-9eec-b379afbd63f6	7	4270056	5911197	860	0.0548
efcea0be-c3d0-49a5-9eec-b379afbd63f6	7	5916628	5964274	8	0.7042
efcea0be-c3d0-49a5-9eec-b379afbd63f6	7	5986976	7000980	402	0.0417
efcea0be-c3d0-49a5-9eec-b379afbd63f6	7	7001064	7090430	67	-0.2001
efcea0be-c3d0-49a5-9eec-b379afbd63f6	7	7090448	8105383	919	-0.0104
efcea0be-c3d0-49a5-9eec-b379afbd63f6	7	8105571	8151114	55	0.1122
efcea0be-c3d0-49a5-9eec-b379afbd63f6	7	8151481	8762952	518	-0.0639
efcea0be-c3d0-49a5-9eec-b379afbd63f6	7	8765209	9100132	332	-0.1909
efcea0be-c3d0-49a5-9eec-b379afbd63f6	7	9100607	9699123	477	-0.0311
efcea0be-c3d0-49a5-9eec-b379afbd63f6	7	9702543	10077893	286	-0.1588
efcea0be-c3d0-49a5-9eec-b379afbd63f6	7	10079321	10418461	230	-0.0631
efcea0be-c3d0-49a5-9eec-b379afbd63f6	7	10418596	16797994	5144	-0.0137
efcea0be-c3d0-49a5-9eec-b379afbd63f6	7	16798591	17759717	784	-0.1274
efcea0be-c3d0-49a5-9eec-b379afbd63f6	7	17759976	18871438	809	-0.0033
efcea0be-c3d0-49a5-9eec-b379afbd63f6	7	18871527	18992927	141	-0.1856
efcea0be-c3d0-49a5-9eec-b379afbd63f6	7	18993186	19181042	317	-0.0081
efcea0be-c3d0-49a5-9eec-b379afbd63f6	7	19181838	19770241	473	-0.1556
efcea0be-c3d0-49a5-9eec-b379afbd63f6	7	19771763	29628975	7346	-0.0028
efcea0be-c3d0-49a5-9eec-b379afbd63f6	7	29631102	29646732	7	-0.8255
efcea0be-c3d0-49a5-9eec-b379afbd63f6	7	29648549	57324444	18736	-0.0034
efcea0be-c3d0-49a5-9eec-b379afbd63f6	7	57327118	57460430	105	0.1868
efcea0be-c3d0-49a5-9eec-b379afbd63f6	7	57464426	65105207	1157	-0.0048
efcea0be-c3d0-49a5-9eec-b379afbd63f6	7	65106579	65215448	13	0.5429
efcea0be-c3d0-49a5-9eec-b379afbd63f6	7	65219957	65301394	41	0.8341
efcea0be-c3d0-49a5-9eec-b379afbd63f6	7	65302227	65708754	160	0.4745
efcea0be-c3d0-49a5-9eec-b379afbd63f6	7	65714988	88558005	12618	-0.0057
efcea0be-c3d0-49a5-9eec-b379afbd63f6	7	88563524	90252961	1140	-0.1354
efcea0be-c3d0-49a5-9eec-b379afbd63f6	7	90254853	91728554	1037	0.0033
efcea0be-c3d0-49a5-9eec-b379afbd63f6	7	91728979	91730159	10	0.5258
efcea0be-c3d0-49a5-9eec-b379afbd63f6	7	91730276	101311575	5242	0.0002
efcea0be-c3d0-49a5-9eec-b379afbd63f6	7	101311641	101513729	103	0.1969
efcea0be-c3d0-49a5-9eec-b379afbd63f6	7	101517777	105350833	2089	0.0065
efcea0be-c3d0-49a5-9eec-b379afbd63f6	7	105350948	105526073	78	0.2207
efcea0be-c3d0-49a5-9eec-b379afbd63f6	7	105526329	111142640	3723	-0.0109
efcea0be-c3d0-49a5-9eec-b379afbd63f6	7	111142940	111625272	312	-0.1213
efcea0be-c3d0-49a5-9eec-b379afbd63f6	7	111626088	126405597	8814	-0.0124
efcea0be-c3d0-49a5-9eec-b379afbd63f6	7	126405632	126406822	10	0.9408
efcea0be-c3d0-49a5-9eec-b379afbd63f6	7	126406823	134093896	4677	-0.007
efcea0be-c3d0-49a5-9eec-b379afbd63f6	7	134093899	134110881	27	-0.4136
efcea0be-c3d0-49a5-9eec-b379afbd63f6	7	134110912	142063324	5189	0.0005
efcea0be-c3d0-49a5-9eec-b379afbd63f6	7	142069843	142092108	33	-0.7372
efcea0be-c3d0-49a5-9eec-b379afbd63f6	7	142092307	159334314	10836	-0.0052
efcea0be-c3d0-49a5-9eec-b379afbd63f6	8	81254	264856	44	0.0854
efcea0be-c3d0-49a5-9eec-b379afbd63f6	8	265057	645875	286	-0.0204
efcea0be-c3d0-49a5-9eec-b379afbd63f6	8	645892	645908	2	-2.9634
efcea0be-c3d0-49a5-9eec-b379afbd63f6	8	656117	2119107	1127	0.033
efcea0be-c3d0-49a5-9eec-b379afbd63f6	8	2124168	3121227	851	-0.0679
efcea0be-c3d0-49a5-9eec-b379afbd63f6	8	3123356	3648319	612	0.0044
efcea0be-c3d0-49a5-9eec-b379afbd63f6	8	3649203	6158476	3612	-0.0809
efcea0be-c3d0-49a5-9eec-b379afbd63f6	8	6158494	6968330	1071	0.0146
efcea0be-c3d0-49a5-9eec-b379afbd63f6	8	6968741	6980411	14	-0.4608
efcea0be-c3d0-49a5-9eec-b379afbd63f6	8	6982183	7329124	92	0.0265
efcea0be-c3d0-49a5-9eec-b379afbd63f6	8	7336299	7380497	20	0.4987
efcea0be-c3d0-49a5-9eec-b379afbd63f6	8	7396819	7414835	3	0.0451
efcea0be-c3d0-49a5-9eec-b379afbd63f6	8	7422376	8139659	41	-0.386
efcea0be-c3d0-49a5-9eec-b379afbd63f6	8	8196822	12788880	3357	0.0157
efcea0be-c3d0-49a5-9eec-b379afbd63f6	8	12791219	12791669	2	-1.3244
efcea0be-c3d0-49a5-9eec-b379afbd63f6	8	12794596	13156116	368	0.0166
efcea0be-c3d0-49a5-9eec-b379afbd63f6	8	13157143	17537515	4008	-0.0279
efcea0be-c3d0-49a5-9eec-b379afbd63f6	8	17538163	35374424	12773	0.0035
efcea0be-c3d0-49a5-9eec-b379afbd63f6	8	35377133	35399310	13	-0.532
efcea0be-c3d0-49a5-9eec-b379afbd63f6	8	35399927	38455633	1629	-0.0038
efcea0be-c3d0-49a5-9eec-b379afbd63f6	8	38455664	38463779	41	0.2755
efcea0be-c3d0-49a5-9eec-b379afbd63f6	8	38463814	39378084	448	-0.0098
efcea0be-c3d0-49a5-9eec-b379afbd63f6	8	39389156	39538338	65	-0.3063
efcea0be-c3d0-49a5-9eec-b379afbd63f6	8	39539496	40578450	831	0.0022
efcea0be-c3d0-49a5-9eec-b379afbd63f6	8	40578908	40579255	3	-0.9674
efcea0be-c3d0-49a5-9eec-b379afbd63f6	8	40583080	43587104	1682	0.0145
efcea0be-c3d0-49a5-9eec-b379afbd63f6	8	43591137	43869321	46	-0.2229
efcea0be-c3d0-49a5-9eec-b379afbd63f6	8	43881746	46089809	47	0.0436
efcea0be-c3d0-49a5-9eec-b379afbd63f6	8	46090027	46285634	56	0.2299
efcea0be-c3d0-49a5-9eec-b379afbd63f6	8	46287572	50023614	1836	-0.0049
efcea0be-c3d0-49a5-9eec-b379afbd63f6	8	50024924	50055675	22	-0.3562
efcea0be-c3d0-49a5-9eec-b379afbd63f6	8	50056382	50119451	45	-0.0938
efcea0be-c3d0-49a5-9eec-b379afbd63f6	8	50119464	50126317	11	-0.4603
efcea0be-c3d0-49a5-9eec-b379afbd63f6	8	50126679	101381163	31244	-0.0054
efcea0be-c3d0-49a5-9eec-b379afbd63f6	8	101382001	101387997	30	-0.312
efcea0be-c3d0-49a5-9eec-b379afbd63f6	8	101388045	105985087	2811	-0.0042
efcea0be-c3d0-49a5-9eec-b379afbd63f6	8	105986083	106471205	348	-0.1287
efcea0be-c3d0-49a5-9eec-b379afbd63f6	8	106471434	111279123	2871	-0.0011
efcea0be-c3d0-49a5-9eec-b379afbd63f6	8	111279265	111282809	7	-0.575
efcea0be-c3d0-49a5-9eec-b379afbd63f6	8	111282852	111283031	4	-2.2834
efcea0be-c3d0-49a5-9eec-b379afbd63f6	8	111288052	114619814	1816	-0.0158
efcea0be-c3d0-49a5-9eec-b379afbd63f6	8	114622258	114629340	32	-0.688
efcea0be-c3d0-49a5-9eec-b379afbd63f6	8	114629356	114719680	51	-0.0382
efcea0be-c3d0-49a5-9eec-b379afbd63f6	8	114719701	114881573	117	-0.1894
efcea0be-c3d0-49a5-9eec-b379afbd63f6	8	114881829	140957559	18991	-0.0051
efcea0be-c3d0-49a5-9eec-b379afbd63f6	8	140958005	142423108	888	0.166
efcea0be-c3d0-49a5-9eec-b379afbd63f6	8	142423309	143611680	430	0.0373
efcea0be-c3d0-49a5-9eec-b379afbd63f6	8	143616499	144190728	164	0.1241
efcea0be-c3d0-49a5-9eec-b379afbd63f6	8	144198587	144678705	159	0.3399
efcea0be-c3d0-49a5-9eec-b379afbd63f6	8	144694333	145072769	190	0.0995
efcea0be-c3d0-49a5-9eec-b379afbd63f6	9	46587	246397	77	-0.0223
efcea0be-c3d0-49a5-9eec-b379afbd63f6	9	246702	246725	2	1.4246
efcea0be-c3d0-49a5-9eec-b379afbd63f6	9	249281	1077862	955	0.0003
efcea0be-c3d0-49a5-9eec-b379afbd63f6	9	1078608	1540281	610	-0.096
efcea0be-c3d0-49a5-9eec-b379afbd63f6	9	1540499	6990926	4935	-0.0137
efcea0be-c3d0-49a5-9eec-b379afbd63f6	9	6993701	6993827	3	-1.2005
efcea0be-c3d0-49a5-9eec-b379afbd63f6	9	6993848	9261784	2219	-0.02
efcea0be-c3d0-49a5-9eec-b379afbd63f6	9	9261826	12617803	2895	-0.0872
efcea0be-c3d0-49a5-9eec-b379afbd63f6	9	12619065	28027696	12160	-0.0093
efcea0be-c3d0-49a5-9eec-b379afbd63f6	9	28028419	30679706	1896	-0.0766
efcea0be-c3d0-49a5-9eec-b379afbd63f6	9	30682187	61405110	5504	0.0076
efcea0be-c3d0-49a5-9eec-b379afbd63f6	9	61520021	61629689	28	-1.294
efcea0be-c3d0-49a5-9eec-b379afbd63f6	9	61633080	101986245	23595	-0.0027
efcea0be-c3d0-49a5-9eec-b379afbd63f6	9	101986480	102122022	157	-0.0955
efcea0be-c3d0-49a5-9eec-b379afbd63f6	9	102126097	102126478	2	1.1574
efcea0be-c3d0-49a5-9eec-b379afbd63f6	9	102126708	102901721	514	-0.0444
efcea0be-c3d0-49a5-9eec-b379afbd63f6	9	102904921	103097745	144	-0.1875
efcea0be-c3d0-49a5-9eec-b379afbd63f6	9	103100202	104103474	717	-0.038
efcea0be-c3d0-49a5-9eec-b379afbd63f6	9	104104122	133900726	20872	-0.0007
efcea0be-c3d0-49a5-9eec-b379afbd63f6	9	133901529	138117969	1912	0.0474
efcea0be-c3d0-49a5-9eec-b379afbd63f6	9	138119269	138123971	2	-0.3054
efcea0be-c3d0-49a5-9eec-b379afbd63f6	9	138124041	138177075	14	0.0489
efcea0be-c3d0-49a5-9eec-b379afbd63f6	9	138177488	138200944	6	-0.4553
efcea0be-c3d0-49a5-9eec-b379afbd63f6	10	45792	133654968	90350	0.0013
efcea0be-c3d0-49a5-9eec-b379afbd63f6	11	198510	456120	104	0.2553
efcea0be-c3d0-49a5-9eec-b379afbd63f6	11	458784	678434	51	0.037
efcea0be-c3d0-49a5-9eec-b379afbd63f6	11	678561	688804	5	0.5575
efcea0be-c3d0-49a5-9eec-b379afbd63f6	11	691029	1632338	330	0.0378
efcea0be-c3d0-49a5-9eec-b379afbd63f6	11	1633335	1633531	2	1.1128
efcea0be-c3d0-49a5-9eec-b379afbd63f6	11	1635897	2439877	269	0.0575
efcea0be-c3d0-49a5-9eec-b379afbd63f6	11	2440975	2603683	82	0.1984
efcea0be-c3d0-49a5-9eec-b379afbd63f6	11	2609249	4274526	905	0.0058
efcea0be-c3d0-49a5-9eec-b379afbd63f6	11	4280126	4337579	15	-0.6858
efcea0be-c3d0-49a5-9eec-b379afbd63f6	11	4337826	4946166	650	-0.0337
efcea0be-c3d0-49a5-9eec-b379afbd63f6	11	4946420	4954475	29	0.4755
efcea0be-c3d0-49a5-9eec-b379afbd63f6	11	4955027	36243640	22954	-0.0043
efcea0be-c3d0-49a5-9eec-b379afbd63f6	11	36245066	36279630	37	0.4077
efcea0be-c3d0-49a5-9eec-b379afbd63f6	11	36290754	36975539	514	-0.0034
efcea0be-c3d0-49a5-9eec-b379afbd63f6	11	36977411	37589905	411	-0.137
efcea0be-c3d0-49a5-9eec-b379afbd63f6	11	37593960	48576870	6817	-0.0027
efcea0be-c3d0-49a5-9eec-b379afbd63f6	11	48579882	48581124	2	-1.6257
efcea0be-c3d0-49a5-9eec-b379afbd63f6	11	48584766	54743970	889	-0.0254
efcea0be-c3d0-49a5-9eec-b379afbd63f6	11	54762035	54766290	3	-1.363
efcea0be-c3d0-49a5-9eec-b379afbd63f6	11	54782119	55608804	291	-0.0848
efcea0be-c3d0-49a5-9eec-b379afbd63f6	11	55609022	55674842	40	-0.7284
efcea0be-c3d0-49a5-9eec-b379afbd63f6	11	55676735	56215562	393	-0.1348
efcea0be-c3d0-49a5-9eec-b379afbd63f6	11	56215590	64825254	4723	-0.0048
efcea0be-c3d0-49a5-9eec-b379afbd63f6	11	64825436	65936447	427	0.2176
efcea0be-c3d0-49a5-9eec-b379afbd63f6	11	65941956	67526837	600	0.0163
efcea0be-c3d0-49a5-9eec-b379afbd63f6	11	67529387	68003122	149	0.1334
efcea0be-c3d0-49a5-9eec-b379afbd63f6	11	68003149	80256460	6939	0.0022
efcea0be-c3d0-49a5-9eec-b379afbd63f6	11	80256469	80256504	2	-1.9368
efcea0be-c3d0-49a5-9eec-b379afbd63f6	11	80256520	92097323	8007	-0.0128
efcea0be-c3d0-49a5-9eec-b379afbd63f6	11	92097492	92097877	2	1.5035
efcea0be-c3d0-49a5-9eec-b379afbd63f6	11	92099538	103447601	8350	-0.0148
efcea0be-c3d0-49a5-9eec-b379afbd63f6	11	103447622	103728989	212	-0.1263
efcea0be-c3d0-49a5-9eec-b379afbd63f6	11	103729182	133908421	21459	0.0002
efcea0be-c3d0-49a5-9eec-b379afbd63f6	11	133909112	134065656	113	0.2568
efcea0be-c3d0-49a5-9eec-b379afbd63f6	11	134067356	135074876	749	0.038
efcea0be-c3d0-49a5-9eec-b379afbd63f6	12	51460	774012	450	0.1467
efcea0be-c3d0-49a5-9eec-b379afbd63f6	12	775597	1476910	380	-0.0052
efcea0be-c3d0-49a5-9eec-b379afbd63f6	12	1477680	1674673	120	0.1853
efcea0be-c3d0-49a5-9eec-b379afbd63f6	12	1678378	11068125	6257	0.0054
efcea0be-c3d0-49a5-9eec-b379afbd63f6	12	11070111	11088933	9	-1.0336
efcea0be-c3d0-49a5-9eec-b379afbd63f6	12	11099275	12383285	984	-0.005
efcea0be-c3d0-49a5-9eec-b379afbd63f6	12	12383363	12388935	16	-0.6844
efcea0be-c3d0-49a5-9eec-b379afbd63f6	12	12389946	37593924	15340	-0.0016
efcea0be-c3d0-49a5-9eec-b379afbd63f6	12	37618765	37620216	2	-2.0649
efcea0be-c3d0-49a5-9eec-b379afbd63f6	12	37640556	38151231	124	-0.0215
efcea0be-c3d0-49a5-9eec-b379afbd63f6	12	38151338	38926238	441	-0.1251
efcea0be-c3d0-49a5-9eec-b379afbd63f6	12	38930492	42879952	2606	0.0054
efcea0be-c3d0-49a5-9eec-b379afbd63f6	12	42883066	43216097	227	-0.1442
efcea0be-c3d0-49a5-9eec-b379afbd63f6	12	43216289	51826870	4753	0.0033
efcea0be-c3d0-49a5-9eec-b379afbd63f6	12	51832664	51899716	35	0.3062
efcea0be-c3d0-49a5-9eec-b379afbd63f6	12	51908659	52263183	248	0.0184
efcea0be-c3d0-49a5-9eec-b379afbd63f6	12	52263615	52364140	101	0.1741
efcea0be-c3d0-49a5-9eec-b379afbd63f6	12	52366128	70478078	11338	0.0005
efcea0be-c3d0-49a5-9eec-b379afbd63f6	12	70478895	70484247	9	-0.7488
efcea0be-c3d0-49a5-9eec-b379afbd63f6	12	70485605	71254778	557	0.0116
efcea0be-c3d0-49a5-9eec-b379afbd63f6	12	71261505	71272772	13	-0.3187
efcea0be-c3d0-49a5-9eec-b379afbd63f6	12	71272999	71406889	71	-0.0393
efcea0be-c3d0-49a5-9eec-b379afbd63f6	12	71414226	71414397	2	-1.284
efcea0be-c3d0-49a5-9eec-b379afbd63f6	12	71415783	72848336	867	-0.012
efcea0be-c3d0-49a5-9eec-b379afbd63f6	12	72851624	72851625	2	1.9116
efcea0be-c3d0-49a5-9eec-b379afbd63f6	12	72859412	99398036	16951	-0.0045
efcea0be-c3d0-49a5-9eec-b379afbd63f6	12	99401515	99404956	31	-1.4998
efcea0be-c3d0-49a5-9eec-b379afbd63f6	12	99409315	111732572	7879	-0.0023
efcea0be-c3d0-49a5-9eec-b379afbd63f6	12	111735404	111876910	55	0.2558
efcea0be-c3d0-49a5-9eec-b379afbd63f6	12	111883947	126453226	9626	0.0031
efcea0be-c3d0-49a5-9eec-b379afbd63f6	12	126453326	126640834	151	-0.1462
efcea0be-c3d0-49a5-9eec-b379afbd63f6	12	126641198	126645946	2	1.4273
efcea0be-c3d0-49a5-9eec-b379afbd63f6	12	126646494	129766689	2845	-0.018
efcea0be-c3d0-49a5-9eec-b379afbd63f6	12	129767322	130187623	325	0.1103
efcea0be-c3d0-49a5-9eec-b379afbd63f6	12	130188308	130655250	402	0.0007
efcea0be-c3d0-49a5-9eec-b379afbd63f6	12	130658817	130660333	2	-1.9655
efcea0be-c3d0-49a5-9eec-b379afbd63f6	12	130661110	132110207	992	0.0245
efcea0be-c3d0-49a5-9eec-b379afbd63f6	12	132111796	132420184	57	0.1892
efcea0be-c3d0-49a5-9eec-b379afbd63f6	12	132424860	132426215	2	1.4477
efcea0be-c3d0-49a5-9eec-b379afbd63f6	12	132427943	132438100	6	0.3465
efcea0be-c3d0-49a5-9eec-b379afbd63f6	12	132438452	132584760	28	-0.0935
efcea0be-c3d0-49a5-9eec-b379afbd63f6	12	132605822	133005974	166	0.1972
efcea0be-c3d0-49a5-9eec-b379afbd63f6	12	133006199	133201603	107	-0.0269
efcea0be-c3d0-49a5-9eec-b379afbd63f6	13	18452809	31190609	9028	0.0011
efcea0be-c3d0-49a5-9eec-b379afbd63f6	13	31190813	31191002	2	1.3335
efcea0be-c3d0-49a5-9eec-b379afbd63f6	13	31195373	37496233	4405	-0.0059
efcea0be-c3d0-49a5-9eec-b379afbd63f6	13	37496998	37510620	17	-0.7307
efcea0be-c3d0-49a5-9eec-b379afbd63f6	13	37514193	38478674	701	-0.0086
efcea0be-c3d0-49a5-9eec-b379afbd63f6	13	38483435	38483919	2	-1.5553
efcea0be-c3d0-49a5-9eec-b379afbd63f6	13	38490920	50361457	7965	-0.0043
efcea0be-c3d0-49a5-9eec-b379afbd63f6	13	50361705	50970918	420	-0.0874
efcea0be-c3d0-49a5-9eec-b379afbd63f6	13	50972775	50975062	2	1.6112
efcea0be-c3d0-49a5-9eec-b379afbd63f6	13	50975421	54532539	2058	-0.003
efcea0be-c3d0-49a5-9eec-b379afbd63f6	13	54532555	54896323	212	-0.1404
efcea0be-c3d0-49a5-9eec-b379afbd63f6	13	54896921	57229296	1180	0.0137
efcea0be-c3d0-49a5-9eec-b379afbd63f6	13	57232451	57625612	219	-0.1788
efcea0be-c3d0-49a5-9eec-b379afbd63f6	13	57626434	63553232	3501	-0.0143
efcea0be-c3d0-49a5-9eec-b379afbd63f6	13	63558088	63650072	61	-0.1713
efcea0be-c3d0-49a5-9eec-b379afbd63f6	13	63650659	63662559	9	-1.0523
efcea0be-c3d0-49a5-9eec-b379afbd63f6	13	63665430	64363350	403	-0.1387
efcea0be-c3d0-49a5-9eec-b379afbd63f6	13	64372045	64777057	264	0.0004
efcea0be-c3d0-49a5-9eec-b379afbd63f6	13	64777999	64778119	2	-1.3027
efcea0be-c3d0-49a5-9eec-b379afbd63f6	13	64779363	66457366	1017	-0.0073
efcea0be-c3d0-49a5-9eec-b379afbd63f6	13	66459648	66598647	106	-0.1811
efcea0be-c3d0-49a5-9eec-b379afbd63f6	13	66602087	66603651	2	-1.766
efcea0be-c3d0-49a5-9eec-b379afbd63f6	13	66604212	68356806	1059	-0.0418
efcea0be-c3d0-49a5-9eec-b379afbd63f6	13	68357211	68366229	7	-0.6639
efcea0be-c3d0-49a5-9eec-b379afbd63f6	13	68367542	70129712	1170	-0.0238
efcea0be-c3d0-49a5-9eec-b379afbd63f6	13	70130181	70220916	93	-0.1969
efcea0be-c3d0-49a5-9eec-b379afbd63f6	13	70229128	72317872	1395	-0.0091
efcea0be-c3d0-49a5-9eec-b379afbd63f6	13	72320699	72324442	5	-0.8179
efcea0be-c3d0-49a5-9eec-b379afbd63f6	13	72329817	81729614	6416	-0.0137
efcea0be-c3d0-49a5-9eec-b379afbd63f6	13	81735080	81735308	2	-1.3819
efcea0be-c3d0-49a5-9eec-b379afbd63f6	13	81740680	82571056	469	-0.0169
efcea0be-c3d0-49a5-9eec-b379afbd63f6	13	82581094	82631879	33	-0.3213
efcea0be-c3d0-49a5-9eec-b379afbd63f6	13	82633003	84691500	1315	-0.0164
efcea0be-c3d0-49a5-9eec-b379afbd63f6	13	84691684	84836489	88	-0.1943
efcea0be-c3d0-49a5-9eec-b379afbd63f6	13	84838208	95271269	6682	-0.0045
efcea0be-c3d0-49a5-9eec-b379afbd63f6	13	95272343	95383811	91	0.1748
efcea0be-c3d0-49a5-9eec-b379afbd63f6	13	95386066	105122834	6973	-0.0058
efcea0be-c3d0-49a5-9eec-b379afbd63f6	13	105128228	105778335	517	-0.1157
efcea0be-c3d0-49a5-9eec-b379afbd63f6	13	105779479	105901571	107	0.0148
efcea0be-c3d0-49a5-9eec-b379afbd63f6	13	105901909	105931095	31	-0.2943
efcea0be-c3d0-49a5-9eec-b379afbd63f6	13	105931524	113934849	5757	0.0026
efcea0be-c3d0-49a5-9eec-b379afbd63f6	13	113936214	114074009	34	0.3281
efcea0be-c3d0-49a5-9eec-b379afbd63f6	13	114074505	114280254	93	-0.0055
efcea0be-c3d0-49a5-9eec-b379afbd63f6	13	114286911	114342922	27	0.2251
efcea0be-c3d0-49a5-9eec-b379afbd63f6	14	18239283	19078442	32	0.1592
efcea0be-c3d0-49a5-9eec-b379afbd63f6	14	19110634	19954424	132	-0.4064
efcea0be-c3d0-49a5-9eec-b379afbd63f6	14	19955213	20483583	382	-0.0248
efcea0be-c3d0-49a5-9eec-b379afbd63f6	14	20483666	20540056	53	0.3509
efcea0be-c3d0-49a5-9eec-b379afbd63f6	14	20540175	21750823	746	-0.0087
efcea0be-c3d0-49a5-9eec-b379afbd63f6	14	21751141	22474392	613	-0.1427
efcea0be-c3d0-49a5-9eec-b379afbd63f6	14	22474470	26314709	2533	0.0072
efcea0be-c3d0-49a5-9eec-b379afbd63f6	14	26314710	26314711	2	-2.4546
efcea0be-c3d0-49a5-9eec-b379afbd63f6	14	26314712	41141487	9207	-0.0139
efcea0be-c3d0-49a5-9eec-b379afbd63f6	14	41145917	41200899	14	-0.7573
efcea0be-c3d0-49a5-9eec-b379afbd63f6	14	41207137	47227057	3516	-0.0419
efcea0be-c3d0-49a5-9eec-b379afbd63f6	14	47238133	47247080	7	-1.2172
efcea0be-c3d0-49a5-9eec-b379afbd63f6	14	47247780	69545885	14235	-0.0049
efcea0be-c3d0-49a5-9eec-b379afbd63f6	14	69546084	69570269	24	0.3426
efcea0be-c3d0-49a5-9eec-b379afbd63f6	14	69574770	73534419	2609	-0.0009
efcea0be-c3d0-49a5-9eec-b379afbd63f6	14	73540003	73554275	8	-1.7105
efcea0be-c3d0-49a5-9eec-b379afbd63f6	14	73563196	77491011	2441	0.0107
efcea0be-c3d0-49a5-9eec-b379afbd63f6	14	77492718	77524917	19	0.4154
efcea0be-c3d0-49a5-9eec-b379afbd63f6	14	77525297	105541843	18121	-0.0047
efcea0be-c3d0-49a5-9eec-b379afbd63f6	14	105542308	105780462	34	0.5201
efcea0be-c3d0-49a5-9eec-b379afbd63f6	14	105784746	106294689	180	0.0002
efcea0be-c3d0-49a5-9eec-b379afbd63f6	14	106297265	106297273	3	1.6484
efcea0be-c3d0-49a5-9eec-b379afbd63f6	14	106297409	106321086	14	0.1046
efcea0be-c3d0-49a5-9eec-b379afbd63f6	14	106340102	106362628	9	0.7518
efcea0be-c3d0-49a5-9eec-b379afbd63f6	14	106364815	106877229	272	0.0154
efcea0be-c3d0-49a5-9eec-b379afbd63f6	15	19811075	20988347	156	-0.0157
efcea0be-c3d0-49a5-9eec-b379afbd63f6	15	21005443	21096887	11	0.6584
efcea0be-c3d0-49a5-9eec-b379afbd63f6	15	21262847	22005276	13	0.0572
efcea0be-c3d0-49a5-9eec-b379afbd63f6	15	22227530	22413894	29	-0.7806
efcea0be-c3d0-49a5-9eec-b379afbd63f6	15	22455811	23442538	329	0.1466
efcea0be-c3d0-49a5-9eec-b379afbd63f6	15	23443797	76586021	33252	0.0003
efcea0be-c3d0-49a5-9eec-b379afbd63f6	15	76598900	76609838	23	0.5776
efcea0be-c3d0-49a5-9eec-b379afbd63f6	15	76609853	76990543	169	0.0007
efcea0be-c3d0-49a5-9eec-b379afbd63f6	15	76991636	77041739	23	0.3921
efcea0be-c3d0-49a5-9eec-b379afbd63f6	15	77046930	83871965	4210	0.0063
efcea0be-c3d0-49a5-9eec-b379afbd63f6	15	83871986	83878525	7	-0.9735
efcea0be-c3d0-49a5-9eec-b379afbd63f6	15	83878795	85151968	531	-0.0017
efcea0be-c3d0-49a5-9eec-b379afbd63f6	15	85155378	85155415	2	-1.7326
efcea0be-c3d0-49a5-9eec-b379afbd63f6	15	85162641	101342175	12205	-0.0024
efcea0be-c3d0-49a5-9eec-b379afbd63f6	15	101342296	101928837	420	0.0785
efcea0be-c3d0-49a5-9eec-b379afbd63f6	16	10777	1530435	496	0.2099
efcea0be-c3d0-49a5-9eec-b379afbd63f6	16	1532305	6284990	2963	0.0237
efcea0be-c3d0-49a5-9eec-b379afbd63f6	16	6285330	8356958	2513	-0.0452
efcea0be-c3d0-49a5-9eec-b379afbd63f6	16	8357158	8831869	425	0.0099
efcea0be-c3d0-49a5-9eec-b379afbd63f6	16	8839164	9206019	231	0.161
efcea0be-c3d0-49a5-9eec-b379afbd63f6	16	9206049	14618728	4426	0.0054
efcea0be-c3d0-49a5-9eec-b379afbd63f6	16	14621215	15978061	478	0.1533
efcea0be-c3d0-49a5-9eec-b379afbd63f6	16	15978783	16031713	47	0.4618
efcea0be-c3d0-49a5-9eec-b379afbd63f6	16	16032618	16563603	164	0.1712
efcea0be-c3d0-49a5-9eec-b379afbd63f6	16	16569719	21356685	2608	0.0138
efcea0be-c3d0-49a5-9eec-b379afbd63f6	16	21361279	22706983	463	0.1045
efcea0be-c3d0-49a5-9eec-b379afbd63f6	16	22707065	28637882	4043	0.0049
efcea0be-c3d0-49a5-9eec-b379afbd63f6	16	28696878	29021481	75	0.201
efcea0be-c3d0-49a5-9eec-b379afbd63f6	16	29030677	29300932	100	0.0164
efcea0be-c3d0-49a5-9eec-b379afbd63f6	16	29314300	30308999	232	0.2811
efcea0be-c3d0-49a5-9eec-b379afbd63f6	16	30320763	55762682	7617	0.003
efcea0be-c3d0-49a5-9eec-b379afbd63f6	16	55764310	55764867	3	2.2693
efcea0be-c3d0-49a5-9eec-b379afbd63f6	16	55770436	78337711	14253	-0.0032
efcea0be-c3d0-49a5-9eec-b379afbd63f6	16	78338543	78350868	16	-2.0908
efcea0be-c3d0-49a5-9eec-b379afbd63f6	16	78351104	82988478	5085	-0.0137
efcea0be-c3d0-49a5-9eec-b379afbd63f6	16	82989085	83053382	64	-0.2676
efcea0be-c3d0-49a5-9eec-b379afbd63f6	16	83054908	83904594	1103	-0.0229
efcea0be-c3d0-49a5-9eec-b379afbd63f6	16	83904958	85295098	1156	0.0937
efcea0be-c3d0-49a5-9eec-b379afbd63f6	16	85296967	88330665	2429	0.013
efcea0be-c3d0-49a5-9eec-b379afbd63f6	16	88334407	90096867	732	0.2207
efcea0be-c3d0-49a5-9eec-b379afbd63f6	17	150733	1250730	554	0.1939
efcea0be-c3d0-49a5-9eec-b379afbd63f6	17	1262192	3605586	1294	0.025
efcea0be-c3d0-49a5-9eec-b379afbd63f6	17	3609366	3645543	22	0.428
efcea0be-c3d0-49a5-9eec-b379afbd63f6	17	3646040	4396818	442	0.0063
efcea0be-c3d0-49a5-9eec-b379afbd63f6	17	4405273	4478453	47	0.2739
efcea0be-c3d0-49a5-9eec-b379afbd63f6	17	4482208	8339592	2160	0.0273
efcea0be-c3d0-49a5-9eec-b379afbd63f6	17	8344229	8344415	2	-2.2619
efcea0be-c3d0-49a5-9eec-b379afbd63f6	17	8346140	18414080	6834	0.0082
efcea0be-c3d0-49a5-9eec-b379afbd63f6	17	18452078	18543365	24	-0.3673
efcea0be-c3d0-49a5-9eec-b379afbd63f6	17	18550123	33655122	5011	0.0155
efcea0be-c3d0-49a5-9eec-b379afbd63f6	17	33657111	33815177	151	-0.1336
efcea0be-c3d0-49a5-9eec-b379afbd63f6	17	33818843	36109315	1662	0.0058
efcea0be-c3d0-49a5-9eec-b379afbd63f6	17	36109735	36208249	37	0.4303
efcea0be-c3d0-49a5-9eec-b379afbd63f6	17	36460442	41265456	2514	0.0099
efcea0be-c3d0-49a5-9eec-b379afbd63f6	17	41266762	41274279	24	0.7392
efcea0be-c3d0-49a5-9eec-b379afbd63f6	17	41276472	45393502	2122	0.0251
efcea0be-c3d0-49a5-9eec-b379afbd63f6	17	45395141	46085231	371	0.1431
efcea0be-c3d0-49a5-9eec-b379afbd63f6	17	46085732	46707312	135	0.4096
efcea0be-c3d0-49a5-9eec-b379afbd63f6	17	46707616	50234485	1827	0.014
efcea0be-c3d0-49a5-9eec-b379afbd63f6	17	50239619	50240120	2	1.1877
efcea0be-c3d0-49a5-9eec-b379afbd63f6	17	50240414	50348823	64	-0.0115
efcea0be-c3d0-49a5-9eec-b379afbd63f6	17	50351262	50352193	2	-1.3106
efcea0be-c3d0-49a5-9eec-b379afbd63f6	17	50355720	52870155	1665	0.0016
efcea0be-c3d0-49a5-9eec-b379afbd63f6	17	52871351	53158240	176	-0.1664
efcea0be-c3d0-49a5-9eec-b379afbd63f6	17	53160469	58123113	3590	-0.0032
efcea0be-c3d0-49a5-9eec-b379afbd63f6	17	58134739	58136733	5	-0.8362
efcea0be-c3d0-49a5-9eec-b379afbd63f6	17	58140037	67140727	4699	0.0082
efcea0be-c3d0-49a5-9eec-b379afbd63f6	17	67142587	67144399	4	-1.0033
efcea0be-c3d0-49a5-9eec-b379afbd63f6	17	67144983	71685997	3057	0.0027
efcea0be-c3d0-49a5-9eec-b379afbd63f6	17	71686235	71689149	3	-0.943
efcea0be-c3d0-49a5-9eec-b379afbd63f6	17	71692968	73745262	1587	-0.0087
efcea0be-c3d0-49a5-9eec-b379afbd63f6	17	73747641	74612787	571	0.1485
efcea0be-c3d0-49a5-9eec-b379afbd63f6	17	74614984	76243540	717	0.0288
efcea0be-c3d0-49a5-9eec-b379afbd63f6	17	76243761	76287454	20	0.417
efcea0be-c3d0-49a5-9eec-b379afbd63f6	17	76287588	79169135	1701	0.0433
efcea0be-c3d0-49a5-9eec-b379afbd63f6	17	79173272	79236143	39	0.3125
efcea0be-c3d0-49a5-9eec-b379afbd63f6	17	79236157	80655063	809	0.0412
efcea0be-c3d0-49a5-9eec-b379afbd63f6	17	80655993	80660379	2	1.765
efcea0be-c3d0-49a5-9eec-b379afbd63f6	17	80660500	81158113	234	0.0327
efcea0be-c3d0-49a5-9eec-b379afbd63f6	17	81161357	81168461	2	1.4436
efcea0be-c3d0-49a5-9eec-b379afbd63f6	17	81168719	82578111	430	0.0731
efcea0be-c3d0-49a5-9eec-b379afbd63f6	17	82578178	82613629	34	-0.2231
efcea0be-c3d0-49a5-9eec-b379afbd63f6	17	82613819	82959140	185	0.0426
efcea0be-c3d0-49a5-9eec-b379afbd63f6	17	82959812	83091923	61	0.2047
efcea0be-c3d0-49a5-9eec-b379afbd63f6	18	48133	481341	312	-0.0248
efcea0be-c3d0-49a5-9eec-b379afbd63f6	18	483753	535243	35	0.3272
efcea0be-c3d0-49a5-9eec-b379afbd63f6	18	543173	1612988	756	0.0142
efcea0be-c3d0-49a5-9eec-b379afbd63f6	18	1614491	1916607	216	-0.1558
efcea0be-c3d0-49a5-9eec-b379afbd63f6	18	1920118	49563584	27288	-0.0024
efcea0be-c3d0-49a5-9eec-b379afbd63f6	18	49564514	49594946	31	0.5319
efcea0be-c3d0-49a5-9eec-b379afbd63f6	18	49601955	49734985	111	-0.0066
efcea0be-c3d0-49a5-9eec-b379afbd63f6	18	49735500	49737986	2	-1.2025
efcea0be-c3d0-49a5-9eec-b379afbd63f6	18	49741433	53675521	2870	0.0042
efcea0be-c3d0-49a5-9eec-b379afbd63f6	18	53677765	53681706	4	-1.1407
efcea0be-c3d0-49a5-9eec-b379afbd63f6	18	53684270	53918005	168	-0.0107
efcea0be-c3d0-49a5-9eec-b379afbd63f6	18	53919828	53922048	2	-1.6163
efcea0be-c3d0-49a5-9eec-b379afbd63f6	18	53922215	64563444	7363	-0.0088
efcea0be-c3d0-49a5-9eec-b379afbd63f6	18	64563461	64571005	3	1.0596
efcea0be-c3d0-49a5-9eec-b379afbd63f6	18	64574658	65537183	650	-0.0044
efcea0be-c3d0-49a5-9eec-b379afbd63f6	18	65537283	66060256	364	-0.1075
efcea0be-c3d0-49a5-9eec-b379afbd63f6	18	66060309	66061104	11	-0.6793
efcea0be-c3d0-49a5-9eec-b379afbd63f6	18	66065502	66099904	48	-0.0801
efcea0be-c3d0-49a5-9eec-b379afbd63f6	18	66100052	67286412	767	-0.008
efcea0be-c3d0-49a5-9eec-b379afbd63f6	18	67291970	67300028	21	-0.8734
efcea0be-c3d0-49a5-9eec-b379afbd63f6	18	67300481	67950830	481	-0.0158
efcea0be-c3d0-49a5-9eec-b379afbd63f6	18	67951210	68228789	213	-0.1723
efcea0be-c3d0-49a5-9eec-b379afbd63f6	18	68228851	71372660	2276	-0.0179
efcea0be-c3d0-49a5-9eec-b379afbd63f6	18	71373631	73699619	1847	-0.138
efcea0be-c3d0-49a5-9eec-b379afbd63f6	18	73699797	77377568	2915	-0.001
efcea0be-c3d0-49a5-9eec-b379afbd63f6	18	77378415	77380517	2	-1.5134
efcea0be-c3d0-49a5-9eec-b379afbd63f6	18	77380997	79365698	1413	-0.0199
efcea0be-c3d0-49a5-9eec-b379afbd63f6	18	79366099	80257174	418	0.1559
efcea0be-c3d0-49a5-9eec-b379afbd63f6	19	90910	827975	159	0.094
efcea0be-c3d0-49a5-9eec-b379afbd63f6	19	865374	916737	16	0.4971
efcea0be-c3d0-49a5-9eec-b379afbd63f6	19	931521	1210607	85	0.0049
efcea0be-c3d0-49a5-9eec-b379afbd63f6	19	1210939	1247836	7	0.5878
efcea0be-c3d0-49a5-9eec-b379afbd63f6	19	1271275	1310137	9	0.0355
efcea0be-c3d0-49a5-9eec-b379afbd63f6	19	1317804	1318010	3	1.2063
efcea0be-c3d0-49a5-9eec-b379afbd63f6	19	1319333	4414597	886	0.0433
efcea0be-c3d0-49a5-9eec-b379afbd63f6	19	4416414	4417843	2	-2.1158
efcea0be-c3d0-49a5-9eec-b379afbd63f6	19	4417848	4658892	60	0.2789
efcea0be-c3d0-49a5-9eec-b379afbd63f6	19	4662098	21632117	8358	0.0162
efcea0be-c3d0-49a5-9eec-b379afbd63f6	19	21632838	21637067	2	-1.7696
efcea0be-c3d0-49a5-9eec-b379afbd63f6	19	21637309	35358159	7070	0.0084
efcea0be-c3d0-49a5-9eec-b379afbd63f6	19	35358269	35370268	22	0.454
efcea0be-c3d0-49a5-9eec-b379afbd63f6	19	35370747	40555976	2627	0.0071
efcea0be-c3d0-49a5-9eec-b379afbd63f6	19	40556633	40659708	39	0.2846
efcea0be-c3d0-49a5-9eec-b379afbd63f6	19	40667467	42778107	1010	0.0137
efcea0be-c3d0-49a5-9eec-b379afbd63f6	19	42778238	42811459	14	-0.5369
efcea0be-c3d0-49a5-9eec-b379afbd63f6	19	42816985	43029369	97	0.0318
efcea0be-c3d0-49a5-9eec-b379afbd63f6	19	43029974	43056224	9	0.6983
efcea0be-c3d0-49a5-9eec-b379afbd63f6	19	43057570	49866849	3253	0.0249
efcea0be-c3d0-49a5-9eec-b379afbd63f6	19	49867382	50088857	132	0.2188
efcea0be-c3d0-49a5-9eec-b379afbd63f6	19	50088867	53013829	1788	0.03
efcea0be-c3d0-49a5-9eec-b379afbd63f6	19	53015494	53050987	23	0.5136
efcea0be-c3d0-49a5-9eec-b379afbd63f6	19	53051066	58361857	3258	0.0239
efcea0be-c3d0-49a5-9eec-b379afbd63f6	19	58366078	58586487	103	0.2868
efcea0be-c3d0-49a5-9eec-b379afbd63f6	20	80664	276391	161	-0.0056
efcea0be-c3d0-49a5-9eec-b379afbd63f6	20	276679	450858	110	0.2296
efcea0be-c3d0-49a5-9eec-b379afbd63f6	20	457826	1580934	928	0.0269
efcea0be-c3d0-49a5-9eec-b379afbd63f6	20	1581021	1601446	34	1.4287
efcea0be-c3d0-49a5-9eec-b379afbd63f6	20	1601561	3822799	1561	0.0065
efcea0be-c3d0-49a5-9eec-b379afbd63f6	20	3823017	3908477	41	0.3006
efcea0be-c3d0-49a5-9eec-b379afbd63f6	20	3908674	3997562	44	0.033
efcea0be-c3d0-49a5-9eec-b379afbd63f6	20	3997889	4013998	11	0.2683
efcea0be-c3d0-49a5-9eec-b379afbd63f6	20	4016793	4056980	30	0.6341
efcea0be-c3d0-49a5-9eec-b379afbd63f6	20	4057533	4123863	65	0.2641
efcea0be-c3d0-49a5-9eec-b379afbd63f6	20	4127368	8145626	3087	0.0033
efcea0be-c3d0-49a5-9eec-b379afbd63f6	20	8146273	8475677	264	-0.1308
efcea0be-c3d0-49a5-9eec-b379afbd63f6	20	8477153	49524207	25224	-0.0021
efcea0be-c3d0-49a5-9eec-b379afbd63f6	20	49526825	50001086	273	0.1025
efcea0be-c3d0-49a5-9eec-b379afbd63f6	20	50001888	63584019	10088	0.0041
efcea0be-c3d0-49a5-9eec-b379afbd63f6	20	63584878	64260467	291	0.2839
efcea0be-c3d0-49a5-9eec-b379afbd63f6	20	64261403	64284715	21	-0.0758
efcea0be-c3d0-49a5-9eec-b379afbd63f6	20	64323342	64324800	5	-0.7172
efcea0be-c3d0-49a5-9eec-b379afbd63f6	21	10354168	22039308	6117	-0.0119
efcea0be-c3d0-49a5-9eec-b379afbd63f6	21	22039830	23542236	1134	-0.0822
efcea0be-c3d0-49a5-9eec-b379afbd63f6	21	23543064	36091333	9122	-0.0012
efcea0be-c3d0-49a5-9eec-b379afbd63f6	21	36091791	36185635	67	0.2167
efcea0be-c3d0-49a5-9eec-b379afbd63f6	21	36185862	43032838	5573	0.0006
efcea0be-c3d0-49a5-9eec-b379afbd63f6	21	43032912	45023971	799	0.0696
efcea0be-c3d0-49a5-9eec-b379afbd63f6	21	45024754	45250897	164	-0.0043
efcea0be-c3d0-49a5-9eec-b379afbd63f6	21	45250959	45640408	198	0.2346
efcea0be-c3d0-49a5-9eec-b379afbd63f6	21	45647280	46677045	605	0.0478
efcea0be-c3d0-49a5-9eec-b379afbd63f6	22	15294547	18190590	1126	0.0215
efcea0be-c3d0-49a5-9eec-b379afbd63f6	22	18392404	21742513	1669	0.1891
efcea0be-c3d0-49a5-9eec-b379afbd63f6	22	21744398	24048858	1629	0.0739
efcea0be-c3d0-49a5-9eec-b379afbd63f6	22	24049386	24403213	172	-0.0315
efcea0be-c3d0-49a5-9eec-b379afbd63f6	22	24404890	24469185	33	0.2679
efcea0be-c3d0-49a5-9eec-b379afbd63f6	22	24470287	25349934	624	-0.0022
efcea0be-c3d0-49a5-9eec-b379afbd63f6	22	25349949	25451031	115	0.2104
efcea0be-c3d0-49a5-9eec-b379afbd63f6	22	25453935	41903531	11418	0.0143
efcea0be-c3d0-49a5-9eec-b379afbd63f6	22	41903923	41975550	34	0.3735
efcea0be-c3d0-49a5-9eec-b379afbd63f6	22	41979300	42300067	170	-0.0066
efcea0be-c3d0-49a5-9eec-b379afbd63f6	22	42300294	42331417	20	0.223
efcea0be-c3d0-49a5-9eec-b379afbd63f6	22	42331925	42385617	31	-0.0122
efcea0be-c3d0-49a5-9eec-b379afbd63f6	22	42388195	42561815	90	0.1998
efcea0be-c3d0-49a5-9eec-b379afbd63f6	22	42570422	48927399	4883	0.0153
efcea0be-c3d0-49a5-9eec-b379afbd63f6	22	48929017	49731453	752	0.0879
efcea0be-c3d0-49a5-9eec-b379afbd63f6	22	49738731	50733402	428	0.2474
efcea0be-c3d0-49a5-9eec-b379afbd63f6	22	50736945	50796027	17	0.0074
efcea0be-c3d0-49a5-9eec-b379afbd63f6	X	251810	2748312	94	-0.4104
efcea0be-c3d0-49a5-9eec-b379afbd63f6	X	2785350	18814070	11115	0.0273
efcea0be-c3d0-49a5-9eec-b379afbd63f6	X	18816453	19192217	203	0.1881
efcea0be-c3d0-49a5-9eec-b379afbd63f6	X	19194258	19426410	142	-0.0058
efcea0be-c3d0-49a5-9eec-b379afbd63f6	X	19429119	19526246	66	0.2712
efcea0be-c3d0-49a5-9eec-b379afbd63f6	X	19527147	22620976	1724	0.021
efcea0be-c3d0-49a5-9eec-b379afbd63f6	X	22621024	22625508	5	-0.7651
efcea0be-c3d0-49a5-9eec-b379afbd63f6	X	22629060	25218814	1763	0.0113
efcea0be-c3d0-49a5-9eec-b379afbd63f6	X	25219119	25227815	2	1.409
efcea0be-c3d0-49a5-9eec-b379afbd63f6	X	25228209	33127112	5217	0.0179
efcea0be-c3d0-49a5-9eec-b379afbd63f6	X	33131587	34680111	1048	-0.0512
efcea0be-c3d0-49a5-9eec-b379afbd63f6	X	34680296	47969620	7211	0.0126
efcea0be-c3d0-49a5-9eec-b379afbd63f6	X	47974444	47982170	7	0.5046
efcea0be-c3d0-49a5-9eec-b379afbd63f6	X	47983941	48073218	54	0.1078
efcea0be-c3d0-49a5-9eec-b379afbd63f6	X	48073647	48110664	26	0.396
efcea0be-c3d0-49a5-9eec-b379afbd63f6	X	48111343	49235004	420	0.0131
efcea0be-c3d0-49a5-9eec-b379afbd63f6	X	49235384	49246636	8	0.6211
efcea0be-c3d0-49a5-9eec-b379afbd63f6	X	49247526	53660394	1749	0.0134
efcea0be-c3d0-49a5-9eec-b379afbd63f6	X	53663038	53802560	60	0.2428
efcea0be-c3d0-49a5-9eec-b379afbd63f6	X	53802982	55805126	845	0.0257
efcea0be-c3d0-49a5-9eec-b379afbd63f6	X	55806004	89151626	14059	-0.0086
efcea0be-c3d0-49a5-9eec-b379afbd63f6	X	89152111	91330163	735	-0.0814
efcea0be-c3d0-49a5-9eec-b379afbd63f6	X	91330299	91330860	3	-1.3215
efcea0be-c3d0-49a5-9eec-b379afbd63f6	X	91336944	96479512	2640	-0.0322
efcea0be-c3d0-49a5-9eec-b379afbd63f6	X	96480407	116363001	10501	0.0134
efcea0be-c3d0-49a5-9eec-b379afbd63f6	X	116363443	116365415	3	-1.446
efcea0be-c3d0-49a5-9eec-b379afbd63f6	X	116366740	152337437	21461	0.0104
efcea0be-c3d0-49a5-9eec-b379afbd63f6	X	152342526	152348153	3	-1.5551
efcea0be-c3d0-49a5-9eec-b379afbd63f6	X	152348845	152646266	144	-0.0183
efcea0be-c3d0-49a5-9eec-b379afbd63f6	X	152647484	153439859	456	0.1695
efcea0be-c3d0-49a5-9eec-b379afbd63f6	X	153439980	154133040	292	0.025
efcea0be-c3d0-49a5-9eec-b379afbd63f6	X	154135119	155235513	422	0.1629
efcea0be-c3d0-49a5-9eec-b379afbd63f6	X	155237303	155699647	180	-0.0521
efcea0be-c3d0-49a5-9eec-b379afbd63f6	X	155699837	155952689	19	-0.6571
efcea0be-c3d0-49a5-9eec-b379afbd63f6	Y	2782397	6249869	785	-2.2857
efcea0be-c3d0-49a5-9eec-b379afbd63f6	Y	6252391	12912709	2229	-2.6625
efcea0be-c3d0-49a5-9eec-b379afbd63f6	Y	12914512	12918905	5	-5.536
efcea0be-c3d0-49a5-9eec-b379afbd63f6	Y	12920376	20752415	2885	-2.5885
efcea0be-c3d0-49a5-9eec-b379afbd63f6	Y	20752492	20756691	2	-7.2361
efcea0be-c3d0-49a5-9eec-b379afbd63f6	Y	20757006	22804854	531	-2.6671
efcea0be-c3d0-49a5-9eec-b379afbd63f6	Y	22913244	56872112	202	-2.3209
