GDC_Aliquot	Chromosome	Start	End	Num_Probes	Segment_Mean
cff4085b-afd7-48f6-8111-92781cff4c80	1	62920	3530249	850	-0.2344
cff4085b-afd7-48f6-8111-92781cff4c80	1	3558079	13980372	6074	-0.125
cff4085b-afd7-48f6-8111-92781cff4c80	1	13980383	14080246	115	0.284
cff4085b-afd7-48f6-8111-92781cff4c80	1	14081520	27776347	7987	-0.1336
cff4085b-afd7-48f6-8111-92781cff4c80	1	27776865	28214995	209	0.0742
cff4085b-afd7-48f6-8111-92781cff4c80	1	28216720	40166658	6724	-0.1402
cff4085b-afd7-48f6-8111-92781cff4c80	1	40170907	43488039	2003	1.3779
cff4085b-afd7-48f6-8111-92781cff4c80	1	43491820	49150770	3268	0.4547
cff4085b-afd7-48f6-8111-92781cff4c80	1	49156617	49173422	6	-0.048
cff4085b-afd7-48f6-8111-92781cff4c80	1	49173848	49725259	221	-0.6661
cff4085b-afd7-48f6-8111-92781cff4c80	1	49728723	52190822	1071	-0.1141
cff4085b-afd7-48f6-8111-92781cff4c80	1	52194905	54839050	1641	0.3492
cff4085b-afd7-48f6-8111-92781cff4c80	1	54839163	54842366	7	-0.3474
cff4085b-afd7-48f6-8111-92781cff4c80	1	54842564	55145181	232	0.3836
cff4085b-afd7-48f6-8111-92781cff4c80	1	55150444	56330413	947	0.6548
cff4085b-afd7-48f6-8111-92781cff4c80	1	56333082	56673697	237	-0.1071
cff4085b-afd7-48f6-8111-92781cff4c80	1	56679400	56896686	188	0.6662
cff4085b-afd7-48f6-8111-92781cff4c80	1	56897350	59896875	2397	1.1344
cff4085b-afd7-48f6-8111-92781cff4c80	1	59897496	61184963	888	-0.1511
cff4085b-afd7-48f6-8111-92781cff4c80	1	61186539	61362188	119	0.0458
cff4085b-afd7-48f6-8111-92781cff4c80	1	61362742	61810248	354	-0.145
cff4085b-afd7-48f6-8111-92781cff4c80	1	61813922	61819695	8	-1.3705
cff4085b-afd7-48f6-8111-92781cff4c80	1	61822639	72280884	7162	-0.1105
cff4085b-afd7-48f6-8111-92781cff4c80	1	72280898	72345465	60	0.2247
cff4085b-afd7-48f6-8111-92781cff4c80	1	72346221	83350794	7076	-0.1229
cff4085b-afd7-48f6-8111-92781cff4c80	1	83359894	83359907	2	-1.7467
cff4085b-afd7-48f6-8111-92781cff4c80	1	83362590	87478424	2770	-0.1074
cff4085b-afd7-48f6-8111-92781cff4c80	1	87482310	91321022	2521	1.1201
cff4085b-afd7-48f6-8111-92781cff4c80	1	91327260	91337226	24	0.7088
cff4085b-afd7-48f6-8111-92781cff4c80	1	91337554	91630069	217	1.1157
cff4085b-afd7-48f6-8111-92781cff4c80	1	91630112	91631826	2	0.0616
cff4085b-afd7-48f6-8111-92781cff4c80	1	91633371	91756718	115	1.1726
cff4085b-afd7-48f6-8111-92781cff4c80	1	91757064	92979940	600	1.2993
cff4085b-afd7-48f6-8111-92781cff4c80	1	92980356	93624174	313	1.5271
cff4085b-afd7-48f6-8111-92781cff4c80	1	93629703	103616762	6375	-0.1143
cff4085b-afd7-48f6-8111-92781cff4c80	1	103620877	103717410	5	1.1908
cff4085b-afd7-48f6-8111-92781cff4c80	1	103717617	109679105	3567	-0.1138
cff4085b-afd7-48f6-8111-92781cff4c80	1	109684695	109697556	15	-1.0082
cff4085b-afd7-48f6-8111-92781cff4c80	1	109702376	112147626	1946	-0.135
cff4085b-afd7-48f6-8111-92781cff4c80	1	112147704	112154390	19	0.2881
cff4085b-afd7-48f6-8111-92781cff4c80	1	112154552	121601998	5158	-0.1271
cff4085b-afd7-48f6-8111-92781cff4c80	1	121705338	152583230	2445	0.5963
cff4085b-afd7-48f6-8111-92781cff4c80	1	152583291	152613762	30	1.6544
cff4085b-afd7-48f6-8111-92781cff4c80	1	152613802	152618018	5	1.0328
cff4085b-afd7-48f6-8111-92781cff4c80	1	152618089	152787202	166	0.6069
cff4085b-afd7-48f6-8111-92781cff4c80	1	152789447	152796224	37	1.29
cff4085b-afd7-48f6-8111-92781cff4c80	1	152801429	158698408	3430	0.66
cff4085b-afd7-48f6-8111-92781cff4c80	1	158700973	163352243	3238	0.5659
cff4085b-afd7-48f6-8111-92781cff4c80	1	163355385	163413602	67	0.8117
cff4085b-afd7-48f6-8111-92781cff4c80	1	163414403	169247699	4552	0.4581
cff4085b-afd7-48f6-8111-92781cff4c80	1	169264736	169272528	7	1.4693
cff4085b-afd7-48f6-8111-92781cff4c80	1	169273163	182267660	8591	0.4504
cff4085b-afd7-48f6-8111-92781cff4c80	1	182268584	182438893	127	0.621
cff4085b-afd7-48f6-8111-92781cff4c80	1	182442493	182571580	99	0.4457
cff4085b-afd7-48f6-8111-92781cff4c80	1	182572946	183716568	767	0.5949
cff4085b-afd7-48f6-8111-92781cff4c80	1	183719160	189679027	3856	0.436
cff4085b-afd7-48f6-8111-92781cff4c80	1	189679353	189679397	2	-1.5072
cff4085b-afd7-48f6-8111-92781cff4c80	1	189682917	192128110	1593	0.4261
cff4085b-afd7-48f6-8111-92781cff4c80	1	192130487	196615309	3045	0.5634
cff4085b-afd7-48f6-8111-92781cff4c80	1	196615338	196762956	102	0.7517
cff4085b-afd7-48f6-8111-92781cff4c80	1	196769493	196789019	32	-0.2659
cff4085b-afd7-48f6-8111-92781cff4c80	1	196789029	196829534	15	0.592
cff4085b-afd7-48f6-8111-92781cff4c80	1	196829693	196936029	73	1.4695
cff4085b-afd7-48f6-8111-92781cff4c80	1	196940515	199567842	1621	0.7209
cff4085b-afd7-48f6-8111-92781cff4c80	1	199568576	202598144	2004	0.6466
cff4085b-afd7-48f6-8111-92781cff4c80	1	202598425	202598658	3	-0.3296
cff4085b-afd7-48f6-8111-92781cff4c80	1	202599414	208983948	4339	0.6239
cff4085b-afd7-48f6-8111-92781cff4c80	1	208984013	209068706	57	0.7133
cff4085b-afd7-48f6-8111-92781cff4c80	1	209068978	210578977	1204	0.4611
cff4085b-afd7-48f6-8111-92781cff4c80	1	210580707	237718470	18644	0.2895
cff4085b-afd7-48f6-8111-92781cff4c80	1	237729011	240259724	2028	0.4491
cff4085b-afd7-48f6-8111-92781cff4c80	1	240261557	243105104	2112	0.3261
cff4085b-afd7-48f6-8111-92781cff4c80	1	243105657	246525060	2326	0.4948
cff4085b-afd7-48f6-8111-92781cff4c80	1	246525143	246650201	70	0.7684
cff4085b-afd7-48f6-8111-92781cff4c80	1	246651158	247402909	460	0.9152
cff4085b-afd7-48f6-8111-92781cff4c80	1	247403573	247486349	66	0.7097
cff4085b-afd7-48f6-8111-92781cff4c80	1	247489301	248673020	680	0.6014
cff4085b-afd7-48f6-8111-92781cff4c80	1	248681521	248930189	130	0.3777
cff4085b-afd7-48f6-8111-92781cff4c80	2	12784	1880297	1214	0.0417
cff4085b-afd7-48f6-8111-92781cff4c80	2	1883025	34295406	22776	0.1073
cff4085b-afd7-48f6-8111-92781cff4c80	2	34298911	34300513	2	-2.306
cff4085b-afd7-48f6-8111-92781cff4c80	2	34300900	34466002	95	0.1338
cff4085b-afd7-48f6-8111-92781cff4c80	2	34474248	34511990	46	0.6976
cff4085b-afd7-48f6-8111-92781cff4c80	2	34512096	35742970	871	0.1182
cff4085b-afd7-48f6-8111-92781cff4c80	2	35750907	35762881	8	0.8479
cff4085b-afd7-48f6-8111-92781cff4c80	2	35772407	36105115	272	0.0957
cff4085b-afd7-48f6-8111-92781cff4c80	2	36108462	36109476	3	-0.7913
cff4085b-afd7-48f6-8111-92781cff4c80	2	36109597	36756285	634	0.0952
cff4085b-afd7-48f6-8111-92781cff4c80	2	36762036	37125981	217	0.323
cff4085b-afd7-48f6-8111-92781cff4c80	2	37136663	38145736	774	0.0845
cff4085b-afd7-48f6-8111-92781cff4c80	2	38146270	38146288	2	-1.0985
cff4085b-afd7-48f6-8111-92781cff4c80	2	38146410	41739174	2636	0.1118
cff4085b-afd7-48f6-8111-92781cff4c80	2	41742456	43213775	1045	0.3302
cff4085b-afd7-48f6-8111-92781cff4c80	2	43214443	44923074	1149	0.251
cff4085b-afd7-48f6-8111-92781cff4c80	2	44923139	47241816	1888	0.4448
cff4085b-afd7-48f6-8111-92781cff4c80	2	47242572	48624013	721	0.3036
cff4085b-afd7-48f6-8111-92781cff4c80	2	48626833	48628795	2	-1.1005
cff4085b-afd7-48f6-8111-92781cff4c80	2	48634765	50748690	1576	0.2963
cff4085b-afd7-48f6-8111-92781cff4c80	2	50749033	50749714	6	-0.3553
cff4085b-afd7-48f6-8111-92781cff4c80	2	50750841	50790192	34	0.31
cff4085b-afd7-48f6-8111-92781cff4c80	2	50795047	51648328	615	0.4385
cff4085b-afd7-48f6-8111-92781cff4c80	2	51649028	52516787	553	0.5991
cff4085b-afd7-48f6-8111-92781cff4c80	2	52527330	52527423	4	-0.2106
cff4085b-afd7-48f6-8111-92781cff4c80	2	52527590	52527743	3	-1.8056
cff4085b-afd7-48f6-8111-92781cff4c80	2	52531615	52554359	30	0.5662
cff4085b-afd7-48f6-8111-92781cff4c80	2	52554366	53136368	482	0.7227
cff4085b-afd7-48f6-8111-92781cff4c80	2	53137040	53143130	4	-0.3395
cff4085b-afd7-48f6-8111-92781cff4c80	2	53144622	54738207	1195	0.7294
cff4085b-afd7-48f6-8111-92781cff4c80	2	54738397	55288954	433	0.5976
cff4085b-afd7-48f6-8111-92781cff4c80	2	55288967	57751485	1645	0.4528
cff4085b-afd7-48f6-8111-92781cff4c80	2	57751685	61335422	2294	0.0996
cff4085b-afd7-48f6-8111-92781cff4c80	2	61351000	62467315	542	0.1849
cff4085b-afd7-48f6-8111-92781cff4c80	2	62467558	63864399	632	0.1011
cff4085b-afd7-48f6-8111-92781cff4c80	2	63865865	67023382	2166	0.2233
cff4085b-afd7-48f6-8111-92781cff4c80	2	67023654	80943007	9209	0.1155
cff4085b-afd7-48f6-8111-92781cff4c80	2	80943635	82200916	755	0.3851
cff4085b-afd7-48f6-8111-92781cff4c80	2	82201096	89933871	3424	0.1094
cff4085b-afd7-48f6-8111-92781cff4c80	2	89936810	90228220	121	0.5028
cff4085b-afd7-48f6-8111-92781cff4c80	2	90228237	92078382	67	0.1481
cff4085b-afd7-48f6-8111-92781cff4c80	2	94662162	95290550	189	0.8523
cff4085b-afd7-48f6-8111-92781cff4c80	2	95292627	96006930	213	0.9643
cff4085b-afd7-48f6-8111-92781cff4c80	2	96011976	96994606	380	1.1208
cff4085b-afd7-48f6-8111-92781cff4c80	2	96994882	97359885	100	0.9633
cff4085b-afd7-48f6-8111-92781cff4c80	2	97524284	97545726	9	0.0481
cff4085b-afd7-48f6-8111-92781cff4c80	2	97550415	98948133	751	1.0361
cff4085b-afd7-48f6-8111-92781cff4c80	2	98952870	99405335	206	0.9138
cff4085b-afd7-48f6-8111-92781cff4c80	2	99406276	99914444	335	1.0351
cff4085b-afd7-48f6-8111-92781cff4c80	2	99924472	100933684	725	0.8377
cff4085b-afd7-48f6-8111-92781cff4c80	2	100936476	106263639	3549	0.3198
cff4085b-afd7-48f6-8111-92781cff4c80	2	106264257	106268901	11	1.0769
cff4085b-afd7-48f6-8111-92781cff4c80	2	106270799	107497889	789	0.2904
cff4085b-afd7-48f6-8111-92781cff4c80	2	107508858	111598165	1859	-0.1027
cff4085b-afd7-48f6-8111-92781cff4c80	2	111600472	111610248	2	-2.2664
cff4085b-afd7-48f6-8111-92781cff4c80	2	111615592	122722323	6836	-0.0938
cff4085b-afd7-48f6-8111-92781cff4c80	2	122724137	122724665	7	-1.2583
cff4085b-afd7-48f6-8111-92781cff4c80	2	122726077	146104517	14313	-0.0796
cff4085b-afd7-48f6-8111-92781cff4c80	2	146106836	146109366	24	0.8074
cff4085b-afd7-48f6-8111-92781cff4c80	2	146120238	166624007	12218	-0.0876
cff4085b-afd7-48f6-8111-92781cff4c80	2	166626088	167002932	220	0.1223
cff4085b-afd7-48f6-8111-92781cff4c80	2	167005759	185106782	11613	-0.0838
cff4085b-afd7-48f6-8111-92781cff4c80	2	185110571	185986750	428	0.0029
cff4085b-afd7-48f6-8111-92781cff4c80	2	185987062	198447517	6998	-0.081
cff4085b-afd7-48f6-8111-92781cff4c80	2	198447960	205731939	4372	-0.1218
cff4085b-afd7-48f6-8111-92781cff4c80	2	205734481	207490231	1100	-0.093
cff4085b-afd7-48f6-8111-92781cff4c80	2	207490454	207494612	16	-2.9168
cff4085b-afd7-48f6-8111-92781cff4c80	2	207494752	231516587	15438	-0.0799
cff4085b-afd7-48f6-8111-92781cff4c80	2	231521930	242147305	6613	-0.1464
cff4085b-afd7-48f6-8111-92781cff4c80	3	20930	243604	201	0.0518
cff4085b-afd7-48f6-8111-92781cff4c80	3	243633	2576343	2005	0.205
cff4085b-afd7-48f6-8111-92781cff4c80	3	2577967	5201814	2394	0.5733
cff4085b-afd7-48f6-8111-92781cff4c80	3	5202865	6164148	796	0.8557
cff4085b-afd7-48f6-8111-92781cff4c80	3	6165214	6267027	153	1.2192
cff4085b-afd7-48f6-8111-92781cff4c80	3	6274054	6475900	193	0.8551
cff4085b-afd7-48f6-8111-92781cff4c80	3	6481584	9542686	2592	0.1881
cff4085b-afd7-48f6-8111-92781cff4c80	3	9547779	10092636	223	1.2921
cff4085b-afd7-48f6-8111-92781cff4c80	3	10093082	11028045	804	0.872
cff4085b-afd7-48f6-8111-92781cff4c80	3	11032327	16195501	3534	0.1926
cff4085b-afd7-48f6-8111-92781cff4c80	3	16197556	16202089	10	-0.3354
cff4085b-afd7-48f6-8111-92781cff4c80	3	16202845	21119026	2909	0.1944
cff4085b-afd7-48f6-8111-92781cff4c80	3	21119606	21271960	107	0.3624
cff4085b-afd7-48f6-8111-92781cff4c80	3	21276745	28496565	5347	0.21
cff4085b-afd7-48f6-8111-92781cff4c80	3	28499828	28500142	3	-1.0184
cff4085b-afd7-48f6-8111-92781cff4c80	3	28505593	57932063	17835	0.1945
cff4085b-afd7-48f6-8111-92781cff4c80	3	57932898	58672727	492	0.278
cff4085b-afd7-48f6-8111-92781cff4c80	3	58673924	68697013	8186	0.2046
cff4085b-afd7-48f6-8111-92781cff4c80	3	68697108	68698262	14	1.5604
cff4085b-afd7-48f6-8111-92781cff4c80	3	68699607	85653104	10514	0.2055
cff4085b-afd7-48f6-8111-92781cff4c80	3	85654001	93824162	2562	0.552
cff4085b-afd7-48f6-8111-92781cff4c80	3	93824358	96922846	1580	0.0025
cff4085b-afd7-48f6-8111-92781cff4c80	3	96923418	99218940	1256	-0.2326
cff4085b-afd7-48f6-8111-92781cff4c80	3	99225614	99230577	38	-0.797
cff4085b-afd7-48f6-8111-92781cff4c80	3	99232120	104257637	2835	-0.2244
cff4085b-afd7-48f6-8111-92781cff4c80	3	104258193	104417478	84	-0.0034
cff4085b-afd7-48f6-8111-92781cff4c80	3	104417687	104418509	6	0.4832
cff4085b-afd7-48f6-8111-92781cff4c80	3	104418555	104431940	21	0.0201
cff4085b-afd7-48f6-8111-92781cff4c80	3	104431957	105333547	668	-0.2356
cff4085b-afd7-48f6-8111-92781cff4c80	3	105333560	125730683	12627	-0.0077
cff4085b-afd7-48f6-8111-92781cff4c80	3	125730771	125743486	8	-1.3061
cff4085b-afd7-48f6-8111-92781cff4c80	3	125747704	130044855	2454	-0.0242
cff4085b-afd7-48f6-8111-92781cff4c80	3	130047743	130087393	37	0.5044
cff4085b-afd7-48f6-8111-92781cff4c80	3	130088081	146756356	10433	-0.0076
cff4085b-afd7-48f6-8111-92781cff4c80	3	146756536	146758696	3	-1.7051
cff4085b-afd7-48f6-8111-92781cff4c80	3	146759265	162795304	9823	-0.0082
cff4085b-afd7-48f6-8111-92781cff4c80	3	162795361	162910826	70	0.4976
cff4085b-afd7-48f6-8111-92781cff4c80	3	162910855	165323075	1313	0.0008
cff4085b-afd7-48f6-8111-92781cff4c80	3	165323760	165364151	65	-0.8617
cff4085b-afd7-48f6-8111-92781cff4c80	3	165367641	165411253	24	-0.0289
cff4085b-afd7-48f6-8111-92781cff4c80	3	165411694	165411750	2	-1.3
cff4085b-afd7-48f6-8111-92781cff4c80	3	165411778	165868486	299	-0.007
cff4085b-afd7-48f6-8111-92781cff4c80	3	165869007	166114553	131	0.4787
cff4085b-afd7-48f6-8111-92781cff4c80	3	166115526	173341185	4383	0.327
cff4085b-afd7-48f6-8111-92781cff4c80	3	173341579	173915101	407	0.4136
cff4085b-afd7-48f6-8111-92781cff4c80	3	173919601	175369131	1038	0.2979
cff4085b-afd7-48f6-8111-92781cff4c80	3	175369161	176988181	1046	0.3633
cff4085b-afd7-48f6-8111-92781cff4c80	3	176988210	177008423	27	0.0855
cff4085b-afd7-48f6-8111-92781cff4c80	3	177008923	178683040	985	0.3563
cff4085b-afd7-48f6-8111-92781cff4c80	3	178683097	193160173	9450	0.3183
cff4085b-afd7-48f6-8111-92781cff4c80	3	193160256	193165114	18	1.1877
cff4085b-afd7-48f6-8111-92781cff4c80	3	193168646	195663809	1484	0.357
cff4085b-afd7-48f6-8111-92781cff4c80	3	195673928	195730018	32	-0.0042
cff4085b-afd7-48f6-8111-92781cff4c80	3	195733825	197712842	952	0.3107
cff4085b-afd7-48f6-8111-92781cff4c80	3	197714713	198107699	197	0.4616
cff4085b-afd7-48f6-8111-92781cff4c80	3	198107849	198107931	2	-1.0713
cff4085b-afd7-48f6-8111-92781cff4c80	3	198108134	198169247	25	0.339
cff4085b-afd7-48f6-8111-92781cff4c80	4	68929	1094043	380	0.0719
cff4085b-afd7-48f6-8111-92781cff4c80	4	1094484	3597723	1059	0.1889
cff4085b-afd7-48f6-8111-92781cff4c80	4	3598142	3600457	2	-2.0046
cff4085b-afd7-48f6-8111-92781cff4c80	4	3607663	9450197	3712	0.2072
cff4085b-afd7-48f6-8111-92781cff4c80	4	9455251	9484440	8	1.1119
cff4085b-afd7-48f6-8111-92781cff4c80	4	9494650	9527502	10	0.2402
cff4085b-afd7-48f6-8111-92781cff4c80	4	9539086	10208766	528	0.076
cff4085b-afd7-48f6-8111-92781cff4c80	4	10221792	10233644	35	1.6038
cff4085b-afd7-48f6-8111-92781cff4c80	4	10234518	10389091	171	0.0803
cff4085b-afd7-48f6-8111-92781cff4c80	4	10390730	10399044	15	-2.2232
cff4085b-afd7-48f6-8111-92781cff4c80	4	10401094	15597813	4070	0.0861
cff4085b-afd7-48f6-8111-92781cff4c80	4	15599794	15758448	117	0.255
cff4085b-afd7-48f6-8111-92781cff4c80	4	15761405	24359394	5988	0.1067
cff4085b-afd7-48f6-8111-92781cff4c80	4	24367829	24731178	230	0.2982
cff4085b-afd7-48f6-8111-92781cff4c80	4	24732248	27083049	1551	0.1155
cff4085b-afd7-48f6-8111-92781cff4c80	4	27083999	27737342	488	0.2927
cff4085b-afd7-48f6-8111-92781cff4c80	4	27742197	28260036	352	0.4313
cff4085b-afd7-48f6-8111-92781cff4c80	4	28261363	28714066	276	0.2642
cff4085b-afd7-48f6-8111-92781cff4c80	4	28714440	28854862	92	0.4235
cff4085b-afd7-48f6-8111-92781cff4c80	4	28858367	29056748	130	0.2915
cff4085b-afd7-48f6-8111-92781cff4c80	4	29056917	30146158	739	0.423
cff4085b-afd7-48f6-8111-92781cff4c80	4	30146747	32951378	1717	0.2556
cff4085b-afd7-48f6-8111-92781cff4c80	4	32952633	33060863	64	0.4587
cff4085b-afd7-48f6-8111-92781cff4c80	4	33060909	34777432	970	0.2541
cff4085b-afd7-48f6-8111-92781cff4c80	4	34784878	34822561	37	-0.4719
cff4085b-afd7-48f6-8111-92781cff4c80	4	34823103	35582309	508	0.2623
cff4085b-afd7-48f6-8111-92781cff4c80	4	35587560	48029526	7785	0.1007
cff4085b-afd7-48f6-8111-92781cff4c80	4	48034437	48783032	544	0.2425
cff4085b-afd7-48f6-8111-92781cff4c80	4	48788356	49086623	121	0.4669
cff4085b-afd7-48f6-8111-92781cff4c80	4	49087342	51978802	126	0.1995
cff4085b-afd7-48f6-8111-92781cff4c80	4	51979863	54138219	1295	0.0703
cff4085b-afd7-48f6-8111-92781cff4c80	4	54142147	60461594	4270	-0.1007
cff4085b-afd7-48f6-8111-92781cff4c80	4	60464276	60465899	2	1.3338
cff4085b-afd7-48f6-8111-92781cff4c80	4	60469846	63827261	1899	-0.1097
cff4085b-afd7-48f6-8111-92781cff4c80	4	63828222	63861138	37	0.413
cff4085b-afd7-48f6-8111-92781cff4c80	4	63861158	67329116	2222	-0.1106
cff4085b-afd7-48f6-8111-92781cff4c80	4	67329216	67575373	136	0.1116
cff4085b-afd7-48f6-8111-92781cff4c80	4	67577575	68509223	507	-0.0978
cff4085b-afd7-48f6-8111-92781cff4c80	4	68509237	68620261	64	-0.4303
cff4085b-afd7-48f6-8111-92781cff4c80	4	68623617	69421960	396	0.0015
cff4085b-afd7-48f6-8111-92781cff4c80	4	69422116	71622320	1308	-0.0954
cff4085b-afd7-48f6-8111-92781cff4c80	4	71625922	81455467	6155	-0.125
cff4085b-afd7-48f6-8111-92781cff4c80	4	81456175	107993547	15922	-0.094
cff4085b-afd7-48f6-8111-92781cff4c80	4	107993807	108258449	175	0.3126
cff4085b-afd7-48f6-8111-92781cff4c80	4	108259091	114252544	3727	-0.0742
cff4085b-afd7-48f6-8111-92781cff4c80	4	114254167	114261019	23	-1.5927
cff4085b-afd7-48f6-8111-92781cff4c80	4	114263073	129299787	8813	-0.081
cff4085b-afd7-48f6-8111-92781cff4c80	4	129300423	129301436	2	-1.9224
cff4085b-afd7-48f6-8111-92781cff4c80	4	129304539	180326489	31461	-0.0748
cff4085b-afd7-48f6-8111-92781cff4c80	4	180330159	182115761	1481	0.3332
cff4085b-afd7-48f6-8111-92781cff4c80	4	182120410	189957752	5349	-0.0652
cff4085b-afd7-48f6-8111-92781cff4c80	4	189959936	190106768	26	0.1742
cff4085b-afd7-48f6-8111-92781cff4c80	5	15532	29341	7	0.3173
cff4085b-afd7-48f6-8111-92781cff4c80	5	30499	717264	303	0.7519
cff4085b-afd7-48f6-8111-92781cff4c80	5	717410	779766	24	0.336
cff4085b-afd7-48f6-8111-92781cff4c80	5	800724	852451	20	1.0063
cff4085b-afd7-48f6-8111-92781cff4c80	5	863682	5602166	3965	0.8476
cff4085b-afd7-48f6-8111-92781cff4c80	5	5603353	5891765	308	0.633
cff4085b-afd7-48f6-8111-92781cff4c80	5	5894912	5903520	7	0.9055
cff4085b-afd7-48f6-8111-92781cff4c80	5	5905522	7286275	1176	1.0454
cff4085b-afd7-48f6-8111-92781cff4c80	5	7299587	7302780	2	-0.2824
cff4085b-afd7-48f6-8111-92781cff4c80	5	7303763	9231867	1620	1.0274
cff4085b-afd7-48f6-8111-92781cff4c80	5	9233861	12800777	2761	0.6297
cff4085b-afd7-48f6-8111-92781cff4c80	5	12815668	12857021	16	1.2164
cff4085b-afd7-48f6-8111-92781cff4c80	5	12857227	15837834	2053	0.6473
cff4085b-afd7-48f6-8111-92781cff4c80	5	15845458	15981527	78	1.012
cff4085b-afd7-48f6-8111-92781cff4c80	5	15987642	17827436	1193	0.6596
cff4085b-afd7-48f6-8111-92781cff4c80	5	17828029	17829678	4	-0.5347
cff4085b-afd7-48f6-8111-92781cff4c80	5	17833550	21449167	2181	0.6056
cff4085b-afd7-48f6-8111-92781cff4c80	5	21451091	21452387	6	-0.8251
cff4085b-afd7-48f6-8111-92781cff4c80	5	21454830	25070163	2085	0.5942
cff4085b-afd7-48f6-8111-92781cff4c80	5	25070595	25369669	155	0.7581
cff4085b-afd7-48f6-8111-92781cff4c80	5	25373016	26789387	893	0.5983
cff4085b-afd7-48f6-8111-92781cff4c80	5	26797651	26797735	2	-1.5684
cff4085b-afd7-48f6-8111-92781cff4c80	5	26803775	31360513	2823	0.6009
cff4085b-afd7-48f6-8111-92781cff4c80	5	31360804	34258752	1974	0.6548
cff4085b-afd7-48f6-8111-92781cff4c80	5	34259309	34266472	6	-0.0627
cff4085b-afd7-48f6-8111-92781cff4c80	5	34266977	39582286	3546	0.6411
cff4085b-afd7-48f6-8111-92781cff4c80	5	39582664	45295803	3157	0.6164
cff4085b-afd7-48f6-8111-92781cff4c80	5	45298183	45298733	3	1.7562
cff4085b-afd7-48f6-8111-92781cff4c80	5	45303272	45861632	229	0.7399
cff4085b-afd7-48f6-8111-92781cff4c80	5	45864263	45980007	31	0.1189
cff4085b-afd7-48f6-8111-92781cff4c80	5	45981964	50273126	106	0.587
cff4085b-afd7-48f6-8111-92781cff4c80	5	50276884	50279343	6	0.3794
cff4085b-afd7-48f6-8111-92781cff4c80	5	50287719	51205306	466	-0.0985
cff4085b-afd7-48f6-8111-92781cff4c80	5	51205877	51808831	301	-0.3791
cff4085b-afd7-48f6-8111-92781cff4c80	5	51811247	52803018	641	-0.1136
cff4085b-afd7-48f6-8111-92781cff4c80	5	52803085	56409630	2466	0.0997
cff4085b-afd7-48f6-8111-92781cff4c80	5	56409825	58025819	1147	0.2815
cff4085b-afd7-48f6-8111-92781cff4c80	5	58030200	58037706	32	2.396
cff4085b-afd7-48f6-8111-92781cff4c80	5	58042530	63301236	3456	0.2713
cff4085b-afd7-48f6-8111-92781cff4c80	5	63302626	63856956	328	0.3725
cff4085b-afd7-48f6-8111-92781cff4c80	5	63857796	69533520	3507	0.2547
cff4085b-afd7-48f6-8111-92781cff4c80	5	69550476	70017861	10	-0.4409
cff4085b-afd7-48f6-8111-92781cff4c80	5	70959068	74293435	1937	0.2542
cff4085b-afd7-48f6-8111-92781cff4c80	5	74295269	74666894	315	-0.7626
cff4085b-afd7-48f6-8111-92781cff4c80	5	74669685	81035341	4012	0.2645
cff4085b-afd7-48f6-8111-92781cff4c80	5	81039461	81894007	510	0.4043
cff4085b-afd7-48f6-8111-92781cff4c80	5	81894060	81970905	60	0.2673
cff4085b-afd7-48f6-8111-92781cff4c80	5	81971605	82122944	58	0.0272
cff4085b-afd7-48f6-8111-92781cff4c80	5	82123459	82131663	3	-1.1995
cff4085b-afd7-48f6-8111-92781cff4c80	5	82132219	85210663	1866	0.0597
cff4085b-afd7-48f6-8111-92781cff4c80	5	85213132	85226538	15	0.9899
cff4085b-afd7-48f6-8111-92781cff4c80	5	85234024	97709417	6811	-0.3852
cff4085b-afd7-48f6-8111-92781cff4c80	5	97712762	97763616	43	-4.8913
cff4085b-afd7-48f6-8111-92781cff4c80	5	97763980	97780983	7	0.1047
cff4085b-afd7-48f6-8111-92781cff4c80	5	97781157	97784803	4	-2.2179
cff4085b-afd7-48f6-8111-92781cff4c80	5	97789963	100727126	1657	-0.3507
cff4085b-afd7-48f6-8111-92781cff4c80	5	100729737	100907407	107	0.267
cff4085b-afd7-48f6-8111-92781cff4c80	5	100907801	101232425	152	-0.4077
cff4085b-afd7-48f6-8111-92781cff4c80	5	101241588	102127485	627	0.3626
cff4085b-afd7-48f6-8111-92781cff4c80	5	102129140	102137483	3	-0.668
cff4085b-afd7-48f6-8111-92781cff4c80	5	102139923	104515520	1318	0.3351
cff4085b-afd7-48f6-8111-92781cff4c80	5	104524672	104524780	2	1.7028
cff4085b-afd7-48f6-8111-92781cff4c80	5	104524847	105097721	447	0.3001
cff4085b-afd7-48f6-8111-92781cff4c80	5	105097893	105287853	130	0.4587
cff4085b-afd7-48f6-8111-92781cff4c80	5	105287944	106897416	851	0.3185
cff4085b-afd7-48f6-8111-92781cff4c80	5	106904875	123810516	11674	-0.3873
cff4085b-afd7-48f6-8111-92781cff4c80	5	123810750	123810832	2	-3.2095
cff4085b-afd7-48f6-8111-92781cff4c80	5	123811156	163704534	25407	-0.3982
cff4085b-afd7-48f6-8111-92781cff4c80	5	163705098	163832412	83	0.0803
cff4085b-afd7-48f6-8111-92781cff4c80	5	163835463	169468757	4026	-0.4025
cff4085b-afd7-48f6-8111-92781cff4c80	5	169472983	172026148	1868	0.3703
cff4085b-afd7-48f6-8111-92781cff4c80	5	172029451	172199205	140	0.2179
cff4085b-afd7-48f6-8111-92781cff4c80	5	172204765	177105909	3308	0.3636
cff4085b-afd7-48f6-8111-92781cff4c80	5	177106134	181363319	2218	-0.4293
cff4085b-afd7-48f6-8111-92781cff4c80	6	149661	254283	101	0.0652
cff4085b-afd7-48f6-8111-92781cff4c80	6	257353	303017	25	0.9105
cff4085b-afd7-48f6-8111-92781cff4c80	6	303121	366333	68	0.523
cff4085b-afd7-48f6-8111-92781cff4c80	6	373453	29869295	21460	0.1565
cff4085b-afd7-48f6-8111-92781cff4c80	6	29869410	29986587	68	-0.2204
cff4085b-afd7-48f6-8111-92781cff4c80	6	29992047	31319445	616	0.1723
cff4085b-afd7-48f6-8111-92781cff4c80	6	31319724	31327629	2	-2.1698
cff4085b-afd7-48f6-8111-92781cff4c80	6	31328176	31385912	67	0.1989
cff4085b-afd7-48f6-8111-92781cff4c80	6	31392318	31483699	85	0.9625
cff4085b-afd7-48f6-8111-92781cff4c80	6	31488057	32486746	354	0.3318
cff4085b-afd7-48f6-8111-92781cff4c80	6	32488906	32541699	16	1.5037
cff4085b-afd7-48f6-8111-92781cff4c80	6	32549151	32722250	88	0.417
cff4085b-afd7-48f6-8111-92781cff4c80	6	32723020	32723053	3	-1.8799
cff4085b-afd7-48f6-8111-92781cff4c80	6	32732907	32888431	121	0.2833
cff4085b-afd7-48f6-8111-92781cff4c80	6	32892975	42890089	6424	0.4573
cff4085b-afd7-48f6-8111-92781cff4c80	6	42891167	45051606	1255	0.1909
cff4085b-afd7-48f6-8111-92781cff4c80	6	45052000	54066286	5845	0.1258
cff4085b-afd7-48f6-8111-92781cff4c80	6	54066353	54067057	7	-1.4974
cff4085b-afd7-48f6-8111-92781cff4c80	6	54070550	55768831	1082	0.0756
cff4085b-afd7-48f6-8111-92781cff4c80	6	55773307	56823341	645	-0.0289
cff4085b-afd7-48f6-8111-92781cff4c80	6	56825833	58348542	454	0.0901
cff4085b-afd7-48f6-8111-92781cff4c80	6	58354404	61264479	351	0.2674
cff4085b-afd7-48f6-8111-92781cff4c80	6	61264796	61860865	265	0.0723
cff4085b-afd7-48f6-8111-92781cff4c80	6	61864111	64977414	1652	-0.1906
cff4085b-afd7-48f6-8111-92781cff4c80	6	64980413	65683455	473	-0.0247
cff4085b-afd7-48f6-8111-92781cff4c80	6	65684197	65689589	2	-0.7951
cff4085b-afd7-48f6-8111-92781cff4c80	6	65689644	65693959	22	-2.7876
cff4085b-afd7-48f6-8111-92781cff4c80	6	65697234	65996572	207	-0.0469
cff4085b-afd7-48f6-8111-92781cff4c80	6	66002268	66328153	210	-0.4339
cff4085b-afd7-48f6-8111-92781cff4c80	6	66331020	66333004	6	-2.6742
cff4085b-afd7-48f6-8111-92781cff4c80	6	66333299	73882142	5008	-0.4616
cff4085b-afd7-48f6-8111-92781cff4c80	6	73882509	73891694	10	0.3481
cff4085b-afd7-48f6-8111-92781cff4c80	6	73893839	76726815	1765	-0.4858
cff4085b-afd7-48f6-8111-92781cff4c80	6	76730151	76743040	21	0.285
cff4085b-afd7-48f6-8111-92781cff4c80	6	76751356	78259348	978	-0.4551
cff4085b-afd7-48f6-8111-92781cff4c80	6	78259388	78336944	120	-0.0332
cff4085b-afd7-48f6-8111-92781cff4c80	6	78341897	79436980	663	-0.4752
cff4085b-afd7-48f6-8111-92781cff4c80	6	79437585	79446542	5	-1.3567
cff4085b-afd7-48f6-8111-92781cff4c80	6	79448695	80566395	750	-0.4683
cff4085b-afd7-48f6-8111-92781cff4c80	6	80568268	80575322	13	0.0953
cff4085b-afd7-48f6-8111-92781cff4c80	6	80575487	81361834	545	-0.4439
cff4085b-afd7-48f6-8111-92781cff4c80	6	81361858	81364682	3	-2.6659
cff4085b-afd7-48f6-8111-92781cff4c80	6	81367231	94111369	8111	-0.4693
cff4085b-afd7-48f6-8111-92781cff4c80	6	94111901	95445284	609	-0.3586
cff4085b-afd7-48f6-8111-92781cff4c80	6	95445495	109587728	8651	-0.4714
cff4085b-afd7-48f6-8111-92781cff4c80	6	109587749	114701015	3255	-0.4076
cff4085b-afd7-48f6-8111-92781cff4c80	6	114701270	114763417	43	-0.0003
cff4085b-afd7-48f6-8111-92781cff4c80	6	114764860	118716509	2254	-0.41
cff4085b-afd7-48f6-8111-92781cff4c80	6	118717955	118729418	10	-1.0631
cff4085b-afd7-48f6-8111-92781cff4c80	6	118729459	119135002	196	-0.4075
cff4085b-afd7-48f6-8111-92781cff4c80	6	119139366	133914561	9384	-0.5316
cff4085b-afd7-48f6-8111-92781cff4c80	6	133915005	135014291	735	-0.4371
cff4085b-afd7-48f6-8111-92781cff4c80	6	135021116	135022100	2	0.803
cff4085b-afd7-48f6-8111-92781cff4c80	6	135028432	135207350	175	-0.4147
cff4085b-afd7-48f6-8111-92781cff4c80	6	135208231	135523221	213	-0.5179
cff4085b-afd7-48f6-8111-92781cff4c80	6	135525595	136718899	805	-0.3878
cff4085b-afd7-48f6-8111-92781cff4c80	6	136719782	136758404	34	-0.783
cff4085b-afd7-48f6-8111-92781cff4c80	6	136758434	137628274	639	-0.3027
cff4085b-afd7-48f6-8111-92781cff4c80	6	137629740	137657249	36	-0.6398
cff4085b-afd7-48f6-8111-92781cff4c80	6	137657707	138063193	237	-0.2743
cff4085b-afd7-48f6-8111-92781cff4c80	6	138064344	155612149	11637	-0.5619
cff4085b-afd7-48f6-8111-92781cff4c80	6	155612722	155614780	7	-2.3823
cff4085b-afd7-48f6-8111-92781cff4c80	6	155616653	157648367	1236	-0.5744
cff4085b-afd7-48f6-8111-92781cff4c80	6	157648483	157648969	2	-5.5959
cff4085b-afd7-48f6-8111-92781cff4c80	6	157649029	157797587	103	-0.6775
cff4085b-afd7-48f6-8111-92781cff4c80	6	157797687	166232384	6302	-0.5536
cff4085b-afd7-48f6-8111-92781cff4c80	6	166232913	170570546	2819	-0.6337
cff4085b-afd7-48f6-8111-92781cff4c80	6	170572042	170741917	22	0.1208
cff4085b-afd7-48f6-8111-92781cff4c80	7	43355	155066	91	0.424
cff4085b-afd7-48f6-8111-92781cff4c80	7	155090	162145	12	-0.2694
cff4085b-afd7-48f6-8111-92781cff4c80	7	163185	978593	136	0.6625
cff4085b-afd7-48f6-8111-92781cff4c80	7	994826	1192042	114	0.4881
cff4085b-afd7-48f6-8111-92781cff4c80	7	1198303	5868042	2695	0.6853
cff4085b-afd7-48f6-8111-92781cff4c80	7	5871660	5999449	29	0.2441
cff4085b-afd7-48f6-8111-92781cff4c80	7	5999498	6791305	338	0.6912
cff4085b-afd7-48f6-8111-92781cff4c80	7	6797375	6799093	3	-1.1392
cff4085b-afd7-48f6-8111-92781cff4c80	7	6814479	8392428	1297	0.6216
cff4085b-afd7-48f6-8111-92781cff4c80	7	8392569	9065942	634	0.7162
cff4085b-afd7-48f6-8111-92781cff4c80	7	9074105	9074768	4	-0.0735
cff4085b-afd7-48f6-8111-92781cff4c80	7	9077787	9163481	71	0.8007
cff4085b-afd7-48f6-8111-92781cff4c80	7	9167438	9592975	319	0.6266
cff4085b-afd7-48f6-8111-92781cff4c80	7	9596996	9599714	4	-0.2089
cff4085b-afd7-48f6-8111-92781cff4c80	7	9601163	12974700	2675	0.6578
cff4085b-afd7-48f6-8111-92781cff4c80	7	12982484	12988660	4	-0.3943
cff4085b-afd7-48f6-8111-92781cff4c80	7	12989332	38304355	19015	0.6521
cff4085b-afd7-48f6-8111-92781cff4c80	7	38304547	38347211	45	0.997
cff4085b-afd7-48f6-8111-92781cff4c80	7	38347842	38361356	6	0.3221
cff4085b-afd7-48f6-8111-92781cff4c80	7	38362895	38677871	271	0.8854
cff4085b-afd7-48f6-8111-92781cff4c80	7	38677938	54118474	10569	0.6515
cff4085b-afd7-48f6-8111-92781cff4c80	7	54118521	54118569	2	-0.7509
cff4085b-afd7-48f6-8111-92781cff4c80	7	54118781	54305455	149	0.6346
cff4085b-afd7-48f6-8111-92781cff4c80	7	54318812	54318824	6	-1.1713
cff4085b-afd7-48f6-8111-92781cff4c80	7	54325795	54476555	101	0.5363
cff4085b-afd7-48f6-8111-92781cff4c80	7	54482985	57822636	1923	0.6438
cff4085b-afd7-48f6-8111-92781cff4c80	7	57847011	62701896	109	0.4403
cff4085b-afd7-48f6-8111-92781cff4c80	7	62720732	63232865	186	0.7212
cff4085b-afd7-48f6-8111-92781cff4c80	7	63234745	64783751	555	0.4985
cff4085b-afd7-48f6-8111-92781cff4c80	7	64796104	97777749	18981	0.0885
cff4085b-afd7-48f6-8111-92781cff4c80	7	97788295	97788298	2	-2.1266
cff4085b-afd7-48f6-8111-92781cff4c80	7	97791337	98232674	210	0.1426
cff4085b-afd7-48f6-8111-92781cff4c80	7	98237215	98376150	60	-0.1276
cff4085b-afd7-48f6-8111-92781cff4c80	7	98376226	109800866	6334	0.0913
cff4085b-afd7-48f6-8111-92781cff4c80	7	109801155	109813801	11	-0.742
cff4085b-afd7-48f6-8111-92781cff4c80	7	109813853	120662233	6478	0.0817
cff4085b-afd7-48f6-8111-92781cff4c80	7	120664313	120672705	7	-1.3703
cff4085b-afd7-48f6-8111-92781cff4c80	7	120675165	134100424	8250	0.0911
cff4085b-afd7-48f6-8111-92781cff4c80	7	134100442	134110881	24	0.6814
cff4085b-afd7-48f6-8111-92781cff4c80	7	134110912	159111293	15938	0.0962
cff4085b-afd7-48f6-8111-92781cff4c80	7	159113996	159334314	147	-0.1076
cff4085b-afd7-48f6-8111-92781cff4c80	8	81254	2891346	2095	0.1506
cff4085b-afd7-48f6-8111-92781cff4c80	8	2892679	3692390	893	-0.7
cff4085b-afd7-48f6-8111-92781cff4c80	8	3692414	3695738	3	-2.8639
cff4085b-afd7-48f6-8111-92781cff4c80	8	3695813	7128719	4673	-0.6981
cff4085b-afd7-48f6-8111-92781cff4c80	8	7130946	7473830	49	-0.1698
cff4085b-afd7-48f6-8111-92781cff4c80	8	7477487	12177488	3245	-0.7181
cff4085b-afd7-48f6-8111-92781cff4c80	8	12323772	12382326	12	-1.8171
cff4085b-afd7-48f6-8111-92781cff4c80	8	12382653	15922354	3126	-0.6551
cff4085b-afd7-48f6-8111-92781cff4c80	8	15926898	15927373	2	-7.5064
cff4085b-afd7-48f6-8111-92781cff4c80	8	15927684	26195499	8126	-0.6933
cff4085b-afd7-48f6-8111-92781cff4c80	8	26200455	26373819	101	-0.1159
cff4085b-afd7-48f6-8111-92781cff4c80	8	26392780	36553130	6501	-0.6867
cff4085b-afd7-48f6-8111-92781cff4c80	8	36557049	39142595	1411	0.067
cff4085b-afd7-48f6-8111-92781cff4c80	8	39145234	39373140	111	-0.6445
cff4085b-afd7-48f6-8111-92781cff4c80	8	39378084	39537590	65	0.2553
cff4085b-afd7-48f6-8111-92781cff4c80	8	39538338	41610308	1471	-0.6798
cff4085b-afd7-48f6-8111-92781cff4c80	8	41611665	42332201	533	0.1489
cff4085b-afd7-48f6-8111-92781cff4c80	8	42332260	42336024	3	1.197
cff4085b-afd7-48f6-8111-92781cff4c80	8	42341917	43931659	561	0.117
cff4085b-afd7-48f6-8111-92781cff4c80	8	45951913	46278999	87	1.2303
cff4085b-afd7-48f6-8111-92781cff4c80	8	46284404	46758444	165	0.6337
cff4085b-afd7-48f6-8111-92781cff4c80	8	46761995	47676976	387	0.7364
cff4085b-afd7-48f6-8111-92781cff4c80	8	47680703	48537988	409	0.6222
cff4085b-afd7-48f6-8111-92781cff4c80	8	48538415	48645564	62	0.5729
cff4085b-afd7-48f6-8111-92781cff4c80	8	48646040	48648597	2	-0.5208
cff4085b-afd7-48f6-8111-92781cff4c80	8	48648917	50118212	883	0.5797
cff4085b-afd7-48f6-8111-92781cff4c80	8	50119451	50120863	9	-0.4161
cff4085b-afd7-48f6-8111-92781cff4c80	8	50126018	63936079	9059	0.5864
cff4085b-afd7-48f6-8111-92781cff4c80	8	63936340	63936561	6	1.4421
cff4085b-afd7-48f6-8111-92781cff4c80	8	63936953	64187550	137	0.5813
cff4085b-afd7-48f6-8111-92781cff4c80	8	64188327	64304035	57	1.0308
cff4085b-afd7-48f6-8111-92781cff4c80	8	64304297	88716353	14375	0.5801
cff4085b-afd7-48f6-8111-92781cff4c80	8	88723417	88734139	2	-0.8348
cff4085b-afd7-48f6-8111-92781cff4c80	8	88734930	90032053	863	0.584
cff4085b-afd7-48f6-8111-92781cff4c80	8	90034345	93211884	1812	0.5485
cff4085b-afd7-48f6-8111-92781cff4c80	8	93212843	94547604	848	0.6021
cff4085b-afd7-48f6-8111-92781cff4c80	8	94547824	94564122	13	0.1387
cff4085b-afd7-48f6-8111-92781cff4c80	8	94566121	99020113	2849	0.596
cff4085b-afd7-48f6-8111-92781cff4c80	8	99020127	99754654	355	0.4702
cff4085b-afd7-48f6-8111-92781cff4c80	8	99755370	112741021	7828	0.5846
cff4085b-afd7-48f6-8111-92781cff4c80	8	112741588	143222462	21501	0.654
cff4085b-afd7-48f6-8111-92781cff4c80	8	143227585	143228447	10	-0.4432
cff4085b-afd7-48f6-8111-92781cff4c80	8	143232207	144225106	300	0.7153
cff4085b-afd7-48f6-8111-92781cff4c80	8	144226405	145072769	331	0.5666
cff4085b-afd7-48f6-8111-92781cff4c80	9	46587	5079156	5242	-0.1089
cff4085b-afd7-48f6-8111-92781cff4c80	9	5081416	5081953	10	0.5269
cff4085b-afd7-48f6-8111-92781cff4c80	9	5082995	11366989	5505	-0.0951
cff4085b-afd7-48f6-8111-92781cff4c80	9	11368964	12617397	984	-0.0094
cff4085b-afd7-48f6-8111-92781cff4c80	9	12617803	18930143	5398	-0.1047
cff4085b-afd7-48f6-8111-92781cff4c80	9	18930224	19052722	120	0.111
cff4085b-afd7-48f6-8111-92781cff4c80	9	19052925	21906985	2187	-0.1041
cff4085b-afd7-48f6-8111-92781cff4c80	9	21907787	22064466	119	0.5862
cff4085b-afd7-48f6-8111-92781cff4c80	9	22065951	22492890	269	-0.1291
cff4085b-afd7-48f6-8111-92781cff4c80	9	22501914	22502700	2	-3.3789
cff4085b-afd7-48f6-8111-92781cff4c80	9	22509341	23361807	580	-0.0952
cff4085b-afd7-48f6-8111-92781cff4c80	9	23363117	23373486	8	0.6199
cff4085b-afd7-48f6-8111-92781cff4c80	9	23378490	29091099	4334	-0.0932
cff4085b-afd7-48f6-8111-92781cff4c80	9	29094551	29097682	3	-1.6869
cff4085b-afd7-48f6-8111-92781cff4c80	9	29101434	34040567	3441	-0.0921
cff4085b-afd7-48f6-8111-92781cff4c80	9	34040776	34040799	2	-1.7803
cff4085b-afd7-48f6-8111-92781cff4c80	9	34040884	39242280	2924	-0.0924
cff4085b-afd7-48f6-8111-92781cff4c80	9	39249764	39481818	18	-0.5142
cff4085b-afd7-48f6-8111-92781cff4c80	9	39481840	39833357	19	-0.0105
cff4085b-afd7-48f6-8111-92781cff4c80	9	39840169	40099921	4	1.5348
cff4085b-afd7-48f6-8111-92781cff4c80	9	40189830	42014203	98	-0.0038
cff4085b-afd7-48f6-8111-92781cff4c80	9	42037471	42202227	21	-1.9321
cff4085b-afd7-48f6-8111-92781cff4c80	9	42211663	42726239	29	-0.5504
cff4085b-afd7-48f6-8111-92781cff4c80	9	42727685	61629689	70	0.2319
cff4085b-afd7-48f6-8111-92781cff4c80	9	61633080	63353895	31	-0.2086
cff4085b-afd7-48f6-8111-92781cff4c80	9	63405715	64493528	66	0.1563
cff4085b-afd7-48f6-8111-92781cff4c80	9	64495298	67042427	50	-0.185
cff4085b-afd7-48f6-8111-92781cff4c80	9	67073081	68965291	528	-0.4375
cff4085b-afd7-48f6-8111-92781cff4c80	9	68966891	68968169	4	-1.7698
cff4085b-afd7-48f6-8111-92781cff4c80	9	68968182	73322066	3158	-0.4258
cff4085b-afd7-48f6-8111-92781cff4c80	9	73335763	74218561	528	-0.1867
cff4085b-afd7-48f6-8111-92781cff4c80	9	74218795	74775497	379	-0.4488
cff4085b-afd7-48f6-8111-92781cff4c80	9	74776144	79752486	3721	-0.0755
cff4085b-afd7-48f6-8111-92781cff4c80	9	79753977	81254415	1190	0.0145
cff4085b-afd7-48f6-8111-92781cff4c80	9	81254500	81292479	34	-0.2195
cff4085b-afd7-48f6-8111-92781cff4c80	9	81293231	90818032	6681	-0.0952
cff4085b-afd7-48f6-8111-92781cff4c80	9	90819562	90868163	62	-0.2942
cff4085b-afd7-48f6-8111-92781cff4c80	9	90868271	90894703	31	0.329
cff4085b-afd7-48f6-8111-92781cff4c80	9	90895348	90949364	62	-0.1673
cff4085b-afd7-48f6-8111-92781cff4c80	9	90949551	91532432	451	0.0693
cff4085b-afd7-48f6-8111-92781cff4c80	9	91533250	92025965	350	0.1674
cff4085b-afd7-48f6-8111-92781cff4c80	9	92028802	92376282	188	0.106
cff4085b-afd7-48f6-8111-92781cff4c80	9	92384073	92598089	93	-0.3501
cff4085b-afd7-48f6-8111-92781cff4c80	9	92598482	94674886	1192	0.1054
cff4085b-afd7-48f6-8111-92781cff4c80	9	94676673	95211146	349	-0.101
cff4085b-afd7-48f6-8111-92781cff4c80	9	95211888	96124809	790	0.0793
cff4085b-afd7-48f6-8111-92781cff4c80	9	96126346	111570485	11152	0.1254
cff4085b-afd7-48f6-8111-92781cff4c80	9	111570854	111571024	2	-1.2149
cff4085b-afd7-48f6-8111-92781cff4c80	9	111576361	115219778	2610	0.1284
cff4085b-afd7-48f6-8111-92781cff4c80	9	115219960	135262424	13213	0.1035
cff4085b-afd7-48f6-8111-92781cff4c80	9	135262532	135419715	115	-0.1298
cff4085b-afd7-48f6-8111-92781cff4c80	9	135420175	138044300	917	0.1188
cff4085b-afd7-48f6-8111-92781cff4c80	9	138044505	138177075	112	-0.1241
cff4085b-afd7-48f6-8111-92781cff4c80	9	138177488	138200944	6	0.6732
cff4085b-afd7-48f6-8111-92781cff4c80	10	45792	835271	461	-0.4373
cff4085b-afd7-48f6-8111-92781cff4c80	10	840969	1033718	98	0.1425
cff4085b-afd7-48f6-8111-92781cff4c80	10	1034850	4970882	3726	-0.3755
cff4085b-afd7-48f6-8111-92781cff4c80	10	4971324	5087993	70	-0.6677
cff4085b-afd7-48f6-8111-92781cff4c80	10	5088591	5746441	497	-0.3816
cff4085b-afd7-48f6-8111-92781cff4c80	10	5746645	24083828	14282	-0.3266
cff4085b-afd7-48f6-8111-92781cff4c80	10	24086334	24091731	17	0.2427
cff4085b-afd7-48f6-8111-92781cff4c80	10	24091754	26934974	1976	-0.3139
cff4085b-afd7-48f6-8111-92781cff4c80	10	26936975	31547016	3426	0.0128
cff4085b-afd7-48f6-8111-92781cff4c80	10	31550869	36412441	3246	0.2732
cff4085b-afd7-48f6-8111-92781cff4c80	10	36413642	36413712	2	-1.5308
cff4085b-afd7-48f6-8111-92781cff4c80	10	36414848	41715085	1197	0.2793
cff4085b-afd7-48f6-8111-92781cff4c80	10	41716748	57335528	9696	0.0027
cff4085b-afd7-48f6-8111-92781cff4c80	10	57335571	57337873	13	-0.6987
cff4085b-afd7-48f6-8111-92781cff4c80	10	57337889	59167378	1308	0
cff4085b-afd7-48f6-8111-92781cff4c80	10	59169417	59169705	2	-2.1491
cff4085b-afd7-48f6-8111-92781cff4c80	10	59170158	65546518	4332	-0.0024
cff4085b-afd7-48f6-8111-92781cff4c80	10	65548165	65554688	28	-2.2018
cff4085b-afd7-48f6-8111-92781cff4c80	10	65563037	108947590	28404	-0.0011
cff4085b-afd7-48f6-8111-92781cff4c80	10	108948002	109445506	336	0.203
cff4085b-afd7-48f6-8111-92781cff4c80	10	109446778	130472507	15443	0.0092
cff4085b-afd7-48f6-8111-92781cff4c80	10	130472578	131835550	1161	-0.0683
cff4085b-afd7-48f6-8111-92781cff4c80	10	131835681	133612895	825	0.0019
cff4085b-afd7-48f6-8111-92781cff4c80	10	133613384	133654968	10	-0.7009
cff4085b-afd7-48f6-8111-92781cff4c80	11	198510	427771	93	-0.1019
cff4085b-afd7-48f6-8111-92781cff4c80	11	427848	1660062	428	0.1202
cff4085b-afd7-48f6-8111-92781cff4c80	11	1662334	1870675	68	-0.105
cff4085b-afd7-48f6-8111-92781cff4c80	11	1878795	4950928	1833	0.0962
cff4085b-afd7-48f6-8111-92781cff4c80	11	4951865	4955042	21	-0.2946
cff4085b-afd7-48f6-8111-92781cff4c80	11	4955781	5766175	784	0.0621
cff4085b-afd7-48f6-8111-92781cff4c80	11	5766850	5788108	33	0.4922
cff4085b-afd7-48f6-8111-92781cff4c80	11	5788231	9006547	2343	0.0901
cff4085b-afd7-48f6-8111-92781cff4c80	11	9008153	9020784	9	-0.7321
cff4085b-afd7-48f6-8111-92781cff4c80	11	9021022	18919323	7051	0.083
cff4085b-afd7-48f6-8111-92781cff4c80	11	18927525	18949158	48	-0.2189
cff4085b-afd7-48f6-8111-92781cff4c80	11	18949201	24420628	4364	0.0948
cff4085b-afd7-48f6-8111-92781cff4c80	11	24422703	24428711	6	-1.0301
cff4085b-afd7-48f6-8111-92781cff4c80	11	24433630	36856190	8862	0.0965
cff4085b-afd7-48f6-8111-92781cff4c80	11	36856238	36968118	86	0.002
cff4085b-afd7-48f6-8111-92781cff4c80	11	36970498	36972196	2	-2.3667
cff4085b-afd7-48f6-8111-92781cff4c80	11	36972840	43433532	4308	0.004
cff4085b-afd7-48f6-8111-92781cff4c80	11	43435397	46505731	2053	0.1178
cff4085b-afd7-48f6-8111-92781cff4c80	11	46514251	46691219	74	0.3724
cff4085b-afd7-48f6-8111-92781cff4c80	11	46695721	54990815	1764	0.1428
cff4085b-afd7-48f6-8111-92781cff4c80	11	55006417	55608804	241	-0.0666
cff4085b-afd7-48f6-8111-92781cff4c80	11	55609022	55679989	48	0.5617
cff4085b-afd7-48f6-8111-92781cff4c80	11	55685058	55831946	108	0.0013
cff4085b-afd7-48f6-8111-92781cff4c80	11	55832279	55832581	2	0.6024
cff4085b-afd7-48f6-8111-92781cff4c80	11	55835699	74313212	9417	-0.1123
cff4085b-afd7-48f6-8111-92781cff4c80	11	74314244	74315183	2	-2.94
cff4085b-afd7-48f6-8111-92781cff4c80	11	74318485	89741663	10309	-0.0984
cff4085b-afd7-48f6-8111-92781cff4c80	11	89754781	89796439	5	-1.3054
cff4085b-afd7-48f6-8111-92781cff4c80	11	89802300	95451191	3849	-0.0966
cff4085b-afd7-48f6-8111-92781cff4c80	11	95452865	95452936	2	-2.3735
cff4085b-afd7-48f6-8111-92781cff4c80	11	95453143	107359993	8638	-0.0968
cff4085b-afd7-48f6-8111-92781cff4c80	11	107367930	107368402	7	-1.5147
cff4085b-afd7-48f6-8111-92781cff4c80	11	107381636	134356384	19317	-0.0972
cff4085b-afd7-48f6-8111-92781cff4c80	11	134358099	135074876	582	-0.2511
cff4085b-afd7-48f6-8111-92781cff4c80	12	51460	209541	85	-0.7434
cff4085b-afd7-48f6-8111-92781cff4c80	12	212187	6046784	4374	-0.3929
cff4085b-afd7-48f6-8111-92781cff4c80	12	6047311	9021873	1458	-0.3296
cff4085b-afd7-48f6-8111-92781cff4c80	12	9022521	9477960	234	-0.4988
cff4085b-afd7-48f6-8111-92781cff4c80	12	9481274	9575696	24	0.6421
cff4085b-afd7-48f6-8111-92781cff4c80	12	9582373	11351157	1176	-0.3724
cff4085b-afd7-48f6-8111-92781cff4c80	12	11358643	11390472	30	-1.9842
cff4085b-afd7-48f6-8111-92781cff4c80	12	11399258	19600579	5558	-0.3723
cff4085b-afd7-48f6-8111-92781cff4c80	12	19605531	20254205	494	0.8644
cff4085b-afd7-48f6-8111-92781cff4c80	12	20254668	27236297	4943	0.4103
cff4085b-afd7-48f6-8111-92781cff4c80	12	27237668	29152866	1412	-0.3638
cff4085b-afd7-48f6-8111-92781cff4c80	12	29154745	29334045	122	-0.1025
cff4085b-afd7-48f6-8111-92781cff4c80	12	29342004	32574668	2458	-0.3603
cff4085b-afd7-48f6-8111-92781cff4c80	12	32575185	33233822	440	0.1143
cff4085b-afd7-48f6-8111-92781cff4c80	12	33235894	33242207	4	-2.2173
cff4085b-afd7-48f6-8111-92781cff4c80	12	33242483	34577418	714	0.1261
cff4085b-afd7-48f6-8111-92781cff4c80	12	34581817	38981523	652	-0.2453
cff4085b-afd7-48f6-8111-92781cff4c80	12	38987658	39419011	253	-0.0393
cff4085b-afd7-48f6-8111-92781cff4c80	12	39421464	42020959	1814	-0.1854
cff4085b-afd7-48f6-8111-92781cff4c80	12	42023162	42490201	237	0.6003
cff4085b-afd7-48f6-8111-92781cff4c80	12	42492384	42738374	172	-0.0558
cff4085b-afd7-48f6-8111-92781cff4c80	12	42740376	44241711	951	-0.287
cff4085b-afd7-48f6-8111-92781cff4c80	12	44242595	44259892	13	-0.0618
cff4085b-afd7-48f6-8111-92781cff4c80	12	44261188	44306632	18	0.1145
cff4085b-afd7-48f6-8111-92781cff4c80	12	44306665	44312244	5	0.3997
cff4085b-afd7-48f6-8111-92781cff4c80	12	44317772	45505721	696	-0.2007
cff4085b-afd7-48f6-8111-92781cff4c80	12	45506042	45515754	5	0.6767
cff4085b-afd7-48f6-8111-92781cff4c80	12	45519509	47011405	851	-0.2064
cff4085b-afd7-48f6-8111-92781cff4c80	12	47012792	47189560	132	0.0325
cff4085b-afd7-48f6-8111-92781cff4c80	12	47189599	48868610	1020	-0.1745
cff4085b-afd7-48f6-8111-92781cff4c80	12	48873256	51202767	1059	-0.0445
cff4085b-afd7-48f6-8111-92781cff4c80	12	51207512	51331489	60	-0.3483
cff4085b-afd7-48f6-8111-92781cff4c80	12	51331751	51955343	348	-0.0491
cff4085b-afd7-48f6-8111-92781cff4c80	12	51958397	52307183	255	-0.1905
cff4085b-afd7-48f6-8111-92781cff4c80	12	52308849	52779329	484	-0.2954
cff4085b-afd7-48f6-8111-92781cff4c80	12	52779924	66268223	7903	-0.1821
cff4085b-afd7-48f6-8111-92781cff4c80	12	66268850	67192395	727	0.0611
cff4085b-afd7-48f6-8111-92781cff4c80	12	67193988	68755968	1144	-0.1888
cff4085b-afd7-48f6-8111-92781cff4c80	12	68760225	69107376	245	0.6785
cff4085b-afd7-48f6-8111-92781cff4c80	12	69112636	69685185	418	-0.1641
cff4085b-afd7-48f6-8111-92781cff4c80	12	69685736	69729080	37	0.6141
cff4085b-afd7-48f6-8111-92781cff4c80	12	69743007	70390913	402	0.0293
cff4085b-afd7-48f6-8111-92781cff4c80	12	70391266	70478078	61	0.2757
cff4085b-afd7-48f6-8111-92781cff4c80	12	70478895	70484247	9	-0.6494
cff4085b-afd7-48f6-8111-92781cff4c80	12	70485605	72003216	1034	0.25
cff4085b-afd7-48f6-8111-92781cff4c80	12	72007265	75273600	1926	0.0346
cff4085b-afd7-48f6-8111-92781cff4c80	12	75274614	79106971	2609	-0.1912
cff4085b-afd7-48f6-8111-92781cff4c80	12	79110846	79580883	274	0.0244
cff4085b-afd7-48f6-8111-92781cff4c80	12	79587444	79870485	134	0.1862
cff4085b-afd7-48f6-8111-92781cff4c80	12	79873056	80723146	545	0.0305
cff4085b-afd7-48f6-8111-92781cff4c80	12	80723394	88951712	4856	-0.1822
cff4085b-afd7-48f6-8111-92781cff4c80	12	88954526	90528410	977	0.0385
cff4085b-afd7-48f6-8111-92781cff4c80	12	90530634	92655056	1494	-0.1926
cff4085b-afd7-48f6-8111-92781cff4c80	12	92655913	92857177	108	0.0133
cff4085b-afd7-48f6-8111-92781cff4c80	12	92858715	97115305	2902	-0.1827
cff4085b-afd7-48f6-8111-92781cff4c80	12	97115367	99138697	1496	0.0583
cff4085b-afd7-48f6-8111-92781cff4c80	12	99140064	99398036	158	-0.1805
cff4085b-afd7-48f6-8111-92781cff4c80	12	99401515	99404956	31	-1.0421
cff4085b-afd7-48f6-8111-92781cff4c80	12	99409315	100360267	528	-0.1762
cff4085b-afd7-48f6-8111-92781cff4c80	12	100361324	105254722	3292	0.0564
cff4085b-afd7-48f6-8111-92781cff4c80	12	105255138	106383641	938	-0.2111
cff4085b-afd7-48f6-8111-92781cff4c80	12	106387358	106388226	5	-1.4161
cff4085b-afd7-48f6-8111-92781cff4c80	12	106392751	113457516	4165	-0.1794
cff4085b-afd7-48f6-8111-92781cff4c80	12	113458929	114075654	508	0.063
cff4085b-afd7-48f6-8111-92781cff4c80	12	114079313	116198572	1859	-0.2114
cff4085b-afd7-48f6-8111-92781cff4c80	12	116198671	116745742	351	0.0618
cff4085b-afd7-48f6-8111-92781cff4c80	12	116746679	117771012	792	-0.1811
cff4085b-afd7-48f6-8111-92781cff4c80	12	117771360	117819301	41	0.0869
cff4085b-afd7-48f6-8111-92781cff4c80	12	117820257	117827636	4	0.6309
cff4085b-afd7-48f6-8111-92781cff4c80	12	117828281	118205991	220	0.09
cff4085b-afd7-48f6-8111-92781cff4c80	12	118208625	121299285	1915	-0.1623
cff4085b-afd7-48f6-8111-92781cff4c80	12	121299779	128498347	4805	0.0514
cff4085b-afd7-48f6-8111-92781cff4c80	12	128499284	128574544	67	-0.1189
cff4085b-afd7-48f6-8111-92781cff4c80	12	128576084	133201603	3200	-0.2293
cff4085b-afd7-48f6-8111-92781cff4c80	13	18452809	19259935	354	0.1965
cff4085b-afd7-48f6-8111-92781cff4c80	13	19260109	19268392	7	-0.8401
cff4085b-afd7-48f6-8111-92781cff4c80	13	19268392	19347823	57	0.0764
cff4085b-afd7-48f6-8111-92781cff4c80	13	19348103	19351844	3	-1.2045
cff4085b-afd7-48f6-8111-92781cff4c80	13	19352405	20307116	484	0.1155
cff4085b-afd7-48f6-8111-92781cff4c80	13	20307704	22378199	1482	-0.1079
cff4085b-afd7-48f6-8111-92781cff4c80	13	22383065	22757153	279	0.2202
cff4085b-afd7-48f6-8111-92781cff4c80	13	22757318	23055048	189	0.0321
cff4085b-afd7-48f6-8111-92781cff4c80	13	23055071	23059376	13	-0.5306
cff4085b-afd7-48f6-8111-92781cff4c80	13	23064056	23956400	677	0.0849
cff4085b-afd7-48f6-8111-92781cff4c80	13	23956588	24031661	64	0.2109
cff4085b-afd7-48f6-8111-92781cff4c80	13	24039867	29455681	4073	-0.1151
cff4085b-afd7-48f6-8111-92781cff4c80	13	29457425	29459091	2	-1.9019
cff4085b-afd7-48f6-8111-92781cff4c80	13	29462056	37501828	5790	-0.1258
cff4085b-afd7-48f6-8111-92781cff4c80	13	37502130	37514250	15	-0.6669
cff4085b-afd7-48f6-8111-92781cff4c80	13	37514472	54094377	10867	-0.1176
cff4085b-afd7-48f6-8111-92781cff4c80	13	54097673	54104454	8	-0.9115
cff4085b-afd7-48f6-8111-92781cff4c80	13	54105373	105839098	33730	-0.1104
cff4085b-afd7-48f6-8111-92781cff4c80	13	105839387	114342922	5993	-0.4087
cff4085b-afd7-48f6-8111-92781cff4c80	14	18239283	19650668	60	0.4335
cff4085b-afd7-48f6-8111-92781cff4c80	14	19667065	19955213	107	0.7483
cff4085b-afd7-48f6-8111-92781cff4c80	14	19956767	20354336	269	0.9417
cff4085b-afd7-48f6-8111-92781cff4c80	14	20354936	20437356	78	0.738
cff4085b-afd7-48f6-8111-92781cff4c80	14	20442249	24867015	2940	0.4421
cff4085b-afd7-48f6-8111-92781cff4c80	14	24867830	25525546	471	0.6476
cff4085b-afd7-48f6-8111-92781cff4c80	14	25526028	26314697	583	0.8155
cff4085b-afd7-48f6-8111-92781cff4c80	14	26314707	26314712	6	-0.8476
cff4085b-afd7-48f6-8111-92781cff4c80	14	26315707	26510663	108	0.8486
cff4085b-afd7-48f6-8111-92781cff4c80	14	26511556	26686356	99	1.0356
cff4085b-afd7-48f6-8111-92781cff4c80	14	26687550	28524117	1053	0.8367
cff4085b-afd7-48f6-8111-92781cff4c80	14	28524380	29051914	308	0.5959
cff4085b-afd7-48f6-8111-92781cff4c80	14	29052047	32394313	1887	0.9433
cff4085b-afd7-48f6-8111-92781cff4c80	14	32394520	33779106	1250	1.0253
cff4085b-afd7-48f6-8111-92781cff4c80	14	33779331	34957568	718	0.9534
cff4085b-afd7-48f6-8111-92781cff4c80	14	34959789	34960540	3	-0.3718
cff4085b-afd7-48f6-8111-92781cff4c80	14	34965212	37567944	1645	0.931
cff4085b-afd7-48f6-8111-92781cff4c80	14	37576057	40139724	1463	0.8328
cff4085b-afd7-48f6-8111-92781cff4c80	14	40144718	40147715	2	2.4341
cff4085b-afd7-48f6-8111-92781cff4c80	14	40148961	40499672	254	0.8329
cff4085b-afd7-48f6-8111-92781cff4c80	14	40502590	42425563	1277	0.7299
cff4085b-afd7-48f6-8111-92781cff4c80	14	42430871	42563717	82	0.4021
cff4085b-afd7-48f6-8111-92781cff4c80	14	42564022	56815486	9030	0.1824
cff4085b-afd7-48f6-8111-92781cff4c80	14	56824734	57385085	345	0.6432
cff4085b-afd7-48f6-8111-92781cff4c80	14	57385353	57985488	449	0.4941
cff4085b-afd7-48f6-8111-92781cff4c80	14	57989040	58980477	579	0.3662
cff4085b-afd7-48f6-8111-92781cff4c80	14	58984768	60501170	918	0.1599
cff4085b-afd7-48f6-8111-92781cff4c80	14	60505108	61184898	321	0.3032
cff4085b-afd7-48f6-8111-92781cff4c80	14	61185609	61416105	148	0.1512
cff4085b-afd7-48f6-8111-92781cff4c80	14	61416737	61416769	2	-1.5912
cff4085b-afd7-48f6-8111-92781cff4c80	14	61418722	72545776	7199	0.1577
cff4085b-afd7-48f6-8111-92781cff4c80	14	72546804	73534419	588	0.204
cff4085b-afd7-48f6-8111-92781cff4c80	14	73540003	73563196	9	0.7815
cff4085b-afd7-48f6-8111-92781cff4c80	14	73563211	78991301	3590	0.1956
cff4085b-afd7-48f6-8111-92781cff4c80	14	78991654	82302146	2146	0.1628
cff4085b-afd7-48f6-8111-92781cff4c80	14	82304492	83989211	1191	0.3221
cff4085b-afd7-48f6-8111-92781cff4c80	14	83989783	85818410	1235	0.1472
cff4085b-afd7-48f6-8111-92781cff4c80	14	85819968	85845829	15	-1.0976
cff4085b-afd7-48f6-8111-92781cff4c80	14	85849791	87044761	789	0.174
cff4085b-afd7-48f6-8111-92781cff4c80	14	87045380	87756243	420	0.3218
cff4085b-afd7-48f6-8111-92781cff4c80	14	87760584	89815194	1394	0.5006
cff4085b-afd7-48f6-8111-92781cff4c80	14	89817013	91553439	1016	0.396
cff4085b-afd7-48f6-8111-92781cff4c80	14	91553453	92654374	758	0.2431
cff4085b-afd7-48f6-8111-92781cff4c80	14	92655424	92860800	132	0.406
cff4085b-afd7-48f6-8111-92781cff4c80	14	92861276	93015458	90	0.4911
cff4085b-afd7-48f6-8111-92781cff4c80	14	93015866	93220874	115	0.7121
cff4085b-afd7-48f6-8111-92781cff4c80	14	93220912	93767054	250	0.3472
cff4085b-afd7-48f6-8111-92781cff4c80	14	93769977	94607005	732	0.2348
cff4085b-afd7-48f6-8111-92781cff4c80	14	94607094	95787193	969	0.3596
cff4085b-afd7-48f6-8111-92781cff4c80	14	95787472	105541843	5799	0.1804
cff4085b-afd7-48f6-8111-92781cff4c80	14	105542308	105994511	116	0.0115
cff4085b-afd7-48f6-8111-92781cff4c80	14	105994805	106258891	81	0.1731
cff4085b-afd7-48f6-8111-92781cff4c80	14	106260759	106266923	7	0.8383
cff4085b-afd7-48f6-8111-92781cff4c80	14	106271566	106321086	27	0.1572
cff4085b-afd7-48f6-8111-92781cff4c80	14	106340102	106360014	8	-0.5068
cff4085b-afd7-48f6-8111-92781cff4c80	14	106362628	106418444	30	0.1371
cff4085b-afd7-48f6-8111-92781cff4c80	14	106423925	106462144	46	-0.317
cff4085b-afd7-48f6-8111-92781cff4c80	14	106462169	106877229	197	0.076
cff4085b-afd7-48f6-8111-92781cff4c80	15	19811075	22576496	212	-0.1873
cff4085b-afd7-48f6-8111-92781cff4c80	15	22582296	23199669	309	0.3448
cff4085b-afd7-48f6-8111-92781cff4c80	15	23396367	24131550	549	-0.3178
cff4085b-afd7-48f6-8111-92781cff4c80	15	24137883	24189385	30	0.4569
cff4085b-afd7-48f6-8111-92781cff4c80	15	24197072	27226035	2143	-0.3735
cff4085b-afd7-48f6-8111-92781cff4c80	15	27227543	27474561	153	0.3172
cff4085b-afd7-48f6-8111-92781cff4c80	15	27479357	40886539	8456	-0.3721
cff4085b-afd7-48f6-8111-92781cff4c80	15	40891243	41036455	71	0.2893
cff4085b-afd7-48f6-8111-92781cff4c80	15	41045289	41406923	131	-0.2874
cff4085b-afd7-48f6-8111-92781cff4c80	15	41409680	41680194	116	0.1609
cff4085b-afd7-48f6-8111-92781cff4c80	15	41681080	41725105	22	-0.084
cff4085b-afd7-48f6-8111-92781cff4c80	15	41729516	44779884	1438	-0.3742
cff4085b-afd7-48f6-8111-92781cff4c80	15	44787147	44787169	2	-2.2512
cff4085b-afd7-48f6-8111-92781cff4c80	15	44788225	53492691	5451	-0.3741
cff4085b-afd7-48f6-8111-92781cff4c80	15	53492794	53493082	6	-1.8365
cff4085b-afd7-48f6-8111-92781cff4c80	15	53498050	76598900	14759	-0.3792
cff4085b-afd7-48f6-8111-92781cff4c80	15	76599170	76599884	10	-2.3603
cff4085b-afd7-48f6-8111-92781cff4c80	15	76602723	84390833	4599	-0.3765
cff4085b-afd7-48f6-8111-92781cff4c80	15	84397936	99942106	11397	-0.6847
cff4085b-afd7-48f6-8111-92781cff4c80	15	99943269	101636508	1378	-0.7747
cff4085b-afd7-48f6-8111-92781cff4c80	15	101636921	101864933	135	-0.6559
cff4085b-afd7-48f6-8111-92781cff4c80	15	101880399	101928837	12	0.0863
cff4085b-afd7-48f6-8111-92781cff4c80	16	10777	191309	105	-0.0286
cff4085b-afd7-48f6-8111-92781cff4c80	16	199719	260381	28	-0.2126
cff4085b-afd7-48f6-8111-92781cff4c80	16	261854	262636	2	-2.6086
cff4085b-afd7-48f6-8111-92781cff4c80	16	263271	10531686	7764	-0.3478
cff4085b-afd7-48f6-8111-92781cff4c80	16	10532265	11327984	614	-0.6222
cff4085b-afd7-48f6-8111-92781cff4c80	16	11333115	11464901	99	-0.0461
cff4085b-afd7-48f6-8111-92781cff4c80	16	11466902	11662761	116	-0.7392
cff4085b-afd7-48f6-8111-92781cff4c80	16	11663235	11676448	8	-2.4468
cff4085b-afd7-48f6-8111-92781cff4c80	16	11679887	16922743	3108	-0.6441
cff4085b-afd7-48f6-8111-92781cff4c80	16	16923564	17601280	506	-0.7758
cff4085b-afd7-48f6-8111-92781cff4c80	16	17602288	18730788	378	-0.3557
cff4085b-afd7-48f6-8111-92781cff4c80	16	18731740	26182712	4424	-0.6253
cff4085b-afd7-48f6-8111-92781cff4c80	16	26186873	29651851	1878	0.834
cff4085b-afd7-48f6-8111-92781cff4c80	16	29652938	32016985	840	0.2912
cff4085b-afd7-48f6-8111-92781cff4c80	16	32022253	35127038	131	0.1554
cff4085b-afd7-48f6-8111-92781cff4c80	16	35127773	35396256	162	-0.0724
cff4085b-afd7-48f6-8111-92781cff4c80	16	35396295	36048855	211	0.1046
cff4085b-afd7-48f6-8111-92781cff4c80	16	46441986	50426203	2267	0.4326
cff4085b-afd7-48f6-8111-92781cff4c80	16	50426563	55761136	4196	0.3897
cff4085b-afd7-48f6-8111-92781cff4c80	16	55762477	55808442	23	-0.6762
cff4085b-afd7-48f6-8111-92781cff4c80	16	55808470	55824881	12	0.8238
cff4085b-afd7-48f6-8111-92781cff4c80	16	55834527	56768246	594	0.3992
cff4085b-afd7-48f6-8111-92781cff4c80	16	56774700	58847365	1236	0.453
cff4085b-afd7-48f6-8111-92781cff4c80	16	58847605	62426565	2299	0.3857
cff4085b-afd7-48f6-8111-92781cff4c80	16	62428926	70105639	4608	0.0929
cff4085b-afd7-48f6-8111-92781cff4c80	16	70117657	70163864	12	0.9895
cff4085b-afd7-48f6-8111-92781cff4c80	16	70164427	74350360	2299	0.0908
cff4085b-afd7-48f6-8111-92781cff4c80	16	74363160	74418138	8	0.827
cff4085b-afd7-48f6-8111-92781cff4c80	16	74422703	78339867	3207	0.0892
cff4085b-afd7-48f6-8111-92781cff4c80	16	78339920	78350868	12	-0.4412
cff4085b-afd7-48f6-8111-92781cff4c80	16	78351104	80217859	2297	0.075
cff4085b-afd7-48f6-8111-92781cff4c80	16	80218562	80219179	5	-1.2628
cff4085b-afd7-48f6-8111-92781cff4c80	16	80219577	84186726	4171	0.0882
cff4085b-afd7-48f6-8111-92781cff4c80	16	84186738	84875354	660	-0.0011
cff4085b-afd7-48f6-8111-92781cff4c80	16	84876056	85891963	665	0.1186
cff4085b-afd7-48f6-8111-92781cff4c80	16	85893473	85959352	75	-0.1295
cff4085b-afd7-48f6-8111-92781cff4c80	16	85959528	86194359	265	0.0876
cff4085b-afd7-48f6-8111-92781cff4c80	16	86195423	86195440	2	-1.6002
cff4085b-afd7-48f6-8111-92781cff4c80	16	86200148	88070700	1633	0.0868
cff4085b-afd7-48f6-8111-92781cff4c80	16	88076816	88082953	8	-0.824
cff4085b-afd7-48f6-8111-92781cff4c80	16	88083409	88341547	101	0.0855
cff4085b-afd7-48f6-8111-92781cff4c80	16	88342835	88343034	3	-0.5719
cff4085b-afd7-48f6-8111-92781cff4c80	16	88349534	88561109	63	0.1195
cff4085b-afd7-48f6-8111-92781cff4c80	16	88563589	90096867	664	-0.039
cff4085b-afd7-48f6-8111-92781cff4c80	17	150733	373984	127	-0.4361
cff4085b-afd7-48f6-8111-92781cff4c80	17	376174	13252736	7978	-0.1255
cff4085b-afd7-48f6-8111-92781cff4c80	17	13252796	13253662	5	-1.1732
cff4085b-afd7-48f6-8111-92781cff4c80	17	13254223	14473680	992	-0.1565
cff4085b-afd7-48f6-8111-92781cff4c80	17	14474188	14474297	2	-1.8678
cff4085b-afd7-48f6-8111-92781cff4c80	17	14477365	18939993	2425	-0.1369
cff4085b-afd7-48f6-8111-92781cff4c80	17	18940868	18943212	3	-1.6217
cff4085b-afd7-48f6-8111-92781cff4c80	17	18944743	27098360	1418	-0.1253
cff4085b-afd7-48f6-8111-92781cff4c80	17	27099099	30418016	1557	-0.3336
cff4085b-afd7-48f6-8111-92781cff4c80	17	30419362	31496993	433	-0.1259
cff4085b-afd7-48f6-8111-92781cff4c80	17	31502604	33657483	1478	-0.3687
cff4085b-afd7-48f6-8111-92781cff4c80	17	33657693	34683539	949	-0.4634
cff4085b-afd7-48f6-8111-92781cff4c80	17	34684295	41265456	3409	-0.3598
cff4085b-afd7-48f6-8111-92781cff4c80	17	41266762	41274279	24	0.8214
cff4085b-afd7-48f6-8111-92781cff4c80	17	41276472	41439583	160	-0.3299
cff4085b-afd7-48f6-8111-92781cff4c80	17	41439623	41441269	2	-2.7221
cff4085b-afd7-48f6-8111-92781cff4c80	17	41441321	41660480	148	-0.4248
cff4085b-afd7-48f6-8111-92781cff4c80	17	41661019	45633124	1856	-0.3194
cff4085b-afd7-48f6-8111-92781cff4c80	17	45633670	46085732	324	-0.4559
cff4085b-afd7-48f6-8111-92781cff4c80	17	46088437	46276519	121	0.1115
cff4085b-afd7-48f6-8111-92781cff4c80	17	46284643	60132228	8271	-0.3394
cff4085b-afd7-48f6-8111-92781cff4c80	17	60133423	73820787	8516	-0.2375
cff4085b-afd7-48f6-8111-92781cff4c80	17	73829384	74684398	561	-0.3222
cff4085b-afd7-48f6-8111-92781cff4c80	17	74684915	75153410	217	-0.1463
cff4085b-afd7-48f6-8111-92781cff4c80	17	75159514	78599049	1832	0.0248
cff4085b-afd7-48f6-8111-92781cff4c80	17	78601218	78682858	78	-0.1934
cff4085b-afd7-48f6-8111-92781cff4c80	17	78685385	79119130	228	0.0414
cff4085b-afd7-48f6-8111-92781cff4c80	17	79119390	79119655	2	-3.296
cff4085b-afd7-48f6-8111-92781cff4c80	17	79121499	81416288	1200	-0.0072
cff4085b-afd7-48f6-8111-92781cff4c80	17	81418571	81418840	7	1.5255
cff4085b-afd7-48f6-8111-92781cff4c80	17	81418872	83091923	619	0.0293
cff4085b-afd7-48f6-8111-92781cff4c80	18	48133	136305	15	-0.6388
cff4085b-afd7-48f6-8111-92781cff4c80	18	136351	14980157	10269	-0.4048
cff4085b-afd7-48f6-8111-92781cff4c80	18	14980541	24649670	2138	-0.1608
cff4085b-afd7-48f6-8111-92781cff4c80	18	24650026	27625632	1960	-0.3475
cff4085b-afd7-48f6-8111-92781cff4c80	18	27625766	40677896	8317	-0.6358
cff4085b-afd7-48f6-8111-92781cff4c80	18	40677910	40685340	30	-0.1465
cff4085b-afd7-48f6-8111-92781cff4c80	18	40685361	42471713	1215	-0.6377
cff4085b-afd7-48f6-8111-92781cff4c80	18	42476604	42482352	29	-1.5409
cff4085b-afd7-48f6-8111-92781cff4c80	18	42485248	61757890	13175	-0.6821
cff4085b-afd7-48f6-8111-92781cff4c80	18	61768678	78900693	12743	0.1307
cff4085b-afd7-48f6-8111-92781cff4c80	18	78902714	78904863	5	-1.0973
cff4085b-afd7-48f6-8111-92781cff4c80	18	78906449	80035232	569	0.1213
cff4085b-afd7-48f6-8111-92781cff4c80	18	80035985	80257174	134	-0.0658
cff4085b-afd7-48f6-8111-92781cff4c80	19	90910	367089	73	-0.1629
cff4085b-afd7-48f6-8111-92781cff4c80	19	376382	388950	4	-1.6936
cff4085b-afd7-48f6-8111-92781cff4c80	19	389805	17528708	7494	-0.1031
cff4085b-afd7-48f6-8111-92781cff4c80	19	17529508	19001657	593	0.5934
cff4085b-afd7-48f6-8111-92781cff4c80	19	19003260	20819300	984	-0.1227
cff4085b-afd7-48f6-8111-92781cff4c80	19	20824912	20835751	10	0.6299
cff4085b-afd7-48f6-8111-92781cff4c80	19	20839885	20969561	62	-0.1331
cff4085b-afd7-48f6-8111-92781cff4c80	19	20970252	20970668	2	-1.7705
cff4085b-afd7-48f6-8111-92781cff4c80	19	20971362	23111058	1206	-0.1123
cff4085b-afd7-48f6-8111-92781cff4c80	19	23115473	23246898	63	0.4894
cff4085b-afd7-48f6-8111-92781cff4c80	19	23254404	23493908	147	-0.1057
cff4085b-afd7-48f6-8111-92781cff4c80	19	23498407	23807017	201	0.4969
cff4085b-afd7-48f6-8111-92781cff4c80	19	23812753	27375513	322	-0.0868
cff4085b-afd7-48f6-8111-92781cff4c80	19	27390278	30745189	2354	-0.363
cff4085b-afd7-48f6-8111-92781cff4c80	19	30746024	33699083	2056	0.3658
cff4085b-afd7-48f6-8111-92781cff4c80	19	33701470	33858456	113	-0.3839
cff4085b-afd7-48f6-8111-92781cff4c80	19	33861642	35735098	1226	0.3708
cff4085b-afd7-48f6-8111-92781cff4c80	19	35737637	36265950	228	-0.2866
cff4085b-afd7-48f6-8111-92781cff4c80	19	36267995	36315613	3	-1.4738
cff4085b-afd7-48f6-8111-92781cff4c80	19	36316398	37849175	775	-0.3445
cff4085b-afd7-48f6-8111-92781cff4c80	19	37850859	37855094	4	-1.6098
cff4085b-afd7-48f6-8111-92781cff4c80	19	37856699	39271386	728	-0.3453
cff4085b-afd7-48f6-8111-92781cff4c80	19	39277576	40360961	620	0.3822
cff4085b-afd7-48f6-8111-92781cff4c80	19	40363275	41046809	342	-0.3332
cff4085b-afd7-48f6-8111-92781cff4c80	19	41051826	41073187	18	0.4097
cff4085b-afd7-48f6-8111-92781cff4c80	19	41073412	44685199	1909	-0.3724
cff4085b-afd7-48f6-8111-92781cff4c80	19	44686891	45747128	397	0.4187
cff4085b-afd7-48f6-8111-92781cff4c80	19	45764195	45849056	30	-0.297
cff4085b-afd7-48f6-8111-92781cff4c80	19	45854020	46110046	123	0.3845
cff4085b-afd7-48f6-8111-92781cff4c80	19	46110799	46854618	341	-0.3137
cff4085b-afd7-48f6-8111-92781cff4c80	19	46864922	46918368	27	0.4025
cff4085b-afd7-48f6-8111-92781cff4c80	19	46932512	50495168	1585	-0.3395
cff4085b-afd7-48f6-8111-92781cff4c80	19	50505342	52052743	972	0.3436
cff4085b-afd7-48f6-8111-92781cff4c80	19	52056703	52418653	252	-0.4064
cff4085b-afd7-48f6-8111-92781cff4c80	19	52421926	53011074	409	0.2816
cff4085b-afd7-48f6-8111-92781cff4c80	19	53012070	53043602	22	0.7312
cff4085b-afd7-48f6-8111-92781cff4c80	19	53044108	53098396	43	0.2835
cff4085b-afd7-48f6-8111-92781cff4c80	19	53100699	54413443	814	-0.4084
cff4085b-afd7-48f6-8111-92781cff4c80	19	54426120	55771169	679	0.3482
cff4085b-afd7-48f6-8111-92781cff4c80	19	55771663	55771701	2	-2.3851
cff4085b-afd7-48f6-8111-92781cff4c80	19	55774927	56401667	464	0.3315
cff4085b-afd7-48f6-8111-92781cff4c80	19	56405777	58586487	1372	-0.4132
cff4085b-afd7-48f6-8111-92781cff4c80	20	80664	890901	632	-0.1516
cff4085b-afd7-48f6-8111-92781cff4c80	20	891823	891866	2	-2.1051
cff4085b-afd7-48f6-8111-92781cff4c80	20	891959	1571811	548	-0.163
cff4085b-afd7-48f6-8111-92781cff4c80	20	1576544	1580353	21	-1.2805
cff4085b-afd7-48f6-8111-92781cff4c80	20	1580934	1617460	43	0.9478
cff4085b-afd7-48f6-8111-92781cff4c80	20	1617690	26294198	18739	-0.1125
cff4085b-afd7-48f6-8111-92781cff4c80	20	26297680	32868433	828	0.15
cff4085b-afd7-48f6-8111-92781cff4c80	20	32871538	35781135	1425	-0.0907
cff4085b-afd7-48f6-8111-92781cff4c80	20	35782123	35993688	105	0.1182
cff4085b-afd7-48f6-8111-92781cff4c80	20	35994544	36753679	308	0.3264
cff4085b-afd7-48f6-8111-92781cff4c80	20	36756691	37958061	798	0.1133
cff4085b-afd7-48f6-8111-92781cff4c80	20	37963438	57986952	14664	-0.0998
cff4085b-afd7-48f6-8111-92781cff4c80	20	57987535	57987860	2	-2.1465
cff4085b-afd7-48f6-8111-92781cff4c80	20	57987960	60987482	2414	-0.1118
cff4085b-afd7-48f6-8111-92781cff4c80	20	60989035	60989756	2	-1.4303
cff4085b-afd7-48f6-8111-92781cff4c80	20	60990189	63591105	1480	-0.1151
cff4085b-afd7-48f6-8111-92781cff4c80	20	63591304	64324800	307	-0.2406
cff4085b-afd7-48f6-8111-92781cff4c80	21	10354168	10404522	8	-0.2373
cff4085b-afd7-48f6-8111-92781cff4c80	21	10420775	10568903	46	0.1466
cff4085b-afd7-48f6-8111-92781cff4c80	21	10569525	13310094	115	-0.2343
cff4085b-afd7-48f6-8111-92781cff4c80	21	13310282	18768270	3451	0.4069
cff4085b-afd7-48f6-8111-92781cff4c80	21	18770277	21558784	2120	0.5378
cff4085b-afd7-48f6-8111-92781cff4c80	21	21559659	25253663	2873	0.4329
cff4085b-afd7-48f6-8111-92781cff4c80	21	25253921	26024647	507	0.6955
cff4085b-afd7-48f6-8111-92781cff4c80	21	26025139	30740278	3548	0.6378
cff4085b-afd7-48f6-8111-92781cff4c80	21	30740591	32479879	1228	0.6856
cff4085b-afd7-48f6-8111-92781cff4c80	21	32481241	34099516	1042	0.5636
cff4085b-afd7-48f6-8111-92781cff4c80	21	34099579	34110135	32	0.4262
cff4085b-afd7-48f6-8111-92781cff4c80	21	34110337	34110480	6	-0.1261
cff4085b-afd7-48f6-8111-92781cff4c80	21	34110695	37767619	2537	0.5442
cff4085b-afd7-48f6-8111-92781cff4c80	21	37768426	40768123	2739	0.3935
cff4085b-afd7-48f6-8111-92781cff4c80	21	40768144	42134417	1181	0.5863
cff4085b-afd7-48f6-8111-92781cff4c80	21	42137549	42139672	2	1.8606
cff4085b-afd7-48f6-8111-92781cff4c80	21	42139792	45037277	1466	0.5685
cff4085b-afd7-48f6-8111-92781cff4c80	21	45038369	46523711	814	0.484
cff4085b-afd7-48f6-8111-92781cff4c80	21	46524054	46616150	98	0.2631
cff4085b-afd7-48f6-8111-92781cff4c80	21	46616324	46677045	48	0.4562
cff4085b-afd7-48f6-8111-92781cff4c80	22	15294547	15570064	12	-0.0028
cff4085b-afd7-48f6-8111-92781cff4c80	22	15583346	15755268	17	-0.6879
cff4085b-afd7-48f6-8111-92781cff4c80	22	15771752	18143362	1081	0.0842
cff4085b-afd7-48f6-8111-92781cff4c80	22	18143467	18146386	6	-4.6418
cff4085b-afd7-48f6-8111-92781cff4c80	22	18147293	18918078	25	-0.0908
cff4085b-afd7-48f6-8111-92781cff4c80	22	18918093	18947964	2	-2.0374
cff4085b-afd7-48f6-8111-92781cff4c80	22	18950430	20215383	819	-0.0373
cff4085b-afd7-48f6-8111-92781cff4c80	22	20215605	20223805	9	-0.7811
cff4085b-afd7-48f6-8111-92781cff4c80	22	20226155	20624210	225	-0.0343
cff4085b-afd7-48f6-8111-92781cff4c80	22	20624385	20639021	16	-0.6825
cff4085b-afd7-48f6-8111-92781cff4c80	22	20639232	20928415	302	-0.0113
cff4085b-afd7-48f6-8111-92781cff4c80	22	20928502	20928890	5	-1.2335
cff4085b-afd7-48f6-8111-92781cff4c80	22	20935417	22119549	599	-0.0124
cff4085b-afd7-48f6-8111-92781cff4c80	22	22119654	22120255	5	-1.8382
cff4085b-afd7-48f6-8111-92781cff4c80	22	22127104	23703048	1108	-0.0406
cff4085b-afd7-48f6-8111-92781cff4c80	22	23704451	23971817	158	0.0851
cff4085b-afd7-48f6-8111-92781cff4c80	22	23981995	24002228	9	0.702
cff4085b-afd7-48f6-8111-92781cff4c80	22	24005083	25254681	802	0.058
cff4085b-afd7-48f6-8111-92781cff4c80	22	25256216	25310951	27	-0.2356
cff4085b-afd7-48f6-8111-92781cff4c80	22	25315890	26776042	1378	-1.1425
cff4085b-afd7-48f6-8111-92781cff4c80	22	26776863	27646657	992	0.1271
cff4085b-afd7-48f6-8111-92781cff4c80	22	27647853	28380905	470	-0.1272
cff4085b-afd7-48f6-8111-92781cff4c80	22	28395122	29979545	871	0.3008
cff4085b-afd7-48f6-8111-92781cff4c80	22	29981013	31340283	772	-0.1203
cff4085b-afd7-48f6-8111-92781cff4c80	22	31341194	31473249	67	0.1197
cff4085b-afd7-48f6-8111-92781cff4c80	22	31473906	32394657	568	0.3064
cff4085b-afd7-48f6-8111-92781cff4c80	22	32394994	33770350	1235	0.591
cff4085b-afd7-48f6-8111-92781cff4c80	22	33771659	33866428	132	0.8003
cff4085b-afd7-48f6-8111-92781cff4c80	22	33867686	34796163	837	0.8922
cff4085b-afd7-48f6-8111-92781cff4c80	22	34796748	35408133	523	0.7413
cff4085b-afd7-48f6-8111-92781cff4c80	22	35410245	35505018	68	0.4944
cff4085b-afd7-48f6-8111-92781cff4c80	22	35505925	35579169	61	0.1043
cff4085b-afd7-48f6-8111-92781cff4c80	22	35579745	38124880	1518	-0.4087
cff4085b-afd7-48f6-8111-92781cff4c80	22	38125594	38125864	2	-2.3474
cff4085b-afd7-48f6-8111-92781cff4c80	22	38128732	40191286	1044	-0.3816
cff4085b-afd7-48f6-8111-92781cff4c80	22	40191724	42156869	1123	0.1045
cff4085b-afd7-48f6-8111-92781cff4c80	22	42159077	48446524	4633	-1.2297
cff4085b-afd7-48f6-8111-92781cff4c80	22	48446642	48446736	3	-6.5555
cff4085b-afd7-48f6-8111-92781cff4c80	22	48447383	48671614	147	-1.3386
cff4085b-afd7-48f6-8111-92781cff4c80	22	48671713	48681058	4	-7.4582
cff4085b-afd7-48f6-8111-92781cff4c80	22	48681330	50796027	1354	-1.3422
cff4085b-afd7-48f6-8111-92781cff4c80	X	251810	29214303	17826	-0.0924
cff4085b-afd7-48f6-8111-92781cff4c80	X	29214451	30253124	653	0.1304
cff4085b-afd7-48f6-8111-92781cff4c80	X	30254372	54065987	12903	-0.084
cff4085b-afd7-48f6-8111-92781cff4c80	X	54074760	54261346	69	0.1514
cff4085b-afd7-48f6-8111-92781cff4c80	X	54263036	66563619	3517	0.4224
cff4085b-afd7-48f6-8111-92781cff4c80	X	66572833	68298996	813	0.3517
cff4085b-afd7-48f6-8111-92781cff4c80	X	68299163	68671235	172	0.4334
cff4085b-afd7-48f6-8111-92781cff4c80	X	68671937	69972858	716	0.1973
cff4085b-afd7-48f6-8111-92781cff4c80	X	69976028	70089381	62	0.0498
cff4085b-afd7-48f6-8111-92781cff4c80	X	70089457	70448613	189	0.1764
cff4085b-afd7-48f6-8111-92781cff4c80	X	70450580	73671444	1236	-0.0294
cff4085b-afd7-48f6-8111-92781cff4c80	X	73671495	74008883	139	0.5531
cff4085b-afd7-48f6-8111-92781cff4c80	X	74011150	76508668	1127	1.7057
cff4085b-afd7-48f6-8111-92781cff4c80	X	76515236	122479769	24534	-0.0501
cff4085b-afd7-48f6-8111-92781cff4c80	X	122483335	122492110	9	0.856
cff4085b-afd7-48f6-8111-92781cff4c80	X	122499655	141865997	10959	-0.0527
cff4085b-afd7-48f6-8111-92781cff4c80	X	141866120	141897134	10	0.1594
cff4085b-afd7-48f6-8111-92781cff4c80	X	141897295	142320497	398	0.5013
cff4085b-afd7-48f6-8111-92781cff4c80	X	142320989	143646182	942	0.2714
cff4085b-afd7-48f6-8111-92781cff4c80	X	143652136	146168021	1642	-0.047
cff4085b-afd7-48f6-8111-92781cff4c80	X	146169353	155952689	5681	0.3109
cff4085b-afd7-48f6-8111-92781cff4c80	Y	2782397	6233384	783	-2.7597
cff4085b-afd7-48f6-8111-92781cff4c80	Y	6249869	13478396	2481	-3.2047
cff4085b-afd7-48f6-8111-92781cff4c80	Y	13478462	13482643	3	-7.8018
cff4085b-afd7-48f6-8111-92781cff4c80	Y	13483009	17056257	1753	-3.1591
cff4085b-afd7-48f6-8111-92781cff4c80	Y	17056790	17067660	5	-6.712
cff4085b-afd7-48f6-8111-92781cff4c80	Y	17070391	25971733	1442	-3.2369
cff4085b-afd7-48f6-8111-92781cff4c80	Y	26077669	56872112	172	-2.7513
