GDC_Aliquot	Chromosome	Start	End	Num_Probes	Segment_Mean
1f87c5c1-b345-4799-8aed-e2009872b5f3	1	62920	1575421	210	0.1078
1f87c5c1-b345-4799-8aed-e2009872b5f3	1	1696479	1741164	16	-1.07
1f87c5c1-b345-4799-8aed-e2009872b5f3	1	1756148	12779433	6265	0.0205
1f87c5c1-b345-4799-8aed-e2009872b5f3	1	12792599	13339386	43	0.4641
1f87c5c1-b345-4799-8aed-e2009872b5f3	1	13362275	16686246	2148	0.0068
1f87c5c1-b345-4799-8aed-e2009872b5f3	1	16689764	16935752	76	0.5964
1f87c5c1-b345-4799-8aed-e2009872b5f3	1	16949746	30259533	7673	0.0119
1f87c5c1-b345-4799-8aed-e2009872b5f3	1	30261189	30274729	14	0.5957
1f87c5c1-b345-4799-8aed-e2009872b5f3	1	30276813	37308691	3990	0.0141
1f87c5c1-b345-4799-8aed-e2009872b5f3	1	37309096	37310697	2	-1.7862
1f87c5c1-b345-4799-8aed-e2009872b5f3	1	37312158	72303233	22343	0.0082
1f87c5c1-b345-4799-8aed-e2009872b5f3	1	72303253	72345465	45	-1.7393
1f87c5c1-b345-4799-8aed-e2009872b5f3	1	72346221	103616725	20025	0.0094
1f87c5c1-b345-4799-8aed-e2009872b5f3	1	103616762	103717410	6	-1.468
1f87c5c1-b345-4799-8aed-e2009872b5f3	1	103717617	104286704	285	-0.014
1f87c5c1-b345-4799-8aed-e2009872b5f3	1	104286782	104291392	2	-1.1649
1f87c5c1-b345-4799-8aed-e2009872b5f3	1	104291577	105478582	638	0.0029
1f87c5c1-b345-4799-8aed-e2009872b5f3	1	105478597	105479753	11	1.153
1f87c5c1-b345-4799-8aed-e2009872b5f3	1	105481433	152787202	12427	0.0109
1f87c5c1-b345-4799-8aed-e2009872b5f3	1	152789447	152796224	37	-2.0918
1f87c5c1-b345-4799-8aed-e2009872b5f3	1	152801429	158896783	3615	0.0078
1f87c5c1-b345-4799-8aed-e2009872b5f3	1	158898711	158899969	2	-1.6165
1f87c5c1-b345-4799-8aed-e2009872b5f3	1	158905028	160006861	737	-0.0008
1f87c5c1-b345-4799-8aed-e2009872b5f3	1	160007259	160007397	2	-1.0093
1f87c5c1-b345-4799-8aed-e2009872b5f3	1	160010635	160176383	99	0.0172
1f87c5c1-b345-4799-8aed-e2009872b5f3	1	160176704	160177013	3	0.9053
1f87c5c1-b345-4799-8aed-e2009872b5f3	1	160177153	160833945	460	-0.006
1f87c5c1-b345-4799-8aed-e2009872b5f3	1	160834012	160834219	2	-1.4333
1f87c5c1-b345-4799-8aed-e2009872b5f3	1	160837461	167795598	5248	0.0084
1f87c5c1-b345-4799-8aed-e2009872b5f3	1	167796946	167808952	11	-0.6293
1f87c5c1-b345-4799-8aed-e2009872b5f3	1	167809794	196737736	19281	0.0044
1f87c5c1-b345-4799-8aed-e2009872b5f3	1	196740093	196854483	71	0.2323
1f87c5c1-b345-4799-8aed-e2009872b5f3	1	196854586	199142235	1373	-0.0116
1f87c5c1-b345-4799-8aed-e2009872b5f3	1	199142298	199143883	7	-1.3076
1f87c5c1-b345-4799-8aed-e2009872b5f3	1	199144712	204545485	3662	0.0088
1f87c5c1-b345-4799-8aed-e2009872b5f3	1	204545575	204545895	9	-0.712
1f87c5c1-b345-4799-8aed-e2009872b5f3	1	204546171	246405399	29275	0.0025
1f87c5c1-b345-4799-8aed-e2009872b5f3	1	246409992	246829821	289	0.1381
1f87c5c1-b345-4799-8aed-e2009872b5f3	1	246830382	248930189	1191	0.0257
1f87c5c1-b345-4799-8aed-e2009872b5f3	2	12784	4158097	2986	0.0163
1f87c5c1-b345-4799-8aed-e2009872b5f3	2	4166274	4175922	37	-0.7772
1f87c5c1-b345-4799-8aed-e2009872b5f3	2	4175977	4606898	359	-0.0407
1f87c5c1-b345-4799-8aed-e2009872b5f3	2	4607297	4608395	2	-1.5236
1f87c5c1-b345-4799-8aed-e2009872b5f3	2	4610837	5303892	544	-0.0114
1f87c5c1-b345-4799-8aed-e2009872b5f3	2	5304307	5310518	4	-0.9438
1f87c5c1-b345-4799-8aed-e2009872b5f3	2	5310662	5595907	254	-0.0104
1f87c5c1-b345-4799-8aed-e2009872b5f3	2	5596189	5596981	3	-1.4812
1f87c5c1-b345-4799-8aed-e2009872b5f3	2	5597449	29421019	16459	-0.005
1f87c5c1-b345-4799-8aed-e2009872b5f3	2	29421149	29421356	4	-1.2503
1f87c5c1-b345-4799-8aed-e2009872b5f3	2	29421729	34476327	3433	-0.0038
1f87c5c1-b345-4799-8aed-e2009872b5f3	2	34476516	34476668	4	-3.5456
1f87c5c1-b345-4799-8aed-e2009872b5f3	2	34483565	34501950	34	-1.9092
1f87c5c1-b345-4799-8aed-e2009872b5f3	2	34502547	34511990	6	-3.9118
1f87c5c1-b345-4799-8aed-e2009872b5f3	2	34512096	35742970	869	0.0042
1f87c5c1-b345-4799-8aed-e2009872b5f3	2	35750907	35762881	8	-1.8336
1f87c5c1-b345-4799-8aed-e2009872b5f3	2	35772407	41011095	3921	0
1f87c5c1-b345-4799-8aed-e2009872b5f3	2	41011303	41018747	22	-0.9783
1f87c5c1-b345-4799-8aed-e2009872b5f3	2	41024093	49305903	5904	0.0029
1f87c5c1-b345-4799-8aed-e2009872b5f3	2	49308629	49314051	5	-1.1102
1f87c5c1-b345-4799-8aed-e2009872b5f3	2	49317902	75148053	16786	-0.0019
1f87c5c1-b345-4799-8aed-e2009872b5f3	2	75154574	75154670	4	-1.5459
1f87c5c1-b345-4799-8aed-e2009872b5f3	2	75154711	87286164	7565	-0.0046
1f87c5c1-b345-4799-8aed-e2009872b5f3	2	87287256	87295819	3	-2.1311
1f87c5c1-b345-4799-8aed-e2009872b5f3	2	87299357	111522564	10018	0.0007
1f87c5c1-b345-4799-8aed-e2009872b5f3	2	111529956	111610248	14	0.7357
1f87c5c1-b345-4799-8aed-e2009872b5f3	2	111615592	129484044	11258	0.0009
1f87c5c1-b345-4799-8aed-e2009872b5f3	2	129484957	129489260	5	-1.0641
1f87c5c1-b345-4799-8aed-e2009872b5f3	2	129497537	179548635	30418	-0.0073
1f87c5c1-b345-4799-8aed-e2009872b5f3	2	179548644	179560916	32	-1.0207
1f87c5c1-b345-4799-8aed-e2009872b5f3	2	179560965	182248055	1744	-0.0087
1f87c5c1-b345-4799-8aed-e2009872b5f3	2	182248403	182248511	3	-1.3381
1f87c5c1-b345-4799-8aed-e2009872b5f3	2	182250136	207490231	14692	-0.0124
1f87c5c1-b345-4799-8aed-e2009872b5f3	2	207490454	207494301	14	-1.0083
1f87c5c1-b345-4799-8aed-e2009872b5f3	2	207494425	242147305	22075	-0.0111
1f87c5c1-b345-4799-8aed-e2009872b5f3	3	20930	99218940	63713	0.0074
1f87c5c1-b345-4799-8aed-e2009872b5f3	3	99225614	99230577	38	-0.5976
1f87c5c1-b345-4799-8aed-e2009872b5f3	3	99232120	130044855	18705	0.0048
1f87c5c1-b345-4799-8aed-e2009872b5f3	3	130047743	130087393	37	0.7864
1f87c5c1-b345-4799-8aed-e2009872b5f3	3	130088081	131987852	1168	0.0147
1f87c5c1-b345-4799-8aed-e2009872b5f3	3	131989313	131989627	2	-2.5722
1f87c5c1-b345-4799-8aed-e2009872b5f3	3	131996155	136300257	2860	0.0093
1f87c5c1-b345-4799-8aed-e2009872b5f3	3	136304109	136306584	2	1.7392
1f87c5c1-b345-4799-8aed-e2009872b5f3	3	136319699	162827928	16265	0.0046
1f87c5c1-b345-4799-8aed-e2009872b5f3	3	162828441	162908784	48	-0.37
1f87c5c1-b345-4799-8aed-e2009872b5f3	3	162908815	173519113	6357	-0.0082
1f87c5c1-b345-4799-8aed-e2009872b5f3	3	173522845	173583028	26	0.6047
1f87c5c1-b345-4799-8aed-e2009872b5f3	3	173583247	193160173	12786	0.0032
1f87c5c1-b345-4799-8aed-e2009872b5f3	3	193160256	193165114	18	2.6729
1f87c5c1-b345-4799-8aed-e2009872b5f3	3	193168646	198111566	2675	0.0235
1f87c5c1-b345-4799-8aed-e2009872b5f3	3	198118345	198169247	17	-0.6673
1f87c5c1-b345-4799-8aed-e2009872b5f3	4	68929	34777353	22701	0.0109
1f87c5c1-b345-4799-8aed-e2009872b5f3	4	34777382	34822561	41	0.6924
1f87c5c1-b345-4799-8aed-e2009872b5f3	4	34823103	49618868	8989	0.0056
1f87c5c1-b345-4799-8aed-e2009872b5f3	4	49641746	51819533	9	-0.7749
1f87c5c1-b345-4799-8aed-e2009872b5f3	4	51819827	63828222	7564	0.0056
1f87c5c1-b345-4799-8aed-e2009872b5f3	4	63831751	63850713	29	-0.5815
1f87c5c1-b345-4799-8aed-e2009872b5f3	4	63851308	68378716	2850	-0.0038
1f87c5c1-b345-4799-8aed-e2009872b5f3	4	68389352	68422424	9	-1.5511
1f87c5c1-b345-4799-8aed-e2009872b5f3	4	68429081	68506285	12	-0.0598
1f87c5c1-b345-4799-8aed-e2009872b5f3	4	68509223	68623617	66	-2.0555
1f87c5c1-b345-4799-8aed-e2009872b5f3	4	68639397	76368633	4624	-0.0003
1f87c5c1-b345-4799-8aed-e2009872b5f3	4	76370923	76371213	4	-1.6723
1f87c5c1-b345-4799-8aed-e2009872b5f3	4	76371648	81748408	3431	0.0005
1f87c5c1-b345-4799-8aed-e2009872b5f3	4	81750016	81750209	4	-1.2037
1f87c5c1-b345-4799-8aed-e2009872b5f3	4	81750784	107583477	15515	0.0013
1f87c5c1-b345-4799-8aed-e2009872b5f3	4	107587491	107588658	2	-1.7824
1f87c5c1-b345-4799-8aed-e2009872b5f3	4	107588998	114257893	4124	-0.0004
1f87c5c1-b345-4799-8aed-e2009872b5f3	4	114258196	114261019	13	0.7141
1f87c5c1-b345-4799-8aed-e2009872b5f3	4	114263073	132375518	10572	-0.0016
1f87c5c1-b345-4799-8aed-e2009872b5f3	4	132375635	132375715	2	-1.8922
1f87c5c1-b345-4799-8aed-e2009872b5f3	4	132380796	156047131	14312	-0.0056
1f87c5c1-b345-4799-8aed-e2009872b5f3	4	156047146	156047321	2	-1.6245
1f87c5c1-b345-4799-8aed-e2009872b5f3	4	156047531	171456307	9768	-0.0019
1f87c5c1-b345-4799-8aed-e2009872b5f3	4	171456559	171456625	3	1.4154
1f87c5c1-b345-4799-8aed-e2009872b5f3	4	171459220	172066777	397	-0.0086
1f87c5c1-b345-4799-8aed-e2009872b5f3	4	172067997	172068382	12	-1.8133
1f87c5c1-b345-4799-8aed-e2009872b5f3	4	172074828	172507320	236	-0.0112
1f87c5c1-b345-4799-8aed-e2009872b5f3	4	172507437	172507492	2	2.4429
1f87c5c1-b345-4799-8aed-e2009872b5f3	4	172519981	188300104	10696	0.0056
1f87c5c1-b345-4799-8aed-e2009872b5f3	4	188300206	188300270	3	-1.5826
1f87c5c1-b345-4799-8aed-e2009872b5f3	4	188300285	190106768	1141	0.041
1f87c5c1-b345-4799-8aed-e2009872b5f3	5	15532	685389	305	0.0731
1f87c5c1-b345-4799-8aed-e2009872b5f3	5	685633	773075	26	1.0304
1f87c5c1-b345-4799-8aed-e2009872b5f3	5	773432	1189232	146	0.0685
1f87c5c1-b345-4799-8aed-e2009872b5f3	5	1189341	1267216	55	0.2957
1f87c5c1-b345-4799-8aed-e2009872b5f3	5	1267241	11161513	8565	0.0163
1f87c5c1-b345-4799-8aed-e2009872b5f3	5	11162524	11162659	3	-1.4039
1f87c5c1-b345-4799-8aed-e2009872b5f3	5	11167165	12800777	1089	-0.0011
1f87c5c1-b345-4799-8aed-e2009872b5f3	5	12815668	12819964	9	-2.15
1f87c5c1-b345-4799-8aed-e2009872b5f3	5	12824299	34414432	13513	0.0023
1f87c5c1-b345-4799-8aed-e2009872b5f3	5	34415598	34743972	240	0.1387
1f87c5c1-b345-4799-8aed-e2009872b5f3	5	34746770	46271006	6720	0.0015
1f87c5c1-b345-4799-8aed-e2009872b5f3	5	46271828	46273400	6	-2.7914
1f87c5c1-b345-4799-8aed-e2009872b5f3	5	46278110	51537724	694	-0.0103
1f87c5c1-b345-4799-8aed-e2009872b5f3	5	51538591	51542061	3	-1.2139
1f87c5c1-b345-4799-8aed-e2009872b5f3	5	51546171	58025819	4379	0.0066
1f87c5c1-b345-4799-8aed-e2009872b5f3	5	58030200	58037128	29	-0.399
1f87c5c1-b345-4799-8aed-e2009872b5f3	5	58037466	118052727	36225	0.0031
1f87c5c1-b345-4799-8aed-e2009872b5f3	5	118052915	118053390	10	-1.2433
1f87c5c1-b345-4799-8aed-e2009872b5f3	5	118068645	150822643	20403	0.0017
1f87c5c1-b345-4799-8aed-e2009872b5f3	5	150825938	150839042	8	-0.9393
1f87c5c1-b345-4799-8aed-e2009872b5f3	5	150843825	153194405	1659	0.0029
1f87c5c1-b345-4799-8aed-e2009872b5f3	5	153196537	153196755	2	-1.5845
1f87c5c1-b345-4799-8aed-e2009872b5f3	5	153200230	181363319	18780	0.0023
1f87c5c1-b345-4799-8aed-e2009872b5f3	6	149661	264756	105	0.0677
1f87c5c1-b345-4799-8aed-e2009872b5f3	6	265113	395810	111	0.4242
1f87c5c1-b345-4799-8aed-e2009872b5f3	6	397937	29875657	21440	0.0078
1f87c5c1-b345-4799-8aed-e2009872b5f3	6	29876257	29882603	11	-0.9651
1f87c5c1-b345-4799-8aed-e2009872b5f3	6	29903859	31318528	661	0.0164
1f87c5c1-b345-4799-8aed-e2009872b5f3	6	31318754	31328674	9	-2.1067
1f87c5c1-b345-4799-8aed-e2009872b5f3	6	31342147	32485152	500	0.0816
1f87c5c1-b345-4799-8aed-e2009872b5f3	6	32486498	32602588	28	1.3947
1f87c5c1-b345-4799-8aed-e2009872b5f3	6	32605994	66328153	19101	0.007
1f87c5c1-b345-4799-8aed-e2009872b5f3	6	66331020	66333612	11	-0.7899
1f87c5c1-b345-4799-8aed-e2009872b5f3	6	66333996	76726815	6789	-0.0055
1f87c5c1-b345-4799-8aed-e2009872b5f3	6	76730151	76743040	21	-0.6866
1f87c5c1-b345-4799-8aed-e2009872b5f3	6	76751356	78252909	974	0.0031
1f87c5c1-b345-4799-8aed-e2009872b5f3	6	78253157	78329517	115	0.4338
1f87c5c1-b345-4799-8aed-e2009872b5f3	6	78331916	80568270	1429	0
1f87c5c1-b345-4799-8aed-e2009872b5f3	6	80574472	80579817	33	-0.9555
1f87c5c1-b345-4799-8aed-e2009872b5f3	6	80584624	93942689	8544	0.0011
1f87c5c1-b345-4799-8aed-e2009872b5f3	6	93942822	93947846	2	-1.9435
1f87c5c1-b345-4799-8aed-e2009872b5f3	6	93949814	133945130	24585	-0.0001
1f87c5c1-b345-4799-8aed-e2009872b5f3	6	133947933	133948494	2	-2.4393
1f87c5c1-b345-4799-8aed-e2009872b5f3	6	133950934	137657707	2629	-0.0017
1f87c5c1-b345-4799-8aed-e2009872b5f3	6	137658461	137658834	3	-1.207
1f87c5c1-b345-4799-8aed-e2009872b5f3	6	137658970	154639748	11288	-0.0025
1f87c5c1-b345-4799-8aed-e2009872b5f3	6	154642532	154644703	3	-1.5595
1f87c5c1-b345-4799-8aed-e2009872b5f3	6	154645133	157607938	1857	-0.0036
1f87c5c1-b345-4799-8aed-e2009872b5f3	6	157607948	157613477	4	1.0968
1f87c5c1-b345-4799-8aed-e2009872b5f3	6	157613485	160589644	2033	-0.0117
1f87c5c1-b345-4799-8aed-e2009872b5f3	6	160589734	160591411	3	-1.2625
1f87c5c1-b345-4799-8aed-e2009872b5f3	6	160593467	167135119	5144	0.0067
1f87c5c1-b345-4799-8aed-e2009872b5f3	6	167141072	169132344	1228	0.0793
1f87c5c1-b345-4799-8aed-e2009872b5f3	6	169136415	170741917	901	0.012
1f87c5c1-b345-4799-8aed-e2009872b5f3	7	43355	1166054	345	0.0403
1f87c5c1-b345-4799-8aed-e2009872b5f3	7	1166069	1169130	5	0.9325
1f87c5c1-b345-4799-8aed-e2009872b5f3	7	1176377	3570211	1271	0.0001
1f87c5c1-b345-4799-8aed-e2009872b5f3	7	3570671	3578729	29	-1.0716
1f87c5c1-b345-4799-8aed-e2009872b5f3	7	3585172	54318812	36827	0.0086
1f87c5c1-b345-4799-8aed-e2009872b5f3	7	54318816	54318824	5	2.3283
1f87c5c1-b345-4799-8aed-e2009872b5f3	7	54325795	97766148	21826	0.0108
1f87c5c1-b345-4799-8aed-e2009872b5f3	7	97766150	97774928	16	-0.8698
1f87c5c1-b345-4799-8aed-e2009872b5f3	7	97774965	105512744	3776	0.0083
1f87c5c1-b345-4799-8aed-e2009872b5f3	7	105512795	105526073	7	-0.984
1f87c5c1-b345-4799-8aed-e2009872b5f3	7	105526329	109801187	2841	0.0071
1f87c5c1-b345-4799-8aed-e2009872b5f3	7	109801572	109813853	10	0.6644
1f87c5c1-b345-4799-8aed-e2009872b5f3	7	109813925	126015272	9753	0.0011
1f87c5c1-b345-4799-8aed-e2009872b5f3	7	126015406	126016668	4	-1.3222
1f87c5c1-b345-4799-8aed-e2009872b5f3	7	126023599	126404920	271	-0.0381
1f87c5c1-b345-4799-8aed-e2009872b5f3	7	126405428	126406823	14	1.3752
1f87c5c1-b345-4799-8aed-e2009872b5f3	7	126406824	134100664	4703	0.0104
1f87c5c1-b345-4799-8aed-e2009872b5f3	7	134100967	134121491	31	0.5023
1f87c5c1-b345-4799-8aed-e2009872b5f3	7	134124039	139631487	3601	0.0108
1f87c5c1-b345-4799-8aed-e2009872b5f3	7	139634290	139636076	2	1.3353
1f87c5c1-b345-4799-8aed-e2009872b5f3	7	139636115	142069891	1591	0.0062
1f87c5c1-b345-4799-8aed-e2009872b5f3	7	142070260	142099360	33	0.4838
1f87c5c1-b345-4799-8aed-e2009872b5f3	7	142105742	144295437	1206	0.0112
1f87c5c1-b345-4799-8aed-e2009872b5f3	7	144306653	144312471	2	2.1796
1f87c5c1-b345-4799-8aed-e2009872b5f3	7	144326306	145066449	462	-0.0137
1f87c5c1-b345-4799-8aed-e2009872b5f3	7	145070792	145073872	3	-1.4818
1f87c5c1-b345-4799-8aed-e2009872b5f3	7	145083337	154598185	5948	0.0096
1f87c5c1-b345-4799-8aed-e2009872b5f3	7	154601461	154607903	4	-2.9778
1f87c5c1-b345-4799-8aed-e2009872b5f3	7	154609120	159334314	3234	0.0222
1f87c5c1-b345-4799-8aed-e2009872b5f3	8	81254	7775900	7763	0.0273
1f87c5c1-b345-4799-8aed-e2009872b5f3	8	7788805	7974123	13	1.085
1f87c5c1-b345-4799-8aed-e2009872b5f3	8	7981252	12092042	3236	0.0293
1f87c5c1-b345-4799-8aed-e2009872b5f3	8	12130217	12176798	7	1.0744
1f87c5c1-b345-4799-8aed-e2009872b5f3	8	12177488	17524581	4517	0.0134
1f87c5c1-b345-4799-8aed-e2009872b5f3	8	17526130	17526753	2	-1.9423
1f87c5c1-b345-4799-8aed-e2009872b5f3	8	17528870	25116928	5932	0.0118
1f87c5c1-b345-4799-8aed-e2009872b5f3	8	25116961	25122039	13	0.8531
1f87c5c1-b345-4799-8aed-e2009872b5f3	8	25122389	32054734	4771	0.0003
1f87c5c1-b345-4799-8aed-e2009872b5f3	8	32056099	32056505	2	1.5813
1f87c5c1-b345-4799-8aed-e2009872b5f3	8	32057002	39373140	4255	0.0132
1f87c5c1-b345-4799-8aed-e2009872b5f3	8	39378084	39531605	64	-0.6047
1f87c5c1-b345-4799-8aed-e2009872b5f3	8	39537590	40914477	1068	0.0309
1f87c5c1-b345-4799-8aed-e2009872b5f3	8	40920333	40920952	2	1.4721
1f87c5c1-b345-4799-8aed-e2009872b5f3	8	40926161	60905640	10618	0.0085
1f87c5c1-b345-4799-8aed-e2009872b5f3	8	60906264	60906454	3	-1.2599
1f87c5c1-b345-4799-8aed-e2009872b5f3	8	60907771	74440196	8413	0.0026
1f87c5c1-b345-4799-8aed-e2009872b5f3	8	74451557	74456887	2	-1.7227
1f87c5c1-b345-4799-8aed-e2009872b5f3	8	74457310	111279265	21889	0.0018
1f87c5c1-b345-4799-8aed-e2009872b5f3	8	111282050	111283031	9	-2.2622
1f87c5c1-b345-4799-8aed-e2009872b5f3	8	111288052	141309950	21331	0.0015
1f87c5c1-b345-4799-8aed-e2009872b5f3	8	141309970	141907476	362	0.1376
1f87c5c1-b345-4799-8aed-e2009872b5f3	8	141909144	143616987	711	0.0427
1f87c5c1-b345-4799-8aed-e2009872b5f3	8	143622987	143636819	10	-0.878
1f87c5c1-b345-4799-8aed-e2009872b5f3	8	143642893	145072769	503	0.0583
1f87c5c1-b345-4799-8aed-e2009872b5f3	9	46587	602903	508	0.0505
1f87c5c1-b345-4799-8aed-e2009872b5f3	9	606699	606961	4	-2.0028
1f87c5c1-b345-4799-8aed-e2009872b5f3	9	607307	6638114	5800	0.0119
1f87c5c1-b345-4799-8aed-e2009872b5f3	9	6638130	7097263	426	0.1312
1f87c5c1-b345-4799-8aed-e2009872b5f3	9	7097281	11782282	4372	0.0146
1f87c5c1-b345-4799-8aed-e2009872b5f3	9	11785367	11785795	2	-1.5817
1f87c5c1-b345-4799-8aed-e2009872b5f3	9	11786082	23361807	9319	0.0105
1f87c5c1-b345-4799-8aed-e2009872b5f3	9	23363117	23373486	8	-3.4502
1f87c5c1-b345-4799-8aed-e2009872b5f3	9	23378490	24503818	796	-0.0027
1f87c5c1-b345-4799-8aed-e2009872b5f3	9	24504127	24517684	19	-1.0622
1f87c5c1-b345-4799-8aed-e2009872b5f3	9	24519686	103804216	35124	0.0051
1f87c5c1-b345-4799-8aed-e2009872b5f3	9	103806415	103807009	2	-4.5736
1f87c5c1-b345-4799-8aed-e2009872b5f3	9	103808421	126756340	16955	0.0072
1f87c5c1-b345-4799-8aed-e2009872b5f3	9	126760533	126760808	2	-1.7832
1f87c5c1-b345-4799-8aed-e2009872b5f3	9	126760871	132205984	3105	0.0054
1f87c5c1-b345-4799-8aed-e2009872b5f3	9	132206112	132207466	2	-1.3846
1f87c5c1-b345-4799-8aed-e2009872b5f3	9	132207592	135319522	1932	0.0163
1f87c5c1-b345-4799-8aed-e2009872b5f3	9	135322259	135324566	3	-3.6224
1f87c5c1-b345-4799-8aed-e2009872b5f3	9	135325951	138200944	1109	0.0361
1f87c5c1-b345-4799-8aed-e2009872b5f3	10	45792	2030221	1465	0.033
1f87c5c1-b345-4799-8aed-e2009872b5f3	10	2030387	2030559	3	-1.6971
1f87c5c1-b345-4799-8aed-e2009872b5f3	10	2031213	6369395	3932	0.0211
1f87c5c1-b345-4799-8aed-e2009872b5f3	10	6369412	6369519	4	1.4118
1f87c5c1-b345-4799-8aed-e2009872b5f3	10	6376792	13008005	5509	0.0024
1f87c5c1-b345-4799-8aed-e2009872b5f3	10	13008023	13008170	4	-1.6866
1f87c5c1-b345-4799-8aed-e2009872b5f3	10	13008428	24086334	8274	0.003
1f87c5c1-b345-4799-8aed-e2009872b5f3	10	24088745	24088753	7	-2.0579
1f87c5c1-b345-4799-8aed-e2009872b5f3	10	24088989	26934974	1988	-0.0073
1f87c5c1-b345-4799-8aed-e2009872b5f3	10	26936975	26938836	8	-1.2298
1f87c5c1-b345-4799-8aed-e2009872b5f3	10	26939421	50070600	12209	0.0076
1f87c5c1-b345-4799-8aed-e2009872b5f3	10	50081224	50097459	2	-2.4326
1f87c5c1-b345-4799-8aed-e2009872b5f3	10	50107474	65548178	11013	0.0095
1f87c5c1-b345-4799-8aed-e2009872b5f3	10	65548193	65554672	25	-0.5208
1f87c5c1-b345-4799-8aed-e2009872b5f3	10	65554688	130461878	44218	0.0056
1f87c5c1-b345-4799-8aed-e2009872b5f3	10	130462363	131107671	599	0.1214
1f87c5c1-b345-4799-8aed-e2009872b5f3	10	131110205	133654968	1404	0.0335
1f87c5c1-b345-4799-8aed-e2009872b5f3	11	198510	4946420	2417	0.0161
1f87c5c1-b345-4799-8aed-e2009872b5f3	11	4947280	4955042	30	-2.3331
1f87c5c1-b345-4799-8aed-e2009872b5f3	11	4955781	31371747	19355	0.0068
1f87c5c1-b345-4799-8aed-e2009872b5f3	11	31372721	31375533	2	-2.9933
1f87c5c1-b345-4799-8aed-e2009872b5f3	11	31376660	48638921	11534	0.0086
1f87c5c1-b345-4799-8aed-e2009872b5f3	11	48642055	48712073	18	-0.5557
1f87c5c1-b345-4799-8aed-e2009872b5f3	11	48712551	49737304	397	-0.0055
1f87c5c1-b345-4799-8aed-e2009872b5f3	11	49737435	49739136	7	-1.3997
1f87c5c1-b345-4799-8aed-e2009872b5f3	11	49744609	55198132	516	0.0311
1f87c5c1-b345-4799-8aed-e2009872b5f3	11	55202385	55243668	7	-0.9574
1f87c5c1-b345-4799-8aed-e2009872b5f3	11	55262739	55595864	198	0.0487
1f87c5c1-b345-4799-8aed-e2009872b5f3	11	55606556	55674842	48	0.8432
1f87c5c1-b345-4799-8aed-e2009872b5f3	11	55676735	55677818	4	-0.5553
1f87c5c1-b345-4799-8aed-e2009872b5f3	11	55678469	55686100	8	0.852
1f87c5c1-b345-4799-8aed-e2009872b5f3	11	55693207	64825254	5121	0.0114
1f87c5c1-b345-4799-8aed-e2009872b5f3	11	64825436	65849487	382	0.1611
1f87c5c1-b345-4799-8aed-e2009872b5f3	11	65851648	80256469	7757	0.0086
1f87c5c1-b345-4799-8aed-e2009872b5f3	11	80256504	80256520	2	-3.5753
1f87c5c1-b345-4799-8aed-e2009872b5f3	11	80256642	89754781	6593	0.005
1f87c5c1-b345-4799-8aed-e2009872b5f3	11	89759710	89796439	4	-1.1596
1f87c5c1-b345-4799-8aed-e2009872b5f3	11	89802300	107359898	12500	0.0012
1f87c5c1-b345-4799-8aed-e2009872b5f3	11	107359993	107368402	8	-0.816
1f87c5c1-b345-4799-8aed-e2009872b5f3	11	107381636	132868570	18258	0.0027
1f87c5c1-b345-4799-8aed-e2009872b5f3	11	132869602	134731897	1380	0.0619
1f87c5c1-b345-4799-8aed-e2009872b5f3	11	134732386	134734098	3	-1.6894
1f87c5c1-b345-4799-8aed-e2009872b5f3	11	134737977	135074876	281	0.071
1f87c5c1-b345-4799-8aed-e2009872b5f3	12	51460	767080	437	0.13
1f87c5c1-b345-4799-8aed-e2009872b5f3	12	767122	8204911	5102	0.0186
1f87c5c1-b345-4799-8aed-e2009872b5f3	12	8209454	8241232	10	0.7202
1f87c5c1-b345-4799-8aed-e2009872b5f3	12	8241781	8289689	13	0.0263
1f87c5c1-b345-4799-8aed-e2009872b5f3	12	8296516	8296621	2	1.5695
1f87c5c1-b345-4799-8aed-e2009872b5f3	12	8300870	27493059	13039	0.0072
1f87c5c1-b345-4799-8aed-e2009872b5f3	12	27494808	27498429	28	-1.0503
1f87c5c1-b345-4799-8aed-e2009872b5f3	12	27504228	30081111	1872	0.0083
1f87c5c1-b345-4799-8aed-e2009872b5f3	12	30082346	30090681	24	-0.5965
1f87c5c1-b345-4799-8aed-e2009872b5f3	12	30090698	31484492	1091	0.0085
1f87c5c1-b345-4799-8aed-e2009872b5f3	12	31495892	31495910	2	-1.6492
1f87c5c1-b345-4799-8aed-e2009872b5f3	12	31499019	45510655	6779	0.015
1f87c5c1-b345-4799-8aed-e2009872b5f3	12	45512057	45515754	3	-3.0068
1f87c5c1-b345-4799-8aed-e2009872b5f3	12	45519509	48331236	1715	0.0035
1f87c5c1-b345-4799-8aed-e2009872b5f3	12	48331259	48331632	4	-2.2075
1f87c5c1-b345-4799-8aed-e2009872b5f3	12	48336253	58327448	5474	0.0094
1f87c5c1-b345-4799-8aed-e2009872b5f3	12	58336368	58336379	2	-2.2644
1f87c5c1-b345-4799-8aed-e2009872b5f3	12	58337065	72806577	9474	0.0039
1f87c5c1-b345-4799-8aed-e2009872b5f3	12	72807819	72812551	2	-2.6355
1f87c5c1-b345-4799-8aed-e2009872b5f3	12	72812626	114617992	26991	0.0031
1f87c5c1-b345-4799-8aed-e2009872b5f3	12	114619446	114629600	9	-1.3468
1f87c5c1-b345-4799-8aed-e2009872b5f3	12	114631360	125508672	6801	0.0048
1f87c5c1-b345-4799-8aed-e2009872b5f3	12	125514984	125515122	2	-1.4821
1f87c5c1-b345-4799-8aed-e2009872b5f3	12	125515339	125641794	102	0.001
1f87c5c1-b345-4799-8aed-e2009872b5f3	12	125642863	125643156	3	-1.1446
1f87c5c1-b345-4799-8aed-e2009872b5f3	12	125644646	126509681	808	-0.0058
1f87c5c1-b345-4799-8aed-e2009872b5f3	12	126510400	126520044	7	-1.3938
1f87c5c1-b345-4799-8aed-e2009872b5f3	12	126522929	129516041	2685	0.0253
1f87c5c1-b345-4799-8aed-e2009872b5f3	12	129518945	129519049	2	-1.757
1f87c5c1-b345-4799-8aed-e2009872b5f3	12	129519225	133201603	2354	0.0467
1f87c5c1-b345-4799-8aed-e2009872b5f3	13	18452809	19223869	339	0.0199
1f87c5c1-b345-4799-8aed-e2009872b5f3	13	19227954	19228339	2	-1.6831
1f87c5c1-b345-4799-8aed-e2009872b5f3	13	19231752	37496998	13145	0.0171
1f87c5c1-b345-4799-8aed-e2009872b5f3	13	37497899	37510620	16	1.0374
1f87c5c1-b345-4799-8aed-e2009872b5f3	13	37514193	52500777	9893	0.0102
1f87c5c1-b345-4799-8aed-e2009872b5f3	13	52502570	52531650	8	0.8105
1f87c5c1-b345-4799-8aed-e2009872b5f3	13	52543744	57176962	2623	0.0023
1f87c5c1-b345-4799-8aed-e2009872b5f3	13	57184136	57222496	40	-0.6067
1f87c5c1-b345-4799-8aed-e2009872b5f3	13	57227067	68677373	6896	0.0033
1f87c5c1-b345-4799-8aed-e2009872b5f3	13	68677517	68694110	25	-0.8429
1f87c5c1-b345-4799-8aed-e2009872b5f3	13	68694987	83213898	9759	0.0003
1f87c5c1-b345-4799-8aed-e2009872b5f3	13	83213928	83218079	11	-0.899
1f87c5c1-b345-4799-8aed-e2009872b5f3	13	83218673	95325698	7763	-0.0049
1f87c5c1-b345-4799-8aed-e2009872b5f3	13	95333912	95346928	13	-0.9996
1f87c5c1-b345-4799-8aed-e2009872b5f3	13	95348495	105664476	7454	0.0033
1f87c5c1-b345-4799-8aed-e2009872b5f3	13	105664587	105664629	2	-3.1981
1f87c5c1-b345-4799-8aed-e2009872b5f3	13	105667023	114342922	6152	0.0139
1f87c5c1-b345-4799-8aed-e2009872b5f3	14	18239283	19140829	36	0.1596
1f87c5c1-b345-4799-8aed-e2009872b5f3	14	19143599	19955213	131	-0.5811
1f87c5c1-b345-4799-8aed-e2009872b5f3	14	19956767	26310436	4341	0.0213
1f87c5c1-b345-4799-8aed-e2009872b5f3	14	26314697	26314712	7	-1.4381
1f87c5c1-b345-4799-8aed-e2009872b5f3	14	26315707	41141293	9250	0.0002
1f87c5c1-b345-4799-8aed-e2009872b5f3	14	41141487	41184774	12	-0.5594
1f87c5c1-b345-4799-8aed-e2009872b5f3	14	41188046	69547262	17829	0.0035
1f87c5c1-b345-4799-8aed-e2009872b5f3	14	69551330	69555750	9	-0.924
1f87c5c1-b345-4799-8aed-e2009872b5f3	14	69555996	106258732	23476	0.0044
1f87c5c1-b345-4799-8aed-e2009872b5f3	14	106258891	106416146	72	-0.243
1f87c5c1-b345-4799-8aed-e2009872b5f3	14	106418444	106462183	49	-0.7873
1f87c5c1-b345-4799-8aed-e2009872b5f3	14	106462724	106877229	195	0.069
1f87c5c1-b345-4799-8aed-e2009872b5f3	15	19811075	19986488	40	0.0333
1f87c5c1-b345-4799-8aed-e2009872b5f3	15	19986758	20289044	31	0.6979
1f87c5c1-b345-4799-8aed-e2009872b5f3	15	20305901	20367363	7	1.5838
1f87c5c1-b345-4799-8aed-e2009872b5f3	15	20368091	20373168	10	0.7368
1f87c5c1-b345-4799-8aed-e2009872b5f3	15	20376198	20376311	7	-0.7726
1f87c5c1-b345-4799-8aed-e2009872b5f3	15	20380735	22299523	111	0.9109
1f87c5c1-b345-4799-8aed-e2009872b5f3	15	22385639	24429604	994	0.0273
1f87c5c1-b345-4799-8aed-e2009872b5f3	15	24429740	24473449	33	-0.8608
1f87c5c1-b345-4799-8aed-e2009872b5f3	15	24480146	27966775	2575	0.0206
1f87c5c1-b345-4799-8aed-e2009872b5f3	15	27969613	30094208	1020	0.0927
1f87c5c1-b345-4799-8aed-e2009872b5f3	15	30106026	30156392	3	-1.4179
1f87c5c1-b345-4799-8aed-e2009872b5f3	15	30157841	30729963	67	0.2378
1f87c5c1-b345-4799-8aed-e2009872b5f3	15	30730990	76586021	29025	0.0025
1f87c5c1-b345-4799-8aed-e2009872b5f3	15	76598900	76603433	21	-2.3586
1f87c5c1-b345-4799-8aed-e2009872b5f3	15	76603434	101928837	17608	0.0117
1f87c5c1-b345-4799-8aed-e2009872b5f3	16	10777	64144	27	0.1358
1f87c5c1-b345-4799-8aed-e2009872b5f3	16	64185	64537	2	-1.8496
1f87c5c1-b345-4799-8aed-e2009872b5f3	16	65074	14657199	11061	0.0251
1f87c5c1-b345-4799-8aed-e2009872b5f3	16	14658352	17683215	1380	0.0996
1f87c5c1-b345-4799-8aed-e2009872b5f3	16	17687693	83990765	35106	0.0106
1f87c5c1-b345-4799-8aed-e2009872b5f3	16	83992012	84886473	818	0.1373
1f87c5c1-b345-4799-8aed-e2009872b5f3	16	84892020	88714110	2882	0.0223
1f87c5c1-b345-4799-8aed-e2009872b5f3	16	88714632	90096867	595	0.1241
1f87c5c1-b345-4799-8aed-e2009872b5f3	17	150733	3580491	1843	0.0347
1f87c5c1-b345-4799-8aed-e2009872b5f3	17	3581074	3586220	7	-1.1331
1f87c5c1-b345-4799-8aed-e2009872b5f3	17	3591067	16669462	8607	0.0226
1f87c5c1-b345-4799-8aed-e2009872b5f3	17	16672146	16678487	7	-1.0036
1f87c5c1-b345-4799-8aed-e2009872b5f3	17	16678690	16806426	21	0.1596
1f87c5c1-b345-4799-8aed-e2009872b5f3	17	16815664	16838214	6	0.7771
1f87c5c1-b345-4799-8aed-e2009872b5f3	17	16838470	18455635	908	-0.0159
1f87c5c1-b345-4799-8aed-e2009872b5f3	17	18458372	18606845	32	-0.3482
1f87c5c1-b345-4799-8aed-e2009872b5f3	17	18626375	28452035	2244	0.0284
1f87c5c1-b345-4799-8aed-e2009872b5f3	17	28454323	28455301	2	-1.6525
1f87c5c1-b345-4799-8aed-e2009872b5f3	17	28462253	33657111	2764	0.0026
1f87c5c1-b345-4799-8aed-e2009872b5f3	17	33657483	34620083	910	0.1011
1f87c5c1-b345-4799-8aed-e2009872b5f3	17	34620495	36109735	904	0.005
1f87c5c1-b345-4799-8aed-e2009872b5f3	17	36112585	36157718	33	0.7753
1f87c5c1-b345-4799-8aed-e2009872b5f3	17	36200725	41258395	2524	0.0132
1f87c5c1-b345-4799-8aed-e2009872b5f3	17	41262120	41274198	26	-0.5821
1f87c5c1-b345-4799-8aed-e2009872b5f3	17	41274279	45421004	2134	0.0212
1f87c5c1-b345-4799-8aed-e2009872b5f3	17	45421059	45956125	263	0.152
1f87c5c1-b345-4799-8aed-e2009872b5f3	17	45956527	46085732	103	0.0209
1f87c5c1-b345-4799-8aed-e2009872b5f3	17	46088437	46194634	90	0.4016
1f87c5c1-b345-4799-8aed-e2009872b5f3	17	46199017	73840477	16859	0.0014
1f87c5c1-b345-4799-8aed-e2009872b5f3	17	73841419	74653324	530	0.1646
1f87c5c1-b345-4799-8aed-e2009872b5f3	17	74655597	78285287	1897	0.0188
1f87c5c1-b345-4799-8aed-e2009872b5f3	17	78286051	78286887	2	1.665
1f87c5c1-b345-4799-8aed-e2009872b5f3	17	78290662	83091923	2317	0.0341
1f87c5c1-b345-4799-8aed-e2009872b5f3	18	48133	66095064	40361	0.0053
1f87c5c1-b345-4799-8aed-e2009872b5f3	18	66099904	66100686	3	-2.9663
1f87c5c1-b345-4799-8aed-e2009872b5f3	18	66108359	77193981	8382	0.0147
1f87c5c1-b345-4799-8aed-e2009872b5f3	18	77194108	77199324	2	-2.8962
1f87c5c1-b345-4799-8aed-e2009872b5f3	18	77200024	79351383	1562	0.0044
1f87c5c1-b345-4799-8aed-e2009872b5f3	18	79351540	79860620	225	0.155
1f87c5c1-b345-4799-8aed-e2009872b5f3	18	79860653	80257174	206	0.0261
1f87c5c1-b345-4799-8aed-e2009872b5f3	19	90910	36260813	17155	0.0125
1f87c5c1-b345-4799-8aed-e2009872b5f3	19	36261319	36356596	24	0.4453
1f87c5c1-b345-4799-8aed-e2009872b5f3	19	36356735	42720410	3214	0.0085
1f87c5c1-b345-4799-8aed-e2009872b5f3	19	42723985	42845697	45	0.603
1f87c5c1-b345-4799-8aed-e2009872b5f3	19	42850300	50824837	3766	0.0322
1f87c5c1-b345-4799-8aed-e2009872b5f3	19	50829011	50829982	6	-1.1525
1f87c5c1-b345-4799-8aed-e2009872b5f3	19	50835951	53013829	1498	0.0243
1f87c5c1-b345-4799-8aed-e2009872b5f3	19	53015494	53048976	22	0.6711
1f87c5c1-b345-4799-8aed-e2009872b5f3	19	53050987	58586487	3376	0.0388
1f87c5c1-b345-4799-8aed-e2009872b5f3	20	80664	1580353	1204	0.0529
1f87c5c1-b345-4799-8aed-e2009872b5f3	20	1580934	1613247	41	-1.2538
1f87c5c1-b345-4799-8aed-e2009872b5f3	20	1617300	26324943	18767	0.0154
1f87c5c1-b345-4799-8aed-e2009872b5f3	20	30185676	30271154	16	-2.0267
1f87c5c1-b345-4799-8aed-e2009872b5f3	20	30293217	38382143	3715	0.001
1f87c5c1-b345-4799-8aed-e2009872b5f3	20	38382164	38383368	3	-1.4867
1f87c5c1-b345-4799-8aed-e2009872b5f3	20	38383652	58093423	14486	0.0091
1f87c5c1-b345-4799-8aed-e2009872b5f3	20	58094330	58095551	4	1.1469
1f87c5c1-b345-4799-8aed-e2009872b5f3	20	58095773	63591304	3828	0.0113
1f87c5c1-b345-4799-8aed-e2009872b5f3	20	63591871	64324800	309	0.1333
1f87c5c1-b345-4799-8aed-e2009872b5f3	21	10354168	10568903	54	-0.0404
1f87c5c1-b345-4799-8aed-e2009872b5f3	21	10569525	10775586	33	0.7309
1f87c5c1-b345-4799-8aed-e2009872b5f3	21	12973348	18902595	3631	0.008
1f87c5c1-b345-4799-8aed-e2009872b5f3	21	18906245	18906502	2	-1.639
1f87c5c1-b345-4799-8aed-e2009872b5f3	21	18906853	24213071	4154	0.0129
1f87c5c1-b345-4799-8aed-e2009872b5f3	21	24215936	24216026	3	-1.4676
1f87c5c1-b345-4799-8aed-e2009872b5f3	21	24216643	46254546	15696	0.0151
1f87c5c1-b345-4799-8aed-e2009872b5f3	21	46254796	46677045	286	0.1397
1f87c5c1-b345-4799-8aed-e2009872b5f3	22	15294547	21744398	2805	0.0569
1f87c5c1-b345-4799-8aed-e2009872b5f3	22	21746429	22113053	312	0.0146
1f87c5c1-b345-4799-8aed-e2009872b5f3	22	22113116	22120255	9	-0.8216
1f87c5c1-b345-4799-8aed-e2009872b5f3	22	22127104	48671713	18741	0.0117
1f87c5c1-b345-4799-8aed-e2009872b5f3	22	48675956	50796027	1403	0.11
1f87c5c1-b345-4799-8aed-e2009872b5f3	X	251810	11963609	6834	0.0215
1f87c5c1-b345-4799-8aed-e2009872b5f3	X	11963912	11965331	2	-4.4591
1f87c5c1-b345-4799-8aed-e2009872b5f3	X	11965514	36587346	15905	0.0112
1f87c5c1-b345-4799-8aed-e2009872b5f3	X	36589019	36611874	14	-3.3668
1f87c5c1-b345-4799-8aed-e2009872b5f3	X	36612979	145610150	54650	0.0083
1f87c5c1-b345-4799-8aed-e2009872b5f3	X	145610426	145611405	4	2.689
1f87c5c1-b345-4799-8aed-e2009872b5f3	X	145611785	152571750	4629	-0.0042
1f87c5c1-b345-4799-8aed-e2009872b5f3	X	152574024	153750615	631	0.1261
1f87c5c1-b345-4799-8aed-e2009872b5f3	X	153751437	155952689	781	-0.0054
1f87c5c1-b345-4799-8aed-e2009872b5f3	Y	2782397	56872112	6639	-1.1339
